5 0.228125 0.68203125 0.06328125 0.0359375
5 0.28984375 0.67421875 0.06015625 0.040625
4 0.0265625 0.81640625 0.02109375 0.02890625
4 0.1515625 0.796875 0.015625 0.02890625
2 0.23203125 0.7953125 0.03359375 0.03125
4 0.18359375 0.884375 0.015625 0.02421875
2 0.3515625 0.89375 0.028125 0.02421875
2 0.38125 0.93203125 0.0265625 0.03671875
4 0.4109375 0.7640625 0.015625 0.02578125
2 0.46796875 0.92578125 0.03203125 0.02890625
4 0.49296875 0.78203125 0.00546875 0.02890625
4 0.52578125 0.7734375 0.015625 0.02890625
4 0.503125 0.75078125 0.01015625 0.015625
2 0.57578125 0.81796875 0.02578125 0.03125
3 0.59453125 0.884375 0.03359375 0.05078125
4 0.59296875 0.78828125 0.01171875 0.01953125
0 0.534375 0.6640625 0.01953125 0.028125
4 0.48671875 0.60625 0.0046875 0.01484375
4 0.48515625 0.57265625 0.01171875 0.015625
4 0.47421875 0.10078125 0.009375 0.01796875
4 0.48984375 0.06796875 0.00703125 0.02421875
4 0.53203125 0.03984375 0.00859375 0.015625
2 0.47890625 0.03125 0.01328125 0.03828125
4 0.6890625 0.79140625 0.01328125 0.01171875
4 0.70390625 0.77890625 0.01171875 0.01171875
2 0.69375 0.8265625 0.01796875 0.0265625
0 0.709375 0.8640625 0.01796875 0.01953125
4 0.73046875 0.90546875 0.01484375 0.01328125
0 0.76875 0.8640625 0.0140625 0.01953125
2 0.77109375 0.89765625 0.0265625 0.028125
4 0.778125 0.78125 0.0140625 0.01484375
2 0.81328125 0.825 0.03046875 0.0234375
0 0.81015625 0.86875 0.01640625 0.021875
2 0.87109375 0.81796875 0.025 0.01875
4 0.86953125 0.86328125 0.01484375 0.0140625
4 0.87890625 0.790625 0.01328125 0.01484375
2 0.915625 0.82578125 0.02890625 0.021875
4 0.94140625 0.80078125 0.009375 0.01328125
0 0.965625 0.80234375 0.0203125 0.015625
2 0.9796875 0.83359375 0.02109375 0.01640625
4 0.953125 0.86796875 0.01171875 0.01953125
4 0.97734375 0.875 0.015625 0.015625
0 0.66875 0.68125 0.01484375 0.01640625
4 0.840625 0.72421875 0.01484375 0.021875