2 0.046875 0.959375 0.02109375 0.028125
2 0.0890625 0.8984375 0.0203125 0.02578125
2 0.09609375 0.871875 0.02109375 0.03046875
2 0.16015625 0.821875 0.0234375 0.0390625
2 0.2109375 0.97109375 0.0203125 0.05078125
2 0.23203125 0.946875 0.021875 0.040625
2 0.209375 0.76953125 0.01875 0.0265625
2 0.21796875 0.728125 0.015625 0.02109375
2 0.23046875 0.74296875 0.01796875 0.02578125
2 0.24921875 0.7203125 0.02109375 0.0265625
2 0.25078125 0.696875 0.01640625 0.0265625
2 0.246875 0.6703125 0.01640625 0.03203125
2 0.26953125 0.69140625 0.01484375 0.028125
2 0.265625 0.678125 0.01484375 0.02578125
2 0.28203125 0.67421875 0.01484375 0.0203125
2 0.265625 0.65546875 0.015625 0.03125
2 0.28046875 0.6359375 0.0140625 0.02109375
2 0.29453125 0.61875 0.01640625 0.02578125
2 0.3015625 0.62578125 0.01484375 0.02890625
2 0.31875 0.60546875 0.01484375 0.0265625
2 0.34296875 0.59375 0.0140625 0.02890625
2 0.3546875 0.728125 0.01953125 0.02421875
2 0.37890625 0.7359375 0.01875 0.021875
2 0.35703125 0.75390625 0.021875 0.01640625
2 0.33828125 0.7859375 0.01640625 0.0265625
2 0.29453125 0.7859375 0.021875 0.028125
2 0.325 0.8234375 0.01875 0.02890625
2 0.3296875 0.94765625 0.01875 0.0265625
2 0.375 0.95390625 0.01796875 0.02578125
2 0.409375 0.68046875 0.01640625 0.025
2 0.428125 0.68515625 0.01953125 0.0265625
2 0.4234375 0.72421875 0.01875 0.01875
2 0.48125 0.675 0.01953125 0.03125
2 0.5046875 0.65546875 0.02421875 0.025
2 0.51875 0.671875 0.021875 0.03125
2 0.54140625 0.6234375 0.01875 0.0296875
2 0.54609375 0.715625 0.01796875 0.04453125
2 0.57734375 0.71875 0.0234375 0.02109375
2 0.59296875 0.590625 0.00859375 0.03046875
2 0.62578125 0.55703125 0.01171875 0.05390625
2 0.621875 0.4953125 0.02578125 0.02578125
2 0.3265625 0.3109375 0.0203125 0.0453125
2 0.43046875 0.290625 0.01640625 0.03046875
2 0.43671875 0.275 0.01484375 0.03203125
2 0.4234375 0.2375 0.0140625 0.03046875
2 0.41171875 0.21015625 0.01875 0.028125
2 0.3890625 0.19453125 0.01484375 0.03359375
2 0.3640625 0.14140625 0.015625 0.03359375
2 0.37578125 0.1171875 0.01328125 0.03203125
2 0.365625 0.11875 0.01484375 0.03359375
2 0.3515625 0.11640625 0.0140625 0.03125
2 0.34140625 0.09375 0.01328125 0.02890625
2 0.32578125 0.06953125 0.01484375 0.03203125
2 0.33359375 0.05703125 0.0140625 0.028125
2 0.25078125 0.1265625 0.01484375 0.03203125
2 0.2484375 0.0890625 0.015625 0.02890625
2 0.31796875 0.0234375 0.01484375 0.034375
2 0.3203125 0.00859375 0.015625 0.01640625
2 0.22578125 0.015625 0.01640625 0.028125
2 0.5828125 0.18984375 0.0140625 0.034375
2 0.5546875 0.21640625 0.01171875 0.03203125
2 0.56640625 0.13125 0.0140625 0.03359375
2 0.5546875 0.04609375 0.01171875 0.03203125
2 0.59296875 0.05390625 0.01875 0.02109375
2 0.6421875 0.30625 0.0203125 0.01953125
2 0.684375 0.2953125 0.021875 0.01953125
2 0.69921875 0.3125 0.02109375 0.0265625
2 0.72421875 0.34609375 0.02109375 0.03359375
2 0.7453125 0.30859375 0.01875 0.028125
2 0.82421875 0.33359375 0.0140625 0.03515625
2 0.796875 0.16171875 0.0109375 0.04140625
2 0.8234375 0.13359375 0.0109375 0.040625
2 0.8484375 0.09296875 0.01640625 0.02890625
2 0.928125 0.22109375 0.01640625 0.03046875
2 0.93671875 0.20625 0.01953125 0.034375
2 0.946875 0.2 0.01640625 0.0390625
2 0.865625 0.74140625 0.01171875 0.03828125
2 0.88203125 0.7515625 0.0140625 0.03359375
2 0.90703125 0.76328125 0.01484375 0.03984375
2 0.9421875 0.81328125 0.015625 0.03125
2 0.96171875 0.853125 0.0265625 0.015625
2 0.95625 0.86953125 0.021875 0.02421875
2 0.98203125 0.89765625 0.0203125 0.0234375
2 0.78359375 0.80859375 0.01953125 0.03359375
2 0.7515625 0.79609375 0.0203125 0.02890625
2 0.74609375 0.75078125 0.02109375 0.03359375
2 0.7328125 0.75703125 0.01796875 0.034375
2 0.70703125 0.75390625 0.021875 0.03828125
2 0.69453125 0.72890625 0.02578125 0.0234375
2 0.64921875 0.73671875 0.025 0.028125
4 0.08671875 0.9296875 0.009375 0.01640625
4 0.05390625 0.853125 0.00859375 0.01015625
4 0.05546875 0.86171875 0.00703125 0.0109375
4 0.05703125 0.86953125 0.00859375 0.009375
4 0.06171875 0.87578125 0.00703125 0.0140625
4 0.1171875 0.8890625 0.01015625 0.0109375
4 0.11796875 0.8734375 0.01015625 0.015625
4 0.08203125 0.8484375 0.00625 0.01484375
4 0.0859375 0.84375 0.00546875 0.015625
4 0.090625 0.84140625 0.0046875 0.01484375
4 0.09453125 0.83671875 0.00625 0.01484375
4 0.10859375 0.82578125 0.00703125 0.01171875
4 0.1140625 0.81875 0.00703125 0.0140625
4 0.1171875 0.81328125 0.00859375 0.0140625
4 0.1171875 0.84921875 0.01015625 0.0140625
4 0.1921875 0.79375 0.00703125 0.0203125
4 0.20078125 0.7390625 0.01015625 0.0140625
4 0.20859375 0.74453125 0.0109375 0.01875
4 0.20859375 0.7859375 0.00859375 0.0140625
4 0.23671875 0.70546875 0.00625 0.0140625
4 0.24921875 0.68046875 0.00859375 0.0140625
4 0.2609375 0.69609375 0.00859375 0.01484375
4 0.27265625 0.6578125 0.00859375 0.01796875
4 0.28125 0.64921875 0.00859375 0.01484375
4 0.3078125 0.60625 0.00625 0.01015625
4 0.315625 0.596875 0.00703125 0.009375
4 0.32890625 0.584375 0.00625 0.01015625
4 0.33046875 0.5921875 0.00625 0.00546875
4 0.34453125 0.60078125 0.00703125 0.009375
4 0.33671875 0.58828125 0.00859375 0.009375
4 0.3359375 0.57890625 0.00703125 0.00859375
4 0.328125 0.56875 0.0046875 0.01171875
4 0.33359375 0.56484375 0.00546875 0.0109375
4 0.3265625 0.2328125 0.00703125 0.0140625
4 0.27421875 0.128125 0.00859375 0.015625
4 0.31875 0.040625 0.009375 0.01796875
4 0.32890625 0.03359375 0.00703125 0.01640625
4 0.346875 0.0609375 0.01015625 0.01171875
4 0.35859375 0.04453125 0.00703125 0.01484375
4 0.353125 0.103125 0.00546875 0.0140625
4 0.36875 0.07578125 0.00703125 0.01171875
4 0.365625 0.10625 0.00625 0.01640625
4 0.39609375 0.1234375 0.009375 0.01015625
4 0.39921875 0.13203125 0.00859375 0.009375
4 0.4046875 0.1375 0.00859375 0.00859375
4 0.4078125 0.153125 0.00546875 0.009375
4 0.41328125 0.1671875 0.00546875 0.01171875
4 0.41640625 0.171875 0.0046875 0.015625
4 0.43671875 0.18125 0.00859375 0.01328125
4 0.434375 0.20390625 0.01015625 0.01875
4 0.4203125 0.21640625 0.00625 0.015625
4 0.415625 0.24765625 0.00703125 0.0140625
4 0.42734375 0.22890625 0.00546875 0.01484375
4 0.4328125 0.24140625 0.00390625 0.01484375
4 0.4390625 0.2515625 0.00546875 0.01640625
4 0.44375 0.26171875 0.00703125 0.015625
4 0.4453125 0.278125 0.00546875 0.01328125
4 0.45 0.27421875 0.009375 0.01796875
4 0.57421875 0.2953125 0.00703125 0.01640625
4 0.565625 0.18046875 0.009375 0.01484375
4 0.75 0.2140625 0.00546875 0.01328125
4 0.76171875 0.1984375 0.00703125 0.01015625
4 0.8125 0.15078125 0.01328125 0.00859375
4 0.89453125 0.15859375 0.01328125 0.01328125
4 0.64296875 0.45078125 0.01328125 0.01875
4 0.68515625 0.4984375 0.00703125 0.01796875
4 0.653125 0.52890625 0.009375 0.01796875
4 0.81796875 0.70703125 0.0046875 0.01171875
4 0.82109375 0.70859375 0.00390625 0.015625
4 0.82421875 0.71328125 0.00546875 0.01953125
4 0.834375 0.72109375 0.0046875 0.01875
4 0.84140625 0.73125 0.00703125 0.01171875
4 0.8453125 0.73046875 0.00546875 0.01640625
4 0.85078125 0.734375 0.003125 0.01484375
4 0.8546875 0.7421875 0.0046875 0.01640625
4 0.91171875 0.784375 0.00703125 0.01875
4 0.92421875 0.80703125 0.009375 0.02109375
4 0.97421875 0.853125 0.009375 0.00703125
4 0.98125 0.83828125 0.009375 0.009375
4 0.98671875 0.88359375 0.01171875 0.01171875
4 0.98359375 0.8640625 0.00625 0.01875
4 0.9171875 0.97109375 0.0109375 0.01796875
4 0.90625 0.946875 0.01171875 0.01640625
4 0.81875 0.87578125 0.01015625 0.01328125
4 0.81015625 0.85390625 0.01171875 0.015625
4 0.68671875 0.70078125 0.01015625 0.01171875
4 0.68125 0.721875 0.01015625 0.0109375
4 0.678125 0.7328125 0.01171875 0.01953125
4 0.49453125 0.72109375 0.0140625 0.01328125
4 0.47265625 0.74921875 0.01171875 0.021875
4 0.478125 0.7859375 0.01015625 0.01640625
4 0.35 0.959375 0.00859375 0.015625
4 0.21171875 0.9390625 0.0109375 0.01015625
4 0.22578125 0.91015625 0.0140625 0.01640625
4 0.30078125 0.8515625 0.00859375 0.01640625
4 0.32578125 0.7625 0.01015625 0.01328125
4 0.36171875 0.76796875 0.009375 0.009375
4 0.3640625 0.75859375 0.00859375 0.01015625
4 0.3640625 0.79453125 0.00703125 0.01015625
4 0.37421875 0.77421875 0.01015625 0.0109375
4 0.38203125 0.75625 0.009375 0.0109375
4 0.390625 0.76171875 0.01015625 0.009375
4 0.3984375 0.77578125 0.00546875 0.00703125
4 0.39453125 0.73828125 0.009375 0.015625
4 0.45546875 0.66171875 0.01015625 0.01953125
4 0.471875 0.63515625 0.01015625 0.01328125
4 0.51484375 0.62109375 0.0109375 0.00703125
4 0.45703125 0.58828125 0.01171875 0.01796875
0 0.178125 0.81015625 0.021875 0.02109375
0 0.2265625 0.7046875 0.01328125 0.01796875
0 0.23671875 0.6953125 0.01328125 0.01953125
0 0.2578125 0.67421875 0.01328125 0.01796875
0 0.2890625 0.6421875 0.01171875 0.021875
0 0.40390625 0.7125 0.0140625 0.0203125
0 0.3453125 0.071875 0.01015625 0.01953125
0 0.3765625 0.16796875 0.0109375 0.025
0 0.39921875 0.19140625 0.009375 0.02421875
0 0.434375 0.25390625 0.00859375 0.01796875
0 0.421875 0.26171875 0.01171875 0.02890625
0 0.603125 0.28046875 0.01171875 0.03125
0 0.696875 0.27734375 0.0140625 0.02109375
0 0.7109375 0.2640625 0.01484375 0.0203125
0 0.9609375 0.0921875 0.0203125 0.01875
0 0.75703125 0.64296875 0.0140625 0.021875
0 0.8734375 0.75859375 0.01328125 0.01875
0 0.896875 0.76328125 0.01171875 0.0203125
0 0.690625 0.71171875 0.01640625 0.01875
3 0.353125 0.08984375 0.0140625 0.0234375
3 0.3390625 0.03515625 0.0234375 0.0453125
3 0.40390625 0.21953125 0.02109375 0.04140625
3 0.828125 0.91015625 0.01875 0.03046875
3 0.221875 0.73984375 0.01875 0.0265625
1 0.31171875 0.63125 0.04921875 0.06953125
1 0.14296875 0.89921875 0.046875 0.06875
1 0.31015625 0.8125 0.034375 0.06015625
1 0.32890625 0.7140625 0.0390625 0.03828125
1 0.38828125 0.1515625 0.03515625 0.059375