2 0.03828125 0.5453125 0.01484375 0.03671875
2 0.2140625 0.390625 0.01171875 0.04453125
2 0.2234375 0.48046875 0.0109375 0.04140625
2 0.221875 0.51640625 0.009375 0.03046875
2 0.05390625 0.63359375 0.02421875 0.01796875
2 0.03046875 0.659375 0.01875 0.03671875
2 0.4609375 0.484375 0.01796875 0.03359375
2 0.45390625 0.51796875 0.01171875 0.03359375
2 0.46640625 0.53203125 0.0046875 0.03671875
2 0.4609375 0.56328125 0.00859375 0.03359375
2 0.4515625 0.55078125 0.01015625 0.03203125
2 0.4203125 0.515625 0.0140625 0.03125
2 0.4203125 0.47109375 0.015625 0.03984375
2 0.44453125 0.60625 0.01015625 0.03359375
2 0.45546875 0.60859375 0.01328125 0.03515625
2 0.4546875 0.66953125 0.01171875 0.0359375
2 0.44375 0.71171875 0.0109375 0.05078125
2 0.44296875 0.78671875 0.0140625 0.03125
2 0.396875 0.7734375 0.01328125 0.0359375
2 0.196875 0.72109375 0.01640625 0.01875
2 0.38828125 0.84609375 0.0140625 0.02578125
2 0.3921875 0.86484375 0.01640625 0.01875
2 0.38984375 0.88125 0.01796875 0.0265625
2 0.38671875 0.94609375 0.0109375 0.02421875
2 0.51953125 0.9296875 0.0109375 0.03984375
2 0.53046875 0.853125 0.0109375 0.04140625
2 0.540625 0.771875 0.01015625 0.0234375
2 0.53125 0.74453125 0.009375 0.03125
2 0.54296875 0.73828125 0.01484375 0.02578125
2 0.55234375 0.4625 0.01796875 0.021875
2 0.528125 0.4578125 0.02109375 0.021875
2 0.53359375 0.41484375 0.015625 0.02890625
2 0.5421875 0.39375 0.0140625 0.04140625
2 0.52109375 0.3953125 0.0140625 0.02890625
2 0.52890625 0.3578125 0.01875 0.02109375
2 0.465625 0.3953125 0.01875 0.02421875
2 0.43203125 0.4078125 0.01015625 0.03828125
2 0.56328125 0.97109375 0.015625 0.01875
2 0.56328125 0.9875 0.01875 0.0140625
2 0.8140625 0.890625 0.01015625 0.0359375
2 0.83828125 0.90703125 0.01171875 0.04375
2 0.8484375 0.90546875 0.01328125 0.04296875
2 0.8046875 0.9484375 0.0203125 0.0265625
2 0.80234375 0.96953125 0.01875 0.01796875
2 0.7984375 0.9875 0.015625 0.01875
2 0.8296875 0.5234375 0.0203125 0.02421875
2 0.89609375 0.528125 0.02578125 0.02421875
2 0.68828125 0.5453125 0.01015625 0.04375
2 0.68828125 0.51796875 0.01484375 0.021875
2 0.67421875 0.5109375 0.01796875 0.0296875
2 0.971875 0.3796875 0.02109375 0.0234375
2 0.928125 0.37265625 0.028125 0.025
2 0.91796875 0.334375 0.01640625 0.025
2 0.83046875 0.27109375 0.01015625 0.03125
2 0.80703125 0.30703125 0.0234375 0.02421875
2 0.76328125 0.315625 0.01640625 0.02421875
2 0.80703125 0.22265625 0.0109375 0.02890625
2 0.7109375 0.284375 0.0109375 0.03671875
2 0.61796875 0.0109375 0.015625 0.01875
2 0.61796875 0.0265625 0.0203125 0.0234375
2 0.61328125 0.05390625 0.0203125 0.021875
2 0.58515625 0.053125 0.0203125 0.01875
2 0.5796875 0.09921875 0.01640625 0.02578125
2 0.56953125 0.115625 0.01875 0.0234375
2 0.565625 0.1296875 0.015625 0.0203125
2 0.56640625 0.1484375 0.01875 0.01953125
2 0.55859375 0.16484375 0.0203125 0.01953125
2 0.56875 0.1875 0.01796875 0.02578125
2 0.565625 0.20546875 0.01875 0.0203125
3 0.57890625 0.2609375 0.01875 0.04296875
2 0.534375 0.16015625 0.01171875 0.0359375
2 0.52578125 0.2203125 0.01015625 0.0453125
2 0.5265625 0.26640625 0.00859375 0.0359375
2 0.52578125 0.30703125 0.00859375 0.03046875
2 0.459375 0.19140625 0.01328125 0.05625
2 0.43203125 0.1828125 0.01875 0.0234375
2 0.415625 0.18046875 0.01015625 0.03203125
2 0.4078125 0.16875 0.009375 0.040625
2 0.36171875 0.05625 0.009375 0.03828125
2 0.3375 0.1015625 0.01875 0.028125
2 0.3375 0.05078125 0.01484375 0.040625
2 0.30859375 0.09921875 0.01796875 0.01796875
2 0.2953125 0.09296875 0.01796875 0.01953125
2 0.22890625 0.0734375 0.0265625 0.0234375
2 0.1921875 0.06328125 0.01484375 0.01953125
2 0.20703125 0.06171875 0.02421875 0.01953125
2 0.23203125 0.2515625 0.01171875 0.04921875
2 0.21640625 0.3 0.009375 0.03203125
0 0.55234375 0.04375 0.0109375 0.02890625
0 0.57265625 0.03203125 0.0109375 0.02421875
0 0.5515625 0.1265625 0.01015625 0.028125
0 0.5265625 0.1390625 0.00859375 0.02578125
0 0.51640625 0.215625 0.01015625 0.02421875
0 0.63359375 0.3265625 0.0203125 0.025
0 0.69140625 0.31484375 0.01796875 0.0234375
0 0.76953125 0.26953125 0.00859375 0.028125
0 0.86953125 0.1859375 0.01328125 0.0265625
0 0.83828125 0.29140625 0.01171875 0.0265625
0 0.7234375 0.51640625 0.0140625 0.021875
0 0.56875 0.50703125 0.01171875 0.01875
0 0.52890625 0.50390625 0.01328125 0.0140625
0 0.53984375 0.53125 0.00859375 0.028125
0 0.5375 0.65 0.00859375 0.01953125
0 0.521875 0.67578125 0.01171875 0.0265625
0 0.51953125 0.70859375 0.0109375 0.03125
0 0.53203125 0.79140625 0.00859375 0.021875
0 0.540625 0.81328125 0.00859375 0.021875
0 0.54140625 0.8375 0.00703125 0.01953125
0 0.54140625 0.859375 0.00859375 0.02421875
0 0.54296875 0.88203125 0.01015625 0.0234375
0 0.540625 0.90703125 0.01015625 0.028125
0 0.53828125 0.9609375 0.00859375 0.028125
0 0.528125 0.96015625 0.00859375 0.02421875
0 0.528125 0.98359375 0.00859375 0.0265625
0 0.540625 0.3546875 0.01640625 0.02890625
0 0.4125 0.5921875 0.009375 0.0265625
0 0.396875 0.60546875 0.01171875 0.009375
0 0.39296875 0.70390625 0.0140625 0.01875
0 0.28828125 0.70390625 0.01796875 0.0203125
0 0.15859375 0.69140625 0.01484375 0.01875
2 0.61328125 0.51796875 0.01796875 0.01875
4 0.0609375 0.653125 0.0140625 0.02421875
4 0.03125 0.68984375 0.01171875 0.009375
4 0.078125 0.6640625 0.01328125 0.01953125
4 0.103125 0.6578125 0.0109375 0.01796875
4 0.12890625 0.66171875 0.01015625 0.01171875
4 0.14921875 0.66953125 0.0109375 0.01796875
4 0.1421875 0.6828125 0.01015625 0.01171875
4 0.096875 0.6859375 0.01015625 0.01015625
4 0.0859375 0.68046875 0.0109375 0.00859375
4 0.06640625 0.6921875 0.009375 0.01640625
4 0.07265625 0.70078125 0.0109375 0.01328125
4 0.184375 0.68046875 0.01484375 0.01875
4 0.228125 0.67265625 0.01015625 0.009375
0 0.2234375 0.684375 0.015625 0.01484375
0 0.240625 0.696875 0.01484375 0.01484375
4 0.25390625 0.67109375 0.01328125 0.01171875
4 0.2796875 0.67109375 0.009375 0.00859375
4 0.328125 0.67890625 0.0140625 0.01953125
4 0.38671875 0.63359375 0.01328125 0.01796875
4 0.39453125 0.6203125 0.009375 0.0140625
4 0.40859375 0.61796875 0.009375 0.01171875
4 0.409375 0.6296875 0.009375 0.01640625
4 0.421875 0.6015625 0.00703125 0.01484375
4 0.4328125 0.59296875 0.01171875 0.02421875
4 0.45390625 0.5828125 0.01328125 0.02421875
4 0.44296875 0.50546875 0.009375 0.01796875
4 0.44921875 0.48125 0.00703125 0.02109375
4 0.44609375 0.46015625 0.009375 0.02421875
4 0.45390625 0.43203125 0.0109375 0.02109375
4 0.45078125 0.415625 0.009375 0.02109375
4 0.44453125 0.40234375 0.009375 0.02421875
4 0.45078125 0.38125 0.00859375 0.02421875
4 0.446875 0.35625 0.00625 0.0265625
4 0.45859375 0.63203125 0.01171875 0.01796875
4 0.46328125 0.64375 0.01015625 0.0265625
4 0.51875 0.653125 0.00859375 0.02421875
4 0.525 0.64609375 0.00703125 0.0265625
4 0.53125 0.61875 0.00859375 0.01953125
4 0.52578125 0.6046875 0.00859375 0.01796875
4 0.5265625 0.58359375 0.00703125 0.01875
4 0.52890625 0.55625 0.00703125 0.01484375
4 0.5375 0.56015625 0.00703125 0.01875
4 0.53125 0.52421875 0.01171875 0.0234375
4 0.54765625 0.49296875 0.015625 0.01875
4 0.5484375 0.51171875 0.0140625 0.01640625
4 0.5515625 0.53359375 0.01328125 0.01640625
4 0.55390625 0.54765625 0.00859375 0.009375
4 0.50859375 0.7546875 0.01328125 0.01875
4 0.51875 0.765625 0.00859375 0.0203125
4 0.5296875 0.76796875 0.00703125 0.021875
0 0.53046875 0.8171875 0.01171875 0.0234375
0 0.521875 0.81640625 0.0109375 0.021875
0 0.5125 0.82109375 0.00859375 0.03046875
4 0.440625 0.8609375 0.01171875 0.03125
4 0.42890625 0.94609375 0.01015625 0.03359375
4 0.50390625 0.93671875 0.009375 0.01640625
4 0.509375 0.9515625 0.00859375 0.02421875
4 0.5171875 0.990625 0.0140625 0.01875
4 0.515625 0.56953125 0.00859375 0.021875
4 0.37578125 0.69921875 0.0109375 0.01875
4 0.89921875 0.34140625 0.01171875 0.01640625
4 0.9421875 0.4953125 0.01015625 0.0203125
4 0.98046875 0.51328125 0.00859375 0.02421875
4 0.73359375 0.3578125 0.0140625 0.0234375
4 0.7015625 0.35859375 0.01640625 0.01796875
4 0.590625 0.334375 0.01875 0.028125
4 0.54296875 0.27734375 0.00859375 0.03359375
4 0.534375 0.27578125 0.00859375 0.01796875
4 0.5359375 0.2375 0.00859375 0.028125
4 0.53046875 0.21640625 0.00859375 0.0234375
4 0.55078125 0.37578125 0.00859375 0.021875
4 0.55078125 0.39296875 0.00703125 0.01640625
4 0.55078125 0.4078125 0.009375 0.01796875
4 0.5484375 0.425 0.009375 0.02109375
4 0.5515625 0.4390625 0.01171875 0.02890625
4 0.60234375 0.48125 0.01015625 0.01875
4 0.65546875 0.49296875 0.00859375 0.01484375
4 0.696875 0.48359375 0.01171875 0.02578125
4 0.6859375 0.4984375 0.00859375 0.01953125
4 0.7421875 0.48828125 0.01328125 0.01953125
4 0.78359375 0.48203125 0.01328125 0.01484375
4 0.85234375 0.52265625 0.00625 0.01796875
4 0.540625 0.109375 0.00859375 0.01953125
4 0.521875 0.0921875 0.00859375 0.0265625
4 0.51953125 0.0234375 0.01171875 0.03203125
4 0.534375 0.01875 0.0140625 0.03203125
4 0.51875 0.11484375 0.00703125 0.0234375
4 0.5203125 0.153125 0.00546875 0.0203125
4 0.52734375 0.18515625 0.01015625 0.01875
4 0.53359375 0.20859375 0.01171875 0.01875
4 0.4625 0.27421875 0.00703125 0.025
4 0.44921875 0.3234375 0.00859375 0.01953125
4 0.4390625 0.234375 0.00625 0.021875
4 0.43671875 0.2796875 0.00703125 0.01953125
3 0.43828125 0.3234375 0.009375 0.028125
2 0.09453125 0.03125 0.0203125 0.028125
2 0.046875 0.08359375 0.015625 0.04453125
2 0.0453125 0.12421875 0.01328125 0.0359375
2 0.0453125 0.215625 0.01015625 0.03203125