0 0.08046875 0.7609375 0.02109375 0.0234375
3 0.42109375 0.71875 0.034375 0.04921875
6 0.5296875 0.82109375 0.040625 0.07421875
2 0.1359375 0.8390625 0.03203125 0.03671875
2 0.04453125 0.9 0.028125 0.028125
4 0.30703125 0.8734375 0.01640625 0.02109375
4 0.03203125 0.8484375 0.01796875 0.02578125
4 0.178125 0.7640625 0.01640625 0.0265625
4 0.465625 0.78359375 0.0109375 0.03125
4 0.43828125 0.659375 0.01171875 0.02578125
4 0.52578125 0.6203125 0.00859375 0.03671875
4 0.50859375 0.51171875 0.0109375 0.0265625
4 0.56015625 0.71171875 0.01171875 0.028125
4 0.3984375 0.8453125 0.0109375 0.02109375
4 0.3875 0.83125 0.01171875 0.02578125
2 0.6140625 0.75390625 0.02890625 0.03515625
2 0.60546875 0.85625 0.02890625 0.028125
2 0.8140625 0.8109375 0.02578125 0.028125
2 0.86328125 0.77890625 0.025 0.03046875
3 0.9078125 0.81953125 0.02578125 0.02578125
4 0.6859375 0.76796875 0.01484375 0.01796875
4 0.71484375 0.8515625 0.01171875 0.0203125
4 0.68125 0.89609375 0.01015625 0.0203125
4 0.659375 0.91328125 0.015625 0.01796875
4 0.64609375 0.884375 0.01171875 0.0140625
4 0.62421875 0.88671875 0.01796875 0.01796875
4 0.790625 0.7609375 0.01875 0.021875
4 0.91640625 0.85859375 0.01484375 0.01640625
4 0.91953125 0.9015625 0.01953125 0.01796875
4 0.990625 0.8609375 0.01640625 0.0234375
2 0.51875 0.4296875 0.0140625 0.05546875
4 0.4734375 0.3796875 0.0109375 0.02890625
2 0.51875 0.1546875 0.01640625 0.0546875