2 0.34296875 0.28828125 0.01640625 0.01328125
2 0.39375 0.21796875 0.0140625 0.01015625
2 0.40390625 0.25390625 0.01015625 0.01640625
2 0.50859375 0.32890625 0.00546875 0.02578125
2 0.51953125 0.328125 0.00546875 0.0265625
2 0.559375 0.31875 0.00625 0.025
2 0.56875 0.3203125 0.00625 0.025
4 0.5859375 0.303125 0.003125 0.01171875
4 0.58125 0.30703125 0.0015625 0.01171875
4 0.5765625 0.296875 0.0015625 0.00859375
4 0.5734375 0.29453125 0.0015625 0.00859375
4 0.5703125 0.29921875 0.003125 0.0140625
4 0.56953125 0.28359375 0.003125 0.01171875
4 0.58359375 0.24296875 0.003125 0.01171875
4 0.5828125 0.23125 0.0015625 0.00859375
4 0.58046875 0.24296875 0.0015625 0.0109375
4 0.578125 0.2328125 0.00078125 0.00859375
4 0.575 0.23203125 0.003125 0.01015625
4 0.57578125 0.24453125 0.0015625 0.0109375
4 0.56953125 0.24140625 0.003125 0.01328125
4 0.56640625 0.240625 0.003125 0.01484375
4 0.54765625 0.23046875 0.0015625 0.01171875
4 0.53515625 0.23046875 0.003125 0.00703125
4 0.54921875 0.28046875 0.003125 0.01171875
4 0.5484375 0.29375 0.003125 0.0140625
4 0.54453125 0.29375 0.003125 0.01328125
4 0.53984375 0.29609375 0.003125 0.01171875
4 0.52734375 0.28046875 0.003125 0.01484375
4 0.53046875 0.2796875 0.003125 0.01171875
4 0.51953125 0.27890625 0.003125 0.0140625
4 0.41171875 0.2703125 0.003125 0.01015625
4 0.415625 0.2703125 0.0015625 0.0109375
4 0.4359375 0.20546875 0.0046875 0.01015625
5 0.6625 0.38671875 0.0390625 0.01953125
5 0.71875 0.38671875 0.04296875 0.015625
4 0.70625 0.403125 0.00546875 0.00625
4 0.684375 0.4515625 0.00625 0.00625
4 0.7671875 0.42890625 0.00703125 0.00859375
2 0.7328125 0.446875 0.015625 0.01484375
2 0.9546875 0.45703125 0.01328125 0.01171875
6 0.821875 0.43046875 0.03203125 0.0265625
4 0.96875 0.24375 0.00546875 0.01015625
4 0.996875 0.3953125 0.00625 0.00859375
3 0.9953125 0.29765625 0.009375 0.0265625
6 0.046875 0.5546875 0.03125 0.01875
5 0.109375 0.55546875 0.0515625 0.015625
2 0.1015625 0.48359375 0.0140625 0.0109375
2 0.165625 0.53046875 0.01484375 0.01171875
2 0.20625 0.53125 0.0140625 0.01171875
6 0.18828125 0.56875 0.03984375 0.01484375
3 0.3265625 0.53203125 0.01640625 0.01171875
6 0.4359375 0.4890625 0.03125 0.015625
6 0.46484375 0.465625 0.021875 0.01484375
3 0.51484375 0.546875 0.01640625 0.01171875
3 0.48359375 0.59140625 0.0140625 0.01015625
4 0.525 0.5625 0.00546875 0.00703125
2 0.5734375 0.54375 0.0140625 0.01171875
2 0.60078125 0.56796875 0.0140625 0.009375
0 0.61953125 0.453125 0.01171875 0.0109375
6 0.66484375 0.5234375 0.0296875 0.015625
6 0.721875 0.60703125 0.02578125 0.01640625
2 0.734375 0.53125 0.01328125 0.01171875
3 0.75 0.60234375 0.01875 0.01328125
0 0.79453125 0.60703125 0.0109375 0.0109375
0 0.81953125 0.60546875 0.01015625 0.00859375
5 0.8921875 0.5890625 0.034375 0.01953125
5 0.96484375 0.565625 0.0703125 0.01875
6 0.934375 0.54296875 0.03046875 0.015625
6 0.88359375 0.64140625 0.03671875 0.01640625
2 0.9359375 0.8 0.01015625 0.0109375
2 0.9359375 0.815625 0.0109375 0.01015625
2 0.94453125 0.9078125 0.00703125 0.021875
2 0.9515625 0.90078125 0.00546875 0.0203125
2 0.97109375 0.9234375 0.00703125 0.021875
2 0.97578125 0.8640625 0.01015625 0.01796875
2 0.9984375 0.91484375 0.003125 0.02109375
2 0.9859375 0.815625 0.01171875 0.0203125
2 0.71875 0.65546875 0.00546875 0.01953125
2 0.68046875 0.64921875 0.00703125 0.0203125
2 0.67890625 0.67265625 0.00703125 0.02578125
2 0.6671875 0.63515625 0.00703125 0.02109375
0 0.821875 0.65 0.01015625 0.00859375
0 0.75625 0.67109375 0.015625 0.01171875
3 0.6828125 0.62578125 0.00703125 0.02421875
3 0.71640625 0.8984375 0.00703125 0.02890625
3 0.75625 0.85625 0.01875 0.01328125
4 0.846875 0.7234375 0.0046875 0.00859375
4 0.84296875 0.8015625 0.0046875 0.01171875
2 0.5765625 0.62578125 0.01015625 0.00859375
5 0.28046875 0.6359375 0.02890625 0.015625
5 0.14609375 0.64296875 0.03515625 0.015625
5 0.12109375 0.6765625 0.03515625 0.0203125
4 0.07421875 0.61640625 0.00703125 0.00859375
4 0.10078125 0.62109375 0.00703125 0.00859375
5 0.034375 0.74609375 0.0109375 0.04921875
5 0.065625 0.73203125 0.01484375 0.0484375
5 0.03125 0.93203125 0.01171875 0.0453125
2 0.00390625 0.828125 0.00703125 0.01953125