4 0.009375 0.54921875 0.01484375 0.01796875
4 0.04140625 0.55703125 0.0203125 0.03203125
4 0.059375 0.54453125 0.021875 0.0296875
4 0.11328125 0.52578125 0.01875 0.01796875
2 0.115625 0.55625 0.0265625 0.03046875
0 0.13828125 0.5359375 0.02890625 0.03125
4 0.16640625 0.54140625 0.01875 0.02578125
4 0.1984375 0.534375 0.01328125 0.01640625
2 0.2046875 0.5609375 0.028125 0.02890625
2 0.23671875 0.54453125 0.01796875 0.02890625
0 0.24609375 0.4359375 0.02421875 0.02109375
4 0.26953125 0.5265625 0.01875 0.0203125
4 0.27421875 0.5515625 0.01171875 0.02578125
4 0.2984375 0.55078125 0.01484375 0.0265625
4 0.31015625 0.56484375 0.01875 0.02890625
4 0.3078125 0.53125 0.01484375 0.009375
4 0.32734375 0.52578125 0.01484375 0.01640625
4 0.3515625 0.54296875 0.015625 0.015625
4 0.32109375 0.5484375 0.01484375 0.01875
4 0.36953125 0.56171875 0.01640625 0.02578125
4 0.2859375 0.42890625 0.01953125 0.01875
4 0.3484375 0.43359375 0.01953125 0.02421875
4 0.38203125 0.528125 0.01875 0.02890625
4 0.41328125 0.55703125 0.01875 0.01953125
2 0.41796875 0.5265625 0.0359375 0.0296875
4 0.4125 0.42578125 0.02421875 0.01484375
0 0.41796875 0.440625 0.01875 0.02109375
2 0.4296875 0.465625 0.03203125 0.02890625
2 0.46640625 0.52109375 0.03828125 0.03515625
4 0.43359375 0.5453125 0.01484375 0.0203125
4 0.45625 0.56328125 0.01875 0.01484375
4 0.53203125 0.54375 0.01171875 0.01484375
4 0.56015625 0.56015625 0.0140625 0.01953125
4 0.57734375 0.55390625 0.01171875 0.015625
0 0.5984375 0.54140625 0.01875 0.02109375
4 0.609375 0.56171875 0.01171875 0.0109375
4 0.603125 0.5234375 0.01484375 0.01484375
4 0.5546875 0.41953125 0.01484375 0.01484375
0 0.61015625 0.42890625 0.0234375 0.03359375
0 0.63203125 0.5453125 0.015625 0.0203125
0 0.66328125 0.5609375 0.01328125 0.015625
0 0.659375 0.5265625 0.0109375 0.0140625
4 0.6703125 0.51953125 0.0140625 0.01328125
4 0.6765625 0.43671875 0.01484375 0.01484375
4 0.70703125 0.53359375 0.01640625 0.01328125
4 0.70625 0.55546875 0.01875 0.01484375
4 0.73203125 0.5375 0.01328125 0.01015625
4 0.74296875 0.44296875 0.0140625 0.0234375
4 0.7640625 0.453125 0.01640625 0.02421875
4 0.76875 0.56171875 0.01640625 0.02578125
6 0.78984375 0.52578125 0.03125 0.025
4 0.80078125 0.41640625 0.01875 0.02109375
4 0.81796875 0.453125 0.01640625 0.0203125
4 0.8609375 0.54296875 0.025 0.01875
4 0.86640625 0.559375 0.01796875 0.01953125
0 0.8515625 0.44140625 0.02578125 0.02890625
4 0.92578125 0.53671875 0.0203125 0.01875
4 0.93125 0.55390625 0.02421875 0.028125
6 0.91953125 0.4265625 0.03515625 0.046875
6 0.12109375 0.42109375 0.0046875 0.0046875
4 0.12890625 0.42109375 0.01640625 0.02109375
0 0.009375 0.4390625 0.01875 0.04375