4 0.9515625 0.37421875 0.0109375 0.009375
4 0.84765625 0.40703125 0.01171875 0.009375
4 0.82578125 0.4359375 0.01171875 0.009375
4 0.78828125 0.40546875 0.01171875 0.009375
4 0.74453125 0.50390625 0.01171875 0.0109375
4 0.64921875 0.4515625 0.0109375 0.009375
4 0.6015625 0.39609375 0.01171875 0.01015625
4 0.6015625 0.4296875 0.01015625 0.01171875
4 0.39921875 0.39296875 0.0140625 0.009375
4 0.38828125 0.440625 0.0109375 0.0109375
4 0.3265625 0.55859375 0.0109375 0.01015625
4 0.27109375 0.41484375 0.0109375 0.0109375
4 0.25625 0.36796875 0.009375 0.009375
4 0.18125 0.41328125 0.0109375 0.00859375
4 0.12109375 0.41484375 0.0109375 0.01171875
4 0.0890625 0.43046875 0.01328125 0.01015625
4 0.06484375 0.40703125 0.01171875 0.01015625
4 0.025 0.56171875 0.0109375 0.009375
4 0.03046875 0.5703125 0.01015625 0.00546875
4 0.0375 0.58046875 0.0109375 0.00859375
4 0.02578125 0.609375 0.01328125 0.01796875
4 0.0171875 0.0109375 0.01015625 0.01796875
4 0.0078125 0.00703125 0.00625 0.0140625
2 0.0109375 0.04609375 0.01796875 0.0484375
2 0.15 0.2640625 0.021875 0.0359375
2 0.04140625 0.47734375 0.028125 0.0203125
2 0.0921875 0.45 0.0265625 0.01953125
2 0.14375 0.45625 0.02890625 0.021875
2 0.21015625 0.47421875 0.0234375 0.01640625
2 0.03359375 0.534375 0.0265625 0.0203125
2 0.06015625 0.534375 0.02109375 0.0203125
2 0.05234375 0.55546875 0.02421875 0.015625
2 0.09296875 0.55 0.021875 0.01796875
2 0.25390625 0.44921875 0.021875 0.0203125
2 0.3125 0.45859375 0.025 0.021875
2 0.36796875 0.46640625 0.02421875 0.021875
2 0.38359375 0.42109375 0.02421875 0.01953125
2 0.453125 0.45703125 0.0234375 0.01953125
2 0.49140625 0.43046875 0.0234375 0.02421875
2 0.49609375 0.36796875 0.0234375 0.0203125
2 0.57109375 0.44921875 0.0265625 0.0203125
2 0.7484375 0.43203125 0.0234375 0.0203125
2 0.7796875 0.5390625 0.028125 0.021875
2 0.871875 0.471875 0.02578125 0.02109375
2 0.896875 0.33984375 0.0265625 0.01953125
2 0.98125 0.33515625 0.02421875 0.01953125
2 0.76640625 0.16875 0.02109375 0.01953125
2 0.77578125 0.25234375 0.02578125 0.01640625
0 0.0078125 0.58046875 0.01484375 0.01171875
0 0.19140625 0.37578125 0.01953125 0.01484375
0 0.2265625 0.56640625 0.01796875 0.0140625
0 0.315625 0.4265625 0.01484375 0.02109375
0 0.3953125 0.53046875 0.01484375 0.015625
6 0.06640625 0.3296875 0.0265625 0.06796875
6 0.3015625 0.58046875 0.040625 0.03125
0 0.2 0.434375 0.021875 0.015625