2 0.09140625 0.46171875 0.02578125 0.0265625
2 0.14921875 0.46171875 0.02421875 0.0265625
2 0.13125 0.53671875 0.0265625 0.025
4 0.0359375 0.45625 0.0140625 0.01640625
4 0.0359375 0.5390625 0.01328125 0.01796875
4 0.05703125 0.5328125 0.01171875 0.01796875
4 0.04609375 0.56640625 0.01796875 0.01171875
4 0.0171875 0.56875 0.0109375 0.0109375
4 0.08125 0.4328125 0.01328125 0.01640625
4 0.1203125 0.43203125 0.0140625 0.009375
4 0.1234375 0.44296875 0.015625 0.01171875
4 0.1484375 0.43671875 0.015625 0.01171875
4 0.16875 0.4359375 0.0140625 0.0140625
4 0.1859375 0.43125 0.015625 0.0109375
4 0.2125 0.43671875 0.0140625 0.0140625
4 0.22578125 0.42578125 0.0109375 0.009375
4 0.23671875 0.4390625 0.01015625 0.01015625
4 0.0921875 0.57109375 0.0109375 0.02109375
4 0.0921875 0.54609375 0.01171875 0.01015625
4 0.06171875 0.4609375 0.01328125 0.0109375
4 0.06328125 0.4265625 0.01328125 0.01484375
0 0.1890625 0.44765625 0.01796875 0.0140625
0 0.05859375 0.44375 0.01640625 0.01484375
0 0.21171875 0.565625 0.0203125 0.02109375
4 0.196875 0.52890625 0.01015625 0.0140625
4 0.215625 0.53515625 0.0109375 0.0109375
4 0.21875 0.546875 0.015625 0.01171875
4 0.25390625 0.528125 0.0109375 0.01328125
4 0.30390625 0.45390625 0.0140625 0.01875
4 0.2890625 0.43671875 0.009375 0.01484375
4 0.28828125 0.42265625 0.01171875 0.01171875
4 0.32890625 0.4390625 0.01640625 0.009375
4 0.33203125 0.45625 0.01640625 0.01015625
4 0.3140625 0.559375 0.01171875 0.01328125
4 0.321875 0.54609375 0.0109375 0.01015625
4 0.34140625 0.53828125 0.01171875 0.009375
4 0.35390625 0.521875 0.0109375 0.01171875
4 0.36796875 0.52578125 0.0109375 0.01328125
4 0.36953125 0.5453125 0.0140625 0.01328125
4 0.390625 0.546875 0.01171875 0.0109375
0 0.35859375 0.5546875 0.01796875 0.0203125
0 0.43984375 0.54375 0.015625 0.01953125
0 0.4640625 0.4390625 0.01796875 0.01640625
0 0.5390625 0.540625 0.01640625 0.01953125
0 0.60234375 0.55703125 0.01328125 0.0203125
6 0.5234375 0.4640625 0.03046875 0.0265625
2 0.48984375 0.5265625 0.021875 0.0203125
4 0.45546875 0.52890625 0.01328125 0.01875
4 0.42890625 0.5609375 0.0109375 0.01484375
4 0.4140625 0.4453125 0.01171875 0.01484375
4 0.47421875 0.4546875 0.01171875 0.01171875
4 0.50703125 0.4375 0.01328125 0.01875
4 0.54765625 0.41171875 0.00859375 0.01171875
4 0.565625 0.41796875 0.01328125 0.0140625
4 0.56953125 0.43125 0.01171875 0.0140625
4 0.59375 0.41953125 0.0109375 0.01484375
4 0.59453125 0.43203125 0.01953125 0.01171875
4 0.62265625 0.4171875 0.009375 0.0140625
4 0.653125 0.4296875 0.015625 0.01015625
2 0.6390625 0.5234375 0.0265625 0.02578125
2 0.58828125 0.52578125 0.02578125 0.0234375
2 0.70625 0.45625 0.0234375 0.025
2 0.73828125 0.43359375 0.0265625 0.021875
2 0.76953125 0.51875 0.025 0.02421875
0 0.83671875 0.53359375 0.01953125 0.021875
0 0.80390625 0.553125 0.01796875 0.01953125
0 0.78359375 0.53515625 0.015625 0.015625
0 0.8546875 0.4265625 0.02109375 0.01953125
0 0.7265625 0.52578125 0.01640625 0.01953125
4 0.66796875 0.5546875 0.01328125 0.009375
4 0.75 0.5609375 0.0203125 0.021875
4 0.7609375 0.540625 0.01328125 0.01796875
4 0.79296875 0.525 0.0140625 0.0109375
4 0.815625 0.53125 0.01328125 0.01875
4 0.890625 0.54375 0.01484375 0.01796875
4 0.77421875 0.44296875 0.015625 0.01484375
4 0.709375 0.42109375 0.01796875 0.01953125
4 0.940625 0.55625 0.0140625 0.01171875
4 0.946875 0.54375 0.0140625 0.0140625
4 0.96875 0.53203125 0.0203125 0.01953125
4 0.96640625 0.4234375 0.01640625 0.015625
2 0.96875 0.45 0.02578125 0.02109375
0 0.08671875 0.5328125 0.01953125 0.01796875
4 0.1265625 0.4765625 0.01171875 0.02109375
4 0.1515625 0.42421875 0.01015625 0.01328125
4 0.3546875 0.534375 0.009375 0.01171875
4 0.5265625 0.559375 0.01171875 0.01640625