0 0.5265625 0.56796875 0.02109375 0.02109375
0 0.49609375 0.315625 0.01640625 0.025
2 0.6578125 0.1515625 0.02578125 0.0234375
2 0.5953125 0.21875 0.021875 0.03046875
2 0.54765625 0.2484375 0.0265625 0.03515625
2 0.5140625 0.275 0.02578125 0.028125
2 0.490625 0.37265625 0.0265625 0.03671875
2 0.3515625 0.3859375 0.021875 0.03671875
2 0.3234375 0.38046875 0.01015625 0.03828125
2 0.3109375 0.28046875 0.025 0.03984375
4 0.4140625 0.32265625 0.009375 0.01640625
4 0.38828125 0.33046875 0.009375 0.02421875
4 0.40625 0.40546875 0.00546875 0.02109375
4 0.546875 0.44453125 0.01171875 0.02578125
4 0.48046875 0.46171875 0.01015625 0.02578125
4 0.45625 0.41796875 0.01328125 0.01796875
0 0.41953125 0.43125 0.01484375 0.02890625
3 0.33125 0.5390625 0.025 0.0359375
3 0.2765625 0.68125 0.01875 0.03046875
3 0.2515625 0.80390625 0.01640625 0.0484375
2 0.21171875 0.94140625 0.01875 0.03515625
2 0.284375 0.80078125 0.0203125 0.040625
2 0.32734375 0.92578125 0.0203125 0.04375
6 0.1890625 0.259375 0.0296875 0.05703125
3 0.18828125 0.2109375 0.02421875 0.03203125
3 0.209375 0.25625 0.0296875 0.046875
2 0.4036131671875 0.1265727453125 0.40354427656249997 0.12262760156250001 0.38924221718749996 0.1520950546875 0.3980184828125 0.1688510703125 0.4119955234375 0.13707243593750001 0.4036131671875 0.1265727453125
2 0.30546875 0.115625 0.01875 0.03125
2 0.18671875 0.12890625 0.0203125 0.0296875
2 0.228125 0.19375 0.02421875 0.02578125
3 0.25078125 0.23984375 0.0203125 0.02890625
0 0.28046875 0.278125 0.0140625 0.021875
4 0.3328125 0.32578125 0.01484375 0.02109375
4 0.3421875 0.30078125 0.009375 0.01796875
4 0.36171875 0.2609375 0.01171875 0.01640625
4 0.36953125 0.24609375 0.00859375 0.02421875
4 0.3984375 0.40546875 0.00625 0.03359375
4 0.35859375 0.45078125 0.01015625 0.03359375
4 0.33984375 0.446875 0.01640625 0.02109375
4 0.32421875 0.41875 0.0140625 0.0203125
4 0.29921875 0.43671875 0.01171875 0.02890625
4 0.365625 0.59453125 0.015625 0.0234375
4 0.421875 0.56953125 0.009375 0.01875
4 0.415625 0.478125 0.0109375 0.0234375
4 0.4671875 0.58359375 0.01015625 0.01796875
4 0.478125 0.51796875 0.01171875 0.0234375
4 0.46640625 0.53359375 0.0109375 0.01953125
4 0.43984375 0.55078125 0.01796875 0.0140625
4 0.45546875 0.57109375 0.009375 0.02421875
4 0.48828125 0.64609375 0.01484375 0.025
4 0.440625 0.65703125 0.01875 0.01484375
4 0.4078125 0.66640625 0.01171875 0.0203125
4 0.39296875 0.6890625 0.01171875 0.015625
0 0.390625 0.709375 0.01640625 0.025
4 0.34296875 0.61171875 0.0109375 0.01640625
4 0.340625 0.64453125 0.01484375 0.0234375
4 0.3171875 0.6875 0.01171875 0.021875
4 0.278125 0.7640625 0.01171875 0.025
4 0.31796875 0.72890625 0.01171875 0.0234375
0 0.315625 0.90390625 0.015625 0.03515625
0 0.6546875 0.79921875 0.0203125 0.0390625
2 0.7234375 0.9625 0.02890625 0.0234375
2 0.75703125 0.63046875 0.01953125 0.04453125
2 0.84453125 0.3890625 0.0234375 0.04140625
3 0.66796875 0.43984375 0.0296875 0.034375
3 0.73203125 0.3890625 0.02890625 0.0296875
3 0.80703125 0.3296875 0.021875 0.03046875
3 0.834375 0.309375 0.03203125 0.0359375
2 0.86171875 0.2859375 0.02421875 0.03515625
3 0.86328125 0.334375 0.028125 0.05703125
3 0.82109375 0.44921875 0.03046875 0.065625
3 0.80234375 0.50390625 0.015625 0.0296875
3 0.72578125 0.67734375 0.02578125 0.040625
3 0.66953125 0.57890625 0.01484375 0.02421875
3 0.68203125 0.58671875 0.025 0.04609375
3 0.68828125 0.6109375 0.0203125 0.03671875
3 0.703125 0.634375 0.0203125 0.03359375
3 0.61875 0.49375 0.021875 0.02890625
3 0.6265625 0.54375 0.015625 0.03046875
4 0.61796875 0.63203125 0.01640625 0.01640625
4 0.603125 0.55546875 0.01640625 0.0234375
4 0.5515625 0.69453125 0.0203125 0.015625
4 0.61796875 0.76796875 0.015625 0.02890625
4 0.671875 0.69453125 0.015625 0.02578125
4 0.67109375 0.64375 0.01484375 0.02421875
4 0.709375 0.77578125 0.0140625 0.028125
4 0.7640625 0.80703125 0.01640625 0.028125
4 0.7328125 0.9 0.01171875 0.028125
4 0.68125 0.8375 0.0203125 0.01484375
4 0.68203125 0.81328125 0.01484375 0.025
4 0.71875 0.93046875 0.01640625 0.025
4 0.759375 0.94296875 0.01484375 0.03359375
4 0.79375 0.9125 0.01796875 0.02890625
4 0.8078125 0.90390625 0.015625 0.0359375
4 0.84140625 0.95390625 0.01796875 0.02578125
4 0.5890625 0.29140625 0.01484375 0.02578125
4 0.6984375 0.15546875 0.01484375 0.028125
4 0.73046875 0.1109375 0.01953125 0.01953125
4 0.81953125 0.07890625 0.0140625 0.02578125
4 0.81484375 0.271875 0.0203125 0.01953125
4 0.83828125 0.03203125 0.01640625 0.01953125
4 0.26484375 0.19296875 0.0140625 0.0203125
2 0.61875 0.16171875 0.01640625 0.04375
4 0.771875 0.74453125 0.01015625 0.015625
4 0.740625 0.69140625 0.009375 0.0203125
4 0.7625 0.65859375 0.0109375 0.02109375
4 0.8234375 0.5984375 0.009375 0.02109375
4 0.78203125 0.5546875 0.00859375 0.01328125
4 0.83984375 0.465625 0.0140625 0.025
4 0.88203125 0.36171875 0.01171875 0.025
4 0.96875 0.13203125 0.01796875 0.02109375
4 0.903125 0.04609375 0.02109375 0.02109375
4 0.46171875 0.33671875 0.01875 0.0296875
4 0.39375 0.26953125 0.015625 0.02109375
4 0.24609375 0.0640625 0.01484375 0.03125
4 0.33203125 0.60390625 0.0109375 0.01875
4 0.403125 0.4625 0.01484375 0.028125
4 0.2609375 0.21171875 0.01171875 0.01796875
4 0.171875 0.115625 0.009375 0.0203125
4 0.19453125 0.16796875 0.01171875 0.015625
4 0.19609375 0.15546875 0.01171875 0.0109375
4 0.309375 0.24609375 0.01484375 0.02109375
4 0.33671875 0.396875 0.009375 0.0265625
6 0.56171875 0.95390625 0.03671875 0.06484375
4 0.64453125 0.4609375 0.01171875 0.01328125
4 0.85078125 0.98359375 0.01640625 0.02109375
4 0.88828125 0.97265625 0.0140625 0.01796875
4 0.22421875 0.84375 0.01015625 0.0109375
4 0.228125 0.82890625 0.01171875 0.0109375
4 0.23203125 0.81015625 0.0109375 0.01171875
4 0.24453125 0.77109375 0.01171875 0.0140625
4 0.30546875 0.59296875 0.009375 0.0234375
4 0.28125 0.65234375 0.009375 0.0203125
4 0.34140625 0.66640625 0.009375 0.01953125
4 0.30859375 0.75703125 0.0140625 0.0203125
6 0.07109375 0.0375 0.0359375 0.05703125
4 0.14375 0.190625 0.00859375 0.015625
4 0.140625 0.18359375 0.00625 0.01484375
4 0.11328125 0.12421875 0.009375 0.01953125
4 0.27109375 0.02421875 0.0109375 0.0140625
4 0.30703125 0.08046875 0.009375 0.01484375
4 0.309375 0.0921875 0.009375 0.01484375
4 0.315625 0.078125 0.00859375 0.009375
4 0.32109375 0.075 0.009375 0.01015625
4 0.32578125 0.0640625 0.009375 0.015625
4 0.3390625 0.07421875 0.009375 0.01484375
4 0.35 0.05390625 0.00859375 0.01640625
4 0.3390625 0.0453125 0.009375 0.0203125
4 0.359375 0.06484375 0.00625 0.01640625
4 0.35078125 0.06875 0.00859375 0.01640625
4 0.36875 0.08203125 0.01015625 0.01640625
4 0.35546875 0.0921875 0.00625 0.015625
4 0.359375 0.0984375 0.00859375 0.01328125
4 0.33515625 0.10859375 0.009375 0.01953125
4 0.34140625 0.115625 0.00546875 0.0140625
4 0.34453125 0.14375 0.00859375 0.0234375
4 0.3640625 0.12109375 0.00625 0.01796875
4 0.35625 0.12109375 0.00703125 0.01484375
4 0.346875 0.0984375 0.009375 0.0140625
4 0.37421875 0.10546875 0.009375 0.01484375
4 0.3859375 0.11015625 0.00625 0.02109375
4 0.39296875 0.13125 0.009375 0.015625
4 0.3796875 0.11953125 0.00546875 0.0140625
4 0.3734375 0.1234375 0.00625 0.01484375
4 0.42890625 0.29140625 0.0046875 0.01796875
4 0.453125 0.2875 0.009375 0.01796875
4 0.46953125 0.28125 0.009375 0.015625
4 0.478125 0.28046875 0.00546875 0.01953125
4 0.41953125 0.28828125 0.00703125 0.0203125
4 0.49296875 0.27578125 0.00625 0.01953125
4 0.503125 0.2609375 0.00625 0.01640625
4 0.5109375 0.25 0.00703125 0.015625
3 0.51875 0.22109375 0.021875 0.028125
4 0.54609375 0.19140625 0.00546875 0.01796875
4 0.5515625 0.18671875 0.00546875 0.0203125
4 0.559375 0.203125 0.00859375 0.01953125
4 0.5875 0.1984375 0.00546875 0.015625
4 0.59296875 0.18046875 0.00546875 0.015625
4 0.59921875 0.17578125 0.00546875 0.0203125
4 0.60703125 0.1609375 0.00703125 0.01875
4 0.60703125 0.1328125 0.00625 0.01640625
4 0.5875 0.17578125 0.0046875 0.01953125
4 0.58046875 0.18828125 0.00625 0.01484375
4 0.5765625 0.19375 0.00625 0.01875
4 0.628125 0.14453125 0.00546875 0.02109375
4 0.63203125 0.1390625 0.00546875 0.01640625
4 0.63828125 0.13515625 0.00703125 0.01640625
4 0.6453125 0.13125 0.00546875 0.01875
4 0.653125 0.128125 0.0046875 0.01953125
4 0.65859375 0.12734375 0.00546875 0.0203125
4 0.66328125 0.12421875 0.0046875 0.0203125
4 0.66796875 0.12421875 0.00625 0.01796875
4 0.67421875 0.13203125 0.01328125 0.01328125
4 0.690625 0.10625 0.00703125 0.01953125
4 0.6859375 0.10703125 0.0046875 0.01640625
4 0.68203125 0.1109375 0.00546875 0.01953125
4 0.678125 0.1140625 0.00546875 0.01640625
3 0.6265625 0.5078125 0.021875 0.03359375
3 0.66328125 0.56484375 0.0203125 0.03125
4 0.6484375 0.58125 0.009375 0.01328125
3 0.7140625 0.6484375 0.025 0.046875
4 0.778125 0.73359375 0.00703125 0.01015625
4 0.78125 0.72578125 0.009375 0.00859375
4 0.78671875 0.70625 0.01171875 0.00859375
4 0.7859375 0.7125 0.0109375 0.00859375
4 0.7953125 0.68046875 0.00859375 0.01484375
4 0.79765625 0.66953125 0.01171875 0.01328125
4 0.7765625 0.5640625 0.0109375 0.0109375
4 0.77109375 0.578125 0.01015625 0.0109375
4 0.815625 0.634375 0.01015625 0.01015625
4 0.80625 0.64921875 0.01171875 0.01640625
4 0.78671875 0.54375 0.01015625 0.01640625
4 0.7921875 0.51796875 0.01015625 0.01171875
4 0.8640625 0.46875 0.00859375 0.01875
4 0.8640625 0.4859375 0.0140625 0.01328125
4 0.88671875 0.43203125 0.01015625 0.01328125
4 0.890625 0.421875 0.01171875 0.0109375
4 0.89921875 0.39375 0.00703125 0.025
3 0.6953125 0.41796875 0.02890625 0.03828125
4 0.7484375 0.37578125 0.00703125 0.01796875
4 0.215625 0.8875 0.01015625 0.028125
4 0.23828125 0.79296875 0.01015625 0.0109375
4 0.40390625 0.74140625 0.01171875 0.01015625
4 0.2328125 0.246875 0.00859375 0.01171875
4 0.23828125 0.2453125 0.00625 0.01875
3 0.22890625 0.2890625 0.02890625 0.04609375
3 0.7265625 0.17734375 0.02578125 0.03515625
4 0.9125 0.36328125 0.01171875 0.01484375
4 0.91796875 0.34921875 0.00859375 0.01875
4 0.93046875 0.3328125 0.00859375 0.02109375
4 0.92421875 0.3421875 0.00859375 0.021875