4 0.9875 0.525 0.015625 0.015625
4 0.903125 0.38046875 0.01484375 0.01484375
4 0.63203125 0.48984375 0.01484375 0.01796875
4 0.24609375 0.44140625 0.01328125 0.01484375
4 0.2578125 0.36875 0.009375 0.02109375
4 0.18203125 0.5890625 0.0140625 0.015625
4 0.09296875 0.55859375 0.01015625 0.00859375
4 0.08046875 0.56015625 0.01171875 0.009375
4 0.04921875 0.565625 0.0109375 0.00859375
4 0.0421875 0.57890625 0.009375 0.01171875
4 0.00546875 0.59453125 0.0109375 0.00859375
4 0.06875 0.43671875 0.015625 0.01171875
4 0.00703125 0.2765625 0.009375 0.025
4 0.09609375 0.02734375 0.01015625 0.02109375
4 0.0296875 0.009375 0.00703125 0.01796875
4 0.01953125 0.0078125 0.00703125 0.015625
4 0.01015625 0.009375 0.00546875 0.01875
2 0.01484375 0.046875 0.01875 0.05078125
2 0.0484375 0.1375 0.01953125 0.05390625
2 0.03203125 0.190625 0.01640625 0.04296875
2 0.046875 0.19921875 0.01796875 0.0515625
2 0.01953125 0.23671875 0.0203125 0.053125
2 0.03671875 0.24140625 0.015625 0.0515625
2 0.0078125 0.31328125 0.01484375 0.05390625
2 0.153125 0.2609375 0.02109375 0.0484375
2 0.0140625 0.5203125 0.028125 0.02578125
2 0.02109375 0.578125 0.0265625 0.021875
2 0.04375 0.5453125 0.028125 0.025
2 0.0765625 0.54296875 0.021875 0.01953125
2 0.0984375 0.5734375 0.02578125 0.01953125
2 0.1109375 0.54375 0.02421875 0.01953125
2 0.11953125 0.51875 0.02578125 0.0234375
2 0.15078125 0.5140625 0.02578125 0.0203125
2 0.128125 0.5640625 0.0203125 0.01875
2 0.1515625 0.540625 0.0203125 0.021875
2 0.15546875 0.5640625 0.0234375 0.02109375
2 0.18203125 0.5390625 0.02578125 0.02578125
2 0.496875 0.36796875 0.02421875 0.0203125
2 0.8703125 0.42890625 0.0296875 0.03046875
2 0.98203125 0.3390625 0.021875 0.021875
2 0.775 0.25390625 0.02890625 0.025
2 0.7671875 0.171875 0.02578125 0.0234375
3 0.44453125 0.53125 0.065625 0.03984375
0 0.38203125 0.4296875 0.01953125 0.0203125
0 0.19296875 0.37578125 0.021875 0.021875
0 0.11875 0.584375 0.021875 0.0203125
0 0.06328125 0.56640625 0.01953125 0.0234375
0 0.08359375 0.52109375 0.01953125 0.0234375
0 0.028125 0.28125 0.01796875 0.0265625
6 0.06953125 0.32578125 0.028125 0.06796875
6 0.4640625 0.58984375 0.04296875 0.028125
3 0.25703125 0.5125 0.02890625 0.03203125
0 0.7 0.415625 0.01796875 0.015625