1 0.23125 0.646875 0.05546875 0.028125
1 0.2890625 0.64296875 0.0546875 0.02890625
1 0.14296875 0.83671875 0.05859375 0.03203125
4 0.09296875 0.90234375 0.01015625 0.01015625
4 0.115625 0.93125 0.01015625 0.01015625
0 0.1484375 0.93515625 0.01484375 0.01640625
4 0.2234375 0.87265625 0.01015625 0.009375
4 0.2484375 0.88515625 0.009375 0.01015625
4 0.21953125 0.76953125 0.01171875 0.00859375
2 0.2140625 0.79609375 0.02109375 0.01953125
2 0.26484375 0.85546875 0.02109375 0.0203125
2 0.015625 0.75703125 0.0109375 0.00859375
2 0.07734375 0.7703125 0.01015625 0.01015625
2 0.10078125 0.759375 0.01171875 0.00859375
2 0.12734375 0.76171875 0.0109375 0.009375
2 0.27734375 0.78984375 0.021875 0.01796875
4 0.303125 0.66796875 0.01171875 0.009375
2 0.3984375 0.66171875 0.01953125 0.01875
2 0.45859375 0.79375 0.01953125 0.01796875
2 0.4484375 0.73046875 0.01953125 0.02890625
2 0.5015625 0.7234375 0.01640625 0.03671875
4 0.50625 0.73828125 0.00625 0.01796875
4 0.5140625 0.7296875 0.00546875 0.02109375
4 0.41640625 0.771875 0.01171875 0.01171875
4 0.425 0.8765625 0.01171875 0.01484375
4 0.4828125 0.86484375 0.0109375 0.01171875
4 0.53203125 0.8234375 0.01015625 0.01484375
4 0.5546875 0.82578125 0.0109375 0.0140625
4 0.540625 0.3 0.00546875 0.01953125
4 0.56796875 0.8734375 0.01171875 0.01171875
4 0.62578125 0.88046875 0.01171875 0.01171875
4 0.665625 0.890625 0.01328125 0.01328125
4 0.715625 0.90078125 0.01171875 0.01171875
4 0.68828125 0.8515625 0.0109375 0.01171875
4 0.67890625 0.79375 0.0109375 0.01171875
4 0.71796875 0.784375 0.0109375 0.01015625
4 0.7515625 0.85 0.0140625 0.009375
2 0.746875 0.81796875 0.01953125 0.01953125
2 0.7640625 0.87421875 0.0203125 0.01953125
2 0.98828125 0.86796875 0.0234375 0.025
4 0.80859375 0.7859375 0.0109375 0.01171875
4 0.80625 0.81328125 0.01171875 0.0109375
4 0.81875 0.8015625 0.01015625 0.0109375
4 0.80546875 0.7 0.01015625 0.0109375
4 0.809375 0.690625 0.01015625 0.009375
4 0.85078125 0.7359375 0.01015625 0.009375
4 0.91015625 0.71796875 0.0109375 0.01015625
4 0.8921875 0.7875 0.0109375 0.0109375
4 0.8921875 0.79921875 0.01015625 0.01015625
4 0.89296875 0.903125 0.0109375 0.0109375
4 0.90625 0.86875 0.0140625 0.01484375
4 0.93828125 0.86328125 0.0140625 0.01484375
3 0.484375 0.88828125 0.01796875 0.0203125
3 0.49921875 0.80078125 0.0203125 0.01953125
2 0.52265625 0.6953125 0.01171875 0.03828125
0 0.4875 0.4109375 0.00703125 0.0234375
0 0.51796875 0.9359375 0.01328125 0.0140625
0 0.59453125 0.89609375 0.0140625 0.01484375
2 0.59609375 0.85078125 0.02109375 0.02421875
4 0.64375 0.65625 0.01015625 0.0109375