2 0.40390625 0.5609375 0.01640625 0.01640625
2 0.36015625 0.2953125 0.01796875 0.0140625
2 0.41953125 0.259375 0.01171875 0.02109375
2 0.41015625 0.22578125 0.01640625 0.01875
2 0.525 0.33203125 0.00859375 0.03125
2 0.5359375 0.3296875 0.00859375 0.03515625
2 0.57578125 0.321875 0.00703125 0.02890625
2 0.5859375 0.321875 0.00859375 0.025
2 0.984375 0.87734375 0.0109375 0.02578125
2 0.96796875 0.9109375 0.00703125 0.02890625
2 0.99453125 0.92578125 0.01015625 0.0234375
2 0.73828125 0.65703125 0.00859375 0.0234375
6 0.1984375 0.51328125 0.021875 0.01640625
5 0.975 0.56015625 0.05 0.0234375
6 0.90625 0.64140625 0.03984375 0.0203125
5 0.73671875 0.3859375 0.04609375 0.01953125
6 0.6796875 0.38828125 0.040625 0.01953125
6 0.2984375 0.64140625 0.03046875 0.01953125
6 0.16640625 0.65 0.03828125 0.01953125
6 0.14375 0.68203125 0.0390625 0.02421875
6 0.60078125 0.6109375 0.02890625 0.01640625
0 0.83984375 0.60625 0.01171875 0.01015625
4 0.565625 0.284375 0.0046875 0.0140625
4 0.68125 0.42421875 0.00703125 0.0109375
4 0.815625 0.6046875 0.009375 0.0109375
4 0.946875 0.58515625 0.00859375 0.0109375
3 0.7765625 0.85625 0.021875 0.01796875
3 0.73515625 0.90078125 0.01015625 0.03515625
4 0.259375 0.596875 0.009375 0.01171875
4 0.54375 0.28359375 0.00390625 0.0140625
4 0.56015625 0.29765625 0.003125 0.01484375
4 0.5859375 0.28828125 0.0046875 0.01484375
4 0.59765625 0.309375 0.00390625 0.01484375
4 0.58515625 0.24375 0.003125 0.01484375
4 0.5515625 0.23203125 0.003125 0.0109375
4 0.55859375 0.23359375 0.00390625 0.01171875
4 0.596875 0.2453125 0.003125 0.01328125
4 0.5359375 0.284375 0.00390625 0.01328125
4 0.428125 0.28046875 0.00390625 0.01328125
4 0.59296875 0.246875 0.003125 0.01328125
4 0.54921875 0.284375 0.003125 0.0140625
4 0.55625 0.29921875 0.003125 0.01171875
4 0.5640625 0.29921875 0.003125 0.01171875
4 0.20078125 0.6203125 0.009375 0.00859375
2 0.17890625 0.54140625 0.01640625 0.01484375
2 0.72265625 0.45 0.01640625 0.015625
4 0.690625 0.46328125 0.00859375 0.0109375
6 0.9453125 0.4046875 0.0390625 0.02421875
0 0.84140625 0.64921875 0.01484375 0.01484375
6 0.5125 0.6265625 0.028125 0.0203125
4 0.51328125 0.5890625 0.00859375 0.00859375
4 0.55234375 0.58671875 0.009375 0.0109375
4 0.3328125 0.61796875 0.009375 0.01015625
0 0.13203125 0.4265625 0.01171875 0.01171875
2 0.69921875 0.65078125 0.00625 0.02421875
2 0.69296875 0.6359375 0.00625 0.025
2 0.68515625 0.6390625 0.00625 0.021875
2 0.6921875 0.66015625 0.00625 0.01953125
1 0.59296875 0.58984375 0.02890625 0.01953125
4 0.3234375 0.59453125 0.009375 0.00859375
2 0.7234375 0.40390625 0.015625 0.01171875
4 0.32109375 0.60390625 0.00703125 0.00703125
2 0.12578125 0.496875 0.01640625 0.0140625
3 0.02109375 0.484375 0.02109375 0.015625
4 0.50859375 0.40859375 0.00859375 0.0109375
6 0.9484375 0.60703125 0.0234375 0.021875
3 0.70390625 0.49453125 0.01796875 0.01484375
5 0.73203125 0.5359375 0.04140625 0.0234375
5 0.58125 0.5453125 0.04453125 0.025
6 0.64375 0.47890625 0.0296875 0.01953125
6 0.69296875 0.5640625 0.0203125 0.01640625
4 0.53828125 0.47578125 0.00703125 0.01015625
4 0.15625 0.44140625 0.01015625 0.009375
4 0.72734375 0.56328125 0.01015625 0.01015625