2 0.0515625 0.0328125 0.02109375 0.04609375
2 0.02109375 0.025 0.01796875 0.04140625
4 0.009375 0.04609375 0.009375 0.01640625
4 0.00546875 0.03046875 0.0109375 0.00859375
2 0.02890625 0.20859375 0.01640625 0.04375
2 0.01796875 0.25703125 0.015625 0.0390625
3 0.07109375 0.30859375 0.0265625 0.0640625
2 0.15625 0.246875 0.01875 0.03671875
2 0.05078125 0.53359375 0.0265625 0.02109375
2 0.25859375 0.50234375 0.0234375 0.01640625
2 0.2578125 0.553125 0.025 0.0203125
2 0.48046875 0.56328125 0.0265625 0.0234375
4 0.5078125 0.53359375 0.01171875 0.01015625
2 0.48515625 0.50703125 0.021875 0.01953125
0 0.1953125 0.36171875 0.01640625 0.01328125
4 0.203125 0.4015625 0.009375 0.01015625
4 0.2609375 0.35703125 0.01015625 0.00859375
2 0.50078125 0.36796875 0.021875 0.01875
4 0.59453125 0.3984375 0.01328125 0.0140625
4 0.6078125 0.35703125 0.01171875 0.009375
2 0.7796875 0.26484375 0.02578125 0.021875
2 0.7734375 0.18125 0.02578125 0.02109375