0 0.75625 0.1421875 0.01796875 0.03359375
3 0.4015625 0.46953125 0.01875 0.0359375
2 0.346875 0.4859375 0.01953125 0.0515625
2 0.43125 0.36953125 0.01875 0.03671875
2 0.32421875 0.37890625 0.01015625 0.04453125
2 0.28203125 0.2796875 0.015625 0.03046875
4 0.51171875 0.53359375 0.01171875 0.0234375
4 0.54375 0.509375 0.01328125 0.0203125
4 0.56953125 0.51171875 0.01640625 0.03359375
4 0.57421875 0.4640625 0.01328125 0.034375
4 0.4734375 0.56875 0.01328125 0.02421875
4 0.46796875 0.52578125 0.01484375 0.02578125
4 0.52421875 0.64453125 0.01171875 0.025
4 0.54296875 0.653125 0.01171875 0.01796875
4 0.60859375 0.67421875 0.01796875 0.0234375
4 0.41953125 0.63359375 0.01484375 0.0234375
3 0.35546875 0.6203125 0.0203125 0.02890625
0 0.38046875 0.67109375 0.0140625 0.0265625
4 0.29296875 0.74921875 0.01171875 0.021875
4 0.31328125 0.66640625 0.01171875 0.0203125
4 0.33828125 0.634375 0.0109375 0.0265625
4 0.3453125 0.58359375 0.01328125 0.028125
4 0.39375 0.59453125 0.01640625 0.025
4 0.37421875 0.70546875 0.0140625 0.01953125
4 0.34765625 0.73125 0.0109375 0.02109375
4 0.36796875 0.75234375 0.0109375 0.01875
4 0.3359375 0.80234375 0.01015625 0.0234375
4 0.30703125 0.890625 0.01171875 0.02109375
4 0.26171875 0.90625 0.01328125 0.02890625
4 0.28359375 0.959375 0.015625 0.02109375
4 0.44453125 0.571875 0.01171875 0.02421875
4 0.41875 0.528125 0.01953125 0.02578125
4 0.41953125 0.4828125 0.01171875 0.0265625
4 0.39296875 0.509375 0.01640625 0.021875
4 0.46328125 0.42265625 0.01640625 0.02421875
4 0.46953125 0.38671875 0.01640625 0.025
4 0.40546875 0.34453125 0.01328125 0.021875
4 0.39765625 0.31875 0.01484375 0.021875
4 0.41796875 0.31640625 0.01171875 0.021875
4 0.23359375 0.15 0.015625 0.0203125
4 0.28828125 0.13046875 0.01171875 0.01953125
4 0.2859375 0.10390625 0.0109375 0.01171875
4 0.253125 0.0765625 0.01484375 0.025
2 0.22578125 0.1890625 0.02421875 0.03515625
2 0.2765625 0.20390625 0.02109375 0.03359375
2 0.30546875 0.11796875 0.01796875 0.034375
2 0.54921875 0.246875 0.028125 0.03359375
2 0.7234375 0.9609375 0.02578125 0.021875
2 0.796875 0.58125 0.025 0.0390625
2 0.828125 0.496875 0.021875 0.046875
2 0.596875 0.22109375 0.0234375 0.03359375
4 0.7890625 0.96328125 0.01640625 0.0265625
4 0.72109375 0.934375 0.01328125 0.01796875
4 0.7328125 0.909375 0.01640625 0.01953125
4 0.78828125 0.87890625 0.01484375 0.01875
4 0.70390625 0.8390625 0.01328125 0.01953125
4 0.66015625 0.840625 0.01171875 0.0234375
4 0.634375 0.77109375 0.01640625 0.02109375
4 0.65546875 0.79609375 0.0109375 0.0234375
4 0.66328125 0.6359375 0.01015625 0.0203125
4 0.69921875 0.675 0.00859375 0.021875
4 0.41328125 0.59375 0.01171875 0.015625
4 0.4046875 0.58671875 0.00703125 0.02578125
4 0.3734375 0.63671875 0.01328125 0.015625
4 0.36640625 0.65078125 0.009375 0.01796875
4 0.3484375 0.64765625 0.00859375 0.02109375
4 0.3328125 0.678125 0.0140625 0.01875
4 0.32578125 0.70078125 0.009375 0.01953125
4 0.334375 0.6953125 0.00703125 0.01953125
4 0.3234375 0.72109375 0.009375 0.02421875
4 0.30546875 0.7421875 0.01171875 0.0265625
4 0.3109375 0.9484375 0.009375 0.02109375
4 0.2265625 0.9875 0.01171875 0.02421875
2 0.2109375 0.94140625 0.01640625 0.03984375
3 0.24375 0.8609375 0.01796875 0.040625
3 0.253125 0.80390625 0.01796875 0.040625
3 0.2765625 0.68046875 0.01640625 0.03359375
4 0.30625 0.609375 0.00859375 0.021875
4 0.29453125 0.6375 0.01015625 0.021875
4 0.31015625 0.57890625 0.00703125 0.01640625
4 0.33671875 0.3984375 0.009375 0.02890625
4 0.3390625 0.44296875 0.01171875 0.0140625
4 0.3203125 0.421875 0.01328125 0.0140625
4 0.3640625 0.28125 0.01015625 0.01796875
4 0.35703125 0.25625 0.0140625 0.01953125
4 0.36171875 0.24140625 0.0109375 0.01875
4 0.27421875 0.13125 0.01015625 0.01875
4 0.22421875 0.1265625 0.009375 0.01875
4 0.215625 0.103125 0.00703125 0.0203125
4 0.20546875 0.10078125 0.01171875 0.0234375
4 0.19140625 0.09609375 0.0109375 0.02109375
4 0.1953125 0.16796875 0.01015625 0.01796875
4 0.19609375 0.153125 0.01015625 0.01171875
4 0.171875 0.1171875 0.00859375 0.02109375
4 0.16328125 0.02265625 0.0140625 0.021875
4 0.21796875 0.01171875 0.01328125 0.0234375
2 0.18828125 0.13203125 0.021875 0.03203125
3 0.18671875 0.21171875 0.0234375 0.040625
3 0.25078125 0.23984375 0.01875 0.03515625
3 0.209375 0.25703125 0.021875 0.04453125
3 0.23046875 0.28984375 0.0234375 0.04921875
6 0.1890625 0.25546875 0.03046875 0.05390625
4 0.11328125 0.12421875 0.009375 0.02109375
2 0.4015625 0.14609375 0.02109375 0.03828125
2 0.515625 0.27421875 0.0234375 0.03046875
4 0.51796875 0.29140625 0.0109375 0.01328125
4 0.45859375 0.33671875 0.0140625 0.01484375
4 0.50546875 0.3234375 0.01328125 0.01640625
4 0.434375 0.29296875 0.00625 0.025
4 0.42890625 0.290625 0.00546875 0.01875
4 0.4546875 0.2984375 0.00703125 0.01484375
4 0.4703125 0.28046875 0.00859375 0.01796875
4 0.4765625 0.2765625 0.00703125 0.0203125
4 0.62578125 0.22890625 0.0109375 0.01640625
4 0.62578125 0.27734375 0.01640625 0.0203125
4 0.60703125 0.303125 0.015625 0.025
4 0.64375 0.3484375 0.01328125 0.01796875
4 0.653125 0.3609375 0.015625 0.01875
4 0.69453125 0.20390625 0.01171875 0.0140625
4 0.709375 0.14609375 0.0140625 0.01484375
4 0.71953125 0.1265625 0.01015625 0.01640625
4 0.715625 0.11484375 0.01171875 0.01484375
4 0.8859375 0.01640625 0.0140625 0.021875
4 0.9109375 0.02578125 0.01484375 0.01640625
4 0.81796875 0.25234375 0.015625 0.01953125
4 0.92265625 0.2953125 0.0140625 0.01953125
4 0.9515625 0.2453125 0.01796875 0.025
4 0.971875 0.259375 0.015625 0.01875
4 0.78671875 0.64296875 0.01015625 0.02421875
4 0.77109375 0.67890625 0.01171875 0.021875
3 0.72734375 0.67578125 0.0203125 0.0359375
3 0.70390625 0.63203125 0.0234375 0.03671875
3 0.69140625 0.61328125 0.0203125 0.03671875
3 0.61953125 0.490625 0.01640625 0.02578125
3 0.6265625 0.54140625 0.01796875 0.028125
3 0.671875 0.58046875 0.015625 0.02578125
3 0.66953125 0.440625 0.028125 0.03671875
3 0.73359375 0.38984375 0.02890625 0.03515625
2 0.75859375 0.63125 0.02421875 0.04296875
2 0.84453125 0.3890625 0.021875 0.0453125
2 0.8640625 0.28671875 0.0265625 0.03125
3 0.80859375 0.33203125 0.02578125 0.03203125
3 0.8359375 0.30859375 0.03359375 0.04375
3 0.86640625 0.3359375 0.03203125 0.05703125
3 0.821875 0.4515625 0.0296875 0.06640625
3 0.80390625 0.50234375 0.01640625 0.0296875
2 0.6578125 0.14921875 0.02578125 0.03515625
2 0.6203125 0.1609375 0.01640625 0.04453125
4 0.6453125 0.46015625 0.01171875 0.01796875
4 0.76484375 0.72890625 0.00859375 0.03515625
4 0.7734375 0.74375 0.01015625 0.01328125
6 0.5578125 0.9484375 0.04296875 0.06953125
3 0.6296875 0.5046875 0.01953125 0.03046875
3 0.71640625 0.64765625 0.02578125 0.03671875
3 0.665625 0.565625 0.021875 0.03359375
3 0.6984375 0.41953125 0.03203125 0.03671875
3 0.51953125 0.22109375 0.0234375 0.03046875
4 0.7796875 0.734375 0.009375 0.01171875
4 0.78203125 0.72421875 0.01015625 0.01015625
4 0.784375 0.7171875 0.009375 0.009375
4 0.78828125 0.70703125 0.01015625 0.00859375
4 0.79453125 0.6921875 0.01015625 0.01015625
4 0.7984375 0.68125 0.01015625 0.01484375
4 0.8015625 0.66953125 0.01171875 0.01484375
4 0.8078125 0.6484375 0.00859375 0.015625
4 0.8265625 0.6015625 0.01328125 0.0140625
4 0.8171875 0.634375 0.00859375 0.01171875
4 0.78359375 0.55234375 0.01328125 0.01015625
4 0.78828125 0.54375 0.0140625 0.0109375
4 0.77734375 0.5625 0.01171875 0.009375
4 0.79453125 0.51875 0.01328125 0.0109375
4 0.7890625 0.534375 0.01171875 0.01328125
4 0.8671875 0.4890625 0.01171875 0.01328125
4 0.865625 0.47109375 0.01015625 0.01953125
4 0.88671875 0.4109375 0.01328125 0.01484375
4 0.890625 0.43203125 0.01171875 0.01328125
4 0.89296875 0.42265625 0.009375 0.01171875
4 0.90078125 0.390625 0.009375 0.0203125
6 0.07109375 0.0359375 0.03828125 0.0703125
4 0.546875 0.190625 0.00546875 0.01875
4 0.55234375 0.18671875 0.00546875 0.01796875
4 0.5609375 0.20234375 0.00625 0.01875
4 0.5734375 0.19609375 0.00546875 0.01640625
4 0.58828125 0.19765625 0.0046875 0.015625
4 0.60078125 0.17421875 0.00546875 0.01796875
4 0.6078125 0.159375 0.0046875 0.01953125
4 0.60703125 0.13359375 0.00625 0.0203125
4 0.59375 0.1796875 0.00546875 0.01875
4 0.58828125 0.17578125 0.00546875 0.0203125
4 0.58125 0.1875 0.00546875 0.01796875
4 0.62890625 0.14453125 0.00546875 0.01875
4 0.6390625 0.13515625 0.00625 0.01875
4 0.64609375 0.13203125 0.00546875 0.01640625
4 0.653125 0.12734375 0.00546875 0.01875
4 0.65859375 0.12578125 0.00546875 0.01875
4 0.6640625 0.1234375 0.00546875 0.01640625
4 0.6765625 0.13203125 0.009375 0.01484375
4 0.67421875 0.1140625 0.0046875 0.01875
4 0.67890625 0.11171875 0.00546875 0.01953125
4 0.68125 0.109375 0.00546875 0.01953125
4 0.6859375 0.10703125 0.00546875 0.0203125
4 0.7625 0.04140625 0.00546875 0.02109375
4 0.76953125 0.034375 0.00859375 0.021875
4 0.77421875 0.028125 0.00546875 0.02109375
4 0.75 0.371875 0.00859375 0.0234375
4 0.22578125 0.84609375 0.01015625 0.01171875
4 0.22890625 0.8328125 0.01015625 0.01328125
4 0.246875 0.77109375 0.01015625 0.01015625
4 0.234375 0.8109375 0.01171875 0.01015625
4 0.23828125 0.79375 0.01015625 0.009375
4 0.14453125 0.1921875 0.00625 0.015625
4 0.140625 0.1859375 0.00703125 0.01640625
3 0.2734375 0.0765625 0.02109375 0.03671875
4 0.328125 0.065625 0.00625 0.01953125
4 0.33984375 0.07578125 0.00859375 0.0140625
4 0.33203125 0.071875 0.00546875 0.01640625
4 0.3390625 0.04453125 0.00859375 0.01640625
4 0.35078125 0.05546875 0.009375 0.02109375
4 0.359375 0.06328125 0.01015625 0.01953125
4 0.36875 0.08125 0.009375 0.01640625
4 0.37578125 0.10546875 0.00703125 0.01484375
4 0.3875 0.10859375 0.00546875 0.015625
4 0.38046875 0.12109375 0.00625 0.01328125
4 0.36875 0.13203125 0.00625 0.01875
4 0.37578125 0.146875 0.009375 0.0203125
4 0.3640625 0.11953125 0.00625 0.0203125
4 0.3609375 0.10078125 0.00625 0.01796875
4 0.35625 0.09296875 0.00859375 0.01796875
4 0.34765625 0.0984375 0.00625 0.01796875
4 0.35 0.109375 0.00859375 0.01484375
4 0.32109375 0.0734375 0.01015625 0.01328125
4 0.31796875 0.0796875 0.009375 0.0109375
4 0.309375 0.08125 0.009375 0.01875
4 0.315625 0.1015625 0.00703125 0.0203125
4 0.33671875 0.109375 0.00625 0.01796875
4 0.34296875 0.12734375 0.00859375 0.015625
4 0.33515625 0.1328125 0.00859375 0.01875
4 0.34375 0.14375 0.009375 0.01953125
4 0.35625 0.121875 0.00859375 0.01953125
4 0.41015625 0.27734375 0.00703125 0.021875
4 0.415625 0.2828125 0.00625 0.01796875
4 0.46171875 0.28046875 0.0046875 0.01484375
4 0.45390625 0.28671875 0.00859375 0.01171875
4 0.4984375 0.2765625 0.0046875 0.02109375
4 0.49296875 0.27421875 0.00546875 0.01640625
4 0.503125 0.2609375 0.00546875 0.01640625
4 0.63359375 0.165625 0.01015625 0.02578125
4 0.38046875 0.74921875 0.00546875 0.01640625
4 0.40390625 0.7421875 0.009375 0.01171875
4 0.54140625 0.7125 0.01171875 0.01328125
3 0.51796875 0.7078125 0.0296875 0.03984375