2 0.98359375 0.33828125 0.025 0.025
2 0.7703125 0.17421875 0.0265625 0.02578125
2 0.77890625 0.25625 0.0265625 0.025
2 0.50078125 0.36953125 0.028125 0.03515625
2 0.28125 0.46328125 0.03125 0.03671875
2 0.2703125 0.525 0.0265625 0.028125
2 0.27734375 0.55546875 0.0265625 0.02890625
2 0.1765625 0.46796875 0.03046875 0.02890625
2 0.15546875 0.2625 0.0265625 0.0484375
2 0.046875 0.52265625 0.0234375 0.0203125
2 0.0453125 0.5515625 0.025 0.021875
2 0.04765625 0.57109375 0.0265625 0.02578125
2 0.07421875 0.51640625 0.028125 0.0234375
2 0.078125 0.54375 0.0265625 0.02109375
2 0.10390625 0.54140625 0.0234375 0.0203125
2 0.103125 0.5734375 0.02578125 0.0203125
2 0.12578125 0.51640625 0.0234375 0.0203125
2 0.12890625 0.540625 0.02578125 0.02109375
2 0.13125 0.5625 0.02421875 0.0203125
2 0.153125 0.51171875 0.02578125 0.0234375
2 0.1625 0.540625 0.0234375 0.02109375
2 0.00859375 0.31015625 0.015625 0.053125
2 0.02421875 0.23828125 0.01875 0.04921875
2 0.03984375 0.24453125 0.01640625 0.04609375
2 0.03671875 0.18828125 0.01640625 0.04375
2 0.05078125 0.19609375 0.01875 0.04375
2 0.01328125 0.15390625 0.025 0.0484375
2 0.04453125 0.071875 0.0203125 0.0359375
2 0.01953125 0.04453125 0.01796875 0.04140625
4 0.03203125 0.0109375 0.00703125 0.02109375
4 0.02421875 0.01015625 0.00859375 0.0203125
4 0.01328125 0.00703125 0.0078125 0.0140625
4 0.0265625 0.07890625 0.009375 0.025
4 0.00625 0.06640625 0.00859375 0.01796875
4 0.0109375 0.27578125 0.009375 0.021875
4 0.06875 0.4515625 0.01484375 0.01796875
4 0.03984375 0.50703125 0.01328125 0.01328125
4 0.03828125 0.53671875 0.01328125 0.00859375
4 0.03359375 0.59140625 0.0109375 0.01640625
4 0.04296875 0.58828125 0.0109375 0.01171875
4 0.05390625 0.5890625 0.01015625 0.01015625
4 0.06640625 0.58046875 0.0140625 0.009375
4 0.06640625 0.57109375 0.01015625 0.00546875
4 0.0640625 0.56171875 0.01015625 0.009375
4 0.09296875 0.55703125 0.01171875 0.009375
4 0.1046875 0.55703125 0.01328125 0.00859375
4 0.21328125 0.58203125 0.01640625 0.0203125
4 0.2125 0.39453125 0.01171875 0.01015625
4 0.26015625 0.36640625 0.0140625 0.01484375
4 0.3984375 0.4328125 0.01484375 0.01953125
4 0.55546875 0.4296875 0.01484375 0.01171875
0 0.03125 0.2828125 0.01796875 0.03203125
0 0.078125 0.56484375 0.01875 0.01796875
0 0.14375 0.584375 0.0203125 0.02109375
0 0.1015625 0.51796875 0.01953125 0.01953125
0 0.1953125 0.37109375 0.0203125 0.01953125
0 0.64765625 0.434375 0.0203125 0.02578125
6 0.46640625 0.58671875 0.04296875 0.03359375
6 0.071875 0.32734375 0.02890625 0.0703125