2 0.01953125 0.034375 0.01796875 0.04140625
4 0.03046875 0.075 0.01171875 0.021875
4 0.00546875 0.059375 0.00859375 0.021875
4 0.00390625 0.04140625 0.00703125 0.01640625
6 0.04921875 0.03046875 0.03828125 0.05859375
4 0.0265625 0.21328125 0.009375 0.02109375
0 0.0328125 0.26796875 0.01796875 0.028125
3 0.06953125 0.3203125 0.028125 0.06640625
2 0.00859375 0.30390625 0.01640625 0.053125
0 0.19609375 0.36953125 0.0203125 0.02421875
2 0.19296875 0.44609375 0.02421875 0.0265625
4 0.259375 0.3609375 0.01640625 0.0140625
2 0.30859375 0.43046875 0.021875 0.01953125
2 0.3296875 0.45703125 0.0296875 0.021875
2 0.38359375 0.4359375 0.025 0.025
4 0.36875 0.40625 0.01328125 0.01796875
4 0.415625 0.396875 0.01640625 0.01640625
4 0.421875 0.43671875 0.0140625 0.0140625
2 0.4640625 0.45625 0.028125 0.025
4 0.49921875 0.365625 0.02890625 0.01953125
2 0.5171875 0.409375 0.02578125 0.021875
0 0.50859375 0.42890625 0.02109375 0.01953125
4 0.51328125 0.4453125 0.01640625 0.0140625
2 0.5734375 0.45390625 0.0234375 0.0265625
4 0.5984375 0.4046875 0.0140625 0.01484375
4 0.60703125 0.35390625 0.01484375 0.01328125
2 0.15390625 0.25546875 0.0234375 0.04453125
2 0.63515625 0.42578125 0.0234375 0.0296875
2 0.6609375 0.45078125 0.02578125 0.02421875
2 0.725 0.44296875 0.03046875 0.028125
2 0.7734375 0.1765625 0.03046875 0.025
2 0.7796875 0.25703125 0.028125 0.025
4 0.6984375 0.39140625 0.0140625 0.01640625
4 0.72109375 0.3765625 0.01484375 0.01484375
4 0.715625 0.409375 0.015625 0.02109375
4 0.7609375 0.3859375 0.01484375 0.0140625
2 0.840625 0.43671875 0.0296875 0.0265625
0 0.86640625 0.40625 0.01953125 0.0234375
4 0.884375 0.37890625 0.01875 0.01171875
4 0.865625 0.525 0.01484375 0.01640625
6 0.67578125 0.5578125 0.04375 0.03046875
4 0.61953125 0.52421875 0.01484375 0.01796875
4 0.59375 0.54375 0.0140625 0.02109375
4 0.48046875 0.52890625 0.01953125 0.01953125
2 0.41171875 0.5296875 0.02890625 0.0234375
2 0.3875 0.50546875 0.0265625 0.02578125
2 0.25546875 0.5734375 0.028125 0.0234375
4 0.203125 0.5515625 0.01640625 0.01796875
0 0.1390625 0.55 0.021875 0.0203125
3 0.10078125 0.5109375 0.0203125 0.01875
2 0.103125 0.53515625 0.02109375 0.021875
2 0.0734375 0.51171875 0.028125 0.02421875
2 0.07890625 0.5390625 0.0265625 0.0234375
2 0.046875 0.51953125 0.02578125 0.02578125
2 0.04453125 0.5453125 0.03125 0.021875
2 0.04375 0.56796875 0.03046875 0.01796875
4 0.0390625 0.5 0.015625 0.0140625
4 0.04140625 0.58203125 0.01171875 0.0109375
4 0.05546875 0.58359375 0.009375 0.0109375
4 0.06640625 0.55703125 0.01640625 0.009375
4 0.0671875 0.5765625 0.01328125 0.01328125