4 0.7203125 0.5359375 0.01484375 0.02109375
2 0.73203125 0.45625 0.02890625 0.0234375
2 0.67578125 0.47421875 0.02578125 0.028125
0 0.64375 0.47109375 0.0234375 0.03046875
1 0.63984375 0.5078125 0.05390625 0.034375
2 0.70703125 0.803125 0.0234375 0.0390625
2 0.72890625 0.69296875 0.02421875 0.03984375
0 0.9 0.5765625 0.01796875 0.021875
4 0.93984375 0.578125 0.01484375 0.0265625
0 0.54921875 0.51171875 0.01171875 0.0296875
0 0.540625 0.546875 0.01484375 0.03125
0 0.5234375 0.60390625 0.01875 0.03125
0 0.51328125 0.66171875 0.015625 0.0265625
0 0.44921875 0.68671875 0.0140625 0.034375
4 0.54296875 0.46640625 0.01171875 0.02578125
4 0.45625 0.49140625 0.01484375 0.02109375
6 0.50078125 0.41171875 0.040625 0.0796875
2 0.6484375 0.54921875 0.025 0.02109375
4 0.61171875 0.53203125 0.01484375 0.01640625
2 0.61796875 0.56171875 0.025 0.015625
0 0.76953125 0.640625 0.01015625 0.0265625
0 0.78828125 0.63671875 0.01328125 0.02578125
4 0.78046875 0.65390625 0.00703125 0.021875
4 0.7046875 0.62421875 0.0140625 0.01484375
4 0.70546875 0.6359375 0.01328125 0.01015625
4 0.70546875 0.65 0.01328125 0.01015625
4 0.73359375 0.646875 0.01796875 0.0109375
4 0.73203125 0.6640625 0.01171875 0.01171875
4 0.915625 0.56640625 0.01015625 0.01328125
4 0.97890625 0.565625 0.01796875 0.025
4 0.8796875 0.3765625 0.01015625 0.025
4 0.7625 0.4203125 0.00859375 0.01953125
4 0.728125 0.27109375 0.01171875 0.01640625
4 0.7203125 0.30703125 0.0109375 0.01953125
4 0.771875 0.37421875 0.00859375 0.01953125
4 0.7546875 0.37109375 0.00859375 0.02109375
4 0.7625 0.37734375 0.00859375 0.0203125
4 0.8078125 0.36796875 0.009375 0.01953125
4 0.796875 0.3734375 0.00859375 0.021875
4 0.84296875 0.371875 0.00859375 0.01796875
4 0.81171875 0.41953125 0.00703125 0.01796875
4 0.82421875 0.4203125 0.01015625 0.01875
4 0.846875 0.41640625 0.00703125 0.01953125
4 0.8734375 0.4140625 0.01171875 0.015625
4 0.55078125 0.0109375 0.0140625 0.021875
2 0.51484375 0.103125 0.01796875 0.0390625
2 0.49140625 0.1875 0.0203125 0.034375
4 0.50625 0.2359375 0.0140625 0.02578125
4 0.48046875 0.31640625 0.0109375 0.01875
0 0.47109375 0.309375 0.01328125 0.0234375
4 0.4671875 0.35703125 0.01171875 0.02421875
0 0.55546875 0.40234375 0.015625 0.03203125
0 0.56953125 0.36171875 0.01328125 0.0265625
0 0.55703125 0.328125 0.009375 0.0359375
4 0.5640625 0.33671875 0.00859375 0.02109375
0 0.58125 0.2796875 0.009375 0.0265625
0 0.571875 0.2609375 0.00859375 0.02890625
0 0.584375 0.23828125 0.01328125 0.03671875
6 0.55546875 0.253125 0.03671875 0.0890625
0 0.58984375 0.17890625 0.01171875 0.0265625
4 0.58984375 0.2015625 0.01328125 0.01484375
4 0.59375 0.21171875 0.009375 0.01484375
4 0.60546875 0.16640625 0.00703125 0.02109375
4 0.59609375 0.1828125 0.00703125 0.015625
4 0.609375 0.1359375 0.00703125 0.0234375
0 0.60078125 0.14140625 0.00859375 0.02578125
0 0.609375 0.096875 0.009375 0.02578125
1 0.590625 0.11640625 0.02890625 0.0859375
4 0.6078125 0.07421875 0.00703125 0.0140625
4 0.60390625 0.04609375 0.00703125 0.0203125
0 0.60625 0.01796875 0.0109375 0.0234375
0 0.61328125 0.03984375 0.00703125 0.02421875
4 0.60078125 0.36171875 0.00703125 0.0140625
4 0.6078125 0.3765625 0.00859375 0.0109375
4 0.59921875 0.3453125 0.00625 0.01015625
4 0.60859375 0.35703125 0.00546875 0.0109375
4 0.61484375 0.39453125 0.00625 0.01484375
4 0.4171875 0.91484375 0.01015625 0.0296875
0 0.403125 0.87109375 0.0140625 0.03203125
4 0.38828125 0.784375 0.01640625 0.021875
0 0.3453125 0.78984375 0.0140625 0.03125
4 0.365625 0.81875 0.0140625 0.01328125
1 0.16171875 0.478125 0.06015625 0.0546875
4 0.08359375 0.40703125 0.021875 0.02421875
0 0.27109375 0.440625 0.01640625 0.025
0 0.30078125 0.46640625 0.01484375 0.01953125
2 0.30859375 0.48671875 0.021875 0.01953125
2 0.33359375 0.46796875 0.0203125 0.01875
3 0.33828125 0.4859375 0.0296875 0.02421875
2 0.384375 0.45703125 0.021875 0.01875
2 0.38671875 0.47578125 0.0203125 0.01875
2 0.3890625 0.4953125 0.02109375 0.021875
2 0.365625 0.49296875 0.02109375 0.021875
4 0.315625 0.43203125 0.01171875 0.01171875
4 0.31640625 0.44921875 0.01171875 0.01328125
4 0.31640625 0.46484375 0.01015625 0.0109375
4 0.31796875 0.4734375 0.01171875 0.01015625
4 0.3328125 0.44296875 0.01015625 0.0140625
0 0.34921875 0.44375 0.0140625 0.01640625
0 0.3578125 0.45625 0.01640625 0.01484375
1 0.296875 0.51953125 0.06484375 0.04296875
1 0.36015625 0.5328125 0.053125 0.03046875
4 0.36953125 0.4765625 0.009375 0.01171875
4 0.3578125 0.46875 0.01171875 0.01015625
4 0.359375 0.478125 0.01171875 0.009375
4 0.375 0.434375 0.01171875 0.01484375
4 0.3734375 0.46796875 0.009375 0.01015625
4 0.3890625 0.38046875 0.009375 0.02109375
4 0.36328125 0.43671875 0.009375 0.00859375
4 0.38984375 0.43828125 0.009375 0.0140625
6 0.37421875 0.59140625 0.0453125 0.04140625
6 0.434375 0.575 0.06171875 0.07421875
4 0.40078125 0.378125 0.00625 0.025
4 0.409375 0.37734375 0.00546875 0.025
4 0.4203125 0.34140625 0.009375 0.01953125
4 0.421875 0.3734375 0.00546875 0.02109375
4 0.43828125 0.36328125 0.009375 0.0140625
4 0.44609375 0.33671875 0.01171875 0.015625
4 0.43828125 0.3109375 0.009375 0.015625
4 0.4359375 0.321875 0.0109375 0.0109375
4 0.4578125 0.284375 0.01796875 0.01171875
4 0.453125 0.3140625 0.01015625 0.01015625
4 0.4296875 0.3359375 0.00859375 0.01875
4 0.49765625 0.76796875 0.00859375 0.02890625
4 0.51640625 0.7125 0.00859375 0.01953125
0 0.50390625 0.7140625 0.0140625 0.03828125
0 0.4828125 0.8796875 0.01328125 0.03515625
0 0.446875 0.82421875 0.01171875 0.0296875
4 0.428125 0.8265625 0.01015625 0.025
4 0.41953125 0.803125 0.01171875 0.01953125
0 0.428125 0.77109375 0.01328125 0.0265625
0 0.46328125 0.834375 0.0109375 0.025
4 0.471875 0.8390625 0.00859375 0.0265625
4 0.4421875 0.77421875 0.00625 0.01953125
4 0.43984375 0.79921875 0.0109375 0.01953125
4 0.42734375 0.79296875 0.01015625 0.01484375
4 0.46328125 0.77421875 0.00703125 0.021875
4 0.4484375 0.77109375 0.00546875 0.025
2 0.45546875 0.77421875 0.00703125 0.03125
4 0.446875 0.96796875 0.01171875 0.0265625
4 0.43671875 0.76953125 0.0046875 0.028125
4 0.25390625 0.5640625 0.015625 0.021875
2 0.02890625 0.5359375 0.02421875 0.02578125
2 0.0515625 0.5515625 0.021875 0.0203125
2 0.07578125 0.55078125 0.021875 0.0203125
2 0.040625 0.578125 0.015625 0.03203125
2 0.05546875 0.57890625 0.01328125 0.02890625
2 0.09296875 0.5765625 0.02578125 0.025
4 0.0703125 0.53046875 0.0140625 0.01796875
2 0.18125 0.6109375 0.025 0.02890625
2 0.096875 0.6484375 0.015625 0.03359375
2 0.09296875 0.68046875 0.01796875 0.03515625
2 0.08515625 0.721875 0.02109375 0.0359375