2 0.4515625 0.50625 0.03046875 0.03828125
2 0.590625 0.69296875 0.01953125 0.04375
2 0.5546875 0.31640625 0.025 0.034375
2 0.5515625 0.246875 0.025 0.03046875
2 0.51796875 0.27265625 0.02421875 0.034375
0 0.88359375 0.98828125 0.01875 0.0234375
0 0.38515625 0.54296875 0.01484375 0.03359375
0 0.3453125 0.51796875 0.01484375 0.04296875
3 0.253125 0.796875 0.01640625 0.04296875
0 0.2765625 0.8359375 0.01484375 0.03828125
0 0.3265625 0.8234375 0.01640625 0.03359375
0 0.35546875 0.75703125 0.01328125 0.03828125
0 0.39609375 0.71875 0.01640625 0.02890625
0 0.30703125 0.94375 0.01484375 0.034375
0 0.628125 0.45625 0.01640625 0.03046875
0 0.478125 0.3953125 0.01875 0.028125
2 0.33359375 0.30703125 0.0203125 0.046875
2 0.38359375 0.2859375 0.0203125 0.0359375
2 0.328125 0.378125 0.01796875 0.046875
0 0.74609375 0.33203125 0.0203125 0.02890625
2 0.725 0.96171875 0.03046875 0.025
6 0.565625 0.95390625 0.04609375 0.071875
2 0.23203125 0.184375 0.02890625 0.0296875
2 0.19296875 0.12265625 0.021875 0.04453125
4 0.753125 0.925 0.0109375 0.0203125
4 0.65625 0.81796875 0.0109375 0.02421875
4 0.671875 0.84296875 0.0109375 0.021875
4 0.69453125 0.8390625 0.01875 0.02421875
4 0.4921875 0.55078125 0.01328125 0.02578125
4 0.54921875 0.528125 0.01328125 0.02421875
4 0.5875 0.5 0.01328125 0.03125
4 0.56875 0.44296875 0.01328125 0.0265625
4 0.50390625 0.4515625 0.0109375 0.03125
4 0.43359375 0.65078125 0.0109375 0.01953125
4 0.42578125 0.60625 0.01171875 0.01640625
3 0.278125 0.67421875 0.01875 0.03828125
3 0.25703125 0.2328125 0.02578125 0.03125
3 0.1921875 0.20390625 0.0234375 0.03984375
3 0.72890625 0.675 0.02578125 0.0359375
4 0.55546875 0.6265625 0.0109375 0.0234375
4 0.521875 0.61640625 0.01171875 0.02109375
4 0.534375 0.5890625 0.01640625 0.01875
4 0.5640625 0.66640625 0.0140625 0.02109375
4 0.61171875 0.65703125 0.01328125 0.01796875
4 0.603125 0.72578125 0.0140625 0.01875
4 0.61640625 0.74375 0.0140625 0.02421875
4 0.58203125 0.71796875 0.01484375 0.01953125
4 0.521875 0.640625 0.01171875 0.01953125
4 0.47734375 0.59375 0.01171875 0.0203125
4 0.509375 0.5984375 0.01640625 0.01640625
4 0.55234375 0.48515625 0.0109375 0.0234375
4 0.56328125 0.403125 0.01171875 0.01796875
4 0.5765625 0.3890625 0.01484375 0.01875
4 0.62890625 0.4 0.01484375 0.01953125
4 0.609375 0.38359375 0.0140625 0.01875
4 0.5984375 0.2828125 0.0109375 0.01953125
4 0.61953125 0.2640625 0.0140625 0.0203125
4 0.62109375 0.23203125 0.0140625 0.01796875
4 0.54453125 0.296875 0.0109375 0.01796875
4 0.52421875 0.3078125 0.01171875 0.01640625
4 0.5234375 0.32265625 0.01328125 0.01640625
4 0.54296875 0.34453125 0.01171875 0.01484375
4 0.4921875 0.3265625 0.015625 0.01640625
4 0.46796875 0.31953125 0.015625 0.01953125
4 0.4265625 0.340625 0.0140625 0.01953125
4 0.42578125 0.4359375 0.01015625 0.025
4 0.45234375 0.3921875 0.01171875 0.01640625
4 0.45703125 0.4046875 0.01171875 0.01953125
4 0.478125 0.42578125 0.01328125 0.01953125
4 0.4109375 0.41875 0.01328125 0.0234375
4 0.44140625 0.4390625 0.01015625 0.02109375
4 0.43359375 0.4578125 0.01484375 0.01875
4 0.40390625 0.43828125 0.00625 0.021875
4 0.40703125 0.5765625 0.01640625 0.0234375
4 0.421875 0.5765625 0.01171875 0.0203125
4 0.43828125 0.5671875 0.01171875 0.01796875
4 0.44453125 0.53828125 0.01796875 0.01796875
4 0.46171875 0.55859375 0.01484375 0.01640625
4 0.47109375 0.58125 0.0140625 0.01875
4 0.365625 0.58125 0.01171875 0.02109375
4 0.3625 0.5609375 0.01484375 0.0203125
4 0.38203125 0.4890625 0.0140625 0.01953125
4 0.40859375 0.48359375 0.01171875 0.02421875
4 0.39375 0.4703125 0.01171875 0.0203125
4 0.32578125 0.57421875 0.01015625 0.025
4 0.33046875 0.4796875 0.0140625 0.01953125
4 0.31875 0.31875 0.0140625 0.02578125
4 0.33046875 0.19140625 0.00859375 0.025
4 0.31796875 0.190625 0.01015625 0.015625
3 0.21328125 0.24765625 0.0234375 0.046875
4 0.265625 0.0609375 0.01328125 0.021875
2 0.22734375 0.0296875 0.025 0.04296875
4 0.17421875 0.109375 0.0109375 0.02421875
4 0.30546875 0.43203125 0.01015625 0.025
4 0.38125 0.65859375 0.01015625 0.02578125
4 0.39375 0.66953125 0.01171875 0.01953125
4 0.41171875 0.696875 0.01484375 0.01640625
4 0.42421875 0.68046875 0.01171875 0.01796875
4 0.45078125 0.69296875 0.0140625 0.01796875
4 0.45 0.6625 0.01328125 0.01640625
4 0.3640625 0.6703125 0.009375 0.0234375
4 0.36875 0.69375 0.0140625 0.0203125
4 0.36796875 0.71796875 0.0140625 0.01796875
4 0.37578125 0.73203125 0.009375 0.0234375
4 0.30390625 0.6984375 0.01171875 0.02578125
4 0.321875 0.67578125 0.009375 0.02578125
4 0.3234375 0.70546875 0.01015625 0.0234375
4 0.3359375 0.68359375 0.01171875 0.02421875
4 0.3078125 0.89921875 0.0109375 0.02578125
4 0.28046875 0.9453125 0.01171875 0.0265625
4 0.23203125 0.95390625 0.01640625 0.03125
4 0.39296875 0.55703125 0.009375 0.0234375
4 0.49140625 0.6140625 0.01015625 0.01484375
4 0.4953125 0.603125 0.01328125 0.01328125
4 0.56875 0.34453125 0.01171875 0.02109375
4 0.7609375 0.28046875 0.0140625 0.01953125
4 0.80078125 0.26640625 0.01484375 0.01953125
4 0.834375 0.23359375 0.01796875 0.0203125
4 0.94921875 0.18125 0.01875 0.02109375
4 0.97578125 0.1359375 0.01796875 0.0203125
4 0.93671875 0.27734375 0.01328125 0.0203125
4 0.9296875 0.00859375 0.015625 0.0171875
4 0.8734375 0.40390625 0.0140625 0.02421875
4 0.8234375 0.496875 0.01171875 0.02109375
3 0.82421875 0.44921875 0.03359375 0.06640625
3 0.86953125 0.3390625 0.03046875 0.06328125
3 0.83828125 0.3109375 0.03046875 0.04375
3 0.8125 0.33046875 0.0296875 0.028125
3 0.73671875 0.3859375 0.02578125 0.04453125
3 0.6703125 0.4359375 0.02890625 0.0390625
3 0.621875 0.48828125 0.0203125 0.028125
3 0.6671875 0.5625 0.02109375 0.03359375
3 0.6859375 0.5859375 0.025 0.04609375
3 0.71875 0.64609375 0.025 0.04296875
2 0.75859375 0.63046875 0.021875 0.03828125
4 0.6390625 0.640625 0.0109375 0.028125
4 0.71953125 0.9328125 0.01328125 0.02109375
4 0.77109375 0.95703125 0.0140625 0.021875
4 0.80703125 0.91328125 0.01328125 0.021875
4 0.83203125 0.92734375 0.0140625 0.02109375
4 0.83828125 0.97109375 0.01328125 0.01796875
4 0.8609375 0.98203125 0.01328125 0.02109375
4 0.778125 0.7015625 0.01328125 0.0203125
4 0.29921875 0.79609375 0.01171875 0.0203125
4 0.30390625 0.86171875 0.01171875 0.021875
2 0.31015625 0.109375 0.01953125 0.03671875
2 0.40625 0.1421875 0.0234375 0.03828125
2 0.86796875 0.2875 0.02578125 0.03359375
3 0.80703125 0.5046875 0.015625 0.034375
3 0.634375 0.503125 0.02578125 0.03671875
3 0.63046875 0.54140625 0.01484375 0.025
3 0.70703125 0.6328125 0.0203125 0.0359375
3 0.7015625 0.41796875 0.0296875 0.03828125
3 0.5234375 0.21875 0.021875 0.0296875
2 0.66171875 0.1484375 0.0234375 0.0265625
2 0.62109375 0.15703125 0.01640625 0.0453125
4 0.6109375 0.13203125 0.00859375 0.01953125
4 0.55546875 0.184375 0.0046875 0.0203125
4 0.55078125 0.1890625 0.00625 0.0234375
4 0.5640625 0.196875 0.00625 0.01875
4 0.584375 0.2 0.00546875 0.015625
4 0.59296875 0.1953125 0.00703125 0.01953125
4 0.6046875 0.17421875 0.00546875 0.02421875
4 0.6125 0.15625 0.00546875 0.01875
4 0.5984375 0.1765625 0.00625 0.01875
4 0.59140625 0.171875 0.0046875 0.01875
4 0.58515625 0.1859375 0.00625 0.015625
4 0.578125 0.1828125 0.00546875 0.021875
4 0.63203125 0.14375 0.00859375 0.02109375
4 0.64296875 0.13046875 0.00703125 0.01640625
4 0.65 0.128125 0.00546875 0.0203125
4 0.65703125 0.12578125 0.00546875 0.01875
4 0.66328125 0.12421875 0.0046875 0.01796875
4 0.66796875 0.1234375 0.00625 0.01796875
4 0.68046875 0.13046875 0.01015625 0.01640625
4 0.70625 0.1140625 0.01328125 0.01171875
4 0.69453125 0.103125 0.00625 0.025
4 0.68359375 0.1109375 0.00546875 0.02421875
4 0.690625 0.10625 0.00546875 0.0234375
4 0.7734375 0.03359375 0.00859375 0.02109375
4 0.78046875 0.02890625 0.00546875 0.021875
4 0.79296875 0.028125 0.00859375 0.01640625
4 0.465625 0.278125 0.00859375 0.025
4 0.47421875 0.27734375 0.00703125 0.02109375
4 0.48203125 0.27578125 0.00625 0.021875
4 0.4859375 0.2640625 0.00546875 0.0234375
4 0.50390625 0.26328125 0.00859375 0.021875
4 0.45 0.2984375 0.00703125 0.01796875
4 0.43828125 0.2890625 0.00625 0.02421875
4 0.4328125 0.2859375 0.00546875 0.02421875
4 0.4234375 0.2859375 0.00859375 0.01796875
4 0.415625 0.2734375 0.00703125 0.01640625
4 0.409375 0.2609375 0.00703125 0.021875
4 0.4078125 0.24375 0.01015625 0.0109375
4 0.3734375 0.25078125 0.009375 0.01171875
4 0.38671875 0.22890625 0.009375 0.015625
4 0.3890625 0.21171875 0.01171875 0.01875
4 0.390625 0.1890625 0.00859375 0.01640625
4 0.35390625 0.04765625 0.009375 0.01796875
4 0.34375 0.03828125 0.009375 0.01953125
4 0.34375 0.01015625 0.009375 0.01328125
4 0.36328125 0.059375 0.01015625 0.01875
4 0.378125 0.07890625 0.00703125 0.01640625
4 0.390625 0.10625 0.00703125 0.01953125
4 0.33203125 0.05859375 0.00703125 0.015625
4 0.3453125 0.06875 0.00859375 0.01484375
4 0.3359375 0.065625 0.00859375 0.015625
4 0.32578125 0.0671875 0.009375 0.009375
4 0.321875 0.07265625 0.01015625 0.0140625
4 0.33203125 0.07890625 0.00703125 0.015625
4 0.31171875 0.08515625 0.0109375 0.015625
4 0.31875 0.09453125 0.00703125 0.01640625
4 0.32578125 0.0984375 0.00703125 0.01796875
4 0.340625 0.10390625 0.00703125 0.01796875
4 0.34609375 0.11015625 0.00625 0.01484375
4 0.35078125 0.09453125 0.009375 0.01875
4 0.35390625 0.10234375 0.00625 0.015625
4 0.365625 0.09453125 0.00703125 0.01875
4 0.36015625 0.08828125 0.00703125 0.01875
4 0.38046875 0.10078125 0.009375 0.01796875
4 0.384375 0.12890625 0.00546875 0.01796875
4 0.378125 0.11875 0.00703125 0.01796875
4 0.3734375 0.12890625 0.00625 0.021875
4 0.37890625 0.140625 0.00703125 0.01953125
4 0.36875 0.115625 0.00859375 0.01875
4 0.36015625 0.115625 0.00703125 0.01640625
4 0.35078125 0.13671875 0.009375 0.01640625
4 0.34453125 0.13359375 0.00703125 0.01796875
4 0.34140625 0.125 0.00859375 0.01484375
4 0.30859375 0.5859375 0.00859375 0.01953125
4 0.22578125 0.83828125 0.0109375 0.01171875
4 0.2296875 0.82109375 0.0109375 0.0140625
4 0.23671875 0.80390625 0.01015625 0.0109375
4 0.2390625 0.7859375 0.01015625 0.0109375
4 0.23671875 0.79375 0.01015625 0.01015625
4 0.24375 0.77109375 0.01015625 0.0109375
4 0.775 0.74453125 0.01171875 0.01328125
4 0.78046875 0.73515625 0.01015625 0.009375
4 0.7828125 0.725 0.009375 0.01015625
4 0.790625 0.70703125 0.01015625 0.01015625
4 0.80859375 0.64921875 0.0109375 0.01328125
4 0.828125 0.60078125 0.01015625 0.01171875
4 0.81953125 0.6265625 0.01015625 0.01484375
4 0.81796875 0.634375 0.01015625 0.01328125
4 0.81640625 0.6421875 0.01015625 0.01328125
4 0.80625 0.66015625 0.009375 0.01796875
4 0.8015625 0.66953125 0.0109375 0.01484375
4 0.79921875 0.68359375 0.0109375 0.01796875
4 0.78515625 0.553125 0.01171875 0.0109375
4 0.79140625 0.54453125 0.01171875 0.01171875
4 0.78046875 0.56171875 0.0109375 0.01171875
4 0.7765625 0.571875 0.009375 0.0109375
6 0.078125 0.02890625 0.04296875 0.05703125
3 0.23203125 0.28203125 0.02890625 0.04375
4 0.2359375 0.240625 0.00859375 0.0140625
4 0.24375 0.23828125 0.00859375 0.02109375
3 0.52265625 0.7078125 0.0265625 0.0359375
2 0.8484375 0.38828125 0.025 0.04296875