5 0.21796875 0.68671875 0.065625 0.04375
5 0.28046875 0.67578125 0.05703125 0.06640625
6 0.77109375 0.81953125 0.04609375 0.05
6 0.896875 0.81953125 0.05546875 0.0453125
2 0.1875 0.821875 0.04296875 0.03359375
2 0.32265625 0.83203125 0.03671875 0.05390625
2 0.48515625 0.66015625 0.015625 0.0703125
2 0.53125 0.81171875 0.040625 0.03984375
2 0.5890625 0.81328125 0.028125 0.05
2 0.546875 0.71796875 0.02890625 0.05859375
2 0.515625 0.41953125 0.01953125 0.09453125
2 0.521875 0.6 0.01953125 0.07109375
2 0.509375 0.6734375 0.01484375 0.07109375
2 0.64453125 0.69296875 0.04609375 0.05
2 0.925 0.85546875 0.03984375 0.028125
2 0.08203125 0.93984375 0.03125 0.02578125
0 0.03203125 0.946875 0.0296875 0.03046875
4 0.1609375 0.74453125 0.015625 0.01640625
4 0.10390625 0.73828125 0.021875 0.021875
4 0.2984375 0.89609375 0.01796875 0.02578125
4 0.284375 0.78359375 0.01953125 0.015625
2 0.371875 0.93359375 0.034375 0.03046875
0 0.46015625 0.8171875 0.0140625 0.05
4 0.58203125 0.675 0.01796875 0.0234375
0 0.6890625 0.86640625 0.01484375 0.0234375
4 0.740625 0.896875 0.01484375 0.01640625
4 0.67109375 0.85703125 0.0140625 0.01484375
4 0.9078125 0.703125 0.01484375 0.0359375
4 0.9609375 0.70546875 0.025 0.02578125
4 0.815625 0.76171875 0.01796875 0.028125
4 0.83671875 0.890625 0.01328125 0.034375
4 0.6984375 0.7578125 0.021875 0.03984375
4 0.36640625 0.77578125 0.01875 0.01640625
4 0.3984375 0.87578125 0.01875 0.01640625