2 0.140625 0.73359375 0.0234375 0.01796875
2 0.14375 0.86796875 0.02109375 0.01953125
2 0.403125 0.8234375 0.0203125 0.01796875
2 0.4296875 0.82109375 0.01796875 0.01640625
2 0.45546875 0.82421875 0.02109375 0.01875
2 0.4265625 0.87578125 0.01875 0.01953125
2 0.3890625 0.91953125 0.01953125 0.01796875
2 0.47734375 0.81953125 0.01953125 0.01796875
2 0.5015625 0.8234375 0.01953125 0.01875
2 0.51328125 0.8796875 0.0203125 0.01875
2 0.54609375 0.82109375 0.01796875 0.03359375
2 0.634375 0.88359375 0.0234375 0.01953125
2 0.878125 0.86953125 0.02578125 0.021875
2 0.04375 0.82890625 0.0265625 0.0203125
2 0.50078125 0.7515625 0.01875 0.03203125
2 0.5515625 0.89375 0.021875 0.01953125
2 0.4796875 0.62578125 0.01015625 0.0359375
2 0.50625 0.0765625 0.009375 0.03984375
2 0.50625 0.70703125 0.0109375 0.04609375
3 0.46875 0.54296875 0.009375 0.03515625
1 0.4765625 0.27109375 0.01484375 0.103125
1 0.21953125 0.68046875 0.0546875 0.0296875
1 0.27578125 0.67421875 0.0546875 0.0296875
4 0.06953125 0.79921875 0.01328125 0.01015625
4 0.1515625 0.79140625 0.0109375 0.01171875
4 0.1609375 0.89375 0.01015625 0.0109375
4 0.2390625 0.80546875 0.01171875 0.0109375
4 0.24453125 0.784375 0.01015625 0.01171875
4 0.3078125 0.78125 0.01015625 0.01171875
4 0.33046875 0.8015625 0.009375 0.0109375
4 0.25625 0.909375 0.009375 0.01015625
4 0.146875 0.9359375 0.009375 0.009375
4 0.184375 0.94921875 0.009375 0.009375
4 0.36875 0.80859375 0.009375 0.0109375
4 0.40625 0.759375 0.01015625 0.009375
4 0.459375 0.78359375 0.009375 0.00859375
4 0.47421875 0.84609375 0.00703125 0.015625
4 0.49765625 0.7984375 0.009375 0.009375
4 0.50625 0.7890625 0.009375 0.01015625
4 0.5109375 0.80078125 0.00703125 0.009375
4 0.51796875 0.79375 0.0046875 0.0140625
4 0.521875 0.815625 0.00859375 0.00859375
4 0.58125 0.76171875 0.009375 0.01171875
4 0.56640625 0.84140625 0.009375 0.0140625
4 0.571875 0.85546875 0.01015625 0.01171875
4 0.609375 0.86015625 0.01015625 0.01015625
4 0.6765625 0.79375 0.01015625 0.01015625
4 0.68203125 0.8640625 0.0109375 0.01015625
4 0.77421875 0.8 0.0109375 0.01328125
4 0.83046875 0.78984375 0.009375 0.01328125
4 0.8671875 0.7953125 0.00859375 0.01015625
4 0.815625 0.86015625 0.01171875 0.00859375
4 0.69140625 0.70546875 0.01015625 0.01171875
4 0.8265625 0.740625 0.0109375 0.01015625
4 0.90859375 0.72578125 0.01015625 0.0109375
4 0.94375 0.74453125 0.01015625 0.01328125
4 0.51875 0.559375 0.00625 0.01875
4 0.52421875 0.71171875 0.00625 0.0203125
4 0.48359375 0.69140625 0.00703125 0.01953125
4 0.46328125 0.6765625 0.00625 0.0203125
4 0.49765625 0.68203125 0.00390625 0.0140625
4 0.46328125 0.4453125 0.00546875 0.01875
4 0.52109375 0.05546875 0.00546875 0.0203125
0 0.14140625 0.96875 0.015625 0.0203125
0 0.3703125 0.90078125 0.01328125 0.01796875
0 0.896875 0.79609375 0.01484375 0.01953125
0 0.771875 0.71171875 0.0140625 0.01640625
2 0.58984375 0.6890625 0.01328125 0.01796875
2 0.65546875 0.68203125 0.01171875 0.01171875
0 0.471875 0.43359375 0.00703125 0.02421875
0 0.52734375 0.79375 0.0109375 0.02109375
4 0.60078125 0.9109375 0.01171875 0.01015625
3 0.52109375 0.91796875 0.01640625 0.01875