2 0.01796875 0.03828125 0.01796875 0.04375
4 0.0453125 0.04140625 0.0109375 0.01640625
4 0.00625 0.0609375 0.01015625 0.0203125
4 0.00390625 0.04375 0.0078125 0.015625
4 0.03828125 0.00546875 0.00859375 0.0109375
4 0.021875 0.00625 0.009375 0.0125
2 0.00625 0.19609375 0.01171875 0.053125
2 0.153125 0.25703125 0.025 0.04296875
3 0.06953125 0.3203125 0.0234375 0.06875
0 0.03046875 0.27578125 0.015625 0.0265625
4 0.0109375 0.27109375 0.0109375 0.02109375
2 0.00859375 0.30703125 0.01640625 0.0484375
3 0.02109375 0.4359375 0.02578125 0.01953125
0 0.19609375 0.3703125 0.01953125 0.01171875
4 0.259375 0.3640625 0.0109375 0.009375
2 0.49921875 0.36796875 0.025 0.021875
2 0.50078125 0.4390625 0.02421875 0.0234375
2 0.6046875 0.45078125 0.0265625 0.02421875
2 0.61484375 0.42109375 0.02109375 0.02109375
4 0.60625 0.396875 0.01171875 0.009375
4 0.64375 0.36484375 0.01015625 0.01484375
4 0.6453125 0.3890625 0.01171875 0.0109375
2 0.6703125 0.44375 0.02578125 0.021875
4 0.68828125 0.41875 0.01171875 0.01171875
0 0.76640625 0.41484375 0.015625 0.01796875
2 0.77109375 0.1734375 0.0234375 0.02109375
2 0.77890625 0.25703125 0.02578125 0.025
2 0.78359375 0.43984375 0.02578125 0.02421875
2 0.82265625 0.409375 0.02578125 0.0203125
4 0.84453125 0.390625 0.01015625 0.009375
4 0.83984375 0.42109375 0.01328125 0.00625
2 0.88203125 0.43125 0.02578125 0.02109375
2 0.94296875 0.425 0.021875 0.021875
4 0.9484375 0.371875 0.01484375 0.00859375
4 0.95078125 0.403125 0.01328125 0.01328125
4 0.98515625 0.3953125 0.01171875 0.0109375
2 0.99375 0.4296875 0.01171875 0.02421875
4 0.81640625 0.53203125 0.015625 0.01328125
4 0.53515625 0.53203125 0.015625 0.01328125
6 0.54296875 0.56953125 0.0453125 0.028125
4 0.3953125 0.5703125 0.01328125 0.01171875
4 0.33671875 0.54296875 0.01171875 0.0140625
4 0.21015625 0.5359375 0.0140625 0.01328125
2 0.15625 0.51328125 0.02578125 0.0234375
2 0.16328125 0.57109375 0.02578125 0.025
2 0.1140625 0.5890625 0.02578125 0.01953125
2 0.10390625 0.53984375 0.021875 0.01796875
3 0.10078125 0.5140625 0.01953125 0.0203125
2 0.071875 0.51328125 0.0265625 0.02109375
2 0.07734375 0.54140625 0.0265625 0.021875
0 0.0765625 0.5609375 0.01953125 0.0140625
2 0.0453125 0.51953125 0.021875 0.01796875
2 0.04375 0.5484375 0.02578125 0.01953125
2 0.04375 0.56796875 0.02578125 0.01953125
4 0.0390625 0.50390625 0.015625 0.009375
4 0.06171875 0.55625 0.01015625 0.00859375
4 0.09140625 0.571875 0.01328125 0.00859375
4 0.065625 0.5765625 0.01484375 0.00859375
4 0.05390625 0.58515625 0.0140625 0.01171875
4 0.0390625 0.584375 0.0140625 0.01171875