4 0.02578125 0.43515625 0.01171875 0.01484375
4 0.040625 0.44609375 0.0109375 0.009375
4 0.05234375 0.4578125 0.01328125 0.009375
4 0.0609375 0.53046875 0.01015625 0.01015625
4 0.05546875 0.57109375 0.01015625 0.01171875
4 0.071875 0.54375 0.01015625 0.01328125
4 0.08828125 0.54375 0.0109375 0.00859375
4 0.1109375 0.53046875 0.01015625 0.009375
4 0.1609375 0.45625 0.01171875 0.009375
4 0.18671875 0.4421875 0.01328125 0.0109375
4 0.190625 0.45859375 0.0109375 0.01171875
4 0.2109375 0.428125 0.01171875 0.0109375
4 0.22578125 0.45859375 0.01015625 0.0140625
4 0.165625 0.56953125 0.009375 0.01328125
4 0.19140625 0.56640625 0.009375 0.01015625
4 0.22421875 0.540625 0.01015625 0.01328125
4 0.24375 0.559375 0.01328125 0.01171875
4 0.2734375 0.53984375 0.01015625 0.0140625
4 0.28359375 0.46171875 0.01484375 0.01484375
6 0.24765625 0.43359375 0.02421875 0.021875
6 0.03125 0.53984375 0.03671875 0.03125
0 0.0765625 0.5609375 0.01875 0.01640625
0 0.14921875 0.54140625 0.0140625 0.0140625
0 0.1515625 0.56015625 0.01640625 0.01640625
4 0.35 0.43515625 0.01484375 0.01484375
4 0.3875 0.4234375 0.0109375 0.01484375
4 0.396875 0.46171875 0.01171875 0.009375
4 0.42109375 0.44609375 0.0109375 0.01328125
4 0.4265625 0.46484375 0.01171875 0.0140625
4 0.353125 0.52734375 0.01171875 0.0140625
4 0.365625 0.5359375 0.009375 0.0109375
4 0.3640625 0.5546875 0.01171875 0.015625
4 0.38515625 0.521875 0.01171875 0.009375
4 0.38984375 0.5359375 0.01171875 0.01171875
4 0.37421875 0.546875 0.0109375 0.01171875
4 0.38828125 0.55546875 0.0109375 0.01171875
4 0.40625 0.525 0.01171875 0.0140625
4 0.440625 0.53359375 0.009375 0.01171875
4 0.4609375 0.5203125 0.0109375 0.0140625
4 0.328125 0.51875 0.0140625 0.00859375
4 0.3203125 0.5265625 0.01171875 0.0140625
4 0.32109375 0.540625 0.01171875 0.00703125
4 0.50546875 0.46015625 0.01015625 0.01328125
4 0.52421875 0.44609375 0.01328125 0.0140625
4 0.55078125 0.43671875 0.01015625 0.01875
4 0.5015625 0.42421875 0.01171875 0.01484375
4 0.59453125 0.41875 0.01171875 0.01171875
4 0.5140625 0.5296875 0.01484375 0.01796875
4 0.53203125 0.5265625 0.00859375 0.0109375
4 0.54609375 0.5296875 0.01171875 0.01171875
4 0.55625 0.54140625 0.015625 0.01953125
4 0.553125 0.5578125 0.0140625 0.009375
0 0.5078125 0.55390625 0.01640625 0.02109375
4 0.646875 0.43125 0.01484375 0.0109375
4 0.67578125 0.4171875 0.015625 0.00859375
4 0.696875 0.42890625 0.01171875 0.01640625
4 0.67265625 0.45078125 0.015625 0.015625
4 0.7515625 0.4375 0.01171875 0.0109375
4 0.6828125 0.5453125 0.0109375 0.01796875
4 0.71328125 0.54453125 0.0140625 0.01796875
2 0.684375 0.521875 0.02421875 0.025
2 0.62421875 0.525 0.02421875 0.01953125
2 0.77890625 0.5234375 0.0234375 0.021875
3 0.853125 0.51796875 0.02578125 0.02578125
0 0.81796875 0.54609375 0.01875 0.0203125
0 0.75 0.55390625 0.01875 0.01796875
0 0.80546875 0.43125 0.01640625 0.01640625
6 0.74375 0.41953125 0.021875 0.01875
0 0.86875 0.4453125 0.01953125 0.01484375
0 0.909375 0.4375 0.0203125 0.01953125
6 0.9234375 0.4203125 0.021875 0.01953125
4 0.90703125 0.45546875 0.0140625 0.01328125
4 0.88203125 0.553125 0.01796875 0.01875
4 0.85078125 0.5640625 0.01015625 0.01171875
4 0.88515625 0.53671875 0.01328125 0.01796875
4 0.89296875 0.5265625 0.0109375 0.01796875
4 0.90078125 0.51640625 0.0140625 0.01640625
4 0.91328125 0.50390625 0.01640625 0.01875
4 0.91171875 0.52421875 0.0140625 0.01171875
4 0.9671875 0.51796875 0.015625 0.0109375
4 0.95078125 0.54765625 0.01328125 0.01328125
4 0.990625 0.5546875 0.01875 0.0234375
0 0.3265625 0.55546875 0.0203125 0.0296875
4 0.81953125 0.52578125 0.01875 0.01875
4 0.95625 0.43828125 0.0140625 0.01953125
4 0.1515625 0.421875 0.01875 0.0203125