4 0.00625 0.01953125 0.00859375 0.028125
4 0.096875 0.03515625 0.0109375 0.028125
4 0.00546875 0.09296875 0.0109375 0.02421875
2 0.04453125 0.13515625 0.01796875 0.04921875
2 0.06171875 0.13671875 0.01640625 0.04296875
2 0.034375 0.18671875 0.01484375 0.03671875
2 0.05078125 0.18125 0.0140625 0.04453125
2 0.04375 0.23125 0.0203125 0.04453125
2 0.1484375 0.2734375 0.01796875 0.04296875
5 0.015625 0.24921875 0.02578125 0.0890625
5 0.06640625 0.3515625 0.02578125 0.075
4 0.09140625 0.35625 0.01640625 0.02421875
0 0.190625 0.384375 0.0140625 0.01796875
0 0.2234375 0.52421875 0.02109375 0.01953125
2 0.06171875 0.08359375 0.01953125 0.053125
3 0.578125 0.390625 0.02421875 0.028125
0 0.41953125 0.4015625 0.01640625 0.0203125
2 0.496875 0.36953125 0.02578125 0.025
4 0.56484375 0.340625 0.0140625 0.0140625
2 0.7765625 0.24375 0.02890625 0.02578125
2 0.7671875 0.159375 0.02578125 0.0296875
2 0.896875 0.3234375 0.03203125 0.02890625
2 0.9828125 0.3203125 0.02578125 0.028125
2 0.70078125 0.4796875 0.02890625 0.02578125
4 0.01953125 0.11015625 0.0109375 0.0265625
0 0.5984375 0.5234375 0.01796875 0.0234375
4 0.715625 0.540625 0.01171875 0.01640625
4 0.81953125 0.4203125 0.01484375 0.01796875