5 0.746875 0.384375 0.04453125 0.015625
5 0.690625 0.3859375 0.0390625 0.01640625
4 0.7359375 0.40390625 0.00546875 0.00625
4 0.665625 0.42734375 0.00546875 0.0046875
4 0.61171875 0.30390625 0.003125 0.01015625
4 0.60703125 0.30703125 0.0015625 0.0109375
4 0.59609375 0.2984375 0.003125 0.01328125
4 0.59609375 0.28359375 0.003125 0.01171875
4 0.59296875 0.240625 0.003125 0.0140625
4 0.5953125 0.24140625 0.0015625 0.0140625
4 0.6015625 0.24375 0.003125 0.01328125
4 0.609375 0.24140625 0.003125 0.0109375
4 0.60625 0.2421875 0.0015625 0.01171875
4 0.57578125 0.28359375 0.003125 0.009375
4 0.57421875 0.29609375 0.0015625 0.0109375
4 0.5703125 0.2953125 0.003125 0.01171875
4 0.56640625 0.296875 0.003125 0.01171875
4 0.55625 0.28046875 0.0015625 0.01328125
4 0.553125 0.28046875 0.003125 0.01484375
4 0.5734375 0.23046875 0.003125 0.0109375
4 0.56875 0.2296875 0.003125 0.01015625
4 0.5453125 0.28046875 0.003125 0.0140625
2 0.59453125 0.31953125 0.00703125 0.021875
2 0.5859375 0.31875 0.00703125 0.02421875
2 0.54453125 0.328125 0.00625 0.025
2 0.534375 0.33046875 0.00546875 0.02578125
2 0.3984375 0.2984375 0.00703125 0.02421875
2 0.36953125 0.2921875 0.01640625 0.01171875
0 0.3484375 0.41640625 0.00859375 0.00703125
2 0.63203125 0.403125 0.0140625 0.0109375
5 0.9828125 0.5640625 0.034375 0.01796875
4 0.79296875 0.5390625 0.00546875 0.00703125
2 0.7515625 0.446875 0.01484375 0.0109375
1 0.659375 0.5890625 0.02578125 0.0140625
3 0.609375 0.49921875 0.01796875 0.0140625
3 0.54453125 0.46328125 0.01796875 0.01171875
3 0.46171875 0.475 0.01484375 0.01015625
3 0.41015625 0.56953125 0.015625 0.01171875
4 0.40078125 0.55546875 0.0046875 0.00546875
5 0.3015625 0.55546875 0.0359375 0.01796875
1 0.15625 0.55859375 0.03984375 0.01875
3 0.296875 0.465625 0.02421875 0.01328125
4 0.06484375 0.60078125 0.00703125 0.00546875
4 0.07109375 0.6234375 0.00546875 0.00546875
2 0.03984375 0.828125 0.009375 0.01875
5 0.06953125 0.746875 0.01015625 0.046875
5 0.09921875 0.73359375 0.01328125 0.05
5 0.153125 0.6765625 0.034375 0.01796875
5 0.17734375 0.6453125 0.03515625 0.01640625
5 0.30703125 0.63828125 0.02890625 0.01640625
4 0.26796875 0.5953125 0.0046875 0.0046875
4 0.4515625 0.5875 0.00546875 0.00546875
4 0.47890625 0.58828125 0.00546875 0.00546875
4 0.50703125 0.58671875 0.00625 0.00625
6 0.521875 0.62421875 0.0265625 0.01640625
6 0.540625 0.60078125 0.021875 0.01796875
4 0.60859375 0.59296875 0.00625 0.00703125
4 0.6171875 0.584375 0.00546875 0.00546875
2 0.6046875 0.6265625 0.0109375 0.01015625
2 0.69453125 0.63671875 0.00703125 0.0203125
2 0.703125 0.634375 0.00625 0.021875
2 0.70234375 0.65859375 0.00703125 0.01953125
2 0.7484375 0.65625 0.00625 0.0203125
3 0.7109375 0.62578125 0.00859375 0.021875
0 0.853125 0.65 0.0109375 0.0109375
0 0.85234375 0.60546875 0.00859375 0.00859375
6 0.91875 0.6421875 0.0390625 0.01875
2 0.95703125 0.6484375 0.01640625 0.01796875
2 0.971875 0.80390625 0.009375 0.01328125
2 0.97265625 0.81953125 0.01015625 0.01328125
2 0.99609375 0.878125 0.00703125 0.0265625
2 0.98984375 0.90625 0.00703125 0.02109375
2 0.98125 0.9140625 0.00703125 0.025
4 0.878125 0.884375 0.00390625 0.01171875
4 0.88515625 0.88125 0.003125 0.0109375
3 0.78671875 0.859375 0.01953125 0.01484375
3 0.74609375 0.9015625 0.00859375 0.03046875