0 0.34921875 0.51640625 0.01484375 0.01875
2 0.20625 0.75625 0.01640625 0.03046875
0 0.24765625 0.66640625 0.0140625 0.0203125
2 0.3265625 0.68828125 0.01875 0.03125
0 0.65546875 0.13671875 0.01171875 0.02421875
2 0.21640625 0.86953125 0.01796875 0.02890625
2 0.22109375 0.66171875 0.0203125 0.03515625
4 0.365625 0.61796875 0.00703125 0.0109375
2 0.26328125 0.50546875 0.015625 0.03515625
4 0.38046875 0.59296875 0.00546875 0.01171875
2 0.18125 0.921875 0.01796875 0.02890625
2 0.64296875 0.3171875 0.01640625 0.0296875
2 0.67890625 0.25078125 0.0203125 0.03125
2 0.1984375 0.89921875 0.01640625 0.0296875
2 0.65859375 0.28828125 0.01796875 0.03046875
2 0.16328125 0.95234375 0.01875 0.0296875
4 0.39296875 0.5734375 0.00703125 0.01171875
2 0.19921875 0.696875 0.01953125 0.03359375
4 0.63984375 0.35859375 0.00703125 0.01171875
4 0.6484375 0.3484375 0.00703125 0.01171875
4 0.659375 0.3546875 0.00859375 0.01171875
2 0.27890625 0.7765625 0.01875 0.0359375
0 0.66875 0.12421875 0.01171875 0.01796875
2 0.1484375 0.97578125 0.01640625 0.028125
2 0.546875 0.47421875 0.015625 0.03515625
2 0.159375 0.9265625 0.01875 0.03125
2 0.2390625 0.834375 0.01953125 0.03203125
2 0.26328125 0.803125 0.01875 0.03203125
4 0.3484375 0.65234375 0.00703125 0.0109375
2 0.4140625 0.56953125 0.01796875 0.02890625
2 0.34609375 0.66875 0.01796875 0.03046875
2 0.3640625 0.64453125 0.01640625 0.025
2 0.378125 0.62109375 0.015625 0.02421875
2 0.3953125 0.59609375 0.01796875 0.03125
3 0.54140625 0.6484375 0.01640625 0.034375
2 0.52109375 0.56328125 0.01328125 0.03203125
2 0.64609375 0.72734375 0.01796875 0.03359375
1 0.62109375 0.36796875 0.04296875 0.08046875
2 0.62890625 0.38359375 0.01484375 0.03359375
2 0.64609375 0.36796875 0.01796875 0.03203125
4 0.678125 0.328125 0.00859375 0.01484375
4 0.69140625 0.303125 0.00703125 0.01171875
4 0.671875 0.30546875 0.00859375 0.01484375
2 0.7078125 0.07578125 0.01875 0.03203125
2 0.69921875 0.221875 0.01640625 0.025
2 0.71328125 0.23671875 0.015625 0.02578125
2 0.70703125 0.26875 0.01796875 0.02421875
3 0.684375 0.2734375 0.02578125 0.03671875
4 0.696875 0.25 0.00859375 0.01484375
2 0.690625 0.2890625 0.0203125 0.0265625
2 0.6734375 0.31796875 0.0140625 0.0234375
5 0.659375 0.31796875 0.01640625 0.03125
2 0.6109375 0.42265625 0.01796875 0.02890625
0 0.6140625 0.4390625 0.01171875 0.01953125
2 0.58828125 0.428125 0.0140625 0.0234375
2 0.59296875 0.44453125 0.0140625 0.02578125
2 0.6 0.46171875 0.0140625 0.02578125
2 0.465625 0.4015625 0.01875 0.03046875
2 0.33515625 0.76328125 0.02109375 0.03828125
0 0.77890625 0.10859375 0.0140625 0.02109375
2 0.79921875 0.08125 0.0203125 0.03203125
0 0.60859375 0.4875 0.01171875 0.01953125
2 0.12890625 0.965625 0.01875 0.03203125
2 0.26171875 0.878125 0.01875 0.034375
2 0.309375 0.72109375 0.01796875 0.03203125
2 0.28203125 0.815625 0.01640625 0.03046875
4 0.6671875 0.34609375 0.00859375 0.01328125
4 0.69765625 0.30625 0.00546875 0.01171875
4 0.690625 0.31328125 0.00625 0.00859375
4 0.6828125 0.31640625 0.00859375 0.0140625
4 0.6984375 0.29296875 0.00625 0.0140625
4 0.71171875 0.278125 0.009375 0.009375
2 0.7265625 0.253125 0.01796875 0.0296875
0 0.721875 0.240625 0.01015625 0.01875
0 0.740625 0.22578125 0.0109375 0.01640625
2 0.7859375 0.19765625 0.02109375 0.03515625
2 0.72578125 0.18359375 0.02109375 0.028125
2 0.73125 0.20546875 0.01796875 0.02421875
2 0.74609375 0.1828125 0.01953125 0.025
2 0.75078125 0.203125 0.01796875 0.028125
2 0.7484375 0.15859375 0.01640625 0.0265625
0 0.76171875 0.15625 0.01328125 0.01875
2 0.765625 0.12890625 0.0203125 0.0296875
2 0.4515625 0.33984375 0.015625 0.03125
2 0.4984375 0.50703125 0.01640625 0.03671875
2 0.765625 0.18203125 0.01953125 0.03203125
2 0.7796875 0.1359375 0.01640625 0.02890625
2 0.7171875 0.8984375 0.0203125 0.034375
2 0.40703125 0.553125 0.01640625 0.03046875
2 0.28984375 0.746875 0.01796875 0.03046875
2 0.1984375 0.8546875 0.01640625 0.0296875
2 0.44296875 0.38828125 0.01484375 0.03359375
0 0.4546875 0.44140625 0.01015625 0.0203125
2 0.21953125 0.8296875 0.015625 0.02578125
4 0.36171875 0.62578125 0.00546875 0.0109375
2 0.31171875 0.68046875 0.0140625 0.03359375
2 0.2609375 0.7671875 0.01484375 0.028125
4 0.4578125 0.42578125 0.009375 0.01796875
0 0.49921875 0.59140625 0.01171875 0.02109375
4 0.61953125 0.46640625 0.009375 0.01328125
4 0.61171875 0.4609375 0.00703125 0.00859375
4 0.61171875 0.4734375 0.00546875 0.00859375
4 0.64296875 0.46328125 0.00703125 0.015625
4 0.61640625 0.50859375 0.00546875 0.01328125
4 0.60625 0.50546875 0.00859375 0.01484375
4 0.6109375 0.521875 0.00859375 0.01640625
4 0.60078125 0.478125 0.009375 0.01171875
4 0.6578125 0.34375 0.00625 0.0109375
4 0.6578125 0.365625 0.00703125 0.01171875
4 0.78515625 0.11171875 0.01015625 0.01640625
0 0.7828125 0.15390625 0.0109375 0.01640625
2 0.33125 0.6625 0.0203125 0.02890625
2 0.221875 0.91328125 0.01796875 0.03046875
4 0.484375 0.53359375 0.00703125 0.01796875
4 0.53359375 0.51328125 0.00703125 0.01640625
2 0.54140625 0.5859375 0.01640625 0.03046875
2 0.55 0.63359375 0.01484375 0.03125
2 0.4390625 0.29921875 0.01796875 0.0359375
4 0.4765625 0.428125 0.00703125 0.01875
4 0.44140625 0.45078125 0.009375 0.01640625
0 0.440625 0.40546875 0.01015625 0.0234375
4 0.45390625 0.46171875 0.00703125 0.015625
4 0.453125 0.48125 0.00703125 0.0140625
0 0.465625 0.51640625 0.009375 0.02421875
0 0.47109375 0.50078125 0.0109375 0.021875
6 0.51875 0.59453125 0.02578125 0.05625
3 0.48203125 0.4640625 0.01796875 0.03515625
2 0.4203125 0.26640625 0.01640625 0.03046875
2 0.38046875 0.18046875 0.01953125 0.0296875
4 0.390625 0.25625 0.009375 0.0203125
0 0.41328125 0.31328125 0.009375 0.0234375
4 0.39296875 0.28828125 0.009375 0.0140625
4 0.38359375 0.2859375 0.00703125 0.01875
4 0.4078125 0.3375 0.009375 0.015625
0 0.41171875 0.36171875 0.0109375 0.01953125
4 0.428125 0.39453125 0.00703125 0.015625
1 0.63046875 0.5359375 0.021875 0.07890625
2 0.5265625 0.6515625 0.01796875 0.03203125
2 0.53515625 0.7015625 0.01640625 0.0359375
4 0.546875 0.7015625 0.00703125 0.01484375
4 0.55546875 0.68984375 0.00859375 0.01875
4 0.54296875 0.6765625 0.01015625 0.01484375
0 0.565625 0.68046875 0.0140625 0.02421875
0 0.5765625 0.7390625 0.01171875 0.025
2 0.590625 0.721875 0.01796875 0.0359375
0 0.43671875 0.4234375 0.009375 0.021875
0 0.421875 0.3546875 0.01171875 0.02109375
2 0.440625 0.35390625 0.01640625 0.028125
4 0.390625 0.31171875 0.00703125 0.01796875
4 0.39921875 0.3140625 0.00703125 0.01640625
4 0.40078125 0.303125 0.00625 0.01328125
4 0.40625 0.2890625 0.00625 0.0140625
2 0.403125 0.26875 0.015625 0.028125
2 0.4234375 0.24296875 0.01328125 0.03828125
2 0.4015625 0.228125 0.01640625 0.040625
4 0.39609375 0.1734375 0.00859375 0.01875
2 0.35859375 0.178125 0.015625 0.03359375
2 0.41171875 0.1296875 0.01640625 0.03125
0 0.3234375 0.11171875 0.0140625 0.02109375
2 0.37109375 0.07421875 0.015625 0.02890625
2 0.303125 0.06328125 0.01484375 0.0296875
4 0.3046875 0.09609375 0.009375 0.01484375
4 0.284375 0.07890625 0.00859375 0.01484375
4 0.284375 0.05703125 0.00859375 0.01484375
4 0.303125 0.11796875 0.009375 0.01953125
4 0.4546875 0.30078125 0.00625 0.015625
0 0.5484375 0.25 0.01328125 0.021875
0 0.6515625 0.21953125 0.01328125 0.021875
4 0.6015625 0.2390625 0.00703125 0.01796875
4 0.61796875 0.26640625 0.00703125 0.01171875
4 0.65 0.265625 0.00859375 0.01796875
4 0.65625 0.24140625 0.009375 0.01875
4 0.66796875 0.22578125 0.00859375 0.01640625
4 0.671875 0.190625 0.01328125 0.015625
2 0.68671875 0.1984375 0.01640625 0.03125
2 0.703125 0.14453125 0.01796875 0.028125
2 0.79921875 0.11171875 0.01875 0.03125
2 0.79921875 0.1390625 0.015625 0.0296875
0 0.83046875 0.06796875 0.01484375 0.021875
4 0.81328125 0.05859375 0.00859375 0.0203125
4 0.7546875 0.07890625 0.01015625 0.01953125
2 0.4796875 0.621875 0.0203125 0.03828125
2 0.17890625 0.98203125 0.02109375 0.03046875
2 0.2421875 0.79140625 0.01640625 0.0265625
2 0.2796875 0.73515625 0.01484375 0.028125
2 0.29375 0.70703125 0.0234375 0.025
4 0.37578125 0.578125 0.009375 0.01171875
4 0.38828125 0.5578125 0.009375 0.01640625
2 0.1875 0.88828125 0.01484375 0.03046875
4 0.3734375 0.60546875 0.0046875 0.009375
2 0.41484375 0.50078125 0.0109375 0.02890625