2 0.021875 0.62109375 0.021875 0.01875
4 0.08359375 0.596875 0.01328125 0.01484375
6 0.09609375 0.56015625 0.0453125 0.02890625
3 0.128125 0.50703125 0.0234375 0.01640625
5 0.12890625 0.678125 0.040625 0.0234375
5 0.15546875 0.64375 0.03984375 0.01875
4 0.15546875 0.6140625 0.0140625 0.01484375
4 0.23828125 0.60703125 0.0140625 0.01640625
6 0.28828125 0.63671875 0.034375 0.01953125
4 0.321875 0.6203125 0.01171875 0.01640625
6 0.28359375 0.50546875 0.0265625 0.01640625
6 0.259375 0.48359375 0.034375 0.021875
2 0.325 0.56484375 0.0140625 0.0140625
2 0.34453125 0.59453125 0.01171875 0.01953125
2 0.41640625 0.55078125 0.01640625 0.01953125
2 0.40859375 0.61328125 0.0203125 0.01796875
6 0.50390625 0.625 0.0296875 0.0203125
2 0.51640625 0.56015625 0.015625 0.0140625
5 0.51640625 0.5265625 0.059375 0.02109375
3 0.5859375 0.62890625 0.0140625 0.0140625
6 0.590625 0.60546875 0.0265625 0.0234375
4 0.6296875 0.584375 0.0109375 0.01484375
4 0.6203125 0.56015625 0.01171875 0.0140625
2 0.72890625 0.65546875 0.00625 0.0234375
4 0.71953125 0.64375 0.00546875 0.01328125
0 0.75625 0.609375 0.01328125 0.01484375
2 0.7234375 0.55703125 0.0234375 0.01953125
2 0.81171875 0.59921875 0.0140625 0.01328125
4 0.80078125 0.5859375 0.00859375 0.00859375
0 0.83125 0.60703125 0.0109375 0.01328125
4 0.86796875 0.60390625 0.00859375 0.0109375
5 0.89609375 0.64296875 0.03984375 0.02578125
3 0.88515625 0.58515625 0.0140625 0.01640625
6 0.93515625 0.59375 0.040625 0.02578125
4 0.3859375 0.4140625 0.009375 0.01015625
4 0.47578125 0.46328125 0.01015625 0.009375
2 0.35078125 0.2890625 0.01796875 0.01640625
2 0.51484375 0.3296875 0.0109375 0.02890625
2 0.52734375 0.328125 0.009375 0.02890625
2 0.565625 0.31796875 0.01171875 0.0265625
2 0.5765625 0.31875 0.00859375 0.025
1 0.67109375 0.38515625 0.04140625 0.01953125
4 0.69375 0.40078125 0.00859375 0.00859375
5 0.728125 0.384375 0.0453125 0.01953125
3 0.7734375 0.4109375 0.01640625 0.0140625
3 0.84609375 0.421875 0.01796875 0.01484375
2 0.8484375 0.3875 0.01484375 0.03125
0 0.865625 0.38359375 0.0109375 0.0109375
2 0.98125 0.40546875 0.01796875 0.01484375