2 0.0328125 0.54453125 0.01171875 0.04296875
2 0.2109375 0.38671875 0.00859375 0.046875
2 0.21171875 0.303125 0.01015625 0.03203125
2 0.2296875 0.25234375 0.01015625 0.03671875
2 0.2234375 0.48125 0.015625 0.04609375
2 0.21953125 0.52265625 0.0109375 0.0359375
2 0.0515625 0.6375 0.025 0.02578125
2 0.178125 0.67578125 0.02421875 0.01796875
2 0.19453125 0.72578125 0.025 0.025
2 0.5265625 0.34765625 0.01328125 0.04375
2 0.45703125 0.4109375 0.0109375 0.04375
2 0.41875 0.46953125 0.009375 0.0515625
2 0.41953125 0.51328125 0.00859375 0.040625
2 0.4609375 0.54375 0.01484375 0.03984375
2 0.4328125 0.5140625 0.01171875 0.0390625
2 0.46640625 0.49453125 0.01171875 0.04296875
2 0.39375 0.7796875 0.0140625 0.04375
2 0.4484375 0.79921875 0.01171875 0.046875
2 0.39140625 0.84140625 0.01484375 0.0265625
2 0.39296875 0.8609375 0.0203125 0.0234375
2 0.39609375 0.878125 0.0234375 0.03828125
2 0.39140625 0.94296875 0.01484375 0.034375
2 0.54453125 0.73515625 0.01640625 0.04140625
2 0.53046875 0.73671875 0.00859375 0.0515625
2 0.54140625 0.765625 0.01796875 0.03515625
2 0.53125 0.84375 0.01015625 0.03515625
2 0.51015625 0.9359375 0.01328125 0.04609375
2 0.565625 0.96953125 0.01875 0.025
2 0.56796875 0.98671875 0.01796875 0.01875
2 0.64453125 0.5125 0.025 0.021875
2 0.68515625 0.5140625 0.01796875 0.0265625
2 0.7015625 0.4734375 0.0203125 0.03203125
2 0.68828125 0.5390625 0.01171875 0.04296875
2 0.70859375 0.27890625 0.01796875 0.03046875
2 0.76796875 0.25859375 0.0140625 0.03515625
2 0.65625 0.46328125 0.025 0.02109375
3 0.32734375 0.6453125 0.02421875 0.0234375
0 0.07265625 0.68828125 0.01953125 0.01953125
0 0.10078125 0.68984375 0.01640625 0.021875
0 0.12890625 0.6859375 0.01640625 0.01796875
0 0.39609375 0.6046875 0.009375 0.03203125
0 0.44453125 0.51796875 0.01328125 0.025
0 0.44296875 0.5625 0.01328125 0.034375
0 0.39140625 0.70546875 0.01796875 0.015625
0 0.5140625 0.69453125 0.01171875 0.02421875
0 0.5375 0.640625 0.015625 0.03203125
0 0.52578125 0.884375 0.01328125 0.02890625
0 0.528125 0.95625 0.01171875 0.0265625
0 0.53828125 0.95546875 0.00859375 0.03359375
0 0.534375 0.790625 0.01171875 0.03515625
0 0.5390625 0.81171875 0.01328125 0.0265625
0 0.540625 0.83203125 0.00703125 0.0296875
0 0.54453125 0.865625 0.01171875 0.03203125
0 0.54296875 0.90390625 0.0109375 0.0359375
0 0.584375 0.484375 0.01953125 0.02109375
0 0.60859375 0.33984375 0.01640625 0.02109375
0 0.6484375 0.30546875 0.01171875 0.0234375
0 0.690625 0.3109375 0.01796875 0.0234375
1 0.7390625 0.37265625 0.05859375 0.03984375
4 0.01796875 0.66640625 0.01640625 0.02421875
4 0.0265625 0.696875 0.0203125 0.02109375
4 0.02890625 0.7125 0.01640625 0.02890625
4 0.05625 0.6984375 0.01328125 0.01953125
4 0.1515625 0.68359375 0.01640625 0.021875
4 0.19609375 0.678125 0.01015625 0.01953125
4 0.20546875 0.69375 0.0140625 0.01953125
4 0.25078125 0.67578125 0.01171875 0.01875
4 0.2484375 0.69375 0.015625 0.01875
4 0.29296875 0.67265625 0.0140625 0.0140625
4 0.44609375 0.653125 0.01015625 0.02578125
4 0.45859375 0.66171875 0.009375 0.021875
4 0.44921875 0.68359375 0.01015625 0.0265625
4 0.45234375 0.61015625 0.00859375 0.0234375
4 0.459375 0.61953125 0.009375 0.028125
4 0.43359375 0.6046875 0.01484375 0.01640625
4 0.43203125 0.590625 0.01015625 0.015625
4 0.4140625 0.61328125 0.0109375 0.0203125
4 0.45703125 0.48671875 0.01171875 0.021875
4 0.44375 0.446875 0.009375 0.02421875
4 0.446875 0.3984375 0.009375 0.03046875
4 0.53828125 0.2671875 0.01171875 0.0234375
4 0.521875 0.2921875 0.00859375 0.01875
4 0.5359375 0.434375 0.01640625 0.0203125
4 0.54453125 0.45625 0.0203125 0.02890625
4 0.55703125 0.490625 0.01328125 0.02890625
4 0.53203125 0.49140625 0.01171875 0.02109375
4 0.5203125 0.48125 0.0140625 0.03203125
4 0.5203125 0.50703125 0.01796875 0.02109375
4 0.528125 0.53984375 0.015625 0.028125
4 0.534375 0.521875 0.015625 0.03125
4 0.546875 0.515625 0.0140625 0.02890625
4 0.7578125 0.471875 0.0140625 0.01640625
4 0.66875 0.34375 0.01328125 0.01796875
4 0.68359375 0.3515625 0.00859375 0.0234375
4 0.70078125 0.33203125 0.01328125 0.021875
4 0.73125 0.32109375 0.0140625 0.03203125
4 0.734375 0.29765625 0.0203125 0.0203125
4 0.521875 0.56953125 0.015625 0.028125
4 0.52578125 0.590625 0.01171875 0.021875
4 0.51796875 0.7421875 0.00859375 0.03203125
4 0.5234375 0.7109375 0.01171875 0.03203125
4 0.51171875 0.83203125 0.01015625 0.02890625
4 0.51875 0.8890625 0.01640625 0.025
4 0.60546875 0.4859375 0.01171875 0.0234375
4 0.596875 0.49453125 0.01171875 0.02109375
0 0.53046875 0.39453125 0.0109375 0.0296875
2 0.090625 0.02890625 0.02578125 0.01796875
2 0.18671875 0.0578125 0.0203125 0.02421875
2 0.2234375 0.06875 0.021875 0.0234375
2 0.20546875 0.0625 0.021875 0.0203125
2 0.18671875 0.0828125 0.0203125 0.0203125
2 0.28984375 0.08828125 0.021875 0.0234375
2 0.33828125 0.1046875 0.021875 0.02421875
2 0.30546875 0.0953125 0.021875 0.0140625
2 0.3359375 0.05390625 0.01171875 0.03828125
2 0.359375 0.05390625 0.01171875 0.0484375
2 0.403125 0.16328125 0.0109375 0.03359375
2 0.41328125 0.178125 0.01328125 0.04921875
2 0.4265625 0.17578125 0.01875 0.03046875
2 0.42734375 0.40625 0.01484375 0.034375
2 0.61328125 0.00703125 0.01875 0.0140625
2 0.61484375 0.0234375 0.0234375 0.02578125
2 0.61015625 0.046875 0.0234375 0.0265625
2 0.58125 0.0484375 0.021875 0.021875
2 0.578125 0.09765625 0.01875 0.0265625
2 0.565625 0.10859375 0.01875 0.01640625
2 0.56171875 0.1390625 0.02578125 0.025
2 0.56484375 0.15859375 0.02578125 0.01484375
2 0.565625 0.18203125 0.01796875 0.0296875
2 0.5609375 0.19921875 0.01796875 0.02890625
3 0.578125 0.253125 0.015625 0.04296875
2 0.790625 0.4796875 0.02421875 0.03125
4 0.546875 0.15859375 0.01171875 0.03984375
4 0.52421875 0.184375 0.01015625 0.0203125
4 0.5296875 0.16640625 0.00859375 0.0234375
4 0.54296875 0.2296875 0.0109375 0.02578125
0 0.55078125 0.0390625 0.00859375 0.0296875
0 0.56953125 0.0265625 0.01015625 0.025
0 0.55 0.1203125 0.01171875 0.028125
0 0.45 0.08828125 0.01484375 0.03046875
4 0.45546875 0.146875 0.01015625 0.02890625
4 0.4484375 0.16875 0.00859375 0.03203125
4 0.45546875 0.19375 0.00859375 0.015625
4 0.4578125 0.22890625 0.0140625 0.03515625
4 0.45703125 0.0515625 0.0046875 0.03359375
4 0.45078125 0.01640625 0.0140625 0.0265625
2 0.78671875 0.18359375 0.00859375 0.04375
2 0.86484375 0.17578125 0.015625 0.03671875
2 0.8640625 0.209375 0.009375 0.040625
2 0.915625 0.3265625 0.0203125 0.01796875
2 0.9625 0.26171875 0.01015625 0.02109375
2 0.98046875 0.28828125 0.0265625 0.0265625
2 0.8296875 0.5140625 0.01796875 0.01953125
2 0.89453125 0.5203125 0.0203125 0.025
0 0.8578125 0.28359375 0.01796875 0.0203125
0 0.88828125 0.32890625 0.0203125 0.01484375
4 0.965625 0.3609375 0.01640625 0.0203125
4 0.86328125 0.484375 0.0203125 0.025
4 0.8625 0.5015625 0.015625 0.01796875
4 0.815625 0.4703125 0.01328125 0.01875
4 0.5515625 0.5453125 0.01171875 0.0109375
2 0.81328125 0.88125 0.0140625 0.03984375
2 0.83828125 0.89453125 0.01796875 0.04609375
2 0.85078125 0.89453125 0.0109375 0.04921875
2 0.80703125 0.94296875 0.0203125 0.025
2 0.803125 0.96328125 0.01875 0.01953125
2 0.80078125 0.9859375 0.0140625 0.02421875