2 0.365625 0.2890625 0.01796875 0.0140625
2 0.42578125 0.25078125 0.01171875 0.02109375
2 0.415625 0.21640625 0.01640625 0.01875
2 0.53046875 0.325 0.00859375 0.02890625
2 0.54140625 0.32421875 0.00859375 0.0296875
2 0.58125 0.31640625 0.00703125 0.025
2 0.590625 0.31640625 0.00859375 0.02421875
2 0.99140625 0.87421875 0.0109375 0.02578125
2 0.97578125 0.9078125 0.009375 0.0265625
2 0.74296875 0.65390625 0.00859375 0.0234375
6 0.91328125 0.63671875 0.03984375 0.0203125
5 0.74375 0.3796875 0.04609375 0.01953125
6 0.68671875 0.38046875 0.04140625 0.01953125
6 0.30390625 0.634375 0.03046875 0.01953125
6 0.1734375 0.640625 0.03828125 0.01953125
6 0.1484375 0.675 0.0390625 0.025
4 0.5703125 0.2765625 0.0046875 0.0140625
3 0.78203125 0.853125 0.021875 0.01796875
3 0.74140625 0.89765625 0.01015625 0.03515625
4 0.5484375 0.2765625 0.003125 0.0140625
4 0.565625 0.290625 0.00390625 0.01484375
4 0.59140625 0.2796875 0.0046875 0.01484375
4 0.60625 0.29921875 0.00390625 0.01484375
4 0.590625 0.2390625 0.003125 0.01484375
4 0.55625 0.2265625 0.003125 0.01015625
4 0.5640625 0.2265625 0.0046875 0.01171875
4 0.6046875 0.240625 0.00390625 0.01328125
4 0.540625 0.27734375 0.00390625 0.01328125
4 0.43359375 0.27109375 0.00390625 0.01328125
4 0.596875 0.24140625 0.003125 0.01328125
4 0.55390625 0.278125 0.003125 0.0140625
4 0.5609375 0.29296875 0.003125 0.01171875
4 0.56953125 0.2921875 0.003125 0.01171875
0 0.84765625 0.64453125 0.01484375 0.01484375
2 0.70625 0.64609375 0.00546875 0.025
2 0.6984375 0.63046875 0.00625 0.025
2 0.69140625 0.63203125 0.00625 0.021875
2 0.6984375 0.65546875 0.00625 0.01953125
0 0.846875 0.6015625 0.01171875 0.00859375
5 0.959375 0.55546875 0.071875 0.02421875
4 0.7546875 0.5859375 0.01015625 0.00859375
4 0.07109375 0.625 0.00703125 0.00859375
4 0.67265625 0.39609375 0.00703125 0.00625
6 0.51640625 0.6203125 0.028125 0.01796875
4 0.1296875 0.61640625 0.00859375 0.00859375
6 0.6265625 0.471875 0.02578125 0.01796875
4 0.203125 0.59921875 0.00859375 0.00859375
0 0.646875 0.60859375 0.00859375 0.0109375
4 0.88046875 0.6375 0.00625 0.0109375
0 0.6 0.60390625 0.009375 0.01328125
4 0.5390625 0.584375 0.00859375 0.00859375
2 0.2703125 0.534375 0.01484375 0.01328125
3 0.5578125 0.49609375 0.01796875 0.0109375
2 0.75546875 0.43984375 0.01640625 0.01484375
0 0.778125 0.41484375 0.01015625 0.01171875
6 0.49375 0.4578125 0.040625 0.0203125
6 0.34609375 0.48203125 0.04296875 0.01796875
4 0.1953125 0.48046875 0.009375 0.01015625
2 0.55078125 0.54296875 0.01484375 0.01796875
4 0.26171875 0.5671875 0.00703125 0.0109375
2 0.34921875 0.5296875 0.01484375 0.01796875
0 0.35390625 0.56875 0.01015625 0.01171875
4 0.33828125 0.5890625 0.00703125 0.01015625
3 0.5671875 0.60703125 0.01796875 0.015625
4 0.76875 0.559375 0.00859375 0.009375
4 0.8859375 0.5984375 0.00859375 0.01171875
4 0.9265625 0.60703125 0.009375 0.009375