4 0.00390625 0.56875 0.00703125 0.00703125
2 0.04765625 0.5359375 0.01875 0.0140625
3 0.06953125 0.5765625 0.01484375 0.0109375
0 0.06640625 0.55546875 0.01484375 0.01171875
5 0.12578125 0.6765625 0.03828125 0.02421875
5 0.14921875 0.64375 0.03828125 0.0203125
4 0.13203125 0.61328125 0.009375 0.009375
4 0.171875 0.621875 0.00703125 0.01015625
5 0.165625 0.55703125 0.04375 0.0234375
2 0.22578125 0.534375 0.01953125 0.01796875
1 0.2390625 0.484375 0.04375 0.02421875
4 0.265625 0.41015625 0.00859375 0.01171875
4 0.3265625 0.565625 0.01171875 0.01015625
6 0.31328125 0.546875 0.02890625 0.01953125
5 0.28359375 0.63515625 0.034375 0.01796875
4 0.36796875 0.609375 0.01015625 0.01171875
2 0.40390625 0.59609375 0.01484375 0.01171875
4 0.42578125 0.609375 0.01015625 0.01328125
5 0.4984375 0.6234375 0.0296875 0.01953125
4 0.52265625 0.6015625 0.00859375 0.01171875
4 0.50703125 0.55 0.01015625 0.015625
5 0.51640625 0.478125 0.04140625 0.01640625
3 0.58125 0.625 0.01328125 0.01484375
4 0.60078125 0.60859375 0.00546875 0.0109375
0 0.634375 0.60625 0.009375 0.01328125
2 0.63671875 0.58515625 0.01796875 0.01484375
4 0.6828125 0.603125 0.01171875 0.01015625
2 0.709375 0.615625 0.015625 0.01484375
0 0.64765625 0.44921875 0.0140625 0.01484375
5 0.6953125 0.475 0.02890625 0.0203125
0 0.69609375 0.446875 0.0109375 0.01015625
0 0.81640625 0.59296875 0.0109375 0.0109375
0 0.82578125 0.60625 0.0109375 0.009375
5 0.8890625 0.6390625 0.03984375 0.02109375
2 0.8484375 0.68125 0.009375 0.021875
5 0.8859375 0.4546875 0.03125 0.01875
4 0.96953125 0.45546875 0.00703125 0.00859375
4 0.990625 0.38359375 0.01171875 0.01640625
1 0.66640625 0.38671875 0.04609375 0.03046875
5 0.7234375 0.38515625 0.04609375 0.028125
2 0.51171875 0.32890625 0.01015625 0.0390625
2 0.5234375 0.33046875 0.01015625 0.03828125
2 0.56328125 0.31875 0.01015625 0.02890625
2 0.57265625 0.3234375 0.00703125 0.03671875
2 0.4984375 0.2703125 0.015625 0.0296875
2 0.39765625 0.21640625 0.01796875 0.0140625
4 0.4546875 0.4 0.0140625 0.009375