2 0.07265625 0.13203125 0.02421875 0.06015625
2 0.05078125 0.178125 0.015625 0.04453125
2 0.034375 0.184375 0.01484375 0.04375
2 0.04453125 0.228125 0.02109375 0.03984375
2 0.15 0.271875 0.02421875 0.04609375
2 0.0765625 0.02578125 0.01953125 0.0484375
4 0.00546875 0.0921875 0.0109375 0.02578125
4 0.015625 0.02578125 0.01015625 0.028125
4 0.00625 0.01796875 0.00625 0.03125
5 0.01640625 0.2484375 0.028125 0.09140625
5 0.06484375 0.34375 0.0296875 0.0703125
4 0.06015625 0.40390625 0.0140625 0.01640625
4 0.09453125 0.53828125 0.0140625 0.01171875
4 0.41484375 0.5609375 0.0015625 0.00078125
4 0.41875 0.5765625 0.01171875 0.01484375
4 0.4140625 0.55859375 0.01640625 0.0140625
2 0.01875 0.53515625 0.0265625 0.02421875
2 0.22578125 0.4484375 0.03203125 0.03125
2 0.21796875 0.52421875 0.0296875 0.02421875
2 0.1796875 0.5328125 0.02890625 0.02421875
2 0.18359375 0.60390625 0.02890625 0.025
2 0.12109375 0.5890625 0.0265625 0.02578125
2 0.13203125 0.56015625 0.0234375 0.0203125
2 0.0953125 0.5765625 0.025 0.02421875
2 0.08828125 0.61328125 0.02578125 0.02578125
2 0.0640625 0.53046875 0.02578125 0.02578125
5 0.03046875 0.56640625 0.0515625 0.03671875
0 0.01015625 0.59921875 0.0203125 0.01875
3 0.053125 0.59453125 0.01796875 0.015625
6 0.13125 0.5296875 0.03125 0.028125
0 0.171875 0.55625 0.0203125 0.0203125
0 0.190625 0.38515625 0.01796875 0.0234375
2 0.08671875 0.553125 0.0234375 0.01640625
2 0.37578125 0.43046875 0.025 0.021875
2 0.43828125 0.46171875 0.0265625 0.02578125
2 0.478125 0.459375 0.025 0.025
2 0.46953125 0.43203125 0.0265625 0.0265625
2 0.496875 0.37109375 0.02890625 0.0234375
2 0.6234375 0.50390625 0.02578125 0.0296875
2 0.7765625 0.246875 0.02890625 0.0265625
2 0.76640625 0.165625 0.02578125 0.03359375
2 0.89765625 0.33125 0.03046875 0.03125
2 0.9125 0.39296875 0.03046875 0.03125
2 0.98125 0.32421875 0.03046875 0.03125
4 0.75078125 0.40078125 0.01796875 0.01640625
4 0.55390625 0.40859375 0.01640625 0.0234375
4 0.5640625 0.33984375 0.01796875 0.01640625