4 0.02734375 0.35234375 0.01328125 0.01015625
4 0.0453125 0.3671875 0.0125 0.01328125
4 0.0421875 0.38046875 0.0140625 0.01171875
4 0.1078125 0.35390625 0.015625 0.01015625
4 0.09765625 0.3671875 0.01484375 0.01015625
4 0.10078125 0.39453125 0.01328125 0.00859375
4 0.0921875 0.40546875 0.0140625 0.0109375
4 0.1328125 0.378125 0.01484375 0.01015625
4 0.125 0.3890625 0.0109375 0.009375
4 0.1484375 0.3734375 0.0125 0.00859375
4 0.146875 0.38828125 0.0125 0.01015625
4 0.1390625 0.39765625 0.01171875 0.0078125
4 0.134375 0.409375 0.01328125 0.00703125
4 0.16953125 0.4046875 0.0140625 0.0125
4 0.1984375 0.35078125 0.01171875 0.009375
4 0.20703125 0.396875 0.01171875 0.0109375
4 0.2453125 0.39609375 0.0140625 0.01015625
4 0.2375 0.41015625 0.0140625 0.01171875
4 0.25625 0.378125 0.01171875 0.01015625
4 0.15859375 0.3203125 0.015625 0.009375
4 0.184375 0.33046875 0.01484375 0.0109375
0 0.1296875 0.290625 0.01640625 0.015625
0 0.19765625 0.31171875 0.015625 0.01484375
0 0.05625 0.515625 0.015625 0.0140625
0 0.2234375 0.2875 0.0140625 0.01171875
0 0.24296875 0.3046875 0.01796875 0.0125
0 0.14609375 0.2453125 0.00859375 0.0203125
0 0.2984375 0.30703125 0.01640625 0.01171875
0 0.28359375 0.321875 0.01953125 0.0140625
4 0.31484375 0.35703125 0.01328125 0.0078125
4 0.3125 0.37109375 0.0125 0.01015625
4 0.3109375 0.38984375 0.01328125 0.01171875
4 0.3125 0.40234375 0.0125 0.00859375
4 0.325 0.409375 0.015625 0.00859375
4 0.28671875 0.396875 0.01328125 0.0109375
4 0.278125 0.40859375 0.01484375 0.009375
4 0.34296875 0.3875 0.01484375 0.0109375
4 0.346875 0.396875 0.01328125 0.01171875
4 0.38125 0.3625 0.01171875 0.015625
4 0.39375 0.3890625 0.015625 0.009375
4 0.37109375 0.39609375 0.01328125 0.01015625
4 0.3765625 0.409375 0.01640625 0.0125
4 0.325 0.47265625 0.01640625 0.01640625
4 0.3359375 0.48828125 0.01484375 0.0140625
4 0.4171875 0.36328125 0.01171875 0.01015625
4 0.403125 0.37109375 0.0125 0.01015625
4 0.525 0.36796875 0.01171875 0.0125
4 0.5484375 0.35390625 0.0125 0.0109375
4 0.56171875 0.36875 0.01328125 0.00859375
4 0.553125 0.3765625 0.0140625 0.0109375
4 0.5484375 0.39921875 0.01171875 0.00859375
4 0.56875 0.40703125 0.0109375 0.0109375
4 0.59921875 0.37890625 0.0109375 0.01171875
4 0.590625 0.39765625 0.01171875 0.009375
4 0.52734375 0.4828125 0.01015625 0.0125
4 0.63125 0.36171875 0.01328125 0.01171875
4 0.66796875 0.353125 0.0109375 0.009375
4 0.7125 0.36328125 0.009375 0.009375
4 0.67421875 0.371875 0.0109375 0.00859375
4 0.68984375 0.384375 0.01171875 0.009375
4 0.68046875 0.4 0.01328125 0.01015625
4 0.71484375 0.40078125 0.0109375 0.01171875
4 0.7484375 0.36796875 0.0109375 0.01171875
4 0.790625 0.3890625 0.0125 0.01640625
4 0.82421875 0.4 0.0109375 0.0109375
4 0.76953125 0.31484375 0.01796875 0.015625
4 0.69375 0.32109375 0.01015625 0.009375
0 0.7421875 0.28984375 0.0140625 0.01328125
4 0.77109375 0.27578125 0.009375 0.015625
4 0.80703125 0.25703125 0.0109375 0.01875
4 0.7921875 0.27578125 0.01015625 0.015625
4 0.79140625 0.290625 0.0109375 0.01328125
4 0.7078125 0.2984375 0.009375 0.01484375
4 0.65703125 0.3265625 0.0125 0.0109375
4 0.6359375 0.3171875 0.01015625 0.01484375
4 0.6234375 0.32734375 0.00859375 0.01328125
4 0.61171875 0.33046875 0.009375 0.01484375
0 0.578125 0.33359375 0.0140625 0.0125
0 0.56171875 0.3265625 0.0140625 0.015625
0 0.5609375 0.29921875 0.01484375 0.015625
0 0.5015625 0.2890625 0.01875 0.01875
0 0.490625 0.31171875 0.0140625 0.01484375
0 0.484375 0.3296875 0.0140625 0.01328125
4 0.74765625 0.48515625 0.01328125 0.01171875
4 0.86796875 0.35859375 0.0125 0.01171875
4 0.8765625 0.40078125 0.0140625 0.01171875
4 0.93984375 0.35703125 0.01875 0.0140625
4 0.9859375 0.34375 0.01171875 0.01171875
4 0.99375 0.36015625 0.01015625 0.01328125
4 0.975 0.37109375 0.0140625 0.01171875
4 0.9640625 0.38359375 0.0140625 0.0140625
4 0.9484375 0.375 0.01328125 0.0140625
4 0.91796875 0.38203125 0.01171875 0.01484375
4 0.93203125 0.3875 0.0140625 0.0125
4 0.92109375 0.39921875 0.01171875 0.0109375
0 0.87734375 0.3 0.015625 0.0140625
0 0.84609375 0.321875 0.01640625 0.015625
4 0.55234375 0.38828125 0.01796875 0.00859375
0 0.4328125 0.33125 0.01484375 0.01171875
0 0.3328125 0.2890625 0.015625 0.0140625
0 0.67109375 0.51875 0.0140625 0.01171875
0 0.6546875 0.546875 0.01484375 0.0171875
0 0.6109375 0.5296875 0.0140625 0.0125
0 0.5796875 0.52265625 0.01484375 0.01484375
4 0.53828125 0.53203125 0.01484375 0.0125
4 0.70078125 0.5390625 0.0109375 0.01171875
4 0.6859375 0.53359375 0.0109375 0.01171875
4 0.64921875 0.528125 0.01015625 0.0109375
4 0.4109375 0.54765625 0.0125 0.01796875
4 0.3578125 0.56171875 0.01484375 0.01484375
4 0.359375 0.590625 0.01171875 0.02578125
4 0.36640625 0.51875 0.01484375 0.0125
0 0.4625 0.6921875 0.01171875 0.02890625
0 0.44921875 0.7515625 0.00859375 0.0234375
0 0.53203125 0.728125 0.0140625 0.02421875
4 0.52265625 0.609375 0.00546875 0.0140625
4 0.52734375 0.56328125 0.00546875 0.0171875
4 0.53359375 0.56328125 0.00625 0.01796875
4 0.521875 0.69140625 0.00859375 0.01953125
4 0.50703125 0.71328125 0.00703125 0.02109375
4 0.50703125 0.62734375 0.00703125 0.01875
4 0.40625 0.640625 0.009375 0.01640625
0 0.44765625 0.7859375 0.01171875 0.02578125
0 0.44375 0.834375 0.0125 0.0265625
4 0.43359375 0.8890625 0.01015625 0.02890625
4 0.47578125 0.89921875 0.01015625 0.025
4 0.4953125 0.7765625 0.00625 0.0171875
4 0.478125 0.72265625 0.00625 0.01640625
4 0.5296875 0.58671875 0.0046875 0.015625
4 0.53359375 0.5953125 0.0046875 0.01484375
4 0.5921875 0.5984375 0.01015625 0.01015625
0 0.4890625 0.546875 0.01484375 0.01328125
0 0.5125 0.8078125 0.00703125 0.02109375
4 0.48671875 0.85859375 0.00625 0.01875
4 0.42109375 0.93203125 0.0046875 0.01796875
4 0.484375 0.83671875 0.00625 0.0171875
4 0.290625 0.52421875 0.01171875 0.0109375
4 0.24453125 0.52421875 0.009375 0.009375
4 0.22109375 0.521875 0.01015625 0.00859375
4 0.1 0.52265625 0.01015625 0.00859375
0 0.01796875 0.30546875 0.01796875 0.015625
0 0.1109375 0.265625 0.015625 0.01640625