3 0.45859375 0.36875 0.021875 0.0234375
0 0.36484375 0.35546875 0.021875 0.02421875
4 0.5296875 0.3671875 0.01796875 0.03125
4 0.5484375 0.36640625 0.01640625 0.0265625
4 0.58046875 0.384375 0.01328125 0.02421875
4 0.559375 0.41640625 0.01015625 0.02578125
0 0.53671875 0.4515625 0.01171875 0.03203125
0 0.540625 0.6015625 0.01171875 0.0359375
4 0.54453125 0.50625 0.01015625 0.028125
4 0.55703125 0.55625 0.01171875 0.02890625
4 0.54921875 0.57421875 0.01328125 0.0234375
2 0.5484375 0.415625 0.01484375 0.04140625
4 0.4796875 0.4859375 0.01015625 0.0234375
4 0.48671875 0.48828125 0.00859375 0.028125
4 0.48984375 0.49296875 0.00703125 0.0265625
4 0.49453125 0.49453125 0.00859375 0.025
4 0.47734375 0.50703125 0.00859375 0.025
4 0.48359375 0.503125 0.01015625 0.0265625
4 0.4828125 0.52421875 0.009375 0.02890625
4 0.509375 0.53203125 0.00859375 0.028125
4 0.51328125 0.50859375 0.0109375 0.025
2 0.48984375 0.534375 0.0140625 0.04453125
2 0.503125 0.51015625 0.01484375 0.04375
2 0.47421875 0.5640625 0.0140625 0.04453125
4 0.47578125 0.58828125 0.01484375 0.03125
4 0.46953125 0.6078125 0.0109375 0.021875
4 0.465625 0.62890625 0.01015625 0.03046875
2 0.478125 0.63046875 0.015625 0.04296875
2 0.49453125 0.60703125 0.0140625 0.053125
2 0.48359375 0.57578125 0.015625 0.046875
4 0.4921875 0.56171875 0.009375 0.02421875
2 0.50078125 0.559375 0.015625 0.04375
2 0.453125 0.653125 0.01171875 0.04140625
2 0.4890625 0.65703125 0.01328125 0.04453125
4 0.5625 0.621875 0.01171875 0.02890625
0 0.45078125 0.85859375 0.01328125 0.03359375
2 0.46328125 0.909375 0.015625 0.04296875
0 0.43828125 0.9640625 0.01484375 0.03203125
2 0.453125 0.978125 0.015625 0.04375
2 0.09140625 0.5609375 0.0234375 0.02578125
2 0.046875 0.55234375 0.0234375 0.02421875
2 0.040625 0.58125 0.02421875 0.03046875
2 0.03515625 0.66796875 0.0234375 0.021875
2 0.49921875 0.30234375 0.02421875 0.0484375
2 0.509375 0.19609375 0.0265625 0.028125
2 0.55859375 0.1984375 0.02578125 0.03359375
2 0.609375 0.19609375 0.025 0.0265625
0 0.6015625 0.21640625 0.0203125 0.0234375
4 0.471875 0.17890625 0.01640625 0.015625
2 0.46328125 0.240625 0.0140625 0.021875
2 0.48359375 0.24921875 0.0203125 0.0359375
0 0.46484375 0.22578125 0.0203125 0.0234375
0 0.58125 0.1734375 0.0234375 0.02421875
2 0.5296875 0.18046875 0.025 0.03515625
4 0.9140625 0.3890625 0.01796875 0.0234375
4 0.8921875 0.39921875 0.01953125 0.01953125
0 0.86171875 0.4140625 0.02578125 0.0234375
4 0.87421875 0.2125 0.01484375 0.0203125
2 0.840625 0.17890625 0.021875 0.02578125
4 0.86328125 0.1890625 0.015625 0.02421875
2 0.746875 0.39375 0.02578125 0.0296875
4 0.65234375 0.3515625 0.01796875 0.01953125
4 0.64140625 0.40234375 0.01640625 0.01953125
3 0.63671875 0.38515625 0.0234375 0.021875
4 0.79453125 0.20625 0.01875 0.02109375
4 0.75546875 0.21875 0.0203125 0.025
2 0.78203125 0.1578125 0.01328125 0.03984375
4 0.80546875 0.178125 0.01484375 0.028125
4 0.70078125 0.12734375 0.01015625 0.01875
4 0.70859375 0.128125 0.0109375 0.01875
4 0.684375 0.1296875 0.00859375 0.025
4 0.728125 0.16875 0.01640625 0.01796875
4 0.88125 0.16015625 0.01015625 0.01953125
2 0.56171875 0.0765625 0.015625 0.03046875
2 0.6265625 0.0125 0.015625 0.025
2 0.54375 0.0078125 0.0140625 0.015625
0 0.50703125 0.14453125 0.0203125 0.0265625
2 0.11484375 0.29765625 0.025 0.0265625
2 0.059375 0.27421875 0.0265625 0.0265625
2 0.034375 0.28828125 0.025 0.025
2 0.08671875 0.1609375 0.028125 0.028125
2 0.1390625 0.178125 0.0265625 0.0265625
3 0.14921875 0.14921875 0.021875 0.02578125
4 0.1203125 0.14140625 0.01640625 0.02421875
4 0.040625 0.1390625 0.01640625 0.0203125
4 0.07578125 0.1140625 0.01796875 0.0203125
4 0.08046875 0.09140625 0.01796875 0.0265625
1 0.0765625 0.2296875 0.071875 0.04296875
2 0.01015625 0.12109375 0.0203125 0.0390625
4 0.01796875 0.06015625 0.01875 0.01640625
4 0.015625 0.07421875 0.0203125 0.02578125
4 0.03125 0.04375 0.01796875 0.028125
0 0.04609375 0.01328125 0.01953125 0.02578125
0 0.109375 0.115625 0.021875 0.03203125
0 0.1453125 0.1265625 0.02421875 0.034375
0 0.18203125 0.1765625 0.02578125 0.02578125
3 0.19296875 0.14296875 0.02421875 0.03125
4 0.171875 0.10625 0.0140625 0.02578125
4 0.2046875 0.12578125 0.01640625 0.025
4 0.1890625 0.1265625 0.0203125 0.0234375
2 0.22890625 0.15078125 0.028125 0.03515625
2 0.26953125 0.146875 0.0265625 0.03046875
2 0.21953125 0.19375 0.02578125 0.03125
2 0.26953125 0.175 0.025 0.03125
2 0.2515625 0.20390625 0.02890625 0.0296875
2 0.278125 0.20078125 0.025 0.03515625
4 0.29921875 0.18671875 0.01484375 0.0234375
4 0.30546875 0.15546875 0.01875 0.01640625
4 0.321875 0.14765625 0.01484375 0.01953125
4 0.30390625 0.12890625 0.01640625 0.01953125
0 0.3515625 0.13828125 0.0203125 0.0234375
0 0.3375 0.16875 0.025 0.02421875
2 0.3328125 0.18828125 0.03359375 0.0296875
2 0.32265625 0.21171875 0.025 0.03046875
4 0.35546875 0.153125 0.01640625 0.021875
4 0.3625 0.21015625 0.01640625 0.01796875
4 0.378125 0.225 0.015625 0.01875
2 0.36796875 0.19609375 0.02578125 0.03359375
2 0.39140625 0.146875 0.02578125 0.0265625
2 0.38515625 0.17421875 0.025 0.03046875
2 0.41171875 0.20078125 0.025 0.02890625
2 0.42421875 0.16875 0.02421875 0.03125
4 0.40625 0.15859375 0.01796875 0.021875
4 0.44609375 0.1625 0.01640625 0.0234375
4 0.45546875 0.15 0.01953125 0.0234375
4 0.41171875 0.22578125 0.0140625 0.01953125
4 0.40703125 0.21171875 0.01640625 0.028125
4 0.44296875 0.209375 0.01875 0.0265625
2 0.43671875 0.23203125 0.0296875 0.03359375
2 0.39453125 0.221875 0.025 0.0296875
4 0.3390625 0.39453125 0.01640625 0.01328125
6 0.34765625 0.40703125 0.02421875 0.02578125
0 0.0921875 0.1234375 0.025 0.03203125
2 0.64296875 0.36484375 0.021875 0.02421875
3 0.928125 0.18046875 0.01796875 0.01953125
2 0.8234375 0.0296875 0.0140625 0.0390625
4 0.3015625 0.57890625 0.01171875 0.01484375
4 0.3 0.5859375 0.015625 0.0140625
4 0.2984375 0.596875 0.01171875 0.0140625