0 0.45390625 0.58046875 0.015625 0.034375
0 0.390625 0.509375 0.015625 0.02890625
0 0.4265625 0.54296875 0.0203125 0.025
0 0.44609375 0.37578125 0.0203125 0.03359375
0 0.396875 0.4 0.015625 0.028125
0 0.3671875 0.51875 0.01953125 0.0296875
0 0.28203125 0.8296875 0.01640625 0.03046875
0 0.38203125 0.27890625 0.01875 0.021875
3 0.24453125 0.85859375 0.01953125 0.040625
2 0.434375 0.49296875 0.0234375 0.04140625
2 0.553125 0.58828125 0.0203125 0.04375
2 0.496875 0.334375 0.034375 0.028125
2 0.3234375 0.38125 0.01171875 0.03671875
2 0.18671875 0.13125 0.0265625 0.0359375
2 0.84921875 0.97265625 0.0203125 0.034375
4 0.70859375 0.753125 0.01484375 0.02421875
4 0.69453125 0.740625 0.01328125 0.02109375
4 0.65703125 0.69609375 0.01875 0.0265625
4 0.66953125 0.80390625 0.01171875 0.0296875
4 0.68671875 0.865625 0.0140625 0.01953125
4 0.70859375 0.890625 0.01171875 0.02890625
4 0.57890625 0.65859375 0.0203125 0.021875
4 0.6265625 0.64453125 0.0203125 0.028125
4 0.60703125 0.62890625 0.01640625 0.02578125
4 0.609375 0.58671875 0.01484375 0.0234375
4 0.5421875 0.54609375 0.01640625 0.025
4 0.55703125 0.49453125 0.01875 0.025
4 0.50859375 0.37578125 0.01875 0.025
4 0.40390625 0.34453125 0.0140625 0.01875
4 0.54453125 0.33828125 0.01328125 0.021875
4 0.609375 0.2796875 0.015625 0.021875
4 0.5734375 0.284375 0.0203125 0.021875
4 0.60859375 0.25078125 0.01640625 0.025
4 0.6390625 0.36171875 0.01796875 0.03203125
4 0.29609375 0.259375 0.01015625 0.0203125
4 0.33203125 0.34375 0.01640625 0.021875
4 0.35546875 0.36328125 0.01953125 0.01875
4 0.359375 0.33203125 0.0109375 0.01875
4 0.3265625 0.45703125 0.01640625 0.0296875
4 0.3484375 0.584375 0.015625 0.03046875
4 0.34765625 0.63203125 0.01640625 0.02890625
4 0.3109375 0.70234375 0.0140625 0.02578125
4 0.2921875 0.78125 0.01796875 0.02109375
4 0.3671875 0.75859375 0.0140625 0.0265625
4 0.36953125 0.7265625 0.01796875 0.02421875
4 0.3734375 0.69921875 0.01640625 0.02578125
4 0.3953125 0.67734375 0.0140625 0.02109375
4 0.41953125 0.67890625 0.01796875 0.01875
4 0.46875 0.64296875 0.01640625 0.01953125
4 0.471875 0.5890625 0.01640625 0.03125
4 0.40390625 0.5703125 0.01640625 0.0203125
4 0.2703125 0.221875 0.015625 0.0203125
4 0.25703125 0.18203125 0.01796875 0.025
4 0.3296875 0.18828125 0.0140625 0.02890625
4 0.48359375 0.36328125 0.01328125 0.0203125
4 0.53828125 0.30859375 0.01953125 0.015625
4 0.69296875 0.190625 0.01484375 0.01953125
4 0.6421875 0.196875 0.01796875 0.01640625
4 0.765625 0.284375 0.01796875 0.03203125
4 0.7890625 0.25078125 0.01875 0.025
4 0.740625 0.16328125 0.01015625 0.015625
4 0.74140625 0.096875 0.01015625 0.01796875
4 0.86484375 0.20078125 0.01484375 0.021875
4 0.83046875 0.1109375 0.01484375 0.0265625
4 0.75546875 0.69296875 0.009375 0.01953125
4 0.6328125 0.775 0.01171875 0.01484375
4 0.63125 0.75859375 0.0140625 0.015625
4 0.61171875 0.753125 0.01640625 0.01640625
4 0.74453125 0.79375 0.01171875 0.0203125
4 0.759375 0.771875 0.01015625 0.02109375
4 0.7609375 0.73671875 0.01015625 0.0203125
4 0.76171875 0.821875 0.01328125 0.01796875
4 0.796875 0.8859375 0.00703125 0.01640625
4 0.80703125 0.90703125 0.01171875 0.01640625
4 0.7984375 0.9140625 0.01484375 0.01796875
4 0.81640625 0.934375 0.01171875 0.01875
4 0.8296875 0.928125 0.01328125 0.01640625
4 0.8765625 0.97109375 0.01171875 0.0203125
4 0.76328125 0.9546875 0.0140625 0.02109375
4 0.71953125 0.93203125 0.01328125 0.01953125
2 0.72421875 0.9609375 0.02890625 0.021875
0 0.73671875 0.80625 0.01796875 0.0265625
2 0.59609375 0.21640625 0.0203125 0.02890625
2 0.54609375 0.24609375 0.025 0.0296875
2 0.65625 0.14921875 0.0203125 0.028125
4 0.671875 0.21171875 0.01171875 0.01484375
2 0.51328125 0.271875 0.028125 0.03046875
4 0.5265625 0.28359375 0.009375 0.01328125
4 0.39140625 0.29921875 0.0109375 0.01640625
4 0.38046875 0.29921875 0.009375 0.01796875
4 0.353125 0.24453125 0.0109375 0.01796875
4 0.4125 0.5109375 0.00703125 0.02421875
4 0.409375 0.453125 0.009375 0.0203125
4 0.421875 0.446875 0.009375 0.01875
4 0.49453125 0.4484375 0.01328125 0.01875
4 0.38671875 0.41640625 0.0140625 0.01875
4 0.40390625 0.5046875 0.01015625 0.02578125
4 0.365625 0.65703125 0.00859375 0.021875
4 0.33203125 0.81484375 0.009375 0.02890625
4 0.28359375 0.94140625 0.01171875 0.0234375
4 0.3109375 0.94921875 0.009375 0.025
4 0.246875 0.9421875 0.01171875 0.0265625
4 0.21796875 0.9890625 0.0109375 0.021875
2 0.209375 0.94453125 0.01484375 0.04375
3 0.25078125 0.80546875 0.01640625 0.04296875
4 0.24609375 0.0734375 0.0109375 0.0203125
4 0.3125 0.19140625 0.01171875 0.01953125
4 0.27421875 0.2109375 0.01328125 0.01953125
4 0.41953125 0.32109375 0.01171875 0.01484375
4 0.334375 0.396875 0.01171875 0.0203125
4 0.30078125 0.4375 0.01015625 0.01953125
3 0.184375 0.21171875 0.02109375 0.03671875
4 0.19453125 0.16640625 0.01015625 0.015625
4 0.1953125 0.15546875 0.0109375 0.009375
4 0.1703125 0.115625 0.00859375 0.021875
3 0.25078125 0.23984375 0.02421875 0.02890625
3 0.21015625 0.25625 0.0203125 0.03984375
3 0.21484375 0.28125 0.01875 0.04375
6 0.1875 0.25390625 0.02890625 0.0515625
3 0.7265625 0.67109375 0.021875 0.034375
3 0.7140625 0.64375 0.02421875 0.04453125
3 0.6890625 0.61015625 0.02109375 0.0390625
3 0.68203125 0.58515625 0.02421875 0.0453125
3 0.66484375 0.56171875 0.02109375 0.03515625
3 0.61796875 0.4890625 0.01953125 0.02578125
3 0.6265625 0.54296875 0.0140625 0.025
3 0.66796875 0.43671875 0.02578125 0.03359375
3 0.73203125 0.38671875 0.025 0.03515625
3 0.8078125 0.32734375 0.02421875 0.02421875
3 0.86484375 0.33359375 0.03046875 0.05859375
3 0.834375 0.30703125 0.03203125 0.03984375
3 0.82109375 0.44453125 0.03203125 0.0640625
2 0.86171875 0.28359375 0.02578125 0.02578125
2 0.84296875 0.38203125 0.0265625 0.04296875
3 0.803125 0.50078125 0.015625 0.03125
4 0.90859375 0.29453125 0.01640625 0.025
4 0.896875 0.3375 0.01171875 0.0234375
3 0.88515625 0.0484375 0.021875 0.0265625
2 0.75703125 0.62890625 0.021875 0.04453125
2 0.815625 0.890625 0.02109375 0.03828125
4 0.759375 0.9328125 0.01171875 0.01953125
4 0.7546875 0.98984375 0.0125 0.0203125
4 0.55546875 0.696875 0.01171875 0.01875
4 0.540625 0.6296875 0.0140625 0.01640625
4 0.53828125 0.70625 0.0140625 0.01640625
3 0.51953125 0.7078125 0.02890625 0.03671875
2 0.3265625 0.92109375 0.01796875 0.03671875
4 0.39921875 0.70859375 0.00859375 0.01171875
4 0.4140625 0.69921875 0.0109375 0.01328125
4 0.41875 0.70703125 0.009375 0.01328125
4 0.3640625 0.80859375 0.009375 0.01015625
4 0.42421875 0.56640625 0.01171875 0.01484375
4 0.41328125 0.478125 0.009375 0.015625
4 0.390625 0.23203125 0.009375 0.01484375
4 0.396875 0.2390625 0.00859375 0.01484375
4 0.409375 0.27421875 0.00859375 0.0203125
4 0.4140625 0.28046875 0.00546875 0.01640625
4 0.44296875 0.29140625 0.0046875 0.01640625
4 0.43828125 0.290625 0.00390625 0.01796875
4 0.43828125 0.3109375 0.0109375 0.01328125
4 0.453125 0.2859375 0.01015625 0.015625
4 0.453125 0.2984375 0.00703125 0.01484375
4 0.45703125 0.30546875 0.009375 0.015625
4 0.37890625 0.11875 0.00859375 0.01875
4 0.37578125 0.10546875 0.009375 0.01640625
4 0.36796875 0.078125 0.00859375 0.01640625
4 0.35703125 0.0640625 0.00859375 0.015625
4 0.34921875 0.053125 0.00859375 0.0203125
4 0.33984375 0.04296875 0.009375 0.0203125
4 0.3390625 0.01796875 0.01328125 0.015625
4 0.33828125 0.0734375 0.00859375 0.01484375
4 0.32578125 0.06328125 0.00859375 0.01640625
4 0.3203125 0.0734375 0.0109375 0.009375
4 0.31640625 0.07890625 0.0109375 0.0109375
4 0.3140625 0.09921875 0.009375 0.015625
2 0.303125 0.11640625 0.01953125 0.034375
4 0.30703125 0.08125 0.00625 0.01640625
4 0.29609375 0.0828125 0.009375 0.01875
4 0.33046875 0.06875 0.00703125 0.01484375
4 0.31953125 0.103125 0.00703125 0.01640625
4 0.334375 0.10859375 0.00625 0.01640625
4 0.34140625 0.1125 0.00625 0.0140625
4 0.3453125 0.096875 0.00859375 0.01171875
4 0.3734375 0.14453125 0.00546875 0.01640625
4 0.36796875 0.13125 0.00625 0.01640625
4 0.3625 0.11953125 0.00703125 0.01875
4 0.35859375 0.09921875 0.00546875 0.01640625
4 0.3546875 0.090625 0.00546875 0.01640625
4 0.3484375 0.10546875 0.00625 0.01875
4 0.340625 0.1265625 0.0046875 0.015625
4 0.33515625 0.12890625 0.00546875 0.01875
4 0.34375 0.140625 0.009375 0.01953125
4 0.35546875 0.11953125 0.00625 0.01484375
4 0.34375 0.1921875 0.009375 0.00859375
4 0.3453125 0.1765625 0.00859375 0.01171875
4 0.38671875 0.19375 0.009375 0.015625
3 0.259375 0.04921875 0.025 0.03515625
3 0.23046875 0.28984375 0.021875 0.04375
3 0.27421875 0.678125 0.01796875 0.0359375
3 0.696875 0.415625 0.03046875 0.0359375
3 0.51796875 0.21875 0.0203125 0.02890625
4 0.54609375 0.18984375 0.00625 0.0203125
4 0.5515625 0.1859375 0.00625 0.01953125
4 0.559375 0.20078125 0.00625 0.0203125
4 0.571875 0.19375 0.00546875 0.01796875
4 0.57578125 0.190625 0.00625 0.01875
4 0.5796875 0.184375 0.00703125 0.01875
4 0.5859375 0.19453125 0.00546875 0.015625
4 0.58671875 0.17265625 0.0046875 0.01875
4 0.59140625 0.1765625 0.00546875 0.01796875
4 0.6 0.171875 0.00625 0.01796875
4 0.60546875 0.13125 0.00625 0.01640625
4 0.60625 0.15625 0.00546875 0.01875
4 0.62734375 0.14140625 0.00859375 0.01953125
4 0.63203125 0.1625 0.00546875 0.01875
4 0.63671875 0.13203125 0.00859375 0.02109375
4 0.6453125 0.12734375 0.00546875 0.02109375
4 0.65078125 0.125 0.0046875 0.01953125
4 0.65625 0.121875 0.00625 0.01875
4 0.6625 0.12265625 0.00546875 0.01875
4 0.675 0.12890625 0.00859375 0.01328125
4 0.665625 0.11953125 0.0046875 0.01875
4 0.671875 0.1109375 0.00546875 0.01875
4 0.6765625 0.1109375 0.00546875 0.01953125
4 0.68125 0.10859375 0.0046875 0.02109375
4 0.7234375 0.08984375 0.00546875 0.01796875
4 0.7609375 0.03828125 0.00546875 0.01875
4 0.76796875 0.034375 0.00703125 0.02109375
4 0.7734375 0.0265625 0.00703125 0.0203125
4 0.7796875 0.02109375 0.0046875 0.01953125
4 0.7140625 0.19453125 0.0109375 0.01484375
4 0.7484375 0.3703125 0.00703125 0.01875
4 0.6453125 0.4578125 0.01171875 0.01171875
3 0.6265625 0.50546875 0.02109375 0.03359375
4 0.61328125 0.52421875 0.0109375 0.0140625
4 0.64921875 0.5796875 0.00859375 0.01484375
6 0.55625 0.92890625 0.02578125 0.06953125
6 0.06796875 0.03671875 0.0359375 0.06953125
4 0.14296875 0.19296875 0.00703125 0.01875
4 0.1390625 0.18671875 0.009375 0.0203125
4 0.22421875 0.84609375 0.0109375 0.009375
4 0.22734375 0.83125 0.0109375 0.009375
4 0.24453125 0.76953125 0.01171875 0.0109375
4 0.23828125 0.79453125 0.01015625 0.00859375
4 0.234375 0.809375 0.01015625 0.01171875
4 0.3046875 0.61640625 0.00703125 0.01953125
4 0.29609375 0.60703125 0.00859375 0.01484375
4 0.309375 0.57890625 0.00625 0.01953125
2 0.4015625 0.1453125 0.02109375 0.0390625
2 0.61796875 0.159375 0.01640625 0.04375
4 0.7734375 0.74140625 0.00859375 0.0109375
4 0.7671875 0.7234375 0.00859375 0.01640625
4 0.77890625 0.73125 0.00859375 0.0109375
4 0.78203125 0.721875 0.0109375 0.01015625
4 0.78671875 0.7046875 0.01171875 0.01171875
4 0.79140625 0.68828125 0.009375 0.00703125
4 0.78359375 0.7140625 0.01171875 0.01015625
4 0.7828125 0.55078125 0.009375 0.01171875
4 0.82421875 0.596875 0.01171875 0.0109375
4 0.78828125 0.54140625 0.01171875 0.0109375
4 0.79375 0.51875 0.00859375 0.00859375
4 0.79140625 0.52578125 0.01015625 0.00625
4 0.78984375 0.53203125 0.01171875 0.00625
4 0.778125 0.56171875 0.01171875 0.00703125
4 0.8171875 0.625 0.01015625 0.0109375
4 0.80625 0.6453125 0.00859375 0.01484375
4 0.8140625 0.63828125 0.01171875 0.01015625
4 0.70625 0.97109375 0.01015625 0.015625
4 0.8859375 0.409375 0.0109375 0.015625
4 0.9015625 0.38828125 0.009375 0.021875
4 0.89140625 0.428125 0.00859375 0.01953125
4 0.91328125 0.359375 0.009375 0.01171875
4 0.91796875 0.34453125 0.00703125 0.01875
4 0.97109375 0.25625 0.01171875 0.01640625
4 0.90859375 0.14921875 0.01171875 0.01640625