2 0.39453125 0.55546875 0.01484375 0.04609375
2 0.37421875 0.5546875 0.01796875 0.04453125
2 0.603125 0.7125 0.0203125 0.03984375
2 0.7875 0.9609375 0.028125 0.0390625
0 0.78671875 0.86875 0.015625 0.028125
3 0.73984375 0.89765625 0.021875 0.0390625
2 0.52890625 0.35546875 0.01796875 0.04609375
0 0.465625 0.3890625 0.0140625 0.0234375
4 0.36640625 0.35859375 0.01171875 0.01875
4 0.36953125 0.33515625 0.01328125 0.0203125
4 0.41015625 0.37734375 0.01171875 0.02109375
4 0.38828125 0.409375 0.01171875 0.02421875
4 0.40625 0.434375 0.01171875 0.0203125
4 0.4390625 0.4203125 0.01171875 0.021875
4 0.40703125 0.4640625 0.01171875 0.01796875
4 0.390625 0.45625 0.009375 0.021875
4 0.50859375 0.403125 0.0140625 0.02109375
4 0.2734375 0.20703125 0.01171875 0.021875
2 0.2328125 0.18515625 0.021875 0.0296875
3 0.25390625 0.2328125 0.01953125 0.03125
0 0.33828125 0.59296875 0.0140625 0.02578125
0 0.3296875 0.54140625 0.01328125 0.02421875
0 0.32421875 0.65625 0.01171875 0.0265625
0 0.39296875 0.69921875 0.01484375 0.0234375
0 0.4046875 0.7125 0.015625 0.02578125
0 0.3640625 0.75625 0.0140625 0.0296875
2 0.9046875 0.33125 0.0203125 0.04296875
2 0.8484375 0.38828125 0.0296875 0.0515625
2 0.8234375 0.52734375 0.01875 0.04453125
0 0.62734375 0.459375 0.01640625 0.0265625
6 0.19296875 0.2484375 0.02890625 0.05546875
3 0.21328125 0.2484375 0.0234375 0.04453125
3 0.18984375 0.20703125 0.02890625 0.04453125
2 0.3176716046875 0.9312963609375 0.3267257609375 0.9352104156250001 0.3384717046875 0.90085361875 0.32826149843749997 0.89556513125 0.3176716046875 0.9312963609375
4 0.2640625 0.90859375 0.01328125 0.025
4 0.26328125 0.8609375 0.0109375 0.01953125
4 0.309375 0.86953125 0.01171875 0.021875
4 0.33046875 0.86640625 0.009375 0.02109375
4 0.328125 0.82578125 0.0109375 0.02578125
4 0.328125 0.79921875 0.01328125 0.0203125
4 0.29296875 0.76875 0.009375 0.021875
4 0.2296875 0.95625 0.0140625 0.025
4 0.29140625 0.96953125 0.009375 0.01953125
4 0.278125 0.9765625 0.01171875 0.0203125
4 0.2859375 0.71171875 0.01015625 0.021875
4 0.34453125 0.06875 0.01015625 0.01796875
4 0.34375 0.03828125 0.0109375 0.01953125
4 0.35390625 0.046875 0.0109375 0.01875
4 0.36328125 0.0578125 0.0109375 0.01875
4 0.3125 0.084375 0.01171875 0.01640625
4 0.3734375 0.259375 0.0109375 0.025
4 0.3984375 0.28671875 0.01328125 0.03203125
4 0.38203125 0.29921875 0.01015625 0.0265625
4 0.51328125 0.60078125 0.01328125 0.0140625
4 0.42578125 0.653125 0.01484375 0.01171875
4 0.428125 0.609375 0.009375 0.03046875
4 0.50390625 0.615625 0.01171875 0.01171875
4 0.5140625 0.51328125 0.009375 0.01796875
4 0.52890625 0.4796875 0.009375 0.02109375
4 0.48828125 0.43046875 0.01328125 0.015625
4 0.4828125 0.440625 0.009375 0.01328125
4 0.49375 0.3546875 0.009375 0.01796875
0 0.534375 0.28828125 0.009375 0.01171875
0 0.5515625 0.29375 0.01171875 0.01953125
4 0.5921875 0.73828125 0.01328125 0.01796875
4 0.4421875 0.578125 0.0109375 0.01796875
4 0.41953125 0.596875 0.01171875 0.01875
4 0.39921875 0.67421875 0.01328125 0.015625
4 0.35390625 0.53671875 0.01171875 0.01328125
4 0.35625 0.55234375 0.0109375 0.01640625
4 0.3546875 0.5734375 0.01015625 0.01875
4 0.3625 0.60546875 0.009375 0.01875
4 0.35078125 0.6109375 0.009375 0.021875
4 0.32578125 0.61953125 0.01015625 0.0203125
4 0.32421875 0.57265625 0.0109375 0.021875
4 0.37578125 0.66953125 0.01171875 0.01796875
4 0.36640625 0.7171875 0.009375 0.01953125
4 0.3359375 0.6609375 0.009375 0.02421875
4 0.240625 0.96328125 0.01015625 0.01953125
4 0.2359375 0.9890625 0.01015625 0.0203125
4 0.309375 0.4453125 0.01328125 0.01875
4 0.36328125 0.2296875 0.0140625 0.01875
4 0.3609375 0.2578125 0.01171875 0.0203125
4 0.31171875 0.178125 0.01171875 0.015625
2 0.7234375 0.9609375 0.028125 0.02421875
4 0.70703125 0.87578125 0.01171875 0.01953125
4 0.6609375 0.78828125 0.01328125 0.01953125
4 0.6765625 0.74296875 0.01015625 0.021875
4 0.69453125 0.73671875 0.0140625 0.0203125
4 0.7078125 0.76328125 0.01171875 0.025
4 0.671875 0.70703125 0.009375 0.01484375
6 0.56328125 0.9515625 0.040625 0.0640625
4 0.61953125 0.60625 0.01484375 0.01953125
4 0.646875 0.4578125 0.0109375 0.01796875
4 0.75390625 0.29609375 0.01796875 0.021875
4 0.76171875 0.15078125 0.01328125 0.01484375
4 0.784375 0.0921875 0.01328125 0.01484375
4 0.67890625 0.1625 0.0109375 0.01953125
4 0.70703125 0.18671875 0.0140625 0.0203125
4 0.6453125 0.23359375 0.01328125 0.01640625
2 0.6609375 0.14921875 0.0234375 0.028125
2 0.621875 0.15859375 0.015625 0.04453125
4 0.64609375 0.17109375 0.0140625 0.015625
4 0.865625 0.0515625 0.0140625 0.01796875
4 0.87109375 0.0609375 0.009375 0.0203125
4 0.88359375 0.0609375 0.01328125 0.01953125
4 0.92421875 0.2390625 0.01171875 0.025
2 0.86640625 0.2890625 0.025 0.03203125
4 0.8265625 0.49140625 0.0140625 0.01953125
4 0.84609375 0.428125 0.01171875 0.021875
2 0.7578125 0.634375 0.0203125 0.040625
3 0.728125 0.67578125 0.0203125 0.03359375
3 0.82421875 0.45 0.03046875 0.065625
3 0.86796875 0.33828125 0.03125 0.05859375
3 0.83828125 0.31171875 0.03203125 0.040625
3 0.8109375 0.33125 0.02578125 0.02890625
3 0.73515625 0.3890625 0.028125 0.03515625
3 0.67109375 0.43828125 0.02578125 0.034375
4 0.4640625 0.359375 0.01328125 0.01875
4 0.459375 0.3140625 0.01484375 0.015625
4 0.459375 0.3328125 0.01484375 0.01640625
4 0.4515625 0.3921875 0.0140625 0.01796875
4 0.68125 0.8390625 0.01875 0.01953125
4 0.87421875 0.98046875 0.01328125 0.01875
4 0.85078125 0.9578125 0.0109375 0.01640625
4 0.85625 0.98203125 0.0140625 0.01796875
4 0.81171875 0.89453125 0.01328125 0.01640625
4 0.81171875 0.91171875 0.01484375 0.01953125
4 0.7734375 0.74609375 0.01171875 0.015625
3 0.61953125 0.4890625 0.01875 0.025
3 0.628125 0.54140625 0.01796875 0.025
4 0.75859375 0.9109375 0.01015625 0.01875
4 0.60390625 0.83984375 0.00703125 0.01953125
2 0.54921875 0.24453125 0.02578125 0.0296875
3 0.80546875 0.50390625 0.01640625 0.03125
3 0.671875 0.58125 0.01640625 0.025
3 0.6921875 0.61015625 0.0203125 0.03359375
3 0.70390625 0.62890625 0.0203125 0.04375
3 0.51875 0.70390625 0.02578125 0.0359375
2 0.4046875 0.140625 0.021875 0.0390625
4 0.71015625 0.39140625 0.01484375 0.01640625
4 0.75078125 0.37421875 0.00859375 0.021875
4 0.82734375 0.60234375 0.0109375 0.015625
4 0.35546875 0.80625 0.00703125 0.01484375
4 0.24140625 0.85703125 0.009375 0.01953125
4 0.225 0.83671875 0.01328125 0.01015625
4 0.228125 0.82109375 0.01015625 0.01015625
4 0.2484375 0.7859375 0.00703125 0.01875
4 0.234375 0.79296875 0.01171875 0.0109375
4 0.2328125 0.803125 0.01171875 0.01015625
3 0.27734375 0.671875 0.01640625 0.0296875
4 0.25546875 0.728125 0.01171875 0.01171875
4 0.24296875 0.76953125 0.0109375 0.01015625
4 0.24609375 0.75546875 0.0109375 0.01328125
4 0.30703125 0.58671875 0.01015625 0.0203125
4 0.23671875 0.23828125 0.009375 0.01171875
4 0.2421875 0.23671875 0.00703125 0.01875
4 0.11640625 0.11640625 0.00703125 0.02421875
4 0.14921875 0.18203125 0.00859375 0.01875
4 0.14375 0.17578125 0.009375 0.015625
6 0.07421875 0.0296875 0.040625 0.059375
4 0.39453125 0.11171875 0.00703125 0.01875
4 0.33125 0.05859375 0.00703125 0.01796875
4 0.3359375 0.065625 0.00703125 0.01796875
4 0.325 0.0671875 0.009375 0.00859375
4 0.378125 0.0796875 0.00703125 0.015625
4 0.3734375 0.07578125 0.00859375 0.015625
4 0.3640625 0.09375 0.00625 0.0140625
4 0.359375 0.084375 0.00703125 0.01484375
4 0.36796875 0.11484375 0.00546875 0.015625
4 0.37890625 0.09921875 0.009375 0.0140625
4 0.3765625 0.11796875 0.00703125 0.015625
4 0.36015625 0.11640625 0.00859375 0.01796875
4 0.34921875 0.13671875 0.009375 0.01875
4 0.340625 0.1015625 0.00703125 0.01875
4 0.3453125 0.1109375 0.00546875 0.01640625
4 0.34921875 0.09453125 0.00859375 0.01875
4 0.35390625 0.1015625 0.00625 0.01875
4 0.340625 0.12421875 0.00703125 0.0140625
4 0.37890625 0.1375 0.00859375 0.01796875
4 0.3828125 0.11484375 0.00625 0.015625
4 0.31875 0.0953125 0.00859375 0.015625
4 0.3203125 0.07265625 0.01171875 0.01328125
4 0.3890625 0.21171875 0.0109375 0.0109375
4 0.39140625 0.1875 0.00859375 0.01484375
4 0.40625 0.24296875 0.009375 0.01015625
4 0.40859375 0.259375 0.00859375 0.01953125
4 0.41484375 0.27421875 0.00859375 0.01640625
4 0.434375 0.30703125 0.0109375 0.01015625
4 0.43828125 0.2875 0.00546875 0.0203125
4 0.43125 0.2859375 0.00546875 0.01953125
4 0.48125 0.2765625 0.00703125 0.01953125
4 0.4734375 0.278125 0.00703125 0.015625
4 0.484375 0.259375 0.00703125 0.021875
4 0.515625 0.24609375 0.00859375 0.01640625
4 0.51796875 0.26328125 0.01015625 0.01171875
4 0.55234375 0.209375 0.00859375 0.01796875
4 0.5640625 0.20078125 0.00859375 0.0203125
4 0.55625 0.18359375 0.00546875 0.02109375
4 0.55078125 0.1890625 0.00859375 0.0203125
4 0.51796875 0.19296875 0.00859375 0.01953125
3 0.5234375 0.21640625 0.0234375 0.028125
4 0.590625 0.19765625 0.00625 0.02109375
4 0.584375 0.18515625 0.00546875 0.01953125
4 0.578125 0.184375 0.00703125 0.01953125
4 0.596875 0.17890625 0.00625 0.01640625
4 0.60390625 0.17265625 0.00546875 0.01875
4 0.6109375 0.13203125 0.00703125 0.0203125
4 0.6109375 0.15703125 0.00546875 0.0203125
4 0.63203125 0.14375 0.00859375 0.021875
4 0.59140625 0.1734375 0.0046875 0.01953125
4 0.65078125 0.12734375 0.00625 0.01875
4 0.65625 0.125 0.00546875 0.01953125
4 0.66171875 0.1265625 0.00546875 0.01796875
4 0.6671875 0.12421875 0.00546875 0.01875
4 0.6796875 0.13125 0.009375 0.015625
4 0.6765625 0.11328125 0.00703125 0.02109375
4 0.671875 0.1203125 0.00625 0.01875
4 0.6828125 0.11171875 0.00625 0.01640625
4 0.69375 0.10390625 0.00625 0.01875
4 0.77890625 0.03046875 0.00703125 0.01875
4 0.78515625 0.0234375 0.00546875 0.021875
3 0.6984375 0.41953125 0.03125 0.03984375
3 0.71640625 0.64921875 0.025 0.04140625
3 0.62890625 0.50703125 0.02421875 0.03359375
3 0.66640625 0.56484375 0.01953125 0.03359375
3 0.684375 0.58828125 0.0234375 0.0453125
4 0.596875 0.8375 0.00703125 0.01875
4 0.70859375 0.93046875 0.00859375 0.0140625
4 0.70546875 0.97265625 0.01015625 0.01953125
4 0.771875 0.77109375 0.01015625 0.0109375
4 0.778125 0.73515625 0.01015625 0.01015625
4 0.78203125 0.7265625 0.01015625 0.01015625
4 0.790625 0.5453125 0.01015625 0.01171875
4 0.784375 0.55390625 0.01015625 0.01015625
4 0.7796875 0.5640625 0.01015625 0.01015625
4 0.77578125 0.571875 0.00859375 0.0109375
4 0.77265625 0.58046875 0.00859375 0.01328125
4 0.80546875 0.659375 0.01171875 0.0140625
4 0.80703125 0.6484375 0.0109375 0.0109375
4 0.815625 0.634375 0.009375 0.0109375
4 0.7890625 0.70859375 0.01015625 0.01015625
4 0.78359375 0.71796875 0.0109375 0.009375
4 0.79609375 0.52265625 0.009375 0.01015625
4 0.8828125 0.44140625 0.00625 0.01875