2 0.33046875 0.07890625 0.01640625 0.03359375
2 0.37578125 0.18125 0.021875 0.04140625
2 0.4390625 0.56953125 0.01875 0.034375
6 0.34296875 0.678125 0.02578125 0.04296875
2 0.68515625 0.24375 0.0203125 0.03515625
2 0.63203125 0.33515625 0.01796875 0.034375
1 0.61796875 0.7984375 0.04453125 0.09140625
2 0.403125 0.5796875 0.01953125 0.02890625
0 0.33515625 0.5234375 0.01484375 0.01875
2 0.184375 0.7921875 0.01640625 0.03046875
4 0.3859375 0.59453125 0.00859375 0.01328125
0 0.228125 0.6890625 0.0140625 0.0203125
2 0.3171875 0.72109375 0.01953125 0.03125
2 0.66484375 0.271875 0.02109375 0.03203125
2 0.33984375 0.0359375 0.01796875 0.03671875
2 0.365625 0.64453125 0.02109375 0.03046875
2 0.61328125 0.4140625 0.01953125 0.03671875
2 0.66171875 0.74375 0.01796875 0.0359375
2 0.55859375 0.73359375 0.01796875 0.03359375
2 0.584375 0.740625 0.01875 0.0359375
2 0.58046875 0.7703125 0.01953125 0.03671875
1 0.571875 0.68125 0.03671875 0.07578125
2 0.746875 0.925 0.02109375 0.03828125
2 0.72109375 0.8625 0.02109375 0.0234375
4 0.54921875 0.65859375 0.00859375 0.01796875
4 0.53984375 0.66484375 0.00625 0.0140625
4 0.54140625 0.68828125 0.00859375 0.01640625
4 0.5421875 0.7203125 0.00703125 0.01640625
4 0.534375 0.70703125 0.00703125 0.01484375
2 0.70390625 0.2234375 0.01640625 0.02421875
2 0.82890625 0.1328125 0.0265625 0.03828125
2 0.721875 0.03125 0.01875 0.03203125
0 0.678125 0.08125 0.0140625 0.02421875
0 0.66484375 0.09296875 0.01171875 0.02421875
3 0.2859375 0.05390625 0.01640625 0.03984375
2 0.196875 0.90234375 0.0203125 0.0359375
2 0.23515625 0.84375 0.01875 0.03125
2 0.25546875 0.815625 0.025 0.03984375
2 0.1953125 0.68359375 0.0203125 0.03515625
2 0.2984375 0.74375 0.0203125 0.03359375
2 0.27578125 0.77734375 0.02109375 0.03125
2 0.384375 0.615625 0.01875 0.028125
4 0.37578125 0.603125 0.00703125 0.01484375
2 0.371875 0.1 0.01953125 0.03828125
0 0.35859375 0.31328125 0.0140625 0.0234375
2 0.215625 0.8671875 0.01796875 0.03046875
2 0.3109375 0.67890625 0.01875 0.03203125
2 0.49140625 0.36953125 0.01875 0.0359375
2 0.47890625 0.41953125 0.0140625 0.03984375
4 0.39296875 0.57421875 0.009375 0.0140625
5 0.6359375 0.38984375 0.02109375 0.03671875
2 0.559375 0.76484375 0.01640625 0.03203125
2 0.2359375 0.51796875 0.015625 0.03515625
4 0.37109375 0.61640625 0.00546875 0.01171875
4 0.33203125 0.7046875 0.009375 0.01796875
2 0.17578125 0.9265625 0.01953125 0.03359375
0 0.64140625 0.7390625 0.01484375 0.025
2 0.65 0.340625 0.01953125 0.034375
2 0.61328125 0.38203125 0.01875 0.03203125
4 0.53203125 0.68515625 0.01015625 0.01796875
0 0.63515625 0.3625 0.0109375 0.01015625
4 0.37578125 0.59375 0.009375 0.015625
2 0.48203125 0.484375 0.01484375 0.046875
4 0.61171875 0.45546875 0.009375 0.01484375
4 0.6296875 0.42578125 0.009375 0.01796875
4 0.6 0.44453125 0.00859375 0.02109375
4 0.74140625 0.0453125 0.00859375 0.0234375
2 0.309375 0.78359375 0.0203125 0.0359375
2 0.35546875 0.74375 0.02109375 0.034375
2 0.1515625 0.934375 0.02109375 0.034375
2 0.16328125 0.96171875 0.0203125 0.03671875
4 0.40703125 0.55546875 0.00703125 0.01484375
4 0.384375 0.58203125 0.0046875 0.01171875
2 0.40859375 0.5015625 0.0140625 0.04296875
2 0.65078125 0.30390625 0.01796875 0.034375
4 0.59453125 0.7140625 0.00859375 0.01484375
2 0.40078125 0.16015625 0.01875 0.03203125
2 0.4609375 0.5015625 0.01640625 0.04375
2 0.665625 0.3109375 0.01796875 0.03046875
2 0.36875 0.6875 0.02421875 0.03203125
2 0.46328125 0.4359375 0.0140625 0.03984375
2 0.45234375 0.34921875 0.01640625 0.034375
2 0.42265625 0.27890625 0.0203125 0.03984375
2 0.40703125 0.63671875 0.02109375 0.03046875
2 0.25234375 0.7796875 0.0203125 0.03515625
2 0.2671875 0.85390625 0.021875 0.03515625
4 0.196875 0.9890625 0.01015625 0.0140625
2 0.1765625 0.90625 0.0203125 0.03359375
2 0.36796875 0.58828125 0.01875 0.03515625
2 0.334375 0.63828125 0.01796875 0.034375
2 0.3921875 0.3625 0.01640625 0.03515625
2 0.36953125 0.1359375 0.01796875 0.03671875
2 0.3609375 0.0609375 0.01796875 0.03671875
2 0.30390625 0.02578125 0.01953125 0.03828125
2 0.47109375 0.35 0.01796875 0.0359375
0 0.74140625 0.95859375 0.01640625 0.021875
0 0.7109375 0.10546875 0.01796875 0.02890625
4 0.76640625 0.040625 0.0140625 0.01796875
2 0.78671875 0.13515625 0.0203125 0.0359375
2 0.21484375 0.83828125 0.0203125 0.03828125
4 0.1859375 0.88359375 0.009375 0.0203125
4 0.3484375 0.6484375 0.00859375 0.01640625
4 0.353125 0.6390625 0.00625 0.01015625
2 0.34921875 0.1265625 0.02109375 0.03828125
2 0.41171875 0.21953125 0.01796875 0.03125
0 0.54140625 0.2109375 0.01328125 0.025
2 0.44140625 0.2859375 0.01640625 0.0296875
4 0.45703125 0.321875 0.00703125 0.01796875
4 0.44921875 0.53359375 0.00859375 0.02421875
2 0.63359375 0.6734375 0.01171875 0.0359375
0 0.7171875 0.934375 0.01328125 0.02578125
2 0.61875 0.71640625 0.01484375 0.03515625
4 0.6578125 0.19609375 0.00859375 0.0140625
4 0.66484375 0.18203125 0.00859375 0.01875
4 0.6984375 0.13046875 0.01171875 0.01875
4 0.734375 0.09296875 0.01015625 0.01484375
2 0.746875 0.20859375 0.01875 0.0296875
2 0.71640625 0.1890625 0.015625 0.02890625
1 0.7 0.30078125 0.0453125 0.075
4 0.740625 0.24609375 0.00859375 0.01875
2 0.73671875 0.1609375 0.01953125 0.0359375
4 0.6234375 0.4625 0.00703125 0.01328125
4 0.6265625 0.44375 0.00703125 0.0140625
4 0.61796875 0.478125 0.00703125 0.01171875
4 0.64296875 0.5109375 0.00546875 0.01640625
4 0.63359375 0.871875 0.01015625 0.01953125
6 0.66015625 0.928125 0.03515625 0.053125
4 0.65859375 0.77734375 0.01015625 0.02109375
2 0.41640625 0.4140625 0.01328125 0.03828125
2 0.12890625 0.98046875 0.0203125 0.0390625
0 0.509375 0.4 0.0140625 0.028125
2 0.3984375 0.228125 0.01640625 0.03125
4 0.4203125 0.21015625 0.009375 0.0203125
4 0.35546875 0.0984375 0.009375 0.01640625
4 0.8109375 0.08671875 0.01015625 0.02109375
4 0.8265625 0.10859375 0.01171875 0.01796875
4 0.840625 0.05859375 0.01015625 0.01953125
4 0.8390625 0.01484375 0.0109375 0.01796875
4 0.76640625 0.2015625 0.01171875 0.01875
0 0.7234375 0.2359375 0.01171875 0.02109375
4 0.7265625 0.26015625 0.00703125 0.01484375
4 0.4265625 0.62265625 0.00859375 0.01328125
4 0.43125 0.6390625 0.00703125 0.01328125
4 0.44609375 0.31796875 0.00703125 0.015625
4 0.4390625 0.32109375 0.00703125 0.015625
4 0.25078125 0.01328125 0.009375 0.015625
2 0.43359375 0.24296875 0.0140625 0.02421875
0 0.46640625 0.28828125 0.01171875 0.02421875