2 0.06640625 0.809375 0.01640625 0.028125
2 0.03125 0.98125 0.01640625 0.02421875
2 0.01796875 0.98515625 0.01640625 0.02578125
2 0.1484375 0.9375 0.015625 0.02421875
2 0.2984375 0.8953125 0.01484375 0.0265625
2 0.2265625 0.6421875 0.00703125 0.03203125
2 0.26015625 0.63515625 0.01484375 0.02578125
2 0.240625 0.515625 0.01484375 0.02578125
3 0.053125 0.88984375 0.01796875 0.03125
4 0.2921875 0.64609375 0.00703125 0.01015625
4 0.30625 0.7296875 0.00859375 0.0109375
2 0.3609375 0.571875 0.01484375 0.0265625
2 0.38125 0.51015625 0.0140625 0.0265625
2 0.38671875 0.52578125 0.01171875 0.0234375
2 0.39375 0.53671875 0.0140625 0.02578125
2 0.38046875 0.559375 0.01328125 0.025
2 0.36171875 0.3765625 0.01484375 0.0203125
2 0.3390625 0.26796875 0.01484375 0.03125
2 0.3671875 0.30546875 0.01171875 0.02578125
2 0.28046875 0.16328125 0.01328125 0.0234375
2 0.19765625 0.00546875 0.01171875 0.01015625
2 0.22578125 0.0453125 0.01328125 0.0265625
2 0.24921875 0.0109375 0.01328125 0.021875
2 0.26875 0.0515625 0.0140625 0.02421875
2 0.321875 0.1390625 0.01484375 0.025
2 0.371875 0.159375 0.01171875 0.021875
2 0.3609375 0.19140625 0.01484375 0.025
2 0.31796875 0.15546875 0.01484375 0.02578125
2 0.33828125 0.19609375 0.0140625 0.021875
2 0.36640625 0.24296875 0.01171875 0.021875
2 0.39453125 0.2328125 0.0140625 0.0234375
5 0.346875 0.1265625 0.025 0.04609375
5 0.40546875 0.15078125 0.02109375 0.04296875
2 0.446875 0.13828125 0.0140625 0.025
6 0.4859375 0.11640625 0.02421875 0.04296875
2 0.434375 0.30625 0.01328125 0.028125
2 0.43359375 0.275 0.009375 0.0203125
2 0.39765625 0.3015625 0.01171875 0.021875
2 0.38046875 0.27890625 0.0140625 0.025
0 0.26640625 0.18203125 0.00859375 0.015625
0 0.29375 0.2421875 0.009375 0.01640625
0 0.353125 0.221875 0.00703125 0.015625
0 0.378125 0.2265625 0.00859375 0.0140625
0 0.428125 0.23828125 0.00625 0.015625
4 0.28359375 0.05859375 0.00546875 0.01015625
4 0.24765625 0.03125 0.00546875 0.01015625
4 0.21796875 0.01171875 0.00546875 0.01015625
4 0.25859375 0.00703125 0.00625 0.01015625
4 0.30078125 0.11796875 0.00546875 0.0109375
4 0.3203125 0.1125 0.00625 0.0140625
4 0.34375 0.1765625 0.00546875 0.01015625
4 0.36796875 0.22890625 0.0046875 0.00859375
0 0.3765625 0.240625 0.00859375 0.015625
4 0.38515625 0.23203125 0.00546875 0.00625
4 0.390625 0.24296875 0.00546875 0.009375
4 0.403125 0.25390625 0.00546875 0.0109375
4 0.396875 0.2515625 0.00546875 0.01015625
4 0.409375 0.25546875 0.0046875 0.00859375
4 0.40546875 0.26640625 0.00546875 0.01015625
4 0.403125 0.27421875 0.00546875 0.0109375
4 0.37890625 0.2578125 0.0046875 0.009375
4 0.38515625 0.26875 0.0046875 0.00859375
4 0.390625 0.2796875 0.00625 0.01015625
4 0.43359375 0.17734375 0.0046875 0.01015625
4 0.43203125 0.21171875 0.00546875 0.009375
2 0.4984375 0.128125 0.01328125 0.0203125
4 0.54609375 0.01171875 0.00546875 0.009375
4 0.89296875 0.0171875 0.00859375 0.0140625
5 0.83359375 0.08046875 0.03359375 0.05546875
2 0.82421875 0.12578125 0.01875 0.03125
4 0.90703125 0.08125 0.00546875 0.0109375
0 0.92734375 0.05625 0.0109375 0.01953125
4 0.87109375 0.140625 0.00859375 0.01171875
4 0.7734375 0.121875 0.00703125 0.01015625
2 0.7578125 0.21875 0.01484375 0.02578125
2 0.62890625 0.2390625 0.0140625 0.02421875
4 0.56484375 0.28359375 0.00546875 0.009375
2 0.584375 0.36875 0.01484375 0.0265625
4 0.428125 0.52265625 0.00625 0.00859375
4 0.33671875 0.62890625 0.00625 0.01015625
4 0.2390625 0.8390625 0.00625 0.01171875
4 0.08125 0.81484375 0.00703125 0.01171875
4 0.2203125 0.8375 0.00546875 0.00859375
4 0.3640625 0.59375 0.0046875 0.00859375
0 0.3703125 0.57890625 0.009375 0.01171875
0 0.359375 0.528125 0.009375 0.015625
0 0.371875 0.50859375 0.009375 0.015625
4 0.4015625 0.515625 0.00546875 0.00859375
4 0.3734375 0.53203125 0.00546875 0.009375
4 0.36328125 0.540625 0.0046875 0.00859375
4 0.3765625 0.53828125 0.00625 0.009375
4 0.38046875 0.5421875 0.0046875 0.0109375
4 0.3734375 0.55546875 0.00546875 0.01015625
4 0.31640625 0.89921875 0.00546875 0.009375
4 0.378125 0.80546875 0.00625 0.01015625
4 0.47109375 0.74453125 0.00703125 0.009375
4 0.48046875 0.73671875 0.00703125 0.009375
4 0.49921875 0.7234375 0.00546875 0.00703125
4 0.5265625 0.7171875 0.00703125 0.009375
4 0.5265625 0.728125 0.00625 0.00703125
4 0.48203125 0.66171875 0.0046875 0.009375
0 0.4859375 0.67578125 0.009375 0.015625
0 0.45546875 0.75703125 0.009375 0.015625
0 0.446875 0.7890625 0.01015625 0.01640625
0 0.5453125 0.5859375 0.01015625 0.01484375
0 0.61796875 0.5875 0.00859375 0.01171875
0 0.66875 0.70703125 0.00625 0.01640625
0 0.7234375 0.8234375 0.00859375 0.01640625
0 0.703125 0.80859375 0.009375 0.01640625
4 0.70703125 0.8265625 0.00546875 0.01015625
4 0.68125 0.784375 0.00625 0.0109375
0 0.615625 0.74921875 0.00859375 0.015625
2 0.5890625 0.72890625 0.015625 0.0265625
4 0.56953125 0.71484375 0.00546875 0.009375
2 0.61796875 0.60859375 0.01640625 0.0265625
4 0.6421875 0.55859375 0.00546875 0.01171875
4 0.5953125 0.65546875 0.0046875 0.00703125
4 0.5171875 0.62578125 0.00703125 0.01015625
4 0.52890625 0.53203125 0.00546875 0.0109375
4 0.53828125 0.578125 0.00546875 0.01015625
4 0.5484375 0.56875 0.00546875 0.009375
4 0.55703125 0.5515625 0.00546875 0.009375
4 0.58359375 0.53046875 0.00546875 0.009375
4 0.59921875 0.50703125 0.00546875 0.009375
4 0.60390625 0.49609375 0.00546875 0.01015625
4 0.59921875 0.4890625 0.00625 0.0109375
4 0.60546875 0.47109375 0.00625 0.00703125
4 0.61796875 0.46171875 0.00546875 0.009375
4 0.6265625 0.45078125 0.00546875 0.009375
4 0.684375 0.31640625 0.00546875 0.009375
4 0.6640625 0.35390625 0.00546875 0.009375
4 0.675 0.28671875 0.00546875 0.01171875
4 0.728125 0.290625 0.00625 0.01171875
0 0.70703125 0.275 0.00859375 0.01640625
0 0.69296875 0.31640625 0.009375 0.01875
0 0.65859375 0.34921875 0.00859375 0.01484375
0 0.67109375 0.37265625 0.00859375 0.01796875
0 0.65078125 0.43359375 0.00859375 0.01640625
0 0.6140625 0.4765625 0.00859375 0.01484375
2 0.6953125 0.29453125 0.01171875 0.0203125
2 0.70703125 0.29609375 0.01484375 0.028125
2 0.67890625 0.340625 0.015625 0.0265625
2 0.67109375 0.33125 0.0140625 0.02421875
2 0.6609375 0.36953125 0.01328125 0.021875
2 0.6484375 0.36953125 0.01328125 0.021875
2 0.659375 0.39375 0.01484375 0.0234375
2 0.646875 0.39296875 0.01171875 0.01953125
2 0.63515625 0.39453125 0.0140625 0.0234375
2 0.63828125 0.4234375 0.015625 0.02578125
2 0.621875 0.41875 0.01484375 0.025
2 0.63515625 0.45234375 0.0140625 0.0234375
2 0.61953125 0.4453125 0.015625 0.025
2 0.6015625 0.4515625 0.01328125 0.02109375
2 0.5921875 0.4859375 0.01484375 0.0234375
2 0.5796875 0.48828125 0.01328125 0.02109375
2 0.56796875 0.5234375 0.015625 0.0234375
2 0.590625 0.51171875 0.0140625 0.0234375