2 0.0109375 0.05078125 0.01953125 0.0484375
4 0.0171875 0.01640625 0.01015625 0.01875
2 0.14921875 0.265625 0.02421875 0.0453125
5 0.06640625 0.33828125 0.028125 0.075
0 0.1921875 0.38046875 0.0203125 0.021875
2 0.13046875 0.521875 0.028125 0.0234375
2 0.09140625 0.52109375 0.0234375 0.02109375
0 0.07265625 0.55546875 0.01953125 0.02109375
2 0.03125 0.56171875 0.0234375 0.021875
2 0.05625 0.53125 0.02578125 0.021875
2 0.1171875 0.55 0.02421875 0.0234375
2 0.14140625 0.5734375 0.02578125 0.025
2 0.165625 0.54765625 0.02421875 0.025
2 0.15625 0.596875 0.0265625 0.025
2 0.0984375 0.57578125 0.021875 0.02421875
0 0.0921875 0.59921875 0.01953125 0.01953125
2 0.496875 0.36953125 0.025 0.025
3 0.896875 0.33515625 0.0296875 0.025
3 0.98125 0.33125 0.02578125 0.0234375
2 0.7765625 0.2484375 0.02890625 0.025
2 0.76640625 0.16484375 0.02890625 0.02890625
2 0.1578125 0.51953125 0.02578125 0.02578125
4 0.6734375 0.4390625 0.0140625 0.01484375
2 0.0328125 0.26953125 0.0203125 0.046875
2 0.96640625 0.48828125 0.02578125 0.0234375
2 0.9359375 0.41796875 0.0234375 0.02421875
2 0.196875 0.53671875 0.02578125 0.025
2 0.2359375 0.5828125 0.02421875 0.02109375
4 0.66015625 0.41328125 0.0140625 0.01484375
4 0.5640625 0.34140625 0.01328125 0.01484375
4 0.446875 0.5703125 0.01171875 0.01328125
4 0.3078125 0.58359375 0.0140625 0.0140625
4 0.93359375 0.4765625 0.01484375 0.0203125