1 0.5515625 0.48359375 0.053125 0.05703125
3 0.74921875 0.32265625 0.034375 0.034375
0 0.6765625 0.35859375 0.01953125 0.0234375
0 0.6828125 0.39296875 0.0140625 0.02578125
0 0.38828125 0.44609375 0.01484375 0.025
2 0.428125 0.60390625 0.021875 0.0359375
2 0.54375 0.58125 0.021875 0.046875
2 0.59453125 0.5890625 0.02578125 0.04375
2 0.621875 0.7171875 0.01640625 0.0453125
2 0.7265625 0.95625 0.025 0.01875
3 0.73671875 0.79453125 0.02890625 0.05
3 0.72890625 0.67265625 0.0203125 0.0359375
0 0.540625 0.66875 0.01640625 0.01953125
2 0.3421875 0.7890625 0.01875 0.0453125
2 0.55390625 0.24375 0.0234375 0.034375
1 0.5203125 0.42421875 0.06015625 0.0515625
2 0.5046875 0.4640625 0.02421875 0.03671875
3 0.453125 0.41875 0.0234375 0.0296875
0 0.22734375 0.89453125 0.0109375 0.0234375
6 0.5671875 0.946875 0.040625 0.065625
2 0.23515625 0.184375 0.021875 0.0359375
3 0.19453125 0.2015625 0.02890625 0.05078125
3 0.2171875 0.2453125 0.02421875 0.040625
3 0.25625 0.23203125 0.0234375 0.03828125
3 0.221875 0.26875 0.0203125 0.03984375
6 0.19296875 0.24453125 0.03046875 0.0515625
2 0.33046875 0.91171875 0.01484375 0.03359375
3 0.7171875 0.64296875 0.025 0.0453125
3 0.7078125 0.62890625 0.02421875 0.0390625
3 0.69375 0.6046875 0.01875 0.0359375
3 0.68515625 0.58125 0.021875 0.03984375
3 0.6734375 0.434375 0.03203125 0.03828125
3 0.73828125 0.384375 0.03046875 0.0359375
4 0.75390625 0.36796875 0.00859375 0.01953125
4 0.71171875 0.3859375 0.01328125 0.0140625
4 0.6359375 0.3703125 0.0140625 0.015625
4 0.56875 0.31328125 0.0109375 0.01875
4 0.54453125 0.3453125 0.009375 0.01796875
4 0.534375 0.334375 0.01171875 0.01875
4 0.50703125 0.34375 0.01015625 0.02109375
4 0.47421875 0.37109375 0.0140625 0.01484375
4 0.48046875 0.40703125 0.01015625 0.01484375
4 0.46171875 0.38984375 0.01171875 0.0140625
4 0.43203125 0.37109375 0.01484375 0.01640625
4 0.43515625 0.40234375 0.01171875 0.01875
4 0.43125 0.45859375 0.00859375 0.021875
4 0.43515625 0.44609375 0.00703125 0.021875
4 0.4671875 0.50546875 0.01171875 0.015625
4 0.48203125 0.553125 0.0140625 0.01640625
4 0.540625 0.61171875 0.01171875 0.0140625
4 0.56484375 0.61796875 0.01171875 0.01953125
4 0.56484375 0.64296875 0.01171875 0.01796875
4 0.55703125 0.66171875 0.01328125 0.02109375
4 0.45703125 0.56171875 0.01171875 0.01484375
4 0.428125 0.56953125 0.01171875 0.01796875
4 0.4609375 0.63046875 0.01015625 0.015625
4 0.43828125 0.65390625 0.01171875 0.0140625
4 0.4265625 0.64609375 0.01171875 0.01875
4 0.39921875 0.61484375 0.00859375 0.0234375
4 0.39609375 0.58671875 0.0140625 0.015625
4 0.39296875 0.6515625 0.01171875 0.01875
4 0.41171875 0.67421875 0.01015625 0.0140625
4 0.41796875 0.68671875 0.00703125 0.0203125
4 0.396875 0.6890625 0.01328125 0.01875
4 0.3828125 0.71171875 0.00859375 0.015625
4 0.365625 0.73125 0.009375 0.021875
4 0.31953125 0.71796875 0.00859375 0.01640625
4 0.2765625 0.77421875 0.01015625 0.02578125
4 0.30546875 0.86328125 0.009375 0.021875
4 0.303125 0.95390625 0.01484375 0.02890625
4 0.303125 0.91015625 0.009375 0.02109375
4 0.28828125 0.96484375 0.00859375 0.025
4 0.26953125 0.89296875 0.0109375 0.0234375
4 0.6515625 0.78046875 0.01171875 0.0234375
4 0.653125 0.69140625 0.015625 0.02109375
4 0.6484375 0.63046875 0.01015625 0.0234375
4 0.715625 0.865625 0.01328125 0.015625
4 0.7359375 0.890625 0.00859375 0.01484375
4 0.71640625 0.89765625 0.015625 0.015625
4 0.57578125 0.6984375 0.015625 0.01796875
4 0.7359375 0.8734375 0.01328125 0.01953125
4 0.71171875 0.87890625 0.0140625 0.015625
4 0.7265625 0.1515625 0.01640625 0.02109375
4 0.78828125 0.1203125 0.01328125 0.015625
4 0.453125 0.321875 0.0140625 0.0140625
4 0.390625 0.32421875 0.009375 0.0203125
4 0.37578125 0.39921875 0.009375 0.021875
4 0.3765625 0.46953125 0.0109375 0.01796875
4 0.396875 0.4765625 0.01015625 0.02578125
4 0.38203125 0.515625 0.009375 0.02109375
4 0.384375 0.5921875 0.0140625 0.015625
4 0.31171875 0.73984375 0.01171875 0.01953125
1 0.30859375 0.67421875 0.028125 0.0953125
4 0.29296875 0.68671875 0.009375 0.02421875
4 0.29296875 0.225 0.009375 0.01796875
4 0.28046875 0.23125 0.01015625 0.01796875
4 0.31640625 0.29921875 0.01171875 0.025
4 0.28125 0.1984375 0.0109375 0.01640625
4 0.29921875 0.20703125 0.0109375 0.01953125
4 0.2546875 0.165625 0.01171875 0.01953125
4 0.84921875 0.090625 0.0140625 0.0203125
4 0.89375 0.0484375 0.01484375 0.01796875
4 0.9734375 0.23203125 0.01171875 0.015625
4 0.8359375 0.2234375 0.0140625 0.015625
4 0.85390625 0.44375 0.01015625 0.01953125
4 0.83359375 0.49296875 0.01171875 0.02109375
2 0.66171875 0.14609375 0.02421875 0.0265625
2 0.40546875 0.13984375 0.01953125 0.03828125
4 0.75703125 0.29296875 0.01328125 0.01640625
4 0.60546875 0.52890625 0.01171875 0.01640625
2 0.86640625 0.28359375 0.02421875 0.0359375
2 0.8484375 0.384375 0.0234375 0.040625
3 0.8125 0.32578125 0.025 0.03046875
4 0.35078125 0.36875 0.01171875 0.01796875
4 0.49609375 0.284375 0.01015625 0.015625
4 0.52109375 0.25625 0.0109375 0.01484375
4 0.51796875 0.240625 0.00859375 0.01640625
4 0.48671875 0.39609375 0.01015625 0.01640625
2 0.759375 0.628125 0.0203125 0.04453125
4 0.33203125 0.534375 0.00625 0.0203125
4 0.328125 0.52890625 0.00625 0.0203125
4 0.1796875 0.04921875 0.01328125 0.02109375
4 0.19375 0.05625 0.01171875 0.0265625
4 0.25078125 0.81328125 0.00859375 0.0234375
3 0.8265625 0.446875 0.03046875 0.06875
3 0.8390625 0.30625 0.03203125 0.0390625
3 0.86953125 0.33359375 0.02890625 0.0609375
2 0.62421875 0.15546875 0.01796875 0.04140625
6 0.08046875 0.0296875 0.03984375 0.059375
4 0.2390625 0.2390625 0.00703125 0.01640625
4 0.24453125 0.234375 0.00546875 0.01953125
4 0.28828125 0.046875 0.0109375 0.015625
4 0.3265625 0.0671875 0.009375 0.015625
4 0.33359375 0.05703125 0.00703125 0.01953125
4 0.34453125 0.03671875 0.009375 0.01953125
4 0.35625 0.046875 0.009375 0.02109375
4 0.365625 0.05625 0.00703125 0.0203125
4 0.346875 0.06640625 0.00859375 0.015625
4 0.334375 0.0765625 0.00703125 0.0140625
4 0.3296875 0.10078125 0.00859375 0.01875
4 0.34140625 0.09921875 0.00703125 0.01875
4 0.34765625 0.10625 0.00625 0.015625
4 0.3515625 0.09140625 0.00859375 0.01484375
4 0.36171875 0.084375 0.00859375 0.01875
4 0.365625 0.09140625 0.00859375 0.01640625
4 0.37890625 0.078125 0.00703125 0.015625
4 0.38125 0.096875 0.009375 0.01640625
4 0.3859375 0.11171875 0.00625 0.01640625
4 0.37890625 0.1140625 0.00625 0.015625
4 0.36953125 0.11328125 0.00625 0.015625
4 0.36171875 0.1140625 0.00703125 0.015625
4 0.35546875 0.10078125 0.00625 0.015625
4 0.321875 0.09375 0.00703125 0.01953125
4 0.34140625 0.1234375 0.00859375 0.015625
4 0.34453125 0.1328125 0.00859375 0.01484375
4 0.35078125 0.13359375 0.00703125 0.01640625
4 0.40546875 0.25546875 0.01171875 0.0109375
4 0.41171875 0.259375 0.00546875 0.015625
4 0.41640625 0.2703125 0.00859375 0.0140625
4 0.415625 0.2859375 0.01328125 0.01171875
4 0.434375 0.28125 0.0046875 0.015625
4 0.44296875 0.303125 0.0046875 0.015625
4 0.4484375 0.30625 0.0046875 0.01875
4 0.47578125 0.27578125 0.00703125 0.01796875
4 0.51953125 0.1890625 0.00546875 0.0203125
4 0.55703125 0.178125 0.00625 0.01953125
4 0.565625 0.196875 0.00859375 0.01796875
4 0.55390625 0.20546875 0.00546875 0.015625
4 0.5515625 0.18515625 0.00546875 0.01796875
4 0.5796875 0.1828125 0.00703125 0.021875
4 0.5984375 0.1734375 0.00546875 0.01875
4 0.59296875 0.16953125 0.00546875 0.0203125
4 0.60546875 0.16796875 0.00625 0.01875
4 0.61328125 0.1546875 0.0046875 0.01875
4 0.61171875 0.128125 0.00546875 0.01640625
4 0.63359375 0.1390625 0.00703125 0.01796875
4 0.65078125 0.12421875 0.0046875 0.01796875
4 0.6578125 0.12265625 0.00390625 0.01953125
4 0.66328125 0.12109375 0.0046875 0.01875
4 0.68046875 0.128125 0.01015625 0.01328125
4 0.684375 0.10703125 0.00546875 0.01640625
4 0.66875 0.1203125 0.00625 0.015625
4 0.6953125 0.1 0.00546875 0.0203125
4 0.6734375 0.115625 0.00546875 0.01640625
4 0.78046875 0.02421875 0.00703125 0.01796875
4 0.771875 0.028125 0.00703125 0.01953125
4 0.828125 0.59609375 0.01171875 0.01171875
4 0.7765625 0.73984375 0.01328125 0.0109375
4 0.78203125 0.7296875 0.01171875 0.01015625
4 0.77578125 0.7640625 0.0140625 0.01015625
4 0.790625 0.703125 0.01015625 0.00859375
4 0.78671875 0.71328125 0.01015625 0.0109375
4 0.8078125 0.65234375 0.01015625 0.01328125
4 0.803125 0.665625 0.01015625 0.01171875
4 0.8 0.678125 0.009375 0.01640625
4 0.815625 0.63671875 0.00859375 0.01015625
4 0.81796875 0.63046875 0.009375 0.009375
4 0.78046875 0.559375 0.01015625 0.00859375
4 0.7859375 0.5484375 0.01015625 0.0109375
4 0.77421875 0.575 0.01171875 0.01171875
4 0.790625 0.53828125 0.0140625 0.015625
4 0.79453125 0.52578125 0.0109375 0.00859375
4 0.86796875 0.4828125 0.01171875 0.01328125
4 0.86953125 0.4671875 0.009375 0.0140625
3 0.80625 0.5015625 0.015625 0.028125
4 0.884375 0.4359375 0.00625 0.021875
4 0.8921875 0.43046875 0.01015625 0.01328125
4 0.89453125 0.42109375 0.01015625 0.01484375
4 0.40703125 0.7328125 0.01015625 0.01171875
4 0.34921875 0.72578125 0.0109375 0.02421875
4 0.5078125 0.70859375 0.01015625 0.015625
3 0.52109375 0.69921875 0.02578125 0.03125
4 0.228125 0.83203125 0.01328125 0.01171875
4 0.23671875 0.7984375 0.01015625 0.009375
4 0.2390625 0.790625 0.01015625 0.01015625
4 0.24453125 0.778125 0.01328125 0.009375
4 0.246875 0.7671875 0.01015625 0.009375
4 0.24921875 0.7515625 0.01328125 0.01328125
4 0.34375 0.89375 0.00859375 0.01875