4 0.146875 0.7265625 0.01328125 0.01171875
0 0.071875 0.65625 0.015625 0.01484375
0 0.271875 0.75078125 0.01640625 0.01484375
3 0.26875 0.6234375 0.0140625 0.01484375
4 0.28046875 0.60703125 0.0140625 0.01484375
4 0.234375 0.24296875 0.01328125 0.01171875
0 0.3453125 0.66328125 0.01484375 0.01328125
0 0.3765625 0.63515625 0.01171875 0.015625
4 0.5453125 0.61328125 0.01015625 0.015625
4 0.62578125 0.3390625 0.01171875 0.0140625
4 0.72421875 0.3984375 0.00859375 0.01640625
4 0.64140625 0.328125 0.0109375 0.01484375
0 0.7734375 0.31640625 0.0109375 0.021875
0 0.7578125 0.0765625 0.0109375 0.02109375
4 0.03359375 0.77109375 0.0140625 0.01015625
0 0.428125 0.65390625 0.009375 0.009375
4 0.41953125 0.53984375 0.0109375 0.01171875
4 0.2 0.64296875 0.01171875 0.009375
4 0.41015625 0.63828125 0.0109375 0.01484375
4 0.284375 0.284375 0.01015625 0.01484375
4 0.46171875 0.6109375 0.01171875 0.01484375
4 0.25703125 0.26171875 0.00859375 0.01484375
2 0.3 0.246875 0.0203125 0.0203125
4 0.22265625 0.37421875 0.0109375 0.01796875
0 0.253125 0.41640625 0.0109375 0.015625
4 0.17578125 0.15 0.0109375 0.0140625
2 0.21953125 0.40625 0.01953125 0.0296875
0 0.61640625 0.5734375 0.0109375 0.01640625
4 0.56171875 0.63984375 0.0109375 0.015625
4 0.62890625 0.3578125 0.01171875 0.01328125
4 0.76953125 0.67578125 0.01015625 0.01875
0 0.8078125 0.75390625 0.01171875 0.0203125
3 0.6859375 0.61875 0.01328125 0.0203125
0 0.8265625 0.77109375 0.01796875 0.0265625
4 0.87578125 0.83046875 0.01015625 0.0203125
0 0.81796875 0.784375 0.01328125 0.01796875
4 0.87109375 0.85859375 0.01171875 0.0140625
4 0.890625 0.86875 0.0109375 0.01796875
4 0.8265625 0.81328125 0.01171875 0.01875
4 0.85234375 0.83671875 0.00859375 0.01875
0 0.590625 0.60703125 0.01484375 0.0203125
4 0.95078125 0.9578125 0.01171875 0.01328125
2 0.75546875 0.62890625 0.01640625 0.03125
0 0.684375 0.53046875 0.01015625 0.021875
0 0.665625 0.490625 0.009375 0.01953125
0 0.75703125 0.49765625 0.00859375 0.01875
4 0.79453125 0.25078125 0.00703125 0.015625
4 0.7609375 0.6875 0.009375 0.01484375
0 0.7734375 0.41953125 0.0109375 0.02421875
4 0.203125 0.35 0.01640625 0.02109375
0 0.45078125 0.640625 0.01015625 0.01796875
4 0.55078125 0.665625 0.01015625 0.0109375
4 0.534375 0.484375 0.00703125 0.01484375
4 0.54609375 0.425 0.00703125 0.01796875
4 0.68046875 0.2734375 0.009375 0.01015625
4 0.61328125 0.33828125 0.0109375 0.0109375
2 0.51484375 0.5234375 0.00703125 0.021875
4 0.9359375 0.86875 0.01171875 0.01328125
3 0.69375 0.82890625 0.01484375 0.0109375
0 0.84453125 0.78828125 0.01484375 0.0140625
2 0.721875 0.69296875 0.01953125 0.03046875
4 0.7890625 0.746875 0.00859375 0.0140625
4 0.74921875 0.7109375 0.00859375 0.015625
4 0.30546875 0.43046875 0.00859375 0.01484375
3 0.49453125 0.375 0.01640625 0.02109375
2 0.1390625 0.26953125 0.0203125 0.0234375
4 0.2765625 0.5890625 0.0109375 0.0203125
3 0.19921875 0.7640625 0.0140625 0.02109375
4 0.2375 0.63046875 0.01171875 0.015625
4 0.50078125 0.64296875 0.01015625 0.0109375
4 0.65390625 0.32890625 0.00859375 0.01796875
4 0.5453125 0.4703125 0.0109375 0.015625
4 0.42578125 0.38125 0.01171875 0.0109375
0 0.699617790625 0.6782686140624999 0.6851300859375 0.6607266015625 0.6800908812500001 0.6719236375000001 0.6920589765625 0.6890924359375 0.699617790625 0.6782686140624999
0 0.809375 0.26796875 0.01171875 0.021875
4 0.6546875 0.30390625 0.01015625 0.015625
0 0.61640625 0.38203125 0.01171875 0.01484375
2 0.503125 0.44140625 0.02109375 0.01640625
4 0.92578125 0.86953125 0.009375 0.015625
4 0.92421875 0.8890625 0.00859375 0.01953125
4 0.953125 0.91796875 0.01171875 0.01953125
4 0.91875 0.915625 0.01015625 0.01640625
4 0.96796875 0.96875 0.01171875 0.02109375
4 0.9859375 0.965625 0.01328125 0.02109375
0 0.86171875 0.81953125 0.01328125 0.01640625
2 0.7265625 0.825 0.021875 0.02890625
4 0.69375 0.7859375 0.009375 0.0140625
0 0.63515625 0.71953125 0.00859375 0.01953125
4 0.83828125 0.93125 0.0203125 0.03203125
4 0.56953125 0.60703125 0.01171875 0.0109375
4 0.53984375 0.67421875 0.0109375 0.01015625
4 0.3484375 0.57265625 0.01015625 0.01328125
4 0.3453125 0.49921875 0.009375 0.015625
4 0.46328125 0.41171875 0.00859375 0.0140625
0 0.38203125 0.40703125 0.01015625 0.01953125
4 0.33203125 0.32578125 0.009375 0.01640625
0 0.3640625 0.33984375 0.01328125 0.01484375
4 0.278125 0.26796875 0.009375 0.01171875
4 0.253125 0.2359375 0.009375 0.0140625
4 0.2109375 0.23359375 0.01171875 0.0140625
4 0.140625 0.16015625 0.01328125 0.01875
4 0.6109375 0.53828125 0.00859375 0.01640625
4 0.59140625 0.53984375 0.00546875 0.01875
4 0.57421875 0.48828125 0.00625 0.0140625
4 0.57578125 0.515625 0.00703125 0.015625
4 0.603125 0.575 0.00703125 0.01328125
4 0.74765625 0.29296875 0.00859375 0.01328125
4 0.8609375 0.14453125 0.01328125 0.01875
4 0.75 0.05546875 0.01015625 0.01484375
4 0.74296875 0.12578125 0.01171875 0.015625
4 0.8640625 0.165625 0.01796875 0.015625
4 0.79921875 0.0234375 0.01015625 0.01640625
4 0.8515625 0.98203125 0.01328125 0.01796875
2 0.77890625 0.88046875 0.02109375 0.025
0 0.76484375 0.734375 0.01484375 0.01875
0 0.421875 0.61875 0.01640625 0.01875
4 0.07421875 0.69921875 0.015625 0.01484375
2 0.0265625 0.13125 0.021875 0.02890625
2 0.17421875 0.12421875 0.02109375 0.02890625
0 0.11015625 0.12109375 0.01328125 0.025
3 0.14375 0.30625 0.02421875 0.03046875
2 0.6953125 0.47265625 0.0140625 0.028125
4 0.73203125 0.409375 0.00703125 0.01171875
4 0.77109375 0.36875 0.00703125 0.01171875
4 0.68046875 0.4859375 0.00703125 0.01328125
0 0.64453125 0.6140625 0.0140625 0.0234375
0 0.6640625 0.51015625 0.01328125 0.01640625
2 0.78046875 0.70546875 0.0203125 0.03125
2 0.34296875 0.46328125 0.01796875 0.0265625
6 0.053125 0.08359375 0.02890625 0.03203125
0 0.321875 0.33828125 0.0109375 0.021875
2 0.5148796015625 0.6175816765625 0.5096650328125001 0.632233246875 0.525813378125 0.648080878125 0.530628615625 0.6367692984375 0.5148796015625 0.6175816765625
3 0.5293663484375 0.6083123046875001 0.526002109375 0.6184787093749999 0.537776946875 0.6373164609375 0.542720396875 0.6240578390625 0.5293663484375 0.6083123046875001
5 0.53671875 0.37421875 0.040625 0.040625
1 0.646875 0.55234375 0.01875 0.08203125
1 0.71328125 0.36328125 0.0453125 0.08046875
0 0.49921875 0.50546875 0.01328125 0.03671875
0 0.49140625 0.6046875 0.0140625 0.025
2 0.5234375 0.578125 0.01796875 0.04296875
2 0.29140625 0.540625 0.021875 0.0203125
0 0.60703125 0.33046875 0.0140625 0.02421875
2 0.7046875 0.61796875 0.0203125 0.03359375
2 0.7234375 0.63828125 0.01640625 0.03359375
3 0.74609375 0.67578125 0.021875 0.0359375
3 0.78671875 0.92578125 0.0234375 0.03828125