2 0.834375 0.01796875 0.01875 0.0296875
3 0.81875 0.08359375 0.021875 0.03515625
6 0.8296875 0.13359375 0.025 0.0359375
4 0.86640625 0.009375 0.0109375 0.01875
4 0.79375 0.159375 0.00859375 0.01171875
2 0.7234375 0.02421875 0.01796875 0.03046875
0 0.678125 0.0765625 0.01171875 0.01953125
0 0.6640625 0.0890625 0.01328125 0.02421875
0 0.621875 0.08515625 0.01328125 0.0140625
2 0.7140625 0.19140625 0.01796875 0.03046875
2 0.66328125 0.18359375 0.0203125 0.0265625
5 0.69296875 0.23828125 0.0359375 0.06171875
2 0.6734375 0.31796875 0.01640625 0.028125
2 0.64921875 0.35703125 0.02109375 0.0359375
2 0.634375 0.3390625 0.01640625 0.0296875
2 0.61640625 0.38046875 0.01875 0.034375
2 0.61484375 0.41875 0.01640625 0.03203125
4 0.62578125 0.42578125 0.00859375 0.0140625
0 0.59296875 0.43515625 0.0109375 0.0203125
2 0.5875 0.46015625 0.01796875 0.0234375
2 0.56953125 0.44609375 0.01953125 0.01875
4 0.56171875 0.478125 0.0109375 0.01171875
4 0.69609375 0.284375 0.00703125 0.01875
4 0.65703125 0.3234375 0.009375 0.01484375
4 0.67421875 0.29609375 0.00859375 0.01328125
4 0.6859375 0.31796875 0.00703125 0.01484375
4 0.60625 0.46328125 0.00859375 0.01484375
2 0.54140625 0.5234375 0.021875 0.02421875
2 0.525 0.45390625 0.01796875 0.0234375
0 0.52421875 0.42734375 0.0140625 0.01640625
4 0.4984375 0.453125 0.0109375 0.01015625
4 0.48671875 0.46015625 0.00859375 0.0109375
4 0.47578125 0.4234375 0.009375 0.01328125
4 0.48828125 0.41796875 0.00859375 0.0109375
4 0.49140625 0.3875 0.009375 0.0109375
3 0.48046875 0.39921875 0.01640625 0.02109375
4 0.465625 0.4453125 0.00859375 0.01328125
4 0.46171875 0.36875 0.00859375 0.01015625
0 0.45546875 0.39375 0.01171875 0.0203125
0 0.45 0.41015625 0.0140625 0.02109375
4 0.434375 0.38671875 0.009375 0.01640625
0 0.4265625 0.35390625 0.0109375 0.021875
0 0.44296875 0.3578125 0.01328125 0.02109375
4 0.4296875 0.33125 0.00703125 0.01328125
4 0.41328125 0.33046875 0.00703125 0.01328125
2 0.403125 0.3890625 0.015625 0.040625
4 0.4140625 0.42109375 0.00625 0.01640625
4 0.3890625 0.39609375 0.0046875 0.01484375
4 0.39921875 0.4640625 0.00546875 0.015625
4 0.40859375 0.46328125 0.00546875 0.01484375
2 0.38984375 0.3046875 0.01640625 0.03515625
0 0.40859375 0.30703125 0.01171875 0.02421875
4 0.4078125 0.2890625 0.00859375 0.0140625
2 0.38828125 0.24609375 0.01796875 0.03046875
0 0.4578125 0.24140625 0.01171875 0.0234375
0 0.446875 0.26796875 0.01171875 0.0203125
6 0.4265625 0.2171875 0.028125 0.05625
2 0.428125 0.28671875 0.01875 0.03671875
2 0.39296875 0.2109375 0.015625 0.0296875
2 0.40859375 0.17890625 0.01640625 0.03359375
2 0.390625 0.178125 0.01875 0.03671875
2 0.371875 0.16796875 0.01640625 0.03359375
2 0.3890625 0.1390625 0.01640625 0.03203125
2 0.37109375 0.10546875 0.01875 0.0359375
2 0.35078125 0.1234375 0.01953125 0.03515625
2 0.33125 0.14375 0.01484375 0.0296875
0 0.34296875 0.14609375 0.01171875 0.02421875
2 0.3453125 0.0796875 0.01640625 0.03203125
2 0.38828125 0.071875 0.01796875 0.0296875
2 0.334375 0.09375 0.01640625 0.03203125
2 0.33828125 0.03125 0.0203125 0.03828125
2 0.31484375 0.09375 0.015625 0.0296875
2 0.315625 0.04921875 0.02109375 0.040625
2 0.2984375 0.01484375 0.0203125 0.0296875
2 0.34921875 0.00859375 0.0140625 0.0171875
2 0.24921875 0.02109375 0.01875 0.03515625
0 0.26796875 0.0375 0.01328125 0.025
0 0.26953125 0.07109375 0.01171875 0.021875
4 0.2828125 0.0578125 0.009375 0.01484375
4 0.3015625 0.07421875 0.00625 0.01328125
4 0.29375 0.0765625 0.00703125 0.015625
4 0.35703125 0.08828125 0.00546875 0.01875
4 0.40703125 0.1484375 0.009375 0.01875
4 0.42109375 0.1734375 0.00625 0.0109375
4 0.40625 0.2 0.00703125 0.015625
4 0.4078125 0.2234375 0.00625 0.015625
4 0.4296875 0.265625 0.00703125 0.01328125
4 0.43671875 0.26015625 0.0046875 0.01484375
4 0.44609375 0.24921875 0.00625 0.0140625
0 0.3359375 0.521875 0.01328125 0.01875
2 0.2359375 0.51875 0.0140625 0.034375
2 0.19453125 0.68359375 0.01953125 0.0359375
0 0.228125 0.690625 0.01328125 0.021875
2 0.1828125 0.78984375 0.01640625 0.0265625
2 0.16796875 0.73203125 0.01953125 0.03359375
2 0.13828125 0.96015625 0.01796875 0.0296875
2 0.15703125 0.965625 0.02109375 0.03515625
2 0.17421875 0.9359375 0.01875 0.03046875
2 0.17890625 0.8984375 0.01953125 0.03046875
2 0.196875 0.9078125 0.01640625 0.03046875
2 0.21171875 0.8796875 0.01640625 0.02890625
2 0.2015625 0.85625 0.0203125 0.03125
2 0.22890625 0.85390625 0.01953125 0.03359375
2 0.22734375 0.81171875 0.01875 0.03046875
2 0.25078125 0.8140625 0.0203125 0.03125
2 0.2703125 0.784375 0.01875 0.03203125
6 0.2921875 0.7515625 0.03125 0.053125
2 0.31640625 0.7109375 0.01875 0.0265625
2 0.309375 0.68203125 0.01953125 0.03515625
2 0.34296875 0.678125 0.01796875 0.02890625
2 0.3328125 0.64453125 0.01796875 0.03125
3 0.35703125 0.6484375 0.01640625 0.0265625
2 0.36953125 0.61484375 0.01640625 0.0296875
2 0.38671875 0.59921875 0.01484375 0.0265625
2 0.396875 0.53515625 0.01953125 0.03203125
4 0.37265625 0.56875 0.00859375 0.0109375
4 0.35859375 0.58671875 0.00859375 0.0109375
4 0.38203125 0.58046875 0.00625 0.01171875
4 0.328125 0.5359375 0.00703125 0.01328125
4 0.34921875 0.6125 0.00703125 0.01328125
4 0.34453125 0.65625 0.00625 0.0140625
4 0.33046875 0.67109375 0.00703125 0.01171875
4 0.32578125 0.68359375 0.00703125 0.01015625
4 0.396875 0.66328125 0.00703125 0.0140625
4 0.2953125 0.66953125 0.009375 0.0109375
4 0.29765625 0.68203125 0.00625 0.01328125
4 0.30078125 0.71875 0.00703125 0.01328125
4 0.2546875 0.790625 0.00703125 0.01328125
4 0.2390625 0.7546875 0.00625 0.0140625
4 0.29140625 0.85625 0.00625 0.01328125
4 0.246875 0.91640625 0.00703125 0.0140625
4 0.215625 0.9234375 0.00703125 0.009375
4 0.21796875 0.9359375 0.00625 0.0140625
4 0.18125 0.8765625 0.00625 0.0140625
2 0.14140625 0.9890625 0.01796875 0.02109375
0 0.78203125 0.9859375 0.01328125 0.0234375
4 0.7546875 0.91640625 0.00859375 0.01171875
4 0.684375 0.7765625 0.00703125 0.01640625
0 0.628125 0.82578125 0.01171875 0.028125
0 0.596875 0.79453125 0.01171875 0.02578125
1 0.590625 0.72421875 0.03671875 0.0765625
0 0.56484375 0.73359375 0.0109375 0.021875
0 0.56640625 0.65234375 0.01015625 0.02109375
4 0.553125 0.72890625 0.00625 0.015625
4 0.565625 0.70234375 0.00703125 0.01796875
4 0.56640625 0.6859375 0.00546875 0.01328125
4 0.5765625 0.67109375 0.00625 0.01484375
4 0.54140625 0.665625 0.00546875 0.01640625
4 0.53515625 0.66953125 0.00703125 0.01484375
4 0.5453125 0.6484375 0.00546875 0.0140625
4 0.55390625 0.64296875 0.00703125 0.01171875
4 0.671875 0.62734375 0.00625 0.0140625
2 0.69453125 0.6640625 0.01640625 0.03671875
2 0.70625 0.69921875 0.0140625 0.0296875
2 0.61953125 0.94375 0.01953125 0.03046875
2 0.5546875 0.67578125 0.01796875 0.03828125
4 0.46328125 0.5703125 0.01015625 0.01015625