4 0.03046875 0.34296875 0.0140625 0.01015625
4 0.04296875 0.35390625 0.01484375 0.01015625
4 0.02421875 0.36875 0.01328125 0.01484375
4 0.01171875 0.38125 0.01640625 0.01328125
4 0.05078125 0.38046875 0.01484375 0.0125
4 0.07421875 0.35859375 0.0203125 0.01640625
0 0.034375 0.30546875 0.01640625 0.0171875
0 0.05703125 0.2984375 0.01796875 0.015625
5 0.08828125 0.3 0.01796875 0.01484375
4 0.11640625 0.35703125 0.01171875 0.009375
4 0.1171875 0.3734375 0.01328125 0.01328125
4 0.13984375 0.38671875 0.0125 0.0109375
4 0.16640625 0.37265625 0.0125 0.0109375
4 0.16015625 0.40234375 0.01171875 0.0109375
4 0.159375 0.315625 0.0125 0.01171875
4 0.1890625 0.30859375 0.0125 0.01171875
4 0.190625 0.346875 0.015625 0.01171875
4 0.1984375 0.3671875 0.0125 0.01171875
4 0.21171875 0.378125 0.015625 0.01015625
4 0.20390625 0.3921875 0.0140625 0.0125
4 0.2015625 0.321875 0.0109375 0.0109375
4 0.15703125 0.471875 0.01171875 0.01015625
4 0.2328125 0.36015625 0.01171875 0.009375
4 0.23203125 0.37421875 0.0140625 0.009375
4 0.2359375 0.3875 0.0125 0.01015625
4 0.2640625 0.39609375 0.01328125 0.01015625
4 0.2640625 0.37109375 0.01484375 0.0109375
4 0.2828125 0.3484375 0.01171875 0.0125
4 0.28984375 0.3609375 0.01171875 0.01171875
4 0.2875 0.3890625 0.01484375 0.01328125
4 0.31796875 0.403125 0.01328125 0.0109375
4 0.3328125 0.359375 0.0125 0.01171875
4 0.3453125 0.3875 0.01328125 0.015625
4 0.35859375 0.3609375 0.0125 0.01015625
4 0.33671875 0.48515625 0.0140625 0.0125
4 0.41015625 0.36015625 0.009375 0.01328125
4 0.39375 0.4765625 0.01171875 0.01171875
4 0.42109375 0.38984375 0.0109375 0.01171875
4 0.44375 0.390625 0.0125 0.0109375
4 0.45390625 0.4078125 0.01328125 0.0109375
2 0.4328125 0.3703125 0.0140625 0.015625
4 0.46796875 0.384375 0.01171875 0.01015625
4 0.4890625 0.403125 0.009375 0.0109375
4 0.5 0.3484375 0.0125 0.0125
4 0.57578125 0.3890625 0.0109375 0.01328125
4 0.5828125 0.36796875 0.01171875 0.0109375
4 0.6 0.3578125 0.0125 0.01171875
4 0.5921875 0.37734375 0.01171875 0.0125
4 0.62734375 0.36015625 0.01328125 0.01015625
4 0.61796875 0.37734375 0.01171875 0.0109375
4 0.61640625 0.39609375 0.0125 0.01015625
4 0.63046875 0.40546875 0.0109375 0.01015625
4 0.66171875 0.35078125 0.0125 0.01015625
4 0.65 0.39609375 0.0109375 0.0109375
4 0.675 0.37421875 0.01171875 0.0125
4 0.6890625 0.36015625 0.01171875 0.0109375
4 0.6828125 0.39296875 0.0125 0.009375
4 0.6765625 0.40625 0.0109375 0.0109375
4 0.715625 0.37890625 0.0140625 0.0140625
4 0.61640625 0.4890625 0.0125 0.01171875
0 0.57578125 0.48125 0.01796875 0.015625
4 0.74375 0.4015625 0.0109375 0.01015625
4 0.76171875 0.39140625 0.015625 0.0125
4 0.778125 0.35703125 0.0109375 0.00859375
4 0.7671875 0.37734375 0.0125 0.0109375
4 0.8171875 0.396875 0.01171875 0.01171875
4 0.81484375 0.35546875 0.01328125 0.0109375
4 0.80234375 0.31796875 0.01171875 0.01015625
4 0.85 0.34375 0.0125 0.01015625
4 0.88125 0.3890625 0.01171875 0.01484375
4 0.8859375 0.35 0.0109375 0.009375
4 0.921875 0.37578125 0.01328125 0.01171875
4 0.9390625 0.3578125 0.0125 0.01328125
4 0.9796875 0.346875 0.0140625 0.01171875
4 0.9578125 0.3796875 0.0125 0.01171875
4 0.98046875 0.390625 0.01328125 0.0109375
4 0.98359375 0.359375 0.01484375 0.0109375
4 0.7765625 0.478125 0.01484375 0.01171875
4 0.8078125 0.265625 0.0125 0.009375
4 0.79765625 0.28046875 0.0125 0.00859375
0 0.746875 0.31796875 0.01640625 0.0140625
4 0.390625 0.31015625 0.01015625 0.01171875
4 0.39609375 0.32265625 0.009375 0.0109375
4 0.3609375 0.321875 0.01328125 0.00859375
4 0.26484375 0.3109375 0.01328125 0.0109375
4 0.275 0.325 0.01015625 0.01015625
4 0.2375 0.315625 0.01328125 0.009375
4 0.23203125 0.30625 0.015625 0.01015625
0 0.28359375 0.29375 0.015625 0.01484375
0 0.47890625 0.315625 0.0125 0.0140625
0 0.49296875 0.303125 0.0140625 0.01484375
0 0.5015625 0.2828125 0.0125 0.0140625
3 0.23828125 0.40234375 0.01953125 0.01953125
3 0.0734375 0.26640625 0.01875 0.01640625
0 0.39296875 0.540625 0.015625 0.0140625
0 0.425 0.55078125 0.015625 0.01640625
0 0.44609375 0.53359375 0.0140625 0.01796875
0 0.46484375 0.52890625 0.01484375 0.015625
0 0.51328125 0.534375 0.0125 0.0171875
0 0.3578125 0.5796875 0.01171875 0.02265625
0 0.3453125 0.578125 0.0109375 0.02421875
0 0.3421875 0.52421875 0.009375 0.0140625
0 0.32734375 0.5265625 0.01015625 0.01171875
0 0.3109375 0.525 0.01796875 0.0171875
4 0.55625 0.521875 0.00625 0.01875
4 0.5046875 0.5515625 0.0046875 0.0140625
4 0.4953125 0.63046875 0.00703125 0.01953125
4 0.49609375 0.65390625 0.00859375 0.02109375
4 0.49375 0.68671875 0.00703125 0.02421875
4 0.484375 0.709375 0.0078125 0.02421875
0 0.46484375 0.68828125 0.01015625 0.028125
0 0.45234375 0.746875 0.009375 0.03125
4 0.5234375 0.6359375 0.00625 0.01796875
4 0.5421875 0.68203125 0.00703125 0.02109375
0 0.5109375 0.715625 0.0109375 0.025
0 0.53359375 0.721875 0.01328125 0.0203125
0 0.51875 0.76015625 0.00859375 0.0265625
4 0.46171875 0.81875 0.00703125 0.021875
4 0.43359375 0.84296875 0.00546875 0.02265625
4 0.41640625 0.85390625 0.00546875 0.0234375
4 0.42890625 0.78515625 0.00859375 0.03359375
4 0.49765625 0.76484375 0.00703125 0.01796875
4 0.5 0.7828125 0.00625 0.01484375
4 0.48203125 0.853125 0.0078125 0.01796875
4 0.4734375 0.9109375 0.00703125 0.01953125
4 0.47578125 0.9359375 0.0046875 0.01796875
4 0.4609375 0.95078125 0.00703125 0.02109375
4 0.4421875 0.9640625 0.0078125 0.021875
4 0.41953125 0.9265625 0.0046875 0.02109375
0 0.71796875 0.54140625 0.01484375 0.015625
0 0.6015625 0.540625 0.015625 0.01484375
0 0.61015625 0.51640625 0.0140625 0.01484375
4 0.64765625 0.52265625 0.0125 0.01015625
0 0.68125 0.553125 0.0140625 0.01484375
2 0.7046875 0.51171875 0.02578125 0.01171875
4 0.75234375 0.53359375 0.01171875 0.00859375
4 0.7359375 0.52890625 0.0125 0.01171875
4 0.71796875 0.5265625 0.01015625 0.009375
4 0.69765625 0.528125 0.0125 0.01484375
0 0.22265625 0.290625 0.015625 0.0140625
0 0.10234375 0.5109375 0.015625 0.01484375
4 0.37265625 0.55234375 0.01171875 0.009375
4 0.6125 0.2921875 0.01015625 0.0125