2 0.33359375 0.27578125 0.01796875 0.01484375
2 0.39609375 0.24296875 0.01171875 0.02109375
2 0.3859375 0.20390625 0.01640625 0.01875
2 0.5015625 0.31796875 0.00625 0.02890625
2 0.51328125 0.31796875 0.00859375 0.0296875
2 0.55390625 0.30859375 0.00703125 0.025
2 0.56328125 0.3109375 0.00859375 0.02421875
2 0.95546875 0.871875 0.0109375 0.02578125
2 0.9390625 0.90625 0.00859375 0.0265625
2 0.7140625 0.6515625 0.00859375 0.0234375
6 0.88046875 0.63828125 0.03984375 0.0203125
5 0.71328125 0.37734375 0.04609375 0.01953125
6 0.65703125 0.37890625 0.04140625 0.01953125
6 0.26953125 0.62734375 0.03046875 0.01953125
6 0.13359375 0.63359375 0.03828125 0.01953125
6 0.10859375 0.66640625 0.03828125 0.025
4 0.54296875 0.2703125 0.0046875 0.0140625
3 0.75078125 0.85 0.021875 0.01796875
3 0.709375 0.896875 0.01015625 0.03515625
4 0.52109375 0.26953125 0.003125 0.0140625
4 0.5375 0.28359375 0.003125 0.01484375
4 0.5640625 0.275 0.0046875 0.01484375
4 0.5796875 0.29375 0.00390625 0.01484375
4 0.56328125 0.23125 0.003125 0.01484375
4 0.52890625 0.21875 0.003125 0.01015625
4 0.53671875 0.21953125 0.00390625 0.01171875
4 0.578125 0.2328125 0.003125 0.01328125
4 0.51328125 0.26875 0.00390625 0.01328125
4 0.4078125 0.2609375 0.00390625 0.01328125
4 0.5703125 0.23359375 0.003125 0.01328125
4 0.5265625 0.2703125 0.003125 0.0140625
4 0.53359375 0.2859375 0.003125 0.01171875
4 0.54140625 0.2859375 0.003125 0.01171875
0 0.815625 0.64375 0.01484375 0.01484375
2 0.67578125 0.646875 0.00546875 0.025
2 0.66875 0.62890625 0.00625 0.02421875
2 0.6609375 0.63125 0.00625 0.021875
2 0.66796875 0.653125 0.00625 0.01953125
0 0.81484375 0.60078125 0.01171875 0.00859375
5 0.9625 0.5640625 0.075 0.02421875
6 0.715625 0.6015625 0.0265625 0.015625
3 0.93671875 0.38828125 0.0203125 0.015625
4 0.67578125 0.54453125 0.00859375 0.009375
2 0.59453125 0.56015625 0.01171875 0.01015625
3 0.74453125 0.596875 0.0203125 0.01484375
2 0.84140625 0.48671875 0.01484375 0.015625
5 0.84453125 0.38671875 0.05078125 0.01875
2 0.309375 0.58359375 0.01484375 0.0140625
2 0.5703125 0.61953125 0.0109375 0.01171875
2 0.76953125 0.58046875 0.0140625 0.01171875
4 0.90859375 0.60546875 0.01015625 0.0109375
2 0.7015625 0.40390625 0.0140625 0.01015625
0 0.7890625 0.60234375 0.01015625 0.0109375
2 0.96953125 0.8609375 0.01171875 0.0203125
2 0.98046875 0.81171875 0.01328125 0.02578125
2 0.96484375 0.9203125 0.00859375 0.0234375
6 0.109375 0.6 0.03125 0.01640625
6 0.4921875 0.4484375 0.0296875 0.01640625
6 0.68671875 0.4484375 0.03515625 0.02109375
4 0.91953125 0.60078125 0.00703125 0.01171875
2 0.6828125 0.415625 0.015625 0.0140625
4 0.64453125 0.44296875 0.00703125 0.01015625
2 0.68671875 0.484375 0.0140625 0.01484375
6 0.0609375 0.4609375 0.04296875 0.01953125
6 0.1765625 0.49453125 0.03515625 0.01875
6 0.8140625 0.56171875 0.02578125 0.02578125
0 0.68125 0.3953125 0.00859375 0.009375
6 0.96953125 0.39609375 0.03046875 0.01640625
6 0.615625 0.47109375 0.0359375 0.015625
6 0.5578125 0.4484375 0.040625 0.0234375
6 0.43359375 0.471875 0.03203125 0.01875
6 0.38359375 0.4484375 0.03125 0.01640625
6 0.315625 0.46640625 0.03125 0.01640625
6 0.27734375 0.44921875 0.04375 0.0203125
0 0.3921875 0.5515625 0.01171875 0.0140625
2 0.46875 0.53671875 0.015625 0.01640625
3 0.82890625 0.609375 0.01015625 0.025
4 0.83828125 0.59296875 0.00625 0.0109375
4 0.859375 0.584375 0.0140625 0.01171875
2 0.98671875 0.88203125 0.0140625 0.025
2 0.9953125 0.9125 0.009375 0.025
6 0.8375 0.23125 0.009375 0.040625