2 0.359375 0.29609375 0.01484375 0.01171875
2 0.4203125 0.259375 0.009375 0.0140625
2 0.41015625 0.225 0.0140625 0.01328125
2 0.525 0.3328125 0.00546875 0.0265625
2 0.53515625 0.33125 0.00546875 0.0265625
2 0.57578125 0.321875 0.00703125 0.02421875
2 0.584375 0.3234375 0.00625 0.021875
4 0.6015625 0.30546875 0.003125 0.0140625
4 0.596875 0.30703125 0.003125 0.01640625
4 0.59296875 0.30078125 0.0015625 0.009375
4 0.5890625 0.2953125 0.003125 0.01171875
4 0.5859375 0.3015625 0.003125 0.01171875
4 0.5859375 0.2875 0.003125 0.0140625
4 0.5640625 0.2984375 0.003125 0.01484375
4 0.559375 0.296875 0.00390625 0.0140625
4 0.55546875 0.29921875 0.0015625 0.0140625
4 0.565625 0.28359375 0.0015625 0.0109375
4 0.54609375 0.28203125 0.0015625 0.0140625
4 0.54296875 0.28359375 0.003125 0.01484375
4 0.53515625 0.28359375 0.003125 0.01484375
4 0.42734375 0.2765625 0.003125 0.0140625
4 0.43125 0.27578125 0.003125 0.01171875
4 0.4140625 0.275 0.0015625 0.0140625
4 0.4515625 0.2109375 0.00546875 0.01015625
4 0.54296875 0.2328125 0.003125 0.009375
4 0.5484375 0.2328125 0.003125 0.009375
4 0.55078125 0.23359375 0.003125 0.00859375
4 0.55859375 0.2328125 0.0015625 0.0109375
4 0.5640625 0.234375 0.003125 0.01328125
4 0.58203125 0.24453125 0.003125 0.01484375
4 0.58515625 0.24453125 0.003125 0.01484375
4 0.5921875 0.246875 0.003125 0.01328125
4 0.59609375 0.24609375 0.003125 0.01484375
4 0.59921875 0.24609375 0.003125 0.01171875
4 0.59375 0.23359375 0.003125 0.01015625
5 0.68046875 0.38828125 0.04140625 0.01875
5 0.73671875 0.3859375 0.04375 0.01484375
4 0.68515625 0.4265625 0.00625 0.00859375
2 0.73984375 0.403125 0.0140625 0.01171875
6 0.921875 0.40859375 0.03828125 0.01953125
4 0.99140625 0.2390625 0.00703125 0.0109375
4 0.4609375 0.41015625 0.009375 0.01015625
4 0.48359375 0.47890625 0.00625 0.00703125
4 0.20390625 0.440625 0.00625 0.00625
0 0.109375 0.42890625 0.009375 0.00703125
2 0.034375 0.50390625 0.015625 0.01015625
3 0.1484375 0.515625 0.0203125 0.015625
2 0.2578125 0.5421875 0.01328125 0.01171875
2 0.45703125 0.559375 0.01640625 0.01328125
6 0.60234375 0.48046875 0.0265625 0.0140625
6 0.63203125 0.54375 0.040625 0.01875
6 0.72265625 0.56796875 0.01796875 0.01640625
2 0.64375 0.496875 0.01484375 0.0109375
2 0.6921875 0.45390625 0.0140625 0.01171875
4 0.6515625 0.4640625 0.00703125 0.00625
4 0.75625 0.56328125 0.00625 0.00703125
4 0.80546875 0.6125 0.0046875 0.01171875
4 0.875 0.61015625 0.00390625 0.01328125
4 0.93515625 0.590625 0.0046875 0.01171875
6 0.78359375 0.53671875 0.040625 0.0203125
5 0.9765625 0.5640625 0.046875 0.0203125
2 0.9640625 0.45546875 0.01328125 0.01015625
3 0.9609375 0.609375 0.02109375 0.0140625
6 0.90546875 0.64296875 0.03828125 0.01875
2 0.95859375 0.8015625 0.01015625 0.01328125
2 0.959375 0.81796875 0.0109375 0.01484375
2 0.98359375 0.87578125 0.00703125 0.0265625
2 0.99765625 0.86328125 0.0046875 0.01640625
2 0.9765625 0.90390625 0.00625 0.02109375
2 0.96796875 0.9109375 0.00703125 0.0265625
2 0.99609375 0.92578125 0.00703125 0.0234375
0 0.8390625 0.60625 0.0109375 0.00859375
0 0.84140625 0.65 0.01015625 0.01171875
0 0.775 0.67421875 0.015625 0.0140625
3 0.7765625 0.85859375 0.01953125 0.0140625
3 0.73515625 0.9015625 0.00703125 0.03046875
2 0.7375 0.65703125 0.00546875 0.021875
2 0.684375 0.640625 0.00625 0.0234375
2 0.69296875 0.6375 0.00625 0.025
2 0.696875 0.67421875 0.00703125 0.025
2 0.5953125 0.628125 0.01015625 0.01328125
3 0.70078125 0.6265625 0.00703125 0.0203125
1 0.58984375 0.59140625 0.02578125 0.015625
6 0.60625 0.6109375 0.025 0.01484375
6 0.51171875 0.62578125 0.0265625 0.01484375
4 0.5359375 0.5890625 0.00703125 0.00546875
4 0.49140625 0.58984375 0.00625 0.00546875
4 0.3703125 0.61875 0.00625 0.00546875
4 0.30390625 0.59609375 0.00625 0.0046875
4 0.30390625 0.60546875 0.00859375 0.00546875
4 0.2359375 0.60078125 0.00703125 0.00546875
4 0.2359375 0.62109375 0.00703125 0.0046875
5 0.29921875 0.64296875 0.03125 0.01796875
5 0.16640625 0.64921875 0.03359375 0.01875
5 0.14296875 0.68515625 0.034375 0.021875
5 0.08828125 0.73984375 0.0140625 0.0515625
5 0.05859375 0.75234375 0.01328125 0.0484375
5 0.05546875 0.9390625 0.01328125 0.0453125
2 0.028125 0.83515625 0.009375 0.0203125