4 0.20625 0.87265625 0.01171875 0.0234375
4 0.190625 0.88671875 0.01328125 0.01796875
4 0.365625 0.64296875 0.01796875 0.01875
4 0.5203125 0.59140625 0.01171875 0.025
4 0.525 0.3875 0.01484375 0.0265625
4 0.65546875 0.75703125 0.015625 0.03125
4 0.46796875 0.38359375 0.0109375 0.02890625
2 0.47890625 0.51328125 0.01875 0.04921875
2 0.3109375 0.8484375 0.03125 0.03359375
2 0.575 0.796875 0.0296875 0.0359375
0 0.715625 0.9046875 0.0203125 0.02578125
0 0.46484375 0.58359375 0.01953125 0.04921875
4 0.778125 0.846875 0.0203125 0.02578125
4 0.81171875 0.8859375 0.01484375 0.03125
4 0.9328125 0.84609375 0.015625 0.03828125
4 0.9359375 0.76953125 0.01875 0.01953125
2 0.8265625 0.69375 0.028125 0.03359375
0 0.7484375 0.67578125 0.0203125 0.021875
4 0.70078125 0.67578125 0.015625 0.021875
4 0.88359375 0.67578125 0.01640625 0.01875
4 0.8359375 0.66953125 0.01796875 0.01484375
4 0.459375 0.1515625 0.01328125 0.03359375
4 0.46640625 0.1984375 0.0109375 0.03359375
4 0.52578125 0.03046875 0.0109375 0.03515625