0 0.62578125 0.86953125 0.00703125 0.0234375
0 0.62890625 0.959375 0.00703125 0.0234375
0 0.571875 0.62109375 0.00859375 0.02109375
0 0.671875 0.540625 0.01171875 0.0140625
0 0.70703125 0.56796875 0.0109375 0.01171875
0 0.7515625 0.565625 0.01171875 0.01171875
0 0.75703125 0.553125 0.01328125 0.01328125
0 0.64140625 0.55546875 0.01328125 0.0109375
0 0.709375 0.3890625 0.01171875 0.0140625
0 0.6578125 0.371875 0.01328125 0.01640625
0 0.56796875 0.37578125 0.0109375 0.0109375
0 0.628125 0.396875 0.01328125 0.01171875
0 0.9140625 0.34140625 0.0140625 0.0140625
0 0.91875 0.49375 0.01640625 0.0140625
0 0.059375 0.44140625 0.01328125 0.01875
0 0.08046875 0.4515625 0.0140625 0.01328125
0 0.16015625 0.4640625 0.01171875 0.0140625
0 0.15703125 0.41328125 0.0140625 0.01640625
0 0.2265625 0.58671875 0.01171875 0.0140625
0 0.18359375 0.571875 0.0140625 0.01484375
0 0.27421875 0.44765625 0.0140625 0.01328125
0 0.25546875 0.4390625 0.01484375 0.01328125
0 0.24140625 0.3015625 0.00859375 0.01796875
0 0.4828125 0.45625 0.00859375 0.0109375
0 0.5015625 0.434375 0.01171875 0.01015625
0 0.4765625 0.4453125 0.01171875 0.01328125
0 0.46953125 0.45703125 0.01015625 0.01015625
0 0.4890625 0.396875 0.01015625 0.00859375
3 0.4734375 0.56640625 0.021875 0.015625
2 0.05703125 0.46484375 0.0203125 0.015625
2 0.259375 0.565625 0.01640625 0.01640625
2 0.228125 0.4484375 0.021875 0.0203125
2 0.28125 0.478125 0.01796875 0.01484375
2 0.209375 0.3484375 0.01171875 0.0296875
2 0.19765625 0.31484375 0.009375 0.0296875
2 0.30078125 0.44609375 0.01640625 0.01796875
2 0.31875 0.4296875 0.01796875 0.015625
2 0.33359375 0.45078125 0.01640625 0.01953125
2 0.35859375 0.4328125 0.01484375 0.015625
2 0.378125 0.4375 0.01640625 0.01796875
2 0.375 0.4671875 0.01640625 0.01484375
2 0.40546875 0.55390625 0.01484375 0.01484375
2 0.38359375 0.578125 0.01640625 0.01796875
2 0.353125 0.55859375 0.01875 0.01796875
2 0.39140625 0.41953125 0.015625 0.01796875
2 0.4015625 0.43046875 0.0140625 0.0140625
2 0.42265625 0.409375 0.01640625 0.015625
2 0.4296875 0.42734375 0.01640625 0.01484375
2 0.44140625 0.4453125 0.01796875 0.0140625
2 0.41953125 0.46328125 0.01484375 0.01171875
2 0.39765625 0.4671875 0.01875 0.01640625
2 0.45 0.4078125 0.01875 0.015625
2 0.45078125 0.42421875 0.01953125 0.01484375
2 0.4609375 0.4375 0.01796875 0.0140625
2 0.48046875 0.42421875 0.01640625 0.01171875
2 0.471875 0.40859375 0.01640625 0.01171875
2 0.4984375 0.41328125 0.01875 0.0140625
2 0.4546875 0.4609375 0.01875 0.01640625
2 0.503125 0.446875 0.0203125 0.01640625
2 0.54375 0.534375 0.01484375 0.01484375
2 0.44921875 0.546875 0.01875 0.01484375
2 0.48984375 0.54453125 0.01640625 0.01484375
2 0.57890625 0.67890625 0.009375 0.03125
2 0.5921875 0.665625 0.00859375 0.03203125
2 0.62421875 0.7 0.0109375 0.03125
2 0.6265625 0.5265625 0.01875 0.01796875
3 0.590625 0.5359375 0.02109375 0.0140625
2 0.65 0.5375 0.01640625 0.01796875
2 0.69609375 0.55703125 0.01796875 0.01796875
2 0.67109375 0.59296875 0.01796875 0.0234375
2 0.6953125 0.51953125 0.01796875 0.015625
2 0.7265625 0.51015625 0.01875 0.01796875
2 0.721875 0.53046875 0.01640625 0.015625
2 0.78203125 0.54765625 0.01796875 0.01796875
2 0.7640625 0.5203125 0.01875 0.01640625
2 0.76328125 0.50234375 0.01484375 0.01640625
2 0.80546875 0.49296875 0.0203125 0.0109375
2 0.83203125 0.534375 0.0203125 0.01953125
2 0.81171875 0.54453125 0.015625 0.0140625
2 0.734375 0.5546875 0.015625 0.01484375
2 0.86484375 0.53125 0.01796875 0.015625
2 0.8609375 0.5125 0.01953125 0.0140625
2 0.90078125 0.52578125 0.0203125 0.01484375
2 0.9234375 0.51875 0.02109375 0.01796875
2 0.9484375 0.51171875 0.01953125 0.01796875
2 0.9359375 0.471875 0.021875 0.015625
2 0.97421875 0.50859375 0.02109375 0.01484375
2 0.83125 0.334375 0.01640625 0.015625
2 0.784375 0.32890625 0.01171875 0.02578125
1 0.8734375 0.36796875 0.05546875 0.02421875
1 0.87109375 0.48515625 0.05625 0.0296875
2 0.41953125 0.44453125 0.01796875 0.0140625
0 0.81171875 0.5625 0.01484375 0.01171875
0 0.78828125 0.565625 0.01015625 0.0109375
0 0.796875 0.52890625 0.0140625 0.0140625
4 0.82578125 0.3640625 0.00859375 0.01015625
4 0.8140625 0.521875 0.00859375 0.01015625
4 0.8078125 0.5140625 0.009375 0.009375
4 0.7984375 0.509375 0.00859375 0.009375
4 0.7859375 0.51328125 0.00859375 0.00859375
4 0.784375 0.52421875 0.00859375 0.01015625
4 0.7515625 0.54296875 0.009375 0.00859375
4 0.7390625 0.565625 0.009375 0.00703125
4 0.72109375 0.56796875 0.009375 0.009375
4 0.68984375 0.53828125 0.00859375 0.00859375
4 0.68046875 0.5671875 0.00703125 0.01015625
4 0.68984375 0.57890625 0.00859375 0.00859375
4 0.70546875 0.58046875 0.00859375 0.00859375
4 0.64296875 0.57265625 0.00859375 0.009375
4 0.62578125 0.553125 0.009375 0.01171875
4 0.596875 0.55625 0.009375 0.0109375
4 0.6640625 0.51328125 0.00859375 0.00703125
4 0.65625 0.54921875 0.009375 0.00703125
4 0.63125 0.565625 0.01015625 0.009375
4 0.5703125 0.66796875 0.00546875 0.01484375
4 0.57890625 0.6453125 0.0046875 0.015625
4 0.5859375 0.646875 0.00546875 0.01796875
4 0.6265625 0.7734375 0.00546875 0.015625
4 0.55859375 0.56640625 0.009375 0.009375
4 0.50703125 0.5734375 0.009375 0.00859375
4 0.540625 0.62421875 0.00546875 0.01796875
4 0.53671875 0.42734375 0.00625 0.015625
4 0.54140625 0.390625 0.009375 0.01015625
4 0.57578125 0.403125 0.00859375 0.01328125
4 0.5890625 0.4015625 0.009375 0.01015625
4 0.60859375 0.3859375 0.00625 0.009375
4 0.47890625 0.3984375 0.00859375 0.00703125
4 0.48828125 0.3859375 0.009375 0.009375
4 0.5015625 0.38203125 0.00859375 0.00703125
4 0.50625 0.39296875 0.00625 0.00859375
4 0.50390625 0.4015625 0.00703125 0.00703125
4 0.49609375 0.403125 0.00703125 0.0109375
4 0.48828125 0.4359375 0.00859375 0.00703125
4 0.4796875 0.4359375 0.01015625 0.00859375
4 0.496875 0.46015625 0.009375 0.00703125
4 0.5046875 0.459375 0.009375 0.00703125
4 0.4375 0.46484375 0.01015625 0.00859375
4 0.38203125 0.4546875 0.009375 0.00703125
4 0.4046875 0.44921875 0.00859375 0.009375
4 0.40703125 0.44140625 0.009375 0.00859375
4 0.42265625 0.45390625 0.00859375 0.00625
4 0.43203125 0.45625 0.009375 0.00625
4 0.4421875 0.45625 0.00703125 0.00859375
4 0.446875 0.4359375 0.009375 0.00625
4 0.346875 0.4078125 0.009375 0.00625
4 0.28671875 0.421875 0.01015625 0.0109375
4 0.303125 0.41875 0.009375 0.00859375
4 0.26640625 0.42890625 0.009375 0.00625
4 0.2328125 0.48125 0.009375 0.009375
4 0.18671875 0.39296875 0.00859375 0.01640625
4 0.1765625 0.40703125 0.00859375 0.0109375
4 0.196875 0.43203125 0.01171875 0.00859375
4 0.20703125 0.44609375 0.0109375 0.00859375
4 0.16640625 0.43828125 0.01015625 0.009375
4 0.1609375 0.45078125 0.01015625 0.00859375
4 0.134375 0.44921875 0.0109375 0.009375
4 0.18046875 0.48359375 0.0109375 0.009375
4 0.034375 0.565625 0.009375 0.01484375
4 0.0859375 0.58828125 0.00859375 0.00859375
4 0.11953125 0.590625 0.00703125 0.009375
4 0.146875 0.578125 0.01015625 0.00859375
4 0.1875 0.584375 0.009375 0.00703125
4 0.2109375 0.58203125 0.00859375 0.00703125
4 0.20078125 0.60078125 0.01015625 0.00859375
4 0.221875 0.59921875 0.0109375 0.01015625
4 0.24140625 0.5765625 0.0109375 0.01015625
4 0.27109375 0.57578125 0.01015625 0.01015625
4 0.27265625 0.58515625 0.009375 0.0109375
4 0.28828125 0.56953125 0.009375 0.01015625
4 0.3140625 0.590625 0.009375 0.00859375
4 0.42734375 0.56484375 0.009375 0.00859375
4 0.421875 0.5734375 0.009375 0.00625
4 0.39921875 0.56640625 0.009375 0.00703125
4 0.378125 0.55546875 0.009375 0.0109375
4 0.37421875 0.56484375 0.01171875 0.009375
4 0.39140625 0.58828125 0.0109375 0.009375