5 0.22109375 0.68984375 0.06328125 0.03203125
5 0.28203125 0.67890625 0.059375 0.0265625
5 0.1421875 0.8359375 0.05625 0.06796875
5 0.69140625 0.6984375 0.0609375 0.05703125
5 0.5015625 0.82109375 0.0515625 0.04609375
4 0.3171875 0.69921875 0.01640625 0.0109375
4 0.2484375 0.89609375 0.01640625 0.01484375
4 0.25703125 0.94140625 0.01171875 0.01953125
2 0.5890625 0.85703125 0.02578125 0.0359375
2 0.55703125 0.828125 0.0265625 0.02578125
2 0.50546875 0.74765625 0.02421875 0.04375
2 0.534375 0.76875 0.021875 0.0484375
2 0.48359375 0.60625 0.0203125 0.0546875
2 0.48359375 0.475 0.01953125 0.0515625
2 0.478125 0.38828125 0.01640625 0.05859375
0 0.46015625 0.13203125 0.01484375 0.03125
0 0.50859375 0.696875 0.0109375 0.03515625
2 0.403125 0.815625 0.0296875 0.02578125
2 0.39609375 0.790625 0.03125 0.025
2 0.37421875 0.934375 0.0296875 0.02890625
3 0.60859375 0.678125 0.03125 0.02890625
4 0.8890625 0.71875 0.0140625 0.01953125
4 0.76875 0.76640625 0.01171875 0.01875
4 0.990625 0.87890625 0.01875 0.015625
4 0.69140625 0.7796875 0.01953125 0.01640625
4 0.48046875 0.765625 0.01484375 0.01796875
4 0.3953125 0.765625 0.01484375 0.01484375
4 0.1109375 0.7359375 0.01484375 0.01953125
4 0.03984375 0.95703125 0.01640625 0.01796875
4 0.01015625 0.94921875 0.01171875 0.021875
4 0.37421875 0.771875 0.01484375 0.0140625
4 0.46328125 0.79921875 0.01640625 0.01875