2 0.009375 0.05234375 0.01796875 0.05078125
4 0.0140625 0.01484375 0.009375 0.0203125
4 0.08515625 0.08125 0.01015625 0.0234375
2 0.14765625 0.265625 0.0203125 0.04375
5 0.0640625 0.3328125 0.02578125 0.071875
2 0.121875 0.3890625 0.02421875 0.03828125
2 0.190625 0.43359375 0.0265625 0.03203125
2 0.03359375 0.5265625 0.028125 0.02578125
2 0.034375 0.56015625 0.0265625 0.02578125
4 0.05703125 0.57890625 0.0140625 0.01640625
4 0.26171875 0.57578125 0.01484375 0.015625
4 0.14453125 0.5796875 0.0140625 0.01953125
5 0.221875 0.5453125 0.05703125 0.0390625
4 0.35859375 0.509375 0.015625 0.01640625
0 0.1890625 0.37890625 0.01640625 0.01640625
0 0.334375 0.56875 0.0203125 0.02109375
0 0.54609375 0.55390625 0.01875 0.0265625
4 0.4453125 0.5234375 0.0140625 0.01875
4 0.50390625 0.56015625 0.01171875 0.01484375
4 0.565625 0.34140625 0.015625 0.0203125
2 0.49453125 0.36953125 0.0265625 0.0296875
2 0.89609375 0.3328125 0.0296875 0.03046875
2 0.97890625 0.33046875 0.02578125 0.025
2 0.98671875 0.490625 0.0265625 0.025
2 0.77421875 0.25234375 0.02890625 0.02578125
2 0.765625 0.16953125 0.02421875 0.02578125