4 0.03671875 0.534375 0.01328125 0.01875
4 0.03203125 0.4484375 0.01640625 0.021875
4 0.00859375 0.45 0.01328125 0.01953125
4 0.01953125 0.4296875 0.0140625 0.009375
4 0.00625 0.46171875 0.01015625 0.0140625
4 0.0921875 0.45625 0.01484375 0.01640625
4 0.08046875 0.5359375 0.01015625 0.0109375
4 0.06875 0.54296875 0.009375 0.0140625
4 0.08125 0.5484375 0.01015625 0.01171875
4 0.2390625 0.4640625 0.01484375 0.01484375
4 0.246875 0.42578125 0.0140625 0.015625
4 0.25703125 0.44296875 0.01640625 0.01640625
4 0.26171875 0.559375 0.01171875 0.01796875
4 0.28203125 0.540625 0.0109375 0.009375
4 0.28828125 0.54921875 0.01484375 0.01015625
4 0.284375 0.5640625 0.01640625 0.015625
4 0.321875 0.54375 0.009375 0.01015625
4 0.36875 0.440625 0.01015625 0.0109375
4 0.4171875 0.4515625 0.015625 0.01796875
4 0.4421875 0.42109375 0.01484375 0.01640625
4 0.440625 0.44375 0.01328125 0.01484375
4 0.35234375 0.52421875 0.009375 0.0140625
4 0.3703125 0.51875 0.01171875 0.0109375
4 0.37421875 0.53359375 0.01171875 0.01328125
4 0.3875 0.5203125 0.01640625 0.01875
4 0.3875 0.540625 0.01171875 0.00859375
4 0.40859375 0.54375 0.01015625 0.01484375
4 0.421875 0.53046875 0.0109375 0.015625
4 0.43046875 0.5515625 0.01484375 0.01484375
4 0.4453125 0.53359375 0.0140625 0.0234375
4 0.46484375 0.55390625 0.01484375 0.0140625
4 0.4734375 0.51796875 0.01171875 0.0140625
4 0.48046875 0.52890625 0.0140625 0.00859375
4 0.4765625 0.5375 0.0140625 0.01015625
4 0.4859375 0.55625 0.01015625 0.01328125
4 0.51875 0.53125 0.01015625 0.01171875
4 0.534375 0.546875 0.00859375 0.00625
2 0.52421875 0.46328125 0.02890625 0.0296875
2 0.30859375 0.53046875 0.021875 0.0265625
2 0.24375 0.5484375 0.0234375 0.025
0 0.28828125 0.453125 0.01875 0.021875
0 0.33046875 0.55625 0.015625 0.01875
0 0.38359375 0.55546875 0.01484375 0.01953125
0 0.61171875 0.55546875 0.015625 0.025
6 0.5765625 0.43203125 0.02421875 0.021875
4 0.6140625 0.4390625 0.01640625 0.01640625
4 0.63125 0.46171875 0.01171875 0.01171875
4 0.56640625 0.45234375 0.01484375 0.01171875
4 0.471875 0.4203125 0.01328125 0.01640625
2 0.18828125 0.53515625 0.021875 0.021875
2 0.153125 0.55390625 0.0265625 0.0265625
0 0.0796875 0.565625 0.01953125 0.02109375
4 0.5734375 0.5265625 0.0109375 0.01484375
4 0.5984375 0.5390625 0.01328125 0.01796875
4 0.64453125 0.51796875 0.01171875 0.01328125
4 0.6484375 0.53046875 0.01171875 0.01015625
4 0.6359375 0.56484375 0.01015625 0.0140625
4 0.70390625 0.5484375 0.01015625 0.0109375
4 0.7234375 0.534375 0.01171875 0.01171875
4 0.70859375 0.44375 0.01171875 0.0140625
4 0.71953125 0.41953125 0.01328125 0.01328125
4 0.74140625 0.44453125 0.01015625 0.0140625
4 0.7765625 0.44375 0.0109375 0.015625
4 0.8140625 0.43984375 0.01171875 0.015625
4 0.78046875 0.534375 0.0140625 0.01484375
4 0.7484375 0.534375 0.015625 0.0140625
4 0.74296875 0.5484375 0.01171875 0.01640625
4 0.73203125 0.56171875 0.0140625 0.0140625
6 0.7359375 0.51796875 0.025 0.01953125
4 0.88203125 0.41875 0.01484375 0.0203125
4 0.91953125 0.421875 0.01796875 0.01640625
4 0.909375 0.4484375 0.01796875 0.01484375
4 0.95703125 0.428125 0.01796875 0.0265625
4 0.97578125 0.41640625 0.015625 0.01484375
4 0.99140625 0.45546875 0.015625 0.0140625
0 0.90078125 0.54453125 0.0203125 0.02578125
2 0.98046875 0.5484375 0.03046875 0.03046875
4 0.94609375 0.51796875 0.015625 0.02578125
4 0.99296875 0.528125 0.0140625 0.01953125
4 0.21640625 0.57421875 0.01640625 0.01796875
4 0.40390625 0.52578125 0.01015625 0.01875