5 0.19921875 0.98515625 0.03046875 0.0296875
2 0.49375 0.98046875 0.01875 0.0390625
2 0.53671875 0.67890625 0.01640625 0.05
2 0.4578125 0.60390625 0.01796875 0.04453125
4 0.46953125 0.5859375 0.009375 0.0296875
4 0.48125 0.48828125 0.01328125 0.02578125
4 0.48984375 0.4953125 0.01171875 0.02890625
2 0.49765625 0.509375 0.015625 0.046875
2 0.571875 0.51171875 0.02109375 0.04375
2 0.34375 0.33125 0.0265625 0.03046875
6 0.34296875 0.41171875 0.02421875 0.03203125
1 0.5734375 0.3765625 0.06875 0.040625
1 0.66015625 0.3890625 0.06484375 0.04296875
4 0.43828125 0.3828125 0.01640625 0.02109375
3 0.41171875 0.36796875 0.01640625 0.025
4 0.2609375 0.334375 0.015625 0.021875
4 0.23203125 0.3359375 0.01875 0.01953125
0 0.19453125 0.3484375 0.021875 0.03359375
4 0.2078125 0.303125 0.021875 0.04296875
2 0.1828125 0.32109375 0.02421875 0.021875
2 0.16953125 0.29609375 0.0265625 0.02421875
2 0.1234375 0.29921875 0.03046875 0.03125
4 0.12109375 0.3234375 0.01796875 0.021875
4 0.1453125 0.35234375 0.01484375 0.0234375
4 0.03359375 0.3328125 0.01640625 0.03359375
2 0.01171875 0.26640625 0.0234375 0.0359375
4 0.015625 0.29140625 0.01875 0.0203125
4 0.01484375 0.30625 0.01875 0.03125
1 0.06640625 0.2125 0.06328125 0.04921875
0 0.03671875 0.01171875 0.028125 0.0234375
4 0.025 0.0453125 0.021875 0.02890625
4 0.01015625 0.05703125 0.0203125 0.01640625
4 0.00859375 0.071875 0.0171875 0.025
4 0.10703125 0.12109375 0.015625 0.04140625
4 0.1546875 0.10703125 0.02109375 0.0296875
4 0.13125 0.13125 0.01796875 0.01953125
0 0.13046875 0.14296875 0.021875 0.03515625
0 0.15859375 0.13359375 0.02109375 0.04140625
0 0.18125 0.140625 0.02109375 0.05
4 0.20546875 0.15625 0.02109375 0.0234375
0 0.23515625 0.14765625 0.02890625 0.03828125
4 0.24296875 0.11640625 0.01640625 0.02578125
4 0.32421875 0.134375 0.01796875 0.0203125
4 0.33671875 0.178125 0.01875 0.02890625
4 0.3703125 0.12890625 0.01640625 0.02578125
4 0.39921875 0.14140625 0.01484375 0.0203125
4 0.3984375 0.15546875 0.01796875 0.01484375
4 0.41640625 0.14921875 0.01640625 0.02109375
4 0.41640625 0.159375 0.01796875 0.021875
4 0.41171875 0.16875 0.01953125 0.02109375
2 0.41171875 0.18125 0.02890625 0.0296875
2 0.41171875 0.2 0.025 0.028125
0 0.4140625 0.221875 0.02109375 0.03671875
0 0.4 0.22890625 0.01875 0.03125
0 0.38203125 0.22109375 0.01953125 0.02578125
3 0.35546875 0.190625 0.0265625 0.0296875
2 0.3234375 0.21328125 0.0234375 0.0265625
4 0.340625 0.2171875 0.01875 0.028125
2 0.3578125 0.21796875 0.0265625 0.025
4 0.34765625 0.20546875 0.01875 0.01796875
2 0.3640625 0.1484375 0.021875 0.02890625
2 0.390625 0.16484375 0.025 0.034375
2 0.5578125 0.0796875 0.01875 0.03828125
2 0.54140625 0.0109375 0.01640625 0.021875
2 0.621875 0.01484375 0.015625 0.0296875
0 0.50390625 0.146875 0.01875 0.0265625
4 0.571875 0.18671875 0.0140625 0.02578125
6 0.61171875 0.2171875 0.03828125 0.046875
2 0.82578125 0.19921875 0.02890625 0.03671875
2 0.8359375 0.18046875 0.02578125 0.0296875
2 0.7765625 0.1578125 0.01640625 0.04453125
4 0.8 0.21015625 0.01953125 0.02421875
2 0.81875 0.0328125 0.01796875 0.04375
4 0.69453125 0.12890625 0.0109375 0.02109375
1 0.97265625 0.3953125 0.0546875 0.05625
1 0.77578125 0.40078125 0.0609375 0.04140625
2 0.92421875 0.38359375 0.03046875 0.034375
2 0.9234375 0.409375 0.02890625 0.03046875
3 0.93828125 0.4328125 0.025 0.03359375
2 0.86328125 0.4390625 0.03046875 0.0296875
3 0.859375 0.38046875 0.02421875 0.0296875
2 0.8859375 0.4125 0.03203125 0.034375
4 0.88125 0.43203125 0.028125 0.03203125
2 0.83671875 0.4015625 0.03828125 0.03046875
3 0.82578125 0.371875 0.028125 0.03203125
2 0.89453125 0.378125 0.0296875 0.03359375
2 0.828125 0.42421875 0.03203125 0.0296875
4 0.7984375 0.428125 0.01796875 0.03125
2 0.76875 0.421875 0.02890625 0.0359375
0 0.7484375 0.43046875 0.02578125 0.03359375
0 0.71953125 0.43671875 0.0265625 0.028125
6 0.68828125 0.3703125 0.02890625 0.0359375
2 0.71015625 0.3609375 0.028125 0.034375
2 0.73046875 0.37890625 0.02890625 0.03046875
2 0.7171875 0.39921875 0.028125 0.03359375
4 0.70078125 0.37890625 0.015625 0.021875
3 0.71015625 0.4109375 0.02578125 0.03984375
2 0.69609375 0.43203125 0.03203125 0.028125
2 0.7984375 0.37421875 0.03203125 0.0359375
2 0.76171875 0.3625 0.02890625 0.04375
2 0.63828125 0.428125 0.03046875 0.03515625
4 0.6609375 0.421875 0.01640625 0.03125
4 0.65546875 0.44609375 0.01796875 0.025
4 0.68515625 0.44921875 0.0203125 0.03828125
0 0.5859375 0.40546875 0.0296875 0.03828125
4 0.609375 0.40703125 0.01796875 0.028125
2 0.084375 0.56171875 0.02421875 0.028125
2 0.04140625 0.5546875 0.03203125 0.02421875
2 0.034375 0.58046875 0.028125 0.0296875
2 0.03046875 0.66796875 0.02578125 0.021875
2 0.3890625 0.2 0.03203125 0.028125
4 0.38671875 0.18359375 0.01484375 0.0234375
4 0.39765625 0.1859375 0.01796875 0.025
4 0.70625 0.13046875 0.01015625 0.028125
4 0.6796875 0.1296875 0.009375 0.034375
4 0.3265625 0.4203125 0.01640625 0.0203125
4 0.296875 0.57890625 0.015625 0.01875
4 0.29296875 0.5859375 0.01484375 0.015625
4 0.29296875 0.596875 0.01640625 0.01328125