2 0.33984375 0.28046875 0.015625 0.01171875
2 0.390625 0.2109375 0.01484375 0.0140625
2 0.40078125 0.246875 0.009375 0.01875
2 0.50625 0.3234375 0.00625 0.0296875
2 0.5171875 0.32109375 0.00546875 0.028125
2 0.55703125 0.31328125 0.00703125 0.02421875
2 0.56640625 0.3140625 0.00703125 0.0234375
4 0.58359375 0.296875 0.003125 0.01328125
4 0.57890625 0.29921875 0.003125 0.01640625
4 0.575 0.2890625 0.003125 0.01171875
4 0.571875 0.28515625 0.0015625 0.0140625
4 0.56796875 0.278125 0.003125 0.01328125
4 0.56875 0.29375 0.003125 0.01328125
4 0.546875 0.27421875 0.003125 0.01171875
4 0.54609375 0.28828125 0.003125 0.0140625
4 0.54140625 0.28671875 0.003125 0.01328125
4 0.5375 0.28984375 0.003125 0.01171875
4 0.53125 0.27421875 0.003125 0.01328125
4 0.528125 0.2734375 0.003125 0.01484375
4 0.525 0.2734375 0.003125 0.01484375
4 0.51796875 0.27265625 0.003125 0.01171875
4 0.409375 0.26171875 0.0015625 0.0109375
4 0.41328125 0.26328125 0.0015625 0.01015625
4 0.43359375 0.19765625 0.0046875 0.0109375
4 0.52578125 0.2234375 0.003125 0.009375
4 0.53046875 0.221875 0.003125 0.009375
4 0.53359375 0.2234375 0.003125 0.009375
4 0.54140625 0.22265625 0.003125 0.01015625
4 0.54609375 0.221875 0.003125 0.01328125
4 0.56484375 0.2359375 0.0015625 0.01484375
4 0.56796875 0.23515625 0.003125 0.01484375
4 0.5734375 0.22578125 0.0015625 0.009375
4 0.5765625 0.22578125 0.0015625 0.01015625
4 0.57421875 0.2375 0.003125 0.0109375
4 0.57890625 0.2359375 0.0015625 0.01328125
4 0.58203125 0.23671875 0.003125 0.01328125
4 0.82421875 0.4 0.00546875 0.00859375
4 0.303125 0.40078125 0.00625 0.00625
5 0.6609375 0.38203125 0.03984375 0.01875
5 0.71796875 0.38203125 0.04375 0.01640625
6 0.64375 0.403125 0.025 0.01484375
6 0.7828125 0.42890625 0.03046875 0.01875
6 0.83359375 0.42109375 0.0296875 0.01875
6 0.8859375 0.409375 0.04375 0.02109375
6 0.9515625 0.40390625 0.03203125 0.01875
6 0.73984375 0.44140625 0.03046875 0.0203125
6 0.88203125 0.48125 0.0390625 0.01640625
2 0.828125 0.38828125 0.01328125 0.01171875
0 0.8484375 0.39375 0.00859375 0.009375
3 0.9609375 0.384375 0.01796875 0.0140625
3 0.9953125 0.29609375 0.00703125 0.0265625
4 0.9703125 0.23984375 0.00859375 0.01015625
2 0.15234375 0.471875 0.0140625 0.0109375
2 0.27578125 0.4765625 0.01484375 0.01171875
6 0.3390625 0.54375 0.0234375 0.01796875
6 0.3859375 0.521875 0.021875 0.01796875
6 0.2953125 0.49453125 0.04296875 0.01796875
6 0.43671875 0.54140625 0.03515625 0.0203125
0 0.36171875 0.45390625 0.009375 0.009375
0 0.3921875 0.55859375 0.01015625 0.01171875
2 0.41875 0.49140625 0.01328125 0.01171875
2 0.4828125 0.48515625 0.01640625 0.01171875
4 0.45390625 0.45078125 0.00859375 0.00546875
4 0.47578125 0.55546875 0.00625 0.00546875
6 0.521875 0.4546875 0.03203125 0.01640625
5 0.53984375 0.5203125 0.0515625 0.01640625
5 0.903125 0.53359375 0.0453125 0.02578125
5 0.96484375 0.56328125 0.06875 0.0203125
5 0.978125 0.45859375 0.04375 0.01796875
3 0.83984375 0.53671875 0.015625 0.01484375
6 0.759375 0.55703125 0.0265625 0.0203125
4 0.759375 0.5765625 0.00546875 0.00546875
2 0.64296875 0.525 0.0140625 0.01171875
2 0.5984375 0.5640625 0.01171875 0.01015625
2 0.603125 0.51796875 0.0140625 0.01171875
3 0.61171875 0.534375 0.015625 0.01171875
3 0.60390625 0.54921875 0.01171875 0.0109375
6 0.6390625 0.4765625 0.0390625 0.01953125
2 0.53203125 0.54296875 0.0140625 0.01171875
4 0.8984375 0.5953125 0.00703125 0.00859375
6 0.88359375 0.640625 0.0359375 0.0203125
2 0.9859375 0.815625 0.01171875 0.0234375
2 0.97421875 0.8640625 0.01015625 0.01953125
2 0.99140625 0.884375 0.01171875 0.021875
2 0.99765625 0.91484375 0.0046875 0.0203125
2 0.96953125 0.92421875 0.00703125 0.0234375
2 0.95859375 0.87421875 0.00703125 0.02578125
2 0.95078125 0.90078125 0.00703125 0.02109375
2 0.94296875 0.90703125 0.00703125 0.025
2 0.93515625 0.81484375 0.009375 0.01171875
2 0.934375 0.80078125 0.01015625 0.0140625
2 0.7171875 0.6515625 0.00546875 0.01953125
2 0.6890625 0.584375 0.01328125 0.01171875
2 0.6640625 0.6328125 0.00546875 0.02109375
2 0.671875 0.63125 0.00625 0.021875
2 0.6765625 0.66875 0.00703125 0.02578125
0 0.81953125 0.646875 0.01171875 0.01015625
0 0.81875 0.60390625 0.01015625 0.00859375
0 0.79375 0.60546875 0.0109375 0.0109375
0 0.7546875 0.66875 0.015625 0.01328125
3 0.7484375 0.59921875 0.01875 0.01171875
3 0.68125 0.62109375 0.00703125 0.02109375
3 0.71328125 0.896875 0.00859375 0.03046875
3 0.7546875 0.8546875 0.01953125 0.0140625
6 0.72109375 0.60390625 0.02578125 0.01484375
2 0.58515625 0.584375 0.01171875 0.01015625
2 0.575 0.62109375 0.0109375 0.009375
4 0.54765625 0.609375 0.00625 0.00546875
4 0.29375 0.61484375 0.00546875 0.01015625
5 0.27421875 0.6296875 0.0296875 0.015625
5 0.3015625 0.59609375 0.034375 0.015625
5 0.140625 0.63515625 0.0359375 0.01796875
5 0.1140625 0.66953125 0.03515625 0.0203125
5 0.02734375 0.73828125 0.01328125 0.0484375
5 0.0578125 0.7265625 0.0140625 0.05078125
5 0.0234375 0.92890625 0.0109375 0.04375