0 0.35390625 0.51875 0.01484375 0.01875
2 0.21015625 0.75625 0.01640625 0.03046875
0 0.25234375 0.66484375 0.0140625 0.0203125
2 0.3109375 0.721875 0.01875 0.03125
0 0.6546875 0.14296875 0.01171875 0.02421875
2 0.215625 0.86875 0.01875 0.03125
2 0.22109375 0.66171875 0.0203125 0.03515625
4 0.35390625 0.60859375 0.00703125 0.01484375
2 0.26328125 0.50546875 0.015625 0.03515625
4 0.38046875 0.59296875 0.00546875 0.01171875
2 0.17578125 0.9265625 0.01953125 0.03359375
2 0.64609375 0.321875 0.01640625 0.0296875
2 0.6828125 0.259375 0.0203125 0.03125
2 0.1953125 0.90078125 0.01640625 0.03046875
2 0.66328125 0.29296875 0.01796875 0.03046875
4 0.38828125 0.590625 0.00625 0.01328125
2 0.1578125 0.953125 0.01875 0.0296875
2 0.19921875 0.696875 0.01953125 0.03359375
4 0.65390625 0.35390625 0.00703125 0.01171875
4 0.66015625 0.35078125 0.00859375 0.01171875
2 0.27890625 0.7765625 0.01875 0.0359375
4 0.36328125 0.5890625 0.00546875 0.0140625
0 0.66796875 0.13046875 0.01171875 0.01796875
2 0.4234375 0.45703125 0.01640625 0.0359375
4 0.3421875 0.61875 0.009375 0.009375
4 0.31953125 0.659375 0.00859375 0.01328125
4 0.36796875 0.62578125 0.00546875 0.0109375
4 0.34140625 0.66015625 0.00703125 0.01484375
2 0.1421875 0.98125 0.01640625 0.028125
2 0.47578125 0.46953125 0.01171875 0.03203125
2 0.19609375 0.86875 0.01875 0.034375
4 0.22578125 0.8390625 0.00703125 0.01484375
2 0.2390625 0.834375 0.01953125 0.03203125
2 0.28359375 0.7234375 0.01796875 0.02890625
4 0.240625 0.8140625 0.009375 0.01171875
4 0.2328125 0.825 0.00859375 0.0109375
2 0.26328125 0.803125 0.01875 0.03203125
4 0.34921875 0.64765625 0.00703125 0.0109375
2 0.38203125 0.56953125 0.01953125 0.028125
2 0.4140625 0.56953125 0.01796875 0.02890625
2 0.44375 0.56875 0.015625 0.025
2 0.328125 0.6890625 0.01796875 0.03046875
2 0.34765625 0.66796875 0.01640625 0.025
2 0.3640625 0.64609375 0.015625 0.02421875
2 0.37890625 0.62109375 0.01796875 0.02890625
6 0.615625 0.84921875 0.02578125 0.05703125
2 0.5859375 0.71640625 0.01640625 0.034375
2 0.5734375 0.7203125 0.0140625 0.028125
4 0.5296875 0.696875 0.00625 0.0109375
4 0.5390625 0.7203125 0.00546875 0.0140625
4 0.53125 0.71328125 0.00546875 0.0140625
4 0.521875 0.69921875 0.00625 0.01328125
4 0.52578125 0.67421875 0.00546875 0.01328125
4 0.55390625 0.671875 0.00546875 0.01328125
0 0.56796875 0.69140625 0.009375 0.01953125
0 0.5515625 0.7 0.01015625 0.01484375
2 0.553125 0.65078125 0.01484375 0.03515625
2 0.56953125 0.66875 0.01328125 0.02890625
0 0.54296875 0.67421875 0.0109375 0.01484375
4 0.5359375 0.65703125 0.00859375 0.0140625
1 0.625 0.3703125 0.04140625 0.078125
2 0.6515625 0.37421875 0.01875 0.03203125
4 0.696875 0.31796875 0.00703125 0.01171875
2 0.709375 0.08671875 0.01875 0.03203125
2 0.70078125 0.22890625 0.01640625 0.025
2 0.71328125 0.2421875 0.015625 0.02578125
2 0.71171875 0.2765625 0.01796875 0.02421875
3 0.69140625 0.27890625 0.02578125 0.03671875
4 0.7046875 0.25546875 0.00859375 0.01484375
2 0.69453125 0.29375 0.0203125 0.0265625
2 0.67890625 0.3265625 0.0140625 0.0234375
2 0.6640625 0.321875 0.01640625 0.03125
2 0.6140625 0.4234375 0.01796875 0.02890625
0 0.61796875 0.44140625 0.01328125 0.01953125
2 0.59296875 0.43046875 0.0140625 0.0234375
2 0.59765625 0.4484375 0.0140625 0.02578125
2 0.60390625 0.46328125 0.0140625 0.02578125
4 0.615625 0.53046875 0.00859375 0.01328125
2 0.46875 0.56640625 0.01875 0.03046875
4 0.38203125 0.60390625 0.00546875 0.00859375
2 0.33828125 0.6390625 0.01640625 0.02890625
2 0.459375 0.5328125 0.015625 0.03046875
2 0.46015625 0.48984375 0.0140625 0.03203125
2 0.55625 0.2515625 0.01796875 0.01875
2 0.40078125 0.19140625 0.01796875 0.03359375
5 0.415625 0.2375 0.021875 0.04453125
2 0.884375 0.06953125 0.01796875 0.02578125
4 0.6109375 0.4734375 0.00859375 0.00859375
4 0.60625 0.4796875 0.00546875 0.009375
4 0.62421875 0.46875 0.00859375 0.01171875
0 0.6078125 0.49375 0.01171875 0.01953125
4 0.628125 0.4875 0.00859375 0.01328125
4 0.62109375 0.5140625 0.00859375 0.0140625
4 0.56484375 0.7484375 0.00625 0.015625
2 0.14921875 0.94140625 0.01875 0.0296875
2 0.2234375 0.91171875 0.0203125 0.03515625
2 0.30859375 0.78046875 0.01796875 0.03203125
2 0.35078125 0.7109375 0.01796875 0.03046875
4 0.30625 0.6734375 0.00859375 0.01015625
2 0.390625 0.66875 0.01640625 0.02890625
2 0.43046875 0.61328125 0.01875 0.03671875
2 0.45546875 0.6046875 0.01796875 0.0234375
2 0.478125 0.51640625 0.01640625 0.0359375
4 0.671875 0.3515625 0.00859375 0.01328125
4 0.68984375 0.32734375 0.00546875 0.01171875
4 0.7 0.303125 0.00625 0.0140625
4 0.7140625 0.28359375 0.009375 0.009375
2 0.73125 0.25859375 0.01796875 0.0296875
0 0.7234375 0.24765625 0.01015625 0.01875
0 0.74140625 0.23203125 0.0109375 0.01640625
2 0.728125 0.1921875 0.02109375 0.028125
2 0.73203125 0.209375 0.01796875 0.02421875
2 0.75078125 0.18984375 0.01953125 0.025
2 0.75390625 0.209375 0.01796875 0.028125
2 0.75 0.16640625 0.01640625 0.0265625
0 0.765625 0.16171875 0.01328125 0.01875
1 0.77421875 0.19921875 0.03359375 0.06328125
2 0.76484375 0.134375 0.0203125 0.0296875
4 0.39140625 0.1328125 0.009375 0.01640625
4 0.2984375 0.08671875 0.00859375 0.02109375
2 0.4953125 0.44609375 0.015625 0.04296875
2 0.478125 0.3703125 0.015625 0.03515625
2 0.4765625 0.4234375 0.01484375 0.040625
2 0.1796875 0.98515625 0.01875 0.0296875
2 0.16875 0.98125 0.01875 0.028125
4 0.26875 0.746875 0.00859375 0.01171875
4 0.2640625 0.78046875 0.00703125 0.01171875
4 0.31328125 0.69140625 0.00625 0.015625
2 0.41171875 0.5234375 0.015625 0.034375
2 0.79453125 0.1484375 0.01875 0.03203125
2 0.78203125 0.1390625 0.0234375 0.0296875
2 0.38203125 0.18359375 0.01640625 0.03984375
2 0.315625 0.0890625 0.015625 0.03046875
2 0.384375 0.2734375 0.01171875 0.03359375
2 0.4078125 0.5546875 0.01640625 0.03046875
4 0.340625 0.68984375 0.00703125 0.0109375
4 0.2578125 0.759375 0.00703125 0.01328125
2 0.28984375 0.746875 0.01796875 0.03046875
2 0.240625 0.79296875 0.01640625 0.028125
2 0.16796875 0.90390625 0.015625 0.02578125
2 0.68046875 0.1953125 0.01875 0.0296875
4 0.63203125 0.503125 0.00546875 0.01484375
4 0.63828125 0.49921875 0.00546875 0.01484375
4 0.64609375 0.5015625 0.00703125 0.02109375
0 0.62109375 0.59765625 0.01171875 0.02578125
4 0.32578125 0.7109375 0.00625 0.00703125
4 0.515625 0.66484375 0.00625 0.01484375
4 0.515625 0.68359375 0.00859375 0.01171875
2 0.553125 0.7265625 0.0140625 0.0265625
0 0.54921875 0.74609375 0.00859375 0.01328125
4 0.58046875 0.68671875 0.00703125 0.015625
4 0.55703125 0.7609375 0.00546875 0.01484375
4 0.60078125 0.77265625 0.00546875 0.0140625
4 0.59296875 0.76953125 0.00546875 0.01171875
2 0.59296875 0.75078125 0.01328125 0.02421875
2 0.596875 0.79375 0.015625 0.03046875
2 0.61328125 0.78125 0.01484375 0.034375
2 0.64609375 0.73046875 0.01640625 0.03203125
2 0.6640625 0.90703125 0.01796875 0.03515625
2 0.69453125 0.90859375 0.01640625 0.02890625
2 0.71796875 0.90234375 0.01796875 0.03671875
0 0.690625 0.87421875 0.01171875 0.0203125
0 0.5734375 0.759375 0.00859375 0.015625
2 0.63828125 0.87890625 0.01484375 0.03515625
4 0.678125 0.30703125 0.00703125 0.0109375
0 0.6296875 0.23359375 0.0140625 0.01640625
4 0.84453125 0.07109375 0.01015625 0.01328125
4 0.809375 0.14609375 0.00703125 0.0140625
4 0.84296875 0.0484375 0.00859375 0.015625
4 0.87109375 0.0359375 0.00859375 0.0140625
4 0.875 0.04453125 0.00859375 0.01171875
4 0.3453125 0.15859375 0.009375 0.01796875