2 0.53203125 0.3296875 0.01171875 0.03203125
2 0.5046875 0.3 0.01328125 0.03671875
2 0.50078125 0.40078125 0.009375 0.03203125
0 0.48671875 0.40546875 0.009375 0.02109375
2 0.5015625 0.146875 0.01015625 0.03046875
2 0.4953125 0.08828125 0.01015625 0.03515625
2 0.50859375 0.0859375 0.009375 0.03828125
2 0.49296875 0.45234375 0.0109375 0.03125
2 0.503125 0.49453125 0.00859375 0.02890625
2 0.46875 0.4625 0.01015625 0.0296875
2 0.4703125 0.4984375 0.009375 0.03359375
2 0.48984375 0.59296875 0.009375 0.028125
2 0.5015625 0.63515625 0.009375 0.028125
2 0.475 0.671875 0.01015625 0.02890625
2 0.490625 0.66484375 0.01015625 0.034375
2 0.50078125 0.678125 0.00703125 0.028125
2 0.47578125 0.75625 0.009375 0.03515625
2 0.51875 0.78515625 0.01015625 0.02890625
2 0.47578125 0.884375 0.009375 0.03828125
2 0.51953125 0.9484375 0.009375 0.03125
2 0.53203125 0.9640625 0.01015625 0.03125
4 0.546875 0.35078125 0.00625 0.01796875
4 0.48046875 0.3296875 0.0046875 0.01796875
4 0.46640625 0.6203125 0.00546875 0.01484375
4 0.5359375 0.67109375 0.00546875 0.01484375
4 0.54375 0.9234375 0.00546875 0.01640625
0 0.51171875 0.98671875 0.00546875 0.01953125
0 0.53828125 0.99296875 0.00859375 0.01171875
2 0.5203125 0.98984375 0.00703125 0.0203125
0 0.48203125 0.91875 0.00625 0.021875
0 0.47421875 0.91640625 0.00625 0.0203125
0 0.471875 0.246875 0.00703125 0.01875
2 0.22578125 0.32734375 0.0203125 0.01796875
2 0.246875 0.32890625 0.0203125 0.01640625
2 0.271875 0.33125 0.01796875 0.01640625
2 0.33125 0.3328125 0.01875 0.0140625
2 0.35625 0.3359375 0.01875 0.01640625
0 0.390625 0.334375 0.01171875 0.01171875
4 0.43515625 0.48125 0.009375 0.00859375
4 0.42421875 0.4703125 0.00703125 0.0046875
4 0.425 0.47734375 0.00703125 0.00546875
4 0.43203125 0.49375 0.00703125 0.00625
4 0.4390625 0.52890625 0.00703125 0.0046875
4 0.42421875 0.4875 0.00625 0.00390625
4 0.4234375 0.49921875 0.00625 0.00546875
4 0.4234375 0.53046875 0.00703125 0.00546875
4 0.4234375 0.53671875 0.00546875 0.0046875
4 0.43828125 0.5359375 0.00703125 0.00546875
4 0.4234375 0.5515625 0.00703125 0.00546875
4 0.42421875 0.559375 0.00859375 0.0046875
4 0.4234375 0.56640625 0.00703125 0.0046875
4 0.43125 0.47109375 0.00625 0.00546875
4 0.4234375 0.6 0.00703125 0.0046875
4 0.4234375 0.60546875 0.00703125 0.00390625
4 0.42578125 0.6109375 0.00625 0.00390625
4 0.4234375 0.68828125 0.00703125 0.0046875
4 0.4234375 0.69453125 0.00703125 0.00546875
4 0.4234375 0.7515625 0.00625 0.00546875
4 0.421875 0.7609375 0.00703125 0.00546875
4 0.42109375 0.821875 0.00703125 0.00546875
4 0.42109375 0.8 0.00625 0.00625
4 0.42109375 0.828125 0.00703125 0.0046875
4 0.42109375 0.8890625 0.00859375 0.0046875
3 0.5296875 0.90625 0.01171875 0.04453125