2 0.33046875 0.08671875 0.021875 0.040625
2 0.37265625 0.16796875 0.021875 0.04140625
2 0.434375 0.58671875 0.01875 0.034375
6 0.34296875 0.678125 0.02578125 0.04296875
2 0.68515625 0.24375 0.0203125 0.03515625
2 0.63203125 0.33515625 0.01796875 0.034375
1 0.61875 0.79375 0.04453125 0.09140625
2 0.403125 0.5796875 0.01953125 0.02890625
0 0.33515625 0.5234375 0.01484375 0.01875
2 0.184375 0.7921875 0.01640625 0.03046875
4 0.3859375 0.59453125 0.00859375 0.01328125
0 0.228125 0.6890625 0.0140625 0.0203125
2 0.3171875 0.72109375 0.01953125 0.03125
2 0.66484375 0.271875 0.02109375 0.03203125
4 0.36484375 0.62578125 0.00859375 0.01484375
2 0.3328125 0.021875 0.01796875 0.03671875
2 0.365625 0.64453125 0.02109375 0.03046875
2 0.61328125 0.4140625 0.01953125 0.03671875
2 0.66171875 0.74296875 0.01796875 0.0359375
2 0.56953125 0.70546875 0.01796875 0.0296875
2 0.55703125 0.72890625 0.01796875 0.03359375
2 0.584375 0.740625 0.01875 0.0359375
2 0.553125 0.696875 0.01328125 0.03125
2 0.58046875 0.7703125 0.01953125 0.03671875
1 0.5734375 0.67578125 0.03359375 0.07890625
2 0.74296875 0.9265625 0.02109375 0.03828125
2 0.72109375 0.85703125 0.02109375 0.0234375
4 0.54921875 0.65859375 0.00859375 0.01796875
4 0.53984375 0.66484375 0.00625 0.0140625
4 0.54140625 0.68828125 0.00859375 0.01640625
4 0.5421875 0.709375 0.01015625 0.01171875
4 0.52578125 0.68828125 0.00703125 0.015625
4 0.54609375 0.70234375 0.00859375 0.01796875
4 0.53359375 0.6734375 0.00859375 0.01640625
4 0.54140625 0.71953125 0.00703125 0.01640625
4 0.534375 0.70703125 0.00703125 0.01484375
2 0.82890625 0.1328125 0.0265625 0.03828125
2 0.7234375 0.0234375 0.01875 0.03203125
0 0.678125 0.07421875 0.0140625 0.02421875
0 0.66328125 0.0875 0.0109375 0.021875
3 0.40625 0.32578125 0.01171875 0.03671875
2 0.196875 0.90234375 0.0203125 0.0359375
2 0.23515625 0.84375 0.01875 0.03125
2 0.25546875 0.815625 0.025 0.03984375
2 0.1953125 0.68359375 0.0203125 0.03515625
2 0.2984375 0.74375 0.0203125 0.03359375
2 0.27578125 0.77734375 0.02109375 0.03125
2 0.384375 0.615625 0.01875 0.028125
4 0.37578125 0.603125 0.00703125 0.01484375
2 0.3953125 0.18125 0.01640625 0.03125
2 0.3703125 0.096875 0.01875 0.0359375
2 0.3421875 0.071875 0.01953125 0.034375
0 0.35859375 0.31328125 0.0140625 0.0234375
2 0.215625 0.8671875 0.01796875 0.03046875
2 0.3109375 0.67890625 0.01875 0.03203125
2 0.515625 0.42421875 0.01875 0.0359375
2 0.45859375 0.478125 0.0140625 0.03984375
4 0.39296875 0.57421875 0.009375 0.0140625
5 0.6359375 0.38984375 0.02109375 0.03671875
2 0.559375 0.7609375 0.01640625 0.03203125
2 0.2359375 0.51796875 0.015625 0.03515625
4 0.37109375 0.61640625 0.00546875 0.01171875
4 0.33203125 0.7046875 0.009375 0.01796875
2 0.17578125 0.9265625 0.01953125 0.03359375
0 0.55390625 0.49140625 0.01484375 0.025
2 0.65 0.340625 0.01953125 0.034375
4 0.62578125 0.36953125 0.009375 0.01875
2 0.61328125 0.38203125 0.01875 0.03203125
4 0.53203125 0.68515625 0.01015625 0.01796875
0 0.63359375 0.36484375 0.01171875 0.01796875
4 0.6171875 0.4359375 0.0109375 0.01328125
4 0.37578125 0.59375 0.009375 0.015625
2 0.471875 0.50625 0.01484375 0.046875
2 0.68828125 0.27890625 0.0203125 0.03125
4 0.61171875 0.45546875 0.009375 0.01484375
4 0.63125 0.41953125 0.009375 0.01796875
4 0.6 0.44453125 0.00859375 0.02109375
4 0.7421875 0.040625 0.00859375 0.0234375
2 0.296875 0.8296875 0.0203125 0.0359375
2 0.3296875 0.75703125 0.02109375 0.034375
2 0.1515625 0.934375 0.02109375 0.034375
2 0.16328125 0.96171875 0.0203125 0.03671875
4 0.40703125 0.55546875 0.00703125 0.01484375
4 0.384375 0.58203125 0.0046875 0.01171875
2 0.40703125 0.47734375 0.01328125 0.040625
2 0.65078125 0.30390625 0.01796875 0.034375
4 0.59453125 0.7140625 0.00859375 0.01484375
0 0.4015625 0.15859375 0.0140625 0.02890625
2 0.42578125 0.246875 0.01953125 0.03671875
2 0.45078125 0.52890625 0.01640625 0.04375
2 0.665625 0.3109375 0.01796875 0.03046875
2 0.46484375 0.35 0.0140625 0.04609375
2 0.46328125 0.41484375 0.0140625 0.03984375
2 0.4390625 0.3109375 0.01640625 0.034375
2 0.4109375 0.253125 0.0203125 0.03984375
4 0.4265625 0.18828125 0.0109375 0.01953125
0 0.4203125 0.1125 0.01484375 0.0203125
4 0.59453125 0.209375 0.0140625 0.01796875
4 0.3609375 0.71796875 0.01171875 0.0140625
4 0.29453125 0.7984375 0.009375 0.01484375
4 0.34453125 0.75 0.009375 0.015625
2 0.39921875 0.63984375 0.02109375 0.03046875
2 0.28125 0.728125 0.01953125 0.03359375
2 0.23828125 0.8015625 0.0203125 0.03515625
4 0.30078125 0.8015625 0.00859375 0.0140625
2 0.25546875 0.86875 0.021875 0.03515625
4 0.23125 0.92421875 0.01015625 0.01640625
4 0.209375 0.96796875 0.01015625 0.0140625
2 0.1765625 0.90625 0.0203125 0.03359375
4 0.13359375 0.959375 0.00859375 0.01328125
4 0.13125 0.978125 0.00703125 0.015625
4 0.1640625 0.9375 0.00859375 0.015625
4 0.1484375 0.9625 0.00625 0.01171875
4 0.14296875 0.9828125 0.00703125 0.01328125
2 0.36015625 0.59375 0.01875 0.03515625
2 0.33125 0.640625 0.01796875 0.034375
2 0.36796875 0.21484375 0.015625 0.0390625
2 0.36171875 0.11328125 0.01796875 0.03671875
2 0.321875 0.03671875 0.01796875 0.03671875
2 0.309375 0.04140625 0.01953125 0.03828125
2 0.459375 0.290625 0.01796875 0.0359375
0 0.74453125 0.9640625 0.015625 0.028125
0 0.70390625 0.1109375 0.01796875 0.02890625
2 0.815625 0.08203125 0.0203125 0.0359375
2 0.184375 0.98046875 0.0203125 0.034375
4 0.2109375 0.846875 0.0109375 0.0203125
4 0.19921875 0.84921875 0.009375 0.0203125
4 0.140625 0.97421875 0.00859375 0.0140625
4 0.13828125 0.9640625 0.009375 0.009375
4 0.3484375 0.6484375 0.00859375 0.01640625
4 0.353125 0.6390625 0.00625 0.01015625
4 0.3796875 0.32421875 0.00703125 0.01875
4 0.37109375 0.26328125 0.00859375 0.015625
4 0.3484375 0.03125 0.01015625 0.01953125
2 0.35078125 0.13046875 0.01875 0.0296875
4 0.4296875 0.1390625 0.009375 0.01875
4 0.51640625 0.19296875 0.01015625 0.0140625
2 0.4171875 0.2015625 0.01796875 0.03125
4 0.40859375 0.22421875 0.009375 0.01796875
4 0.3984375 0.221875 0.009375 0.01640625
4 0.39453125 0.23203125 0.00625 0.01328125
0 0.4359375 0.2265625 0.01328125 0.025
2 0.44140625 0.2859375 0.01640625 0.0296875
4 0.4828125 0.35703125 0.00859375 0.0203125
4 0.4546875 0.328125 0.00703125 0.01796875
4 0.490625 0.45078125 0.00859375 0.02421875
0 0.58984375 0.63203125 0.01171875 0.02578125
0 0.67578125 0.8125 0.01328125 0.02578125
0 0.659375 0.8078125 0.0140625 0.028125
4 0.6328125 0.19921875 0.00859375 0.0140625
4 0.65078125 0.18125 0.00859375 0.01875
4 0.690625 0.1515625 0.01171875 0.01875
4 0.76640625 0.10859375 0.01015625 0.01484375
0 0.7609375 0.16171875 0.01328125 0.02421875
2 0.77421875 0.18359375 0.01875 0.0296875
2 0.71640625 0.1890625 0.015625 0.02890625
1 0.71953125 0.25625 0.0453125 0.0890625
4 0.840625 0.01796875 0.01015625 0.01640625
2 0.63828125 0.903125 0.01328125 0.025