2 0.54765625 0.4609375 0.025 0.03828125
2 0.58125 0.571875 0.02578125 0.0453125
2 0.54296875 0.51953125 0.0234375 0.03125
2 0.35625 0.60390625 0.01953125 0.040625
2 0.38359375 0.42265625 0.02578125 0.04453125
2 0.7234375 0.96171875 0.02890625 0.02578125
2 0.79296875 0.95546875 0.0203125 0.03984375
1 0.29140625 0.71171875 0.03125 0.08515625
0 0.3265625 0.5640625 0.01328125 0.03046875
0 0.43828125 0.61953125 0.0140625 0.0265625
0 0.46484375 0.665625 0.01875 0.01953125
0 0.46796875 0.5828125 0.01796875 0.02890625
0 0.40546875 0.709375 0.01640625 0.0265625
2 0.60859375 0.37734375 0.025 0.03203125
2 0.35390625 0.23046875 0.02109375 0.03984375
0 0.628125 0.45625 0.01875 0.0234375
0 0.65859375 0.3953125 0.01796875 0.028125
2 0.55078125 0.24375 0.02890625 0.034375
4 0.328125 0.69140625 0.009375 0.02578125
4 0.30234375 0.91328125 0.0109375 0.03125
4 0.29453125 0.953125 0.01015625 0.0265625
4 0.3359375 0.83984375 0.009375 0.025
4 0.3359375 0.8140625 0.01015625 0.02578125
4 0.284375 0.79453125 0.01171875 0.02890625
4 0.28671875 0.81640625 0.01015625 0.0203125
4 0.2734375 0.8375 0.01171875 0.025
4 0.24921875 0.89921875 0.0109375 0.0265625
4 0.2328125 0.93359375 0.0140625 0.021875
4 0.22578125 0.97578125 0.0109375 0.025
4 0.23203125 0.98984375 0.01328125 0.0203125
4 0.24375 0.94921875 0.01015625 0.025
4 0.26953125 0.89296875 0.0109375 0.01875
4 0.31328125 0.72890625 0.01171875 0.02421875
4 0.325 0.63359375 0.01171875 0.0234375
4 0.33828125 0.63203125 0.01015625 0.021875
4 0.34921875 0.6359375 0.01015625 0.02109375
4 0.3765625 0.6734375 0.0109375 0.02578125
4 0.334375 0.6015625 0.01328125 0.021875
4 0.3453125 0.58125 0.009375 0.021875
4 0.39375 0.596875 0.0109375 0.021875
4 0.45625 0.5359375 0.01328125 0.01953125
4 0.484375 0.56640625 0.009375 0.01796875
4 0.48046875 0.61953125 0.0140625 0.0203125
4 0.5015625 0.6171875 0.01484375 0.01484375
4 0.52109375 0.640625 0.009375 0.01875
4 0.4859375 0.64609375 0.01484375 0.01328125
4 0.4921875 0.5578125 0.01328125 0.015625
4 0.528125 0.5578125 0.01171875 0.01484375
4 0.528125 0.5765625 0.0140625 0.01640625
4 0.49921875 0.4796875 0.01015625 0.01796875
4 0.47109375 0.48046875 0.01328125 0.01875
4 0.48359375 0.42109375 0.01015625 0.02421875
4 0.509375 0.45234375 0.01171875 0.01875
4 0.52578125 0.453125 0.0109375 0.01640625
4 0.546875 0.49140625 0.01796875 0.0140625
4 0.42578125 0.47734375 0.00859375 0.025
4 0.415625 0.4640625 0.01015625 0.01796875
4 0.390625 0.478125 0.01015625 0.01796875
4 0.41796875 0.48125 0.009375 0.01640625
4 0.42890625 0.40859375 0.01484375 0.015625
4 0.43203125 0.371875 0.01328125 0.01640625
4 0.43203125 0.353125 0.01171875 0.01640625
4 0.4296875 0.325 0.01171875 0.0203125
4 0.4984375 0.3390625 0.01796875 0.021875
4 0.31796875 0.29375 0.0140625 0.01640625
4 0.359375 0.26171875 0.0140625 0.0203125
4 0.38671875 0.27421875 0.01171875 0.01875
4 0.40546875 0.28984375 0.00859375 0.01875
4 0.4046875 0.2703125 0.009375 0.01484375
4 0.38046875 0.2265625 0.009375 0.0234375
4 0.3234375 0.1765625 0.01171875 0.01875
4 0.33359375 0.15625 0.01015625 0.021875
4 0.278125 0.09140625 0.01484375 0.015625
4 0.30625 0.12109375 0.0140625 0.01796875
4 0.2515625 0.165625 0.01484375 0.02421875
4 0.28046875 0.22265625 0.01484375 0.0203125
2 0.23203125 0.184375 0.02421875 0.0359375
3 0.19140625 0.203125 0.021875 0.0359375
3 0.2546875 0.23046875 0.01875 0.03046875
4 0.2265625 0.2265625 0.01015625 0.015625
6 0.19296875 0.2453125 0.028125 0.05390625
0 0.309375 0.31328125 0.01015625 0.0265625
3 0.21953125 0.27265625 0.01875 0.040625
4 0.30703125 0.7140625 0.009375 0.0203125
4 0.575 0.41875 0.0140625 0.01796875
4 0.62578125 0.41171875 0.01328125 0.0140625
4 0.6140625 0.43671875 0.01171875 0.01953125
4 0.64453125 0.365625 0.01171875 0.01484375
4 0.55546875 0.43125 0.01171875 0.0203125
4 0.5578125 0.340625 0.0140625 0.02109375
4 0.6171875 0.2203125 0.0140625 0.0140625
4 0.81328125 0.10703125 0.015625 0.01640625
4 0.809375 0.22109375 0.01484375 0.01484375
4 0.79140625 0.25390625 0.01328125 0.01796875
4 0.75546875 0.15546875 0.015625 0.01484375
4 0.86171875 0.2203125 0.01640625 0.01484375
2 0.86640625 0.28828125 0.0265625 0.03203125
3 0.8109375 0.33125 0.025 0.028125
3 0.83828125 0.309375 0.03203125 0.0390625
4 0.7546875 0.3359375 0.015625 0.01796875
4 0.753125 0.37265625 0.00859375 0.01953125
3 0.671875 0.4359375 0.028125 0.0359375
2 0.75859375 0.63125 0.0203125 0.04140625
2 0.8484375 0.38828125 0.02421875 0.04296875
3 0.86796875 0.3375 0.03046875 0.05625
3 0.82421875 0.44921875 0.03125 0.06015625
4 0.89453125 0.36171875 0.01484375 0.025
4 0.93359375 0.2875 0.01796875 0.025
4 0.94921875 0.18359375 0.01484375 0.01640625
3 0.80546875 0.50390625 0.01640625 0.03046875
4 0.7765625 0.96796875 0.0140625 0.0234375
4 0.72890625 0.8796875 0.01328125 0.0234375
4 0.69375 0.8609375 0.01171875 0.021875
4 0.69921875 0.84453125 0.01171875 0.01953125
4 0.63984375 0.79609375 0.0140625 0.01796875
4 0.62578125 0.7515625 0.01171875 0.01875
4 0.7125 0.72578125 0.015625 0.01796875
4 0.70078125 0.71015625 0.01484375 0.015625
4 0.60078125 0.653125 0.01796875 0.015625
4 0.60546875 0.6828125 0.009375 0.021875
4 0.6140625 0.71171875 0.00859375 0.02109375
4 0.6390625 0.6359375 0.01484375 0.0234375
6 0.56171875 0.95078125 0.03828125 0.06875
4 0.55703125 0.5796875 0.01171875 0.02109375
4 0.59921875 0.534375 0.01015625 0.015625
4 0.61796875 0.40078125 0.0109375 0.01328125
4 0.64765625 0.45625 0.0140625 0.01640625
4 0.578125 0.303125 0.0140625 0.01640625
4 0.59140625 0.19453125 0.00625 0.021875
4 0.63203125 0.14140625 0.00546875 0.0203125
4 0.55234375 0.20859375 0.00859375 0.01875
4 0.5640625 0.2 0.00703125 0.0203125
4 0.57890625 0.1984375 0.00703125 0.015625
4 0.51796875 0.26015625 0.0109375 0.015625
4 0.4734375 0.27421875 0.009375 0.0203125
4 0.446875 0.309375 0.00859375 0.0234375
4 0.44375 0.33671875 0.009375 0.0140625
4 0.44453125 0.353125 0.01171875 0.015625
2 0.40546875 0.1390625 0.01953125 0.03515625
2 0.6609375 0.146875 0.0234375 0.0296875
2 0.62421875 0.15625 0.01484375 0.05078125
3 0.7265625 0.675 0.0203125 0.0359375
3 0.70546875 0.63203125 0.021875 0.03984375
3 0.69296875 0.60859375 0.021875 0.0390625
3 0.671875 0.578125 0.01640625 0.0265625
3 0.6203125 0.4875 0.0203125 0.0296875
3 0.62890625 0.53984375 0.01640625 0.02890625
3 0.7359375 0.3875 0.034375 0.03046875
3 0.45703125 0.38203125 0.03359375 0.04296875
3 0.2125 0.2484375 0.021875 0.0359375
3 0.234375 0.28046875 0.028125 0.04609375
6 0.078125 0.02890625 0.0390625 0.05703125
3 0.52265625 0.21640625 0.0203125 0.03203125
3 0.63046875 0.503125 0.01953125 0.0296875
3 0.70078125 0.41640625 0.02890625 0.0359375
3 0.684375 0.5859375 0.021875 0.03828125
3 0.6671875 0.56171875 0.0203125 0.03046875
3 0.71796875 0.646875 0.028125 0.0390625
4 0.784375 0.553125 0.0109375 0.0109375
4 0.790625 0.54453125 0.0109375 0.015625
4 0.7953125 0.52109375 0.00859375 0.01015625
4 0.79296875 0.528125 0.01015625 0.00625
4 0.79140625 0.53359375 0.009375 0.00859375
4 0.8265625 0.60078125 0.0109375 0.01171875
4 0.8140625 0.640625 0.01171875 0.00859375
4 0.81953125 0.62578125 0.01015625 0.01328125
4 0.80625 0.65625 0.009375 0.01484375
4 0.80078125 0.66953125 0.01015625 0.0109375
4 0.796875 0.68125 0.009375 0.0140625
4 0.77421875 0.74375 0.0109375 0.009375
4 0.7796875 0.73359375 0.009375 0.0109375
4 0.78125 0.7234375 0.009375 0.0109375
4 0.78828125 0.70625 0.01015625 0.009375
4 0.778125 0.56328125 0.01015625 0.01171875
4 0.775 0.57109375 0.009375 0.009375
4 0.7734375 0.578125 0.009375 0.01015625
4 0.86953125 0.4515625 0.00859375 0.02109375
4 0.884375 0.440625 0.00859375 0.01875
4 0.88984375 0.43359375 0.0109375 0.015625
4 0.89375 0.42578125 0.01171875 0.0140625
4 0.90390625 0.39453125 0.00703125 0.0203125
4 0.9078125 0.38203125 0.00625 0.01875
4 0.97890625 0.26640625 0.01640625 0.01796875
4 0.934375 0.33203125 0.00859375 0.0203125
4 0.921875 0.35078125 0.00703125 0.01875
4 0.7859375 0.02265625 0.00546875 0.02109375
4 0.77890625 0.03046875 0.00703125 0.02109375
4 0.728125 0.08984375 0.00703125 0.021875
4 0.6953125 0.10390625 0.00625 0.01953125
4 0.68984375 0.10390625 0.00546875 0.0203125
4 0.684375 0.11015625 0.00625 0.0234375
4 0.68046875 0.13046875 0.01015625 0.01484375
4 0.67890625 0.1109375 0.00546875 0.0203125
4 0.67265625 0.11796875 0.00625 0.02109375
4 0.66796875 0.12109375 0.00625 0.01953125
4 0.66328125 0.12265625 0.00546875 0.01953125
4 0.65703125 0.12421875 0.00546875 0.02109375
4 0.65078125 0.12734375 0.00703125 0.0203125
4 0.61171875 0.15625 0.00703125 0.01875
4 0.61171875 0.1296875 0.009375 0.01953125
4 0.596875 0.17421875 0.00625 0.01875
4 0.5921875 0.17109375 0.00546875 0.02109375
4 0.5859375 0.1859375 0.009375 0.01640625
4 0.578125 0.18359375 0.00703125 0.0203125
4 0.55625 0.18359375 0.00625 0.01953125
4 0.5515625 0.1875 0.00859375 0.01953125
4 0.515625 0.2453125 0.00859375 0.01640625
4 0.4859375 0.2609375 0.00703125 0.01875
4 0.4390625 0.28828125 0.00625 0.0203125
4 0.43203125 0.284375 0.0046875 0.021875
4 0.41484375 0.2734375 0.00546875 0.01796875
4 0.409375 0.2609375 0.00703125 0.01796875
4 0.40859375 0.240625 0.01171875 0.0109375
4 0.39453125 0.23046875 0.00859375 0.01953125
4 0.3890625 0.209375 0.009375 0.009375
4 0.390625 0.18828125 0.009375 0.01796875
4 0.3546875 0.04609375 0.00859375 0.02421875
4 0.36328125 0.05703125 0.01015625 0.01796875
4 0.34375 0.034375 0.00703125 0.01953125
4 0.34453125 0.009375 0.0109375 0.01796875
4 0.37734375 0.078125 0.00703125 0.015625
4 0.371875 0.0734375 0.009375 0.0203125
4 0.38125 0.0984375 0.00859375 0.01484375
4 0.384375 0.1125 0.00703125 0.01796875
4 0.378125 0.11640625 0.00625 0.01796875
4 0.37890625 0.1375 0.00859375 0.021875
4 0.34609375 0.06796875 0.00859375 0.01640625
4 0.36484375 0.09375 0.00859375 0.01796875
4 0.359375 0.084375 0.00703125 0.01953125
4 0.34921875 0.09296875 0.00703125 0.0203125
4 0.35390625 0.0984375 0.00625 0.0203125
4 0.36796875 0.11328125 0.00625 0.01875
4 0.3609375 0.1140625 0.00703125 0.01640625
4 0.32421875 0.06640625 0.009375 0.01328125
4 0.33203125 0.05625 0.00703125 0.01640625
4 0.33515625 0.06171875 0.00703125 0.01875
4 0.33125 0.078125 0.00625 0.0140625
4 0.3140625 0.08359375 0.01015625 0.01875
4 0.31953125 0.0921875 0.009375 0.01953125
4 0.32578125 0.0953125 0.00703125 0.01640625
4 0.34140625 0.1 0.00703125 0.02109375
4 0.346875 0.10703125 0.00703125 0.01640625
4 0.340625 0.1234375 0.00703125 0.01796875
4 0.35 0.13359375 0.00625 0.01640625
4 0.34453125 0.13203125 0.00703125 0.01953125
4 0.30859375 0.58203125 0.009375 0.021875
4 0.26875 0.74296875 0.009375 0.0234375
4 0.2734375 0.865625 0.01015625 0.01875
2 0.3265625 0.9125 0.015625 0.0359375
3 0.31875 0.83828125 0.0140625 0.03046875
3 0.27734375 0.67109375 0.01484375 0.03046875
4 0.24375 0.80625 0.009375 0.01484375
4 0.22578125 0.8359375 0.01015625 0.01328125
4 0.228125 0.821875 0.01015625 0.01015625
4 0.24375 0.76953125 0.00859375 0.009375