1 0.228125 0.64765625 0.05546875 0.0265625
1 0.284375 0.64375 0.053125 0.028125
2 0.021875 0.70546875 0.02109375 0.01875
2 0.06328125 0.6984375 0.021875 0.01796875
0 0.1234375 0.68828125 0.015625 0.01640625
0 0.05625 0.75703125 0.01796875 0.01484375
4 0.05078125 0.7796875 0.01328125 0.009375
1 0.059375 0.8296875 0.05859375 0.03046875
4 0.0609375 0.88984375 0.01328125 0.00859375
4 0.115625 0.92890625 0.01015625 0.0109375
0 0.146875 0.93046875 0.01484375 0.01640625
3 0.15234375 0.85390625 0.02578125 0.0203125
2 0.24140625 0.75859375 0.01875 0.0203125
4 0.28046875 0.771875 0.01171875 0.0109375
4 0.31171875 0.8640625 0.01171875 0.01171875
2 0.35703125 0.7890625 0.01953125 0.01796875
4 0.40390625 0.6609375 0.01171875 0.0109375
2 0.44609375 0.9015625 0.021875 0.02109375
2 0.4734375 0.86796875 0.021875 0.02109375
3 0.5296875 0.878125 0.01953125 0.021875
2 0.5171875 0.8203125 0.0109375 0.03984375
4 0.4765625 0.778125 0.00546875 0.0203125
2 0.52578125 0.76796875 0.01640625 0.034375
4 0.57578125 0.765625 0.01015625 0.0109375
4 0.596875 0.7578125 0.01015625 0.0109375
4 0.54921875 0.69296875 0.00703125 0.01640625
2 0.52578125 0.62421875 0.01171875 0.03984375
4 0.484375 0.559375 0.00546875 0.01953125
4 0.528125 0.50546875 0.00546875 0.0203125
2 0.5234375 0.33203125 0.0109375 0.04453125
4 0.53359375 0.265625 0.00625 0.0203125
2 0.52421875 0.1765625 0.01171875 0.04375
4 0.48046875 0.09296875 0.00625 0.02109375
4 0.57421875 0.65390625 0.0109375 0.01171875
4 0.63671875 0.68046875 0.01171875 0.00859375
5 0.60546875 0.85859375 0.0296875 0.028125
0 0.6515625 0.8953125 0.0140625 0.015625
4 0.703125 0.84453125 0.01015625 0.01171875
4 0.76796875 0.85 0.0140625 0.0109375
4 0.82421875 0.8515625 0.0140625 0.01171875
2 0.7640625 0.88203125 0.0234375 0.021875
2 0.84375 0.88359375 0.0234375 0.01796875
3 0.87734375 0.86171875 0.02890625 0.0234375
2 0.93359375 0.85625 0.02421875 0.02109375
2 0.915625 0.79453125 0.025 0.0234375
4 0.73125 0.678125 0.00859375 0.0109375
4 0.74921875 0.6796875 0.01015625 0.00859375
4 0.74609375 0.7015625 0.0109375 0.00859375
4 0.7921875 0.715625 0.0109375 0.0109375
0 0.8140625 0.70390625 0.01484375 0.01484375
4 0.9234375 0.71171875 0.01015625 0.0109375
4 0.83359375 0.73125 0.00859375 0.00859375