0 0.19921875 0.7734375 0.0234375 0.0296875
4 0.09453125 0.9265625 0.01328125 0.015625
4 0.259375 0.88046875 0.01796875 0.0234375
4 0.371875 0.8390625 0.01640625 0.021875
4 0.39921875 0.83671875 0.01796875 0.0203125
4 0.39609375 0.89296875 0.01171875 0.01796875
4 0.4234375 0.88828125 0.01640625 0.02109375
4 0.4359375 0.83125 0.01171875 0.02578125
4 0.44296875 0.75078125 0.01484375 0.02578125
4 0.5015625 0.89609375 0.01484375 0.02421875
4 0.47578125 0.78203125 0.0109375 0.021875
4 0.5078125 0.721875 0.01171875 0.021875
4 0.515625 0.7125 0.0109375 0.02890625
4 0.5109375 0.75 0.01015625 0.02109375
4 0.4625 0.61796875 0.00859375 0.028125
2 0.35390625 0.7984375 0.025 0.0265625
4 0.53203125 0.09375 0.01015625 0.028125
4 0.5109375 0.58359375 0.00859375 0.0234375
3 0.49140625 0.746875 0.01484375 0.03515625
6 0.58203125 0.8640625 0.053125 0.0359375
4 0.65390625 0.7640625 0.0140625 0.0140625
4 0.7109375 0.81171875 0.01484375 0.01796875
4 0.65546875 0.84375 0.0140625 0.0140625
4 0.66328125 0.89609375 0.01171875 0.0140625
4 0.6875 0.909375 0.0140625 0.01875
0 0.790625 0.765625 0.01875 0.021875
4 0.4703125 0.5359375 0.00703125 0.02109375