2 0.390625 0.69140625 0.01953125 0.03828125
0 0.371875 0.653125 0.01171875 0.03515625
0 0.4796875 0.65703125 0.01640625 0.0265625
0 0.6109375 0.76484375 0.0140625 0.0265625
2 0.63359375 0.75 0.025 0.04140625
2 0.66875 0.803125 0.0203125 0.0265625
6 0.6796875 0.7375 0.04921875 0.06875
0 0.603125 0.478125 0.01328125 0.0359375
0 0.446875 0.32578125 0.01796875 0.021875
0 0.778125 0.278125 0.01875 0.025
0 0.96328125 0.1578125 0.02109375 0.0265625
0 0.86796875 0.06640625 0.021875 0.0296875
0 0.7375 0.15625 0.025 0.0296875
3 0.24609375 0.859375 0.0203125 0.03828125
3 0.2515625 0.80703125 0.01875 0.03671875
2 0.34140625 0.20859375 0.0203125 0.034375
2 0.303125 0.11875 0.02109375 0.03515625
2 0.1859375 0.1328125 0.021875 0.03125
2 0.596875 0.21640625 0.0203125 0.0265625
2 0.546875 0.24609375 0.02578125 0.03203125
3 0.590625 0.70859375 0.02890625 0.04375
3 0.7265625 0.6734375 0.0203125 0.03203125
0 0.82734375 0.915625 0.01875 0.02578125
4 0.54453125 0.39765625 0.0140625 0.01171875
4 0.5234375 0.36640625 0.00859375 0.03203125
4 0.51015625 0.34375 0.01328125 0.03046875
4 0.58515625 0.29609375 0.01015625 0.0296875
4 0.6625 0.21328125 0.01640625 0.025
4 0.63046875 0.221875 0.01328125 0.01796875
4 0.69921875 0.36171875 0.01640625 0.01640625
4 0.70078125 0.33203125 0.0140625 0.01640625
4 0.6515625 0.3765625 0.01328125 0.02109375
4 0.634375 0.37109375 0.01640625 0.02109375
4 0.621875 0.3484375 0.015625 0.01796875
4 0.54140625 0.48125 0.0109375 0.02578125
4 0.528125 0.51875 0.01015625 0.0359375
4 0.521875 0.47109375 0.01015625 0.02578125
4 0.50390625 0.484375 0.01171875 0.025
4 0.4984375 0.5515625 0.01328125 0.021875
4 0.503125 0.59765625 0.0140625 0.021875
4 0.47578125 0.559375 0.01484375 0.015625
4 0.43671875 0.5078125 0.01171875 0.02109375
4 0.41171875 0.46171875 0.0140625 0.02421875
4 0.428125 0.4375 0.01171875 0.0296875
4 0.3984375 0.31328125 0.01484375 0.025
4 0.31796875 0.315625 0.015625 0.0234375
4 0.32109375 0.2875 0.01171875 0.02109375
4 0.3015625 0.25078125 0.01484375 0.01796875
4 0.25859375 0.08125 0.015625 0.025
3 0.7046875 0.62890625 0.0234375 0.03984375
3 0.68125 0.5859375 0.0203125 0.04453125
3 0.66875 0.4359375 0.03203125 0.04296875
3 0.7934169484375 0.3266059078125 0.7982346140625001 0.3477408109375 0.8216806421875 0.330033196875 0.8146978140625001 0.310279515625 0.7934169484375 0.3266059078125
2 0.61796875 0.15859375 0.01640625 0.03984375
2 0.65703125 0.146875 0.0203125 0.0359375
3 0.24921875 0.24140625 0.01875 0.03125
3 0.18515625 0.2140625 0.0203125 0.03515625
2 0.328125 0.92265625 0.0140625 0.03671875
4 0.8765625 0.2359375 0.01484375 0.0234375
4 0.85546875 0.22890625 0.01328125 0.02890625
4 0.8125 0.11484375 0.01328125 0.01953125
4 0.8234375 0.096875 0.01484375 0.01875
4 0.8265625 0.07890625 0.01171875 0.021875
4 0.79609375 0.06328125 0.01640625 0.0234375
2 0.86171875 0.28359375 0.02578125 0.03515625
2 0.84296875 0.384375 0.02578125 0.04296875
3 0.83359375 0.30390625 0.03046875 0.04296875
3 0.8640625 0.3328125 0.0296875 0.065625
3 0.82109375 0.44296875 0.03046875 0.06796875
3 0.73203125 0.38671875 0.0265625 0.03359375
2 0.725 0.96015625 0.0234375 0.0296875
4 0.659375 0.81875 0.01171875 0.01796875
4 0.66640625 0.8390625 0.009375 0.01875
4 0.67578125 0.834375 0.01328125 0.01640625
4 0.7109375 0.8765625 0.01328125 0.01875
4 0.71875 0.90234375 0.01328125 0.01953125
4 0.71953125 0.93046875 0.01171875 0.0203125
4 0.79453125 0.89296875 0.0109375 0.01953125
4 0.784375 0.965625 0.0140625 0.0203125
4 0.809375 0.98203125 0.015625 0.0203125
4 0.853125 0.9734375 0.01171875 0.021875
4 0.865625 0.96484375 0.0109375 0.01796875
4 0.76953125 0.86328125 0.0109375 0.0234375
4 0.7765625 0.8453125 0.015625 0.01875
4 0.77578125 0.8234375 0.01328125 0.02109375
4 0.77265625 0.74140625 0.01171875 0.01328125
4 0.80078125 0.5703125 0.01328125 0.0234375
4 0.78125 0.54921875 0.01328125 0.015625
4 0.78671875 0.540625 0.0109375 0.015625
4 0.82578125 0.596875 0.01171875 0.01484375
2 0.75546875 0.62734375 0.0234375 0.04140625
3 0.62890625 0.50703125 0.021875 0.03359375
4 0.64453125 0.46015625 0.0140625 0.015625
4 0.69375 0.39296875 0.015625 0.01796875
2 0.5140625 0.2765625 0.02578125 0.034375
4 0.44140625 0.3453125 0.01171875 0.01640625
4 0.38984375 0.5546875 0.01328125 0.015625
4 0.3953125 0.53203125 0.01171875 0.01953125
4 0.40078125 0.49140625 0.01015625 0.025
4 0.3875 0.51953125 0.0140625 0.02421875
4 0.359375 0.62109375 0.01328125 0.02109375
4 0.30859375 0.659375 0.009375 0.02421875
4 0.28828125 0.70234375 0.0109375 0.028125
4 0.3109375 0.68203125 0.0109375 0.01875
4 0.3234375 0.6796875 0.009375 0.02578125
4 0.3359375 0.68203125 0.009375 0.02109375
4 0.3015625 0.7625 0.009375 0.028125
4 0.284375 0.8359375 0.01015625 0.028125
4 0.27890625 0.79296875 0.01015625 0.0234375
4 0.27109375 0.8765625 0.01328125 0.02421875
4 0.3015625 0.9359375 0.01171875 0.02421875
4 0.284375 0.96796875 0.009375 0.0234375
2 0.2109375 0.946875 0.01640625 0.0484375
4 0.33046875 0.82734375 0.0140625 0.0296875
4 0.2984375 0.98828125 0.0109375 0.021875
4 0.3171875 0.95703125 0.009375 0.01953125
4 0.4265625 0.63515625 0.0140625 0.01640625
4 0.4484375 0.59140625 0.0109375 0.01640625
4 0.44375 0.653125 0.0109375 0.015625
4 0.428125 0.66640625 0.009375 0.0140625
4 0.40859375 0.68515625 0.009375 0.01875
4 0.50625 0.66640625 0.01328125 0.0140625
4 0.55078125 0.65078125 0.00859375 0.02109375
4 0.56640625 0.6734375 0.00703125 0.02578125
4 0.55703125 0.6859375 0.01171875 0.028125
4 0.52890625 0.64609375 0.01328125 0.01953125
4 0.5359375 0.70625 0.01328125 0.02109375
4 0.5921875 0.6015625 0.01484375 0.01328125
4 0.60625 0.65 0.0109375 0.01796875
4 0.62421875 0.6609375 0.01171875 0.01953125
4 0.63203125 0.621875 0.00859375 0.01796875
3 0.51796875 0.70703125 0.02578125 0.03359375
4 0.49609375 0.38203125 0.0140625 0.01796875
4 0.46328125 0.3796875 0.01171875 0.01640625
4 0.47578125 0.39375 0.01015625 0.01875
4 0.45234375 0.4046875 0.0140625 0.01796875
2 0.31875 0.35 0.01875 0.03671875
6 0.18828125 0.25703125 0.0265625 0.0484375
4 0.24453125 0.17109375 0.01171875 0.01875
4 0.19375 0.17109375 0.01171875 0.015625
4 0.19296875 0.15625 0.01328125 0.01484375
4 0.171875 0.11796875 0.01015625 0.01875
4 0.38046875 0.1203125 0.00859375 0.01953125
4 0.37421875 0.10625 0.00859375 0.01875
4 0.3671875 0.0796875 0.01015625 0.01875
4 0.35859375 0.06328125 0.0109375 0.01875
4 0.34921875 0.0546875 0.0140625 0.01953125
4 0.3390625 0.04375 0.01015625 0.01875
4 0.33828125 0.07421875 0.009375 0.01796875
4 0.32578125 0.0640625 0.00625 0.01953125
4 0.31953125 0.0734375 0.009375 0.0109375
4 0.371875 0.14375 0.00703125 0.01953125
4 0.3671875 0.13359375 0.00703125 0.0203125
4 0.36171875 0.121875 0.00859375 0.01796875
4 0.35546875 0.121875 0.00703125 0.015625
4 0.35859375 0.10078125 0.00859375 0.015625
4 0.3859375 0.19453125 0.009375 0.02109375
4 0.39609375 0.24140625 0.009375 0.01875
4 0.35 0.26171875 0.0109375 0.01640625
4 0.32421875 0.2171875 0.01328125 0.01953125
4 0.4859375 0.29921875 0.009375 0.021875
4 0.46875 0.28203125 0.009375 0.015625
4 0.43359375 0.29375 0.00546875 0.02109375
4 0.43671875 0.3109375 0.01171875 0.01328125
4 0.453125 0.29921875 0.009375 0.015625
4 0.459375 0.3015625 0.00859375 0.01953125
4 0.41796875 0.303125 0.01171875 0.0140625
2 0.39921875 0.146875 0.01953125 0.03671875
4 0.3109375 0.9484375 0.00703125 0.0203125
4 0.228125 0.83203125 0.01171875 0.00703125
4 0.23515625 0.80234375 0.0109375 0.00859375
4 0.23359375 0.81171875 0.01171875 0.0109375
4 0.24453125 0.77109375 0.01328125 0.009375
4 0.29609375 0.61015625 0.009375 0.01953125
4 0.3046875 0.6171875 0.00859375 0.0203125
4 0.30078125 0.43828125 0.009375 0.01875
3 0.27578125 0.68125 0.01484375 0.03203125
3 0.22890625 0.290625 0.025 0.04375
3 0.2078125 0.25703125 0.021875 0.03984375
3 0.2140625 0.284375 0.0203125 0.0390625
6 0.07109375 0.03984375 0.03515625 0.06171875
4 0.1109375 0.1265625 0.00703125 0.0203125
4 0.1390625 0.1875 0.00703125 0.015625
4 0.1421875 0.1921875 0.00859375 0.01796875
4 0.3078125 0.58125 0.00859375 0.01875
4 0.30625 0.6 0.009375 0.015625
4 0.28203125 0.653125 0.00703125 0.01875
4 0.23828125 0.79453125 0.0109375 0.01015625
4 0.22421875 0.846875 0.01328125 0.0109375
4 0.24453125 0.97578125 0.01015625 0.01796875
4 0.334375 0.39609375 0.00625 0.01953125
0 0.3421875 0.3984375 0.01015625 0.03046875
4 0.30625 0.08203125 0.00859375 0.01953125
4 0.315625 0.0796875 0.009375 0.01328125
4 0.3296875 0.06953125 0.00703125 0.01875
4 0.31484375 0.1 0.00859375 0.01796875
4 0.31875 0.10390625 0.00703125 0.01796875
4 0.35390625 0.09140625 0.00703125 0.015625
4 0.334375 0.10859375 0.00859375 0.01875
4 0.34375 0.14296875 0.00859375 0.01875
4 0.36015625 0.18515625 0.0046875 0.02109375
4 0.34453125 0.178125 0.00703125 0.0234375
4 0.34453125 0.0984375 0.009375 0.01640625
4 0.3484375 0.10625 0.00703125 0.01640625
4 0.340625 0.1140625 0.00625 0.0140625
4 0.34140625 0.128125 0.00625 0.015625
4 0.334375 0.13125 0.00625 0.01796875
4 0.3265625 0.115625 0.00703125 0.0203125
4 0.61171875 0.52578125 0.01171875 0.01484375
3 0.51796875 0.2203125 0.0234375 0.02578125
4 0.54609375 0.19140625 0.00546875 0.015625
4 0.55078125 0.18671875 0.00546875 0.015625
4 0.55859375 0.20234375 0.00546875 0.01796875
4 0.565625 0.19765625 0.00546875 0.01875
4 0.571875 0.19453125 0.00625 0.01875
4 0.5859375 0.19765625 0.0046875 0.01953125
4 0.5921875 0.178125 0.00546875 0.01875
4 0.59921875 0.17265625 0.00546875 0.01640625
4 0.60546875 0.13203125 0.00546875 0.01796875
4 0.60625 0.15703125 0.00546875 0.01796875
4 0.58671875 0.17421875 0.00625 0.01875
4 0.58046875 0.18671875 0.00703125 0.01875
4 0.63203125 0.165625 0.00546875 0.01875
4 0.6265625 0.140625 0.00703125 0.01796875
4 0.6375 0.13203125 0.00859375 0.01640625
4 0.6453125 0.13046875 0.00546875 0.01796875
4 0.6515625 0.12578125 0.0046875 0.01953125
4 0.65703125 0.12265625 0.0046875 0.015625
4 0.66171875 0.12265625 0.00546875 0.01640625
4 0.671875 0.11171875 0.0046875 0.01796875
4 0.6765625 0.1140625 0.00546875 0.01875
4 0.68046875 0.11015625 0.0046875 0.0203125
4 0.68515625 0.10625 0.0046875 0.01796875
3 0.61796875 0.490625 0.01640625 0.02421875
3 0.62734375 0.5421875 0.01796875 0.02578125
3 0.66484375 0.5609375 0.01796875 0.02890625
3 0.66953125 0.58046875 0.01484375 0.0265625
3 0.69609375 0.4171875 0.0265625 0.040625
4 0.7484375 0.371875 0.009375 0.02109375
4 0.76015625 0.0390625 0.00703125 0.0203125
4 0.76796875 0.03359375 0.00703125 0.025
4 0.7734375 0.0265625 0.00703125 0.021875
4 0.70703125 0.9734375 0.01328125 0.01796875
4 0.6046875 0.8421875 0.00703125 0.01796875
4 0.5984375 0.8390625 0.00703125 0.01953125
4 0.42421875 0.6890625 0.009375 0.01484375
4 0.403125 0.7421875 0.01015625 0.009375
4 0.77109375 0.5765625 0.009375 0.0109375
4 0.778125 0.5625 0.01171875 0.01015625
4 0.80625 0.646875 0.01171875 0.01328125
4 0.8125 0.63828125 0.01015625 0.0109375
4 0.815625 0.63203125 0.01015625 0.01171875
4 0.8171875 0.62421875 0.0109375 0.01171875
4 0.7890625 0.53203125 0.01171875 0.01015625
4 0.79375 0.51953125 0.01328125 0.0140625
4 0.80859375 0.48125 0.0140625 0.01171875
3 0.803125 0.50234375 0.01640625 0.028125
4 0.9015625 0.3890625 0.01015625 0.021875
4 0.8859375 0.409375 0.01171875 0.0140625
4 0.88828125 0.42890625 0.01328125 0.015625
4 0.8640625 0.46875 0.009375 0.01796875
4 0.8640625 0.48515625 0.0109375 0.01171875
4 0.84453125 0.4953125 0.00859375 0.01953125
4 0.971875 0.25703125 0.0140625 0.01953125
4 0.91875 0.34453125 0.00859375 0.01640625
4 0.92890625 0.32890625 0.01171875 0.0203125
4 0.78125 0.7234375 0.009375 0.01015625
4 0.78359375 0.715625 0.01015625 0.01328125
4 0.7890625 0.70703125 0.01328125 0.01328125
4 0.79375 0.68984375 0.0140625 0.01015625
4 0.79609375 0.67890625 0.00859375 0.015625
4 0.77265625 0.7671875 0.01171875 0.015625
4 0.7734375 0.75234375 0.01171875 0.01328125
4 0.778125 0.73203125 0.01171875 0.01171875
2 0.71953125 0.8625 0.028125 0.03203125
3 0.68984375 0.609375 0.01953125 0.0296875
3 0.71484375 0.646875 0.02578125 0.03828125
4 0.53828125 0.27421875 0.01171875 0.02421875
4 0.51171875 0.25 0.00703125 0.01484375
4 0.5015625 0.26171875 0.00546875 0.01640625
4 0.49609375 0.27421875 0.0046875 0.01796875
4 0.49296875 0.27578125 0.00546875 0.01953125
4 0.4515625 0.28671875 0.009375 0.01796875
4 0.4609375 0.2796875 0.00625 0.0203125
4 0.44296875 0.29296875 0.00546875 0.01796875
4 0.4390625 0.29140625 0.00625 0.01796875
4 0.40546875 0.26171875 0.009375 0.0203125
4 0.409375 0.275 0.00859375 0.01953125
4 0.428125 0.29609375 0.0046875 0.02421875