3 0.23671875 0.678125 0.02109375 0.0203125
3 0.18203125 0.75703125 0.0203125 0.01875
0 0.01875 0.76640625 0.01640625 0.0140625
3 0.16640625 0.659375 0.0203125 0.01875
2 0.0375 0.71171875 0.025 0.02109375
3 0.02109375 0.696875 0.01328125 0.015625
0 0.25390625 0.73828125 0.015625 0.01484375
4 0.26171875 0.59609375 0.0140625 0.01484375
4 0.2734375 0.57109375 0.0140625 0.01484375
4 0.29921875 0.51796875 0.01171875 0.01171875
0 0.39140625 0.33046875 0.015625 0.0140625
0 0.29375 0.6734375 0.01484375 0.01328125
4 0.30703125 0.56015625 0.0109375 0.0203125
0 0.36328125 0.5234375 0.01640625 0.0203125
0 0.50625 0.37421875 0.01328125 0.01953125
0 0.5765625 0.496875 0.01328125 0.01875
0 0.5875 0.4578125 0.01328125 0.01953125
0 0.54296875 0.4453125 0.01171875 0.01640625
0 0.5359375 0.640625 0.01171875 0.015625
0 0.5703125 0.61875 0.01484375 0.0234375
0 0.58828125 0.34921875 0.01171875 0.0140625
0 0.6515625 0.2640625 0.009375 0.02109375
2 0.653125 0.234375 0.01484375 0.01796875
0 0.69453125 0.15390625 0.01171875 0.02890625
0 0.69140625 0.21953125 0.015625 0.0234375
0 0.69453125 0.18125 0.0140625 0.0265625
3 0.7421875 0.06796875 0.0109375 0.02109375
0 0.71171875 0.1109375 0.0140625 0.01484375
4 0.7765625 0.2296875 0.009375 0.02421875
0 0.915625 0.03125 0.0140625 0.0296875
2 0.7152282984375 0.6203381140625 0.6995159125 0.6026841328125 0.6966995265625 0.61243334375 0.7105104484375 0.630788209375 0.7152282984375 0.6203381140625
0 0.652288809375 0.5409395499999999 0.647841903125 0.52855540625 0.6318330390625 0.5456824109375 0.63558835 0.5578299624999999 0.652288809375 0.5409395499999999
2 0.28553075156249996 0.6708036515625 0.28395445625 0.65851796875 0.26225014999999996 0.6669239640625 0.26395124375 0.680531628125 0.28553075156249996 0.6708036515625
0 0.023097778125000003 0.7423042093750001 0.007456128125 0.7470460437499999 0.0086686609375 0.7591161828125 0.0244315671875 0.7543743484375 0.023097778125000003 0.7423042093750001
4 0.07890625 0.68359375 0.0140625 0.01015625
4 0.34375 0.62109375 0.009375 0.009375
4 0.27109375 0.64921875 0.0109375 0.01171875
4 0.35546875 0.56171875 0.009375 0.01171875
4 0.240625 0.58828125 0.01171875 0.01328125
4 0.22421875 0.63828125 0.01171875 0.009375
4 0.40859375 0.503125 0.0109375 0.01484375
4 0.459375 0.41328125 0.01015625 0.01484375
4 0.42421875 0.4515625 0.01015625 0.0140625
4 0.41796875 0.3890625 0.01171875 0.01328125
0 0.484375 0.409375 0.015625 0.01484375
4 0.396875 0.46328125 0.01328125 0.01484375
4 0.46171875 0.35859375 0.01015625 0.01796875
4 0.3265625 0.32421875 0.00859375 0.01484375
4 0.2484375 0.23671875 0.01171875 0.01171875
0 0.30859375 0.30546875 0.0109375 0.01796875
0 0.29296875 0.4859375 0.01171875 0.0140625
0 0.15546875 0.359375 0.0109375 0.015625
4 0.128125 0.30625 0.0109375 0.0140625
2 0.20078125 0.39453125 0.01953125 0.0296875
2 0.32578125 0.44921875 0.0234375 0.03125
4 0.34140625 0.35078125 0.01796875 0.025
4 0.53125 0.41015625 0.01171875 0.0140625
4 0.5890625 0.51640625 0.01171875 0.01640625
4 0.6234375 0.6359375 0.01015625 0.01875
4 0.5984375 0.60546875 0.0140625 0.01328125
4 0.596875 0.5 0.0109375 0.01640625
4 0.578125 0.603125 0.0109375 0.015625
4 0.5921875 0.47734375 0.01171875 0.01328125
4 0.5890625 0.48671875 0.01328125 0.01171875
0 0.59375 0.7 0.01328125 0.0234375
4 0.60859375 0.4515625 0.01015625 0.015625
4 0.59375 0.440625 0.009375 0.01171875
4 0.83828125 0.77578125 0.01015625 0.01875
4 0.86796875 0.834375 0.01171875 0.01953125
2 0.6875 0.596875 0.01796875 0.0234375
0 0.6805659453125 0.78416365625 0.6836859859375 0.77792424375 0.6761835234375 0.7694424890625 0.673155853125 0.7758444359375 0.6805659453125 0.78416365625
0 0.8265625 0.73828125 0.01796875 0.0265625
4 0.9328125 0.896875 0.01796875 0.0203125
4 0.89140625 0.8484375 0.009375 0.0140625
4 0.89921875 0.83828125 0.01171875 0.0140625
4 0.92578125 0.8609375 0.0109375 0.01796875
4 0.75234375 0.871875 0.01171875 0.01875
4 0.9890625 0.92890625 0.00859375 0.01875
0 0.790625 0.740625 0.01640625 0.025
4 0.76796875 0.87578125 0.01171875 0.01328125
4 0.73828125 0.8125 0.00859375 0.01171875
2 0.8359375 0.94140625 0.02109375 0.02578125
0 0.7078125 0.45703125 0.01015625 0.021875
0 0.703125 0.43515625 0.009375 0.01953125
0 0.76875 0.353125 0.00859375 0.01875
4 0.703125 0.4015625 0.00703125 0.015625
4 0.8140625 0.178125 0.0109375 0.01171875
2 0.75546875 0.69609375 0.01015625 0.03359375
4 0.54609375 0.403125 0.01171875 0.0109375
0 0.67890625 0.45625 0.0109375 0.02421875
0 0.60546875 0.31640625 0.01640625 0.02421875
2 0.446875 0.54609375 0.01875 0.0234375
2 0.41484375 0.521875 0.01953125 0.02421875
3 0.45625 0.57421875 0.01640625 0.01953125
2 0.50234375 0.61640625 0.02109375 0.021875
3 0.5109375 0.640625 0.01796875 0.0234375
0 0.4875 0.58671875 0.015625 0.021875
0 0.48359375 0.50625 0.01015625 0.02421875
0 0.49375 0.48125 0.0109375 0.02421875
0 0.46953125 0.61875 0.01875 0.0203125
0 0.49375 0.6390625 0.0140625 0.01484375
0 0.5 0.659375 0.01484375 0.01796875
4 0.52109375 0.66171875 0.00859375 0.01171875
4 0.50625 0.5109375 0.0109375 0.02109375
4 0.50390625 0.5859375 0.01171875 0.02109375
4 0.48828125 0.5484375 0.009375 0.025
4 0.5171875 0.59375 0.00859375 0.01640625
4 0.521875 0.62421875 0.009375 0.01484375
4 0.534375 0.62734375 0.01015625 0.0109375
4 0.534375 0.471875 0.00859375 0.0203125
4 0.55859375 0.48046875 0.00703125 0.01640625
4 0.56328125 0.475 0.00703125 0.01796875
4 0.54140625 0.41953125 0.009375 0.01015625
4 0.51171875 0.4296875 0.0109375 0.0109375
3 0.52578125 0.440625 0.0140625 0.021875
2 0.527565653125 0.477259425 0.5113835718749999 0.4685271578125 0.5082049515625 0.4890736609375 0.5246759953125 0.4942102859375 0.527565653125 0.477259425
6 0.5605077625 0.49369666875 0.541436021875 0.47982773749999996 0.538257403125 0.4926693015625 0.557907065625 0.5096201625 0.5605077625 0.49369666875
4 0.6984375 0.77421875 0.00703125 0.01640625
4 0.690625 0.80546875 0.01171875 0.01328125
3 0.6765625 0.80859375 0.0140625 0.01953125
2 0.6375 0.7203125 0.01796875 0.0265625
0 0.61796875 0.73125 0.015625 0.0140625
4 0.603125 0.68984375 0.01015625 0.015625
4 0.553125 0.69921875 0.01171875 0.01171875
4 0.5671875 0.721875 0.01171875 0.01328125
4 0.53828125 0.68359375 0.01328125 0.015625
4 0.52734375 0.68203125 0.01015625 0.01484375
4 0.59921875 0.72109375 0.01171875 0.01171875
4 0.6078125 0.709375 0.00859375 0.0140625
4 0.6609375 0.72578125 0.00859375 0.015625
4 0.66875 0.75234375 0.01328125 0.01171875
4 0.640625 0.74296875 0.01015625 0.01328125
4 0.3875 0.54140625 0.00703125 0.01328125
4 0.39140625 0.55859375 0.00625 0.025
4 0.39921875 0.5578125 0.00859375 0.01484375
2 0.3890625 0.51640625 0.01875 0.02421875
4 0.34375 0.490625 0.01484375 0.01796875
2 0.246875 0.37578125 0.01640625 0.02890625
2 0.134375 0.3375 0.0203125 0.0234375
2 0.27421875 0.52890625 0.025 0.01640625
0 0.21953125 0.55703125 0.0109375 0.0203125
0 0.41796875 0.5875 0.0140625 0.02109375
4 0.41171875 0.56796875 0.01171875 0.015625
4 0.403125 0.54453125 0.009375 0.01484375
4 0.34140625 0.51796875 0.0109375 0.01875
2 0.44140625 0.65078125 0.0203125 0.01953125
3 0.43359375 0.6234375 0.015625 0.01953125
4 0.45625 0.62578125 0.00859375 0.015625
4 0.45625 0.640625 0.009375 0.0109375
0 0.51328125 0.56953125 0.0109375 0.021875
3 0.4390625 0.471875 0.0265625 0.03515625
2 0.5171875 0.4546875 0.02578125 0.028125
2 0.56953125 0.5171875 0.015625 0.03046875
1 0.559375 0.58359375 0.05390625 0.0703125
1 0.609375 0.5203125 0.04296875 0.0796875
1 0.62421875 0.671875 0.04296875 0.06015625