6 0.3609375 0.41484375 0.02421875 0.0453125
4 0.55546875 0.51328125 0.0140625 0.03359375
4 0.52890625 0.41328125 0.015625 0.034375
4 0.51875 0.3640625 0.01953125 0.03046875
4 0.5046875 0.31953125 0.01171875 0.034375
4 0.51796875 0.32109375 0.01171875 0.03046875
0 0.4703125 0.25703125 0.025 0.0359375
4 0.44453125 0.24453125 0.01328125 0.02890625
4 0.52578125 0.234375 0.01796875 0.021875
4 0.565625 0.221875 0.0140625 0.02578125
4 0.58671875 0.271875 0.01328125 0.02890625
4 0.6234375 0.353125 0.0140625 0.02421875
0 0.484375 0.45703125 0.021875 0.025
0 0.54375 0.4484375 0.0203125 0.03671875
0 0.5359375 0.50625 0.01796875 0.046875
2 0.715625 0.3609375 0.025 0.025
2 0.66640625 0.37890625 0.02421875 0.0234375
2 0.6390625 0.3765625 0.02578125 0.03125
2 0.65078125 0.35546875 0.0265625 0.03203125
4 0.67578125 0.34453125 0.0140625 0.021875
0 0.64375 0.40546875 0.02421875 0.021875
4 0.63671875 0.38984375 0.0203125 0.0203125
4 0.665625 0.39453125 0.01640625 0.02421875
2 0.76953125 0.38359375 0.02578125 0.028125
4 0.88984375 0.37578125 0.02109375 0.02578125
2 0.8484375 0.21171875 0.02890625 0.028125
2 0.88125 0.18984375 0.0234375 0.02578125
2 0.80078125 0.24453125 0.025 0.02421875
2 0.83203125 0.15859375 0.02578125 0.0234375
2 0.77109375 0.13984375 0.01640625 0.04375
0 0.753125 0.19375 0.021875 0.0234375
4 0.684375 0.215625 0.015625 0.0203125
4 0.66640625 0.2015625 0.0203125 0.02578125
4 0.69609375 0.18984375 0.01875 0.03046875
4 0.73984375 0.23671875 0.01796875 0.01875
4 0.76484375 0.240625 0.01171875 0.01875
4 0.7390625 0.20546875 0.01484375 0.0203125
0 0.72890625 0.1796875 0.021875 0.03203125
4 0.6890625 0.11953125 0.01171875 0.0234375
4 0.70078125 0.11953125 0.01328125 0.02109375
2 0.7609375 0.21328125 0.02421875 0.03203125
0 0.7140625 0.2109375 0.01875 0.028125
2 0.63359375 0.20546875 0.02578125 0.02890625
2 0.65078125 0.225 0.0234375 0.03203125
2 0.621875 0.24140625 0.02421875 0.02578125
4 0.61328125 0.2140625 0.01484375 0.02109375
4 0.61328125 0.19453125 0.01875 0.01796875
4 0.628125 0.34140625 0.01484375 0.0203125
0 0.54921875 0.5859375 0.01171875 0.05703125
2 0.53828125 0.56796875 0.01640625 0.0484375
2 0.4828125 0.5859375 0.01484375 0.0484375
2 0.48046875 0.63125 0.0203125 0.0453125
2 0.4953125 0.64296875 0.01640625 0.0453125
2 0.465625 0.56328125 0.0140625 0.0453125
2 0.478125 0.53828125 0.015625 0.05859375
2 0.48203125 0.50078125 0.0140625 0.0390625
2 0.50625 0.528125 0.01171875 0.05625
2 0.48984375 0.528125 0.015625 0.046875
4 0.5 0.49921875 0.0109375 0.025
4 0.49921875 0.5171875 0.01015625 0.02578125
4 0.49453125 0.54140625 0.0109375 0.025
4 0.4734375 0.5140625 0.01171875 0.0234375
4 0.47578125 0.48984375 0.009375 0.025
2 0.5015625 0.56875 0.01484375 0.046875
4 0.55234375 0.6984375 0.00703125 0.02890625
4 0.53671875 0.6890625 0.0140625 0.02578125
4 0.534375 0.74296875 0.01015625 0.03046875
2 0.51796875 0.78828125 0.0140625 0.04296875
2 0.478125 0.79609375 0.01484375 0.040625
0 0.4703125 0.7390625 0.01484375 0.03515625
2 0.48984375 0.69140625 0.01640625 0.05
2 0.46484375 0.8359375 0.015625 0.046875
4 0.44765625 0.96171875 0.01171875 0.03046875
2 0.0890625 0.59921875 0.02421875 0.028125
2 0.04453125 0.596875 0.02421875 0.0296875
2 0.0375 0.6234375 0.02421875 0.0265625
2 0.03515625 0.7109375 0.02109375 0.02578125
2 0.05625 0.1640625 0.03046875 0.03359375
2 0.09609375 0.14296875 0.0296875 0.04140625
2 0.0859375 0.18828125 0.02578125 0.040625
2 0.1140625 0.1875 0.0265625 0.02890625
2 0.140625 0.18671875 0.02890625 0.028125
2 0.16171875 0.20234375 0.02421875 0.025
2 0.16328125 0.2265625 0.0265625 0.0265625
2 0.19609375 0.2265625 0.02421875 0.02421875
2 0.23125 0.22734375 0.02578125 0.03203125
0 0.19921875 0.15625 0.02109375 0.02421875
2 0.25546875 0.1828125 0.02890625 0.025
0 0.26640625 0.159375 0.02109375 0.03125
4 0.196875 0.17421875 0.01640625 0.0203125
3 0.3234375 0.2015625 0.03125 0.0265625
2 0.3015625 0.1734375 0.03203125 0.02890625
2 0.278125 0.20390625 0.02578125 0.02890625
2 0.33828125 0.165625 0.0234375 0.028125
2 0.3578125 0.1890625 0.02890625 0.028125
2 0.3203125 0.23359375 0.0296875 0.02890625
2 0.34921875 0.21953125 0.0234375 0.0359375
4 0.346875 0.240625 0.01796875 0.02109375
4 0.36328125 0.21953125 0.01171875 0.025
2 0.39453125 0.2046875 0.01953125 0.02890625
2 0.3765625 0.2140625 0.028125 0.0265625
2 0.38671875 0.23828125 0.0296875 0.03046875
2 0.42109375 0.23359375 0.0265625 0.0359375
4 0.409375 0.21015625 0.01328125 0.015625
4 0.42109375 0.2140625 0.0140625 0.01796875
0 0.39609375 0.18203125 0.02109375 0.02421875
4 0.396875 0.1625 0.01640625 0.028125
4 0.271875 0.2328125 0.01640625 0.02890625
4 0.290625 0.234375 0.01953125 0.0234375
4 0.5171875 0.16953125 0.0140625 0.025
4 0.471875 0.1671875 0.0203125 0.0296875
4 0.49453125 0.1734375 0.01796875 0.021875
4 0.53125 0.17578125 0.01171875 0.0140625
4 0.5578125 0.16953125 0.0140625 0.02109375
4 0.55546875 0.19140625 0.01875 0.021875
4 0.52890625 0.1984375 0.01328125 0.0203125
4 0.51953125 0.18828125 0.01328125 0.021875
2 0.4421875 0.171875 0.028125 0.03671875
2 0.41953125 0.1890625 0.025 0.034375
2 0.61171875 0.01328125 0.01875 0.02578125
2 0.55078125 0.0828125 0.01875 0.04375
2 0.58046875 0.24609375 0.0234375 0.021875
3 0.509375 0.215625 0.02421875 0.02578125
3 0.5859375 0.18046875 0.02109375 0.02890625
4 0.5765625 0.19296875 0.01484375 0.02109375
4 0.57421875 0.203125 0.01171875 0.01796875
4 0.584375 0.2109375 0.01328125 0.01796875
2 0.07109375 0.090625 0.0140625 0.04140625
0 0.04921875 0.02421875 0.01796875 0.03046875
0 0.02890625 0.053125 0.01796875 0.0359375
4 0.015625 0.090625 0.015625 0.021875
4 0.00390625 0.10390625 0.00703125 0.021875
2 0.03203125 0.00703125 0.0203125 0.0140625
4 0.028125 0.0265625 0.015625 0.0265625
2 0.07421875 0.00859375 0.0203125 0.01640625
4 0.0875 0.11796875 0.01796875 0.0203125
0 0.4984375 0.14921875 0.021875 0.0265625
0 0.484375 0.18359375 0.01953125 0.03125
4 0.98046875 0.35078125 0.01640625 0.01640625
4 0.99296875 0.2171875 0.0140625 0.021875
2 0.9546875 0.240625 0.025 0.0234375
0 0.9734375 0.20859375 0.02421875 0.03125
4 0.3015625 0.60234375 0.0109375 0.0140625
4 0.29921875 0.609375 0.01015625 0.01484375
4 0.2984375 0.61796875 0.009375 0.01328125
2 0.809375 0.01484375 0.0140625 0.0296875
3 0.91640625 0.153125 0.01640625 0.02109375
4 0.48984375 0.584375 0.0109375 0.02578125
4 0.48671875 0.6328125 0.01015625 0.025