4 0.53359375 0.56875 0.0140625 0.015625
4 0.66796875 0.54375 0.01484375 0.01640625
2 0.984375 0.353125 0.0296875 0.02421875
2 0.721875 0.41875 0.0265625 0.02109375
4 0.6078125 0.35390625 0.01328125 0.0140625
2 0.5015625 0.36640625 0.02578125 0.01875
0 0.1984375 0.36171875 0.0203125 0.01640625
2 0.15859375 0.24765625 0.0203125 0.0390625
3 0.0734375 0.309375 0.0296875 0.065625
2 0.78046875 0.26328125 0.02578125 0.0265625
2 0.77109375 0.17890625 0.028125 0.021875
4 0.26328125 0.35703125 0.01171875 0.0109375
2 0.02421875 0.02578125 0.01875 0.0390625
4 0.0109375 0.04921875 0.00859375 0.01953125
4 0.00703125 0.03046875 0.0140625 0.01171875
4 0.00390625 0.05 0.0078125 0.0125
2 0.07421875 0.05390625 0.01875 0.04140625
2 0.06328125 0.09765625 0.01796875 0.04296875
2 0.053125 0.14765625 0.015625 0.040625
2 0.0359375 0.1859375 0.01796875 0.03828125
2 0.046875 0.20859375 0.01796875 0.04453125
2 0.025 0.23671875 0.0203125 0.04609375
2 0.02890625 0.26953125 0.015625 0.04609375
2 0.0078125 0.28828125 0.01484375 0.04140625