3 0.23671875 0.703125 0.01640625 0.01484375
0 0.07578125 0.753125 0.01953125 0.01640625
0 0.06875 0.66171875 0.01640625 0.01796875
0 0.06953125 0.63984375 0.0109375 0.015625
0 0.26875 0.75078125 0.01875 0.01796875
0 0.2265625 0.59375 0.01875 0.01015625
0 0.2359375 0.56796875 0.0140625 0.01796875
0 0.2671875 0.58125 0.015625 0.01640625
4 0.34609375 0.46875 0.0140625 0.01640625
0 0.3578125 0.61484375 0.01875 0.02109375
2 0.41328125 0.54453125 0.02109375 0.0234375
0 0.284375 0.60078125 0.01484375 0.01484375
0 0.4859375 0.44140625 0.01328125 0.01484375
0 0.43515625 0.4484375 0.0140625 0.01484375
4 0.39296875 0.52421875 0.0140625 0.01640625
4 0.4265625 0.53359375 0.00859375 0.01640625
0 0.43203125 0.5015625 0.0140625 0.02109375
0 0.42265625 0.63671875 0.01484375 0.021875
4 0.45859375 0.46875 0.00859375 0.0109375
3 0.5546875 0.6859375 0.01640625 0.0203125
0 0.5015625 0.63125 0.0140625 0.01875
0 0.771875 0.878125 0.01484375 0.01953125
2 0.77421875 0.69375 0.02109375 0.03046875
0 0.74453125 0.840625 0.015625 0.021875
0 0.77109375 0.7328125 0.01640625 0.01875
0 0.97421875 0.909375 0.01640625 0.01875
0 0.69609375 0.46796875 0.01328125 0.01953125
0 0.73984375 0.38828125 0.01171875 0.0265625
4 0.709375 0.43359375 0.01015625 0.01796875
0 0.696875 0.49921875 0.01015625 0.01953125
0 0.6765625 0.51875 0.009375 0.01640625
0 0.7828125 0.371875 0.01171875 0.0234375
0 0.76015625 0.421875 0.01171875 0.01796875
0 0.7703125 0.41953125 0.01171875 0.02578125
0 0.75390625 0.49609375 0.01171875 0.028125
0 0.61796875 0.271875 0.01171875 0.01796875
0 0.56875 0.35859375 0.0109375 0.01953125
4 0.69921875 0.2 0.00859375 0.01640625
4 0.72109375 0.1984375 0.01328125 0.02109375
4 0.70703125 0.228125 0.01171875 0.01953125
4 0.77578125 0.034375 0.01328125 0.01953125
0 0.25703125 0.56328125 0.01171875 0.015625
0 0.284375 0.475 0.01953125 0.0234375
0 0.50625 0.440625 0.01171875 0.01640625
2 0.1515625 0.18125 0.01640625 0.02109375
2 0.28828125 0.309375 0.01953125 0.02421875
3 0.459375 0.40390625 0.021875 0.0265625
0 0.51328125 0.3578125 0.01328125 0.01328125
4 0.55625 0.39453125 0.0109375 0.01171875
4 0.46328125 0.48046875 0.01015625 0.01484375
4 0.28515625 0.4421875 0.00859375 0.01015625
0 0.4890625 0.41640625 0.01328125 0.01640625
4 0.58359375 0.3625 0.009375 0.0140625
4 0.46953125 0.41953125 0.01171875 0.01328125
4 0.42421875 0.49140625 0.0140625 0.01171875
0 0.49140625 0.45859375 0.0109375 0.01484375
4 0.48046875 0.50546875 0.009375 0.01328125
0 0.54296875 0.4671875 0.01171875 0.01484375
0 0.51953125 0.440625 0.01171875 0.015625
4 0.56796875 0.37578125 0.01171875 0.01484375
4 0.5984375 0.4203125 0.009375 0.0140625
2 0.715625 0.45703125 0.0203125 0.03359375
4 0.5953125 0.43671875 0.009375 0.01875
4 0.74765625 0.35390625 0.00859375 0.01953125
4 0.62578125 0.5734375 0.01640625 0.02890625
0 0.55546875 0.64140625 0.01328125 0.01796875
0 0.65703125 0.7421875 0.01484375 0.02421875
4 0.57265625 0.640625 0.009375 0.0109375
4 0.384375 0.60625 0.009375 0.01875
4 0.57109375 0.61328125 0.00859375 0.0140625
4 0.46015625 0.5734375 0.00859375 0.01640625
4 0.465625 0.615625 0.01015625 0.01640625
3 0.4171875 0.67421875 0.01484375 0.015625
4 0.38203125 0.54140625 0.01171875 0.015625
2 0.2515625 0.40703125 0.01796875 0.021875
2 0.21640625 0.409375 0.0203125 0.0296875
3 0.1984375 0.76875 0.01796875 0.015625
4 0.3390625 0.59375 0.01171875 0.01796875
4 0.2390625 0.62578125 0.0140625 0.015625
4 0.36953125 0.578125 0.0109375 0.015625
0 0.26640625 0.62421875 0.01875 0.01796875
2 0.5203125 0.609375 0.01953125 0.0234375
4 0.46640625 0.440625 0.00859375 0.01875
2 0.7015625 0.66875 0.0203125 0.025
2 0.66953125 0.65390625 0.02109375 0.03203125
2 0.9387453421874999 0.9098948359374999 0.9147405390625 0.8880782546875 0.9107247015625 0.9041198609375 0.9340526640625001 0.9285031078125 0.9404497109375001 0.9214848437500001 0.9387453421874999 0.9098948359374999
2 0.7515625 0.7359375 0.01875 0.03125
2 0.7015625 0.61640625 0.02109375 0.03046875
2 0.721875 0.6390625 0.02109375 0.0296875
4 0.75859375 0.6609375 0.01328125 0.0203125
4 0.66796875 0.76875 0.01015625 0.0140625
4 0.7484375 0.578125 0.009375 0.01640625
3 0.8532457765625001 0.757071796875 0.8444437375 0.77509915625 0.8674055484375 0.8026504140625 0.87513378125 0.7855944359375 0.8532457765625001 0.757071796875
4 0.84921875 0.803125 0.01171875 0.015625
4 0.8265625 0.78125 0.00703125 0.01328125
4 0.83515625 0.77109375 0.01171875 0.01484375
4 0.803125 0.7484375 0.01171875 0.01640625
4 0.7734375 0.75703125 0.0109375 0.015625
4 0.79375 0.7296875 0.00859375 0.01640625
4 0.78046875 0.71796875 0.00859375 0.01171875
2 0.86953125 0.8390625 0.021875 0.03125
0 0.94296875 0.940625 0.01328125 0.0265625
3 0.8203125 0.79140625 0.01796875 0.02109375
4 0.86484375 0.9625 0.01171875 0.0203125
4 0.815625 0.925 0.01171875 0.02421875
4 0.7796875 0.86796875 0.0140625 0.01328125
0 0.540625 0.65546875 0.01171875 0.021875
4 0.765625 0.89609375 0.01171875 0.01484375
3 0.69296875 0.82890625 0.01875 0.0203125
0 0.72734375 0.840625 0.01171875 0.02109375
2 0.571875 0.6609375 0.0203125 0.02578125
2 0.47438592812499997 0.4646311296875 0.47077618593750004 0.47682274687500004 0.4882140921875 0.4885550171875 0.49117124375000004 0.47553942656250003 0.47438592812499997 0.4646311296875
2 0.171875 0.1296875 0.0203125 0.02578125
2 0.23125 0.24921875 0.021875 0.02890625
0 0.45078391875 0.5013483437499999 0.45096440312499997 0.5135399734375 0.46656277187499995 0.5131314671875 0.46307206875 0.4937771671875 0.45078391875 0.5013483437499999
4 0.5515625 0.65859375 0.00859375 0.01328125
4 0.58203125 0.70078125 0.01015625 0.01875
4 0.5734375 0.7203125 0.0140625 0.01328125
4 0.58671875 0.40390625 0.00859375 0.01328125
4 0.61953125 0.30703125 0.00859375 0.0109375
4 0.5796875 0.34609375 0.00859375 0.01796875
4 0.61796875 0.33984375 0.01015625 0.0203125
4 0.65625 0.32109375 0.01171875 0.01640625
4 0.81875 0.2734375 0.01015625 0.0203125
4 0.68359375 0.4671875 0.01171875 0.0140625
4 0.68359375 0.48515625 0.00859375 0.0109375
3 0.6734375 0.50234375 0.0140625 0.02109375
0 0.6851684453125 0.51422484375 0.6788220468749999 0.5305200671875 0.6823478281249999 0.5363696390625 0.6910447484375 0.523417021875 0.6851684453125 0.51422484375
4 0.7390625 0.14140625 0.009375 0.01640625
0 0.709375 0.2 0.01640625 0.015625
4 0.8765625 0.14765625 0.01015625 0.01796875
4 0.77421875 0.3046875 0.01328125 0.01875
4 0.7765625 0.33125 0.009375 0.01640625
4 0.86875 0.153125 0.01328125 0.0203125
4 0.7578125 0.3203125 0.01171875 0.0234375
0 0.78671875 0.2609375 0.01171875 0.021875
4 0.6515625 0.31015625 0.00859375 0.015625
2 0.5953125 0.3203125 0.01640625 0.02890625
0 0.0703125 0.22890625 0.01796875 0.021875
0 0.19921875 0.21171875 0.01484375 0.0203125
4 0.13828125 0.146875 0.01171875 0.01484375
4 0.603125 0.46328125 0.00859375 0.015625
4 0.0390625 0.0640625 0.01328125 0.01875
4 0.040625 0.19921875 0.0109375 0.0234375
4 0.01875 0.190625 0.009375 0.021875
2 0.39140625 0.390625 0.02109375 0.02890625
2 0.3375 0.3265625 0.021875 0.02578125
3 0.31953125 0.334375 0.0140625 0.015625
4 0.31875 0.3171875 0.01015625 0.01328125
0 0.3015625 0.2875 0.0140625 0.02109375
4 0.53046875 0.525 0.00859375 0.01640625
4 0.55546875 0.48515625 0.009375 0.0203125
3 0.67421875 0.61484375 0.0140625 0.0296875
3 0.5640625 0.44765625 0.04921875 0.06796875
1 0.51171875 0.5234375 0.0234375 0.10703125
3 0.51171875 0.41171875 0.02578125 0.028125
3 0.53671875 0.4515625 0.01796875 0.01640625
3 0.63203125 0.3734375 0.01953125 0.04609375
2 0.67578125 0.2671875 0.01796875 0.04140625
3 0.65546875 0.55546875 0.0296875 0.034375
3 0.7609375 0.371875 0.0140625 0.02890625
3 0.54140625 0.615625 0.01640625 0.025
3 0.52890625 0.6328125 0.01484375 0.015625
3 0.56875 0.62421875 0.01875 0.02109375
3 0.58671875 0.446875 0.01640625 0.03203125
1 0.796875 0.1828125 0.04140625 0.06640625
3 0.0640625 0.09609375 0.03359375 0.05078125
2 0.290625 0.54140625 0.025 0.03046875