0 0.475 0.928125 0.0109375 0.0234375
4 0.4734375 0.88203125 0.00703125 0.01484375
4 0.4859375 0.821875 0.00625 0.01796875
4 0.48984375 0.7875 0.00625 0.01640625
4 0.50859375 0.73515625 0.00625 0.0171875
4 0.5046875 0.71015625 0.00703125 0.01875
4 0.4484375 0.74765625 0.01171875 0.02734375
4 0.53125 0.72265625 0.01328125 0.02109375
0 0.4609375 0.68671875 0.01171875 0.0265625
4 0.46796875 0.71640625 0.00625 0.01484375
4 0.40703125 0.65234375 0.01015625 0.01875
4 0.38984375 0.6125 0.00703125 0.01484375
4 0.3765625 0.565625 0.0109375 0.01484375
4 0.503125 0.56015625 0.00859375 0.01796875
4 0.50546875 0.57734375 0.00625 0.01796875
4 0.52421875 0.63046875 0.00625 0.0140625
4 0.525 0.6515625 0.0078125 0.02109375
4 0.52265625 0.66015625 0.00234375 0.0015625
4 0.51796875 0.65546875 0.0046875 0.01171875
4 0.63828125 0.51875 0.0109375 0.0109375
4 0.63046875 0.5375 0.00859375 0.0140625
4 0.6546875 0.5234375 0.0109375 0.009375
4 0.6609375 0.546875 0.009375 0.01328125
0 0.6796875 0.55078125 0.0125 0.01171875
0 0.6828125 0.52734375 0.0140625 0.0140625
0 0.71640625 0.54296875 0.01328125 0.01640625
4 0.690625 0.54140625 0.01171875 0.009375
5 0.67734375 0.54140625 0.009375 0.01015625
4 0.95859375 0.4859375 0.0125 0.0078125
3 0.88828125 0.4734375 0.01875 0.0125
4 0.96484375 0.3859375 0.0125 0.0109375
4 0.975 0.37265625 0.01328125 0.009375
4 0.9796875 0.359375 0.0109375 0.009375
4 0.94921875 0.36328125 0.0125 0.00859375
4 0.9578125 0.3484375 0.0140625 0.0109375
4 0.91640625 0.35703125 0.0140625 0.0125
4 0.89140625 0.3828125 0.0171875 0.01171875
2 0.853125 0.39453125 0.025 0.01640625
4 0.84453125 0.353125 0.0109375 0.009375
4 0.83046875 0.3671875 0.01015625 0.0125
4 0.8 0.3546875 0.0109375 0.01015625
4 0.8 0.37421875 0.0109375 0.009375
4 0.7875 0.36875 0.0125 0.009375
4 0.7671875 0.3671875 0.01328125 0.009375
4 0.77578125 0.38046875 0.01171875 0.009375
2 0.79375 0.39375 0.03203125 0.0234375
4 0.79765625 0.475 0.01328125 0.0078125
4 0.7328125 0.3734375 0.01171875 0.0109375
4 0.7171875 0.39921875 0.01171875 0.01015625
4 0.7046875 0.38359375 0.01328125 0.01015625
4 0.6953125 0.396875 0.0140625 0.0078125
4 0.7046875 0.34765625 0.0109375 0.01015625
4 0.64609375 0.34765625 0.00859375 0.00703125
4 0.63359375 0.3859375 0.01015625 0.01015625
4 0.62578125 0.40078125 0.01171875 0.01171875
4 0.62109375 0.371875 0.0109375 0.01015625
4 0.5875 0.365625 0.0140625 0.01171875
4 0.61171875 0.35625 0.0125 0.01015625
4 0.5890625 0.3828125 0.01328125 0.01171875
4 0.57109375 0.3890625 0.01328125 0.01328125
4 0.5515625 0.365625 0.0109375 0.0109375
4 0.48984375 0.3515625 0.01171875 0.0109375
4 0.48671875 0.37109375 0.0109375 0.01015625
4 0.48828125 0.390625 0.0140625 0.009375
4 0.47890625 0.40234375 0.01171875 0.0078125
4 0.490625 0.48515625 0.009375 0.01328125
4 0.46015625 0.38046875 0.01484375 0.01171875
4 0.43359375 0.35390625 0.015625 0.0109375
4 0.34609375 0.35 0.01171875 0.009375
4 0.35390625 0.38046875 0.0125 0.0125
4 0.36171875 0.39609375 0.0140625 0.01328125
4 0.3171875 0.3609375 0.0140625 0.01328125
4 0.284375 0.3875 0.01328125 0.01015625
4 0.275 0.40234375 0.01171875 0.01171875
4 0.26328125 0.3578125 0.01328125 0.0125
4 0.26171875 0.3734375 0.0078125 0.0125
4 0.23984375 0.346875 0.01640625 0.009375
4 0.23984375 0.4 0.0125 0.009375
4 0.22109375 0.36171875 0.01328125 0.0109375
4 0.203125 0.3546875 0.01171875 0.0109375
4 0.20859375 0.38125 0.0109375 0.0109375
4 0.20859375 0.39453125 0.0125 0.0078125
4 0.18046875 0.39453125 0.0140625 0.009375
4 0.1640625 0.3546875 0.0125 0.009375
4 0.17265625 0.37109375 0.01484375 0.009375
4 0.16484375 0.3953125 0.01171875 0.009375
4 0.1546875 0.378125 0.0140625 0.01171875
4 0.13828125 0.39609375 0.01328125 0.01015625
4 0.1078125 0.38984375 0.015625 0.0109375
4 0.12421875 0.46796875 0.01171875 0.01328125
4 0.165625 0.475 0.0125 0.0109375
4 0.18359375 0.46328125 0.0140625 0.01015625
4 0.28203125 0.440625 0.0109375 0.0171875
4 0.3 0.46875 0.0125 0.009375
4 0.11484375 0.515625 0.01328125 0.00625
4 0.1203125 0.340625 0.0125 0.01171875
4 0.7375 0.26328125 0.0109375 0.01015625
4 0.74453125 0.28828125 0.0109375 0.015625
0 0.5328125 0.32109375 0.01484375 0.0125
4 0.49453125 0.32265625 0.0140625 0.00859375
4 0.42578125 0.32734375 0.01171875 0.0125
4 0.30625 0.29453125 0.01171875 0.01015625
4 0.2828125 0.3125 0.0140625 0.01015625
4 0.25859375 0.309375 0.01171875 0.01015625
4 0.25390625 0.32421875 0.0125 0.00859375
4 0.2265625 0.30703125 0.0109375 0.0109375
4 0.21328125 0.29453125 0.01171875 0.0109375
4 0.18828125 0.3109375 0.0125 0.01015625
4 0.13828125 0.2765625 0.00234375 0.0125
4 0.07578125 0.31484375 0.0140625 0.009375
4 0.03828125 0.3453125 0.0109375 0.0109375
4 0.025 0.3765625 0.015625 0.00859375
4 0.00703125 0.384375 0.01328125 0.01328125
4 0.00859375 0.30234375 0.0140625 0.01015625
0 0.0609375 0.28359375 0.01640625 0.01484375
4 0.146875 0.5390625 0.01171875 0.009375
4 0.2015625 0.52578125 0.01171875 0.0109375
4 0.22578125 0.5125 0.009375 0.01171875