2 0.4734375 0.55859375 0.0234375 0.04140625
0 0.40859375 0.44609375 0.0203125 0.028125
0 0.34375 0.56796875 0.01953125 0.025
0 0.3359375 0.6171875 0.0140625 0.028125
0 0.490625 0.6515625 0.01484375 0.0234375
0 0.57890625 0.459375 0.01953125 0.02109375
0 0.478125 0.3234375 0.01640625 0.01796875
0 0.28125 0.28203125 0.01953125 0.0265625
0 0.17421875 0.06171875 0.01796875 0.02890625
0 0.31328125 0.88359375 0.01796875 0.03359375
0 0.29921875 0.93515625 0.0140625 0.03359375
0 0.28359375 0.8140625 0.01640625 0.03125
0 0.34375 0.81640625 0.01875 0.02578125
0 0.56171875 0.7015625 0.01796875 0.028125
0 0.76171875 0.7046875 0.0203125 0.03828125
3 0.80546875 0.5046875 0.015625 0.03125
0 0.7328125 0.3578125 0.0234375 0.028125
3 0.61640625 0.4921875 0.01953125 0.021875
2 0.22890625 0.19609375 0.02578125 0.0296875
2 0.303125 0.11484375 0.02421875 0.034375
2 0.346875 0.24296875 0.0265625 0.03671875
2 0.71796875 0.890625 0.0265625 0.0390625
2 0.72421875 0.9640625 0.02578125 0.03046875
3 0.24296875 0.86171875 0.01875 0.04609375
3 0.253125 0.80859375 0.01953125 0.04375
2 0.2109375 0.94296875 0.01796875 0.04453125
3 0.2765625 0.6828125 0.015625 0.03359375
3 0.2515625 0.23984375 0.0234375 0.03828125
4 0.52421875 0.62265625 0.01015625 0.02578125
4 0.56953125 0.61796875 0.01171875 0.02109375
4 0.55078125 0.58125 0.01015625 0.0234375
4 0.590625 0.6484375 0.01015625 0.0203125
4 0.62890625 0.634375 0.01640625 0.01953125
4 0.653125 0.6640625 0.0109375 0.01875
4 0.6046875 0.68203125 0.01015625 0.01796875
4 0.5859375 0.67109375 0.0109375 0.0203125
4 0.565625 0.66953125 0.009375 0.0234375
4 0.53671875 0.66640625 0.0109375 0.01953125
4 0.53203125 0.68203125 0.00859375 0.01875
4 0.584375 0.71171875 0.01015625 0.0234375
4 0.51484375 0.53359375 0.01640625 0.02109375
4 0.53125 0.55078125 0.01171875 0.0234375
4 0.53984375 0.5046875 0.009375 0.02578125
4 0.528125 0.48359375 0.01328125 0.01953125
4 0.48828125 0.484375 0.01171875 0.025
4 0.4515625 0.53671875 0.01015625 0.0265625
4 0.4734375 0.59296875 0.01015625 0.01875
4 0.4234375 0.60234375 0.01171875 0.028125
4 0.39375 0.58515625 0.01171875 0.02421875
4 0.4234375 0.5296875 0.01171875 0.0296875
4 0.4078125 0.47265625 0.009375 0.01953125
4 0.41875 0.49453125 0.009375 0.01796875
4 0.40546875 0.503125 0.009375 0.0203125
4 0.3953125 0.50703125 0.00703125 0.02109375
4 0.38515625 0.521875 0.00859375 0.01953125
4 0.384375 0.4828125 0.00703125 0.0234375
4 0.3953125 0.471875 0.00625 0.02421875
4 0.37578125 0.52109375 0.0109375 0.01640625
4 0.34609375 0.409375 0.01015625 0.028125
4 0.3765625 0.35703125 0.009375 0.021875
4 0.396875 0.3890625 0.00859375 0.0234375
4 0.4078125 0.40234375 0.01171875 0.02109375
4 0.4390625 0.40078125 0.009375 0.0265625
4 0.43828125 0.36796875 0.0140625 0.0140625
4 0.49609375 0.35 0.01171875 0.0203125
4 0.48359375 0.41875 0.01171875 0.028125
4 0.52109375 0.36953125 0.01015625 0.01796875
4 0.409375 0.334375 0.00859375 0.0234375
4 0.4296875 0.340625 0.01640625 0.01953125
4 0.309375 0.2609375 0.01328125 0.0234375
4 0.3671875 0.28125 0.01171875 0.01796875
4 0.7390625 0.8046875 0.01875 0.01875
4 0.76875 0.85390625 0.01328125 0.02109375
4 0.79453125 0.90234375 0.01171875 0.02421875
4 0.8140625 0.9125 0.0140625 0.02109375
4 0.6859375 0.7265625 0.0109375 0.02109375
4 0.778125 0.96796875 0.0140625 0.021875
4 0.74921875 0.93671875 0.01328125 0.021875
4 0.71953125 0.93125 0.01875 0.0234375
4 0.8453125 0.9390625 0.01640625 0.01875
4 0.84765625 0.96640625 0.01015625 0.02109375
4 0.665625 0.796875 0.00859375 0.0265625
4 0.6484375 0.78125 0.015625 0.021875
4 0.6453125 0.459375 0.0140625 0.01640625
4 0.60078125 0.42421875 0.015625 0.0140625
4 0.63828125 0.3390625 0.01171875 0.015625
4 0.65703125 0.35546875 0.01484375 0.01796875
2 0.59609375 0.21953125 0.021875 0.0296875
2 0.546875 0.24921875 0.02421875 0.0296875
2 0.5140625 0.278125 0.02578125 0.03125
2 0.65625 0.153125 0.021875 0.0296875
4 0.68359375 0.2 0.0140625 0.01640625
4 0.78828125 0.13046875 0.01328125 0.01640625
4 0.825 0.10078125 0.01796875 0.01953125
4 0.83828125 0.03515625 0.0109375 0.01796875
4 0.85859375 0.06171875 0.01328125 0.01640625
4 0.878125 0.0484375 0.015625 0.01953125
4 0.8484375 0.2140625 0.01484375 0.01796875
4 0.828125 0.25546875 0.01640625 0.01953125
4 0.78359375 0.29609375 0.0140625 0.02109375
4 0.62578125 0.7390625 0.009375 0.01953125
4 0.60390625 0.73125 0.01171875 0.015625
4 0.5953125 0.70390625 0.01171875 0.01953125
4 0.653125 0.81796875 0.01328125 0.01796875
4 0.6515625 0.79921875 0.01328125 0.015625
3 0.76328125 0.925 0.0234375 0.0359375
6 0.5640625 0.9546875 0.0390625 0.06171875
4 0.24453125 0.9296875 0.01171875 0.02109375
4 0.22578125 0.9875 0.01171875 0.025
4 0.2609375 0.84140625 0.01015625 0.02421875
4 0.30625 0.69921875 0.009375 0.021875
4 0.31953125 0.66640625 0.01015625 0.0234375
4 0.33671875 0.67734375 0.009375 0.0234375
2 0.32421875 0.384375 0.01171875 0.04375
2 0.18671875 0.13203125 0.0203125 0.034375
4 0.171875 0.11875 0.00859375 0.021875
4 0.1953125 0.15625 0.01328125 0.0109375
4 0.19765625 0.1703125 0.01328125 0.015625
4 0.2328125 0.05 0.01015625 0.0203125
4 0.246875 0.0515625 0.01015625 0.0203125
4 0.21484375 0.034375 0.01328125 0.01953125
4 0.2796875 0.10625 0.009375 0.02109375
4 0.30390625 0.1515625 0.01171875 0.0203125
4 0.246875 0.209375 0.0109375 0.01953125
4 0.3265625 0.41875 0.0140625 0.0140625
4 0.3359375 0.396875 0.00703125 0.0234375
3 0.18671875 0.21328125 0.02578125 0.0359375
3 0.2109375 0.26015625 0.021875 0.040625
6 0.1890625 0.2609375 0.028125 0.05078125
2 0.328125 0.9234375 0.01484375 0.0359375
4 0.5015625 0.57109375 0.01171875 0.0234375
4 0.43203125 0.66171875 0.01484375 0.01875
4 0.31640625 0.95859375 0.009375 0.02109375
4 0.7421875 0.08671875 0.00859375 0.02109375
4 0.72265625 0.10859375 0.0140625 0.0109375
4 0.67578125 0.13125 0.01328125 0.01640625
4 0.628125 0.14609375 0.00859375 0.0234375
2 0.61875 0.159375 0.01640625 0.046875
3 0.66953125 0.43828125 0.02890625 0.034375
3 0.73203125 0.3890625 0.028125 0.0296875
4 0.74921875 0.3734375 0.00625 0.02109375
3 0.80703125 0.33046875 0.028125 0.0296875
3 0.8359375 0.30625 0.034375 0.03359375
3 0.86328125 0.33671875 0.0296875 0.05625
3 0.82109375 0.4484375 0.03359375 0.06328125
2 0.84375 0.38671875 0.0234375 0.04453125
2 0.86484375 0.2859375 0.0296875 0.0359375
2 0.7578125 0.63125 0.0203125 0.04375
4 0.7890625 0.615625 0.01171875 0.0234375
4 0.7828125 0.553125 0.0109375 0.01484375
4 0.82421875 0.60078125 0.0109375 0.01484375
4 0.7734375 0.74609375 0.0140625 0.01640625
3 0.7265625 0.67734375 0.0234375 0.0390625
3 0.70390625 0.63359375 0.02578125 0.03828125
3 0.68203125 0.58515625 0.01953125 0.04375
3 0.67109375 0.58125 0.01484375 0.02578125
3 0.628125 0.54453125 0.015625 0.0265625
4 0.375 0.48359375 0.009375 0.01953125
4 0.37578125 0.5015625 0.009375 0.01875
4 0.396875 0.32109375 0.009375 0.02109375
2 0.40078125 0.146875 0.02109375 0.03828125
3 0.696875 0.41796875 0.0265625 0.0359375
3 0.51875 0.2203125 0.021875 0.028125
4 0.56015625 0.203125 0.00625 0.01875
4 0.546875 0.19296875 0.00625 0.01796875
4 0.5515625 0.1890625 0.00546875 0.021875
4 0.571875 0.1953125 0.00546875 0.01875
4 0.5765625 0.19375 0.0046875 0.01875
4 0.58671875 0.19921875 0.00625 0.01796875
4 0.6 0.17421875 0.00625 0.0203125
4 0.59296875 0.178125 0.00546875 0.021875
4 0.58046875 0.18828125 0.0046875 0.015625
4 0.51015625 0.25 0.00703125 0.01640625
4 0.503125 0.26328125 0.00546875 0.01640625
4 0.4984375 0.27734375 0.00390625 0.01875
4 0.49296875 0.2765625 0.00546875 0.02109375
4 0.4703125 0.28359375 0.00859375 0.01796875
4 0.4765625 0.27734375 0.00546875 0.0203125
4 0.4609375 0.28203125 0.00546875 0.01875
4 0.45390625 0.29921875 0.00859375 0.01484375
4 0.45390625 0.28671875 0.00859375 0.01328125
4 0.43515625 0.29375 0.0046875 0.01953125
4 0.42890625 0.29296875 0.00390625 0.01875
4 0.415625 0.28203125 0.0046875 0.02109375
4 0.41171875 0.27578125 0.00546875 0.01875
4 0.3765625 0.23515625 0.0046875 0.01796875
4 0.38046875 0.23359375 0.0046875 0.01875
4 0.384375 0.1109375 0.00546875 0.01875
4 0.37890625 0.12109375 0.0046875 0.01484375
4 0.37421875 0.14609375 0.0046875 0.01796875
4 0.37578125 0.10625 0.00625 0.01640625
4 0.3734375 0.1234375 0.0046875 0.0140625
4 0.36875 0.13359375 0.00546875 0.01875
4 0.36328125 0.12265625 0.00546875 0.01796875
4 0.35625 0.1234375 0.00625 0.0140625
4 0.359375 0.10234375 0.00625 0.01484375
4 0.3578125 0.06640625 0.00703125 0.015625
4 0.36875 0.08125 0.00859375 0.01796875
4 0.35078125 0.05546875 0.00859375 0.015625
4 0.3390625 0.04453125 0.009375 0.02109375
4 0.33984375 0.07578125 0.00859375 0.01640625
4 0.3265625 0.065625 0.00703125 0.01796875
4 0.33125 0.07109375 0.00859375 0.01796875
4 0.321875 0.0765625 0.01015625 0.0109375
4 0.3171875 0.08125 0.01171875 0.01015625
4 0.3078125 0.0828125 0.009375 0.01796875
4 0.35546875 0.09296875 0.00859375 0.01640625
4 0.346875 0.10078125 0.00859375 0.0140625
4 0.3359375 0.11015625 0.00859375 0.01640625
4 0.325 0.1109375 0.00859375 0.015625
4 0.3234375 0.13828125 0.00703125 0.0234375
4 0.3359375 0.1328125 0.009375 0.01640625
4 0.34375 0.14375 0.009375 0.01640625
4 0.353125 0.14140625 0.00859375 0.01484375
4 0.26796875 0.040625 0.01171875 0.01171875
4 0.27109375 0.02578125 0.01015625 0.01328125
6 0.071875 0.0375 0.03359375 0.05625
4 0.11328125 0.128125 0.00703125 0.0203125
4 0.1390625 0.1859375 0.01015625 0.01875
4 0.14453125 0.19296875 0.00546875 0.01640625
4 0.23203125 0.24921875 0.00703125 0.0109375
4 0.2390625 0.246875 0.00859375 0.01640625
4 0.22421875 0.2390625 0.01171875 0.0109375
3 0.23046875 0.29140625 0.025 0.04140625
3 0.215625 0.28125 0.02109375 0.04140625
4 0.284375 0.84609375 0.009375 0.015625
4 0.24453125 0.7734375 0.01015625 0.00859375
4 0.23671875 0.79609375 0.01015625 0.009375
4 0.234375 0.803125 0.0109375 0.0109375
4 0.22890625 0.83125 0.0140625 0.01015625
4 0.22578125 0.84609375 0.01328125 0.009375
4 0.21953125 0.85703125 0.00859375 0.01875
4 0.365625 0.809375 0.009375 0.0109375
4 0.36953125 0.80078125 0.00546875 0.015625
3 0.51875 0.709375 0.02890625 0.03515625
4 0.60390625 0.84296875 0.00546875 0.01484375
4 0.5984375 0.83828125 0.00703125 0.01796875
2 0.79296875 0.853125 0.021875 0.03671875
4 0.7796875 0.734375 0.009375 0.00859375
4 0.78203125 0.72578125 0.009375 0.01015625
4 0.78359375 0.71875 0.0109375 0.01015625
4 0.79375 0.69296875 0.01015625 0.01171875
4 0.790625 0.7015625 0.01171875 0.01015625
4 0.80078125 0.66875 0.01171875 0.0109375
4 0.79609375 0.68046875 0.01015625 0.015625
4 0.80703125 0.65078125 0.01015625 0.015625
4 0.815625 0.634375 0.0109375 0.01171875
4 0.7890625 0.54453125 0.01171875 0.0140625
4 0.88671875 0.4125 0.01328125 0.01875
4 0.9015625 0.3921875 0.00859375 0.01796875
4 0.8890625 0.43203125 0.01171875 0.01171875
4 0.8921875 0.4234375 0.01015625 0.01171875
4 0.86640625 0.46953125 0.00859375 0.01796875
4 0.8640625 0.48671875 0.01328125 0.009375
4 0.79375 0.52109375 0.01015625 0.00859375
4 0.79140625 0.528125 0.0109375 0.00703125
4 0.7890625 0.534375 0.01171875 0.009375
4 0.7765625 0.56328125 0.01015625 0.009375
4 0.77421875 0.57109375 0.01015625 0.00859375
4 0.63203125 0.13984375 0.00703125 0.01640625
4 0.60703125 0.134375 0.00546875 0.015625
4 0.6390625 0.1359375 0.00546875 0.01796875
4 0.64453125 0.13046875 0.00703125 0.01875
4 0.653125 0.12890625 0.00546875 0.01796875
4 0.6578125 0.1265625 0.0046875 0.01953125
4 0.6671875 0.12109375 0.00546875 0.0203125
4 0.66328125 0.12421875 0.0046875 0.01875
4 0.6734375 0.11328125 0.00546875 0.01796875
4 0.678125 0.1140625 0.00390625 0.01953125
4 0.68125 0.1109375 0.00390625 0.01796875
4 0.68515625 0.10703125 0.0046875 0.01796875
4 0.7234375 0.09140625 0.00703125 0.01796875
4 0.75078125 0.06640625 0.00859375 0.021875
4 0.76796875 0.0359375 0.00625 0.01796875
4 0.77421875 0.028125 0.00859375 0.02109375