4 0.040625 0.41953125 0.0109375 0.0203125
4 0.021875 0.4359375 0.01640625 0.02109375
4 0.02265625 0.459375 0.0109375 0.01328125
4 0.1109375 0.4640625 0.01640625 0.01171875
4 0.1609375 0.446875 0.0140625 0.015625
4 0.15625 0.5359375 0.0140625 0.01640625
4 0.0546875 0.5484375 0.0109375 0.01328125
4 0.0625 0.5609375 0.015625 0.0109375
0 0.02109375 0.5515625 0.02109375 0.01796875
0 0.19921875 0.5515625 0.0234375 0.0265625
0 0.12265625 0.5453125 0.0203125 0.021875
0 0.28671875 0.43359375 0.01875 0.01953125
0 0.3359375 0.43203125 0.01953125 0.02421875
6 0.18671875 0.46015625 0.03046875 0.025
4 0.25625 0.453125 0.015625 0.0234375
4 0.27109375 0.41875 0.01484375 0.01953125
4 0.30703125 0.4453125 0.015625 0.01875
4 0.3125 0.42109375 0.01484375 0.01484375
4 0.35546875 0.42265625 0.01171875 0.01640625
4 0.3921875 0.43125 0.01640625 0.01640625
4 0.403125 0.4140625 0.0140625 0.01640625
4 0.3640625 0.5453125 0.01171875 0.01484375
4 0.3140625 0.5359375 0.0109375 0.01484375
4 0.38046875 0.53515625 0.01171875 0.01328125
4 0.365625 0.55625 0.01640625 0.01328125
4 0.40390625 0.5359375 0.01875 0.01484375
4 0.47890625 0.44375 0.01484375 0.01796875
4 0.48828125 0.53203125 0.01171875 0.01640625
4 0.52578125 0.53671875 0.01484375 0.01953125
4 0.54609375 0.55625 0.01328125 0.01796875
0 0.43359375 0.5515625 0.01953125 0.02578125
0 0.571875 0.425 0.01953125 0.02421875
2 0.57109375 0.45625 0.02890625 0.021875
4 0.64609375 0.415625 0.01484375 0.01796875
4 0.671875 0.428125 0.01796875 0.01640625
4 0.6734375 0.44296875 0.01875 0.01484375
4 0.68359375 0.45390625 0.0140625 0.01953125
4 0.7078125 0.43203125 0.015625 0.01796875
4 0.70546875 0.51640625 0.0140625 0.01640625
4 0.6640625 0.55390625 0.01171875 0.01640625
4 0.61484375 0.54375 0.0140625 0.01484375
4 0.70546875 0.528125 0.01953125 0.01484375
4 0.709375 0.54296875 0.0203125 0.00703125
4 0.76171875 0.4453125 0.015625 0.01484375
4 0.75390625 0.42421875 0.015625 0.0140625
4 0.77578125 0.41328125 0.0140625 0.0140625
4 0.83828125 0.421875 0.01484375 0.0203125
4 0.89140625 0.428125 0.0203125 0.0265625
4 0.7859375 0.53671875 0.01796875 0.015625
2 0.75625 0.52578125 0.03046875 0.028125
0 0.81328125 0.5515625 0.01953125 0.01796875
0 0.85390625 0.53828125 0.0234375 0.01953125
2 0.86171875 0.45390625 0.03515625 0.02890625
4 0.8890625 0.559375 0.01640625 0.01640625
4 0.92890625 0.409375 0.01640625 0.0234375
0 0.98828125 0.421875 0.0234375 0.03125
2 0.13359375 0.51953125 0.028125 0.02578125
0 0.18828125 0.428125 0.02109375 0.021875