2 0.365625 0.2890625 0.01796875 0.0140625
2 0.425 0.2515625 0.01171875 0.02109375
2 0.415625 0.21875 0.01640625 0.01875
2 0.5296875 0.3265625 0.00859375 0.02890625
2 0.540625 0.325 0.00859375 0.0296875
2 0.58125 0.315625 0.00703125 0.025
2 0.59140625 0.31640625 0.00859375 0.02421875
2 0.97578125 0.909375 0.009375 0.02890625
2 0.74296875 0.653125 0.00859375 0.0234375
6 0.9140625 0.63515625 0.03984375 0.0203125
5 0.74375 0.38046875 0.04609375 0.01953125
6 0.68671875 0.38359375 0.04140625 0.01953125
6 0.30390625 0.63515625 0.03046875 0.01953125
6 0.1734375 0.64140625 0.03828125 0.01953125
6 0.14921875 0.67421875 0.0390625 0.025
4 0.57109375 0.27578125 0.0046875 0.0140625
3 0.7828125 0.8515625 0.021875 0.01796875
3 0.740625 0.89609375 0.01015625 0.03515625
4 0.5484375 0.278125 0.003125 0.0140625
4 0.565625 0.290625 0.003125 0.01484375
4 0.59140625 0.28046875 0.0046875 0.01484375
4 0.603125 0.30390625 0.00390625 0.01484375
4 0.5890625 0.23828125 0.003125 0.01484375
4 0.55625 0.225 0.003125 0.01015625
4 0.5640625 0.2265625 0.0046875 0.01171875
4 0.60546875 0.2390625 0.003125 0.01328125
4 0.54140625 0.2765625 0.00390625 0.01328125
4 0.43671875 0.27109375 0.00390625 0.01328125
4 0.5984375 0.240625 0.003125 0.01328125
4 0.55546875 0.2765625 0.003125 0.0140625
4 0.56171875 0.29375 0.003125 0.01171875
4 0.56953125 0.2921875 0.003125 0.01171875
0 0.846875 0.64296875 0.01484375 0.01484375
2 0.7046875 0.64609375 0.00546875 0.0234375
2 0.69765625 0.6296875 0.00625 0.025
2 0.68984375 0.63515625 0.00625 0.021875
2 0.696875 0.65703125 0.00625 0.01953125
0 0.846875 0.6015625 0.01171875 0.00859375
2 0.990625 0.8734375 0.01328125 0.02421875
5 0.978125 0.559375 0.04375 0.02421875
2 0.64296875 0.52109375 0.015625 0.0140625
0 0.6609375 0.60859375 0.01015625 0.0140625
2 0.6 0.6234375 0.01171875 0.01328125
3 0.609375 0.6046875 0.01640625 0.0140625
2 0.91171875 0.53359375 0.01640625 0.01484375
0 0.61171875 0.45 0.00859375 0.009375
2 0.54140625 0.45390625 0.01484375 0.01328125
4 0.753125 0.39375 0.00859375 0.00859375
0 0.67421875 0.60234375 0.00859375 0.00859375
0 0.484375 0.5640625 0.00859375 0.01015625
2 0.9921875 0.39609375 0.015625 0.0140625
3 0.23125 0.50703125 0.015625 0.01328125
6 0.14453125 0.48984375 0.0453125 0.01953125
6 0.24609375 0.46875 0.04296875 0.01640625
2 0.028125 0.6140625 0.01484375 0.01015625
4 0.928125 0.58984375 0.00859375 0.01171875
4 0.89921875 0.609375 0.00703125 0.01015625
2 0.515625 0.26640625 0.009375 0.0234375
4 0.90390625 0.5953125 0.00859375 0.0109375
6 0.440625 0.47890625 0.0265625 0.0140625
2 0.63984375 0.5390625 0.015625 0.01171875
6 0.5171875 0.62109375 0.02890625 0.01796875
4 0.065625 0.6234375 0.00703125 0.00859375
4 0.18828125 0.59375 0.00703125 0.00859375
4 0.2046875 0.60703125 0.00625 0.0140625
4 0.2453125 0.615625 0.00703125 0.00859375
4 0.44296875 0.559375 0.00859375 0.0109375
4 0.39296875 0.58984375 0.00859375 0.01171875