6 0.63515625 0.46171875 0.0234375 0.01484375
2 0.3453125 0.28671875 0.01796875 0.01484375
2 0.40625 0.25078125 0.01171875 0.02109375
2 0.39609375 0.215625 0.01640625 0.01875
2 0.51171875 0.325 0.00859375 0.02890625
2 0.521875 0.32421875 0.00859375 0.0296875
2 0.5625 0.31640625 0.00703125 0.025
2 0.57109375 0.31640625 0.00859375 0.02421875
2 0.9625 0.87265625 0.0109375 0.02578125
2 0.946875 0.90625 0.009375 0.02890625
2 0.721875 0.6546875 0.00859375 0.0234375
6 0.88828125 0.63828125 0.03984375 0.0203125
5 0.72109375 0.38359375 0.04609375 0.01953125
6 0.665625 0.384375 0.04140625 0.01953125
6 0.28203125 0.63359375 0.03046875 0.01953125
6 0.14921875 0.63828125 0.0390625 0.01953125
6 0.12578125 0.6734375 0.03828125 0.025
4 0.553125 0.278125 0.0046875 0.0140625
3 0.759375 0.85390625 0.021875 0.01796875
3 0.71875 0.89609375 0.009375 0.03515625
4 0.53046875 0.278125 0.003125 0.0140625
4 0.546875 0.290625 0.003125 0.01484375
4 0.571875 0.28203125 0.0046875 0.01484375
4 0.58828125 0.29921875 0.00390625 0.01484375
4 0.56953125 0.2390625 0.003125 0.01484375
4 0.53828125 0.2265625 0.003125 0.01015625
4 0.54609375 0.2265625 0.00390625 0.01171875
4 0.5859375 0.240625 0.003125 0.01328125
4 0.52265625 0.2765625 0.00390625 0.01328125
4 0.41796875 0.26953125 0.00390625 0.01328125
4 0.57890625 0.24140625 0.003125 0.01328125
4 0.5359375 0.27890625 0.003125 0.0140625
4 0.5421875 0.29296875 0.00390625 0.01171875
4 0.55078125 0.29296875 0.00390625 0.01171875
0 0.82421875 0.64609375 0.01484375 0.01484375
2 0.68359375 0.64609375 0.00546875 0.0234375
2 0.6765625 0.63046875 0.00625 0.025
2 0.66953125 0.63359375 0.00625 0.021875
2 0.67578125 0.65625 0.00625 0.01953125
0 0.821875 0.603125 0.01171875 0.00859375
2 0.97578125 0.921875 0.00703125 0.0234375
2 0.84140625 0.41171875 0.01640625 0.01171875
2 0.97890625 0.86171875 0.01328125 0.02421875
6 0.403125 0.52578125 0.03046875 0.01640625
0 0.7453125 0.43359375 0.01328125 0.01171875
5 0.965625 0.56171875 0.06875 0.0234375
2 0.98984375 0.81328125 0.01484375 0.03046875
0 0.796875 0.6046875 0.01171875 0.01328125
6 0.725 0.60546875 0.02578125 0.01640625
3 0.75234375 0.6 0.0203125 0.01328125
2 0.603125 0.56484375 0.01328125 0.01171875
2 0.41953125 0.4703125 0.01484375 0.01484375
6 0.93828125 0.40546875 0.0359375 0.01796875
4 0.6375 0.3984375 0.00625 0.009375
4 0.65625 0.59921875 0.00859375 0.00859375
3 0.571875 0.5875 0.01484375 0.015625
2 0.58125 0.62109375 0.01171875 0.01171875
2 0.43203125 0.54375 0.0140625 0.01328125
6 0.8625 0.55546875 0.03125 0.021875
6 0.703125 0.48046875 0.03125 0.01875
6 0.86875 0.52578125 0.03359375 0.01953125
3 0.3296875 0.5484375 0.01875 0.0140625
3 0.26171875 0.5 0.01953125 0.01484375
4 0.221875 0.590625 0.00546875 0.0109375
3 0.04453125 0.53203125 0.01875 0.01640625
4 0.22109375 0.615625 0.009375 0.00703125
4 0.29453125 0.56640625 0.00859375 0.0109375
2 0.00625 0.46640625 0.01171875 0.01484375
6 0.01171875 0.50234375 0.0234375 0.02109375
4 0.89140625 0.4 0.00546875 0.009375
4 0.8140625 0.4109375 0.00625 0.01015625
2 0.3390625 0.5265625 0.0140625 0.0140625
4 0.96328125 0.60703125 0.00703125 0.009375
4 0.853125 0.64609375 0.00546875 0.01015625