2 0.03359375 0.446875 0.02578125 0.0265625
4 0.0140625 0.534375 0.01171875 0.01328125
4 0.009375 0.54609375 0.01015625 0.00859375
4 0.021875 0.55 0.0109375 0.00703125
4 0.03125 0.56796875 0.01328125 0.01484375
4 0.046875 0.53828125 0.01875 0.015625
4 0.07421875 0.53515625 0.0140625 0.0203125
4 0.06015625 0.553125 0.0109375 0.01015625
4 0.06171875 0.56640625 0.01484375 0.01015625
4 0.10625 0.53046875 0.015625 0.01640625
4 0.10859375 0.56015625 0.01484375 0.01171875
4 0.1296875 0.4421875 0.0140625 0.01953125
4 0.1109375 0.459375 0.01171875 0.01796875
4 0.109375 0.47578125 0.01796875 0.0140625
4 0.17734375 0.42578125 0.009375 0.01484375
4 0.18828125 0.44921875 0.01640625 0.0140625
4 0.17109375 0.46328125 0.015625 0.01953125
4 0.22578125 0.446875 0.015625 0.01171875
4 0.228125 0.46015625 0.01875 0.009375
4 0.24453125 0.43984375 0.01484375 0.02421875
4 0.25859375 0.428125 0.009375 0.01171875
4 0.1640625 0.54375 0.01484375 0.01640625
4 0.20546875 0.54140625 0.0140625 0.00859375
4 0.2296875 0.52890625 0.009375 0.01171875
4 0.22578125 0.54921875 0.01171875 0.01484375
4 0.2171875 0.55546875 0.01015625 0.01875
4 0.2125 0.56953125 0.0109375 0.00703125
4 0.21171875 0.5796875 0.01015625 0.01171875
4 0.25078125 0.5484375 0.01171875 0.01796875
4 0.2765625 0.55546875 0.009375 0.0203125
6 0.18046875 0.53046875 0.021875 0.02421875
0 0.18046875 0.5578125 0.025 0.02890625
4 0.30625 0.45859375 0.015625 0.01640625
4 0.31953125 0.43828125 0.0140625 0.01640625
4 0.36171875 0.43984375 0.015625 0.021875
4 0.38125 0.428125 0.0140625 0.01875
4 0.3953125 0.43984375 0.01328125 0.01953125
4 0.38046875 0.4625 0.01640625 0.01640625
0 0.371875 0.55703125 0.01640625 0.021875
4 0.403125 0.52109375 0.01796875 0.01875
4 0.42109375 0.43671875 0.0140625 0.01484375
2 0.43828125 0.4609375 0.025 0.02109375
4 0.41640625 0.553125 0.01640625 0.01953125
4 0.4609375 0.54140625 0.0140625 0.025
6 0.496875 0.528125 0.02890625 0.02421875
4 0.5078125 0.4125 0.0109375 0.01171875
4 0.50625 0.43828125 0.01953125 0.01640625
4 0.553125 0.4515625 0.01796875 0.02578125
2 0.5234375 0.46328125 0.03046875 0.0296875
4 0.51875 0.54140625 0.01015625 0.01484375
4 0.55859375 0.5265625 0.01953125 0.01796875
4 0.54921875 0.54296875 0.01640625 0.01953125
2 0.56484375 0.5609375 0.0265625 0.03125
4 0.5859375 0.5453125 0.0140625 0.01484375
2 0.63203125 0.5234375 0.02109375 0.0234375
4 0.64140625 0.56015625 0.0140625 0.01484375
4 0.65703125 0.54375 0.01328125 0.01640625
4 0.66171875 0.44296875 0.02109375 0.01640625
4 0.690625 0.5390625 0.01796875 0.0203125
4 0.70390625 0.52578125 0.01484375 0.01796875
2 0.76640625 0.51953125 0.025 0.0265625
4 0.7640625 0.5546875 0.01171875 0.021875
4 0.7921875 0.54765625 0.01796875 0.01796875
4 0.83359375 0.54453125 0.01484375 0.01875
4 0.86171875 0.5359375 0.01640625 0.01484375
4 0.878125 0.52890625 0.0140625 0.01328125
4 0.8546875 0.45546875 0.0203125 0.01875
4 0.8578125 0.42890625 0.01796875 0.01640625
4 0.8703125 0.41796875 0.01796875 0.01484375
0 0.87890625 0.446875 0.01875 0.0203125
4 0.90703125 0.41484375 0.02109375 0.02421875
4 0.92109375 0.51328125 0.0140625 0.01328125
4 0.9078125 0.5296875 0.01015625 0.01484375
4 0.921875 0.53828125 0.01484375 0.01484375
4 0.90703125 0.55078125 0.01484375 0.015625
4 0.89609375 0.56640625 0.01171875 0.015625
4 0.95546875 0.55078125 0.01875 0.01796875
4 0.9890625 0.446875 0.01875 0.015625
6 0.9609375 0.41640625 0.0296875 0.0265625
0 0.0078125 0.56484375 0.015625 0.02890625
4 0.05703125 0.58046875 0.01484375 0.01640625
2 0.8515625 0.51796875 0.02578125 0.025