6 0.7359375 0.82109375 0.03515625 0.06640625
2 0.62734375 0.7484375 0.0234375 0.0390625
2 0.59921875 0.69375 0.01796875 0.03671875
2 0.56171875 0.59140625 0.01953125 0.0484375
3 0.52421875 0.62890625 0.0296875 0.0359375
0 0.5390625 0.6703125 0.015625 0.02109375
0 0.59765625 0.5140625 0.01171875 0.03671875
0 0.396875 0.5359375 0.015625 0.0296875
2 0.3015625 0.9109375 0.01953125 0.0390625
3 0.27421875 0.78828125 0.01953125 0.04140625
0 0.33671875 0.3625 0.01328125 0.03359375
0 0.46640625 0.328125 0.01640625 0.01640625
2 0.3953125 0.30078125 0.02421875 0.0359375
2 0.59375 0.21796875 0.025 0.028125
2 0.546875 0.246875 0.02578125 0.0296875
2 0.5140625 0.2765625 0.02578125 0.03125
0 0.746875 0.31171875 0.02109375 0.0265625
0 0.59609375 0.4515625 0.01796875 0.02578125
4 0.365625 0.48671875 0.0109375 0.01953125
4 0.38671875 0.49765625 0.01171875 0.0234375
4 0.40546875 0.478125 0.01328125 0.01640625
4 0.41640625 0.49140625 0.01484375 0.021875
4 0.44609375 0.49921875 0.01484375 0.01796875
4 0.43203125 0.49453125 0.0109375 0.0234375
4 0.44140625 0.51875 0.01171875 0.02109375
4 0.4546875 0.540625 0.0109375 0.02421875
4 0.4703125 0.54375 0.0140625 0.01875
4 0.44140625 0.553125 0.01328125 0.01796875
4 0.40546875 0.384375 0.00859375 0.025
4 0.4328125 0.39453125 0.01484375 0.01953125
4 0.45703125 0.4015625 0.0140625 0.01953125
4 0.475 0.40703125 0.0109375 0.015625
4 0.49140625 0.3921875 0.015625 0.01875
4 0.48984375 0.36640625 0.0140625 0.02109375
4 0.51640625 0.46015625 0.01015625 0.0234375
4 0.5265625 0.50625 0.01328125 0.01640625
4 0.5515625 0.4625 0.01171875 0.02421875
4 0.56484375 0.4734375 0.01171875 0.01875
4 0.36875 0.57265625 0.00546875 0.01796875
4 0.359375 0.56640625 0.01015625 0.0203125
4 0.3453125 0.53984375 0.0109375 0.0234375
4 0.3515625 0.51484375 0.009375 0.0203125
4 0.3484375 0.4625 0.009375 0.02109375
4 0.36640625 0.41953125 0.009375 0.02109375
4 0.33359375 0.39765625 0.0109375 0.028125
4 0.32421875 0.45625 0.009375 0.01875
4 0.321875 0.634375 0.009375 0.021875
4 0.33984375 0.6484375 0.01015625 0.01875
4 0.3671875 0.68203125 0.009375 0.01953125
4 0.334375 0.67890625 0.009375 0.02578125
4 0.32421875 0.65546875 0.01484375 0.02578125
4 0.2859375 0.7046875 0.01171875 0.02109375
4 0.33203125 0.784375 0.009375 0.02109375
4 0.3359375 0.81640625 0.009375 0.02109375
4 0.32734375 0.815625 0.00859375 0.02109375
4 0.32109375 0.86875 0.00859375 0.01953125
4 0.31796875 0.84140625 0.01015625 0.01953125
4 0.265625 0.846875 0.01015625 0.0234375
4 0.24375 0.896875 0.0109375 0.02421875
4 0.22890625 0.978125 0.009375 0.02421875
4 0.28046875 0.8515625 0.009375 0.01875
3 0.2515625 0.8078125 0.0203125 0.046875
2 0.21171875 0.9453125 0.01796875 0.04296875
2 0.26171875 0.2109375 0.02421875 0.034375
2 0.30390625 0.11640625 0.02109375 0.0390625
4 0.2984375 0.146875 0.01171875 0.0203125
4 0.2125 0.1421875 0.01328125 0.01640625
4 0.21328125 0.11953125 0.01328125 0.01484375
4 0.16953125 0.11875 0.00703125 0.01875
4 0.15859375 0.0296875 0.01640625 0.03515625
4 0.19375 0.15546875 0.01015625 0.01171875
4 0.19375 0.16796875 0.01328125 0.01484375
2 0.184375 0.13203125 0.02421875 0.03046875
4 0.56796875 0.7109375 0.0140625 0.0203125
4 0.50078125 0.65234375 0.0140625 0.01484375
4 0.525 0.6703125 0.01015625 0.01875
4 0.55625 0.66875 0.0109375 0.02109375
4 0.596875 0.73671875 0.00859375 0.01796875
4 0.590625 0.7453125 0.00859375 0.0203125
4 0.61015625 0.76328125 0.0140625 0.01875
4 0.6578125 0.78828125 0.0140625 0.01796875
4 0.7578125 0.809375 0.01640625 0.02109375
4 0.64921875 0.67421875 0.01015625 0.01875
4 0.6578125 0.67109375 0.009375 0.028125
4 0.640625 0.640625 0.01328125 0.01875
4 0.72890625 0.7515625 0.01171875 0.01640625
4 0.68671875 0.83203125 0.01171875 0.015625
4 0.67109375 0.81171875 0.0140625 0.01875
4 0.6984375 0.86640625 0.01328125 0.01796875
4 0.73671875 0.91484375 0.0140625 0.015625
4 0.7765625 0.84140625 0.0140625 0.015625
4 0.8265625 0.91640625 0.01015625 0.0203125
4 0.7203125 0.93359375 0.01328125 0.02421875
2 0.72578125 0.959375 0.0265625 0.0296875
4 0.4890625 0.32109375 0.0140625 0.015625
4 0.56875 0.29453125 0.01171875 0.01953125
4 0.5890625 0.28828125 0.01328125 0.015625
4 0.58671875 0.30078125 0.0140625 0.015625
4 0.60390625 0.25390625 0.0140625 0.01796875
4 0.68046875 0.215625 0.01640625 0.01640625
4 0.66484375 0.378125 0.01328125 0.01796875
4 0.55546875 0.33046875 0.01640625 0.01640625
4 0.70859375 0.16015625 0.01484375 0.01953125
4 0.759375 0.125 0.0140625 0.01640625
4 0.7921875 0.06953125 0.0140625 0.01484375
4 0.84921875 0.071875 0.01484375 0.0203125
4 0.90078125 0.0203125 0.01171875 0.01953125
4 0.83984375 0.27265625 0.0140625 0.0140625
4 0.728125 0.34296875 0.0140625 0.01875
4 0.859375 0.96875 0.009375 0.01640625
4 0.8796875 0.98828125 0.01328125 0.01484375
2 0.65546875 0.15078125 0.021875 0.03046875
2 0.6171875 0.1609375 0.0140625 0.04453125
2 0.859375 0.28671875 0.02421875 0.028125
2 0.84453125 0.3859375 0.02421875 0.04609375
2 0.75703125 0.628125 0.0203125 0.03828125
3 0.8203125 0.44609375 0.03203125 0.06484375
3 0.73203125 0.38671875 0.02578125 0.03125
3 0.80703125 0.32890625 0.02578125 0.02578125
3 0.83359375 0.30703125 0.03203125 0.04140625
3 0.8640625 0.33203125 0.0296875 0.05625
3 0.803125 0.50390625 0.01796875 0.03125
3 0.6703125 0.5796875 0.015625 0.028125
3 0.62578125 0.54296875 0.0203125 0.028125
3 0.61796875 0.4890625 0.01953125 0.02578125
4 0.64453125 0.46015625 0.01171875 0.015625
4 0.63828125 0.4484375 0.009375 0.021875
3 0.66796875 0.4375 0.02578125 0.03203125
3 0.7265625 0.671875 0.02421875 0.03359375
3 0.70390625 0.6328125 0.02109375 0.03984375
3 0.68984375 0.61015625 0.01953125 0.03359375
3 0.246875 0.2421875 0.02109375 0.02890625
3 0.18515625 0.21328125 0.021875 0.03359375
3 0.20859375 0.25859375 0.02109375 0.03828125
6 0.1890625 0.26015625 0.02578125 0.0453125
2 0.39921875 0.146875 0.02109375 0.03671875
0 0.40625 0.6859375 0.0140625 0.0265625
4 0.41171875 0.66328125 0.01171875 0.01640625
2 0.3265625 0.92421875 0.0140625 0.0359375
4 0.30390625 0.96171875 0.00703125 0.0234375
3 0.21328125 0.2828125 0.01953125 0.03828125
3 0.22734375 0.2921875 0.02578125 0.0484375
4 0.109375 0.12890625 0.00859375 0.01875
4 0.071875 0.12890625 0.009375 0.02109375
4 0.14296875 0.1921875 0.00625 0.01796875
4 0.1375 0.1890625 0.01015625 0.01875
4 0.2203125 0.2390625 0.01015625 0.01171875
4 0.23125 0.25 0.009375 0.0140625
4 0.2375 0.24609375 0.00625 0.0203125
4 0.30078125 0.440625 0.01328125 0.01953125
4 0.30859375 0.5796875 0.00703125 0.01953125
4 0.29609375 0.60859375 0.0109375 0.01640625
4 0.30390625 0.6171875 0.01015625 0.0203125
3 0.27578125 0.68125 0.015625 0.03359375
3 0.51796875 0.2203125 0.0203125 0.02890625
3 0.69609375 0.41796875 0.0296875 0.0390625
3 0.66484375 0.5640625 0.01796875 0.02890625
3 0.68125 0.58671875 0.0234375 0.040625
3 0.7140625 0.6484375 0.025 0.0453125
3 0.62578125 0.50546875 0.01953125 0.03203125
4 0.61171875 0.52578125 0.00859375 0.0140625
4 0.64765625 0.58203125 0.01171875 0.01484375
4 0.57578125 0.50625 0.00859375 0.01796875
4 0.59921875 0.17265625 0.00625 0.01640625
4 0.6265625 0.14296875 0.00859375 0.01875
4 0.63671875 0.13359375 0.00546875 0.01953125
4 0.64453125 0.12890625 0.00546875 0.015625
4 0.65078125 0.1265625 0.00546875 0.01875
4 0.65625 0.1234375 0.00546875 0.01953125
4 0.66171875 0.121875 0.0046875 0.01953125
4 0.665625 0.12109375 0.00546875 0.0203125
4 0.67109375 0.11015625 0.00390625 0.01328125
4 0.6765625 0.11328125 0.0046875 0.01640625
4 0.68046875 0.109375 0.0046875 0.01875
4 0.684375 0.10625 0.0046875 0.015625
4 0.60546875 0.13203125 0.00703125 0.01640625
4 0.60625 0.15859375 0.00546875 0.01796875
4 0.5859375 0.19921875 0.00703125 0.01875
4 0.54453125 0.19140625 0.00625 0.01953125
4 0.54921875 0.184375 0.0046875 0.0203125
4 0.559375 0.20390625 0.00703125 0.0203125
4 0.565625 0.19921875 0.00546875 0.01953125
4 0.57578125 0.1921875 0.00546875 0.01796875
4 0.57890625 0.18671875 0.00546875 0.01640625
4 0.59140625 0.1796875 0.00546875 0.01875
4 0.5859375 0.175 0.00625 0.01953125
4 0.51015625 0.24921875 0.00859375 0.01796875
4 0.49609375 0.2765625 0.00546875 0.01796875
4 0.4859375 0.2984375 0.00625 0.01953125
4 0.49140625 0.2765625 0.0046875 0.01796875
4 0.46953125 0.28203125 0.00859375 0.015625
4 0.43671875 0.31171875 0.009375 0.0109375
4 0.409375 0.27421875 0.00859375 0.01796875
4 0.365625 0.2609375 0.01171875 0.01796875
4 0.38515625 0.19375 0.009375 0.01796875
4 0.378125 0.12109375 0.00859375 0.01875
4 0.37578125 0.10625 0.00859375 0.01640625
4 0.3671875 0.08203125 0.009375 0.01796875
4 0.35625 0.065625 0.009375 0.01953125
4 0.3484375 0.0546875 0.00859375 0.01875
4 0.33671875 0.0453125 0.00859375 0.01953125
4 0.378125 0.03046875 0.009375 0.01796875
4 0.36171875 0.0296875 0.00703125 0.015625
4 0.36875 0.0375 0.00703125 0.01640625
4 0.37421875 0.0484375 0.009375 0.01953125
4 0.3390625 0.075 0.00859375 0.01484375
4 0.3296875 0.06953125 0.00859375 0.01875
4 0.32578125 0.065625 0.00703125 0.01796875
4 0.31875 0.0734375 0.01015625 0.01015625
4 0.315625 0.08046875 0.009375 0.0140625
4 0.30625 0.08125 0.00859375 0.015625
4 0.296875 0.08359375 0.00859375 0.01796875
4 0.31953125 0.10390625 0.00703125 0.01484375
4 0.334375 0.10859375 0.00703125 0.01796875
4 0.3265625 0.115625 0.00703125 0.01875
4 0.334375 0.13125 0.00703125 0.015625
4 0.340625 0.128125 0.00625 0.01484375
4 0.340625 0.115625 0.00546875 0.015625
4 0.34453125 0.10078125 0.00859375 0.0140625
4 0.353125 0.09140625 0.00625 0.02109375
4 0.3578125 0.10078125 0.00546875 0.01328125
4 0.3625 0.12109375 0.00703125 0.01640625
4 0.35546875 0.12265625 0.00546875 0.01640625
4 0.34765625 0.109375 0.00546875 0.015625
4 0.3671875 0.1328125 0.00703125 0.01640625
4 0.371875 0.14609375 0.00546875 0.01953125
4 0.26796875 0.92265625 0.01015625 0.0234375
4 0.2265625 0.83359375 0.01328125 0.0109375
4 0.234375 0.80390625 0.0109375 0.01171875
4 0.2359375 0.79609375 0.01015625 0.00859375
4 0.24375 0.77265625 0.0109375 0.01015625
4 0.25703125 0.74296875 0.009375 0.0140625
4 0.30703125 0.56015625 0.00859375 0.01875
4 0.4046875 0.2609375 0.009375 0.01328125
4 0.41328125 0.28359375 0.00625 0.01796875
4 0.428125 0.29296875 0.00390625 0.01484375
4 0.4328125 0.29296875 0.0046875 0.01875
4 0.43828125 0.29140625 0.00390625 0.01875
4 0.44296875 0.29140625 0.00625 0.0203125
4 0.4515625 0.28828125 0.009375 0.01171875
4 0.4515625 0.29921875 0.00859375 0.01640625
4 0.46328125 0.28984375 0.0046875 0.015625
4 0.459375 0.2828125 0.00546875 0.01875
4 0.52890625 0.3953125 0.0109375 0.01484375
4 0.69140625 0.11640625 0.00625 0.015625
4 0.76015625 0.03984375 0.00625 0.01796875
4 0.7671875 0.03359375 0.00546875 0.01796875
4 0.7734375 0.0265625 0.00546875 0.01953125
4 0.7484375 0.371875 0.00625 0.01796875
4 0.70546875 0.9734375 0.01171875 0.01875
4 0.753125 0.9921875 0.009375 0.015625
4 0.76328125 0.76953125 0.00703125 0.02109375
4 0.771875 0.74140625 0.01015625 0.0109375
4 0.771875 0.75234375 0.01171875 0.01015625
4 0.771875 0.76875 0.009375 0.00859375
4 0.778125 0.73359375 0.01171875 0.01015625
4 0.78125 0.72421875 0.009375 0.009375
4 0.78828125 0.70546875 0.01171875 0.00859375
4 0.7828125 0.715625 0.01015625 0.00859375
4 0.79296875 0.68984375 0.0109375 0.00703125
4 0.81484375 0.63125 0.0109375 0.00859375
4 0.8125 0.63671875 0.0109375 0.00859375
4 0.82421875 0.5984375 0.0140625 0.0109375
4 0.78359375 0.5515625 0.01171875 0.00859375
4 0.7875 0.54296875 0.01171875 0.01171875
4 0.78984375 0.53359375 0.009375 0.00859375
4 0.790625 0.52578125 0.01171875 0.00625
4 0.778125 0.5625 0.01328125 0.00625
4 0.7734375 0.56796875 0.01015625 0.00859375
4 0.77109375 0.5765625 0.009375 0.009375
4 0.8640625 0.484375 0.0109375 0.009375
4 0.88828125 0.43046875 0.01015625 0.01171875
4 0.8921875 0.42109375 0.01015625 0.01015625
4 0.884375 0.4109375 0.01171875 0.015625
4 0.9171875 0.3453125 0.00703125 0.01328125
4 0.97109375 0.25625 0.01328125 0.01953125
4 0.98125 0.20390625 0.01640625 0.01953125
4 0.99296875 0.121875 0.0140625 0.01484375
4 0.63125 0.16328125 0.00625 0.021875
4 0.53671875 0.271875 0.009375 0.0140625
4 0.4234375 0.309375 0.01015625 0.01015625
4 0.39609375 0.240625 0.009375 0.0140625
4 0.3890625 0.234375 0.00859375 0.0140625
4 0.34296875 0.14296875 0.00703125 0.01875
4 0.34921875 0.140625 0.00703125 0.01484375
4 0.35546875 0.14296875 0.00546875 0.01875
4 0.31640625 0.959375 0.00703125 0.01640625
6 0.06953125 0.03359375 0.0359375 0.065625