2 0.10078125 0.721875 0.02890625 0.0359375
2 0.075 0.81640625 0.040625 0.0296875
5 0.21328125 0.678125 0.06171875 0.04375
5 0.27421875 0.6640625 0.05859375 0.05703125
2 0.36796875 0.92421875 0.02421875 0.05546875
2 0.540625 0.8140625 0.0265625 0.03203125
2 0.5296875 0.853125 0.02578125 0.03203125
2 0.66796875 0.81875 0.03203125 0.03671875
2 0.8125 0.7203125 0.02890625 0.0359375
2 0.715625 0.87421875 0.02421875 0.0453125
2 0.79609375 0.803125 0.02890625 0.034375
2 0.79921875 0.8703125 0.02578125 0.040625
2 0.85390625 0.86484375 0.02578125 0.046875
2 0.93828125 0.8609375 0.03125 0.04296875
4 0.50703125 0.1625 0.00859375 0.02578125
0 0.459375 0.2515625 0.0140625 0.034375
4 0.48515625 0.29453125 0.0140625 0.025
4 0.4765625 0.25390625 0.0109375 0.02421875
4 0.37421875 0.678125 0.01171875 0.02890625
4 0.1921875 0.784375 0.01640625 0.0234375
4 0.31640625 0.903125 0.015625 0.025
4 0.29140625 0.76171875 0.01171875 0.0234375
4 0.2140625 0.728125 0.01640625 0.0234375
4 0.2671875 0.7015625 0.0140625 0.0203125
4 0.7265625 0.690625 0.01015625 0.01953125
4 0.74375 0.7046875 0.015625 0.01953125
0 0.76171875 0.78046875 0.021875 0.0296875
4 0.6390625 0.86328125 0.015625 0.01328125
4 0.934375 0.796875 0.01640625 0.0203125
4 0.69453125 0.79453125 0.01796875 0.0203125
4 0.5609375 0.78359375 0.02890625 0.01953125