2 0.57109375 0.98515625 0.0140625 0.0296875
2 0.578125 0.83203125 0.00859375 0.03203125
2 0.56875 0.7984375 0.00859375 0.03515625
2 0.55078125 0.78203125 0.0109375 0.03359375
2 0.57890625 0.7578125 0.00859375 0.03203125
2 0.58203125 0.7234375 0.009375 0.03046875
2 0.57109375 0.7234375 0.00859375 0.03046875
2 0.57421875 0.6859375 0.00859375 0.03125
2 0.5828125 0.6859375 0.00859375 0.0265625
2 0.5734375 0.6515625 0.009375 0.0296875
2 0.56484375 0.6828125 0.00859375 0.02890625
2 0.5546875 0.69296875 0.01171875 0.034375
2 0.5734375 0.65078125 0.00859375 0.02890625
0 0.58203125 0.6609375 0.00859375 0.02109375
0 0.56484375 0.6515625 0.00859375 0.01953125
0 0.56328125 0.74296875 0.009375 0.02109375
0 0.5765625 0.78984375 0.00703125 0.0234375
4 0.61953125 0.7984375 0.00546875 0.01796875
4 0.5578125 0.66484375 0.00625 0.015625
4 0.55625 0.7234375 0.00625 0.01796875
4 0.75 0.55703125 0.01015625 0.01015625
4 0.74375 0.56796875 0.0140625 0.01015625
4 0.784375 0.5609375 0.01171875 0.00859375
4 0.790625 0.54375 0.01171875 0.01015625
4 0.82265625 0.553125 0.01015625 0.01015625
4 0.88203125 0.49453125 0.01171875 0.00703125
4 0.83359375 0.396875 0.00859375 0.00859375
4 0.7890625 0.41171875 0.009375 0.00859375
4 0.75859375 0.40546875 0.00859375 0.009375
4 0.6125 0.475 0.009375 0.01171875
4 0.384375 0.45390625 0.009375 0.009375
4 0.38828125 0.4140625 0.01015625 0.01015625
2 0.2765625 0.45 0.0203125 0.01796875
4 0.20078125 0.43046875 0.01015625 0.01015625
0 0.1609375 0.434375 0.01640625 0.01328125
0 0.1546875 0.39375 0.01484375 0.01171875
2 0.2421875 0.58828125 0.0203125 0.01484375
4 0.4109375 0.57421875 0.009375 0.009375
4 0.5609375 0.78359375 0.00390625 0.01328125
4 0.5578125 0.64609375 0.0046875 0.015625
4 0.68203125 0.56640625 0.00859375 0.00703125
4 0.6859375 0.55546875 0.00859375 0.00625
4 0.678125 0.559375 0.00859375 0.00703125
4 0.6859375 0.5484375 0.00859375 0.00546875
4 0.68515625 0.540625 0.00703125 0.00625
4 0.678125 0.54296875 0.00859375 0.00625
4 0.678125 0.55 0.00859375 0.00625
2 0.68046875 0.5296875 0.015625 0.01484375
2 0.71484375 0.5390625 0.01796875 0.01796875
2 0.73828125 0.54140625 0.01796875 0.01328125
2 0.7734375 0.51875 0.01640625 0.01953125
2 0.9140625 0.5140625 0.01796875 0.02109375
2 0.98359375 0.48515625 0.0203125 0.01953125
2 0.82890625 0.34921875 0.01796875 0.01953125
2 0.78046875 0.33984375 0.01015625 0.03046875
0 0.565625 0.37734375 0.01328125 0.01640625
2 0.19609375 0.296875 0.01171875 0.03125
2 0.009375 0.41484375 0.01875 0.0265625
4 0.234375 0.21328125 0.00625 0.01796875
4 0.234375 0.28125 0.00703125 0.01796875