2 0.98515625 0.353125 0.02421875 0.021875
2 0.7734375 0.18203125 0.025 0.02421875
2 0.7828125 0.26328125 0.025 0.021875
2 0.503125 0.36640625 0.02578125 0.02421875
2 0.3484375 0.56015625 0.03203125 0.03203125
2 0.153125 0.503125 0.03203125 0.0234375
2 0.16953125 0.3859375 0.02578125 0.04296875
2 0.16015625 0.24921875 0.025 0.04375
2 0.0265625 0.02890625 0.01953125 0.05
2 0.0953125 0.01640625 0.021875 0.0328125
2 0.06640625 0.0984375 0.015625 0.04375
2 0.05390625 0.14453125 0.01171875 0.04375
2 0.03828125 0.18203125 0.015625 0.04609375
2 0.00546875 0.20703125 0.01015625 0.03984375
2 0.02421875 0.23828125 0.0140625 0.04296875
2 0.03125 0.27421875 0.0203125 0.04140625
2 0.00859375 0.2875 0.0171875 0.040625
4 0.60859375 0.35546875 0.01015625 0.00859375
4 0.26328125 0.35390625 0.01328125 0.01171875
4 0.215625 0.5390625 0.0140625 0.01953125
4 0.1578125 0.5390625 0.01328125 0.01484375
4 0.12109375 0.3953125 0.01171875 0.01015625
4 0.1234375 0.409375 0.01171875 0.0140625
4 0.059375 0.17109375 0.00546875 0.0203125
4 0.034375 0.0703125 0.00703125 0.0234375
4 0.01328125 0.04765625 0.00546875 0.02109375
4 0.009375 0.03046875 0.0109375 0.01875
0 0.04765625 0.05703125 0.015625 0.03046875
0 0.19140625 0.521875 0.01640625 0.01796875
0 0.2 0.36015625 0.01640625 0.01640625
0 0.29609375 0.515625 0.01484375 0.01953125
6 0.0765625 0.30859375 0.028125 0.0703125