2 0.01640625 0.88828125 0.0203125 0.01953125
4 0.06171875 0.94296875 0.01171875 0.01328125
4 0.05078125 0.80390625 0.0109375 0.01015625
4 0.0859375 0.7953125 0.01640625 0.0140625
4 0.1234375 0.74296875 0.0140625 0.01015625
4 0.14375 0.8015625 0.0109375 0.01171875
0 0.140625 0.96640625 0.01484375 0.01640625
1 0.15078125 0.86796875 0.06328125 0.03671875
5 0.21796875 0.6734375 0.05703125 0.025
5 0.278125 0.66484375 0.05703125 0.03125
0 0.2921875 0.7125 0.01640625 0.0140625
3 0.253125 0.88359375 0.0296875 0.02578125
4 0.29921875 0.8 0.01171875 0.0140625
4 0.28203125 0.865625 0.01328125 0.01171875
4 0.34375 0.79453125 0.0140625 0.0140625
0 0.36328125 0.76796875 0.01484375 0.015625
2 0.36640625 0.88984375 0.025 0.02421875
4 0.4109375 0.78828125 0.01171875 0.01953125
4 0.41640625 0.87578125 0.0109375 0.015625
0 0.465625 0.78046875 0.0109375 0.03515625
2 0.46640625 0.70625 0.01171875 0.0453125
4 0.49921875 0.76171875 0.00546875 0.0203125
4 0.5078125 0.778125 0.00625 0.0234375
4 0.5484375 0.80078125 0.01015625 0.02421875
4 0.53359375 0.86640625 0.009375 0.02109375
4 0.5828125 0.85 0.01328125 0.01640625
4 0.58125 0.909375 0.01171875 0.0140625
2 0.5265625 0.815625 0.0203125 0.0359375
0 0.52890625 0.64921875 0.00859375 0.02890625
4 0.48125 0.62265625 0.009375 0.0234375
0 0.465625 0.53125 0.009375 0.02578125
2 0.4796875 0.43359375 0.0109375 0.03203125
4 0.46796875 0.2484375 0.0046875 0.01953125
4 0.52578125 0.25546875 0.00859375 0.0203125
4 0.4796875 0.28515625 0.00703125 0.01875
4 0.678125 0.696875 0.0109375 0.01484375
2 0.66484375 0.80625 0.02109375 0.0234375
4 0.69453125 0.771875 0.01484375 0.01484375
0 0.7484375 0.7640625 0.01953125 0.0203125
4 0.78046875 0.79921875 0.01171875 0.01484375
4 0.7953125 0.78671875 0.01328125 0.01171875
4 0.82421875 0.81015625 0.01171875 0.0140625
4 0.83125 0.7015625 0.01171875 0.0140625
3 0.89453125 0.79296875 0.01953125 0.0203125
4 0.9234375 0.80625 0.0109375 0.01796875
4 0.978125 0.7875 0.01328125 0.01484375
4 0.97265625 0.8109375 0.01328125 0.01171875
4 0.99296875 0.8859375 0.0140625 0.01953125
0 0.50859375 0.94609375 0.01796875 0.01484375