1 0.28046875 0.653125 0.0546875 0.03125
1 0.221875 0.659375 0.05703125 0.03125
3 0.1984375 0.8453125 0.03046875 0.0234375
0 0.14296875 0.9484375 0.015625 0.0203125
0 0.509375 0.9359375 0.01484375 0.01328125
0 0.67109375 0.75625 0.015625 0.0265625
0 0.86640625 0.78671875 0.01796875 0.01796875
2 0.18046875 0.871875 0.02421875 0.025
2 0.36015625 0.859375 0.02421875 0.021875
2 0.4140625 0.75859375 0.0203125 0.01953125
2 0.428125 0.83671875 0.01875 0.034375
2 0.45625 0.9109375 0.02109375 0.02578125
2 0.52890625 0.79609375 0.01875 0.034375
2 0.571875 0.7515625 0.0203125 0.03203125
2 0.6078125 0.765625 0.0234375 0.025
2 0.665625 0.80078125 0.021875 0.0234375
2 0.70703125 0.78828125 0.0234375 0.0234375
2 0.72734375 0.8125 0.025 0.021875
2 0.78515625 0.7890625 0.0234375 0.0234375
2 0.821875 0.77421875 0.02421875 0.021875
2 0.8109375 0.81015625 0.021875 0.0203125
2 0.86171875 0.80703125 0.021875 0.0234375
2 0.90625 0.81171875 0.0234375 0.0203125
2 0.98828125 0.85546875 0.0234375 0.0234375
2 0.80390625 0.703125 0.02109375 0.0234375
4 0.0640625 0.91328125 0.0109375 0.00859375
4 0.11015625 0.94453125 0.0109375 0.00859375
4 0.34921875 0.88203125 0.01328125 0.01171875
4 0.5109375 0.8078125 0.01015625 0.01640625
4 0.5296875 0.765625 0.009375 0.01953125
4 0.54375 0.78828125 0.00859375 0.01953125
4 0.53828125 0.8296875 0.01015625 0.01875
4 0.55078125 0.89140625 0.01328125 0.01171875
4 0.60625 0.78671875 0.01171875 0.0109375
4 0.70859375 0.67421875 0.009375 0.009375
4 0.8390625 0.7265625 0.01015625 0.01015625
4 0.78515625 0.759375 0.0140625 0.01171875
4 0.73828125 0.78203125 0.0109375 0.0109375
4 0.75546875 0.79609375 0.0109375 0.0109375
4 0.89296875 0.84921875 0.01484375 0.0140625
4 0.6796875 0.846875 0.0140625 0.01171875
4 0.59140625 0.84140625 0.01328125 0.01484375
4 0.17265625 0.7734375 0.015625 0.01328125
4 0.359375 0.65859375 0.01171875 0.01015625
4 0.41640625 0.74140625 0.01171875 0.01015625
4 0.4640625 0.69453125 0.009375 0.0203125
4 0.521875 0.59453125 0.00546875 0.02578125
4 0.53125 0.58828125 0.00546875 0.025
4 0.53359375 0.65625 0.00546875 0.0203125
4 0.54140625 0.68203125 0.01015625 0.01953125
4 0.53125 0.52578125 0.00703125 0.03046875
4 0.5234375 0.4484375 0.00703125 0.0296875
4 0.53046875 0.41640625 0.00859375 0.021875
4 0.52890625 0.309375 0.00703125 0.034375
4 0.52890625 0.24140625 0.0046875 0.02578125