2 0.4609375 0.5140625 0.0265625 0.034375
2 0.36953125 0.484375 0.0234375 0.03671875
2 0.46015625 0.56171875 0.0203125 0.0359375
0 0.240625 0.94140625 0.015625 0.02890625
0 0.265625 0.7859375 0.01015625 0.02890625
0 0.40625 0.71171875 0.01640625 0.0296875
0 0.30859375 0.696875 0.01484375 0.02890625
2 0.70078125 0.76328125 0.021875 0.0359375
2 0.83203125 0.953125 0.0203125 0.03671875
0 0.628125 0.45859375 0.01796875 0.028125
0 0.68984375 0.3515625 0.0203125 0.0203125
0 0.57578125 0.296875 0.01796875 0.025
0 0.33046875 0.5421875 0.01640625 0.0296875
0 0.33671875 0.61796875 0.01640625 0.02890625
3 0.32890625 0.315625 0.02109375 0.0390625
0 0.878125 0.0609375 0.02109375 0.025
2 0.5515625 0.24453125 0.02578125 0.03125
2 0.51796875 0.2734375 0.02890625 0.03125
2 0.7234375 0.9625 0.02578125 0.0265625
2 0.34296875 0.16875 0.02109375 0.03359375
2 0.865625 0.28828125 0.0234375 0.028125
3 0.80625 0.503125 0.015625 0.02890625
0 0.62890625 0.54140625 0.01953125 0.025
0 0.671875 0.58125 0.01484375 0.02890625
0 0.62109375 0.4890625 0.0203125 0.0234375
3 0.69296875 0.61015625 0.0234375 0.0359375
3 0.728125 0.6765625 0.02109375 0.03203125
3 0.71796875 0.6484375 0.02578125 0.04140625
3 0.6703125 0.43828125 0.03125 0.03515625
3 0.73515625 0.38671875 0.02578125 0.03359375
3 0.8109375 0.33046875 0.025 0.02890625
3 0.8390625 0.3078125 0.034375 0.04375
3 0.8671875 0.3359375 0.03046875 0.0609375
3 0.82421875 0.446875 0.03125 0.0640625
2 0.834375 0.48828125 0.02421875 0.0484375
2 0.846875 0.38828125 0.025 0.040625
2 0.75859375 0.62890625 0.02421875 0.0453125
3 0.7859375 0.86875 0.02578125 0.04140625
3 0.31015625 0.84921875 0.0265625 0.0515625
2 0.3265625 0.91640625 0.01875 0.03984375
2 0.23203125 0.18515625 0.021875 0.03125
2 0.40546875 0.140625 0.02109375 0.0359375
6 0.19375 0.2484375 0.0265625 0.05390625
3 0.19140625 0.2046875 0.0265625 0.03203125
3 0.2546875 0.234375 0.0203125 0.034375
3 0.2328125 0.28125 0.025 0.046875
3 0.21328125 0.2484375 0.0234375 0.04453125
4 0.75390625 0.990625 0.0078125 0.01875
4 0.76796875 0.9609375 0.01015625 0.01640625
4 0.76875 0.946875 0.01328125 0.015625
4 0.76953125 0.92734375 0.0140625 0.01875
4 0.85546875 0.95546875 0.015625 0.01796875
4 0.715625 0.85546875 0.01171875 0.01953125
4 0.7109375 0.92890625 0.01171875 0.01875
4 0.70546875 0.975 0.0109375 0.021875
4 0.7234375 0.89375 0.01171875 0.01640625
4 0.70546875 0.8796875 0.0109375 0.01796875
4 0.68125 0.81953125 0.01328125 0.01875
4 0.65546875 0.79453125 0.0109375 0.01640625
4 0.721875 0.81171875 0.01171875 0.0203125
4 0.72890625 0.78125 0.0109375 0.01796875
4 0.7734375 0.74375 0.01171875 0.01796875
4 0.78046875 0.83671875 0.01171875 0.01953125
4 0.64453125 0.828125 0.009375 0.021875
4 0.59921875 0.83828125 0.00859375 0.01640625
4 0.57578125 0.72109375 0.01171875 0.01796875
4 0.60546875 0.6375 0.01328125 0.01953125
4 0.56640625 0.67421875 0.01328125 0.02109375
4 0.54609375 0.58125 0.0140625 0.015625
4 0.5609375 0.534375 0.00859375 0.02109375
4 0.5765625 0.52421875 0.01328125 0.02109375
4 0.5921875 0.4390625 0.01015625 0.01640625
4 0.565625 0.41796875 0.0140625 0.0140625
4 0.571875 0.39296875 0.01171875 0.01640625
4 0.546875 0.35859375 0.009375 0.025
4 0.61953125 0.4140625 0.0140625 0.01484375
4 0.6484375 0.459375 0.009375 0.01328125
4 0.62890625 0.278125 0.01171875 0.0140625
4 0.5125 0.31875 0.0140625 0.01640625
4 0.7078125 0.13046875 0.01328125 0.01328125
4 0.71875 0.1140625 0.01015625 0.01640625
4 0.7296875 0.14921875 0.01328125 0.015625
4 0.68046875 0.1296875 0.009375 0.01484375
4 0.7671875 0.13046875 0.01328125 0.0140625
4 0.80703125 0.13359375 0.01328125 0.01484375
4 0.78984375 0.1328125 0.01171875 0.0140625
4 0.80625 0.06640625 0.01328125 0.0140625
4 0.821875 0.10546875 0.01328125 0.01484375
4 0.8890625 0.07265625 0.01171875 0.0140625
4 0.87890625 0.08671875 0.01171875 0.01328125
4 0.83671875 0.22109375 0.01640625 0.01953125
4 0.79140625 0.25703125 0.01171875 0.01875
4 0.7921875 0.275 0.015625 0.01796875
4 0.74296875 0.29609375 0.01640625 0.02109375
4 0.753125 0.37421875 0.00859375 0.01796875
4 0.7109375 0.3890625 0.0140625 0.0140625
4 0.70078125 0.365625 0.0140625 0.01796875
4 0.52109375 0.6234375 0.00859375 0.01875
4 0.5234375 0.6578125 0.01015625 0.01796875
4 0.48671875 0.63046875 0.0109375 0.01484375
4 0.471875 0.54453125 0.01171875 0.01484375
4 0.49609375 0.53828125 0.009375 0.015625
4 0.503125 0.5484375 0.01015625 0.01796875
4 0.51953125 0.45546875 0.01015625 0.01875
4 0.4796875 0.38828125 0.0140625 0.01875
4 0.5015625 0.42421875 0.01015625 0.01875
3 0.48828125 0.43984375 0.021875 0.03671875
4 0.48203125 0.27578125 0.00625 0.01953125
4 0.4734375 0.278125 0.00859375 0.01953125
4 0.4640625 0.27890625 0.00625 0.01953125
4 0.440625 0.33046875 0.0109375 0.01171875
4 0.45703125 0.37890625 0.01171875 0.0140625
4 0.4578125 0.39453125 0.01171875 0.0140625
4 0.4359375 0.36953125 0.01015625 0.015625
4 0.43671875 0.353125 0.01171875 0.01640625
4 0.38046875 0.26875 0.0109375 0.01953125
4 0.3859375 0.2296875 0.009375 0.01328125
4 0.3890625 0.21171875 0.01015625 0.0140625
4 0.41484375 0.27265625 0.00859375 0.01953125
4 0.40859375 0.2609375 0.00703125 0.01640625
4 0.40703125 0.31796875 0.01015625 0.0203125
4 0.39921875 0.396875 0.01015625 0.01953125
4 0.40078125 0.434375 0.01484375 0.0203125
4 0.37109375 0.559375 0.009375 0.015625
4 0.3765625 0.51875 0.009375 0.01640625
4 0.403125 0.5171875 0.01171875 0.01875
4 0.42265625 0.48671875 0.0109375 0.01484375
4 0.428125 0.52734375 0.01171875 0.015625
4 0.4453125 0.571875 0.009375 0.01796875
4 0.39921875 0.57890625 0.01171875 0.015625
4 0.40703125 0.63046875 0.01328125 0.025
4 0.375 0.678125 0.01015625 0.01875
4 0.33984375 0.56640625 0.009375 0.02109375
4 0.32421875 0.578125 0.0109375 0.0203125
4 0.328125 0.66796875 0.0109375 0.02109375
4 0.328125 0.6953125 0.01171875 0.0234375
4 0.3078125 0.58671875 0.009375 0.01953125
4 0.353125 0.73984375 0.01328125 0.021875
4 0.27578125 0.78125 0.009375 0.021875
4 0.27578125 0.81796875 0.009375 0.021875
4 0.29140625 0.81015625 0.01171875 0.02109375
4 0.271875 0.86484375 0.009375 0.02421875
4 0.24375 0.884375 0.01015625 0.02109375
4 0.30390625 0.92578125 0.009375 0.021875
4 0.25703125 0.05546875 0.015625 0.01953125
4 0.24296875 0.0671875 0.01171875 0.0234375
4 0.290625 0.1359375 0.01015625 0.0203125
4 0.29921875 0.1265625 0.0109375 0.021875
4 0.32265625 0.140625 0.01171875 0.02578125
4 0.30859375 0.17890625 0.01171875 0.01796875
4 0.3234375 0.18359375 0.009375 0.021875
4 0.29375 0.21015625 0.01328125 0.0234375
4 0.28125 0.228125 0.01171875 0.025
6 0.0765625 0.02890625 0.0375 0.0578125
4 0.1171875 0.11640625 0.009375 0.0234375
4 0.14296875 0.1765625 0.00859375 0.0140625
4 0.1484375 0.1828125 0.01015625 0.01796875
4 0.26328125 0.47890625 0.00703125 0.01640625
4 0.2828125 0.51015625 0.00625 0.01796875
4 0.30234375 0.53671875 0.01171875 0.01171875
4 0.2515625 0.78359375 0.00703125 0.01640625
4 0.24453125 0.76953125 0.0109375 0.00703125
4 0.23984375 0.78671875 0.01171875 0.009375
4 0.2359375 0.79453125 0.0109375 0.01015625
4 0.228125 0.8234375 0.01328125 0.01171875
4 0.22578125 0.83671875 0.01171875 0.00859375
4 0.246875 0.75625 0.01171875 0.0109375
3 0.27890625 0.67109375 0.01484375 0.0296875
4 0.296875 0.31328125 0.00703125 0.01953125
4 0.23515625 0.240625 0.00859375 0.0140625
4 0.24296875 0.23828125 0.00703125 0.01953125
4 0.34375 0.03828125 0.01171875 0.01796875
4 0.35390625 0.046875 0.009375 0.01796875
4 0.36328125 0.059375 0.00859375 0.01640625
4 0.34375 0.06875 0.009375 0.015625
4 0.33671875 0.0625 0.00859375 0.01328125
4 0.33203125 0.0578125 0.00859375 0.01640625
4 0.32578125 0.065625 0.0109375 0.01015625
4 0.321875 0.0734375 0.01015625 0.0109375
4 0.31328125 0.0859375 0.01015625 0.01484375
4 0.31953125 0.09453125 0.00859375 0.01640625
4 0.33125 0.07890625 0.00703125 0.01640625
4 0.340625 0.10234375 0.00703125 0.01640625
4 0.3453125 0.10859375 0.00859375 0.01640625
4 0.35078125 0.0921875 0.00703125 0.01171875
4 0.359375 0.084375 0.009375 0.01875
4 0.3640625 0.09375 0.00703125 0.015625
4 0.3609375 0.115625 0.00625 0.01484375
4 0.3671875 0.1140625 0.00703125 0.015625
4 0.3734375 0.1265625 0.00546875 0.01796875
4 0.378125 0.13828125 0.00546875 0.01875
4 0.34921875 0.1359375 0.00625 0.015625
4 0.34453125 0.134375 0.00703125 0.015625
4 0.340625 0.12421875 0.00859375 0.0140625
4 0.37734375 0.07890625 0.00703125 0.015625
4 0.38046875 0.0984375 0.009375 0.015625
4 0.38984375 0.10546875 0.00703125 0.01875
4 0.38359375 0.11484375 0.00546875 0.015625
4 0.378125 0.11640625 0.00546875 0.015625
4 0.40703125 0.2421875 0.009375 0.009375
3 0.5234375 0.21875 0.025 0.028125
4 0.51484375 0.24296875 0.00859375 0.01640625
4 0.553125 0.20859375 0.00625 0.01640625
4 0.55078125 0.1890625 0.00625 0.01796875
4 0.55625 0.1828125 0.00546875 0.01953125
4 0.56328125 0.20078125 0.00546875 0.0203125
4 0.584375 0.184375 0.00546875 0.015625
4 0.59140625 0.19609375 0.00546875 0.01796875
4 0.60546875 0.171875 0.00546875 0.01875
4 0.596875 0.1765625 0.00703125 0.01953125
4 0.59140625 0.171875 0.00546875 0.0203125
4 0.6109375 0.12890625 0.00859375 0.0203125
4 0.63203125 0.14375 0.00625 0.0234375
4 0.640625 0.15625 0.01015625 0.01640625
3 0.62265625 0.15859375 0.015625 0.040625
4 0.61171875 0.15625 0.00546875 0.01796875
2 0.66171875 0.1484375 0.021875 0.021875
4 0.65078125 0.12890625 0.00625 0.01953125
4 0.65625 0.12578125 0.0046875 0.021875
4 0.66171875 0.1234375 0.00625 0.01953125
4 0.66796875 0.1234375 0.0046875 0.01796875
4 0.671875 0.11953125 0.00390625 0.0203125
4 0.678125 0.11328125 0.00546875 0.01875
4 0.68359375 0.109375 0.00625 0.01953125
4 0.69453125 0.10390625 0.00546875 0.01796875
4 0.690625 0.10546875 0.0046875 0.01796875
4 0.728125 0.090625 0.00546875 0.01875
4 0.77890625 0.02734375 0.00703125 0.01953125
3 0.70078125 0.41796875 0.03046875 0.040625
4 0.79609375 0.52109375 0.01328125 0.0109375
4 0.79140625 0.5453125 0.009375 0.01484375
4 0.78515625 0.553125 0.01171875 0.01171875
4 0.78046875 0.565625 0.01171875 0.0109375
4 0.77734375 0.57109375 0.0109375 0.01015625
4 0.77421875 0.57890625 0.01171875 0.01015625
4 0.78359375 0.725 0.01015625 0.0109375
4 0.78125 0.734375 0.00859375 0.01015625
4 0.78515625 0.71875 0.01015625 0.01015625
4 0.8015625 0.6703125 0.0109375 0.00859375
4 0.7984375 0.68203125 0.00625 0.01796875
4 0.809375 0.64921875 0.00859375 0.01171875
4 0.80703125 0.65703125 0.009375 0.01328125
4 0.828125 0.60078125 0.01015625 0.0109375
4 0.8171875 0.63359375 0.009375 0.0109375
4 0.86796875 0.4890625 0.01171875 0.009375
4 0.89296875 0.43203125 0.01015625 0.01015625
4 0.8953125 0.42578125 0.01171875 0.0109375
4 0.90546875 0.3953125 0.00859375 0.015625
4 0.978125 0.265625 0.0140625 0.01640625
4 0.92421875 0.35078125 0.00859375 0.01640625
4 0.934375 0.33359375 0.00859375 0.01953125