2 0.03125 0.53046875 0.0234375 0.0234375
2 0.13515625 0.528125 0.0234375 0.0234375
2 0.18046875 0.53125 0.0203125 0.01796875
4 0.0453125 0.546875 0.0109375 0.01171875
4 0.0375 0.55390625 0.01015625 0.01328125
4 0.02890625 0.5609375 0.009375 0.0109375
4 0.04609375 0.44921875 0.009375 0.01171875
4 0.06640625 0.44296875 0.01328125 0.0109375
4 0.078125 0.52890625 0.009375 0.01015625
4 0.09296875 0.52421875 0.009375 0.01171875
4 0.10703125 0.52734375 0.0109375 0.00859375
4 0.096875 0.54140625 0.01171875 0.00859375
4 0.090625 0.55625 0.009375 0.0109375
4 0.10625 0.5703125 0.01171875 0.009375
4 0.12578125 0.565625 0.01015625 0.00703125
4 0.14296875 0.54296875 0.01015625 0.00546875
4 0.1484375 0.5546875 0.0109375 0.01171875
4 0.16328125 0.5640625 0.0140625 0.01171875
4 0.19375 0.55546875 0.01015625 0.01015625
4 0.19921875 0.5390625 0.01015625 0.01171875
4 0.203125 0.51953125 0.0109375 0.009375
4 0.21953125 0.53828125 0.01328125 0.00703125
4 0.21640625 0.55 0.01015625 0.00859375
4 0.25546875 0.54375 0.009375 0.009375
4 0.259375 0.52578125 0.01171875 0.01171875
4 0.2984375 0.53359375 0.00703125 0.00625
4 0.3078125 0.540625 0.0109375 0.00859375
4 0.2734375 0.43828125 0.01171875 0.009375
4 0.309375 0.4296875 0.0109375 0.0140625
1 0.09921875 0.46640625 0.05390625 0.0265625
0 0.12578125 0.4265625 0.01640625 0.021875
0 0.16015625 0.434375 0.01953125 0.02421875
0 0.05390625 0.42578125 0.0203125 0.021875
4 0.33984375 0.5453125 0.01328125 0.01796875
4 0.35546875 0.534375 0.01328125 0.00859375
4 0.35859375 0.51953125 0.009375 0.0140625
4 0.378125 0.42578125 0.01328125 0.01953125
4 0.3875 0.53828125 0.0109375 0.01484375
4 0.3640625 0.54609375 0.00703125 0.01484375
4 0.37734375 0.55390625 0.01171875 0.01640625
4 0.38203125 0.56171875 0.015625 0.01484375
4 0.409375 0.528125 0.01484375 0.00703125
4 0.4578125 0.52734375 0.0109375 0.01328125
4 0.4828125 0.4359375 0.0109375 0.01875
4 0.484375 0.54296875 0.0109375 0.01484375
4 0.52109375 0.53515625 0.0140625 0.01328125
4 0.5265625 0.55234375 0.01171875 0.0109375
4 0.53828125 0.56796875 0.00703125 0.01484375
4 0.53828125 0.440625 0.01015625 0.01171875
4 0.553125 0.4296875 0.0109375 0.01484375
4 0.5703125 0.45546875 0.01640625 0.0109375
4 0.57890625 0.55078125 0.00859375 0.01796875
4 0.6015625 0.52578125 0.01015625 0.01171875
4 0.609375 0.54140625 0.01484375 0.0203125
4 0.6328125 0.415625 0.00859375 0.0109375
4 0.6671875 0.5453125 0.0109375 0.01953125
4 0.67578125 0.528125 0.0109375 0.0109375
4 0.7421875 0.52421875 0.01484375 0.01484375
4 0.76953125 0.45 0.0109375 0.01171875
4 0.77421875 0.434375 0.01015625 0.0140625
4 0.7828125 0.41953125 0.01328125 0.01015625
2 0.61484375 0.46171875 0.02578125 0.01953125
2 0.696875 0.4609375 0.02578125 0.015625
0 0.784375 0.55625 0.0203125 0.01640625
0 0.73984375 0.43203125 0.0140625 0.021875
0 0.60859375 0.4390625 0.01796875 0.01640625
4 0.8171875 0.44921875 0.015625 0.01796875
4 0.85859375 0.44609375 0.0140625 0.01171875
4 0.90390625 0.440625 0.01328125 0.01171875
4 0.903125 0.4546875 0.01875 0.00859375
4 0.946875 0.52421875 0.01875 0.02109375
4 0.92578125 0.52734375 0.01171875 0.00859375
4 0.94140625 0.54140625 0.01640625 0.01484375
4 0.9296875 0.55078125 0.015625 0.01484375
4 0.9578125 0.428125 0.015625 0.0109375
4 0.9515625 0.40546875 0.01171875 0.0140625
3 0.984375 0.4609375 0.03046875 0.025
0 0.99375 0.43359375 0.01171875 0.01875
0 0.984375 0.5515625 0.01796875 0.02578125