0 0.41171875 0.58125 0.0140625 0.01640625
4 0.44375 0.47890625 0.01328125 0.01796875
2 0.1546875 0.35703125 0.01875 0.01953125
2 0.2171875 0.4140625 0.0203125 0.028125
2 0.1671875 0.134375 0.01875 0.0296875
3 0.465625 0.48671875 0.01796875 0.02109375
2 0.290625 0.54296875 0.02421875 0.025
0 0.31875 0.6796875 0.0140625 0.0140625
0 0.32578125 0.571875 0.01484375 0.01953125
4 0.178125 0.65390625 0.015625 0.01484375
0 0.23828125 0.5734375 0.0109375 0.0203125
0 0.271875 0.7546875 0.015625 0.01796875
3 0.19921875 0.771875 0.01875 0.01796875
3 0.46953125 0.515625 0.02109375 0.0234375
0 0.053125 0.67265625 0.01796875 0.015625
0 0.02421875 0.68984375 0.015625 0.0140625
2 0.08671875 0.65546875 0.01796875 0.01796875
0 0.07109375 0.6453125 0.01171875 0.021875
0 0.3453125 0.33203125 0.01640625 0.01875
0 0.30625 0.609375 0.01328125 0.01484375
3 0.52578125 0.47734375 0.01484375 0.02421875
3 0.41796875 0.6734375 0.015625 0.01484375
4 0.8140625 0.75859375 0.01328125 0.01953125
4 0.61875 0.55078125 0.00859375 0.0140625
4 0.4328125 0.4703125 0.009375 0.0140625
0 0.17421875 0.37890625 0.01640625 0.01640625
4 0.0359375 0.01328125 0.01015625 0.0140625
4 0.16328125 0.24609375 0.01484375 0.01953125
2 0.296875 0.253125 0.01640625 0.021875
3 0.278125 0.23125 0.01328125 0.04296875
0 0.62421875 0.60703125 0.01484375 0.01953125
2 0.60625 0.534375 0.01796875 0.02578125
0 0.521875 0.559375 0.009375 0.01640625
0 0.721875 0.4765625 0.01015625 0.0203125
4 0.76328125 0.05859375 0.01171875 0.01328125
4 0.73046875 0.09765625 0.01015625 0.0234375
4 0.83984375 0.2046875 0.00859375 0.01953125
0 0.8765625 0.09296875 0.01171875 0.0234375
0 0.7859375 0.3703125 0.01328125 0.0203125
0 0.62890625 0.31953125 0.01640625 0.01875
0 0.6734375 0.265625 0.01328125 0.02109375
0 0.71484375 0.5 0.0140625 0.0234375
4 0.453125 0.46875 0.01484375 0.01875
4 0.45390625 0.5234375 0.01171875 0.01875
4 0.48125 0.415625 0.01015625 0.01640625
4 0.45078125 0.58828125 0.01640625 0.01953125
2 0.7390625 0.7140625 0.02109375 0.028125
2 0.703125 0.61640625 0.01640625 0.03203125
2 0.72265625 0.6359375 0.01953125 0.03046875
0 0.69140625 0.84375 0.01171875 0.01796875
0 0.7046875 0.85078125 0.01328125 0.01796875
4 0.8015625 0.73828125 0.00859375 0.01484375
4 0.93203125 0.89296875 0.009375 0.01484375
0 0.74296875 0.8640625 0.0109375 0.01640625
2 0.44375 0.5640625 0.02421875 0.02890625
4 0.01953125 0.78203125 0.015625 0.01640625
0 0.0265625 0.7109375 0.0140625 0.01328125
4 0.21484375 0.63046875 0.0109375 0.01796875
2 0.696875 0.4609375 0.015625 0.034375
4 0.21875 0.246875 0.0140625 0.0203125
2 0.74765625 0.33203125 0.015625 0.0234375
0 0.78046875 0.04765625 0.01171875 0.025
4 0.78671875 0.253125 0.01171875 0.01953125
4 0.74296875 0.09375 0.01171875 0.01953125
0 0.74296875 0.1296875 0.01640625 0.02421875
0 0.690625 0.19140625 0.015625 0.0234375
3 0.740625 0.4921875 0.01015625 0.02421875
0 0.7546875 0.49375 0.01015625 0.015625
0 0.5984375 0.6515625 0.01484375 0.015625
4 0.534375 0.6234375 0.01015625 0.015625
2 0.45703125 0.66640625 0.01875 0.0203125
3 0.7026481609374999 0.8350235078124999 0.7027976921875 0.8291388109375 0.6895656234375 0.815518175 0.6869958359375 0.8283833734374999 0.700545621875 0.8424936109375001 0.7026481609374999 0.8350235078124999
4 0.91875 0.85390625 0.01171875 0.01796875
0 0.89921875 0.809375 0.01640625 0.0265625
0 0.921875 0.828125 0.01953125 0.01875
0 0.41328125 0.45859375 0.015625 0.0203125
4 0.43515625 0.4953125 0.0109375 0.01171875
0 0.50859375 0.43828125 0.01328125 0.01875
0 0.359375 0.5421875 0.01328125 0.01953125
4 0.62265625 0.53671875 0.01171875 0.01328125
4 0.60546875 0.61640625 0.00859375 0.01796875
3 0.78828125 0.69140625 0.01484375 0.0203125
4 0.81328125 0.73203125 0.01015625 0.01796875
4 0.915625 0.8890625 0.01328125 0.015625
4 0.2875 0.26171875 0.009375 0.01171875
4 0.15703125 0.71953125 0.01328125 0.01328125
3 0.05 0.821875 0.01875 0.0140625
4 0.78984375 0.1859375 0.009375 0.021875
2 0.66811164375 0.5198897390624999 0.6600203953125 0.51139626875 0.6453090921875 0.5381833687500001 0.6542661734374999 0.5495158671875 0.66811164375 0.5198897390624999
4 0.77890625 0.1859375 0.009375 0.01875
0 0.82109375 0.02890625 0.01328125 0.02578125
0 0.5625 0.36953125 0.0140625 0.0203125
3 0.55390625 0.68515625 0.0140625 0.02578125
0 0.446875 0.5375 0.0109375 0.01484375
4 0.43671875 0.58515625 0.0109375 0.0109375
4 0.61171875 0.52734375 0.01015625 0.01640625
3 0.58984375 0.715625 0.01484375 0.0234375
0 0.47578125 0.4390625 0.01328125 0.01640625
4 0.459375 0.42421875 0.0140625 0.01171875
0 0.58984375 0.53359375 0.01171875 0.01875
4 0.46328125 0.50390625 0.01171875 0.01328125
4 0.58203125 0.3640625 0.01328125 0.015625
0 0.6765625 0.528125 0.01015625 0.02109375
4 0.7359375 0.45546875 0.00859375 0.01640625
4 0.95546875 0.9359375 0.01015625 0.01796875
4 0.965625 0.9609375 0.01171875 0.01796875
0 0.65390625 0.759375 0.01640625 0.02109375
2 0.553125 0.47578125 0.01796875 0.03515625
4 0.68984375 0.2671875 0.009375 0.015625
4 0.7515625 0.0984375 0.01328125 0.021875
2 0.76328125 0.3390625 0.01875 0.03046875
0 0.7484375 0.4015625 0.0140625 0.025
0 0.7609375 0.4453125 0.01171875 0.0203125
3 0.48046875 0.59609375 0.02109375 0.0234375
4 0.68984375 0.79140625 0.0109375 0.015625
4 0.69765625 0.6828125 0.0140625 0.025
4 0.71171875 0.81328125 0.01328125 0.015625
4 0.7546875 0.85234375 0.0109375 0.01484375
4 0.7015625 0.7828125 0.0140625 0.0203125
3 0.8296875 0.93359375 0.01796875 0.02890625
4 0.78046875 0.85390625 0.01328125 0.01484375
4 0.6765625 0.74296875 0.015625 0.01328125
4 0.86015625 0.81796875 0.0109375 0.01953125
4 0.36953125 0.3375 0.01484375 0.0109375
2 0.0890625 0.24140625 0.021875 0.0296875
0 0.45859375 0.44609375 0.01171875 0.0203125
4 0.71484375 0.16328125 0.01171875 0.01796875
4 0.59765625 0.3359375 0.01171875 0.015625
4 0.76015625 0.14765625 0.01015625 0.01484375
4 0.725 0.16484375 0.01171875 0.01328125
0 0.6984375 0.21640625 0.01484375 0.0203125
4 0.63671875 0.29921875 0.01015625 0.01796875
0 0.4328125 0.43828125 0.0140625 0.02109375
0 0.365625 0.56328125 0.01484375 0.02578125
2 0.4875 0.465625 0.02421875 0.0296875
4 0.1890625 0.20390625 0.0140625 0.01796875
4 0.18046875 0.3390625 0.01328125 0.0203125
0 0.446875 0.5015625 0.0140625 0.01953125
0 0.15390625 0.675 0.015625 0.01484375
4 0.3671875 0.38046875 0.009375 0.0140625
0 0.0359375 0.73203125 0.01640625 0.01875
4 0.14296875 0.73125 0.01015625 0.01171875
4 0.34453125 0.515625 0.009375 0.01875
4 0.371875 0.62578125 0.0109375 0.01484375
4 0.40703125 0.5640625 0.01171875 0.015625
4 0.315625 0.6578125 0.0140625 0.0203125
4 0.4421875 0.52109375 0.00859375 0.01328125
4 0.27890625 0.59140625 0.01171875 0.01484375
4 0.44375 0.4484375 0.0109375 0.01484375
2 0.521875 0.50390625 0.025 0.0203125
0 0.59921875 0.63515625 0.01484375 0.01953125
4 0.79453125 0.234375 0.00859375 0.0203125
0 0.79453125 0.32734375 0.01171875 0.0203125
3 0.58046875 0.63125 0.01484375 0.025
0 0.6921875 0.5296875 0.00859375 0.01875
0 0.78203125 0.28671875 0.01796875 0.0296875
4 0.74921875 0.57578125 0.01171875 0.01875
0 0.65390625 0.58046875 0.01328125 0.02109375
0 0.58828125 0.61171875 0.01328125 0.01640625
4 0.6234375 0.634375 0.01171875 0.01875
3 0.62890625 0.75390625 0.01796875 0.025
0 0.7890625 0.71171875 0.009375 0.021875
4 0.7765625 0.709375 0.0109375 0.01640625
4 0.78125 0.72578125 0.0109375 0.021875
4 0.7515625 0.62578125 0.00859375 0.0203125
4 0.73828125 0.56875 0.009375 0.01484375
3 0.6038407125 0.556695825 0.59107638125 0.5364854625000001 0.5844167453125 0.5557099437499999 0.597736040625 0.5709909640624999 0.6038407125 0.556695825
2 0.73671875 0.82109375 0.02421875 0.025
4 0.6984375 0.81171875 0.009375 0.01484375
4 0.7234375 0.8359375 0.0109375 0.01640625
4 0.73671875 0.8390625 0.00859375 0.0140625
4 0.65390625 0.7734375 0.00859375 0.01328125
4 0.68125 0.76796875 0.009375 0.0109375
0 0.6765625 0.7921875 0.0140625 0.0234375
2 0.86796875 0.971875 0.01875 0.03203125
2 0.89609375 0.97734375 0.01953125 0.03828125
4 0.11796875 0.21875 0.01015625 0.01796875
4 0.121875 0.19609375 0.00859375 0.01875
2 0.10078125 0.19453125 0.01953125 0.03046875
2 0.12734375 0.27109375 0.02109375 0.02578125
0 0.10625 0.2765625 0.015625 0.02578125
4 0.071875 0.1 0.01484375 0.01953125
4 0.15703125 0.31015625 0.0109375 0.01640625
4 0.19921875 0.3359375 0.01171875 0.01953125
4 0.31171875 0.30390625 0.01015625 0.01875
3 0.48046875 0.53359375 0.02109375 0.01796875
4 0.5421875 0.4578125 0.015625 0.015625
4 0.51171875 0.4625 0.01015625 0.01953125
1 0.7484375 0.278125 0.04140625 0.09453125
1 0.85390625 0.05859375 0.04375 0.09375
1 0.590625 0.48984375 0.0359375 0.04921875
6 0.628125 0.56875 0.0390625 0.06796875
5 0.621875 0.70703125 0.04609375 0.0640625
5 0.79921875 0.76796875 0.05 0.065625
0 0.31640625 0.521875 0.01171875 0.02578125