4 0.53671875 0.38984375 0.01875 0.0296875
2 0.50078125 0.31328125 0.0234375 0.04375
2 0.38828125 0.36640625 0.0265625 0.03125
0 0.553125 0.44765625 0.0140625 0.03515625
0 0.53828125 0.465625 0.01796875 0.03671875
0 0.51171875 0.19296875 0.01875 0.02890625
0 0.50078125 0.15078125 0.01953125 0.0234375
0 0.64296875 0.20234375 0.01796875 0.02890625
2 0.59921875 0.203125 0.02890625 0.0296875
4 0.60546875 0.221875 0.01171875 0.0359375
2 0.55859375 0.23828125 0.02578125 0.02421875
2 0.54296875 0.20546875 0.025 0.025
2 0.5265625 0.171875 0.02578125 0.0265625
4 0.53359375 0.1859375 0.01875 0.01796875
4 0.71171875 0.23515625 0.0140625 0.02109375
4 0.678125 0.20546875 0.01484375 0.01953125
4 0.66875 0.209375 0.01796875 0.01484375
4 0.646875 0.18359375 0.01875 0.01640625
4 0.678125 0.16875 0.01484375 0.0140625
4 0.69296875 0.11796875 0.0109375 0.0203125
4 0.7015625 0.11953125 0.01015625 0.02109375
4 0.703125 0.15390625 0.01640625 0.0203125
4 0.709375 0.1859375 0.01796875 0.021875
4 0.721875 0.1734375 0.01953125 0.0203125
3 0.66328125 0.22421875 0.025 0.02578125
2 0.77578125 0.140625 0.01484375 0.04375
2 0.8359375 0.1625 0.02421875 0.02421875
2 0.815625 0.01640625 0.01640625 0.03203125
0 0.89921875 0.18984375 0.02421875 0.0265625
0 0.9140625 0.2140625 0.0234375 0.021875
0 0.85703125 0.196875 0.021875 0.025
3 0.92109375 0.15546875 0.0203125 0.02421875
4 0.99296875 0.22421875 0.0140625 0.01484375
4 0.99609375 0.23203125 0.00703125 0.01953125
4 0.89765625 0.228125 0.01484375 0.015625
4 0.86953125 0.225 0.01640625 0.01640625
4 0.8578125 0.2109375 0.0203125 0.0203125
2 0.85703125 0.25078125 0.02421875 0.025
4 0.809375 0.24765625 0.01640625 0.02109375
4 0.8234375 0.20078125 0.01484375 0.01484375
2 0.81328125 0.215625 0.02578125 0.02421875
2 0.82890625 0.23203125 0.0234375 0.02109375
2 0.75625 0.2484375 0.025 0.0234375
4 0.75546875 0.23203125 0.0203125 0.01875
4 0.75859375 0.21875 0.01875 0.01484375
4 0.7578125 0.21171875 0.01796875 0.01796875
4 0.79140625 0.19296875 0.01328125 0.01953125
3 0.74296875 0.1890625 0.021875 0.0234375
4 0.7890625 0.421875 0.0203125 0.021875
4 0.78515625 0.3484375 0.0203125 0.02109375
2 0.69296875 0.384375 0.02421875 0.02421875
2 0.6703125 0.38125 0.02578125 0.02421875
2 0.67578125 0.36015625 0.02421875 0.0234375
2 0.6484375 0.35859375 0.025 0.02421875
2 0.6421875 0.378125 0.0265625 0.0234375
4 0.66875 0.403125 0.015625 0.021875
4 0.653125 0.3921875 0.01640625 0.01875
4 0.640625 0.390625 0.01640625 0.015625
0 0.6359375 0.40625 0.02109375 0.025
4 0.63046875 0.34375 0.01796875 0.01953125
4 0.62578125 0.35546875 0.01484375 0.01796875
4 0.63203125 0.36015625 0.01171875 0.01953125
4 0.54296875 0.57578125 0.01171875 0.02578125
4 0.53671875 0.65390625 0.00859375 0.03046875
0 0.54921875 0.66171875 0.01640625 0.0390625
4 0.54140625 0.853125 0.01171875 0.028125
4 0.51328125 0.87890625 0.01171875 0.02890625
2 0.5046875 0.971875 0.0140625 0.04453125
0 0.52578125 0.88203125 0.01484375 0.04296875
4 0.478125 0.86640625 0.01171875 0.02578125
4 0.44609375 0.89921875 0.0140625 0.034375
4 0.45546875 0.9359375 0.009375 0.03203125
2 0.48046875 0.78828125 0.01484375 0.046875
4 0.46015625 0.67265625 0.01015625 0.0296875
0 0.478125 0.66953125 0.01328125 0.034375
2 0.4671875 0.71328125 0.01484375 0.05390625
2 0.47890625 0.72578125 0.01953125 0.05
4 0.4765625 0.4890625 0.00859375 0.02890625
4 0.47421875 0.5125 0.01171875 0.0265625
4 0.5015625 0.49453125 0.01171875 0.02578125
4 0.50078125 0.515625 0.01171875 0.028125
4 0.4984375 0.5328125 0.009375 0.02421875
4 0.496875 0.55078125 0.00859375 0.0203125
4 0.49453125 0.56796875 0.00859375 0.021875
2 0.48515625 0.584375 0.01875 0.04921875
2 0.48046875 0.62890625 0.01640625 0.046875
2 0.496875 0.64140625 0.015625 0.05
2 0.50234375 0.56640625 0.01640625 0.0453125
2 0.50859375 0.5203125 0.01875 0.0515625
2 0.47890625 0.5375 0.01875 0.04921875
2 0.48984375 0.68828125 0.01796875 0.046875
2 0.48359375 0.49765625 0.01640625 0.04453125
2 0.490625 0.525 0.01640625 0.053125
4 0.30234375 0.596875 0.01640625 0.01484375
4 0.30078125 0.60546875 0.01640625 0.0140625
4 0.2984375 0.6140625 0.0140625 0.01484375
2 0.090625 0.590625 0.0234375 0.025
2 0.04609375 0.5859375 0.021875 0.0234375
2 0.04140625 0.6140625 0.025 0.0296875
2 0.0375 0.69921875 0.021875 0.021875
2 0.1578125 0.20859375 0.02578125 0.0296875
2 0.15078125 0.15625 0.02421875 0.028125
2 0.115625 0.14140625 0.02421875 0.03203125
2 0.07890625 0.1015625 0.01796875 0.053125
4 0.03203125 0.08671875 0.015625 0.0203125
4 0.1984375 0.13828125 0.0140625 0.02109375
2 0.1859375 0.17890625 0.03046875 0.02578125
2 0.20625 0.1609375 0.03046875 0.025
2 0.27421875 0.19921875 0.02421875 0.0234375
2 0.221875 0.1984375 0.028125 0.02578125
2 0.234375 0.22265625 0.025 0.02578125
2 0.265625 0.225 0.021875 0.0234375
2 0.29296875 0.22421875 0.0234375 0.021875
0 0.37890625 0.1765625 0.0203125 0.02421875
0 0.33515625 0.15703125 0.02421875 0.02421875
2 0.34609375 0.178125 0.02890625 0.0234375
2 0.340625 0.20078125 0.025 0.0265625
2 0.36328125 0.21953125 0.025 0.025
2 0.334375 0.2265625 0.02578125 0.02421875
4 0.31796875 0.22421875 0.01796875 0.0234375
2 0.40078125 0.21015625 0.025 0.028125
6 0.378125 0.19453125 0.03125 0.0296875
2 0.453125 0.18984375 0.025 0.02578125
2 0.43203125 0.16484375 0.0234375 0.02421875
4 0.46015625 0.1609375 0.01875 0.02109375
4 0.42421875 0.203125 0.02421875 0.0265625
4 0.4390625 0.20625 0.01640625 0.01796875
4 0.43203125 0.23046875 0.01796875 0.01796875
4 0.44375 0.24921875 0.01171875 0.02890625
4 0.4328125 0.24609375 0.01171875 0.01484375
4 0.38671875 0.16328125 0.01640625 0.02578125
2 0.53515625 0.0109375 0.01328125 0.02109375
2 0.61640625 0.0109375 0.0140625 0.021875
2 0.55390625 0.07578125 0.01796875 0.025
2 0.99453125 0.20234375 0.01015625 0.028125
0 0.034375 0.04296875 0.0234375 0.03515625
4 0.03359375 0.01875 0.01796875 0.025
4 0.02109375 0.08046875 0.01640625 0.02421875
4 0.01484375 0.11875 0.0203125 0.025
4 0.0078125 0.09296875 0.015625 0.021875
6 0.3625 0.41796875 0.025 0.04296875
4 0.37890625 0.4453125 0.0140625 0.0234375
4 0.68203125 0.18828125 0.01796875 0.02109375
4 0.6734375 0.18046875 0.015625 0.02421875
4 0.6765625 0.11875 0.01015625 0.03046875
4 0.52578125 0.771875 0.00859375 0.02578125
3 0.00703125 0.1484375 0.01328125 0.028125