1 0.221875 0.66953125 0.05703125 0.03125
1 0.28125 0.66328125 0.05546875 0.03125
2 0.053125 0.796875 0.02109375 0.0203125
2 0.175 0.8171875 0.021875 0.0203125
2 0.30703125 0.78203125 0.02109375 0.0203125
2 0.56171875 0.80390625 0.0234375 0.02109375
2 0.8140625 0.815625 0.021875 0.0203125
3 0.9390625 0.8734375 0.03046875 0.02421875
0 0.4765625 0.49609375 0.00703125 0.021875
0 0.52890625 0.153125 0.00703125 0.02421875
0 0.54375 0.8390625 0.0140625 0.01875
0 0.55703125 0.828125 0.0140625 0.01953125
0 0.69140625 0.909375 0.01484375 0.01640625
0 0.02109375 0.72421875 0.01875 0.01484375
0 0.13125 0.7265625 0.01640625 0.015625
2 0.7828125 0.690625 0.0140625 0.0140625
0 0.14140625 0.96640625 0.01328125 0.015625
0 0.15625 0.934375 0.01171875 0.0140625
4 0.17890625 0.78359375 0.01171875 0.01015625
4 0.253125 0.8234375 0.01171875 0.01015625
4 0.10859375 0.9640625 0.01015625 0.00859375
4 0.1921875 0.94140625 0.009375 0.009375
4 0.3515625 0.771875 0.009375 0.0109375
4 0.35703125 0.7609375 0.0109375 0.00859375
4 0.42578125 0.775 0.009375 0.00859375
4 0.46796875 0.784375 0.01015625 0.009375
4 0.51171875 0.8203125 0.00703125 0.0140625
4 0.5234375 0.82109375 0.01015625 0.015625
4 0.546875 0.78125 0.0109375 0.009375
4 0.584375 0.775 0.01015625 0.009375
4 0.6 0.75703125 0.01171875 0.009375
4 0.6328125 0.78203125 0.0109375 0.00859375
4 0.66640625 0.79453125 0.0109375 0.01015625
4 0.69609375 0.77421875 0.0109375 0.01015625
4 0.77890625 0.7921875 0.009375 0.0109375
4 0.80078125 0.77890625 0.0109375 0.01328125
4 0.82578125 0.79140625 0.01015625 0.009375
4 0.88203125 0.78828125 0.01171875 0.01015625
4 0.909375 0.85546875 0.01328125 0.01015625
4 0.98515625 0.7953125 0.0109375 0.01015625
4 0.98203125 0.70859375 0.01171875 0.009375
4 0.98671875 0.72421875 0.0109375 0.0109375
4 0.8015625 0.709375 0.01015625 0.009375
4 0.828125 0.70390625 0.0109375 0.01015625
4 0.84296875 0.73046875 0.01015625 0.0109375
4 0.63671875 0.659375 0.00859375 0.00703125
4 0.63671875 0.85625 0.0109375 0.00859375
4 0.64375 0.90078125 0.01015625 0.0109375
4 0.47265625 0.06171875 0.00625 0.01953125
4 0.48125 0.10390625 0.00625 0.01953125
4 0.5328125 0.23203125 0.0046875 0.01875
4 0.5265625 0.2890625 0.00703125 0.01953125
4 0.53125 0.49609375 0.00703125 0.021875
4 0.53828125 0.66171875 0.00703125 0.0203125