5 0.3546875 0.12578125 0.0265625 0.04296875
5 0.4109375 0.1484375 0.0234375 0.04140625
2 0.37734375 0.159375 0.01171875 0.02421875
2 0.30859375 0.209375 0.01328125 0.021875
2 0.34921875 0.2734375 0.01328125 0.0296875
2 0.453125 0.1359375 0.01328125 0.02421875
2 0.3421875 0.3046875 0.01171875 0.02421875
2 0.24609375 0.5109375 0.0140625 0.02421875
2 0.071875 0.803125 0.015625 0.02578125
2 0.0375 0.9703125 0.01796875 0.02109375
2 0.02421875 0.97421875 0.015625 0.02578125
2 0.059375 0.88046875 0.01796875 0.028125
2 0.24921875 0.8875 0.01953125 0.034375
2 0.33671875 0.925 0.0140625 0.02421875
2 0.403125 0.81640625 0.0140625 0.0234375
2 0.4515625 0.75390625 0.0140625 0.02578125
2 0.2265625 0.7046875 0.015625 0.0265625
2 0.290625 0.66953125 0.01484375 0.025
2 0.31328125 0.65234375 0.0140625 0.02421875
2 0.31875 0.6640625 0.015625 0.02421875
2 0.3265625 0.62265625 0.01484375 0.025
2 0.3390625 0.59453125 0.0140625 0.0234375
2 0.33359375 0.6390625 0.01640625 0.025
2 0.34921875 0.59609375 0.01484375 0.0234375
2 0.3515625 0.61171875 0.01484375 0.01875
2 0.3578125 0.5421875 0.015625 0.02578125
2 0.36640625 0.56953125 0.015625 0.0265625
2 0.38515625 0.55625 0.01328125 0.021875
2 0.3859375 0.509375 0.0140625 0.0234375
2 0.3921875 0.521875 0.0140625 0.0234375
2 0.3984375 0.53515625 0.0140625 0.02421875
2 0.453125 0.43125 0.01171875 0.0265625
2 0.50390625 0.45078125 0.01328125 0.021875
2 0.5328125 0.38203125 0.01484375 0.025
2 0.5578125 0.36875 0.015625 0.02578125
2 0.53203125 0.47265625 0.01484375 0.02578125
2 0.54296875 0.48671875 0.01484375 0.02578125
2 0.4984375 0.52578125 0.0140625 0.02421875
2 0.428125 0.58984375 0.01640625 0.0296875
2 0.4546875 0.62421875 0.01484375 0.025
2 0.5328125 0.7296875 0.00859375 0.025
2 0.696875 0.30546875 0.015625 0.02578125
2 0.63671875 0.39921875 0.0140625 0.02421875
2 0.61796875 0.434375 0.0140625 0.025
2 0.60390625 0.4609375 0.015625 0.02578125
2 0.58359375 0.4890625 0.01484375 0.021875
2 0.58828125 0.51328125 0.0140625 0.02109375
2 0.5390625 0.5640625 0.00859375 0.01328125
2 0.559375 0.58359375 0.01171875 0.02109375
2 0.58828125 0.634375 0.01171875 0.0203125
2 0.6171875 0.684375 0.0140625 0.02421875
2 0.634375 0.7125 0.01171875 0.021875
2 0.61640625 0.7109375 0.0140625 0.021875
2 0.78203125 0.9734375 0.0140625 0.02421875
2 0.74296875 0.8859375 0.015625 0.0265625
2 0.73828125 0.953125 0.0140625 0.02421875
2 0.6890625 0.8765625 0.01328125 0.02578125
2 0.64375 0.8171875 0.0140625 0.021875
2 0.63125 0.8171875 0.0140625 0.02421875
2 0.62421875 0.75703125 0.0140625 0.0234375
2 0.62421875 0.7828125 0.01484375 0.02421875
2 0.61875 0.79140625 0.0140625 0.0203125
2 0.59375 0.709375 0.0140625 0.0234375
2 0.61015625 0.73359375 0.0140625 0.02421875
2 0.60703125 0.753125 0.015625 0.02421875
2 0.60390625 0.7703125 0.01484375 0.02578125
2 0.5921875 0.73046875 0.01640625 0.0265625
0 0.68359375 0.1046875 0.01015625 0.01875
0 0.9359375 0.0609375 0.01328125 0.0234375
0 0.64453125 0.56875 0.00859375 0.01484375
0 0.671875 0.70859375 0.00546875 0.015625
0 0.803125 0.97890625 0.01015625 0.01875
0 0.646875 0.79609375 0.01015625 0.015625
0 0.61953125 0.8125 0.00859375 0.01796875
0 0.58046875 0.6859375 0.00859375 0.01640625
0 0.43828125 0.678125 0.00859375 0.01796875
0 0.42421875 0.83203125 0.009375 0.0140625
0 0.26171875 0.66875 0.00859375 0.02109375
0 0.37578125 0.5765625 0.009375 0.01328125
0 0.34453125 0.565625 0.009375 0.015625
0 0.36640625 0.52109375 0.009375 0.01484375
0 0.36953125 0.496875 0.00859375 0.015625
0 0.3765625 0.50703125 0.01015625 0.015625
0 0.29921875 0.23984375 0.01015625 0.015625
0 0.27265625 0.1796875 0.01015625 0.0140625
0 0.521875 0.065625 0.00859375 0.01484375
4 0.3265625 0.128125 0.00625 0.01328125
4 0.34765625 0.18671875 0.00546875 0.01015625
4 0.375 0.19296875 0.00703125 0.01328125
4 0.38671875 0.33359375 0.00703125 0.00625
4 0.35703125 0.3390625 0.0046875 0.015625
4 0.35546875 0.3609375 0.00390625 0.01171875
4 0.40546875 0.50546875 0.00625 0.00859375
4 0.40625 0.5140625 0.0046875 0.00859375
4 0.3734375 0.503125 0.00625 0.01015625
4 0.34140625 0.540625 0.00546875 0.00703125
4 0.3734375 0.52890625 0.00625 0.01015625
4 0.378125 0.53125 0.00546875 0.00703125
4 0.38125 0.53671875 0.00625 0.00859375
4 0.3859375 0.540625 0.0046875 0.01015625
4 0.37890625 0.55 0.00625 0.01171875
4 0.375 0.54609375 0.00546875 0.01015625
4 0.37109375 0.540625 0.00546875 0.00703125
4 0.36875 0.55078125 0.0046875 0.00703125
4 0.35546875 0.565625 0.00703125 0.00859375
4 0.36640625 0.5859375 0.00625 0.00859375
4 0.3421875 0.61640625 0.00546875 0.009375
4 0.30859375 0.721875 0.00625 0.01015625
4 0.3 0.7484375 0.0046875 0.009375
4 0.24453125 0.73359375 0.0046875 0.01328125
4 0.21484375 0.7859375 0.00859375 0.01171875
4 0.1984375 0.93671875 0.00546875 0.00859375
4 0.29296875 0.94609375 0.00546875 0.01171875
4 0.3484375 0.94609375 0.00546875 0.01015625
4 0.3609375 0.90625 0.00546875 0.0109375
4 0.4203125 0.78359375 0.00546875 0.009375
4 0.45703125 0.4859375 0.00625 0.01015625
4 0.4265625 0.3421875 0.0046875 0.01015625
4 0.57421875 0.290625 0.00546875 0.00859375
4 0.55703125 0.56328125 0.00546875 0.01015625
4 0.51796875 0.55625 0.00625 0.01015625
4 0.465625 0.65 0.00546875 0.0109375
4 0.63515625 0.79453125 0.00625 0.0109375
4 0.63125 0.8 0.00546875 0.01015625
4 0.6015625 0.77890625 0.00546875 0.0109375
4 0.59609375 0.76875 0.0046875 0.0109375
4 0.56953125 0.6640625 0.0046875 0.0109375
4 0.57578125 0.69609375 0.00625 0.01328125
4 0.5734375 0.703125 0.00625 0.00703125
4 0.5734375 0.715625 0.00546875 0.0109375
4 0.56953125 0.721875 0.0046875 0.01171875
4 0.5828125 0.7375 0.00546875 0.01015625
4 0.58671875 0.73359375 0.00546875 0.0109375
4 0.57890625 0.74453125 0.00546875 0.009375
4 0.59140625 0.75078125 0.0046875 0.01015625
4 0.5859375 0.75 0.00625 0.00859375
4 0.5890625 0.7609375 0.00546875 0.01015625
4 0.5921875 0.75859375 0.0046875 0.00703125
3 0.3859375 0.63046875 0.01875 0.03203125
3 0.33828125 0.71328125 0.01640625 0.0265625