2 0.09140625 0.87890625 0.01875 0.0296875
2 0.04140625 0.97109375 0.0203125 0.034375
2 0.11328125 0.8984375 0.0203125 0.03828125
2 0.19609375 0.78984375 0.01875 0.03203125
2 0.2078125 0.98203125 0.01953125 0.03515625
2 0.228125 0.95625 0.021875 0.03671875
2 0.24140625 0.72890625 0.0203125 0.03671875
2 0.26015625 0.70703125 0.01796875 0.025
2 0.28046875 0.68203125 0.01875 0.03359375
2 0.29609375 0.665625 0.015625 0.021875
2 0.29140625 0.64765625 0.01640625 0.02890625
2 0.31171875 0.6453125 0.01640625 0.03125
2 0.321875 0.83125 0.01875 0.03046875
2 0.328125 0.625 0.01796875 0.0234375
2 0.321875 0.61171875 0.0140625 0.021875
2 0.34296875 0.5984375 0.01640625 0.03125
2 0.42578125 0.71640625 0.02109375 0.021875
2 0.32421875 0.95625 0.01953125 0.02578125
2 0.3703125 0.96484375 0.01640625 0.0296875
2 0.48203125 0.63984375 0.015625 0.0265625
2 0.50859375 0.640625 0.01953125 0.028125
2 0.45703125 0.58515625 0.01953125 0.0296875
2 0.4484375 0.59921875 0.0234375 0.034375
2 0.4265625 0.5609375 0.0140625 0.03125
2 0.53046875 0.6578125 0.0203125 0.025
2 0.5640625 0.64296875 0.01328125 0.03203125
2 0.40859375 0.48671875 0.015625 0.03203125
2 0.32578125 0.31875 0.01796875 0.03203125
2 0.2875 0.16640625 0.015625 0.03203125
2 0.31796875 0.0140625 0.01953125 0.028125
2 0.33046875 0.0140625 0.02109375 0.028125
2 0.35 0.121875 0.01640625 0.0359375
2 0.41171875 0.26875 0.01640625 0.028125
2 0.421875 0.25625 0.01640625 0.02578125
2 0.434375 0.29140625 0.0140625 0.0265625
2 0.4234375 0.29375 0.01640625 0.03828125
2 0.55078125 0.22265625 0.01328125 0.034375
2 0.58125 0.19921875 0.0140625 0.03515625
2 0.56484375 0.1390625 0.01328125 0.040625
2 0.5515625 0.053125 0.01171875 0.0390625
2 0.58828125 0.0640625 0.0203125 0.02890625
2 0.6375 0.31328125 0.02421875 0.025
2 0.69296875 0.3234375 0.0203125 0.02578125
2 0.78359375 0.23125 0.01640625 0.028125
2 0.7921875 0.16953125 0.01171875 0.03828125
2 0.80390625 0.17578125 0.0234375 0.02578125
2 0.81875 0.14765625 0.01171875 0.03359375
2 0.8671875 0.0859375 0.01796875 0.03359375
2 0.925 0.0703125 0.01953125 0.03203125
2 0.934375 0.01328125 0.0203125 0.02578125
2 0.94296875 0.2015625 0.01640625 0.03671875
2 0.9328125 0.21328125 0.015625 0.03515625
2 0.921875 0.22734375 0.01953125 0.0296875
2 0.8171875 0.2515625 0.0203125 0.0296875
2 0.79921875 0.2640625 0.01796875 0.025
2 0.784375 0.2890625 0.021875 0.01875
2 0.746875 0.30859375 0.015625 0.02421875
2 0.753125 0.32421875 0.0140625 0.02109375
2 0.7265625 0.33359375 0.0234375 0.03046875
2 0.7359375 0.3453125 0.01796875 0.02109375
2 0.7359375 0.36171875 0.015625 0.0234375
2 0.721875 0.35859375 0.01953125 0.03046875
2 0.70703125 0.35 0.01953125 0.0359375
2 0.70625 0.38359375 0.01875 0.02578125
2 0.678125 0.38671875 0.01484375 0.0234375
2 0.68203125 0.40546875 0.015625 0.02421875
2 0.6640625 0.41328125 0.0203125 0.03359375
2 0.71875 0.5765625 0.01640625 0.02421875
2 0.86328125 0.7515625 0.01640625 0.02890625
2 0.878125 0.7609375 0.01015625 0.03046875
2 0.903125 0.7765625 0.01484375 0.0234375
2 0.9390625 0.82109375 0.01796875 0.02890625
2 0.9234375 0.84453125 0.02109375 0.021875
2 0.95703125 0.86015625 0.01640625 0.025
2 0.96953125 0.87421875 0.01875 0.0234375
2 0.978125 0.903125 0.02421875 0.03046875
2 0.9 0.94375 0.01796875 0.03203125
2 0.88046875 0.92109375 0.0203125 0.0265625
2 0.84296875 0.890625 0.01796875 0.0296875
2 0.8171875 0.85078125 0.02109375 0.03359375
2 0.80546875 0.8640625 0.01875 0.02890625
2 0.7765625 0.80390625 0.01640625 0.0296875
2 0.76640625 0.81953125 0.01875 0.03671875
2 0.7546875 0.78359375 0.0203125 0.0265625
2 0.74375 0.8 0.01953125 0.025
2 0.71875 0.75625 0.0203125 0.02421875
2 0.72109375 0.78125 0.01953125 0.03046875
2 0.70703125 0.72890625 0.01640625 0.0203125
2 0.690625 0.7390625 0.01796875 0.0203125
2 0.6921875 0.7546875 0.01640625 0.021875
2 0.65078125 0.73203125 0.0203125 0.02109375
2 0.6265625 0.74140625 0.0234375 0.0234375
2 0.59609375 0.72109375 0.0234375 0.02421875
2 0.58828125 0.64140625 0.01796875 0.03671875
2 0.55078125 0.78125 0.021875 0.0296875
4 0.06796875 0.9640625 0.01015625 0.015625
4 0.0515625 0.8703125 0.00859375 0.01171875
4 0.05703125 0.88359375 0.009375 0.0109375
4 0.078125 0.85859375 0.00546875 0.01875
4 0.08125 0.853125 0.00546875 0.015625
4 0.0859375 0.84921875 0.00546875 0.01796875
4 0.08984375 0.846875 0.00703125 0.01484375
4 0.10390625 0.834375 0.00703125 0.0140625
4 0.10859375 0.82890625 0.00703125 0.01484375
4 0.11328125 0.82890625 0.00703125 0.01171875
4 0.115625 0.81953125 0.00859375 0.01171875
4 0.271875 0.66328125 0.009375 0.015625
4 0.303125 0.6296875 0.01015625 0.0109375
4 0.31015625 0.63046875 0.00859375 0.015625
4 0.3203125 0.6046875 0.0109375 0.01328125
4 0.33203125 0.5859375 0.00859375 0.01328125
4 0.39375 0.546875 0.00703125 0.01875
4 0.39921875 0.53671875 0.009375 0.01171875
4 0.39453125 0.50859375 0.00625 0.01796875
4 0.3890625 0.5078125 0.00546875 0.01484375
4 0.2546875 0.10390625 0.009375 0.025
4 0.23359375 0.0625 0.009375 0.0203125
4 0.23359375 0.04609375 0.0109375 0.015625
4 0.2953125 0.00703125 0.00625 0.0140625
4 0.3671875 0.08203125 0.00546875 0.0109375
4 0.378125 0.15859375 0.009375 0.015625
4 0.384375 0.13203125 0.00546875 0.0109375
4 0.39296875 0.13203125 0.00859375 0.00703125
4 0.39453125 0.13828125 0.009375 0.009375
4 0.39765625 0.14296875 0.00703125 0.01015625
4 0.39296875 0.1515625 0.009375 0.01015625
4 0.40546875 0.1375 0.00703125 0.0109375
4 0.4015625 0.14765625 0.009375 0.00546875
4 0.403125 0.1578125 0.009375 0.009375
4 0.3953125 0.178125 0.00859375 0.01328125
4 0.40859375 0.1640625 0.00703125 0.01328125
4 0.415625 0.15859375 0.00390625 0.01015625
4 0.41796875 0.1609375 0.00546875 0.0109375
4 0.4109375 0.17421875 0.00859375 0.015625
4 0.4140625 0.17890625 0.00546875 0.01328125
4 0.42109375 0.17578125 0.00859375 0.01484375
4 0.42578125 0.18125 0.00625 0.0109375
4 0.43203125 0.1890625 0.009375 0.01015625
4 0.4359375 0.19609375 0.00703125 0.00625
4 0.44375 0.28046875 0.01015625 0.01484375
4 0.42421875 0.2734375 0.00859375 0.015625
4 0.4671875 0.31953125 0.00859375 0.0109375
4 0.4765625 0.309375 0.009375 0.0140625
4 0.55390625 0.44375 0.01328125 0.01640625
4 0.58125 0.2390625 0.00703125 0.01171875
4 0.584375 0.23359375 0.00703125 0.01328125
4 0.55703125 0.17265625 0.00859375 0.01875
4 0.71171875 0.2859375 0.00859375 0.015625
4 0.746875 0.21953125 0.00859375 0.0203125
4 0.7515625 0.21875 0.00859375 0.015625
4 0.7640625 0.209375 0.00859375 0.0140625
4 0.80859375 0.16171875 0.01015625 0.00859375
4 0.80859375 0.146875 0.00546875 0.00859375
4 0.98984375 0.04375 0.00859375 0.0234375
4 0.8375 0.23828125 0.0109375 0.015625
4 0.83046875 0.25390625 0.01015625 0.0140625
4 0.7890625 0.3078125 0.01015625 0.01640625
4 0.7484375 0.3484375 0.009375 0.015625
4 0.740625 0.328125 0.00703125 0.015625
4 0.7265625 0.3765625 0.00625 0.01015625
4 0.721875 0.375 0.00859375 0.01328125
4 0.71875 0.3859375 0.00703125 0.00390625
4 0.71484375 0.37890625 0.00859375 0.0046875
4 0.715625 0.39296875 0.00546875 0.009375
4 0.70859375 0.390625 0.00859375 0.01171875
4 0.703125 0.40625 0.00859375 0.009375
4 0.7 0.4 0.009375 0.00859375
4 0.69296875 0.39609375 0.00859375 0.01484375
4 0.69296875 0.40703125 0.00859375 0.0140625
4 0.6859375 0.41015625 0.00859375 0.01015625
4 0.6765625 0.42109375 0.00859375 0.0140625
4 0.6796875 0.42578125 0.00625 0.01328125
4 0.68359375 0.4328125 0.00546875 0.01171875
4 0.6765625 0.446875 0.00625 0.01484375
4 0.66796875 0.48671875 0.01015625 0.00859375
4 0.6828125 0.50703125 0.0046875 0.01875
4 0.678125 0.578125 0.00859375 0.01796875
4 0.76328125 0.69375 0.00859375 0.015625
4 0.81484375 0.71328125 0.00546875 0.0140625
4 0.8171875 0.71484375 0.00546875 0.0109375
4 0.81953125 0.71796875 0.0046875 0.0109375
4 0.83125 0.72890625 0.0046875 0.01640625
4 0.83671875 0.74140625 0.00546875 0.00390625
4 0.84140625 0.7390625 0.00390625 0.01015625
4 0.8484375 0.740625 0.00625 0.01328125
4 0.85078125 0.7453125 0.00546875 0.01171875
4 0.8515625 0.7515625 0.00546875 0.0109375
4 0.909375 0.79140625 0.00390625 0.0234375
4 0.91953125 0.82109375 0.00703125 0.01484375
4 0.93984375 0.86875 0.01015625 0.01171875
4 0.97890625 0.853125 0.00703125 0.0140625
4 0.9703125 0.8609375 0.01015625 0.01328125
4 0.94296875 0.99296875 0.00859375 0.0140625
4 0.9203125 0.95703125 0.01328125 0.01640625
4 0.83671875 0.9046875 0.01015625 0.0140625
4 0.8265625 0.9015625 0.01171875 0.015625
4 0.78125 0.82578125 0.009375 0.01875
4 0.75625 0.76484375 0.01015625 0.015625
4 0.7390625 0.7609375 0.01015625 0.01640625
4 0.7234375 0.79453125 0.01171875 0.009375
4 0.71328125 0.7890625 0.0109375 0.01328125
4 0.70625 0.7734375 0.01171875 0.01171875
4 0.66796875 0.75625 0.009375 0.0109375
4 0.66875 0.76640625 0.01015625 0.01171875
4 0.578125 0.665625 0.00859375 0.01796875
4 0.52265625 0.75078125 0.00859375 0.0203125
4 0.51171875 0.66953125 0.00859375 0.0109375
4 0.50625 0.67578125 0.009375 0.0140625
4 0.5 0.68125 0.01171875 0.0109375
4 0.49609375 0.66484375 0.01015625 0.0140625
4 0.328125 0.984375 0.009375 0.01171875
4 0.46640625 0.61640625 0.01015625 0.01484375
4 0.46640625 0.634375 0.01171875 0.01796875
4 0.46875 0.65546875 0.01171875 0.021875
4 0.62890625 0.465625 0.0109375 0.03359375
4 0.5796875 0.56796875 0.01328125 0.02421875
4 0.29765625 0.86171875 0.01015625 0.02578125
4 0.2578125 0.9109375 0.01171875 0.01953125
0 0.10703125 0.8671875 0.01484375 0.02578125
0 0.25625 0.68984375 0.0140625 0.02890625
0 0.3953125 0.78359375 0.0140625 0.02578125
0 0.41953125 0.87734375 0.0140625 0.03203125
0 0.3328125 0.5921875 0.01171875 0.0203125
0 0.39296875 0.465625 0.0140625 0.0296875
0 0.34296875 0.446875 0.0109375 0.0265625
0 0.42265625 0.31328125 0.01484375 0.02578125
0 0.45546875 0.2828125 0.0140625 0.0203125
0 0.603125 0.29140625 0.01640625 0.02421875
0 0.60078125 0.2609375 0.0109375 0.03046875
0 0.671875 0.303125 0.01171875 0.01875
0 0.70546875 0.275 0.01328125 0.0234375
0 0.89296875 0.19609375 0.02109375 0.028125
0 0.76015625 0.33203125 0.01015625 0.0203125
0 0.69609375 0.378125 0.01640625 0.02109375
0 0.66328125 0.434375 0.01015625 0.0234375
0 0.671875 0.440625 0.01328125 0.0234375
0 0.58359375 0.46328125 0.0109375 0.0296875
0 0.75390625 0.64921875 0.01640625 0.02890625
0 0.86953125 0.76484375 0.01171875 0.02421875
0 0.8953125 0.771875 0.01171875 0.0265625
0 0.92109375 0.86640625 0.01328125 0.0203125
0 0.9125 0.86171875 0.0140625 0.025
0 0.69921875 0.784375 0.0140625 0.015625
0 0.696875 0.77109375 0.01484375 0.0203125
0 0.67109375 0.73515625 0.01484375 0.01875
3 0.34609375 0.61953125 0.02421875 0.03671875
3 0.2859375 0.6375 0.01875 0.0234375
3 0.33671875 0.04296875 0.02578125 0.053125
3 0.584375 0.39921875 0.0140625 0.0359375
3 0.82578125 0.9140625 0.0203125 0.03125
1 0.5484375 0.7109375 0.05390625 0.04296875
1 0.628125 0.70390625 0.053125 0.040625
1 0.678125 0.715625 0.04296875 0.04296875
1 0.88828125 0.86796875 0.04375 0.05703125
1 0.86875 0.88125 0.05859375 0.0640625
1 0.54609375 0.40703125 0.034375 0.05
1 0.51875 0.353125 0.04296875 0.0484375
1 0.3953125 0.41875 0.03359375 0.08828125
1 0.31875 0.584375 0.040625 0.090625
1 0.1390625 0.88203125 0.0484375 0.0734375