5 0.215625 0.67890625 0.06015625 0.04140625
5 0.27421875 0.6609375 0.05390625 0.04140625
2 0.3734375 0.7046875 0.02421875 0.03046875
6 0.03203125 0.86796875 0.04375 0.04921875
5 0.01953125 0.82578125 0.0390625 0.0234375
2 0.08359375 0.80390625 0.028125 0.03125
2 0.09609375 0.86953125 0.03046875 0.03828125
0 0.1609375 0.7921875 0.0234375 0.040625
0 0.1375 0.8859375 0.021875 0.03359375
2 0.3671875 0.92578125 0.0265625 0.0296875
2 0.45859375 0.75703125 0.028125 0.0515625
2 0.51484375 0.67578125 0.021875 0.0609375
2 0.54453125 0.740625 0.03515625 0.04375
2 0.471875 0.56015625 0.015625 0.040625
4 0.4703125 0.27421875 0.0140625 0.0265625
4 0.51796875 0.18203125 0.01484375 0.03125
4 0.5171875 0.02890625 0.01171875 0.0296875
4 0.459375 0.13125 0.01484375 0.03125
4 0.51796875 0.53359375 0.01015625 0.03046875
4 0.48125 0.646875 0.009375 0.02109375
4 0.48359375 0.6140625 0.00859375 0.0203125
4 0.46484375 0.62578125 0.009375 0.01796875
4 0.51015625 0.89375 0.01171875 0.03046875
4 0.528125 0.821875 0.01171875 0.03203125
6 0.6546875 0.6984375 0.0453125 0.03828125
4 0.5859375 0.903125 0.01796875 0.02890625
4 0.6765625 0.784375 0.0140625 0.03125
4 0.71640625 0.76796875 0.0140625 0.0203125
3 0.809375 0.79140625 0.01953125 0.02578125
4 0.7609375 0.80703125 0.0140625 0.02421875
4 0.7453125 0.78515625 0.01171875 0.02421875
4 0.92421875 0.81875 0.01484375 0.015625
4 0.98359375 0.896875 0.0140625 0.0296875
2 0.85546875 0.83046875 0.0296875 0.03203125
2 0.7921875 0.884375 0.03671875 0.040625
1 0.5625 0.68828125 0.0296875 0.034375
4 0.38359375 0.7953125 0.01953125 0.028125
2 0.89609375 0.803125 0.02890625 0.02890625