2 0.028125 0.025 0.01796875 0.04296875
4 0.0140625 0.0484375 0.00703125 0.01796875
4 0.00546875 0.046875 0.01015625 0.01640625
4 0.01171875 0.03125 0.01328125 0.01171875
2 0.1609375 0.25 0.01953125 0.0359375
2 0.028125 0.2390625 0.0203125 0.03984375
2 0.03203125 0.2734375 0.021875 0.0390625
2 0.009375 0.2859375 0.01484375 0.03359375
3 0.07578125 0.30859375 0.0234375 0.06328125
0 0.20078125 0.36171875 0.01640625 0.0140625
4 0.2640625 0.3578125 0.01015625 0.00703125
4 0.3234375 0.42578125 0.0140625 0.009375
2 0.5015625 0.36875 0.02421875 0.0203125
4 0.6078125 0.36015625 0.01015625 0.009375
2 0.7734375 0.18671875 0.02421875 0.0234375
2 0.7796875 0.26875 0.02578125 0.02421875
4 0.96171875 0.53984375 0.01171875 0.0109375
2 0.69140625 0.52890625 0.02578125 0.0234375
2 0.98125 0.36015625 0.02578125 0.01875
0 0.30703125 0.5609375 0.01796875 0.0140625
2 0.146875 0.52578125 0.02578125 0.02109375
2 0.1234375 0.5015625 0.02421875 0.01875
2 0.1109375 0.52578125 0.0203125 0.01484375
2 0.1015625 0.54453125 0.021875 0.01484375
2 0.09609375 0.50546875 0.0234375 0.01875
2 0.0890625 0.5265625 0.02109375 0.01875
2 0.071875 0.51015625 0.02109375 0.01953125
2 0.0609375 0.5453125 0.025 0.01953125
2 0.0265625 0.528125 0.0234375 0.0203125
2 0.0078125 0.50078125 0.015625 0.0203125
4 0.059375 0.56484375 0.01328125 0.0140625
4 0.00546875 0.546875 0.009375 0.015625
4 0.0140625 0.571875 0.0109375 0.0140625
3 0.02890625 0.56328125 0.01875 0.015625