5 0.12109375 0.6796875 0.04296875 0.02578125
5 0.14453125 0.64296875 0.0453125 0.01953125
2 0.07578125 0.475 0.0203125 0.0203125
3 0.1140625 0.503125 0.02421875 0.015625
6 0.1671875 0.55625 0.03046875 0.01796875
2 0.15390625 0.53359375 0.01796875 0.015625
4 0.1734375 0.4625 0.0140625 0.0140625
0 0.20390625 0.46640625 0.01640625 0.01484375
6 0.28046875 0.63828125 0.0359375 0.02109375
5 0.296875 0.5609375 0.04375 0.02109375
5 0.3046875 0.534375 0.04296875 0.021875
4 0.3734375 0.56640625 0.01484375 0.0140625
3 0.378125 0.5421875 0.02421875 0.02109375
5 0.37578125 0.48359375 0.03984375 0.01953125
2 0.3453125 0.29296875 0.021875 0.021875
6 0.49375 0.628125 0.03359375 0.0234375
2 0.5078125 0.33203125 0.00625 0.03203125
2 0.51953125 0.33203125 0.01171875 0.03125
2 0.55859375 0.3234375 0.01171875 0.0296875
2 0.56953125 0.3234375 0.009375 0.028125
1 0.66171875 0.38984375 0.04453125 0.0234375
3 0.5765625 0.62890625 0.01328125 0.01328125
5 0.7203125 0.3890625 0.04609375 0.025
4 0.7734375 0.43515625 0.01171875 0.01640625
0 0.74609375 0.6140625 0.0140625 0.02421875
0 0.82109375 0.6109375 0.01328125 0.0140625
3 0.77421875 0.5296875 0.02578125 0.0203125
5 0.746875 0.49140625 0.03359375 0.0296875
6 0.884375 0.64921875 0.0453125 0.0234375
5 0.84921875 0.596875 0.040625 0.034375
4 0.89140625 0.5859375 0.00859375 0.01171875
2 0.90234375 0.60859375 0.01796875 0.01171875
2 0.9015625 0.54609375 0.0234375 0.01640625
0 0.975 0.61640625 0.015625 0.00859375
4 0.96640625 0.6046875 0.01328125 0.01171875
0 0.98359375 0.6984375 0.01875 0.0265625
2 0.98828125 0.82109375 0.0203125 0.028125
5 0.85703125 0.4796875 0.04375 0.0234375
6 0.93046875 0.4140625 0.02890625 0.01953125
2 0.92109375 0.3859375 0.021875 0.0140625
2 0.49296875 0.27109375 0.01015625 0.02578125