2 0.17421875 0.7140625 0.01171875 0.03515625
2 0.15 0.66484375 0.015625 0.0203125
2 0.17109375 0.646875 0.003125 0.0296875
2 0.18203125 0.65 0.01640625 0.03359375
2 0.19296875 0.6484375 0.01640625 0.03125
2 0.19921875 0.6484375 0.0140625 0.04453125
2 0.20859375 0.64609375 0.009375 0.03515625
2 0.21640625 0.71328125 0.009375 0.02578125
2 0.20859375 0.7171875 0.01015625 0.02578125
2 0.19609375 0.7140625 0.00625 0.0296875
2 0.18203125 0.70546875 0.0046875 0.02421875
2 0.15859375 0.709375 0.01640625 0.03203125
2 0.16484375 0.6890625 0.0109375 0.05546875
2 0.159375 0.69453125 0.01875 0.01953125
2 0.153125 0.56953125 0.0203125 0.02109375
2 0.05859375 0.515625 0.01875 0.025
4 0.09453125 0.4984375 0.02109375 0.03671875
2 0.2390625 0.4671875 0.021875 0.015625
4 0.13984375 0.46875 0.01171875 0.01796875
2 0.32109375 0.46875 0.0265625 0.015625
2 0.35859375 0.46484375 0.01953125 0.03671875
2 0.36796875 0.49453125 0.0203125 0.025
4 0.3390625 0.503125 0.009375 0.0203125
2 0.37734375 0.60546875 0.0140625 0.01640625
2 0.4515625 0.53828125 0.01796875 0.0359375
2 0.47578125 0.47109375 0.01875 0.0234375
2 0.4546875 0.4640625 0.02421875 0.01640625
2 0.49453125 0.46875 0.02578125 0.03828125
0 0.53984375 0.50625 0.02578125 0.02421875
2 0.58671875 0.60546875 0.0234375 0.028125
2 0.59296875 0.72578125 0.0109375 0.04921875
2 0.584375 0.721875 0.0140625 0.03125
2 0.571875 0.72578125 0.0203125 0.028125
2 0.5671875 0.66015625 0.01171875 0.0515625
2 0.52578125 0.65390625 0.01171875 0.03984375
2 0.52265625 0.60546875 0.01875 0.03984375
2 0.41484375 0.72421875 0.01171875 0.0484375
2 0.39921875 0.76875 0.034375 0.02421875
2 0.37265625 0.75078125 0.02109375 0.02421875
2 0.403125 0.70390625 0.02109375 0.02109375
2 0.40859375 0.64921875 0.0203125 0.03203125
2 0.37578125 0.82109375 0.01640625 0.028125
0 0.35078125 0.9453125 0.01640625 0.0234375
2 0.3515625 0.83984375 0.02109375 0.028125
2 0.34765625 0.8609375 0.021875 0.0296875
2 0.3234375 0.97421875 0.025 0.025
2 0.38203125 0.98515625 0.0203125 0.0296875
2 0.43671875 0.58359375 0.02421875 0.02421875
0 0.4640625 0.56953125 0.01328125 0.01640625
2 0.37421875 0.5234375 0.02421875 0.03515625
4 0.421875 0.5015625 0.015625 0.0359375
2 0.3984375 0.46640625 0.02109375 0.02109375
2 0.4203125 0.47421875 0.0203125 0.03515625
2 0.73125 0.49296875 0.01171875 0.03359375
2 0.73359375 0.503125 0.003125 0.00390625
2 0.6640625 0.47421875 0.01796875 0.03671875
2 0.65234375 0.61015625 0.0203125 0.03125
2 0.665625 0.66171875 0.01875 0.03359375
2 0.6890625 0.61171875 0.0265625 0.028125
2 0.9015625 0.53125 0.02109375 0.03828125
0 0.953125 0.50703125 0.021875 0.0359375
0 0.95703125 0.540625 0.0234375 0.0203125
2 0.27890625 0.603125 0.0203125 0.034375
4 0.28046875 0.56953125 0.01484375 0.0234375
4 0.2359375 0.503125 0.01171875 0.02578125
2 0.6296875 0.47578125 0.021875 0.0265625
2 0.63046875 0.60390625 0.01953125 0.034375
2 0.68984375 0.36796875 0.02890625 0.02421875
4 0.778125 0.58984375 0.02890625 0.03359375
2 0.19296875 0.603125 0.02109375 0.03203125
2 0.25859375 0.52109375 0.01953125 0.015625
2 0.33671875 0.4640625 0.01875 0.01171875
2 0.37734375 0.46875 0.01640625 0.021875
3 0.38359375 0.50390625 0.01796875 0.015625
2 0.34375 0.60390625 0.02109375 0.015625
2 0.36015625 0.6046875 0.01640625 0.015625
2 0.39921875 0.61015625 0.02109375 0.015625
2 0.3984375 0.62421875 0.021875 0.02109375
2 0.41328125 0.6765625 0.01953125 0.03359375
4 0.42734375 0.678125 0.00703125 0.0203125
4 0.4328125 0.6859375 0.0046875 0.01484375
2 0.453125 0.653125 0.0203125 0.0359375
2 0.29609375 0.60625 0.01796875 0.01171875
2 0.31328125 0.60859375 0.01875 0.01796875
2 0.31796875 0.65390625 0.01171875 0.03125
4 0.36171875 0.64140625 0.00625 0.02109375
2 0.48046875 0.50859375 0.0265625 0.021875
2 0.6484375 0.66796875 0.01484375 0.03203125
2 0.72421875 0.61640625 0.02578125 0.03046875
2 0.99375 0.540625 0.01171875 0.015625
2 0.81015625 0.19296875 0.025 0.0234375
2 0.80390625 0.2109375 0.02421875 0.03203125
2 0.77109375 0.2875 0.01953125 0.034375
4 0.753125 0.33125 0.0109375 0.02109375
0 0.784375 0.3453125 0.01875 0.02109375
2 0.85859375 0.215625 0.02109375 0.03046875
2 0.8796875 0.23046875 0.025 0.03359375
2 0.0140625 0.56171875 0.0203125 0.0265625