2 0.34296875 0.2890625 0.01796875 0.0140625
2 0.40390625 0.253125 0.01171875 0.02109375
2 0.39453125 0.21796875 0.01640625 0.01875
2 0.50859375 0.328125 0.00625 0.02890625
2 0.51953125 0.3265625 0.00859375 0.0296875
2 0.559375 0.31875 0.00703125 0.025
2 0.56953125 0.31953125 0.00859375 0.02421875
2 0.959375 0.875 0.0109375 0.0265625
2 0.94375 0.90703125 0.00859375 0.0265625
2 0.71953125 0.65625 0.00859375 0.0234375
6 0.88359375 0.64140625 0.03984375 0.0203125
5 0.71875 0.3859375 0.04609375 0.01953125
6 0.66328125 0.38671875 0.04140625 0.01953125
6 0.2796875 0.63515625 0.03046875 0.01953125
6 0.146875 0.640625 0.0390625 0.01953125
6 0.12109375 0.67421875 0.0390625 0.025
4 0.55 0.2796875 0.0046875 0.0140625
3 0.75625 0.85546875 0.021875 0.01796875
3 0.715625 0.89921875 0.01015625 0.03515625
4 0.52734375 0.27890625 0.003125 0.0140625
4 0.54453125 0.29296875 0.003125 0.01484375
4 0.56953125 0.28515625 0.0046875 0.01484375
4 0.58125 0.30546875 0.00390625 0.01484375
4 0.56953125 0.24140625 0.003125 0.01484375
4 0.534375 0.228125 0.003125 0.0109375
4 0.54375 0.22890625 0.0046875 0.01171875
4 0.58359375 0.24296875 0.003125 0.01328125
4 0.5203125 0.27890625 0.00390625 0.01328125
4 0.415625 0.27265625 0.00390625 0.01328125
4 0.5765625 0.24296875 0.003125 0.01328125
4 0.53359375 0.28125 0.003125 0.0140625
4 0.53984375 0.29609375 0.003125 0.01171875
4 0.5484375 0.2953125 0.003125 0.01171875
0 0.82109375 0.646875 0.01484375 0.01484375
2 0.68046875 0.6484375 0.00546875 0.025
2 0.67421875 0.63046875 0.00625 0.02421875
2 0.66640625 0.63515625 0.00703125 0.021875
2 0.6734375 0.65625 0.00625 0.01953125
0 0.82109375 0.60546875 0.01171875 0.00859375
5 0.9640625 0.5640625 0.071875 0.02421875
6 0.721875 0.60703125 0.0265625 0.015625
4 0.77578125 0.42578125 0.00703125 0.00859375
2 0.71328125 0.5328125 0.0140625 0.01171875
2 0.6015625 0.565625 0.01328125 0.01015625
2 0.14296875 0.53125 0.01875 0.01328125
3 0.75 0.60078125 0.0203125 0.01484375
6 0.9015625 0.5890625 0.0359375 0.025
2 0.96796875 0.45625 0.015625 0.01484375
6 0.82734375 0.4296875 0.034375 0.03125
2 0.3078125 0.53125 0.01953125 0.01875
2 0.5765625 0.625 0.0109375 0.01171875
2 0.75546875 0.55546875 0.015625 0.01328125
4 0.84375 0.78671875 0.0046875 0.01484375
4 0.70078125 0.403125 0.00859375 0.00859375
0 0.79453125 0.60703125 0.01015625 0.0109375
2 0.9765625 0.86484375 0.01171875 0.0203125
2 0.98671875 0.815625 0.01328125 0.02578125
2 0.971875 0.92421875 0.00859375 0.0234375
6 0.16953125 0.56953125 0.040625 0.01875
6 0.45390625 0.4890625 0.03125 0.01640625
2 0.559375 0.54140625 0.01484375 0.01171875
3 0.49609375 0.59140625 0.01484375 0.015625
2 0.12578125 0.48203125 0.0140625 0.01171875
6 0.4765625 0.465625 0.02421875 0.01640625
6 0.928125 0.54140625 0.03125 0.01796875
4 0.8484375 0.73359375 0.0046875 0.01484375
2 0.740625 0.44296875 0.01640625 0.01953125
4 0.69453125 0.44921875 0.00703125 0.01015625
0 0.62890625 0.4515625 0.01171875 0.01171875
6 0.0328125 0.5546875 0.034375 0.0203125
5 0.09453125 0.55390625 0.0546875 0.01953125
2 0.184375 0.53046875 0.01640625 0.01484375
3 0.50390625 0.5484375 0.01796875 0.01484375
4 0.5109375 0.56328125 0.00703125 0.0109375
6 0.646875 0.5234375 0.03125 0.01953125