2 0.021875 0.0234375 0.01796875 0.04296875
4 0.009375 0.046875 0.00703125 0.01875
4 0.00625 0.0296875 0.01015625 0.0109375
4 0.0859375 0.059375 0.009375 0.0234375
2 0.07109375 0.0609375 0.01875 0.04375
2 0.05625 0.11484375 0.01640625 0.0453125
2 0.02890625 0.215625 0.01640625 0.04140625
2 0.01328125 0.26875 0.01875 0.04140625
3 0.07265625 0.3109375 0.025 0.07109375
2 0.15625 0.246875 0.01875 0.03671875
2 0.1609375 0.53125 0.02578125 0.021875
0 0.19609375 0.3609375 0.01640625 0.0140625
4 0.2609375 0.35546875 0.01171875 0.009375
4 0.39921875 0.4015625 0.01015625 0.01328125
2 0.50078125 0.36640625 0.021875 0.01953125
4 0.60703125 0.35703125 0.01171875 0.00859375
2 0.64375 0.5265625 0.02578125 0.02109375
2 0.67109375 0.490625 0.0234375 0.021875
2 0.90546875 0.4921875 0.025 0.02890625
2 0.89296875 0.54375 0.0296875 0.021875
4 0.978125 0.5390625 0.0140625 0.0140625
2 0.78046875 0.26171875 0.025 0.0234375
2 0.7734375 0.18046875 0.02421875 0.0203125