2 0.52421875 0.5765625 0.01484375 0.02890625
2 0.42421875 0.5375 0.015625 0.025
0 0.3609375 0.6359375 0.0109375 0.01640625
2 0.58671875 0.590625 0.0203125 0.03359375
2 0.34375 0.4734375 0.02421875 0.02578125
2 0.153125 0.3578125 0.02421875 0.021875
2 0.2171875 0.4140625 0.02109375 0.028125
2 0.1703125 0.13984375 0.01875 0.0296875
5 0.2671875 0.28671875 0.01640625 0.01953125
2 0.290625 0.54296875 0.02421875 0.025
3 0.29921875 0.60078125 0.01484375 0.02109375
0 0.309375 0.55625 0.01484375 0.01171875
0 0.2296875 0.596875 0.015625 0.0109375
0 0.23984375 0.56015625 0.0109375 0.0203125
0 0.26484375 0.62890625 0.0140625 0.01484375
2 0.30703125 0.65546875 0.0234375 0.01875
0 0.271875 0.7546875 0.015625 0.01796875
3 0.26796875 0.68359375 0.01875 0.015625
3 0.19921875 0.771875 0.01875 0.01796875
4 0.09609375 0.759375 0.01015625 0.0109375
4 0.0140625 0.721875 0.0109375 0.01484375
0 0.04375 0.68046875 0.01796875 0.015625
0 0.02421875 0.675 0.015625 0.0140625
0 0.07109375 0.65546875 0.01796875 0.01796875
2 0.08828125 0.64296875 0.01796875 0.01640625
0 0.07109375 0.63125 0.01171875 0.021875
4 0.01796875 0.69453125 0.01015625 0.009375
3 0.0484375 0.809375 0.0203125 0.01484375
0 0.29375 0.58203125 0.01015625 0.0140625
0 0.2671875 0.584375 0.01328125 0.01484375
0 0.22578125 0.64453125 0.01328125 0.01171875
0 0.3921875 0.56953125 0.01640625 0.015625
4 0.359375 0.65859375 0.01015625 0.015625
4 0.32109375 0.67578125 0.01015625 0.01015625
3 0.38671875 0.5140625 0.015625 0.02421875
3 0.390625 0.5390625 0.01640625 0.015625
4 0.40546875 0.45703125 0.01171875 0.015625
0 0.40546875 0.5890625 0.01328125 0.0140625
3 0.41484375 0.56171875 0.0140625 0.0109375
3 0.40078125 0.41328125 0.01484375 0.0234375
0 0.47109375 0.4484375 0.01640625 0.01640625
0 0.590625 0.4859375 0.01640625 0.021875
2 0.2953125 0.3203125 0.0234375 0.02421875
4 0.3671875 0.34921875 0.009375 0.015625
4 0.284375 0.2859375 0.01171875 0.01484375
4 0.2984375 0.290625 0.01015625 0.01640625
0 0.28359375 0.47734375 0.01640625 0.015625
0 0.22109375 0.246875 0.015625 0.021875
4 0.19296875 0.215625 0.00859375 0.015625
4 0.24453125 0.259375 0.009375 0.0140625
4 0.07734375 0.10859375 0.0109375 0.0203125
4 0.0359375 0.01328125 0.01015625 0.0140625
4 0.00625 0.02265625 0.0125 0.0140625
2 0.296875 0.253125 0.01640625 0.021875
3 0.278125 0.23125 0.01328125 0.04296875
0 0.53671875 0.36640625 0.01484375 0.015625
0 0.54375 0.38515625 0.01796875 0.015625
4 0.5515625 0.43671875 0.01015625 0.01484375
0 0.59453125 0.3703125 0.0109375 0.01640625
0 0.58828125 0.33828125 0.0140625 0.01484375
4 0.62109375 0.3015625 0.00703125 0.0109375
4 0.57421875 0.365625 0.0109375 0.0140625
4 0.67890625 0.3171875 0.00859375 0.015625
0 0.70390625 0.209375 0.01171875 0.021875
0 0.68125 0.234375 0.01015625 0.0203125
0 0.6796875 0.26015625 0.009375 0.01953125
4 0.70390625 0.17578125 0.009375 0.01640625
0 0.73203125 0.16171875 0.01015625 0.0234375
0 0.83671875 0.2140625 0.01171875 0.02421875
4 0.88984375 0.06953125 0.009375 0.01953125
0 0.809375 0.2265625 0.01328125 0.0203125
0 0.78828125 0.25859375 0.01015625 0.01796875
0 0.73671875 0.3703125 0.01015625 0.025
0 0.76953125 0.41796875 0.0140625 0.0234375
4 0.71015625 0.465625 0.00703125 0.01484375
0 0.6890625 0.49375 0.01171875 0.0203125
0 0.684375 0.55 0.01171875 0.02421875
4 0.61953125 0.53828125 0.01015625 0.0140625
4 0.66953125 0.61875 0.00703125 0.015625
4 0.63203125 0.60625 0.01015625 0.01640625
2 0.55078125 0.49453125 0.02421875 0.02890625
4 0.64375 0.58359375 0.0140625 0.01640625
4 0.65625 0.58125 0.01171875 0.01796875
0 0.63828125 0.63046875 0.015625 0.0203125
2 0.584375 0.67109375 0.0203125 0.025
4 0.5640625 0.69140625 0.0140625 0.02109375
4 0.53515625 0.6203125 0.01171875 0.01640625
0 0.52578125 0.490625 0.01328125 0.028125
2 0.49375 0.4578125 0.01640625 0.0234375
2 0.75546875 0.73125 0.021875 0.0296875
2 0.703125 0.61640625 0.01640625 0.03203125
2 0.72265625 0.6359375 0.01953125 0.03046875
3 0.80859375 0.77421875 0.015625 0.01875
4 0.75546875 0.6796875 0.00859375 0.01796875
4 0.778125 0.7328125 0.0140625 0.02109375
0 0.7640625 0.85390625 0.01640625 0.025
0 0.72578125 0.81171875 0.01640625 0.0203125
0 0.68828125 0.79140625 0.01640625 0.02578125
0 0.62109375 0.73203125 0.01953125 0.0234375
0 0.68828125 0.84140625 0.01171875 0.01796875
0 0.703125 0.84921875 0.01328125 0.01796875
4 0.865625 0.9734375 0.0140625 0.02109375
4 0.84921875 0.79765625 0.01171875 0.015625
4 0.85703125 0.8296875 0.0140625 0.021875
4 0.88359375 0.8640625 0.0109375 0.01640625
4 0.903125 0.865625 0.01171875 0.0234375
4 0.771875 0.7046875 0.01171875 0.01953125
0 0.2890625 0.68671875 0.01640625 0.01328125
2 0.26796875 0.70625 0.02109375 0.01796875
2 0.2234375 0.71328125 0.015625 0.01640625
0 0.1625 0.71640625 0.015625 0.01875
0 0.15390625 0.73203125 0.01328125 0.01171875
0 0.14453125 0.75625 0.01640625 0.01640625
4 0.18046875 0.72578125 0.0109375 0.01796875
4 0.378125 0.665625 0.009375 0.01640625
4 0.40546875 0.64140625 0.01171875 0.01796875
4 0.3421875 0.54453125 0.009375 0.015625
4 0.38046875 0.55390625 0.01015625 0.0140625
2 0.48046875 0.60546875 0.0203125 0.0265625
2 0.58046875 0.50390625 0.01875 0.03046875
2 0.43828125 0.428125 0.01484375 0.01875
0 0.60703125 0.38046875 0.01328125 0.01484375
0 0.63203125 0.353125 0.0140625 0.015625
0 0.6359375 0.32265625 0.009375 0.02421875
0 0.65625 0.30546875 0.01171875 0.02109375
0 0.65234375 0.33046875 0.015625 0.01875
0 0.65625 0.35078125 0.01640625 0.01953125
2 0.625 0.38828125 0.01875 0.02109375
2 0.6140625 0.3390625 0.01484375 0.03046875
0 0.60078125 0.34140625 0.009375 0.021875
4 0.56328125 0.33125 0.01015625 0.015625
2 0.6890625 0.27109375 0.01484375 0.03515625
4 0.71796875 0.20078125 0.00703125 0.01953125
4 0.75703125 0.03671875 0.0109375 0.009375
4 0.7734375 0.03125 0.01171875 0.01171875
4 0.77109375 0.0140625 0.01171875 0.01640625
4 0.78671875 0.01015625 0.0140625 0.0140625
4 0.78203125 0.31171875 0.00703125 0.015625
4 0.70234375 0.465625 0.00703125 0.01484375
4 0.69609375 0.4703125 0.00546875 0.00625
4 0.68515625 0.47890625 0.00859375 0.00703125
4 0.68046875 0.48515625 0.01015625 0.01171875
0 0.69375 0.45390625 0.01015625 0.0265625
4 0.67421875 0.5015625 0.0109375 0.01171875
0 0.67890625 0.515625 0.01640625 0.0140625
2 0.5984375 0.53984375 0.01953125 0.03125
2 0.553125 0.64609375 0.0234375 0.03046875
4 0.55546875 0.62578125 0.01015625 0.01171875
2 0.6484375 0.61015625 0.01875 0.03046875
3 0.683875059375 0.8249717406249999 0.6974248453125 0.8390819796875 0.6995273828124999 0.8316118765624999 0.6864448453125 0.8121065421875 0.683875059375 0.8249717406249999
4 0.82890625 0.775 0.01484375 0.0203125
4 0.81328125 0.75625 0.01171875 0.01953125
4 0.7953125 0.871875 0.015625 0.01875
0 0.78203125 0.890625 0.01484375 0.02421875
4 0.728125 0.83359375 0.01171875 0.01875
2 0.8265625 0.91953125 0.0234375 0.0390625
2 0.86015625 0.9390625 0.025 0.03203125
4 0.90859375 0.89375 0.01171875 0.01796875
2 0.934375 0.8984375 0.01875 0.02578125
2 0.97734375 0.9703125 0.03203125 0.0390625
4 0.9796875 0.94296875 0.01171875 0.01796875
4 0.4875 0.38671875 0.01171875 0.01171875
4 0.49140625 0.43046875 0.01015625 0.01875
4 0.4484375 0.396875 0.009375 0.01484375
4 0.45546875 0.4171875 0.0140625 0.01328125
4 0.453125 0.43359375 0.00859375 0.01796875
4 0.42734375 0.3828125 0.00859375 0.01796875
4 0.428125 0.35703125 0.01484375 0.01640625
4 0.3484375 0.321875 0.01171875 0.01796875
4 0.53671875 0.4515625 0.00859375 0.01875
4 0.47578125 0.46640625 0.00859375 0.0109375
4 0.46796875 0.4765625 0.009375 0.01484375
4 0.46171875 0.4390625 0.00546875 0.0203125
4 0.59140625 0.403125 0.01015625 0.0140625
4 0.5578125 0.38671875 0.01171875 0.0203125
1 0.7015625 0.659375 0.04296875 0.06484375
1 0.35078125 0.36640625 0.0453125 0.05390625