4 0.00703125 0.42890625 0.01328125 0.0109375
4 0.021875 0.45625 0.01171875 0.0140625
4 0.028125 0.4453125 0.015625 0.01015625
4 0.00546875 0.5640625 0.01015625 0.01875
4 0.0484375 0.55859375 0.0140625 0.00859375
4 0.0828125 0.52421875 0.01015625 0.0109375
4 0.103125 0.540625 0.01171875 0.01484375
4 0.078125 0.5703125 0.0109375 0.0140625
4 0.07890625 0.459375 0.01484375 0.0140625
4 0.0859375 0.44140625 0.01015625 0.009375
4 0.1203125 0.45390625 0.0109375 0.0140625
4 0.15078125 0.425 0.01171875 0.01484375
4 0.1609375 0.44140625 0.01328125 0.009375
4 0.13828125 0.5265625 0.01171875 0.01796875
4 0.16484375 0.5515625 0.01015625 0.01484375
4 0.1890625 0.540625 0.01171875 0.0109375
4 0.20703125 0.5484375 0.01328125 0.0140625
4 0.2171875 0.5515625 0.0140625 0.01171875
4 0.2296875 0.5609375 0.009375 0.01015625
0 0.0546875 0.54296875 0.0203125 0.01640625
0 0.00703125 0.44609375 0.0140625 0.01015625
0 0.17109375 0.52734375 0.0203125 0.015625
0 0.1078125 0.44375 0.015625 0.015625
0 0.3078125 0.446875 0.01953125 0.0140625
2 0.1421875 0.46796875 0.025 0.01953125
4 0.2109375 0.44140625 0.01328125 0.01171875
4 0.2609375 0.47109375 0.01171875 0.01484375
4 0.29609375 0.46328125 0.01484375 0.01484375
4 0.28828125 0.4265625 0.0109375 0.01640625
4 0.309375 0.4296875 0.01171875 0.00703125
4 0.2734375 0.565625 0.01328125 0.01484375
4 0.29140625 0.55078125 0.01015625 0.00859375
4 0.3265625 0.55703125 0.0140625 0.01171875
4 0.3265625 0.5234375 0.0140625 0.01484375
4 0.37890625 0.55625 0.0109375 0.0140625
4 0.35625 0.45625 0.01796875 0.01171875
4 0.3609375 0.4203125 0.01015625 0.01171875
4 0.48828125 0.45 0.00859375 0.00859375
4 0.5109375 0.421875 0.015625 0.01640625
4 0.53671875 0.44453125 0.01171875 0.01484375
4 0.48203125 0.52421875 0.009375 0.01484375
4 0.4734375 0.53984375 0.01171875 0.01484375
4 0.5046875 0.5296875 0.01015625 0.01015625
4 0.51875 0.51875 0.01015625 0.00859375
4 0.521875 0.53203125 0.01640625 0.01015625
4 0.52421875 0.5625 0.0109375 0.00859375
4 0.54296875 0.55390625 0.01015625 0.01328125
4 0.5546875 0.52890625 0.01484375 0.01640625
4 0.56640625 0.54375 0.01171875 0.00546875
4 0.59140625 0.51796875 0.01171875 0.00859375
4 0.5921875 0.53203125 0.01640625 0.00859375
4 0.6109375 0.52109375 0.0109375 0.01015625
4 0.60625 0.53671875 0.0140625 0.00859375
4 0.625 0.53046875 0.01171875 0.01328125
4 0.59140625 0.45703125 0.015625 0.01171875
4 0.56875 0.41015625 0.0109375 0.01171875
1 0.40859375 0.52578125 0.04921875 0.03203125
0 0.48125 0.5609375 0.01875 0.01640625
0 0.51953125 0.5484375 0.01640625 0.01484375
0 0.5734375 0.55703125 0.01484375 0.01484375
0 0.4734375 0.434375 0.0140625 0.01484375
0 0.63671875 0.4359375 0.01640625 0.01484375
6 0.53828125 0.465625 0.0234375 0.01953125
4 0.6375 0.5515625 0.01484375 0.0109375
4 0.68203125 0.53828125 0.0109375 0.01640625
4 0.70390625 0.56015625 0.02109375 0.01875
4 0.7578125 0.55390625 0.01796875 0.015625
4 0.803125 0.54921875 0.0109375 0.01484375
4 0.83046875 0.53828125 0.01328125 0.01484375
4 0.83046875 0.5625 0.0109375 0.0140625
1 0.7640625 0.52109375 0.05546875 0.03828125
2 0.909375 0.45390625 0.02578125 0.0203125
2 0.95859375 0.51484375 0.03125 0.0234375
4 0.93125 0.43125 0.01171875 0.0109375
0 0.95703125 0.5390625 0.0203125 0.021875
0 0.99296875 0.5453125 0.01171875 0.01640625