2 0.91484375 0.84296875 0.02109375 0.03984375
2 0.92890625 0.87265625 0.021875 0.04453125
2 0.9390625 0.8859375 0.02421875 0.0453125
2 0.9734375 0.9359375 0.025 0.0546875
2 0.98359375 0.95390625 0.0234375 0.0453125
2 0.871875 0.73125 0.02421875 0.04609375
2 0.8625 0.7625 0.02421875 0.040625
2 0.85625 0.78046875 0.02890625 0.0484375
2 0.80546875 0.73125 0.0203125 0.03984375
2 0.82578125 0.71484375 0.02890625 0.0296875
2 0.8015625 0.68125 0.0234375 0.0359375
2 0.72421875 0.55703125 0.01796875 0.0359375
2 0.59453125 0.1953125 0.015625 0.0453125
2 0.615625 0.20546875 0.01640625 0.0609375
2 0.6015625 0.253125 0.01953125 0.04296875
2 0.61953125 0.284375 0.01171875 0.05546875
2 0.82109375 0.1796875 0.01796875 0.065625
2 0.76171875 0.31953125 0.025 0.0515625
2 0.6296875 0.3890625 0.01640625 0.04375
2 0.60078125 0.30859375 0.01796875 0.04453125
2 0.60703125 0.35625 0.01796875 0.03984375
2 0.59296875 0.35703125 0.01953125 0.040625
2 0.59921875 0.43046875 0.0203125 0.059375
2 0.61171875 0.40859375 0.02109375 0.04921875
2 0.52421875 0.278125 0.02578125 0.03359375
2 0.56875 0.32578125 0.03046875 0.04140625
2 0.42109375 0.2859375 0.02421875 0.04453125
2 0.48671875 0.10390625 0.021875 0.04453125
2 0.48203125 0.03828125 0.01953125 0.0453125
2 0.39921875 0.06953125 0.025 0.03984375
2 0.36484375 0.09921875 0.0234375 0.05
2 0.3484375 0.09453125 0.02109375 0.040625
2 0.334375 0.084375 0.02421875 0.0390625
2 0.3203125 0.07890625 0.01875 0.05078125
2 0.21328125 0.01875 0.03046875 0.034375
2 0.20546875 0.109375 0.021875 0.04296875
2 0.19921875 0.1609375 0.02578125 0.05
2 0.290625 0.15546875 0.02890625 0.04296875
2 0.37890625 0.24453125 0.0296875 0.04296875
2 0.38828125 0.3828125 0.01953125 0.040625
2 0.26328125 0.528125 0.0203125 0.05546875
2 0.378125 0.53359375 0.01640625 0.053125
2 0.1421875 0.98203125 0.0234375 0.0359375
2 0.17890625 0.98671875 0.02109375 0.02421875
2 0.253125 0.984375 0.028125 0.0296875
2 0.44453125 0.80625 0.028125 0.03203125
2 0.4328125 0.859375 0.034375 0.025
2 0.546875 0.71953125 0.02421875 0.0359375
2 0.56640625 0.67890625 0.02578125 0.04453125
2 0.5890625 0.68046875 0.021875 0.05078125
2 0.5890625 0.63125 0.01953125 0.04375
2 0.615625 0.52890625 0.01640625 0.0484375
2 0.54140625 0.77109375 0.021875 0.028125
2 0.309375 0.58359375 0.02109375 0.053125
0 0.73203125 0.60859375 0.01875 0.04375
0 0.74453125 0.68203125 0.01875 0.03046875
0 0.77421875 0.66875 0.015625 0.02890625
0 0.6609375 0.8484375 0.021875 0.021875
0 0.49296875 0.73828125 0.021875 0.02109375
0 0.51953125 0.75 0.0203125 0.02421875
0 0.34296875 0.484375 0.01796875 0.03515625
0 0.28125 0.56484375 0.01875 0.028125
0 0.41875 0.20703125 0.01875 0.0234375
0 0.4015625 0.23046875 0.021875 0.0234375
0 0.228125 0.2234375 0.01875 0.02578125
0 0.43515625 0.06171875 0.01484375 0.03359375
1 0.62421875 0.63671875 0.040625 0.134375
3 0.60390625 0.57578125 0.01796875 0.0453125
3 0.396875 0.80625 0.0296875 0.03828125
0 0.51953125 0.82890625 0.01875 0.0265625
6 0.46328125 0.20546875 0.0265625 0.06484375
3 0.43046875 0.3296875 0.0390625 0.05859375
3 0.32890625 0.50234375 0.01796875 0.03984375
6 0.63359375 0.4875 0.01875 0.08046875
0 0.5359375 0.315625 0.01796875 0.0203125
4 0.14765625 0.93828125 0.0109375 0.02109375
4 0.30078125 0.94921875 0.0109375 0.01875
4 0.30546875 0.97890625 0.009375 0.01875
4 0.44609375 0.7203125 0.01171875 0.0140625
4 0.45 0.69453125 0.0109375 0.02109375
4 0.46796875 0.77265625 0.01171875 0.01640625
4 0.49375 0.7625 0.01328125 0.01796875
4 0.559375 0.78828125 0.01328125 0.01328125
4 0.5828125 0.7953125 0.0140625 0.01875
4 0.58203125 0.76171875 0.01171875 0.01796875
4 0.56171875 0.728125 0.01171875 0.01875
4 0.54453125 0.74375 0.01171875 0.01484375
4 0.5578125 0.75390625 0.01328125 0.01328125
4 0.57890625 0.73828125 0.009375 0.01796875
4 0.584375 0.73046875 0.01171875 0.0109375
4 0.56796875 0.71171875 0.0109375 0.01953125
4 0.509375 0.7265625 0.01171875 0.01484375
4 0.60546875 0.77578125 0.01171875 0.0140625
4 0.59921875 0.75546875 0.01328125 0.01484375
4 0.63671875 0.66484375 0.00859375 0.01953125
4 0.6015625 0.62890625 0.00625 0.02109375
4 0.609375 0.60625 0.00703125 0.0203125
4 0.61796875 0.5765625 0.00703125 0.025
4 0.6265625 0.55078125 0.00703125 0.0203125
4 0.69453125 0.7890625 0.015625 0.01953125
4 0.6515625 0.82890625 0.0140625 0.01484375
4 0.69921875 0.82421875 0.009375 0.01875
4 0.83046875 0.78125 0.0109375 0.02109375
4 0.8234375 0.7515625 0.00859375 0.01796875
4 0.8203125 0.6890625 0.01171875 0.0203125
4 0.8375 0.7421875 0.00859375 0.02109375
4 0.84375 0.7515625 0.01015625 0.0203125
4 0.80390625 0.5625 0.00859375 0.01796875
4 0.4984375 0.7875 0.01328125 0.01953125
4 0.51796875 0.76875 0.015625 0.015625
4 0.36640625 0.62890625 0.01171875 0.015625
4 0.36953125 0.5875 0.009375 0.02109375
4 0.3859375 0.56171875 0.009375 0.0203125
4 0.315625 0.6078125 0.00859375 0.0234375
4 0.2890625 0.69453125 0.009375 0.0203125
4 0.29609375 0.64609375 0.00859375 0.01953125
4 0.265625 0.61328125 0.009375 0.0234375
4 0.35546875 0.46640625 0.00859375 0.01640625
4 0.36640625 0.49140625 0.01015625 0.021875
4 0.296875 0.4609375 0.00859375 0.01953125
4 0.16875 0.828125 0.00703125 0.021875
4 0.171875 0.96796875 0.01171875 0.02109375
4 0.38046875 0.15859375 0.01484375 0.0109375
4 0.3859375 0.19765625 0.01171875 0.015625
4 0.41328125 0.22265625 0.01171875 0.0140625
4 0.36875 0.3765625 0.01015625 0.01953125
4 0.39921875 0.3 0.01015625 0.01796875
4 0.39609375 0.31953125 0.01171875 0.0234375
4 0.43359375 0.2234375 0.0109375 0.01875
4 0.41953125 0.25234375 0.0109375 0.0203125
4 0.503125 0.30625 0.01171875 0.01015625
4 0.54609375 0.290625 0.0109375 0.0109375
4 0.56171875 0.28671875 0.0109375 0.01171875
4 0.5609375 0.29921875 0.01328125 0.0109375
4 0.57578125 0.2734375 0.01015625 0.01640625
4 0.59296875 0.275 0.01015625 0.0203125
4 0.6265625 0.22890625 0.00859375 0.02578125
4 0.628125 0.259375 0.00859375 0.01640625
4 0.63125 0.30625 0.00859375 0.0234375
4 0.62734375 0.27734375 0.00625 0.0234375
4 0.58671875 0.3140625 0.00859375 0.01640625
4 0.5859375 0.284375 0.00703125 0.01328125
4 0.559375 0.34140625 0.01171875 0.01328125
4 0.54453125 0.33828125 0.01328125 0.01328125
4 0.57421875 0.353125 0.01015625 0.015625
4 0.565625 0.3625 0.01015625 0.01640625
4 0.57578125 0.3796875 0.00546875 0.01953125
4 0.590625 0.39375 0.00859375 0.01640625
4 0.596875 0.390625 0.00859375 0.01640625
4 0.584375 0.3984375 0.00859375 0.01796875
4 0.64609375 0.4609375 0.00546875 0.01796875
4 0.584375 0.29609375 0.01171875 0.0140625
4 0.57421875 0.29921875 0.00859375 0.01796875
4 0.584375 0.1609375 0.00703125 0.02109375
4 0.7046875 0.15 0.009375 0.01171875
4 0.7015625 0.17421875 0.01171875 0.01171875
4 0.70078125 0.19140625 0.01171875 0.01484375
4 0.6984375 0.22421875 0.01015625 0.009375
4 0.696875 0.25390625 0.009375 0.01015625
4 0.69453125 0.271875 0.01015625 0.00859375
4 0.69296875 0.2796875 0.01328125 0.01015625
4 0.6765625 0.2515625 0.009375 0.0109375
4 0.67421875 0.26875 0.01171875 0.0109375