2 0.3234375 0.540625 0.01953125 0.01796875
2 0.64609375 0.49609375 0.02421875 0.01796875
2 0.14453125 0.27890625 0.00703125 0.0265625
2 0.02421875 0.3015625 0.01015625 0.03984375
2 0.003125 0.3125 0.00546875 0.03203125
2 0.040625 0.225 0.01171875 0.03359375
2 0.0421875 0.13046875 0.0109375 0.034375
2 0.05703125 0.13359375 0.01171875 0.03515625
2 0.028125 0.196875 0.01171875 0.03359375
2 0.046875 0.17578125 0.01015625 0.0265625
2 0.02109375 0.25078125 0.0109375 0.02578125
2 0.7734375 0.23515625 0.02421875 0.0140625
2 0.76171875 0.153125 0.021875 0.01484375
2 0.97890625 0.30703125 0.02421875 0.01640625
2 0.8953125 0.31484375 0.0265625 0.01953125
3 0.33125 0.4109375 0.02109375 0.025
4 0.3921875 0.56015625 0.01328125 0.0109375
4 0.5734375 0.55 0.01171875 0.0109375
4 0.53359375 0.56015625 0.015625 0.01171875
4 0.5625 0.33515625 0.01015625 0.0109375
4 0.24609375 0.39609375 0.0140625 0.01015625
4 0.1890625 0.59921875 0.01640625 0.01484375
4 0.0921875 0.39921875 0.00703125 0.015625
4 0.04765625 0.2484375 0.009375 0.02109375
4 0.03125 0.2609375 0.00703125 0.02109375
4 0.00625 0.25703125 0.00703125 0.021875
4 0.0046875 0.28203125 0.009375 0.02109375
3 0.040625 0.271875 0.0140625 0.02109375
3 0.3375 0.5765625 0.01640625 0.0203125
0 0.1890625 0.390625 0.01875 0.02109375