2 0.06171875 0.44140625 0.02578125 0.01875
2 0.065625 0.4640625 0.028125 0.01171875
2 0.109375 0.46015625 0.0234375 0.01640625
6 0.15390625 0.4640625 0.02890625 0.01796875
4 0.1140625 0.42578125 0.015625 0.0140625
4 0.1265625 0.44140625 0.01015625 0.0140625
4 0.0671875 0.425 0.015625 0.01171875
4 0.06015625 0.53203125 0.0109375 0.0140625
4 0.07578125 0.52421875 0.015625 0.01484375
4 0.07734375 0.55625 0.009375 0.01328125
4 0.03359375 0.55078125 0.0109375 0.01015625
4 0.0140625 0.55546875 0.01484375 0.01171875
4 0.0109375 0.54140625 0.0140625 0.0109375
4 0.01953125 0.5296875 0.01015625 0.009375
4 0.009375 0.4390625 0.015625 0.0140625
4 0.10625 0.54296875 0.01015625 0.00859375
4 0.1109375 0.55703125 0.01015625 0.01328125
4 0.13515625 0.52890625 0.01328125 0.00859375
4 0.14140625 0.54609375 0.01484375 0.01328125
4 0.1515625 0.56015625 0.01171875 0.0140625
4 0.1734375 0.54140625 0.0109375 0.009375
4 0.178125 0.52265625 0.0109375 0.0109375
4 0.1859375 0.54921875 0.01015625 0.00859375
4 0.240625 0.54609375 0.01171875 0.015625
4 0.2734375 0.5515625 0.01015625 0.0140625
0 0.16796875 0.42890625 0.01640625 0.01484375
0 0.253125 0.43046875 0.01953125 0.021875
0 0.3015625 0.42421875 0.01953125 0.021875
0 0.29296875 0.4453125 0.01328125 0.01640625
2 0.30859375 0.53515625 0.01171875 0.01796875