2 0.49609375 0.46015625 0.02890625 0.02890625
2 0.496875 0.36875 0.03203125 0.02890625
2 0.625 0.51796875 0.02578125 0.02890625
2 0.14609375 0.284375 0.0265625 0.05
2 0.040625 0.04609375 0.0265625 0.053125
2 0.03125 0.2 0.0234375 0.0484375
2 0.04453125 0.2296875 0.0234375 0.0453125
2 0.0234375 0.25546875 0.01875 0.04453125
4 0.0359375 0.26875 0.01171875 0.02109375
0 0.190625 0.39609375 0.02109375 0.0265625
2 0.16953125 0.53203125 0.03203125 0.028125
2 0.12421875 0.54375 0.02890625 0.0265625
2 0.06953125 0.55546875 0.02890625 0.025
4 0.0328125 0.54609375 0.01796875 0.021875
4 0.0234375 0.625 0.01796875 0.02421875
4 0.0734375 0.6265625 0.01484375 0.01875
4 0.06796875 0.6171875 0.0140625 0.015625
4 0.07421875 0.60390625 0.01875 0.0203125
4 0.08984375 0.5953125 0.015625 0.02578125
2 0.1109375 0.62734375 0.02890625 0.03125
0 0.10078125 0.61015625 0.02109375 0.01953125
2 0.11328125 0.56953125 0.03046875 0.03359375
2 0.15546875 0.56328125 0.02578125 0.03671875
2 0.01875 0.5734375 0.028125 0.028125
2 0.046875 0.5859375 0.03203125 0.028125
2 0.04453125 0.61015625 0.03125 0.03125
2 0.0046875 0.63046875 0.009375 0.03515625
2 0.00625 0.5546875 0.01171875 0.0265625
2 0.084375 0.5796875 0.028125 0.02578125
4 0.5640625 0.33828125 0.01640625 0.02578125
2 0.8359375 0.390625 0.03046875 0.034375
2 0.978125 0.38671875 0.03046875 0.0296875
2 0.8984375 0.3203125 0.03828125 0.03359375
2 0.97890625 0.31328125 0.03125 0.02890625
2 0.9265625 0.478125 0.0296875 0.03046875
2 0.7734375 0.2390625 0.0296875 0.03359375
2 0.76640625 0.15859375 0.03203125 0.03203125
2 0.02890625 0.30078125 0.021875 0.05859375
2 0.00625 0.32578125 0.0125 0.0578125
4 0.00625 0.2828125 0.0125 0.040625
0 0.015625 0.29453125 0.01796875 0.03125