2 0.04453125 0.965625 0.01875 0.03046875
2 0.09609375 0.87734375 0.01875 0.03515625
2 0.13671875 0.85546875 0.021875 0.0296875
2 0.2015625 0.9390625 0.01640625 0.02578125
2 0.2078125 0.91015625 0.02109375 0.021875
2 0.20859375 0.978125 0.02109375 0.03984375
2 0.23125 0.953125 0.01796875 0.03828125
2 0.1765625 0.82734375 0.01640625 0.03203125
2 0.190625 0.80703125 0.01875 0.0265625
2 0.278125 0.81953125 0.01484375 0.02890625
2 0.29140625 0.82421875 0.01875 0.02578125
2 0.19453125 0.771875 0.021875 0.02578125
2 0.2125 0.7515625 0.0203125 0.0265625
2 0.22890625 0.72890625 0.01640625 0.0234375
2 0.2421875 0.70390625 0.01640625 0.0234375
2 0.23828125 0.690625 0.01796875 0.021875
2 0.24921875 0.7171875 0.02109375 0.03515625
2 0.26640625 0.703125 0.01875 0.02421875
2 0.259375 0.6859375 0.01796875 0.025
2 0.28359375 0.68046875 0.01875 0.028125
2 0.30546875 0.78203125 0.0234375 0.0296875
2 0.33359375 0.7625 0.02109375 0.03125
2 0.32578125 0.828125 0.01953125 0.034375
2 0.34921875 0.75625 0.025 0.028125
2 0.2984375 0.6625 0.01875 0.02421875
2 0.29453125 0.64453125 0.01796875 0.02578125
2 0.315625 0.64296875 0.01640625 0.02890625
2 0.32578125 0.609375 0.01875 0.0265625
2 0.33046875 0.62109375 0.01953125 0.0296875
2 0.34453125 0.59609375 0.01796875 0.03203125
2 0.37578125 0.73359375 0.01953125 0.0234375
2 0.3796875 0.70390625 0.02109375 0.0265625
2 0.40078125 0.72890625 0.0140625 0.02109375
2 0.421875 0.703125 0.01875 0.021875
2 0.446875 0.85078125 0.0203125 0.02421875
2 0.4734375 0.81171875 0.015625 0.034375
2 0.43046875 0.86875 0.01953125 0.025
2 0.41171875 0.8875 0.0203125 0.0265625
2 0.3921875 0.90390625 0.01875 0.025
2 0.36875 0.92890625 0.021875 0.03515625
2 0.371875 0.959375 0.01953125 0.028125
2 0.328125 0.95703125 0.01640625 0.02578125
2 0.4859375 0.6765625 0.028125 0.025
2 0.49921875 0.64140625 0.0234375 0.0203125
2 0.5515625 0.78203125 0.021875 0.03046875
2 0.53125 0.621875 0.0234375 0.02890625
2 0.5453125 0.63046875 0.01953125 0.02578125
2 0.578125 0.58671875 0.015625 0.02890625
2 0.58671875 0.6046875 0.01875 0.03046875
2 0.6015625 0.703125 0.01640625 0.0234375
2 0.58671875 0.54609375 0.01171875 0.040625
2 0.6 0.53515625 0.01328125 0.0390625
2 0.33203125 0.32109375 0.01328125 0.03046875
2 0.32265625 0.01328125 0.01640625 0.02578125
2 0.33359375 0.01171875 0.0171875 0.0234375
2 0.30703125 0.03125 0.01328125 0.03046875
2 0.3203125 0.0609375 0.01484375 0.028125
2 0.334375 0.078125 0.01875 0.03359375
2 0.34140625 0.0703125 0.01640625 0.02890625
2 0.34609375 0.1140625 0.01796875 0.03046875
2 0.35546875 0.0984375 0.01875 0.0296875
2 0.359375 0.14140625 0.01640625 0.0359375
2 0.3734375 0.14453125 0.01484375 0.028125
2 0.371875 0.16953125 0.01640625 0.0296875
2 0.38828125 0.16640625 0.01484375 0.02890625
2 0.39765625 0.196875 0.01796875 0.03046875
2 0.3984375 0.21640625 0.01171875 0.02578125
2 0.409375 0.23828125 0.01640625 0.03515625
2 0.4234375 0.23203125 0.01796875 0.0296875
2 0.42578125 0.25703125 0.01328125 0.02421875
2 0.41640625 0.26796875 0.0140625 0.025
2 0.428125 0.2921875 0.01484375 0.03046875
2 0.41640625 0.29296875 0.0140625 0.02890625
2 0.43671875 0.28828125 0.01484375 0.03046875
2 0.43984375 0.2609375 0.0140625 0.03203125
2 0.584375 0.2015625 0.0140625 0.034375
2 0.5609375 0.16875 0.01328125 0.03515625
2 0.56875 0.14375 0.01171875 0.03984375
2 0.55703125 0.05703125 0.01328125 0.03515625
2 0.59375 0.06484375 0.01796875 0.02578125
2 0.6421875 0.3140625 0.021875 0.02421875
2 0.77421875 0.2953125 0.015625 0.02578125
2 0.6625 0.43984375 0.01953125 0.03203125
2 0.81171875 0.25625 0.02109375 0.0359375
2 0.796875 0.17109375 0.01328125 0.03828125
2 0.809375 0.1796875 0.01796875 0.03046875
2 0.8234375 0.14609375 0.01171875 0.034375
2 0.87265625 0.08828125 0.0203125 0.028125
2 0.9265625 0.2296875 0.0203125 0.0296875
2 0.93671875 0.215625 0.021875 0.03359375
2 0.946875 0.20703125 0.01640625 0.0296875
2 0.93828125 0.01328125 0.01875 0.0265625
2 0.72265625 0.57578125 0.0109375 0.03046875
2 0.68125 0.75546875 0.01953125 0.02109375
2 0.69453125 0.72421875 0.0203125 0.0203125
2 0.71171875 0.73671875 0.0140625 0.0265625
2 0.70703125 0.7734375 0.01875 0.02109375
2 0.72109375 0.76875 0.01796875 0.02421875
2 0.7796875 0.79375 0.01796875 0.0296875
2 0.7984375 0.83203125 0.01875 0.02421875
2 0.80859375 0.88046875 0.01484375 0.02421875
2 0.84296875 0.89296875 0.01796875 0.028125
2 0.8578125 0.89453125 0.01640625 0.02890625
2 0.878125 0.928125 0.0203125 0.028125
2 0.86640625 0.7515625 0.01640625 0.03046875
2 0.88359375 0.76640625 0.0109375 0.034375
2 0.90625 0.7796875 0.0140625 0.02890625
2 0.94296875 0.8265625 0.01640625 0.03125
2 0.9515625 0.84609375 0.01953125 0.0203125
2 0.96171875 0.86171875 0.0203125 0.021875
2 0.971875 0.88046875 0.0203125 0.0203125
2 0.98125 0.90703125 0.01953125 0.0296875
4 0.05546875 0.865625 0.009375 0.01328125
4 0.06015625 0.88046875 0.00859375 0.0140625
4 0.0734375 0.88515625 0.01015625 0.0109375
4 0.06875 0.8671875 0.009375 0.01171875
4 0.08125 0.853125 0.00546875 0.0140625
4 0.084375 0.8484375 0.0046875 0.015625
4 0.08984375 0.84609375 0.00390625 0.01171875
4 0.09296875 0.84453125 0.00546875 0.01171875
4 0.10703125 0.83125 0.00703125 0.0140625
4 0.1109375 0.8265625 0.00703125 0.0140625
4 0.115625 0.8234375 0.00546875 0.01171875
4 0.11796875 0.81640625 0.00703125 0.01171875
4 0.15 0.815625 0.009375 0.0140625
4 0.17734375 0.81484375 0.00859375 0.01328125
4 0.178125 0.8015625 0.01015625 0.01171875
4 0.190625 0.790625 0.00859375 0.0140625
4 0.17578125 0.784375 0.00859375 0.0140625
4 0.1859375 0.77578125 0.00703125 0.01484375
4 0.20078125 0.78046875 0.00859375 0.01015625
4 0.2046875 0.746875 0.00546875 0.01328125
4 0.209375 0.74609375 0.00703125 0.01328125
4 0.2265625 0.70390625 0.00703125 0.01484375
4 0.225 0.71484375 0.00625 0.01328125
4 0.23046875 0.71328125 0.00703125 0.0109375
4 0.265625 0.66796875 0.00703125 0.01171875
4 0.2734375 0.65859375 0.00859375 0.01171875
4 0.28203125 0.65234375 0.00625 0.01328125
4 0.28984375 0.621875 0.00859375 0.0140625
4 0.296875 0.615625 0.00859375 0.0109375
4 0.303125 0.60390625 0.00546875 0.01015625
4 0.30390625 0.6234375 0.0046875 0.0109375
4 0.30703125 0.6265625 0.009375 0.00546875
4 0.31640625 0.6234375 0.00859375 0.01015625
4 0.31171875 0.63359375 0.00703125 0.0109375
4 0.32890625 0.59765625 0.00703125 0.015625
4 0.334375 0.58359375 0.00859375 0.01484375
4 0.32890625 0.55546875 0.009375 0.01015625
4 0.34375 0.49375 0.00703125 0.01640625
4 0.403125 0.4734375 0.00859375 0.015625
4 0.31171875 0.00859375 0.00859375 0.015625
4 0.31796875 0.03203125 0.009375 0.0140625
4 0.32890625 0.05625 0.009375 0.0140625
4 0.33671875 0.05390625 0.00859375 0.01328125
4 0.371875 0.08125 0.00390625 0.009375
4 0.359375 0.053125 0.00625 0.01171875
4 0.3640625 0.12578125 0.00859375 0.01484375
4 0.38671875 0.184375 0.00703125 0.009375
4 0.39609375 0.13203125 0.00625 0.00859375
4 0.3984375 0.1484375 0.00625 0.009375
4 0.3984375 0.13671875 0.00703125 0.00859375
4 0.40078125 0.140625 0.0046875 0.009375
4 0.40390625 0.14453125 0.00390625 0.01171875
4 0.40546875 0.14609375 0.00859375 0.00546875
4 0.40859375 0.1359375 0.00859375 0.01015625
4 0.40625 0.1578125 0.00859375 0.01015625
4 0.40859375 0.159375 0.00703125 0.009375
4 0.41171875 0.1640625 0.00625 0.01328125
4 0.41796875 0.15625 0.00859375 0.01171875
4 0.4203125 0.1609375 0.00703125 0.009375
4 0.41484375 0.1734375 0.00703125 0.0109375
4 0.41796875 0.178125 0.00390625 0.0140625
4 0.42578125 0.17421875 0.00546875 0.01171875
4 0.42890625 0.1796875 0.00859375 0.01171875
4 0.43671875 0.18828125 0.00859375 0.015625
4 0.390625 0.196875 0.00859375 0.0140625
4 0.3859375 0.203125 0.00859375 0.01484375
4 0.409375 0.20625 0.00625 0.0140625
4 0.41640625 0.21328125 0.00625 0.01484375
4 0.4453125 0.29296875 0.00625 0.01328125
4 0.446875 0.28359375 0.0046875 0.01328125
4 0.44921875 0.28046875 0.00390625 0.0140625
4 0.453125 0.284375 0.0046875 0.0140625
4 0.4609375 0.28203125 0.00625 0.0109375
4 0.47734375 0.30625 0.009375 0.01328125
4 0.6109375 0.475 0.0109375 0.0140625
4 0.63359375 0.4640625 0.01171875 0.01796875
4 0.6234375 0.509375 0.01015625 0.01640625
4 0.60546875 0.51171875 0.01015625 0.01953125
4 0.61171875 0.52578125 0.00703125 0.0203125
4 0.60859375 0.0546875 0.00859375 0.01796875
4 0.75078125 0.2265625 0.00703125 0.01171875
4 0.753125 0.21875 0.00703125 0.01484375
4 0.81328125 0.1609375 0.00859375 0.01484375
4 0.81328125 0.1484375 0.0046875 0.01875
4 0.99140625 0.028125 0.0140625 0.015625
4 0.71171875 0.37578125 0.01015625 0.01875
4 0.7015625 0.39921875 0.0109375 0.0203125
4 0.67578125 0.4375 0.00859375 0.01640625
4 0.6796875 0.4578125 0.01015625 0.0203125
4 0.665625 0.55078125 0.01015625 0.01875
4 0.67265625 0.49296875 0.00546875 0.0109375
4 0.68125 0.49609375 0.00546875 0.00859375
4 0.6859375 0.50703125 0.00546875 0.01796875
4 0.60078125 0.6125 0.00859375 0.01953125
4 0.56171875 0.63203125 0.01171875 0.0203125
4 0.81796875 0.7171875 0.00546875 0.01171875
4 0.82109375 0.7203125 0.003125 0.01171875
4 0.82421875 0.72265625 0.003125 0.0109375
4 0.834375 0.73203125 0.003125 0.01171875
4 0.84453125 0.7421875 0.00390625 0.0109375
4 0.85078125 0.74609375 0.0046875 0.01015625
4 0.85234375 0.7484375 0.00546875 0.01015625
4 0.85390625 0.75234375 0.00546875 0.00859375
4 0.91171875 0.79765625 0.00703125 0.01328125
4 0.97578125 0.86640625 0.00859375 0.009375
4 0.98203125 0.8578125 0.00859375 0.0109375
4 0.984375 0.87890625 0.0046875 0.01328125
4 0.9890625 0.88359375 0.00546875 0.01171875
4 0.921875 0.98828125 0.01171875 0.015625
4 0.8140625 0.8640625 0.01015625 0.015625
4 0.79921875 0.8484375 0.01015625 0.01484375
4 0.7859375 0.828125 0.00859375 0.01640625
4 0.7734375 0.80390625 0.00703125 0.01875
4 0.76640625 0.79609375 0.00703125 0.01796875
4 0.69296875 0.759375 0.009375 0.01015625
4 0.678125 0.74140625 0.01015625 0.01015625
4 0.68125 0.71953125 0.00859375 0.01015625
4 0.68359375 0.7109375 0.009375 0.0109375
4 0.69140625 0.709375 0.00859375 0.0109375
4 0.62109375 0.6875 0.01171875 0.01796875
4 0.56796875 0.77109375 0.01171875 0.0234375
4 0.4609375 0.7515625 0.00546875 0.0140625
4 0.45703125 0.7375 0.00625 0.015625
4 0.46015625 0.73046875 0.00390625 0.01484375
4 0.4484375 0.72421875 0.0046875 0.01796875
4 0.4515625 0.7390625 0.0046875 0.015625
4 0.3484375 0.9515625 0.009375 0.01484375
4 0.325 0.98125 0.00703125 0.01796875
4 0.38046875 0.7875 0.009375 0.01171875
4 0.3640625 0.80078125 0.009375 0.01015625
4 0.31796875 0.80234375 0.00859375 0.0140625
4 0.309375 0.8015625 0.01015625 0.0140625
4 0.2734375 0.84609375 0.009375 0.0140625
4 0.29921875 0.85859375 0.00859375 0.01796875
4 0.2453125 0.896875 0.00703125 0.01328125
4 0.2484375 0.90625 0.00703125 0.00703125
4 0.2609375 0.9109375 0.00859375 0.01796875
4 0.2484375 0.9328125 0.0109375 0.01640625
4 0.18828125 0.9640625 0.009375 0.01484375
4 0.18203125 0.9890625 0.00859375 0.021875
4 0.1625 0.99140625 0.009375 0.015625
4 0.15703125 0.98828125 0.00703125 0.01171875
4 0.14609375 0.9921875 0.01015625 0.0140625
0 0.11015625 0.8640625 0.015625 0.0234375
0 0.246875 0.871875 0.01328125 0.0234375
0 0.3265625 0.809375 0.01171875 0.021875
0 0.3390625 0.78515625 0.0140625 0.01953125
0 0.2515625 0.6796875 0.0140625 0.02109375
0 0.27421875 0.66640625 0.01328125 0.02109375
0 0.39765625 0.78359375 0.0140625 0.015625
0 0.41875 0.7453125 0.01171875 0.02109375
0 0.33671875 0.59296875 0.009375 0.021875
0 0.46640625 0.73828125 0.009375 0.02421875
0 0.49453125 0.7359375 0.0140625 0.01875
0 0.4765625 0.6140625 0.0140625 0.021875
0 0.346875 0.44609375 0.01015625 0.02421875
0 0.321875 0.02578125 0.01015625 0.0203125
0 0.325 0.04375 0.009375 0.01875
0 0.3734375 0.12109375 0.009375 0.02578125
0 0.38046875 0.140625 0.009375 0.021875
0 0.40625 0.18984375 0.0109375 0.02578125
0 0.409375 0.2140625 0.009375 0.0234375
0 0.42578125 0.3109375 0.01171875 0.021875
0 0.603125 0.259375 0.01328125 0.021875
0 0.60390625 0.290625 0.01484375 0.021875
0 0.709375 0.271875 0.0140625 0.02578125
0 0.84140625 0.23125 0.01640625 0.03125
0 0.69140625 0.44609375 0.01171875 0.02578125
0 0.75859375 0.65390625 0.01328125 0.021875
0 0.8734375 0.76953125 0.01015625 0.01953125
0 0.8984375 0.77421875 0.0140625 0.021875
0 0.75546875 0.76875 0.0140625 0.0234375
0 0.67890625 0.72890625 0.01796875 0.02421875
0 0.59375 0.71328125 0.0140625 0.021875
3 0.82734375 0.91953125 0.0234375 0.03203125
3 0.7265625 0.75234375 0.01640625 0.025
3 0.47265625 0.7734375 0.01953125 0.05078125
3 0.34140625 0.04375 0.02421875 0.04375
3 0.35078125 0.62109375 0.0234375 0.03828125
3 0.28828125 0.63359375 0.01640625 0.0265625
3 0.21328125 0.728125 0.01953125 0.025
1 0.21796875 0.765625 0.04453125 0.06953125
1 0.31875 0.58984375 0.0390625 0.08046875
1 0.0984375 0.96796875 0.05078125 0.05390625
1 0.73515625 0.8078125 0.05078125 0.05390625
1 0.78046875 0.84375 0.04921875 0.0609375
1 0.38984375 0.2421875 0.0390625 0.0703125
1 0.3609375 0.18359375 0.03203125 0.065625
6 0.7484375 0.78515625 0.03203125 0.04140625
6 0.7015625 0.74921875 0.0296875 0.03359375