0 0.00859375 0.47890625 0.0140625 0.01015625
4 0.00703125 0.465625 0.0109375 0.00703125
0 0.0453125 0.57421875 0.015625 0.0140625
2 0.10703125 0.53515625 0.015625 0.015625
5 0.13671875 0.6765625 0.040625 0.02578125
5 0.16328125 0.64375 0.040625 0.0234375
4 0.14375 0.61640625 0.01328125 0.01484375
6 0.29453125 0.63671875 0.034375 0.0203125
5 0.16796875 0.4875 0.03828125 0.0265625
3 0.42109375 0.54140625 0.0296875 0.021875
2 0.46953125 0.52890625 0.01953125 0.01484375
5 0.48125 0.55703125 0.0453125 0.02578125
6 0.50859375 0.6265625 0.02890625 0.0234375
4 0.5515625 0.5640625 0.0109375 0.01171875
5 0.54375 0.53984375 0.0453125 0.02578125
3 0.5859375 0.553125 0.0203125 0.0234375
4 0.553125 0.45625 0.01171875 0.01171875
5 0.53359375 0.484375 0.040625 0.025
3 0.590625 0.63046875 0.015625 0.01796875
2 0.36015625 0.290625 0.02421875 0.02890625
2 0.52109375 0.3296875 0.01015625 0.034375
2 0.53359375 0.33125 0.01015625 0.03359375
2 0.5734375 0.32109375 0.00859375 0.0296875
2 0.58359375 0.321875 0.00859375 0.02578125
2 0.734375 0.6609375 0.009375 0.0296875
5 0.68671875 0.47578125 0.04140625 0.025
3 0.69140625 0.5 0.021875 0.01171875
1 0.67734375 0.3890625 0.046875 0.02421875
5 0.7359375 0.38984375 0.0484375 0.02109375
0 0.7625 0.615625 0.01171875 0.01796875
4 0.7796875 0.5859375 0.00859375 0.0140625
0 0.8375 0.609375 0.01328125 0.015625
6 0.87578125 0.3953125 0.021875 0.0390625
0 0.94296875 0.39609375 0.01328125 0.0203125
2 0.93046875 0.50078125 0.0203125 0.01796875
5 0.903125 0.646875 0.040625 0.02578125
5 0.9765625 0.615625 0.04375 0.0203125
2 0.98125 0.596875 0.01953125 0.01484375