2 0.54296875 0.53125 0.01640625 0.05078125
2 0.57109375 0.53984375 0.01875 0.05
2 0.471875 0.53359375 0.01640625 0.05
2 0.48359375 0.55859375 0.0140625 0.04296875
2 0.50078125 0.5390625 0.01796875 0.046875
2 0.490625 0.503125 0.01484375 0.03984375
2 0.484375 0.46640625 0.01328125 0.040625
2 0.4765625 0.43046875 0.01484375 0.0453125
2 0.484375 0.68671875 0.01875 0.04921875
2 0.4765625 0.62421875 0.0203125 0.04921875
2 0.49453125 0.596875 0.01796875 0.05078125
3 0.4625 0.62734375 0.01640625 0.03828125
4 0.46953125 0.6859375 0.00859375 0.025
4 0.47421875 0.684375 0.01171875 0.0265625
3 0.45546875 0.7265625 0.01640625 0.040625
2 0.484375 0.734375 0.015625 0.04609375
2 0.471875 0.80390625 0.01796875 0.0453125
0 0.46015625 0.81796875 0.01640625 0.03671875
2 0.45078125 0.853125 0.015625 0.04609375
2 0.4625 0.878125 0.01875 0.05078125
2 0.47421875 0.86875 0.015625 0.04921875
2 0.465625 0.95390625 0.015625 0.04453125
2 0.459375 0.925 0.01640625 0.046875
3 0.4453125 0.93125 0.01796875 0.040625
4 0.496875 0.66796875 0.009375 0.03125
4 0.51640625 0.44375 0.01171875 0.02109375
0 0.5015625 0.4640625 0.01640625 0.03359375
2 0.50546875 0.41328125 0.02109375 0.04921875
2 0.52890625 0.384375 0.01796875 0.04140625
4 0.49921875 0.34609375 0.01328125 0.03203125
4 0.5140625 0.309375 0.01796875 0.0265625
2 0.5203125 0.35234375 0.021875 0.046875
4 0.55703125 0.32265625 0.01328125 0.025
4 0.56796875 0.2875 0.015625 0.0265625
4 0.584375 0.2765625 0.0140625 0.025
2 0.56171875 0.24921875 0.02890625 0.03984375
2 0.54296875 0.31328125 0.0234375 0.04375
2 0.61953125 0.24609375 0.02109375 0.02578125
4 0.6640625 0.24140625 0.01640625 0.0203125
4 0.6765625 0.2296875 0.0140625 0.01640625
4 0.68359375 0.21953125 0.0140625 0.01796875
4 0.7015625 0.215625 0.01328125 0.02109375
4 0.7140625 0.221875 0.0140625 0.01796875
4 0.62578125 0.20625 0.01796875 0.0203125
4 0.60546875 0.209375 0.0140625 0.01875
4 0.60390625 0.221875 0.01171875 0.01640625
2 0.65390625 0.2109375 0.0265625 0.0265625
4 0.76953125 0.21875 0.01796875 0.03046875
2 0.77421875 0.14765625 0.01484375 0.04296875
2 0.834375 0.16875 0.02421875 0.02578125
0 0.84140625 0.21796875 0.0234375 0.02890625
3 0.88359375 0.16796875 0.0203125 0.02578125
4 0.90078125 0.19296875 0.01796875 0.025
4 0.9359375 0.21640625 0.01796875 0.02109375
0 0.9734375 0.221875 0.02421875 0.02890625
3 0.92109375 0.165625 0.01875 0.025
2 0.815625 0.021875 0.01796875 0.03828125
2 0.9953125 0.390625 0.009375 0.034375
2 0.98671875 0.42734375 0.02578125 0.02421875
4 0.94609375 0.42421875 0.01796875 0.02109375
4 0.92421875 0.42265625 0.01796875 0.01875
4 0.884375 0.45859375 0.0140625 0.0234375
1 0.93359375 0.3953125 0.0609375 0.03828125
2 0.9046875 0.365625 0.02578125 0.025
2 0.9484375 0.36796875 0.028125 0.0265625
3 0.92734375 0.359375 0.02421875 0.03046875
1 0.87578125 0.39609375 0.06796875 0.034375
2 0.8796875 0.35859375 0.02578125 0.0265625
2 0.85546875 0.36796875 0.02578125 0.03046875
2 0.8296875 0.3609375 0.025 0.025
4 0.86640625 0.37890625 0.01796875 0.0203125
4 0.82578125 0.4171875 0.01640625 0.0203125
4 0.81796875 0.45234375 0.01640625 0.01796875
0 0.77578125 0.43046875 0.02421875 0.0234375
4 0.73359375 0.440625 0.01328125 0.015625
4 0.7234375 0.4046875 0.0140625 0.015625
0 0.7765625 0.365625 0.025 0.02578125
6 0.8046875 0.365625 0.0296875 0.0265625
1 0.803125 0.38984375 0.07890625 0.03203125
2 0.75078125 0.36171875 0.02890625 0.02578125
2 0.70859375 0.3578125 0.03046875 0.03046875
2 0.70703125 0.4359375 0.02890625 0.0296875
2 0.70703125 0.40546875 0.02421875 0.0234375
2 0.69296875 0.384375 0.0296875 0.028125
2 0.67421875 0.36171875 0.02578125 0.03359375
2 0.66796875 0.384375 0.025 0.028125
4 0.71875 0.42421875 0.01328125 0.01953125
4 0.715625 0.415625 0.015625 0.01796875
4 0.70546875 0.415625 0.01484375 0.015625
4 0.69453125 0.41796875 0.0140625 0.01640625
4 0.6859375 0.41328125 0.0140625 0.01640625
4 0.68671875 0.40546875 0.01171875 0.015625
4 0.68046875 0.4015625 0.0140625 0.01640625
4 0.66953125 0.39921875 0.0140625 0.01796875
4 0.6625 0.396875 0.0140625 0.01640625
4 0.6515625 0.3921875 0.01328125 0.01484375
4 0.6390625 0.39296875 0.015625 0.015625
4 0.6484375 0.4015625 0.01171875 0.01640625
4 0.65 0.415625 0.0140625 0.01796875
4 0.659375 0.4171875 0.015625 0.01796875
4 0.66953125 0.41328125 0.01484375 0.01875
4 0.66171875 0.40859375 0.0140625 0.0140625
4 0.671875 0.446875 0.01640625 0.015625
4 0.64921875 0.44296875 0.01796875 0.02421875
4 0.653125 0.43359375 0.015625 0.02109375
6 0.73828125 0.3828125 0.03984375 0.03046875
4 0.70703125 0.390625 0.01484375 0.015625
4 0.69921875 0.3734375 0.01484375 0.0203125
4 0.6890625 0.36640625 0.0140625 0.01796875
2 0.67734375 0.43359375 0.02890625 0.02421875
2 0.6296875 0.44296875 0.025 0.028125
2 0.63828125 0.37890625 0.02578125 0.0265625
2 0.64609375 0.359375 0.02578125 0.02890625
2 0.63984375 0.34140625 0.0140625 0.015625
2 0.62890625 0.34453125 0.01484375 0.01796875
2 0.62578125 0.35546875 0.015625 0.01953125
0 0.63359375 0.40546875 0.0203125 0.02109375
4 0.62890625 0.415625 0.01328125 0.01796875
4 0.640625 0.4125 0.0140625 0.015625
0 0.63359375 0.42421875 0.02109375 0.021875
2 0.55390625 0.084375 0.0203125 0.046875
2 0.5328125 0.009375 0.01875 0.01875
2 0.61640625 0.01171875 0.0171875 0.0234375
0 0.49921875 0.14765625 0.0203125 0.02578125
4 0.703125 0.121875 0.009375 0.021875
4 0.69296875 0.12265625 0.0109375 0.01953125
4 0.6765625 0.121875 0.009375 0.028125
4 0.70390625 0.15859375 0.015625 0.02109375
2 0.97109375 0.39140625 0.02578125 0.02890625
3 0.45859375 0.31796875 0.01875 0.03515625
2 0.36328125 0.37265625 0.02421875 0.03359375
2 0.3265625 0.35625 0.021875 0.03203125
2 0.28125 0.35234375 0.0265625 0.02890625
6 0.3421875 0.4171875 0.02421875 0.02578125
4 0.32734375 0.42734375 0.0140625 0.01640625
4 0.29921875 0.58984375 0.0140625 0.01796875
4 0.296875 0.59921875 0.01484375 0.015625
4 0.29609375 0.60859375 0.01484375 0.01875
5 0.17421875 0.9125 0.03203125 0.06015625
2 0.08671875 0.58046875 0.0234375 0.03359375
2 0.04296875 0.57578125 0.02578125 0.021875
4 0.02890625 0.559375 0.0140625 0.025
4 0.01875 0.49140625 0.01328125 0.0203125
2 0.03671875 0.603125 0.02890625 0.03046875
2 0.03359375 0.68984375 0.021875 0.0359375
0 0.03515625 0.0296875 0.02109375 0.0359375
4 0.08046875 0.05390625 0.01015625 0.02890625
0 0.0875 0.059375 0.015625 0.03515625
4 0.09296875 0.1140625 0.01796875 0.0265625
4 0.1640625 0.14375 0.01796875 0.02109375
4 0.0203125 0.065625 0.01328125 0.021875
4 0.0078125 0.08125 0.01328125 0.01796875
4 0.003125 0.084375 0.00625 0.02109375
2 0.30625 0.21796875 0.02890625 0.02578125
2 0.3609375 0.18828125 0.0234375 0.02890625
4 0.3609375 0.14453125 0.01171875 0.01796875
2 0.4078125 0.20390625 0.02421875 0.0265625
0 0.41171875 0.228125 0.01953125 0.028125
0 0.3953125 0.23203125 0.01875 0.02578125
0 0.3765625 0.2265625 0.02109375 0.025