0 0.0421875 0.0171875 0.025 0.034375
4 0.05546875 0.13515625 0.01640625 0.021875
4 0.0578125 0.1078125 0.01875 0.01953125
4 0.1390625 0.13125 0.01640625 0.01796875
4 0.13828125 0.16953125 0.015625 0.01953125
4 0.19921875 0.1765625 0.01640625 0.01953125
4 0.01328125 0.05546875 0.0140625 0.01875
4 0.0140625 0.065625 0.015625 0.0140625
4 0.01171875 0.078125 0.02109375 0.01796875
4 0.278125 0.15390625 0.01171875 0.0203125
4 0.2984375 0.14453125 0.01484375 0.01796875
4 0.3140625 0.13046875 0.01484375 0.01953125
2 0.31015625 0.16875 0.02890625 0.02421875
2 0.3515625 0.15703125 0.021875 0.02578125
2 0.39609375 0.16796875 0.0265625 0.0296875
2 0.390625 0.19765625 0.028125 0.0265625
2 0.39453125 0.2203125 0.0265625 0.03203125
2 0.43828125 0.1765625 0.0265625 0.028125
4 0.4640625 0.15546875 0.01484375 0.02109375
4 0.43828125 0.2 0.01328125 0.01484375
4 0.43203125 0.21328125 0.01328125 0.01640625
2 0.43359375 0.23203125 0.02890625 0.02890625
4 0.56171875 0.18359375 0.01484375 0.0203125
0 0.49375 0.22578125 0.01796875 0.0296875
0 0.490625 0.24921875 0.01640625 0.028125
2 0.4734375 0.2734375 0.02578125 0.04921875
2 0.459375 0.21875 0.025 0.0359375
2 0.478125 0.190625 0.0296875 0.03046875
0 0.50546875 0.146875 0.01953125 0.021875
0 0.5015625 0.17421875 0.0203125 0.021875
2 0.5265625 0.23671875 0.02890625 0.02890625
4 0.55546875 0.325 0.01328125 0.02421875
4 0.58046875 0.278125 0.01484375 0.0234375
4 0.58203125 0.3328125 0.01484375 0.01953125
2 0.5609375 0.08515625 0.0203125 0.04375
2 0.515625 0.3421875 0.02421875 0.04609375
0 0.5375 0.371875 0.015625 0.03125
2 0.584375 0.23515625 0.02421875 0.028125
3 0.3484375 0.371875 0.01875 0.028125
6 0.34609375 0.409375 0.025 0.0234375
2 0.634375 0.06953125 0.01796875 0.0390625
2 0.62421875 0.0140625 0.01796875 0.028125
2 0.54140625 0.009375 0.0203125 0.01875
4 0.6984375 0.1265625 0.01171875 0.02109375
4 0.68203125 0.128125 0.0109375 0.028125
4 0.709375 0.12578125 0.01015625 0.02578125
4 0.77109375 0.22890625 0.0140625 0.021875
4 0.8015625 0.24375 0.01171875 0.01875
4 0.66171875 0.2234375 0.0140625 0.01875
4 0.6046875 0.1921875 0.0140625 0.0234375
3 0.615625 0.215625 0.02578125 0.02421875
0 0.67109375 0.1859375 0.0203125 0.02421875
3 0.68984375 0.21328125 0.0234375 0.02578125
4 0.728125 0.16484375 0.01796875 0.02578125
4 0.76796875 0.184375 0.01484375 0.01953125
4 0.78828125 0.178125 0.01171875 0.021875
2 0.77890625 0.15390625 0.021875 0.04609375
2 0.821875 0.028125 0.01796875 0.03828125
2 0.8390625 0.178125 0.025 0.02578125
2 0.7546875 0.25078125 0.02578125 0.028125
2 0.69609375 0.2484375 0.0296875 0.02890625
2 0.81328125 0.390625 0.02578125 0.03203125
2 0.87109375 0.39921875 0.03359375 0.0296875
4 0.88203125 0.4171875 0.01796875 0.01640625
2 0.7453125 0.390625 0.03046875 0.025
4 0.734375 0.40703125 0.015625 0.01640625
4 0.73984375 0.43359375 0.0140625 0.01953125
4 0.89921875 0.25390625 0.01484375 0.025
4 0.9453125 0.221875 0.01640625 0.01953125
2 0.96953125 0.246875 0.02890625 0.028125
4 0.9703125 0.2015625 0.01875 0.02109375
2 0.9921875 0.421875 0.015625 0.025
4 0.86015625 0.18828125 0.01640625 0.0234375
2 0.7015625 0.3875 0.034375 0.02578125
2 0.67109375 0.3890625 0.03203125 0.021875
4 0.66796875 0.35390625 0.015625 0.01875
4 0.64921875 0.353125 0.01484375 0.015625
4 0.63125 0.35078125 0.015625 0.015625
2 0.63984375 0.3640625 0.025 0.02578125
4 0.6484375 0.375 0.0140625 0.01484375
3 0.6359375 0.38515625 0.02578125 0.021875
4 0.62890625 0.40078125 0.01484375 0.0140625
4 0.63359375 0.41171875 0.0140625 0.0140625
4 0.64140625 0.4234375 0.01640625 0.01328125
4 0.64453125 0.41328125 0.01796875 0.015625
4 0.69453125 0.4359375 0.015625 0.0203125
0 0.709375 0.41796875 0.02109375 0.021875
4 0.65859375 0.40390625 0.01484375 0.021875
2 0.546875 0.44921875 0.02109375 0.04296875
2 0.590625 0.475 0.03046875 0.03828125
4 0.54375 0.52421875 0.0140625 0.02578125
2 0.50859375 0.88984375 0.01875 0.04609375
2 0.528125 0.82421875 0.0203125 0.05
4 0.5265625 0.76484375 0.01171875 0.02578125
4 0.43984375 0.9046875 0.0140625 0.02421875
2 0.47578125 0.85234375 0.01875 0.04453125
2 0.46328125 0.915625 0.01796875 0.0484375
0 0.53203125 0.721875 0.015625 0.0359375
4 0.4484375 0.75546875 0.01171875 0.02578125
2 0.45078125 0.80234375 0.01875 0.04140625
2 0.46171875 0.80625 0.01171875 0.04296875
2 0.47421875 0.796875 0.02109375 0.04609375
0 0.459375 0.72890625 0.01484375 0.03515625
2 0.46640625 0.74375 0.01953125 0.0453125
2 0.48046875 0.75 0.01640625 0.04609375
4 0.540625 0.65390625 0.01171875 0.02421875
4 0.56171875 0.61796875 0.0140625 0.028125
2 0.44921875 0.69296875 0.01875 0.05
4 0.459375 0.67421875 0.01171875 0.028125
2 0.45625 0.6328125 0.01640625 0.04375
2 0.4890625 0.659375 0.015625 0.05078125
4 0.46328125 0.65 0.01015625 0.0265625
4 0.4703125 0.6109375 0.01171875 0.02578125
4 0.47421875 0.59609375 0.015625 0.02578125
0 0.47109375 0.65859375 0.0140625 0.034375
2 0.47109375 0.69765625 0.015625 0.0484375
2 0.48359375 0.70078125 0.01640625 0.0453125
2 0.478125 0.62890625 0.015625 0.04609375
2 0.5171875 0.71484375 0.0140625 0.04609375
4 0.4734375 0.49375 0.0140625 0.025
4 0.47890625 0.48828125 0.01171875 0.021875
4 0.48515625 0.48984375 0.01015625 0.025
4 0.48984375 0.4953125 0.00625 0.0234375
4 0.49453125 0.4953125 0.01015625 0.0265625
4 0.47578125 0.51015625 0.009375 0.0296875
4 0.4828125 0.50390625 0.009375 0.0234375
4 0.46796875 0.54765625 0.009375 0.0203125
4 0.47421875 0.5328125 0.01328125 0.02421875
4 0.48046875 0.528125 0.01171875 0.02421875
2 0.47421875 0.565625 0.01328125 0.0453125
2 0.484375 0.57578125 0.01171875 0.0390625
2 0.4890625 0.53359375 0.0140625 0.0453125
2 0.5015625 0.50859375 0.0140625 0.053125
2 0.50078125 0.5609375 0.0140625 0.05
4 0.49140625 0.56171875 0.0109375 0.025
0 0.46875 0.63203125 0.01640625 0.03515625
2 0.5484375 0.60078125 0.015625 0.05546875
4 0.53828125 0.59453125 0.00859375 0.02578125
2 0.52890625 0.59140625 0.01640625 0.05546875
2 0.49453125 0.6125 0.01640625 0.04453125
4 0.390625 0.39609375 0.01640625 0.01953125
4 0.403125 0.41875 0.01875 0.028125
4 0.13203125 0.353125 0.01640625 0.01796875
2 0.090625 0.56640625 0.02578125 0.0296875
2 0.0453125 0.55703125 0.0296875 0.025
2 0.03984375 0.5859375 0.0296875 0.02890625
2 0.03515625 0.675 0.0296875 0.02578125
4 0.3015625 0.58125 0.01328125 0.01640625
4 0.29921875 0.58984375 0.0140625 0.01171875
4 0.2984375 0.59921875 0.01796875 0.01171875
4 0.509375 0.53203125 0.00703125 0.0203125
4 0.51171875 0.515625 0.0109375 0.021875
4 0.42890625 0.23671875 0.01484375 0.01953125