2 0.02421875 0.5109375 0.01796875 0.01796875
5 0.134375 0.6765625 0.040625 0.0203125
5 0.159375 0.6453125 0.04296875 0.01875
4 0.15625 0.6140625 0.01796875 0.0203125
4 0.1984375 0.5953125 0.015625 0.01171875
4 0.20078125 0.5703125 0.01171875 0.01328125
2 0.21328125 0.41875 0.02421875 0.02421875
6 0.29140625 0.63671875 0.03359375 0.03125
2 0.34609375 0.61328125 0.01796875 0.02421875
4 0.31328125 0.56875 0.015625 0.01640625
2 0.340625 0.5484375 0.01484375 0.0140625
3 0.34765625 0.52734375 0.01875 0.01328125
2 0.39609375 0.5265625 0.01953125 0.02578125
6 0.42890625 0.56484375 0.03515625 0.01640625
2 0.48828125 0.59296875 0.01796875 0.01484375
6 0.50625 0.625 0.03359375 0.0265625
4 0.58515625 0.590625 0.01171875 0.01796875
2 0.590625 0.62890625 0.015625 0.0203125
4 0.6109375 0.6109375 0.0109375 0.01171875
4 0.67265625 0.60078125 0.01015625 0.01171875
2 0.57109375 0.49296875 0.0234375 0.01953125
2 0.35390625 0.290625 0.01953125 0.01953125
2 0.51953125 0.32890625 0.01015625 0.03203125
2 0.53125 0.32890625 0.009375 0.03203125
2 0.57109375 0.31875 0.0109375 0.0265625
2 0.58125 0.31875 0.00859375 0.021875
2 0.61328125 0.47109375 0.0140625 0.01328125
0 0.61328125 0.4515625 0.01328125 0.00859375
6 0.6390625 0.45859375 0.0234375 0.01484375
1 0.66953125 0.53125 0.04453125 0.02578125
6 0.675 0.49375 0.02890625 0.01875
5 0.69375 0.45546875 0.040625 0.021875
0 0.74609375 0.43515625 0.0109375 0.01171875
1 0.67421875 0.3859375 0.04296875 0.01640625
5 0.7328125 0.38515625 0.0453125 0.0203125
2 0.7328125 0.65703125 0.00703125 0.02578125
4 0.70546875 0.59921875 0.00859375 0.01328125
0 0.76015625 0.609375 0.01171875 0.01484375
6 0.76328125 0.53984375 0.03046875 0.01953125
2 0.77109375 0.56875 0.01640625 0.01328125
3 0.78203125 0.584375 0.01640625 0.015625
0 0.8359375 0.60625 0.01015625 0.0109375
2 0.86484375 0.559375 0.02109375 0.01484375
5 0.90078125 0.64296875 0.0390625 0.02578125
2 0.9015625 0.5953125 0.01484375 0.01796875
4 0.93203125 0.6109375 0.00703125 0.009375
4 0.95859375 0.6140625 0.01015625 0.01171875
5 0.80703125 0.42734375 0.04609375 0.034375
5 0.828125 0.48046875 0.05546875 0.03046875
6 0.96328125 0.47578125 0.03828125 0.025