2 0.35859375 0.28828125 0.01796875 0.01484375
2 0.41875 0.253125 0.01171875 0.02109375
2 0.40859375 0.21640625 0.01640625 0.01875
2 0.52421875 0.3234375 0.00625 0.02890625
2 0.534375 0.3234375 0.00859375 0.0296875
2 0.57578125 0.31484375 0.00703125 0.025
2 0.58515625 0.315625 0.00859375 0.02421875
2 0.98359375 0.8734375 0.0109375 0.02578125
2 0.96875 0.90703125 0.009375 0.0265625
2 0.73828125 0.6515625 0.00859375 0.0234375
6 0.90625 0.63515625 0.03984375 0.0203125
5 0.73671875 0.38046875 0.04609375 0.01953125
6 0.68046875 0.38359375 0.04140625 0.01953125
6 0.296875 0.63671875 0.03046875 0.01953125
6 0.165625 0.64453125 0.0390625 0.01953125
6 0.14140625 0.6765625 0.0390625 0.025
4 0.56484375 0.2765625 0.0046875 0.0140625
3 0.7765625 0.8515625 0.021875 0.01796875
3 0.73515625 0.89609375 0.01015625 0.03515625
4 0.54296875 0.2765625 0.003125 0.0140625
4 0.559375 0.28984375 0.00390625 0.01484375
4 0.5859375 0.27890625 0.0046875 0.01484375
4 0.596875 0.30390625 0.00390625 0.01484375
4 0.584375 0.2375 0.003125 0.01484375
4 0.55 0.225 0.003125 0.01015625
4 0.55859375 0.22421875 0.00390625 0.01171875
4 0.59921875 0.2390625 0.003125 0.01328125
4 0.534375 0.27578125 0.00390625 0.01328125
4 0.43046875 0.26875 0.00390625 0.01328125
4 0.59140625 0.23984375 0.00390625 0.01328125
4 0.5484375 0.27578125 0.003125 0.0140625
4 0.55546875 0.29296875 0.003125 0.01171875
4 0.56328125 0.2921875 0.003125 0.01171875
0 0.84140625 0.64140625 0.01484375 0.01484375
2 0.7 0.646875 0.00546875 0.025
2 0.69375 0.63046875 0.00625 0.02421875
2 0.68515625 0.634375 0.00625 0.021875
2 0.69296875 0.65625 0.00625 0.01953125
0 0.8390625 0.5984375 0.01171875 0.00859375
5 0.97578125 0.55859375 0.04609375 0.0234375
3 0.0640625 0.47578125 0.01875 0.01328125
2 0.59375 0.621875 0.0109375 0.01171875
6 0.7609375 0.5515625 0.02890625 0.0203125
4 0.928125 0.57890625 0.009375 0.0109375
6 0.51015625 0.6203125 0.02890625 0.021875
2 0.27265625 0.5015625 0.01484375 0.01875
5 0.13125 0.48671875 0.05390625 0.01953125
2 0.38984375 0.28359375 0.00703125 0.01875
6 0.85703125 0.3578125 0.02109375 0.04140625
2 0.6921875 0.4859375 0.01640625 0.01171875
2 0.509375 0.2640625 0.00859375 0.02421875
6 0.6890625 0.55390625 0.03984375 0.01875
4 0.76171875 0.603125 0.00859375 0.0140625
4 0.7828125 0.59609375 0.00859375 0.0140625
1 0.8453125 0.5796875 0.0296875 0.01640625
0 0.86875 0.63359375 0.00546875 0.01640625
4 0.925 0.59765625 0.00625 0.00859375
2 0.99453125 0.91796875 0.01015625 0.025
3 0.871875 0.8515625 0.0109375 0.03359375
4 0.9140625 0.60625 0.009375 0.01015625
4 0.8984375 0.59453125 0.00703125 0.0109375
2 0.86328125 0.565625 0.01484375 0.0203125
2 0.82265625 0.55859375 0.01875 0.015625
4 0.809375 0.58125 0.00703125 0.00859375
4 0.82109375 0.58359375 0.00703125 0.009375
4 0.80546875 0.59140625 0.00703125 0.00859375
4 0.71953125 0.55390625 0.00703125 0.01015625
4 0.71953125 0.5890625 0.00859375 0.01328125
2 0.4734375 0.590625 0.01484375 0.015625
6 0.30625 0.5484375 0.03046875 0.01484375
6 0.21640625 0.596875 0.02578125 0.01640625
4 0.290625 0.43125 0.00703125 0.01171875
4 0.39375 0.45546875 0.00859375 0.01015625
6 0.465625 0.4765625 0.03046875 0.02109375