4 0.015625 0.446875 0.0140625 0.0140625
4 0.02421875 0.43125 0.0140625 0.01328125
4 0.021875 0.459375 0.01328125 0.01328125
4 0.06484375 0.43671875 0.01796875 0.009375
4 0.11328125 0.4359375 0.01640625 0.009375
4 0.0546875 0.5359375 0.0109375 0.01640625
4 0.0390625 0.5703125 0.0109375 0.01171875
4 0.09453125 0.56953125 0.0109375 0.01171875
4 0.10390625 0.56171875 0.01171875 0.01484375
4 0.12890625 0.5296875 0.0140625 0.01484375
4 0.15390625 0.5640625 0.01328125 0.01484375
4 0.14921875 0.42421875 0.01015625 0.0109375
4 0.2109375 0.55625 0.01328125 0.0140625
4 0.2609375 0.54296875 0.0140625 0.01484375
4 0.28359375 0.44296875 0.01328125 0.01328125
4 0.278125 0.428125 0.01171875 0.0109375
4 0.31875 0.446875 0.01171875 0.0140625
4 0.33203125 0.4609375 0.01171875 0.009375
4 0.3640625 0.4328125 0.01171875 0.01171875
4 0.38671875 0.44296875 0.0109375 0.01015625
4 0.39375 0.453125 0.0109375 0.01171875
4 0.371875 0.55390625 0.0140625 0.01328125
4 0.3796875 0.54609375 0.01640625 0.0109375
4 0.39453125 0.5671875 0.0140625 0.01328125
4 0.31796875 0.553125 0.01328125 0.0109375
2 0.08046875 0.45 0.02578125 0.025
2 0.1859375 0.440625 0.02890625 0.01953125
2 0.21875 0.53828125 0.02421875 0.015625
6 0.16171875 0.4703125 0.0296875 0.021875
6 0.40234375 0.4671875 0.0234375 0.01640625
2 0.34140625 0.52890625 0.0203125 0.0234375
6 0.484375 0.46640625 0.01875 0.0203125
0 0.4421875 0.43671875 0.01484375 0.01875
0 0.63125 0.54453125 0.01796875 0.01796875
4 0.43046875 0.534375 0.0140625 0.01328125
4 0.45625 0.5515625 0.01171875 0.01953125
4 0.49453125 0.53203125 0.01171875 0.01484375
4 0.5234375 0.55703125 0.01015625 0.01484375
4 0.4921875 0.421875 0.01484375 0.0109375
4 0.64375 0.55546875 0.0109375 0.015625
4 0.784375 0.54140625 0.01640625 0.01328125
4 0.83046875 0.53828125 0.0140625 0.02109375
4 0.83671875 0.42578125 0.01328125 0.0140625
4 0.89296875 0.41953125 0.01640625 0.01875
4 0.88203125 0.534375 0.015625 0.00859375
2 0.68203125 0.5234375 0.0265625 0.02109375
2 0.95 0.51328125 0.03203125 0.028125
0 0.95390625 0.43671875 0.01875 0.01875
0 0.96875 0.421875 0.02109375 0.01875
0 0.89453125 0.54921875 0.01796875 0.01796875
0 0.98125 0.5578125 0.01953125 0.0203125
4 0.93203125 0.540625 0.01171875 0.00859375
4 0.94453125 0.54453125 0.01171875 0.01953125
4 0.953125 0.534375 0.01171875 0.009375
4 0.96328125 0.540625 0.01328125 0.0109375
4 0.99453125 0.521875 0.01015625 0.01015625
2 0.1359375 0.4734375 0.028125 0.028125
2 0.08359375 0.5484375 0.01953125 0.02421875
4 0.91640625 0.5640625 0.021875 0.01953125