2 0.496875 0.375 0.025 0.03203125
2 0.55390625 0.55390625 0.0203125 0.04609375
2 0.45859375 0.53671875 0.01640625 0.0390625
2 0.44296875 0.55703125 0.021875 0.040625
2 0.396875 0.5109375 0.02578125 0.05078125
2 0.39609375 0.61953125 0.01953125 0.04296875
2 0.3859375 0.3234375 0.01953125 0.04140625
0 0.42421875 0.65625 0.01328125 0.028125
0 0.43828125 0.621875 0.01484375 0.021875
0 0.46328125 0.66015625 0.01484375 0.021875
0 0.40625 0.71015625 0.01328125 0.02421875
0 0.61171875 0.75078125 0.01640625 0.028125
0 0.628125 0.45859375 0.01796875 0.025
0 0.2390625 0.16484375 0.01484375 0.01953125
0 0.559375 0.65859375 0.01953125 0.03359375
0 0.76171875 0.7734375 0.01796875 0.0359375
0 0.3078125 0.73359375 0.01484375 0.03203125
2 0.265625 0.83203125 0.021875 0.03984375
2 0.7234375 0.9625 0.02578125 0.02578125
0 0.371875 0.54453125 0.01875 0.04140625
0 0.33125 0.5421875 0.0109375 0.025
1 0.40713806249999995 0.4140661171875 0.416509521875 0.44013494062499997 0.465404153125 0.385100759375 0.45414178281249995 0.361896446875 0.40713806249999995 0.4140661171875
4 0.27109375 0.20546875 0.01328125 0.0234375
4 0.30546875 0.2828125 0.009375 0.03125
4 0.33359375 0.18515625 0.0140625 0.021875
4 0.37734375 0.25078125 0.0140625 0.01875
4 0.396875 0.27265625 0.01171875 0.02421875
4 0.39375 0.296875 0.01015625 0.0234375
4 0.36484375 0.26953125 0.01484375 0.015625
4 0.50859375 0.3359375 0.01328125 0.0203125
4 0.53671875 0.459375 0.01171875 0.01796875
4 0.3234375 0.63125 0.01171875 0.021875
4 0.3203125 0.67890625 0.01171875 0.028125
4 0.40078125 0.6703125 0.0109375 0.02109375
4 0.41640625 0.60078125 0.009375 0.02109375
4 0.45625 0.609375 0.01484375 0.01640625
4 0.5015625 0.5828125 0.01171875 0.02421875
4 0.5125 0.528125 0.01171875 0.03046875
4 0.69921875 0.8671875 0.01484375 0.021875
4 0.70625 0.8484375 0.01484375 0.021875
4 0.74140625 0.7984375 0.01328125 0.02421875
4 0.78359375 0.86328125 0.0140625 0.02109375
4 0.76953125 0.96484375 0.01640625 0.0203125
4 0.30625 0.89296875 0.01015625 0.01875
4 0.32109375 0.9 0.009375 0.0265625
4 0.29140625 0.9640625 0.01171875 0.01953125
4 0.246875 0.940625 0.01015625 0.03046875
4 0.29140625 0.815625 0.009375 0.03203125
4 0.2640625 0.8015625 0.0109375 0.02109375
4 0.803125 0.228125 0.0203125 0.02890625
4 0.8015625 0.2609375 0.01796875 0.021875
4 0.75625 0.29921875 0.01875 0.02578125
4 0.721875 0.35390625 0.01328125 0.01796875
4 0.659375 0.3609375 0.01796875 0.0203125
4 0.5953125 0.4234375 0.01484375 0.0203125
4 0.640625 0.2515625 0.01484375 0.01484375
4 0.71484375 0.159375 0.0140625 0.01953125
4 0.7578125 0.1109375 0.01484375 0.021875
4 0.853125 0.078125 0.01875 0.0203125
4 0.88828125 0.1640625 0.0203125 0.0203125
4 0.878125 0.196875 0.01796875 0.01875
4 0.590625 0.6046875 0.01171875 0.02109375
4 0.57109375 0.590625 0.0109375 0.01875
4 0.58828125 0.5421875 0.01171875 0.021875
4 0.53359375 0.521875 0.01171875 0.01640625
4 0.5265625 0.53125 0.01328125 0.01796875
4 0.48984375 0.5375 0.009375 0.02109375
4 0.5234375 0.48203125 0.0140625 0.01875
4 0.5421875 0.4859375 0.00859375 0.02109375
4 0.55390625 0.475 0.00859375 0.0234375
4 0.47578125 0.51328125 0.0109375 0.01875
4 0.4734375 0.4859375 0.01796875 0.01484375
4 0.4484375 0.496875 0.01171875 0.0140625
4 0.428125 0.490625 0.0109375 0.01640625
4 0.4359375 0.503125 0.01171875 0.0203125
4 0.4484375 0.50703125 0.01171875 0.01171875
4 0.38984375 0.5765625 0.01171875 0.01328125
4 0.3921875 0.54609375 0.01171875 0.01796875
4 0.396875 0.5828125 0.00859375 0.02421875
4 0.43671875 0.60546875 0.01484375 0.0140625
4 0.371875 0.58359375 0.01328125 0.01953125
4 0.36171875 0.61796875 0.01328125 0.01640625
4 0.359375 0.59453125 0.01015625 0.01953125
4 0.3484375 0.58125 0.01171875 0.01484375
4 0.340625 0.5609375 0.0109375 0.0203125
4 0.33203125 0.61640625 0.01171875 0.0203125
4 0.35859375 0.73203125 0.009375 0.01953125
4 0.37578125 0.734375 0.009375 0.01796875
4 0.3859375 0.68671875 0.01171875 0.025
4 0.340625 0.740625 0.009375 0.01953125
4 0.3015625 0.87734375 0.01171875 0.01875
4 0.2640625 0.8796875 0.01171875 0.01875
4 0.28359375 0.9546875 0.0109375 0.02421875
4 0.24296875 0.921875 0.0109375 0.02109375
4 0.5328125 0.67890625 0.01171875 0.0140625
4 0.55234375 0.70078125 0.01171875 0.01484375
4 0.59296875 0.72578125 0.01015625 0.01796875
4 0.5953125 0.678125 0.00859375 0.01796875
4 0.63203125 0.74296875 0.01171875 0.01640625
4 0.615625 0.7203125 0.01171875 0.0203125
6 0.56328125 0.94921875 0.03515625 0.06796875
4 0.63828125 0.828125 0.01328125 0.01875
4 0.63671875 0.78125 0.01171875 0.01875
4 0.646875 0.76796875 0.01015625 0.01640625
4 0.6765625 0.70078125 0.0109375 0.01796875
2 0.75859375 0.63125 0.0203125 0.0390625
2 0.86640625 0.28984375 0.0234375 0.0296875
2 0.846875 0.38828125 0.0234375 0.04140625
3 0.80703125 0.50390625 0.015625 0.0296875
3 0.671875 0.578125 0.01875 0.02578125
3 0.621875 0.4890625 0.01796875 0.025
4 0.478125 0.5484375 0.0140625 0.0203125
4 0.48984375 0.57578125 0.0109375 0.01953125
4 0.4640625 0.5125 0.00859375 0.01953125
4 0.3953125 0.42265625 0.00859375 0.0265625
4 0.3296875 0.50703125 0.01171875 0.0203125
4 0.37421875 0.46953125 0.00859375 0.0234375
4 0.37890625 0.42421875 0.009375 0.01796875
4 0.38828125 0.3984375 0.009375 0.01953125
4 0.378125 0.390625 0.009375 0.0265625
4 0.36796875 0.434375 0.00859375 0.02421875
4 0.33359375 0.41640625 0.01015625 0.02421875
4 0.3234375 0.134375 0.01171875 0.0203125
4 0.28671875 0.10625 0.01171875 0.01796875
4 0.26328125 0.07421875 0.01171875 0.021875
4 0.23515625 0.034375 0.01015625 0.01875
4 0.23125 0.01328125 0.01171875 0.01796875
4 0.21875 0.01328125 0.01171875 0.01796875
4 0.27109375 0.1078125 0.009375 0.01796875
3 0.25625 0.23125 0.02421875 0.03046875
2 0.23203125 0.1828125 0.025 0.0265625
3 0.19140625 0.19921875 0.02421875 0.03828125
6 0.19375 0.2484375 0.0265625 0.05703125
3 0.215625 0.24296875 0.0234375 0.03984375
3 0.234375 0.2765625 0.02578125 0.04375
4 0.875 0.2265625 0.015625 0.01875
4 0.95078125 0.25703125 0.01015625 0.021875
4 0.89453125 0.05703125 0.01328125 0.01796875
4 0.925 0.00859375 0.015625 0.0171875
4 0.78359375 0.13515625 0.0140625 0.015625
4 0.71015625 0.20703125 0.01171875 0.01484375
4 0.53359375 0.29765625 0.01171875 0.015625
4 0.5390625 0.31796875 0.01171875 0.015625
4 0.528125 0.31328125 0.01328125 0.01484375
4 0.484375 0.403125 0.01171875 0.01328125
4 0.478125 0.39453125 0.0109375 0.01328125
4 0.46640625 0.3984375 0.01171875 0.01640625
4 0.46875 0.4140625 0.0109375 0.015625
4 0.45078125 0.41484375 0.0109375 0.01484375
4 0.4609375 0.4140625 0.00859375 0.015625
3 0.83828125 0.30703125 0.034375 0.03671875
3 0.73671875 0.38828125 0.0234375 0.03359375
3 0.67265625 0.434375 0.02578125 0.0296875
3 0.684375 0.58515625 0.02578125 0.03671875
3 0.70546875 0.63125 0.02109375 0.04296875
3 0.72890625 0.67265625 0.021875 0.0296875
3 0.82578125 0.44921875 0.0296875 0.0640625
3 0.86796875 0.33671875 0.03125 0.0609375
3 0.81171875 0.33203125 0.02421875 0.0296875
4 0.71953125 0.33828125 0.01171875 0.0140625
4 0.753125 0.3734375 0.01171875 0.01875
4 0.71171875 0.3890625 0.0109375 0.0140625
4 0.6484375 0.4578125 0.0109375 0.01171875
4 0.60546875 0.52890625 0.00859375 0.015625
4 0.6015625 0.53671875 0.01015625 0.01640625
4 0.8296875 0.93125 0.01015625 0.021875
4 0.85078125 0.95625 0.0109375 0.0203125
4 0.8703125 0.9828125 0.0140625 0.015625
4 0.22421875 0.8328125 0.0109375 0.01171875
4 0.228125 0.81953125 0.01015625 0.0109375
4 0.24453125 0.8015625 0.009375 0.0140625
4 0.23515625 0.790625 0.009375 0.01015625
4 0.234375 0.80078125 0.01015625 0.01015625
4 0.24296875 0.7671875 0.01015625 0.0109375
3 0.2796875 0.66796875 0.015625 0.03359375
4 0.30859375 0.584375 0.00625 0.02109375
4 0.3203125 0.553125 0.00625 0.01796875
4 0.23671875 0.2375 0.009375 0.01484375
4 0.24296875 0.2359375 0.00859375 0.0203125
4 0.2109375 0.08515625 0.01015625 0.01796875
4 0.3140625 0.08359375 0.009375 0.0140625
4 0.32578125 0.065625 0.0109375 0.01015625
4 0.3328125 0.05625 0.00703125 0.01640625
4 0.34609375 0.034375 0.01015625 0.0203125
4 0.35625 0.04609375 0.009375 0.01953125
4 0.36328125 0.05859375 0.01015625 0.02109375
4 0.34609375 0.065625 0.00859375 0.01484375
4 0.33671875 0.06015625 0.00703125 0.01328125
4 0.3328125 0.0734375 0.00625 0.01640625
4 0.31953125 0.09296875 0.00703125 0.01484375
4 0.32578125 0.09375 0.00703125 0.01796875
4 0.34140625 0.09921875 0.00703125 0.01953125
4 0.346875 0.10703125 0.00625 0.01640625
4 0.3515625 0.09296875 0.00859375 0.015625
4 0.359375 0.08515625 0.00546875 0.01796875
4 0.36484375 0.0921875 0.00703125 0.01484375
4 0.36875 0.11171875 0.00625 0.0140625
4 0.378125 0.0765625 0.00859375 0.01875
4 0.38125 0.09765625 0.00859375 0.01796875
4 0.38515625 0.1109375 0.00859375 0.01640625
4 0.378125 0.115625 0.00625 0.015625
4 0.38046875 0.134375 0.00859375 0.01640625
4 0.36171875 0.11328125 0.00625 0.01484375
4 0.34375 0.1328125 0.00703125 0.0140625
4 0.35 0.13359375 0.00625 0.01484375
4 0.34140625 0.121875 0.00859375 0.01640625
3 0.521875 0.703125 0.0265625 0.03828125
2 0.55390625 0.24140625 0.025 0.028125
3 0.52421875 0.215625 0.0234375 0.03359375
2 0.66171875 0.15078125 0.0203125 0.02578125
2 0.62421875 0.15703125 0.015625 0.04140625
4 0.50390625 0.29140625 0.01171875 0.01796875
4 0.4859375 0.2609375 0.00859375 0.01953125
4 0.50546875 0.26953125 0.01015625 0.0140625
4 0.51796875 0.26015625 0.01015625 0.01171875
4 0.3921875 0.1859375 0.009375 0.01953125
4 0.409375 0.2578125 0.00859375 0.01640625
4 0.415625 0.271875 0.00859375 0.01484375
4 0.43984375 0.28671875 0.00625 0.01875
4 0.4328125 0.28359375 0.00546875 0.01640625
4 0.446875 0.30703125 0.00625 0.0203125
4 0.475 0.27578125 0.01015625 0.02109375
4 0.553125 0.20859375 0.00625 0.02109375
4 0.5515625 0.18671875 0.00703125 0.01875
4 0.55625 0.18203125 0.00546875 0.02109375
4 0.565625 0.20078125 0.00546875 0.0203125
4 0.5921875 0.19609375 0.00703125 0.0203125
4 0.60546875 0.17109375 0.00703125 0.01953125
4 0.61171875 0.13125 0.00703125 0.01875
4 0.61171875 0.15625 0.00625 0.0203125
4 0.5984375 0.17578125 0.00625 0.01875
4 0.584375 0.18359375 0.0046875 0.01953125
4 0.58046875 0.19921875 0.00859375 0.01640625
4 0.6515625 0.128125 0.00859375 0.01796875
4 0.65859375 0.1265625 0.00546875 0.01953125
4 0.66328125 0.12421875 0.0046875 0.01640625
4 0.66875 0.12421875 0.00625 0.01796875
4 0.68125 0.13046875 0.01015625 0.01640625
4 0.68515625 0.109375 0.00859375 0.01875
4 0.6734375 0.11953125 0.00546875 0.0203125
4 0.6953125 0.10390625 0.00546875 0.021875
4 0.69140625 0.1046875 0.0046875 0.0203125
4 0.78046875 0.02890625 0.00859375 0.0203125
3 0.70078125 0.41640625 0.02890625 0.04140625
3 0.71796875 0.6484375 0.025 0.0453125
3 0.63046875 0.50625 0.02421875 0.03515625
3 0.63046875 0.54140625 0.01640625 0.0265625
3 0.66796875 0.56328125 0.01875 0.03203125
4 0.7984375 0.58125 0.0109375 0.0203125
4 0.78515625 0.553125 0.0109375 0.01328125
4 0.790625 0.54453125 0.01015625 0.0109375
4 0.82734375 0.60078125 0.01171875 0.0109375
4 0.81640625 0.63359375 0.01171875 0.009375
4 0.8140625 0.6421875 0.01171875 0.009375
4 0.7734375 0.74453125 0.01171875 0.01171875
4 0.7828125 0.72421875 0.01015625 0.009375
4 0.7890625 0.70859375 0.01015625 0.0109375
4 0.78046875 0.56328125 0.0109375 0.00859375
4 0.778125 0.57109375 0.009375 0.01015625
4 0.7734375 0.5765625 0.01015625 0.01171875
4 0.796875 0.52109375 0.009375 0.01328125
4 0.81171875 0.48359375 0.009375 0.0109375
4 0.79140625 0.534375 0.009375 0.00703125
4 0.87109375 0.453125 0.01015625 0.015625
4 0.884375 0.4390625 0.00625 0.01953125
4 0.89140625 0.4359375 0.0109375 0.015625
4 0.89609375 0.42578125 0.00859375 0.0109375
2 0.40625 0.14140625 0.0203125 0.040625
6 0.07734375 0.02734375 0.03828125 0.05390625