1 0.378125 0.51328125 0.0484375 0.021875
1 0.24453125 0.51796875 0.05078125 0.021875
1 0.0921875 0.515625 0.053125 0.01875
2 0.02109375 0.54375 0.01953125 0.01796875
2 0.0796875 0.5515625 0.01953125 0.015625
2 0.1234375 0.55390625 0.01953125 0.01640625
2 0.2828125 0.57421875 0.0203125 0.015625
2 0.2953125 0.55546875 0.01796875 0.01484375
2 0.34453125 0.55 0.015625 0.01328125
2 0.384375 0.5609375 0.01875 0.01484375
2 0.43828125 0.56171875 0.01953125 0.015625
2 0.45703125 0.54296875 0.02421875 0.0140625
2 0.49296875 0.453125 0.01953125 0.01640625
2 0.47265625 0.45859375 0.01796875 0.01015625
2 0.453125 0.4609375 0.01484375 0.01171875
2 0.45078125 0.44296875 0.01484375 0.01171875
2 0.4765625 0.4328125 0.0140625 0.01171875
2 0.50390625 0.41875 0.015625 0.01484375
2 0.465625 0.4140625 0.015625 0.0140625
2 0.43671875 0.4046875 0.01953125 0.01328125
2 0.41953125 0.4234375 0.01875 0.015625
2 0.403125 0.41171875 0.01953125 0.01875
2 0.4015625 0.43671875 0.01875 0.0140625
2 0.41015625 0.4625 0.01640625 0.01171875
2 0.43515625 0.459375 0.01640625 0.01328125
2 0.38984375 0.46328125 0.01953125 0.015625
2 0.3515625 0.44296875 0.01953125 0.01484375
2 0.34921875 0.41640625 0.01640625 0.015625
2 0.36796875 0.41171875 0.01640625 0.01328125
2 0.36796875 0.45703125 0.01875 0.01484375
2 0.33203125 0.434375 0.015625 0.01640625
2 0.3328125 0.4515625 0.01875 0.01328125
2 0.3234375 0.421875 0.01953125 0.0140625
2 0.3046875 0.4546875 0.01953125 0.015625
2 0.20078125 0.30390625 0.01015625 0.03125
2 0.24375 0.15625 0.015625 0.03515625
2 0.62578125 0.88359375 0.009375 0.028125
2 0.70078125 0.5546875 0.01953125 0.01875
2 0.67578125 0.546875 0.015625 0.01796875
2 0.63671875 0.5109375 0.01875 0.021875
2 0.54375 0.540625 0.021875 0.0203125
2 0.52265625 0.55703125 0.015625 0.01484375
2 0.68671875 0.4140625 0.025 0.01640625
2 0.671875 0.34296875 0.01328125 0.02890625
2 0.78515625 0.34140625 0.00859375 0.03046875
2 0.85390625 0.5265625 0.01953125 0.01796875
2 0.834375 0.34921875 0.0203125 0.01640625
2 0.58515625 0.78671875 0.00859375 0.03046875
2 0.58671875 0.6734375 0.00859375 0.0296875
2 0.575 0.70390625 0.00859375 0.03125
2 0.5859375 0.71171875 0.00703125 0.02890625
2 0.58515625 0.75234375 0.00703125 0.028125
4 0.56796875 0.90078125 0.00546875 0.01796875
4 0.56640625 0.75703125 0.0046875 0.01640625
4 0.57890625 0.7625 0.00546875 0.01796875
4 0.5796875 0.6703125 0.003125 0.01640625
4 0.58203125 0.684375 0.00390625 0.01484375
4 0.56875 0.64765625 0.0046875 0.01484375
4 0.571875 0.646875 0.0046875 0.01484375
0 0.578125 0.65234375 0.00625 0.021875
0 0.56953125 0.37890625 0.01171875 0.0109375
0 0.90078125 0.37578125 0.0140625 0.01171875
0 0.95390625 0.3796875 0.01328125 0.01484375
4 0.98515625 0.49921875 0.01015625 0.01015625
4 0.90625 0.3859375 0.009375 0.01015625
4 0.865625 0.50859375 0.01171875 0.0109375
4 0.77578125 0.5265625 0.01015625 0.01015625
4 0.753125 0.53828125 0.00859375 0.009375
4 0.76171875 0.5609375 0.01328125 0.0140625
4 0.6984375 0.58203125 0.009375 0.01015625
4 0.61171875 0.54375 0.0109375 0.0109375
4 0.603125 0.5640625 0.009375 0.01015625
4 0.5734375 0.5515625 0.01171875 0.01171875
4 0.5234375 0.578125 0.01015625 0.009375
4 0.50390625 0.5734375 0.01171875 0.009375
4 0.5078125 0.6078125 0.009375 0.01171875
4 0.52890625 0.41328125 0.00859375 0.00703125
4 0.53359375 0.4015625 0.0140625 0.0109375
4 0.603125 0.40546875 0.0109375 0.009375
4 0.60546875 0.41953125 0.01171875 0.01328125
4 0.44765625 0.425 0.009375 0.009375
4 0.44921875 0.41015625 0.009375 0.009375
4 0.47578125 0.39921875 0.009375 0.00703125
4 0.4375 0.41640625 0.00703125 0.00546875
4 0.42109375 0.40546875 0.009375 0.00703125
4 0.4265625 0.44921875 0.00703125 0.00703125
4 0.3546875 0.4609375 0.01015625 0.00625
4 0.3609375 0.46875 0.01015625 0.0046875
4 0.35625 0.43203125 0.009375 0.00703125
4 0.31953125 0.4484375 0.00703125 0.01015625
4 0.33125 0.4703125 0.00703125 0.009375
4 0.35703125 0.57109375 0.01015625 0.009375
4 0.36328125 0.58203125 0.009375 0.00859375
4 0.40078125 0.578125 0.009375 0.00703125
4 0.40546875 0.5671875 0.009375 0.009375
4 0.41328125 0.57578125 0.01171875 0.01015625
4 0.203125 0.571875 0.00859375 0.009375
4 0.196875 0.55234375 0.009375 0.01015625
4 0.17421875 0.57578125 0.009375 0.00703125
4 0.2015625 0.5984375 0.00859375 0.00625
4 0.215625 0.56640625 0.00703125 0.00703125
4 0.03515625 0.55859375 0.00859375 0.01171875
4 0.09921875 0.5734375 0.01015625 0.009375
4 0.1375 0.56796875 0.01171875 0.00859375
4 0.15546875 0.4359375 0.0109375 0.01171875
4 0.18984375 0.38125 0.009375 0.0140625
4 0.2453125 0.40703125 0.00859375 0.0109375
4 0.24296875 0.3921875 0.00859375 0.01328125
0 0.1578125 0.403125 0.0140625 0.01484375
0 0.19296875 0.40234375 0.01328125 0.021875
0 0.32578125 0.465625 0.01171875 0.009375
0 0.36640625 0.4296875 0.01171875 0.0109375
0 0.384375 0.40859375 0.01328125 0.0140625
2 0.3828125 0.44375 0.01796875 0.01484375
2 0.38359375 0.4234375 0.01796875 0.0140625
0 0.415625 0.4484375 0.01328125 0.0140625
0 0.471875 0.5625 0.0109375 0.01484375
0 0.49140625 0.4390625 0.01015625 0.0109375
0 0.4640625 0.44375 0.01015625 0.0140625
0 0.4578125 0.43125 0.01484375 0.01328125
0 0.4359375 0.4453125 0.01171875 0.01328125
0 0.4640625 0.39609375 0.01328125 0.01328125