2 0.340625 0.290625 0.01796875 0.01484375
2 0.4015625 0.25546875 0.01171875 0.02109375
2 0.39296875 0.21875 0.01640625 0.01875
2 0.50625 0.3296875 0.00859375 0.02890625
2 0.51796875 0.32890625 0.00859375 0.0296875
2 0.55859375 0.31953125 0.00703125 0.025
2 0.5671875 0.32109375 0.00859375 0.02421875
2 0.9578125 0.87109375 0.0109375 0.02578125
2 0.9421875 0.90703125 0.00859375 0.02890625
2 0.7171875 0.65390625 0.00859375 0.02421875
6 0.88125 0.6390625 0.03984375 0.0203125
5 0.7171875 0.3859375 0.04609375 0.01953125
6 0.6609375 0.38671875 0.04140625 0.01953125
6 0.2765625 0.63984375 0.03046875 0.01953125
6 0.1453125 0.646875 0.0390625 0.01953125
6 0.1203125 0.67890625 0.0390625 0.025
4 0.546875 0.28125 0.0046875 0.0140625
3 0.75546875 0.85390625 0.021875 0.01796875
3 0.71328125 0.896875 0.01015625 0.03515625
4 0.52578125 0.28046875 0.003125 0.0140625
4 0.54296875 0.29453125 0.003125 0.01484375
4 0.56796875 0.28515625 0.0046875 0.01484375
4 0.57890625 0.30859375 0.00390625 0.01484375
4 0.5640625 0.24296875 0.00390625 0.01484375
4 0.53359375 0.23046875 0.00390625 0.01015625
4 0.54140625 0.23125 0.0046875 0.01171875
4 0.58125 0.24453125 0.00390625 0.01328125
4 0.51796875 0.28125 0.00390625 0.01328125
4 0.4140625 0.27421875 0.00390625 0.01328125
4 0.57421875 0.24609375 0.00390625 0.01171875
4 0.53125 0.28203125 0.003125 0.0140625
4 0.53828125 0.2984375 0.003125 0.01171875
4 0.54609375 0.29609375 0.003125 0.01171875
0 0.81953125 0.64375 0.01484375 0.01484375
2 0.6796875 0.6515625 0.00546875 0.0234375
2 0.6734375 0.634375 0.00625 0.025
2 0.66484375 0.6359375 0.00625 0.021875
2 0.67109375 0.6578125 0.00625 0.01953125
0 0.81875 0.60390625 0.01171875 0.00859375
2 0.96953125 0.9203125 0.00703125 0.0234375
0 0.8640625 0.3890625 0.01328125 0.01171875
2 0.9734375 0.86015625 0.01328125 0.02421875
5 0.9625 0.56171875 0.071875 0.0234375
2 0.9859375 0.815625 0.01484375 0.03046875
0 0.7921875 0.60546875 0.01171875 0.01328125
6 0.71953125 0.6046875 0.02578125 0.01640625
3 0.74765625 0.60078125 0.0203125 0.01171875
2 0.59296875 0.56796875 0.01328125 0.01171875
2 0.67421875 0.58828125 0.015625 0.01171875
2 0.57578125 0.6265625 0.01171875 0.01328125
6 0.97421875 0.6046875 0.03828125 0.01953125
6 0.603125 0.60625 0.0296875 0.0265625
3 0.86640625 0.41171875 0.0203125 0.0140625
2 0.48203125 0.52734375 0.01796875 0.01484375
6 0.3359375 0.55 0.03125 0.01796875
2 0.75078125 0.49453125 0.01875 0.015625
6 0.4859375 0.48046875 0.03828125 0.01796875
5 0.6859375 0.475 0.03828125 0.01875
2 0.99609375 0.91171875 0.00703125 0.0296875
2 0.63671875 0.55078125 0.015625 0.01328125
2 0.84296875 0.70703125 0.00703125 0.0265625
4 0.365625 0.5640625 0.009375 0.01015625
6 0.153125 0.55546875 0.03203125 0.01640625
4 0.0859375 0.60078125 0.00859375 0.0140625
4 0.25234375 0.57109375 0.00703125 0.0140625
4 0.17578125 0.46484375 0.0109375 0.01328125