2 0.053125 0.534375 0.028125 0.021875
0 0.015625 0.5359375 0.01796875 0.01796875
0 0.03046875 0.56640625 0.01875 0.0203125
0 0.11171875 0.553125 0.01875 0.01484375
0 0.15078125 0.5515625 0.015625 0.01796875
0 0.19921875 0.54921875 0.015625 0.015625
0 0.13828125 0.43515625 0.01640625 0.01953125
4 0.078125 0.4609375 0.01484375 0.01328125
4 0.07578125 0.54921875 0.0109375 0.01640625
4 0.0859375 0.56328125 0.01328125 0.0140625
4 0.12890625 0.56484375 0.0140625 0.01171875
4 0.1453125 0.5359375 0.01328125 0.01640625
4 0.18828125 0.5359375 0.00703125 0.01484375
4 0.234375 0.534375 0.01484375 0.01640625
4 0.221875 0.440625 0.01796875 0.01640625
4 0.15546875 0.44921875 0.01640625 0.01484375
4 0.253125 0.43515625 0.009375 0.009375
4 0.2640625 0.42109375 0.0109375 0.009375
4 0.26171875 0.4609375 0.01015625 0.01328125
4 0.25390625 0.5625 0.01171875 0.0203125
4 0.29140625 0.51953125 0.01328125 0.021875
4 0.30546875 0.5609375 0.01484375 0.01484375
4 0.35859375 0.5390625 0.01484375 0.0140625
4 0.36328125 0.55546875 0.0109375 0.01484375
4 0.3765625 0.45390625 0.0140625 0.01484375
4 0.33515625 0.42890625 0.01328125 0.01171875
4 0.4109375 0.4515625 0.015625 0.0140625
4 0.38984375 0.43828125 0.01875 0.01953125
4 0.428125 0.4203125 0.0140625 0.0140625
4 0.47421875 0.453125 0.00703125 0.01328125
4 0.49140625 0.46796875 0.01015625 0.0109375
0 0.48203125 0.43359375 0.01796875 0.01640625
4 0.4109375 0.5609375 0.009375 0.01171875
4 0.428125 0.55390625 0.01484375 0.01640625
4 0.4921875 0.55625 0.01171875 0.01484375
4 0.53671875 0.51484375 0.01015625 0.01640625
4 0.55546875 0.53515625 0.01015625 0.01640625
4 0.5546875 0.55 0.01796875 0.01171875
4 0.584375 0.459375 0.0109375 0.01640625
4 0.5984375 0.44921875 0.0109375 0.01171875
4 0.59609375 0.55 0.01640625 0.021875
0 0.65859375 0.5203125 0.0234375 0.025
4 0.64140625 0.55625 0.01171875 0.01640625
4 0.6625 0.5546875 0.01328125 0.01484375
4 0.66328125 0.54375 0.01015625 0.01484375
4 0.69296875 0.54296875 0.0140625 0.00859375
4 0.740625 0.5296875 0.0109375 0.01484375
4 0.759375 0.51875 0.01328125 0.01015625
4 0.7484375 0.54140625 0.01171875 0.01171875
4 0.765625 0.56171875 0.01328125 0.01640625
4 0.753125 0.55703125 0.0140625 0.01640625
4 0.73046875 0.54140625 0.0140625 0.01640625
2 0.721875 0.5203125 0.0203125 0.02421875
0 0.70390625 0.4296875 0.01484375 0.015625
4 0.7578125 0.43203125 0.01015625 0.01796875
4 0.77265625 0.4296875 0.01015625 0.01953125
4 0.7859375 0.46015625 0.01171875 0.01875
4 0.79375 0.45 0.01015625 0.0109375
4 0.784375 0.43203125 0.01171875 0.015625
4 0.79140625 0.41953125 0.01328125 0.01171875
4 0.79921875 0.43046875 0.0140625 0.01171875
4 0.7890625 0.40859375 0.0140625 0.0140625
4 0.8265625 0.41328125 0.01171875 0.0109375
4 0.81796875 0.42890625 0.00703125 0.0109375
4 0.83359375 0.4203125 0.0109375 0.01171875
4 0.83359375 0.44296875 0.01328125 0.0140625
4 0.8203125 0.45703125 0.01015625 0.01171875
4 0.853125 0.45078125 0.01484375 0.0109375
4 0.86015625 0.40390625 0.01171875 0.01015625
0 0.8515625 0.43046875 0.01796875 0.01640625
0 0.865625 0.54296875 0.01875 0.01640625
4 0.896875 0.51171875 0.015625 0.0140625
4 0.89296875 0.52734375 0.01328125 0.01640625
4 0.89375 0.43828125 0.00859375 0.0109375
4 0.91875 0.4140625 0.01328125 0.0109375
4 0.8453125 0.5546875 0.0140625 0.015625
4 0.7875 0.5265625 0.015625 0.01171875
4 0.78046875 0.540625 0.01484375 0.01171875
4 0.7859375 0.5515625 0.01796875 0.01015625
4 0.9328125 0.53828125 0.01328125 0.01171875
4 0.94375 0.5515625 0.01484375 0.01640625
2 0.95234375 0.44921875 0.03046875 0.021875
0 0.990625 0.54140625 0.01796875 0.02421875
6 0.82109375 0.51796875 0.02578125 0.028125
6 0.01171875 0.46875 0.0234375 0.03125
4 0.190625 0.559375 0.01171875 0.01796875
1 0.49921875 0.52578125 0.0515625 0.040625
0 0.703125 0.56015625 0.0234375 0.0265625
4 0.99453125 0.41953125 0.01015625 0.02109375