2 0.01328125 0.05546875 0.01796875 0.04375
4 0.01953125 0.0203125 0.01015625 0.01875
4 0.009375 0.0140625 0.00703125 0.02109375
4 0.07421875 0.10703125 0.01015625 0.0203125
3 0.06796875 0.3359375 0.025 0.06640625
2 0.15078125 0.26875 0.0203125 0.03984375
0 0.19296875 0.38203125 0.01875 0.01640625
4 0.25625 0.440625 0.01328125 0.01484375
4 0.2578125 0.3734375 0.01171875 0.01171875
0 0.43125 0.4296875 0.01640625 0.01640625
2 0.49609375 0.37109375 0.025 0.01796875
0 0.5609375 0.390625 0.01640625 0.01953125
2 0.765625 0.16953125 0.0234375 0.0203125
2 0.77421875 0.2515625 0.0265625 0.02421875
2 0.89453125 0.334375 0.02578125 0.025
4 0.91953125 0.37421875 0.01171875 0.0140625
4 0.8921875 0.40546875 0.01171875 0.0109375
4 0.7734375 0.53984375 0.01328125 0.01171875
2 0.59921875 0.53515625 0.02109375 0.021875
4 0.615625 0.55859375 0.0140625 0.01328125
4 0.28359375 0.559375 0.0140625 0.01328125
2 0.22578125 0.590625 0.02421875 0.0234375
2 0.1859375 0.58046875 0.0234375 0.0203125
2 0.17578125 0.5484375 0.02421875 0.02421875
2 0.1484375 0.52109375 0.02578125 0.025
2 0.14453125 0.55078125 0.02421875 0.025
0 0.1390625 0.6109375 0.01484375 0.02109375
2 0.115625 0.5234375 0.01875 0.01875
2 0.11328125 0.55859375 0.0234375 0.021875
4 0.121875 0.58828125 0.009375 0.015625
2 0.096875 0.5796875 0.02578125 0.028125
2 0.0921875 0.52890625 0.02421875 0.021875
2 0.08203125 0.55703125 0.02421875 0.01953125
4 0.07578125 0.58125 0.0109375 0.01328125
2 0.06171875 0.521875 0.0234375 0.01953125
2 0.0625 0.53984375 0.021875 0.01796875
2 0.05625 0.56171875 0.025 0.0203125
0 0.05703125 0.58046875 0.01796875 0.01484375
0 0.03359375 0.521875 0.01796875 0.01796875
2 0.03671875 0.5421875 0.028125 0.02421875
4 0.02890625 0.56875 0.015625 0.01328125
4 0.0328125 0.578125 0.01171875 0.009375
4 0.04140625 0.5859375 0.01171875 0.01171875