2 0.028125 0.4859375 0.01796875 0.01796875
6 0.1375 0.55703125 0.02421875 0.01953125
5 0.1609375 0.64296875 0.03828125 0.02578125
5 0.13671875 0.67578125 0.03828125 0.03125
5 0.29296875 0.63515625 0.03203125 0.0234375
3 0.27734375 0.5453125 0.021875 0.01796875
3 0.471875 0.4609375 0.01953125 0.01875
3 0.53203125 0.41171875 0.01796875 0.01875
6 0.66171875 0.5390625 0.0296875 0.02890625
4 0.58125 0.60390625 0.00703125 0.01328125
4 0.66171875 0.609375 0.00859375 0.01328125
3 0.58984375 0.62421875 0.015625 0.01171875
2 0.7765625 0.48828125 0.02421875 0.01640625
2 0.81953125 0.52109375 0.01796875 0.01328125
0 0.83671875 0.60390625 0.01171875 0.0109375
5 0.903125 0.640625 0.03984375 0.0234375
2 0.87734375 0.58203125 0.01484375 0.0109375
2 0.90625 0.58359375 0.0140625 0.015625
0 0.91953125 0.60078125 0.0109375 0.01328125
2 0.94375 0.596875 0.01796875 0.01640625
3 0.95078125 0.5359375 0.0234375 0.01796875
5 0.89375 0.55703125 0.03828125 0.01953125
3 0.87578125 0.61953125 0.01484375 0.03359375
5 0.67578125 0.384375 0.04375 0.02109375
5 0.73359375 0.3828125 0.04609375 0.01875
2 0.52109375 0.32890625 0.009375 0.034375
2 0.53203125 0.3265625 0.01015625 0.03125
2 0.57265625 0.31640625 0.00859375 0.03203125
2 0.58203125 0.31875 0.00625 0.0265625
2 0.50625 0.26484375 0.0140625 0.02109375
3 0.9265625 0.40546875 0.01875 0.015625
4 0.85546875 0.396875 0.00859375 0.01015625
2 0.35546875 0.290625 0.01640625 0.0203125
2 0.40703125 0.21953125 0.01796875 0.01953125