2 0.140625 0.228125 0.01796875 0.0359375
2 0.178125 0.18359375 0.01640625 0.028125
2 0.13125 0.278125 0.01640625 0.03125
2 0.12109375 0.31015625 0.01640625 0.03984375
2 0.01796875 0.41328125 0.02109375 0.02890625
2 0.01640625 0.45234375 0.025 0.02421875
4 0.03203125 0.44453125 0.0140625 0.015625
4 0.10625 0.45703125 0.0109375 0.015625
4 0.04296875 0.35 0.00546875 0.01484375
4 0.03828125 0.34765625 0.00859375 0.01484375
4 0.034375 0.34921875 0.00703125 0.01640625
4 0.015625 0.33828125 0.00703125 0.01875
4 0.05625 0.375 0.00546875 0.01484375
4 0.053125 0.3734375 0.00703125 0.01796875
4 0.046875 0.36875 0.00703125 0.01953125
4 0.040625 0.36328125 0.0046875 0.0203125
4 0.1171875 0.5375 0.01171875 0.02109375
0 0.159375 0.45859375 0.01328125 0.01953125
2 0.1234375 0.51015625 0.0234375 0.02109375
2 0.128125 0.47578125 0.02890625 0.0296875
2 0.16171875 0.4265625 0.0203125 0.02109375
2 0.084375 0.54921875 0.01953125 0.01796875
2 0.0265625 0.49921875 0.02109375 0.028125
2 0.209375 0.46171875 0.02578125 0.021875
2 0.19140625 0.478125 0.021875 0.01484375
2 0.19140625 0.5140625 0.02578125 0.01953125
2 0.21015625 0.52734375 0.025 0.0203125
2 0.24765625 0.51171875 0.02109375 0.0265625
2 0.259375 0.5265625 0.021875 0.015625
2 0.35703125 0.47578125 0.02421875 0.01640625
0 0.37578125 0.4390625 0.0203125 0.0234375
2 0.39921875 0.48125 0.02109375 0.025
2 0.43828125 0.4234375 0.02109375 0.01640625
5 0.44921875 0.46328125 0.01640625 0.0265625
0 0.49140625 0.4796875 0.01640625 0.0140625
2 0.528125 0.459375 0.0234375 0.01953125
2 0.40703125 0.51640625 0.01953125 0.01640625
0 0.38828125 0.56796875 0.015625 0.015625
4 0.33515625 0.540625 0.01171875 0.01171875
4 0.34140625 0.45703125 0.01171875 0.01171875
4 0.43671875 0.53515625 0.0140625 0.0140625
2 0.61953125 0.51640625 0.0265625 0.01875
2 0.56640625 0.478125 0.021875 0.01484375
4 0.546875 0.43671875 0.0109375 0.01328125
4 0.4640625 0.45078125 0.01171875 0.02109375
0 0.58046875 0.46015625 0.01640625 0.01953125
2 0.65625 0.45625 0.021875 0.02578125
2 0.68828125 0.47109375 0.01953125 0.01953125
2 0.69921875 0.45546875 0.01640625 0.0203125
2 0.7265625 0.4546875 0.0296875 0.01875
2 0.7515625 0.47734375 0.0203125 0.02421875
2 0.740625 0.51328125 0.01640625 0.0203125
2 0.76640625 0.52578125 0.02421875 0.0265625
2 0.79375 0.54765625 0.01875 0.034375
2 0.81484375 0.5609375 0.0203125 0.03125
2 0.8234375 0.5109375 0.0234375 0.02421875
2 0.8359375 0.59453125 0.01640625 0.040625
2 0.8484375 0.53203125 0.028125 0.028125
2 0.86328125 0.459375 0.03046875 0.01875
2 0.909375 0.46640625 0.0234375 0.02578125
2 0.80078125 0.74375 0.01875 0.03984375
2 0.80625 0.97265625 0.01796875 0.040625
2 0.81796875 0.878125 0.0140625 0.03671875
2 0.85390625 0.7234375 0.02578125 0.0359375
2 0.86953125 0.71171875 0.01875 0.03359375
2 0.86875 0.68828125 0.01953125 0.025
2 0.8734375 0.67109375 0.0234375 0.0390625
2 0.8578125 0.65390625 0.01171875 0.046875
0 0.84453125 0.646875 0.01171875 0.021875
4 0.82109375 0.60390625 0.0140625 0.028125
0 0.70546875 0.56171875 0.01484375 0.01328125
2 0.5546875 0.29921875 0.01484375 0.03359375
2 0.5828125 0.296875 0.01015625 0.0265625
2 0.5921875 0.29375 0.0140625 0.02578125
0 0.60625 0.31484375 0.01875 0.01796875
0 0.7671875 0.45390625 0.021875 0.021875
2 0.88515625 0.64453125 0.03125 0.03359375
2 0.8953125 0.634375 0.02578125 0.0234375
2 0.88515625 0.5984375 0.01875 0.03984375
4 0.88203125 0.53359375 0.01328125 0.015625
4 0.959375 0.453125 0.01171875 0.01796875
4 0.96953125 0.44296875 0.01640625 0.01875
2 0.9890625 0.42734375 0.02109375 0.02109375
0 0.26640625 0.46171875 0.02421875 0.01875
2 0.1609375 0.559375 0.02109375 0.02578125
4 0.19296875 0.5421875 0.01875 0.01328125
2 0.86875 0.34296875 0.01484375 0.04453125
2 0.903125 0.36640625 0.021875 0.0359375
4 0.23671875 0.8265625 0.00859375 0.015625
4 0.23984375 0.840625 0.01015625 0.00625
4 0.23984375 0.8484375 0.009375 0.0109375
2 0.21328125 0.95234375 0.021875 0.02421875
2 0.79609375 0.79296875 0.01328125 0.03046875
0 0.81875 0.80625 0.01171875 0.02890625
2 0.85546875 0.759375 0.01796875 0.028125
2 0.86171875 0.74453125 0.01875 0.028125