3 0.196875 0.54609375 0.02578125 0.0265625
4 0.4265625 0.56484375 0.01640625 0.01640625
6 0.4640625 0.59140625 0.04296875 0.03203125
3 0.571875 0.49453125 0.034375 0.02578125
4 0.69296875 0.5265625 0.01328125 0.01484375
2 0.7765625 0.490625 0.028125 0.02578125
4 0.96171875 0.5109375 0.01484375 0.01484375
4 0.98125 0.5265625 0.01640625 0.01484375
4 0.78125 0.41640625 0.01328125 0.01640625
2 0.765625 0.1703125 0.0265625 0.0234375
2 0.77421875 0.25390625 0.02890625 0.025
2 0.49609375 0.36953125 0.025 0.025
4 0.06328125 0.4109375 0.01328125 0.021875
0 0.14140625 0.41953125 0.0203125 0.01796875
0 0.19140625 0.378125 0.01953125 0.01796875
4 0.25625 0.36953125 0.01328125 0.01171875
3 0.06796875 0.33203125 0.0296875 0.0703125
2 0.15078125 0.26640625 0.0234375 0.04453125
2 0.0125 0.0484375 0.01796875 0.0484375
4 0.01640625 0.01328125 0.01015625 0.02421875
4 0.00625 0.0109375 0.01171875 0.021875
2 0.07578125 0.02265625 0.0234375 0.0453125
2 0.08828125 0.04765625 0.01953125 0.04609375
2 0.08125 0.1015625 0.015625 0.03984375
2 0.06015625 0.09765625 0.01796875 0.0453125
2 0.0453125 0.140625 0.01953125 0.053125
2 0.05546875 0.15703125 0.01484375 0.04375
2 0.03125 0.190625 0.01796875 0.05
2 0.04375 0.2 0.01796875 0.04609375
2 0.01875 0.240625 0.0203125 0.0546875
2 0.03515625 0.24453125 0.01875 0.05
4 0.00546875 0.28046875 0.01015625 0.02421875
0 0.02421875 0.2859375 0.0140625 0.02890625
4 0.03359375 0.28046875 0.00703125 0.01953125
4 0.04140625 0.290625 0.0109375 0.01640625