2 0.0390625 0.47890625 0.0296875 0.02421875
2 0.16796875 0.453125 0.0203125 0.0203125
2 0.11484375 0.46484375 0.02578125 0.0265625
0 0.0515625 0.559375 0.01640625 0.021875
6 0.18671875 0.471875 0.0296875 0.0203125
4 0.04765625 0.44140625 0.01171875 0.01171875
4 0.053125 0.4546875 0.0140625 0.0109375
4 0.06875 0.4359375 0.0140625 0.015625
4 0.09921875 0.4296875 0.01171875 0.01484375
4 0.1 0.4484375 0.01484375 0.01328125
4 0.12109375 0.43125 0.01015625 0.0109375
4 0.13203125 0.44921875 0.01171875 0.01484375
4 0.15078125 0.434375 0.01484375 0.009375
4 0.1484375 0.44921875 0.01640625 0.01875
4 0.1265625 0.534375 0.0109375 0.009375
4 0.07421875 0.5390625 0.0140625 0.00859375
4 0.07578125 0.5671875 0.0109375 0.0109375
4 0.021875 0.56953125 0.01640625 0.01640625
4 0.01328125 0.54140625 0.0140625 0.01171875
4 0.134375 0.54921875 0.00859375 0.01796875
4 0.146875 0.55625 0.01015625 0.01171875
4 0.16640625 0.53203125 0.01015625 0.01171875
4 0.175 0.559375 0.00859375 0.01328125
4 0.171875 0.57578125 0.009375 0.0109375
4 0.19140625 0.56015625 0.01015625 0.0109375
4 0.2140625 0.55390625 0.009375 0.01171875
4 0.23203125 0.54375 0.00859375 0.0109375
4 0.24296875 0.56875 0.0140625 0.015625
4 0.221875 0.45390625 0.0109375 0.009375
4 0.24140625 0.43515625 0.00859375 0.009375
4 0.25859375 0.44453125 0.01328125 0.009375
4 0.3140625 0.43125 0.009375 0.0140625
4 0.334375 0.440625 0.0109375 0.0140625
2 0.3203125 0.4640625 0.02109375 0.01875
4 0.34140625 0.54609375 0.01015625 0.0140625
4 0.3640625 0.57109375 0.009375 0.01796875
4 0.37265625 0.55703125 0.01171875 0.01328125
4 0.37734375 0.43671875 0.0140625 0.01640625
4 0.421875 0.434375 0.01171875 0.015625
4 0.48359375 0.453125 0.009375 0.01484375
2 0.50859375 0.46484375 0.025 0.01640625
2 0.503125 0.5265625 0.02421875 0.0234375
2 0.64296875 0.5265625 0.0234375 0.01875
4 0.53046875 0.434375 0.009375 0.01484375
4 0.5265625 0.44921875 0.01171875 0.01484375
4 0.51171875 0.41953125 0.01328125 0.0140625
4 0.5515625 0.43203125 0.01171875 0.01328125
4 0.58125 0.428125 0.0140625 0.01640625
4 0.553125 0.53203125 0.01171875 0.01796875
4 0.50546875 0.54921875 0.0109375 0.01171875
4 0.57890625 0.54921875 0.0109375 0.0140625
4 0.5984375 0.5609375 0.01015625 0.01171875
4 0.64140625 0.55 0.0140625 0.0140625
4 0.678125 0.55078125 0.01171875 0.01171875
4 0.7265625 0.53828125 0.0140625 0.01171875
4 0.63203125 0.43046875 0.01328125 0.015625
4 0.63046875 0.4609375 0.0109375 0.0140625
4 0.66328125 0.41796875 0.01640625 0.01171875
2 0.7203125 0.55703125 0.01875 0.01796875
4 0.8125 0.4140625 0.01015625 0.0140625
4 0.8421875 0.440625 0.01171875 0.0140625
4 0.86171875 0.42109375 0.01171875 0.0140625
4 0.88125 0.42890625 0.0109375 0.01484375
4 0.90703125 0.453125 0.01171875 0.009375
4 0.9234375 0.40859375 0.0140625 0.01953125
4 0.94140625 0.44140625 0.0109375 0.01328125
4 0.96640625 0.528125 0.01171875 0.0140625
4 0.9640625 0.53984375 0.0140625 0.009375
4 0.98125 0.55 0.0140625 0.01171875
4 0.99375 0.5203125 0.00859375 0.00703125
0 0.96875 0.42109375 0.01796875 0.0140625
0 0.79609375 0.55625 0.01953125 0.0140625
0 0.94453125 0.52421875 0.01796875 0.0140625
3 0.96875 0.45390625 0.02890625 0.01953125
4 0.88828125 0.52578125 0.0140625 0.01484375
4 0.95 0.5515625 0.021875 0.040625
4 0.55859375 0.46953125 0.02421875 0.01484375