2 0.61640625 0.6859375 0.01328125 0.0296875
2 0.57265625 0.64921875 0.00859375 0.03125
2 0.57421875 0.68515625 0.00703125 0.03203125
2 0.58203125 0.6859375 0.00859375 0.025
2 0.56484375 0.68125 0.00625 0.02578125
2 0.571875 0.721875 0.00859375 0.02890625
2 0.5625 0.74765625 0.00859375 0.03203125
2 0.57890625 0.75703125 0.00859375 0.03359375
2 0.58125 0.721875 0.00859375 0.03046875
0 0.56640625 0.775 0.00859375 0.02109375
0 0.58203125 0.66171875 0.00859375 0.02109375
4 0.55859375 0.65546875 0.00703125 0.01796875
4 0.5640625 0.7078125 0.00546875 0.01796875
4 0.5890625 0.4953125 0.00859375 0.01796875
4 0.60625 0.59296875 0.00703125 0.015625
4 0.67734375 0.559375 0.01015625 0.01015625
4 0.6859375 0.546875 0.01015625 0.00625
4 0.678125 0.54140625 0.00859375 0.00625
2 0.6578125 0.6015625 0.015625 0.028125
2 0.715625 0.53671875 0.01796875 0.015625
2 0.68046875 0.52890625 0.01640625 0.0140625
4 0.71640625 0.55078125 0.01171875 0.01171875
4 0.6984375 0.39609375 0.01015625 0.00859375
4 0.69921875 0.38671875 0.01171875 0.01015625
4 0.68046875 0.38671875 0.01015625 0.01015625
4 0.4515625 0.45546875 0.01015625 0.01015625
4 0.36796875 0.60546875 0.0109375 0.00859375
4 0.253125 0.44453125 0.0109375 0.01171875
4 0.18984375 0.35703125 0.009375 0.00859375
0 0.596875 0.53828125 0.01171875 0.0203125
0 0.565625 0.37578125 0.01015625 0.01484375
4 0.9765625 0.5046875 0.01171875 0.01171875
2 0.9015625 0.5234375 0.021875 0.01875
4 0.896875 0.3671875 0.01015625 0.0109375
4 0.85546875 0.36640625 0.01015625 0.01328125
2 0.32578125 0.584375 0.01875 0.01953125
2 0.78203125 0.33984375 0.009375 0.0296875
2 0.82890625 0.3484375 0.01640625 0.01640625
2 0.19609375 0.296875 0.01171875 0.03359375
4 0.009375 0.559375 0.01171875 0.0140625
4 0.02109375 0.57578125 0.009375 0.00703125
0 0.5640625 0.64921875 0.00546875 0.0203125
0 0.565625 0.59453125 0.00703125 0.02109375
4 0.58046875 0.53359375 0.00546875 0.0140625
4 0.55546875 0.6015625 0.00703125 0.01328125
4 0.546875 0.6125 0.00859375 0.015625
4 0.2390625 0.38515625 0.00625 0.015625
4 0.234375 0.21875 0.00625 0.01484375