0 0.115625 0.72578125 0.01796875 0.01640625
1 0.22578125 0.68046875 0.0546875 0.03125
1 0.28125 0.67265625 0.05546875 0.03046875
4 0.0765625 0.79609375 0.01484375 0.0109375
4 0.08828125 0.8109375 0.01171875 0.01015625
4 0.103125 0.815625 0.01328125 0.01328125
4 0.03203125 0.90078125 0.01171875 0.01328125
4 0.15625 0.809375 0.0109375 0.01171875
4 0.16484375 0.8890625 0.01328125 0.01484375
4 0.19296875 0.88125 0.01328125 0.0140625
4 0.24921875 0.88125 0.015625 0.0140625
4 0.2359375 0.71875 0.0140625 0.0109375
4 0.36015625 0.70546875 0.01328125 0.0140625
4 0.33046875 0.884375 0.009375 0.0140625
4 0.37421875 0.796875 0.01171875 0.0140625
0 0.15 0.96640625 0.01640625 0.01953125
0 0.328125 0.90703125 0.01484375 0.015625
0 0.35546875 0.68828125 0.0140625 0.01484375
3 0.3484375 0.7796875 0.021875 0.021875
2 0.34296875 0.821875 0.01875 0.0203125
2 0.40703125 0.821875 0.021875 0.01953125
2 0.440625 0.8171875 0.01953125 0.01875
2 0.471875 0.81875 0.02109375 0.01953125
2 0.509375 0.67578125 0.01171875 0.05
4 0.4234375 0.8 0.0109375 0.01171875
4 0.453125 0.79140625 0.01484375 0.0140625
4 0.553125 0.7359375 0.00859375 0.021875
4 0.534375 0.68125 0.00859375 0.02109375
4 0.5765625 0.7 0.01171875 0.0140625
4 0.634375 0.690625 0.01171875 0.01171875
0 0.55078125 0.82265625 0.0140625 0.03046875
0 0.5765625 0.75859375 0.015625 0.021875
4 0.55390625 0.85546875 0.01484375 0.01796875
4 0.61171875 0.8734375 0.01171875 0.01015625
4 0.6109375 0.8828125 0.01171875 0.01171875
4 0.646875 0.8984375 0.0109375 0.01640625
4 0.65234375 0.88125 0.01171875 0.01171875
4 0.64453125 0.91875 0.01171875 0.0140625
2 0.5859375 0.859375 0.0203125 0.02109375
2 0.615625 0.79453125 0.025 0.01953125
2 0.6140625 0.85625 0.021875 0.01875
2 0.69453125 0.9 0.0234375 0.0203125
2 0.73359375 0.87109375 0.0203125 0.02109375
2 0.98046875 0.87109375 0.0234375 0.021875
2 0.80546875 0.86640625 0.025 0.01953125
2 0.9296875 0.7984375 0.021875 0.025
3 0.946875 0.8890625 0.0234375 0.0203125
4 0.871875 0.86015625 0.0140625 0.01328125
4 0.84140625 0.85703125 0.0140625 0.01328125
0 0.79140625 0.90546875 0.01484375 0.01484375
0 0.646875 0.86640625 0.0140625 0.01640625
4 0.73203125 0.784375 0.01171875 0.0109375
4 0.8328125 0.79609375 0.01171875 0.01328125
4 0.87109375 0.7234375 0.01328125 0.01328125
4 0.83125 0.73671875 0.0140625 0.01328125
0 0.65859375 0.68046875 0.015625 0.01875
4 0.52578125 0.61796875 0.00625 0.0203125
2 0.48125 0.56640625 0.015625 0.04140625
5 0.48359375 0.43828125 0.0140625 0.0703125
4 0.5234375 0.384375 0.00703125 0.02109375
4 0.521875 0.25078125 0.00703125 0.02578125
4 0.4640625 0.1671875 0.00625 0.0234375
4 0.515625 0.02109375 0.00859375 0.0234375
0 0.47734375 0.23984375 0.009375 0.03046875