4 0.00625 0.01953125 0.00859375 0.028125
4 0.01640625 0.04609375 0.0109375 0.028125
4 0.003125 0.10078125 0.00625 0.02421875
2 0.04453125 0.13984375 0.01796875 0.04140625
2 0.06171875 0.13984375 0.01640625 0.03671875
2 0.0328125 0.1921875 0.01484375 0.03671875
2 0.0484375 0.1859375 0.0140625 0.0453125
2 0.04140625 0.23828125 0.0203125 0.04453125
2 0.146875 0.27578125 0.01796875 0.04296875
5 0.01328125 0.26015625 0.02578125 0.08984375
5 0.06796875 0.37890625 0.02578125 0.075
4 0.04140625 0.27890625 0.01328125 0.02421875
0 0.18984375 0.38671875 0.01796875 0.025
0 0.3140625 0.54921875 0.02109375 0.01953125
2 0.0609375 0.09296875 0.01953125 0.053125
0 0.59921875 0.38359375 0.01953125 0.0234375
0 0.35078125 0.4140625 0.01640625 0.01953125
2 0.496875 0.36953125 0.02578125 0.025
4 0.56484375 0.340625 0.0140625 0.0140625
2 0.7765625 0.24375 0.02890625 0.02578125
2 0.7671875 0.159375 0.02578125 0.0296875
2 0.896875 0.3234375 0.03203125 0.02890625
2 0.9828125 0.3203125 0.02578125 0.028125
4 0.034375 0.0390625 0.0109375 0.0265625
3 0.80859375 0.37109375 0.0234375 0.025
4 0.09375 0.396875 0.01328125 0.02421875
2 0.21953125 0.53515625 0.0296875 0.02890625