2 0.36015625 0.28984375 0.01796875 0.01484375
2 0.41953125 0.25546875 0.01171875 0.02109375
2 0.409375 0.21953125 0.01640625 0.01875
2 0.52421875 0.328125 0.00859375 0.02890625
2 0.5359375 0.3265625 0.00859375 0.0296875
2 0.5765625 0.31796875 0.00703125 0.025
2 0.5859375 0.3203125 0.00859375 0.02421875
2 0.984375 0.875 0.0109375 0.0265625
2 0.96875 0.91015625 0.009375 0.0265625
2 0.7375 0.65546875 0.00859375 0.02421875
6 0.90703125 0.6390625 0.03984375 0.0203125
5 0.73671875 0.384375 0.04609375 0.01953125
6 0.67890625 0.38515625 0.04140625 0.01953125
6 0.296875 0.63671875 0.03046875 0.01953125
6 0.16796875 0.6453125 0.0390625 0.01953125
6 0.14140625 0.6765625 0.0390625 0.025
4 0.56640625 0.2796875 0.0046875 0.0140625
3 0.7765625 0.85546875 0.021875 0.01796875
3 0.734375 0.9 0.01015625 0.03515625
4 0.54296875 0.2796875 0.003125 0.0140625
4 0.56015625 0.29375 0.003125 0.01484375
4 0.5859375 0.28203125 0.0046875 0.01484375
4 0.6015625 0.3015625 0.00390625 0.01484375
4 0.5859375 0.24140625 0.00390625 0.01484375
4 0.55078125 0.22890625 0.003125 0.01015625
4 0.55859375 0.22890625 0.00390625 0.01171875
4 0.6 0.24296875 0.003125 0.01328125
4 0.5359375 0.28125 0.00390625 0.01328125
4 0.43203125 0.2734375 0.00390625 0.01328125
4 0.59296875 0.24375 0.003125 0.01328125
4 0.5484375 0.28125 0.003125 0.0140625
4 0.55625 0.2953125 0.003125 0.01171875
4 0.5640625 0.29375 0.003125 0.01171875
0 0.8421875 0.64609375 0.01484375 0.01484375
2 0.69921875 0.6484375 0.00625 0.025
2 0.6921875 0.63203125 0.00625 0.025
2 0.684375 0.6359375 0.00703125 0.021875
2 0.69140625 0.65703125 0.00625 0.01953125
0 0.840625 0.60390625 0.01171875 0.00859375
2 0.73203125 0.59296875 0.0140625 0.01171875
6 0.5109375 0.625 0.028125 0.01796875
0 0.0921875 0.6203125 0.00859375 0.00859375
2 0.590625 0.54296875 0.0140625 0.01171875
0 0.56953125 0.61171875 0.01171875 0.01484375
4 0.55546875 0.60390625 0.00859375 0.00859375
2 0.51875 0.48125 0.01484375 0.0109375
1 0.80703125 0.4 0.0296875 0.0140625
4 0.7890625 0.4125 0.00625 0.00859375
2 0.20078125 0.49921875 0.01640625 0.01484375
2 0.5859375 0.52421875 0.01484375 0.01484375
2 0.334375 0.5328125 0.01484375 0.01796875
4 0.64296875 0.55625 0.00859375 0.009375
2 0.92109375 0.596875 0.01796875 0.01640625
4 0.99140625 0.58671875 0.00859375 0.00859375
2 0.509375 0.26875 0.009375 0.025
4 0.83828125 0.41171875 0.00546875 0.00859375
3 0.8078125 0.41953125 0.01953125 0.01484375
0 0.9140625 0.38359375 0.009375 0.01015625
6 0.896875 0.46953125 0.02578125 0.01640625
3 0.9765625 0.471875 0.01796875 0.0140625
3 0.82421875 0.58671875 0.0203125 0.01484375
5 0.24296875 0.55625 0.0609375 0.02109375
2 0.04296875 0.57578125 0.01484375 0.01171875
2 0.0359375 0.42578125 0.015625 0.01328125
2 0.29140625 0.47578125 0.01484375 0.01171875
3 0.30625 0.50546875 0.0140625 0.0140625
3 0.30390625 0.56640625 0.01640625 0.01171875
4 0.35078125 0.45703125 0.00703125 0.00859375
2 0.39296875 0.528125 0.0140625 0.01171875
6 0.7109375 0.4734375 0.028125 0.01640625
6 0.71171875 0.53984375 0.04296875 0.01875
2 0.78671875 0.48984375 0.01171875 0.0140625