0 0.5015625 0.53828125 0.015625 0.03125
0 0.23515625 0.9765625 0.0140625 0.03125
2 0.34296875 0.796875 0.01875 0.04296875
2 0.41953125 0.4265625 0.0296875 0.03046875
2 0.45859375 0.4109375 0.02890625 0.03046875
2 0.3265625 0.38046875 0.01484375 0.04375
2 0.2328125 0.19140625 0.021875 0.0296875
2 0.5484375 0.2484375 0.025 0.02890625
2 0.51796875 0.2765625 0.02578125 0.03203125
2 0.72421875 0.96484375 0.02890625 0.02109375
0 0.37200126718750004 0.290775521875 0.3767101734375 0.3178131234375 0.3890258734375 0.3126631265625 0.384035121875 0.28429606406249996 0.37200126718750004 0.290775521875
3 0.728125 0.67890625 0.021875 0.03515625
3 0.70546875 0.6359375 0.02109375 0.0359375
3 0.69140625 0.61171875 0.01875 0.034375
0 0.64609375 0.440625 0.01796875 0.02578125
3 0.25390625 0.803125 0.01875 0.03984375
4 0.36484375 0.67109375 0.01015625 0.01953125
4 0.32109375 0.6484375 0.00859375 0.02421875
4 0.32421875 0.66640625 0.009375 0.02109375
4 0.3390625 0.6609375 0.00703125 0.01953125
4 0.33359375 0.65625 0.00625 0.02109375
4 0.3546875 0.60703125 0.01171875 0.0203125
4 0.37421875 0.59921875 0.01171875 0.01875
4 0.3875 0.646875 0.0109375 0.01796875
4 0.35390625 0.7015625 0.009375 0.02109375
4 0.36640625 0.7140625 0.01171875 0.01953125
4 0.3796875 0.69921875 0.01015625 0.01796875
4 0.38671875 0.70625 0.009375 0.0234375
4 0.3890625 0.72578125 0.009375 0.01875
4 0.36796875 0.7375 0.009375 0.02109375
4 0.353125 0.7328125 0.01015625 0.01953125
4 0.35 0.7546875 0.01015625 0.01953125
4 0.33515625 0.86171875 0.00859375 0.01953125
4 0.32265625 0.80546875 0.009375 0.01875
4 0.3140625 0.878125 0.00859375 0.01953125
4 0.30625 0.8671875 0.0109375 0.01953125
4 0.303125 0.89375 0.009375 0.02109375
4 0.30078125 0.928125 0.009375 0.01953125
4 0.225 0.96640625 0.01015625 0.02578125
4 0.21015625 0.95703125 0.009375 0.01953125
4 0.26015625 0.884375 0.009375 0.021875
4 0.26796875 0.89375 0.009375 0.02109375
4 0.2859375 0.79375 0.0109375 0.02421875
4 0.28671875 0.7546875 0.00859375 0.01875
4 0.30546875 0.7140625 0.009375 0.021875
4 0.3421875 0.525 0.009375 0.021875
4 0.36953125 0.54140625 0.00703125 0.01875
4 0.3765625 0.52578125 0.00859375 0.0203125
4 0.38203125 0.5484375 0.009375 0.01640625
4 0.41171875 0.57421875 0.01328125 0.01328125
4 0.42265625 0.56484375 0.01171875 0.01171875
4 0.43203125 0.55390625 0.01171875 0.01796875
4 0.44375 0.5421875 0.009375 0.01796875
4 0.47109375 0.56328125 0.01171875 0.01484375
4 0.47578125 0.5890625 0.009375 0.015625
4 0.48046875 0.65703125 0.01171875 0.01171875
4 0.415625 0.50859375 0.009375 0.01875
4 0.40703125 0.4890625 0.00859375 0.01796875
4 0.396875 0.490625 0.00625 0.021875
4 0.384375 0.4984375 0.01015625 0.01796875
4 0.3703125 0.46796875 0.00859375 0.021875
4 0.40546875 0.4609375 0.009375 0.01796875
4 0.41875 0.465625 0.0109375 0.01328125
4 0.44140625 0.434375 0.009375 0.01796875
4 0.45234375 0.49296875 0.01171875 0.015625
4 0.54140625 0.43046875 0.009375 0.02421875
4 0.52578125 0.54140625 0.01015625 0.02109375
4 0.5140625 0.3703125 0.009375 0.015625
4 0.53984375 0.31875 0.00859375 0.02421875
4 0.540625 0.296875 0.01328125 0.01796875
4 0.5265625 0.3046875 0.0109375 0.02109375
4 0.55234375 0.31875 0.0109375 0.01484375
4 0.57890625 0.3140625 0.01328125 0.0203125
4 0.571875 0.340625 0.01171875 0.01484375
4 0.55703125 0.26796875 0.0109375 0.0140625
4 0.584375 0.215625 0.00859375 0.02109375
4 0.609375 0.22109375 0.01015625 0.01796875
4 0.690625 0.22109375 0.0109375 0.01484375
0 0.665625 0.23125 0.01640625 0.0203125
4 0.74296875 0.1578125 0.01328125 0.015625
4 0.8015625 0.09609375 0.01328125 0.015625
4 0.896875 0.04140625 0.01171875 0.01640625
4 0.903125 0.065625 0.01328125 0.01640625
4 0.97109375 0.009375 0.0140625 0.01875
4 0.95234375 0.27890625 0.01171875 0.01640625
4 0.93984375 0.2734375 0.0109375 0.021875
4 0.81953125 0.27890625 0.01171875 0.015625
4 0.73828125 0.359375 0.01328125 0.01328125
4 0.7515625 0.37578125 0.00859375 0.01640625
4 0.68203125 0.39140625 0.01171875 0.015625
4 0.646875 0.46328125 0.01328125 0.0140625
4 0.60625 0.75859375 0.01015625 0.01640625
4 0.69921875 0.8578125 0.0140625 0.01953125
4 0.71953125 0.93515625 0.01015625 0.02109375
4 0.734375 0.89921875 0.01171875 0.01796875
4 0.765625 0.94453125 0.0140625 0.01875
4 0.77578125 0.96875 0.01171875 0.02109375
4 0.76796875 0.85 0.01171875 0.01796875
4 0.79296875 0.89140625 0.01171875 0.01796875
4 0.76875 0.809375 0.01171875 0.0234375
4 0.77421875 0.74765625 0.01171875 0.01484375
3 0.67109375 0.43984375 0.02578125 0.034375
3 0.73515625 0.390625 0.02578125 0.03515625
3 0.809375 0.3359375 0.02421875 0.03359375
3 0.83828125 0.3140625 0.03203125 0.04453125
3 0.8671875 0.34140625 0.03203125 0.05859375
3 0.82421875 0.4546875 0.03046875 0.06640625
4 0.85546875 0.42578125 0.009375 0.021875
2 0.86484375 0.2921875 0.0234375 0.02890625
2 0.84453125 0.3921875 0.021875 0.04140625
2 0.75703125 0.634375 0.01875 0.040625
2 0.659375 0.15390625 0.02109375 0.028125
2 0.621875 0.16171875 0.01640625 0.040625
3 0.671875 0.5828125 0.01484375 0.025
3 0.61953125 0.49296875 0.0203125 0.02578125
3 0.6296875 0.54609375 0.01640625 0.034375
2 0.190625 0.12890625 0.02109375 0.03359375
2 0.30703125 0.11484375 0.01796875 0.03046875
2 0.40390625 0.1453125 0.0203125 0.0390625
2 0.3265625 0.92109375 0.01640625 0.03671875
6 0.565625 0.95390625 0.040625 0.0640625
6 0.47421875 0.3859375 0.01171875 0.015625
4 0.45625 0.36640625 0.01171875 0.01328125
4 0.43671875 0.31875 0.01171875 0.0109375
4 0.4296875 0.328125 0.01015625 0.01484375
4 0.4484375 0.38125 0.0140625 0.01328125
4 0.33046875 0.32890625 0.01015625 0.01875
4 0.3453125 0.3734375 0.009375 0.01953125
4 0.3796875 0.265625 0.009375 0.015625
4 0.36640625 0.2859375 0.01328125 0.021875
4 0.35390625 0.21875 0.0109375 0.021875
4 0.321875 0.18671875 0.01171875 0.01796875
4 0.2546875 0.17265625 0.01171875 0.01796875
4 0.29296875 0.1046875 0.01171875 0.01640625
4 0.2515625 0.07578125 0.0109375 0.0203125
4 0.22421875 0.13828125 0.01328125 0.01640625
4 0.175 0.11328125 0.009375 0.01953125
4 0.16328125 0.040625 0.0109375 0.01640625
4 0.115625 0.12265625 0.00703125 0.0203125
3 0.190625 0.20859375 0.025 0.04140625
3 0.21953125 0.27890625 0.021875 0.03671875
3 0.2546875 0.23828125 0.021875 0.03125
6 0.1921875 0.2546875 0.03046875 0.053125
4 0.828125 0.9265625 0.01171875 0.015625
4 0.8453125 0.971875 0.0109375 0.01953125
4 0.86171875 0.97578125 0.01015625 0.01796875
3 0.8046875 0.50625 0.01484375 0.0296875
4 0.471875 0.28203125 0.009375 0.015625
4 0.4125 0.70859375 0.009375 0.0109375
3 0.51953125 0.7078125 0.03125 0.0359375
3 0.521875 0.22265625 0.02578125 0.02890625
3 0.69921875 0.4203125 0.03125 0.0390625
3 0.62890625 0.50859375 0.0203125 0.03359375
3 0.684375 0.5921875 0.025 0.04296875
3 0.66640625 0.565625 0.01796875 0.028125
3 0.71640625 0.65 0.0234375 0.040625
4 0.4046875 0.74140625 0.01015625 0.009375
4 0.6046875 0.84375 0.00625 0.015625
4 0.59921875 0.840625 0.00703125 0.01875
4 0.70546875 0.97578125 0.01015625 0.01640625
3 0.775 0.671875 0.01953125 0.03671875
4 0.7890625 0.54765625 0.0109375 0.01328125
4 0.784375 0.55703125 0.00859375 0.01328125
4 0.82578125 0.603125 0.0109375 0.01015625
4 0.8015625 0.67265625 0.01171875 0.01484375
4 0.7984375 0.68671875 0.00859375 0.01875
4 0.80859375 0.653125 0.009375 0.01640625
4 0.7828125 0.72890625 0.009375 0.0109375
4 0.7796875 0.7390625 0.009375 0.01328125
4 0.78828125 0.7109375 0.01171875 0.01015625
4 0.81328125 0.64453125 0.00859375 0.0109375
4 0.79453125 0.52421875 0.009375 0.009375
4 0.790625 0.53671875 0.009375 0.0109375
4 0.778125 0.56640625 0.01171875 0.01015625
4 0.771875 0.58203125 0.01015625 0.01015625
4 0.82578125 0.57109375 0.01015625 0.0203125
4 0.86796875 0.49140625 0.01171875 0.01328125
4 0.86640625 0.47421875 0.00859375 0.01796875
4 0.87421875 0.4796875 0.00859375 0.01953125
4 0.890625 0.4375 0.0109375 0.0140625
4 0.89453125 0.428125 0.01171875 0.01171875
4 0.9046875 0.39765625 0.009375 0.0203125
4 0.91953125 0.35234375 0.00859375 0.0203125
4 0.92734375 0.34375 0.00859375 0.01875
4 0.93203125 0.3375 0.00859375 0.02109375
4 0.778125 0.0328125 0.00546875 0.01953125
4 0.77109375 0.0375 0.00703125 0.021875
4 0.784375 0.02734375 0.00625 0.01796875
4 0.67890625 0.13359375 0.01015625 0.01171875
4 0.67578125 0.11640625 0.0046875 0.01796875
4 0.69296875 0.10859375 0.00546875 0.01953125
4 0.690625 0.11171875 0.00546875 0.0203125
4 0.684375 0.1140625 0.00546875 0.01953125
4 0.67109375 0.12421875 0.00546875 0.01640625
4 0.6671875 0.128125 0.00703125 0.01953125
4 0.66171875 0.13046875 0.00703125 0.0234375
4 0.65625 0.13046875 0.00546875 0.01875
4 0.64921875 0.13359375 0.00859375 0.0203125
4 0.63046875 0.14609375 0.00703125 0.0234375
4 0.6359375 0.14296875 0.00703125 0.01953125
4 0.64140625 0.1390625 0.00546875 0.0234375
4 0.603125 0.1734375 0.00546875 0.0234375
4 0.61015625 0.1609375 0.00859375 0.021875
4 0.609375 0.1359375 0.00625 0.01875
4 0.590625 0.20078125 0.00703125 0.01953125
4 0.5625 0.20546875 0.00703125 0.021875
4 0.55546875 0.18984375 0.00703125 0.02109375
4 0.54921875 0.19296875 0.00703125 0.01875
4 0.57890625 0.19375 0.0046875 0.01875
4 0.58359375 0.1890625 0.00546875 0.0203125
4 0.59609375 0.17890625 0.00859375 0.0203125
4 0.590625 0.17734375 0.00546875 0.021875
4 0.6484375 0.58046875 0.00703125 0.02578125
4 0.22578125 0.2359375 0.01328125 0.01171875
4 0.24140625 0.24375 0.00859375 0.0203125
4 0.33125 0.0625 0.00703125 0.01796875
4 0.3421875 0.04296875 0.009375 0.02109375
4 0.34296875 0.01796875 0.01015625 0.01484375
4 0.27578125 0.0234375 0.009375 0.01328125
4 0.353125 0.05546875 0.009375 0.01796875
4 0.3609375 0.065625 0.01015625 0.0203125
4 0.34375 0.0734375 0.009375 0.01640625
4 0.334375 0.06875 0.00625 0.015625
4 0.32421875 0.07109375 0.009375 0.01015625
4 0.321875 0.078125 0.009375 0.0109375
4 0.3125 0.09140625 0.01015625 0.01484375
4 0.31875 0.09921875 0.00703125 0.015625
4 0.340625 0.10859375 0.00703125 0.01875
4 0.34609375 0.1140625 0.00625 0.015625
4 0.3390625 0.12890625 0.01015625 0.01796875
4 0.3484375 0.140625 0.00625 0.01640625
4 0.34296875 0.140625 0.00859375 0.01796875
4 0.371875 0.13359375 0.00625 0.01953125
6 0.07421875 0.03515625 0.040625 0.06171875
3 0.2109375 0.2578125 0.021875 0.03984375
4 0.14609375 0.1890625 0.00703125 0.01953125
4 0.14296875 0.18046875 0.00859375 0.01640625
4 0.2953125 0.29921875 0.00703125 0.01875
4 0.29375 0.27890625 0.00703125 0.0203125
4 0.28359375 0.27890625 0.009375 0.01796875
4 0.3578125 0.09140625 0.00625 0.01640625
4 0.36328125 0.09921875 0.00625 0.01640625
4 0.37578125 0.08515625 0.00859375 0.01796875
4 0.3890625 0.10859375 0.009375 0.015625
4 0.37890625 0.10625 0.00703125 0.01875
4 0.38359375 0.1328125 0.00859375 0.01875
4 0.378125 0.1203125 0.00703125 0.0203125
4 0.36640625 0.1203125 0.00625 0.0203125
4 0.359375 0.12109375 0.00703125 0.01640625
4 0.33125 0.11953125 0.00859375 0.0203125
4 0.3890625 0.19375 0.00859375 0.01953125
4 0.3890625 0.21640625 0.009375 0.01640625
4 0.384375 0.2359375 0.01171875 0.015625
4 0.41328125 0.2765625 0.01015625 0.01953125
4 0.4375 0.2921875 0.00546875 0.021875
4 0.46328125 0.28203125 0.00625 0.01640625
4 0.43203125 0.290625 0.00546875 0.01875
4 0.48046875 0.28046875 0.00703125 0.01640625
4 0.48359375 0.26875 0.00703125 0.01953125
4 0.3578125 0.79453125 0.00703125 0.01796875
4 0.37109375 0.79921875 0.00625 0.01796875
4 0.36640625 0.80859375 0.00859375 0.01171875
4 0.25546875 0.734375 0.0109375 0.01015625
4 0.24375 0.77421875 0.01015625 0.01015625
4 0.2375 0.790625 0.01015625 0.0109375
4 0.23359375 0.80703125 0.01328125 0.009375
4 0.228125 0.8265625 0.01171875 0.00859375
4 0.2234375 0.84140625 0.0140625 0.01328125
3 0.2765625 0.6765625 0.015625 0.03125
4 0.30703125 0.59140625 0.009375 0.0203125
4 0.26796875 0.440625 0.0140625 0.01328125
4 0.24921875 0.43125 0.0109375 0.01171875
4 0.2984375 0.3671875 0.009375 0.0203125