2 0.76796875 0.16953125 0.028125 0.02578125
2 0.775 0.253125 0.0265625 0.02421875
4 0.94140625 0.51953125 0.015625 0.01796875
2 0.86640625 0.48671875 0.03125 0.0234375
4 0.70703125 0.52890625 0.01484375 0.01328125
0 0.684375 0.38125 0.01796875 0.02109375
2 0.496875 0.36640625 0.02421875 0.0234375
4 0.46953125 0.56171875 0.01328125 0.01171875
6 0.4640625 0.58671875 0.04296875 0.034375
4 0.3765625 0.415625 0.01484375 0.01328125
4 0.409375 0.5640625 0.01484375 0.01484375
3 0.2453125 0.46640625 0.0234375 0.02421875
4 0.25625 0.36484375 0.0140625 0.01171875
4 0.26484375 0.54609375 0.01640625 0.01796875
4 0.28046875 0.56953125 0.01328125 0.01328125
0 0.19375 0.37421875 0.0203125 0.01875
2 0.1515625 0.2609375 0.0234375 0.04375
2 0.1078125 0.34296875 0.01953125 0.03671875
3 0.06796875 0.3265625 0.02890625 0.06953125
2 0.01328125 0.04140625 0.01875 0.04140625
4 0.01875 0.009375 0.00859375 0.01875
0 0.08359375 0.03984375 0.01796875 0.03125
2 0.0671875 0.046875 0.01796875 0.05078125
2 0.0796875 0.078125 0.0140625 0.03828125
4 0.0890625 0.0890625 0.00703125 0.02109375
2 0.06171875 0.0921875 0.01796875 0.04140625
2 0.04609375 0.13515625 0.01875 0.05390625
2 0.05859375 0.15390625 0.01796875 0.04296875
2 0.0328125 0.1859375 0.015625 0.04921875
2 0.0453125 0.196875 0.01875 0.0453125
2 0.01953125 0.2375 0.01953125 0.0546875
2 0.03671875 0.24140625 0.01796875 0.04453125
0 0.02578125 0.28125 0.0140625 0.0265625
4 0.00703125 0.2765625 0.01015625 0.01953125
4 0.0359375 0.278125 0.01015625 0.0203125
4 0.0421875 0.28359375 0.0109375 0.0203125