5 0.21875 0.678125 0.05703125 0.0546875
5 0.27578125 0.66796875 0.053125 0.059375
2 0.02421875 0.87109375 0.02421875 0.03515625
3 0.19609375 0.78671875 0.02578125 0.03046875
3 0.265625 0.78359375 0.034375 0.028125
2 0.33046875 0.91875 0.0234375 0.04609375
2 0.36640625 0.92578125 0.01953125 0.05703125
0 0.40546875 0.69296875 0.01796875 0.02578125
0 0.4859375 0.79609375 0.0234375 0.034375
2 0.56328125 0.76796875 0.0203125 0.0515625
2 0.5265625 0.715625 0.02109375 0.04140625
2 0.509375 0.60625 0.01640625 0.07109375
2 0.50546875 0.3328125 0.02890625 0.059375
2 0.50859375 0.20703125 0.01875 0.08359375
3 0.859375 0.7234375 0.034375 0.0515625
2 0.92421875 0.72109375 0.03046875 0.03515625
2 0.82109375 0.8265625 0.03203125 0.03125
2 0.85546875 0.86328125 0.02890625 0.03359375
2 0.91484375 0.865625 0.0265625 0.03515625
2 0.96171875 0.73984375 0.028125 0.03984375
2 0.95390625 0.821875 0.02109375 0.03203125
2 0.015625 0.82421875 0.0265625 0.02890625
4 0.1390625 0.78203125 0.01640625 0.0140625
4 0.1390625 0.8265625 0.0140625 0.0234375
4 0.128125 0.796875 0.015625 0.015625
4 0.0640625 0.9453125 0.0140625 0.01796875
4 0.384375 0.76484375 0.01640625 0.01796875
4 0.43203125 0.81328125 0.02109375 0.01953125
4 0.384375 0.87890625 0.01171875 0.02890625
4 0.4265625 0.67890625 0.0140625 0.02109375
4 0.4515625 0.79375 0.01953125 0.01640625
4 0.4953125 0.75703125 0.01328125 0.03203125
4 0.51875 0.45 0.01171875 0.021875
4 0.46796875 0.34375 0.0109375 0.025
4 0.46171875 0.27890625 0.015625 0.03359375
4 0.5125 0.00703125 0.015625 0.0140625
4 0.63671875 0.79921875 0.01171875 0.0296875
4 0.62109375 0.78828125 0.01171875 0.01640625
4 0.725 0.796875 0.01484375 0.02578125
4 0.709375 0.89921875 0.01171875 0.03125
4 0.81484375 0.859375 0.01796875 0.03125
4 0.7828125 0.7890625 0.01484375 0.02890625
0 0.9625 0.89453125 0.01875 0.0296875