1 0.22109375 0.66796875 0.05625 0.03125
1 0.27890625 0.66171875 0.0546875 0.03125
2 0.07265625 0.7296875 0.01953125 0.015625
4 0.07890625 0.709375 0.01484375 0.01171875
0 0.140625 0.96015625 0.0140625 0.01875
4 0.15703125 0.809375 0.01171875 0.0109375
4 0.178125 0.775 0.01171875 0.01328125
4 0.25546875 0.7953125 0.01640625 0.0140625
4 0.26796875 0.85625 0.009375 0.009375
2 0.2484375 0.88671875 0.025 0.0234375
4 0.31953125 0.8609375 0.0109375 0.0140625
4 0.3375 0.76875 0.01171875 0.009375
2 0.36328125 0.81328125 0.01953125 0.01953125
4 0.36875 0.88203125 0.01015625 0.01328125
4 0.4296875 0.809375 0.0109375 0.01015625
4 0.43203125 0.73359375 0.01015625 0.01171875
4 0.48203125 0.78671875 0.01015625 0.015625
4 0.5609375 0.79296875 0.0109375 0.01171875
4 0.56875 0.84453125 0.0109375 0.01328125
0 0.5765625 0.86015625 0.015625 0.01796875
4 0.59609375 0.86484375 0.0109375 0.0109375
4 0.6234375 0.778125 0.0109375 0.01015625
4 0.6625 0.91015625 0.0109375 0.015625
4 0.72578125 0.859375 0.01171875 0.0140625
2 0.7640625 0.86328125 0.021875 0.0203125
2 0.809375 0.8734375 0.025 0.021875
4 0.809375 0.896875 0.01328125 0.0109375
4 0.8296875 0.85546875 0.0140625 0.01015625
4 0.83046875 0.79609375 0.01328125 0.0109375
4 0.85078125 0.78203125 0.01484375 0.01328125
4 0.8796875 0.8 0.01171875 0.01171875
4 0.93203125 0.78828125 0.0140625 0.0109375
4 0.99140625 0.78984375 0.01015625 0.01171875
4 0.9765625 0.74375 0.0109375 0.0109375
3 0.88125 0.83046875 0.03125 0.0234375
2 0.86875 0.8890625 0.025 0.0234375
4 0.8390625 0.734375 0.0109375 0.01171875
4 0.60390625 0.6890625 0.0109375 0.01328125
4 0.53359375 0.690625 0.00546875 0.01953125
4 0.51796875 0.65546875 0.00546875 0.01796875
2 0.5390625 0.72890625 0.01640625 0.03515625
0 0.4671875 0.53203125 0.009375 0.025
4 0.5234375 0.5390625 0.00546875 0.021875
3 0.5296875 0.4765625 0.01171875 0.03046875
4 0.47109375 0.41484375 0.00546875 0.01953125
4 0.48359375 0.36796875 0.00546875 0.021875
0 0.528125 0.30546875 0.009375 0.02578125
4 0.52421875 0.13671875 0.00625 0.01953125