2 0.046875 0.9609375 0.015625 0.02578125
2 0.06328125 0.95 0.015625 0.0296875
2 0.0671875 0.98046875 0.01796875 0.03046875
0 0.08671875 0.9265625 0.015625 0.0203125
4 0.09375 0.9 0.00703125 0.0109375
4 0.1046875 0.896875 0.00859375 0.01171875
4 0.09921875 0.884375 0.00859375 0.0109375
0 0.1125 0.88125 0.01171875 0.01640625
0 0.11171875 0.86015625 0.0109375 0.01796875
2 0.1274439515625 0.8889149015625 0.122020084375 0.8792628125 0.1082009171875 0.8992279234374999 0.1130589125 0.90905839375 0.1274439515625 0.8889149015625
2 0.12940911718749998 0.9044421765624999 0.12429967812500001 0.89353111875 0.11055994843750001 0.9132772671874999 0.11565293593749999 0.9241660125 0.12940911718749998 0.9044421765624999
6 0.15272377343750002 0.8520737828125 0.14517752343749998 0.8361268531249999 0.119288365625 0.8725970765625 0.12717656875 0.8891434078125 0.15272377343750002 0.8520737828125
4 0.12150188749999999 0.855990578125 0.1140492390625 0.8676010578125 0.11678548124999999 0.872916703125 0.124975584375 0.8611663343749999 0.12150188749999999 0.855990578125
4 0.13828125 0.834375 0.00703125 0.015625
4 0.15078125 0.8265625 0.009375 0.01484375
0 0.16328125 0.80390625 0.01328125 0.01796875
0 0.14609375 0.875 0.01171875 0.01875
3 0.1779319515625 0.8409083171875 0.171014553125 0.8255209265625 0.1531404703125 0.8505794484375 0.16008820937499998 0.8649686031250001 0.1779319515625 0.8409083171875
2 0.183984671875 0.803279153125 0.17918965625 0.7927877515625 0.16469972500000002 0.8138833999999999 0.169521021875 0.8242619578125 0.183984671875 0.803279153125
2 0.19766224999999998 0.8067762859375 0.1920025625 0.79516580625 0.1770846421875 0.8168190828125 0.182884178125 0.8280388625 0.19766224999999998 0.8067762859375
2 0.20552765156250002 0.7686050328125 0.20033960468749998 0.75811363125 0.1854043140625 0.778536896875 0.191064003125 0.7895878375 0.20552765156250002 0.7686050328125
2 0.2254191375 0.7672203609375 0.21936641875000001 0.7565890765625001 0.20621868281250003 0.775719509375 0.2117415578125 0.7862447671874999 0.2254191375 0.7672203609375
0 0.22251069218750003 0.73116064375 0.21747985625 0.7212287828124999 0.20739819843750001 0.736087778125 0.21268483906250002 0.7456780171874999 0.22251069218750003 0.73116064375
2 0.23257981249999998 0.740393078125 0.226369875 0.727803396875 0.2118803578125 0.7484603015625 0.21803756093749999 0.761096109375 0.23257981249999998 0.740393078125
0 0.235881296875 0.707939678125 0.23140071093749998 0.69870724375 0.2206087765625 0.7132320937500001 0.2251907734375 0.72248775 0.235881296875 0.707939678125
2 0.2551399546875 0.7041627734375 0.2499519078125 0.6936713671875 0.23511682031249997 0.7132320937500001 0.2407549140625 0.7243062640625 0.2551399546875 0.7041627734375
2 0.2546683140625 0.7268242015624999 0.2495588765625 0.7167524546874999 0.23594248125 0.7342012640625 0.2413837734375 0.7451491781249999 0.2546683140625 0.7268242015624999
3 0.2608900140625 0.6776795484375 0.25633081875 0.6678875765625001 0.24431704375000002 0.6840842359375 0.249413428125 0.6944657921874999 0.2608900140625 0.6776795484375
2 0.2843148359375 0.6888703796875 0.2790481796875 0.6785188609375 0.2669637484375 0.6956172781250001 0.271816359375 0.7056566234375 0.2843148359375 0.6888703796875
2 0.3102234265625 0.6565107765625 0.3036990671875 0.6446205218750001 0.291615628125 0.66269568125 0.2978035578125 0.6749756421875001 0.3102234265625 0.6565107765625
2 0.29528814375 0.6567905484375001 0.2897856671875 0.6458794906249999 0.276635778125 0.66584105625 0.2817677765625 0.676094728125 0.29528814375 0.6567905484375001
2 0.30283439375 0.627274734375 0.2967816671875 0.6141255125 0.282179503125 0.6352260671875001 0.2882921359375 0.6468586859375 0.30283439375 0.627274734375
2 0.33688636562499996 0.5786186234375 0.3296545453125 0.5663087140624999 0.3165034125 0.5844806765625 0.3236018265625 0.5977829203125 0.33688636562499996 0.5786186234375
1 0.35402264843750003 0.589669571875 0.34561171874999996 0.5727434390624999 0.3073031890625 0.6278868578125001 0.3159769671875 0.646043375 0.35402264843750003 0.589669571875
1 0.3724952359375 0.5941458984375 0.3649489859375 0.5783388546875 0.3274729109375 0.632290384375 0.3353142328125 0.6487011875 0.3724952359375 0.5941458984375
1 0.417280484375 0.5303276375 0.40894815625 0.513681278125 0.3722945125 0.56728595625 0.38080693593750004 0.584183503125 0.417280484375 0.5303276375
2 0.389060646875 0.5352236203125 0.383243740625 0.5244524515625 0.3706431890625 0.5431714109375 0.37616913125 0.553828378125 0.389060646875 0.5352236203125
2 0.395433428125 0.5083260953125001 0.3901667734375 0.49867400625 0.37925365625 0.51737933125 0.38364241250000003 0.5258117609374999 0.395433428125 0.5083260953125001
2 0.38702249843750003 0.4992335453125 0.379397646875 0.4869236359375 0.36769440000000003 0.5096207374999999 0.37507427187500003 0.5218949734375 0.38702249843750003 0.4992335453125
1 0.44972105625000003 0.4844261484375 0.4428822671875 0.46931853125 0.4149929859375 0.509830428125 0.4218156484375 0.5241535859375 0.44972105625000003 0.4844261484375
1 0.48916053593750003 0.44416452343749996 0.48129986249999995 0.42472045625000004 0.4506143640625 0.4595044203125 0.45779643124999997 0.47829655625 0.48916053593750003 0.44416452343749996
2 0.44120551875 0.4713532734375 0.4364891125 0.4607219890625 0.421480321875 0.4794251328125 0.42658465625 0.4905175703125 0.44120551875 0.4713532734375
2 0.4403408390625 0.454846803125 0.4357030421875 0.4440756296875 0.423249596875 0.460552878125 0.427920971875 0.4706538453125 0.4403408390625 0.454846803125
2 0.45967810625 0.4415576921875 0.45496169999999997 0.4305067484375 0.44271160781249996 0.4462938421875 0.4475726671875 0.45680519375 0.45967810625 0.4415576921875
2 0.48723819218750003 0.41745132656250006 0.48260039375 0.4047217609375 0.4683071015625 0.42008237968750006 0.472302903125 0.4312999765625 0.48723819218750003 0.41745132656250006
0 0.48338645781249995 0.40290324687499995 0.47882726875000003 0.39157253281250004 0.46889685937500003 0.40267796875000006 0.47261733125000005 0.41325476562499996 0.48338645781249995 0.40290324687499995
2 0.520300084375 0.42150800468750005 0.5192782015625 0.4044419890625 0.5026310125 0.40959779375 0.5033210218749999 0.42626410468750003 0.520300084375 0.42150800468750005
2 0.510867271875 0.3938107 0.5082732484375 0.37747620625 0.49012814374999997 0.386951090625 0.492316075 0.40192405156250005 0.510867271875 0.3938107
0 0.5429388359375 0.3667050328125 0.54278163125 0.3524367265625 0.5283444578125 0.3544509734375 0.528868225 0.3693628515625 0.5429388359375 0.3667050328125
2 0.5514408765625001 0.40797121093750005 0.5490826734375001 0.389786115625 0.5316471015625 0.39785715625 0.5333613203125 0.41566490937499995 0.5514408765625001 0.40797121093750005
4 0.52421875 0.4015625 0.009375 0.0109375
4 0.5890625 0.35 0.00859375 0.01015625
4 0.49453125 0.42421875 0.01015625 0.009375
4 0.4765625 0.37109375 0.009375 0.00859375
4 0.48515625 0.38046875 0.00859375 0.0109375
4 0.4546875 0.40546875 0.009375 0.0140625
4 0.45703125 0.42421875 0.00703125 0.01328125
4 0.40234375 0.446875 0.009375 0.01484375
4 0.35859375 0.4203125 0.00546875 0.01796875
0 0.3484375 0.44375 0.009375 0.02578125
4 0.4171875 0.5515625 0.01015625 0.01328125
4 0.42578125 0.540625 0.009375 0.01796875
4 0.43046875 0.52578125 0.00703125 0.01953125
4 0.34453125 0.5640625 0.00546875 0.01171875
4 0.36875 0.54296875 0.00625 0.0140625
4 0.35625 0.5515625 0.009375 0.0140625
4 0.26484375 0.68046875 0.009375 0.01171875
4 0.28046875 0.6515625 0.009375 0.015625
4 0.24140625 0.6984375 0.009375 0.015625
4 0.18046875 0.78125 0.00625 0.01171875
4 0.19140625 0.7640625 0.01015625 0.0140625
4 0.203125 0.74921875 0.00703125 0.01171875
4 0.2078125 0.76953125 0.00859375 0.0140625
2 0.1734375 0.95859375 0.01796875 0.02890625
2 0.21171875 0.978125 0.015625 0.03359375
2 0.2328125 0.9515625 0.015625 0.0296875
0 0.2234375 0.884375 0.01171875 0.01953125
2 0.21953125 0.91328125 0.01640625 0.028125
2 0.25546875 0.878125 0.01640625 0.02578125
0 0.284375 0.8734375 0.009375 0.021875
2 0.29296875 0.81796875 0.01640625 0.02578125
4 0.26171875 0.8359375 0.00859375 0.01328125
4 0.321875 0.76640625 0.00859375 0.0140625
2 0.3265625 0.82578125 0.01796875 0.02890625
0 0.35546875 0.7921875 0.01171875 0.01484375
0 0.38046875 0.78984375 0.0140625 0.01328125
0 0.40078125 0.778125 0.01328125 0.01328125
0 0.43828125 0.753125 0.01015625 0.01484375
4 0.471875 0.76640625 0.00546875 0.01875
4 0.465625 0.7390625 0.00546875 0.0140625
4 0.453125 0.703125 0.00859375 0.02109375
4 0.465625 0.690625 0.00859375 0.01953125
4 0.42421875 0.759375 0.00859375 0.015625
4 0.3890625 0.7640625 0.009375 0.015625
4 0.31875 0.96640625 0.00625 0.02578125
2 0.3296875 0.95078125 0.01640625 0.02578125
2 0.375 0.95859375 0.01484375 0.02890625
4 0.42890625 0.87734375 0.0109375 0.01484375
2 0.5546875 0.77890625 0.01953125 0.02578125
0 0.49375 0.7296875 0.01328125 0.0140625
4 0.6796875 0.58046875 0.009375 0.01640625
4 0.71875 0.61796875 0.00859375 0.01328125
0 0.759375 0.6484375 0.0140625 0.01953125
2 0.72109375 0.64453125 0.021875 0.03203125
2 0.6359375 0.5296875 0.01796875 0.02890625
2 0.61328125 0.49609375 0.01640625 0.02890625
2 0.590625 0.43359375 0.01640625 0.028125
4 0.6203125 0.4015625 0.00703125 0.01875
3 0.56875 0.43984375 0.01875 0.0296875
0 0.5515625 0.3078125 0.0109375 0.02109375
0 0.60859375 0.28984375 0.01015625 0.01953125
0 0.60546875 0.25703125 0.01171875 0.021875
2 0.58515625 0.196875 0.01484375 0.03515625
2 0.56171875 0.1765625 0.01171875 0.03671875
2 0.5578125 0.053125 0.01015625 0.03359375
2 0.5953125 0.059375 0.01875 0.02890625
4 0.609375 0.04765625 0.00703125 0.01640625
0 0.61953125 0.04921875 0.01171875 0.01953125
4 0.6140625 0.35078125 0.00859375 0.01015625
4 0.62109375 0.3390625 0.00859375 0.00859375
4 0.628125 0.346875 0.00859375 0.00859375
4 0.6296875 0.359375 0.0109375 0.0109375
4 0.6546875 0.33203125 0.00859375 0.009375
2 0.64375 0.3109375 0.01640625 0.0203125
2 0.66796875 0.34296875 0.01953125 0.01953125
4 0.67734375 0.31640625 0.00859375 0.009375
4 0.6890625 0.3109375 0.00859375 0.0109375
4 0.69453125 0.29765625 0.00859375 0.0109375
2 0.72421875 0.30703125 0.01484375 0.02109375
4 0.728125 0.2890625 0.00859375 0.0109375
4 0.7328125 0.26875 0.0109375 0.0109375
2 0.8421875 0.2109375 0.015625 0.0234375
2 0.7984375 0.16640625 0.01015625 0.03125
2 0.8109375 0.1734375 0.01640625 0.0234375
2 0.82578125 0.14296875 0.01015625 0.034375
4 0.8453125 0.1265625 0.00859375 0.01015625
4 0.86875 0.13203125 0.00859375 0.01171875
4 0.8984375 0.08828125 0.01015625 0.0140625
4 0.903125 0.05625 0.00859375 0.01328125
2 0.87421875 0.0828125 0.015625 0.03125
0 0.89453125 0.1109375 0.01171875 0.01953125
3 0.95078125 0.01328125 0.01796875 0.02578125
1 0.8476165124999999 0.18027481875 0.8394712828124999 0.159174665625 0.7974287140625 0.208572471875 0.804828334375 0.22908041250000002 0.8476165124999999 0.18027481875
2 0.70859375 0.37421875 0.01796875 0.0265625
2 0.671844190625 0.41948028437499996 0.6665826359375 0.40813089375 0.6535659593750001 0.42764126874999997 0.6580791078125 0.4380176203125 0.671844190625 0.41948028437499996
2 0.685715565625 0.4211826921875 0.6799756875 0.4100224578125 0.6674422078125 0.42835014375 0.6735980421875001 0.43962545156250005 0.685715565625 0.4211826921875
2 0.68866923125 0.390467621875 0.684364321875 0.3794965421875 0.6686384359375 0.398860903125 0.6741069421875 0.4099507390625 0.68866923125 0.390467621875
2 0.6975447828125 0.3947236421875 0.692283228125 0.3836579875 0.6799627296875 0.403681259375 0.6851615265625 0.41363929062500004 0.6975447828125 0.3947236421875
2 0.6794675734375 0.44367740624999996 0.673114421875 0.4373821265625 0.66659349375 0.452452240625 0.6735475921875 0.4605076515625 0.6794675734375 0.44367740624999996
2 0.723420084375 0.5901966640625 0.734131515625 0.565178290625 0.72654425625 0.553264778125 0.7144938953125 0.579077384375 0.723420084375 0.5901966640625
4 0.81171875 0.73671875 0.00703125 0.0140625
4 0.84140625 0.77421875 0.00859375 0.01328125
4 0.85390625 0.77421875 0.01171875 0.01328125
4 0.8921875 0.81875 0.01015625 0.015625
4 0.90546875 0.840625 0.009375 0.01171875
4 0.92109375 0.8546875 0.01015625 0.01328125
4 0.93671875 0.871875 0.0109375 0.01015625
4 0.94921875 0.88828125 0.0109375 0.0109375
0 0.92421875 0.87109375 0.01328125 0.01875
2 0.90703125 0.821875 0.015625 0.0234375
2 0.9234375 0.81640625 0.01484375 0.025
2 0.94453125 0.81953125 0.01640625 0.03203125
2 0.953125 0.840625 0.01796875 0.021875
2 0.96328125 0.86015625 0.01796875 0.015625
2 0.9734375 0.8765625 0.01640625 0.015625
2 0.9828125 0.9046875 0.01953125 0.02421875
4 0.9171875 0.97578125 0.01328125 0.01640625
4 0.87109375 0.903125 0.009375 0.01015625
2 0.859375 0.89140625 0.01484375 0.0203125
4 0.8515625 0.90234375 0.00859375 0.0140625
3 0.83046875 0.91484375 0.01875 0.02421875
0 0.834375 0.89921875 0.01171875 0.0140625
0 0.821875 0.88984375 0.01171875 0.01796875
2 0.83203125 0.88359375 0.01640625 0.0203125
2 0.81484375 0.8640625 0.01640625 0.021875
2 0.81796875 0.84609375 0.01796875 0.02421875
2 0.7984375 0.82890625 0.01640625 0.0234375
2 0.778125 0.80625 0.01640625 0.02421875
2 0.7609375 0.765625 0.01796875 0.02109375
0 0.74296875 0.75546875 0.01328125 0.015625
2 0.709375 0.7703125 0.01640625 0.01953125
2 0.72265625 0.76484375 0.015625 0.021875
0 0.728125 0.74609375 0.01484375 0.01953125
6 0.75078125 0.78359375 0.0296875 0.03203125
4 0.675 0.7578125 0.00625 0.00703125
4 0.6828125 0.7640625 0.00859375 0.009375
4 0.684375 0.70703125 0.00703125 0.00546875
4 0.68203125 0.715625 0.00859375 0.00859375
0 0.68125 0.728125 0.01171875 0.01484375
4 0.6796875 0.7375 0.00859375 0.00703125
4 0.69453125 0.75625 0.00703125 0.00859375
2 0.6923501562500001 0.74994965625 0.67644624375 0.73875328125 0.672700940625 0.751146053125 0.6892043265625001 0.761301540625 0.6923501562500001 0.74994965625
6 0.7180410968750001 0.7454400031249999 0.692262778125 0.727401396875 0.68817336875 0.744385971875 0.7143709625 0.763167603125 0.7180410968750001 0.7454400031249999
2 0.705457778125 0.716827046875 0.6890295609375 0.706874709375 0.68633765625 0.721308453125 0.7026614890625 0.731444534375 0.705457778125 0.716827046875
2 0.7218860031250001 0.73128903125 0.708953146875 0.7166715375 0.7035146734375 0.7306327031250001 0.7174294125 0.7451289890624999 0.7218860031250001 0.73128903125
0 0.44453125 0.61796875 0.01171875 0.028125
2 0.43515625 0.29375 0.0140625 0.02890625
2 0.44375 0.28515625 0.01328125 0.025
4 0.459375 0.28125 0.009375 0.0140625
4 0.415625 0.26796875 0.009375 0.01484375
2 0.43671875 0.2546875 0.0140625 0.02421875
2 0.42890625 0.225 0.0203125 0.02421875
4 0.3984375 0.209375 0.00859375 0.01875
4 0.41015625 0.20234375 0.00703125 0.01171875
2 0.4203125 0.19921875 0.015625 0.01953125
4 0.41015625 0.190625 0.00625 0.01484375
2 0.3578125 0.12890625 0.01640625 0.03203125
2 0.28984375 0.1609375 0.01484375 0.0296875
3 0.34140625 0.0390625 0.01953125 0.0390625
2 0.33046875 0.31796875 0.0140625 0.03046875
4 0.34140625 0.31953125 0.00625 0.0203125
2 0.86953125 0.7484375 0.0140625 0.02890625
0 0.87578125 0.765625 0.00859375 0.01953125
2 0.884375 0.7625 0.01015625 0.02578125
0 0.8984375 0.7703125 0.01015625 0.01875
2 0.909375 0.775 0.01171875 0.02890625