2 0.3515625 0.11796875 0.01484375 0.0390625
2 0.36953125 0.153125 0.01640625 0.03359375
2 0.4203125 0.22578125 0.01953125 0.03671875
2 0.409375 0.2359375 0.01640625 0.03359375
2 0.44296875 0.3140625 0.015625 0.03125
6 0.33828125 0.66640625 0.02578125 0.04296875
2 0.71953125 0.12578125 0.02421875 0.0359375
2 0.7734375 0.1765625 0.0203125 0.03515625
2 0.740625 0.2140625 0.02109375 0.034375
2 0.60859375 0.23359375 0.0203125 0.03203125
2 0.7171875 0.19609375 0.0203125 0.0265625
2 0.634375 0.3375 0.0203125 0.0390625
2 0.653125 0.30546875 0.01796875 0.03359375
1 0.61796875 0.7984375 0.04453125 0.09140625
2 0.8046875 0.0625 0.0203125 0.03125
2 0.68828125 0.240625 0.01953125 0.03125
2 0.396875 0.5734375 0.01953125 0.02890625
2 0.33671875 0.084375 0.01875 0.03515625
2 0.35546875 0.08359375 0.01640625 0.03125
0 0.3328125 0.5171875 0.01484375 0.01875
2 0.17578125 0.7734375 0.01640625 0.03046875
4 0.3546875 0.625 0.01015625 0.0140625
2 0.4609375 0.3953125 0.01875 0.0296875
4 0.38203125 0.5859375 0.00859375 0.01328125
0 0.221875 0.67734375 0.0140625 0.0203125
2 0.30703125 0.70859375 0.0203125 0.03125
2 0.709375 0.240625 0.02109375 0.03203125
2 0.3421875 0.03203125 0.01640625 0.02890625
4 0.3203125 0.071875 0.00703125 0.01484375
4 0.3671875 0.61328125 0.00859375 0.01484375
2 0.31328125 0.028125 0.01953125 0.03984375
0 0.434375 0.22890625 0.009375 0.025
3 0.45390625 0.24296875 0.01796875 0.03671875
2 0.4078125 0.4328125 0.01484375 0.0390625
2 0.36015625 0.6359375 0.02109375 0.03046875
4 0.31328125 0.79375 0.0140625 0.01796875
2 0.62109375 0.4015625 0.01796875 0.03359375
2 0.59921875 0.4265625 0.01796875 0.034375
2 0.75703125 0.178125 0.01953125 0.0296875
2 0.6546875 0.74609375 0.01796875 0.0359375
4 0.63359375 0.70078125 0.01171875 0.0203125
2 0.5640625 0.709375 0.015625 0.02890625
2 0.553125 0.73203125 0.01796875 0.03359375
2 0.578125 0.74296875 0.01875 0.0359375
2 0.5484375 0.69765625 0.01328125 0.03125
2 0.57421875 0.77265625 0.01953125 0.03671875
4 0.590625 0.77890625 0.009375 0.01953125
1 0.565625 0.68203125 0.03359375 0.07890625
2 0.7359375 0.9359375 0.02109375 0.03828125
2 0.71484375 0.86484375 0.02109375 0.0234375
4 0.54296875 0.66015625 0.00859375 0.01796875
4 0.534375 0.66796875 0.00625 0.0140625
4 0.5296875 0.67265625 0.00859375 0.01640625
4 0.528125 0.684375 0.01015625 0.01171875
4 0.521875 0.68828125 0.00703125 0.015625
4 0.5296875 0.70703125 0.00859375 0.01796875
4 0.51953125 0.71640625 0.00859375 0.01640625
4 0.53671875 0.71796875 0.00703125 0.01640625
4 0.53671875 0.69921875 0.00703125 0.01484375
4 0.53671875 0.684375 0.00625 0.01171875
4 0.390625 0.328125 0.009375 0.01328125
4 0.553125 0.4859375 0.01171875 0.01640625
2 0.640625 0.3984375 0.01640625 0.03515625
4 0.703125 0.31953125 0.01171875 0.01875
2 0.7359375 0.15859375 0.02109375 0.034375
2 0.76484375 0.11953125 0.02109375 0.03125
2 0.8296875 0.02890625 0.0203125 0.03125
2 0.83046875 0.14765625 0.0265625 0.03828125
2 0.72578125 0.03515625 0.01875 0.03203125
0 0.68125 0.08671875 0.0140625 0.02421875
0 0.66640625 0.0953125 0.0109375 0.021875
2 0.4390625 0.209375 0.01875 0.03203125
2 0.41953125 0.31328125 0.01875 0.03515625
4 0.46796875 0.5484375 0.01171875 0.0140625
2 0.171875 0.91640625 0.0234375 0.03671875
2 0.19140625 0.88046875 0.01875 0.03359375
2 0.17421875 0.87265625 0.0203125 0.03125
2 0.153125 0.9109375 0.0203125 0.03515625
2 0.1484375 0.94375 0.021875 0.03203125
2 0.12578125 0.9484375 0.02578125 0.0359375
2 0.19921875 0.8390625 0.01953125 0.0296875
2 0.24609375 0.7859375 0.015625 0.0296875
2 0.22421875 0.79296875 0.021875 0.03046875
2 0.24921875 0.80859375 0.0203125 0.0265625
2 0.18828125 0.66796875 0.0203125 0.03515625
2 0.271875 0.71875 0.0203125 0.03125
2 0.28828125 0.73203125 0.0203125 0.03359375
4 0.29140625 0.684375 0.01640625 0.01171875
2 0.26875 0.76796875 0.02109375 0.03125
2 0.315625 0.65703125 0.01796875 0.02890625
2 0.36640625 0.5765625 0.01875 0.03046875
4 0.3734375 0.59609375 0.00859375 0.01328125
2 0.3796875 0.60859375 0.01875 0.028125
4 0.38828125 0.56875 0.00703125 0.01484375
2 0.3859375 0.19140625 0.01875 0.0359375
2 0.39921875 0.18671875 0.01875 0.03671875
2 0.409375 0.18203125 0.01640625 0.040625
3 0.42734375 0.178125 0.01171875 0.021875
4 0.41796875 0.159375 0.00703125 0.01484375
4 0.4171875 0.17421875 0.00703125 0.0140625
4 0.4234375 0.19375 0.00625 0.0140625
4 0.4078125 0.15390625 0.0046875 0.01015625
4 0.4015625 0.153125 0.00546875 0.01171875
4 0.396875 0.1390625 0.00625 0.015625
0 0.40703125 0.13359375 0.01328125 0.0234375
0 0.39453125 0.115625 0.0109375 0.01875
0 0.39375 0.14921875 0.0109375 0.0234375
2 0.37109375 0.11640625 0.01875 0.034375
2 0.38125 0.1109375 0.01640625 0.0359375
2 0.3734375 0.071875 0.01640625 0.03125
2 0.359375 0.0609375 0.01875 0.03203125
2 0.3203125 0.01171875 0.015625 0.0234375
2 0.33828125 0.0515625 0.01796875 0.0296875
4 0.31640625 0.0546875 0.00859375 0.015625
4 0.440625 0.27578125 0.00625 0.015625
4 0.44609375 0.271875 0.00625 0.0109375
4 0.44453125 0.259375 0.00625 0.0140625
4 0.43671875 0.25859375 0.0046875 0.015625
2 0.42890625 0.2734375 0.02109375 0.03828125
4 0.45390625 0.29921875 0.009375 0.01875
2 0.58046875 0.225 0.02578125 0.02890625
4 0.40546875 0.31953125 0.00859375 0.01484375
4 0.37578125 0.3484375 0.00859375 0.01640625
4 0.3953125 0.2734375 0.009375 0.01484375
0 0.36171875 0.309375 0.015625 0.021875
4 0.38125 0.684375 0.009375 0.0140625
4 0.253125 0.74140625 0.00859375 0.01484375
2 0.22265625 0.84609375 0.01796875 0.03046875
2 0.34453125 0.61171875 0.01953125 0.028125
2 0.67109375 0.27421875 0.01875 0.03203125
0 0.66953125 0.33203125 0.01328125 0.0203125
0 0.69375 0.26796875 0.0140625 0.0203125
2 0.75703125 0.15546875 0.02109375 0.0296875
0 0.6265625 0.2109375 0.0140625 0.01796875
2 0.371875 0.2734375 0.01484375 0.034375
2 0.39921875 0.3765625 0.01484375 0.03828125
3 0.46328125 0.58203125 0.02890625 0.0359375
2 0.5109375 0.57421875 0.01796875 0.021875
2 0.70546875 0.28203125 0.01640625 0.028125
2 0.72421875 0.2546875 0.0203125 0.03359375
2 0.85625 0.02578125 0.0203125 0.03359375
2 0.81875 0.12734375 0.0203125 0.03125
0 0.70703125 0.22578125 0.01171875 0.01953125
0 0.653125 0.346875 0.0140625 0.021875
4 0.63203125 0.51015625 0.01328125 0.02109375
4 0.5609375 0.50390625 0.00859375 0.01328125
2 0.53203125 0.44140625 0.0203125 0.02421875
4 0.50078125 0.44609375 0.01015625 0.0140625
4 0.49296875 0.4515625 0.009375 0.01171875
4 0.46640625 0.43125 0.009375 0.01796875
4 0.41953125 0.4578125 0.01171875 0.01796875
2 0.52421875 0.52578125 0.0203125 0.02421875
4 0.51796875 0.55390625 0.01328125 0.01484375
4 0.321875 0.7546875 0.009375 0.01171875
4 0.2484375 0.9046875 0.009375 0.01171875
2 0.128125 0.971875 0.02421875 0.03046875
4 0.11640625 0.9484375 0.00859375 0.01171875
2 0.40078125 0.5171875 0.01796875 0.03359375
4 0.40390625 0.54921875 0.009375 0.0140625
2 0.25390625 0.8484375 0.01953125 0.034375
4 0.3890625 0.64140625 0.00859375 0.01484375
4 0.40390625 0.6421875 0.00859375 0.01640625
4 0.4140625 0.634375 0.00625 0.01640625
2 0.5765625 0.471875 0.01953125 0.02421875
2 0.56953125 0.44921875 0.01796875 0.01796875
2 0.68671875 0.3109375 0.01796875 0.02421875
0 0.68203125 0.29375 0.01328125 0.02109375
2 0.66484375 0.31640625 0.01796875 0.03046875
0 0.7859375 0.09921875 0.0140625 0.0203125
0 0.803125 0.1328125 0.01328125 0.01953125
3 0.79453125 0.165625 0.01796875 0.03125
4 0.778125 0.14921875 0.009375 0.01796875
4 0.790625 0.134375 0.00859375 0.01171875
5 0.796875 0.10703125 0.02578125 0.03828125
4 0.81328125 0.103125 0.0109375 0.01640625
4 0.83125 0.084375 0.01171875 0.015625
2 0.83515625 0.0625 0.021875 0.03515625
2 0.7984375 0.025 0.01875 0.03046875
2 0.5546875 0.7609375 0.01640625 0.03203125
4 0.5359375 0.20546875 0.01015625 0.01796875
4 0.28984375 0.03984375 0.00625 0.015625
4 0.26015625 0.03828125 0.00859375 0.015625
4 0.26796875 0.02578125 0.00703125 0.0140625
4 0.275 0.02109375 0.00625 0.01484375
4 0.275 0.009375 0.00625 0.015625
4 0.32578125 0.128125 0.00625 0.01484375
4 0.33515625 0.12578125 0.00703125 0.015625
4 0.3171875 0.08671875 0.00859375 0.01875