5 0.14609375 0.6984375 0.06484375 0.0296875
6 0.08671875 0.5984375 0.046875 0.02578125
6 0.2671875 0.809375 0.03359375 0.021875
6 0.390625 0.80859375 0.04453125 0.02578125
6 0.50234375 0.78828125 0.03046875 0.0296875
6 0.67421875 0.68359375 0.03671875 0.025
6 0.72578125 0.7046875 0.04140625 0.025
6 0.82578125 0.69375 0.0359375 0.02109375
6 0.915625 0.71171875 0.04375 0.025
6 0.9734375 0.81875 0.040625 0.03046875
1 0.459375 0.64609375 0.0546875 0.03984375
6 0.5296875 0.5515625 0.021875 0.06875
6 0.55078125 0.63125 0.028125 0.05546875
6 0.53359375 0.14921875 0.01875 0.0765625
3 0.07421875 0.70078125 0.02421875 0.01640625
3 0.271875 0.5140625 0.02421875 0.01953125
3 0.45859375 0.36328125 0.01328125 0.04375
3 0.52265625 0.465625 0.0140625 0.04140625
3 0.53671875 0.43203125 0.009375 0.03984375
3 0.4359375 0.04296875 0.009375 0.03203125
2 0.44609375 0.0453125 0.01015625 0.03359375
2 0.471875 0.03125 0.01171875 0.03203125
2 0.4734375 0.128125 0.0109375 0.03515625
2 0.4390625 0.15703125 0.01640625 0.0140625
2 0.5 0.178125 0.00859375 0.03203125
2 0.44609375 0.17890625 0.0203125 0.01875
2 0.43203125 0.1921875 0.01875 0.0203125
2 0.446875 0.2453125 0.01484375 0.02421875
2 0.478125 0.25546875 0.0109375 0.03828125
2 0.446875 0.27265625 0.01640625 0.021875
2 0.4421875 0.2890625 0.01640625 0.01875
2 0.45390625 0.321875 0.009375 0.028125
2 0.53359375 0.37890625 0.01328125 0.03125
2 0.5421875 0.3578125 0.01171875 0.03203125
2 0.48125 0.421875 0.00859375 0.03203125
2 0.54921875 0.45703125 0.00859375 0.028125
2 0.48203125 0.5640625 0.01015625 0.03359375
2 0.5015625 0.56640625 0.015625 0.03125
2 0.52578125 0.603125 0.01328125 0.03359375
2 0.6140625 0.59375 0.01640625 0.025
0 0.57109375 0.58515625 0.01171875 0.01875
0 0.440625 0.48828125 0.0140625 0.01484375
0 0.45234375 0.49140625 0.01171875 0.01953125
0 0.4546875 0.50546875 0.009375 0.02578125
2 0.3859375 0.6109375 0.01640625 0.01640625
2 0.28828125 0.59609375 0.02109375 0.02421875
2 0.309375 0.59609375 0.02109375 0.0234375
2 0.340625 0.421875 0.015625 0.01484375
2 0.33984375 0.44140625 0.01640625 0.0140625
2 0.05390625 0.78125 0.0203125 0.01875
0 0.03515625 0.82109375 0.015625 0.01484375
3 0.153125 0.81875 0.01484375 0.015625
0 0.11171875 0.82734375 0.01328125 0.01484375
2 0.58125 0.8 0.01640625 0.01875
2 0.69140625 0.86328125 0.0203125 0.0203125
2 0.7984375 0.7265625 0.01796875 0.01796875
2 0.88125 0.80625 0.0234375 0.02109375
2 0.91640625 0.78828125 0.0203125 0.01953125
2 0.9703125 0.6015625 0.021875 0.01875
2 0.91171875 0.4859375 0.0109375 0.03125
2 0.865625 0.5234375 0.01328125 0.03515625
2 0.9078125 0.56796875 0.01875 0.02109375
3 0.78515625 0.60078125 0.02109375 0.01796875
2 0.678125 0.6 0.01484375 0.01484375
0 0.8421875 0.84375 0.01171875 0.0109375
3 0.83515625 0.79609375 0.025 0.01953125
2 0.7609375 0.6796875 0.01953125 0.01484375
0 0.45 0.546875 0.009375 0.01953125
3 0.45546875 0.07421875 0.01171875 0.03359375
0 0.453125 0.19921875 0.0109375 0.0203125
4 0.09453125 0.8109375 0.01015625 0.01328125
4 0.1578125 0.66015625 0.01171875 0.0109375
4 0.24296875 0.82578125 0.009375 0.01484375
4 0.36328125 0.6765625 0.009375 0.0109375
4 0.428125 0.68125 0.009375 0.0109375
4 0.53046875 0.70703125 0.00859375 0.01171875
4 0.421875 0.8375 0.01171875 0.01015625
4 0.57578125 0.83203125 0.01015625 0.0109375
4 0.61328125 0.85703125 0.00859375 0.01484375
4 0.63125 0.86953125 0.00625 0.01640625
4 0.71796875 0.84453125 0.01015625 0.0109375
4 0.796875 0.8421875 0.01171875 0.01015625
4 0.94921875 0.84296875 0.01015625 0.009375
4 0.91796875 0.63828125 0.01015625 0.009375
4 0.85703125 0.62109375 0.00859375 0.01015625
4 0.803125 0.63671875 0.0109375 0.0109375
4 0.7015625 0.69375 0.00859375 0.01171875
4 0.6859375 0.71328125 0.00703125 0.01484375
4 0.675 0.715625 0.01171875 0.01484375
4 0.63671875 0.62734375 0.01015625 0.0109375
4 0.57421875 0.63359375 0.00859375 0.01328125