2 0.978125 0.31171875 0.03046875 0.02421875
2 0.8984375 0.32109375 0.02890625 0.0203125
3 0.871875 0.51953125 0.02109375 0.01953125
2 0.77578125 0.23984375 0.0296875 0.021875
2 0.765625 0.16015625 0.02109375 0.02109375
4 0.76484375 0.39609375 0.0109375 0.01171875
4 0.61640625 0.42421875 0.0140625 0.009375
4 0.56328125 0.33984375 0.00859375 0.009375
4 0.5109375 0.42421875 0.01328125 0.01328125
2 0.496875 0.3703125 0.0234375 0.01875
2 0.4671875 0.55703125 0.02890625 0.0234375
4 0.39921875 0.5765625 0.01171875 0.01328125
4 0.3515625 0.584375 0.01015625 0.0140625
4 0.34296875 0.53515625 0.01328125 0.0140625
4 0.28515625 0.43984375 0.01015625 0.01171875
2 0.240625 0.540625 0.01875 0.01875
2 0.20078125 0.559375 0.0234375 0.01796875
2 0.17421875 0.53515625 0.02578125 0.0203125
0 0.18828125 0.3890625 0.01328125 0.0140625
2 0.14609375 0.27890625 0.01640625 0.034375
2 0.15546875 0.47890625 0.0234375 0.01640625
2 0.10546875 0.55 0.021875 0.015625
2 0.07734375 0.58203125 0.02578125 0.01640625
2 0.0765625 0.62421875 0.02578125 0.01796875
2 0.05625 0.53984375 0.01640625 0.01171875
2 0.05078125 0.56171875 0.021875 0.01328125
6 0.0453125 0.48515625 0.03359375 0.0234375
2 0.06484375 0.60390625 0.02109375 0.015625
2 0.040625 0.584375 0.02421875 0.021875
2 0.01640625 0.5515625 0.021875 0.01484375
4 0.0328125 0.028125 0.009375 0.021875
4 0.01640625 0.10625 0.01015625 0.03203125
4 0.0015625 0.02421875 0.003125 0.0203125
2 0.0234375 0.25078125 0.0140625 0.034375
2 0.028125 0.29296875 0.01171875 0.03671875
2 0.0046875 0.31328125 0.009375 0.03203125
2 0.10703125 0.57421875 0.01953125 0.015625
2 0.0796875 0.5640625 0.0234375 0.01328125
3 0.0140625 0.28828125 0.0140625 0.025
3 0.03359375 0.6015625 0.015625 0.009375
4 0.16640625 0.59453125 0.009375 0.01484375
4 0.0734375 0.54140625 0.009375 0.009375
4 0.03515625 0.63125 0.0109375 0.01328125
4 0.034375 0.6140625 0.0109375 0.01015625
4 0.01640625 0.58046875 0.0140625 0.015625
4 0.02890625 0.56640625 0.01015625 0.00859375
4 0.03828125 0.540625 0.009375 0.01015625
4 0.02578125 0.53359375 0.0109375 0.01328125
4 0.003125 0.28671875 0.00546875 0.0203125