2 0.2046875 0.82890625 0.03515625 0.0296875
2 0.52421875 0.84296875 0.02578125 0.0265625
2 0.64921875 0.8578125 0.03359375 0.03125
2 0.609375 0.82578125 0.03046875 0.0234375
2 0.69375 0.821875 0.028125 0.02890625
2 0.73828125 0.8609375 0.0296875 0.02890625
2 0.81171875 0.86875 0.02890625 0.03046875
2 0.809375 0.925 0.03046875 0.0265625
2 0.87421875 0.79921875 0.03203125 0.0234375
2 0.64453125 0.60390625 0.025 0.0390625
2 0.68828125 0.4921875 0.02578125 0.04296875
2 0.584375 0.4890625 0.02109375 0.05390625
2 0.784375 0.49375 0.025 0.01953125
2 0.184375 0.4875 0.034375 0.02890625
2 0.1484375 0.4859375 0.02890625 0.02421875
2 0.13828125 0.53046875 0.0265625 0.0484375
2 0.09921875 0.46796875 0.01875 0.05390625
2 0.04453125 0.2890625 0.0203125 0.0515625
2 0.4578125 0.821875 0.034375 0.03359375
2 0.57734375 0.26015625 0.01796875 0.04609375
3 0.4859375 0.40625 0.01796875 0.04140625
4 0.23828125 0.6390625 0.01640625 0.01171875
4 0.16328125 0.62578125 0.0140625 0.0140625
4 0.48046875 0.53671875 0.0109375 0.0203125
4 0.51328125 0.68125 0.0140625 0.01171875
4 0.27109375 0.4890625 0.01171875 0.00703125
3 0.32109375 0.56640625 0.0390625 0.034375
6 0.3453125 0.60546875 0.06875 0.034375
6 0.41875 0.57421875 0.05703125 0.08984375
5 0.4234375 0.4984375 0.09921875 0.09609375
0 0.5734375 0.43984375 0.0140625 0.02578125
0 0.41328125 0.40390625 0.01640625 0.028125
0 0.3984375 0.31171875 0.01875 0.01640625
0 0.41875 0.3140625 0.01875 0.0234375
0 0.41875 0.3390625 0.00859375 0.03515625
4 0.078125 0.84296875 0.01171875 0.01484375
0 0.34609375 0.85625 0.015625 0.02421875
0 0.94296875 0.89375 0.02578125 0.0203125
5 0.890625 0.84375 0.115625 0.0546875
4 0.9171875 0.88046875 0.01796875 0.0140625
4 0.9953125 0.8796875 0.009375 0.015625
1 0.9296875 0.70390625 0.08671875 0.040625
0 0.975 0.646875 0.015625 0.015625
0 0.7671875 0.59375 0.0203125 0.0203125
0 0.6109375 0.9 0.02109375 0.02421875
6 0.56875 0.79296875 0.08125 0.04296875
6 0.71875 0.6359375 0.06640625 0.04921875
6 0.70078125 0.69375 0.06640625 0.040625
3 0.96171875 0.49765625 0.03203125 0.028125
3 0.97734375 0.52421875 0.03984375 0.034375
3 0.42890625 0.10703125 0.01796875 0.06171875
2 0.46796875 0.128125 0.01640625 0.053125
2 0.421875 0.03828125 0.0140625 0.040625
2 0.515625 0.05390625 0.0140625 0.0515625
2 0.55078125 0.13125 0.0140625 0.05078125
2 0.56328125 0.09296875 0.0203125 0.04375
3 0.12578125 0.35078125 0.040625 0.03203125
4 0.325 0.63828125 0.01171875 0.01015625
5 0.46875 0.2875 0.02421875 0.18125