2 0.41796875 0.340625 0.01953125 0.028125
2 0.4015625 0.371875 0.0140625 0.0265625
2 0.32421875 0.12578125 0.0265625 0.021875
2 0.321875 0.13828125 0.03515625 0.02578125
2 0.33515625 0.15 0.01796875 0.01875
2 0.328125 0.165625 0.02109375 0.0234375
2 0.3765625 0.1609375 0.01640625 0.01953125
2 0.45546875 0.1375 0.01796875 0.0265625
2 0.26640625 0.03125 0.02109375 0.01953125
2 0.290625 0.09765625 0.01171875 0.02109375
2 0.34453125 0.1953125 0.01484375 0.02109375
2 0.35703125 0.19765625 0.01484375 0.02421875
2 0.37109375 0.20078125 0.01328125 0.0234375
2 0.37265625 0.24375 0.01875 0.03203125
2 0.3859375 0.28046875 0.01640625 0.03125
2 0.4046875 0.30078125 0.01875 0.03046875
2 0.4015625 0.23515625 0.01640625 0.02890625
2 0.4359375 0.29140625 0.01796875 0.028125
2 0.4359375 0.446875 0.0109375 0.01796875
2 0.39375 0.5203125 0.02421875 0.05078125
2 0.396875 0.52421875 0.01640625 0.0265625
2 0.3859375 0.5578125 0.0109375 0.0203125
2 0.36640625 0.5703125 0.0140625 0.01953125
2 0.35078125 0.59609375 0.015625 0.025
2 0.3390625 0.625 0.015625 0.02109375
2 0.31953125 0.665625 0.01640625 0.028125
2 0.2484375 0.5140625 0.01328125 0.0234375
2 0.36484375 0.91171875 0.0140625 0.02421875
2 0.42421875 0.7890625 0.01484375 0.02578125
2 0.38671875 0.8390625 0.01171875 0.02109375
2 0.60078125 0.7125 0.0203125 0.03203125
2 0.31953125 0.86328125 0.01640625 0.0359375
2 0.59375 0.73125 0.01484375 0.0359375
2 0.5484375 0.58671875 0.0140625 0.0265625
2 0.31328125 0.98828125 0.01015625 0.0234375
2 0.58046875 0.5109375 0.021875 0.03359375
2 0.0734375 0.80859375 0.01328125 0.0203125
2 0.215625 0.82578125 0.01640625 0.02578125
2 0.37109375 0.66328125 0.01328125 0.02109375
2 0.61484375 0.43828125 0.015625 0.01953125
2 0.7265625 0.16484375 0.01796875 0.03046875
2 0.684375 0.3234375 0.01328125 0.01796875
2 0.63359375 0.39921875 0.0109375 0.02421875
2 0.634375 0.43125 0.01484375 0.01640625
2 0.7859375 0.15234375 0.0140625 0.02421875
2 0.65703125 0.2546875 0.015625 0.02890625
4 0.753125 0.8890625 0.01015625 0.015625
4 0.43203125 0.71796875 0.009375 0.01875
4 0.57421875 0.71484375 0.01328125 0.01640625
4 0.28203125 0.97734375 0.01171875 0.02421875
4 0.6109375 0.7859375 0.00625 0.0109375
4 0.82578125 0.984375 0.00546875 0.0140625
4 0.609375 0.759375 0.01171875 0.02578125
4 0.5984375 0.7640625 0.01328125 0.01953125
4 0.35078125 0.675 0.009375 0.01640625
4 0.25546875 0.85703125 0.00703125 0.01171875
4 0.36875 0.6265625 0.01484375 0.01640625
4 0.678125 0.290625 0.00859375 0.01484375
4 0.37890625 0.53359375 0.015625 0.021875
4 0.37890625 0.534375 0.01015625 0.01484375
4 0.4078125 0.51328125 0.00703125 0.0140625
4 0.30703125 0.21171875 0.01015625 0.01875
4 0.42421875 0.265625 0.0109375 0.01796875
4 0.47109375 0.3609375 0.0109375 0.0265625
4 0.346875 0.29375 0.00703125 0.0203125
4 0.4390625 0.17734375 0.0046875 0.01796875
4 0.41015625 0.253125 0.009375 0.01171875
4 0.403125 0.2546875 0.00625 0.01796875
4 0.41328125 0.26953125 0.00703125 0.01171875
4 0.3921875 0.24296875 0.00546875 0.009375
4 0.384375 0.2578125 0.0046875 0.01015625
4 0.39140625 0.27109375 0.00625 0.01015625
4 0.39609375 0.28125 0.0046875 0.0046875
4 0.409375 0.2734375 0.00625 0.0109375
4 0.39296875 0.30390625 0.0046875 0.01171875
4 0.38515625 0.203125 0.00703125 0.01640625
4 0.390625 0.21796875 0.0046875 0.0109375
4 0.384375 0.2140625 0.0046875 0.01328125
4 0.3640625 0.18203125 0.00625 0.01484375
4 0.36171875 0.18671875 0.00546875 0.01015625
4 0.3515625 0.18359375 0.00625 0.01328125
4 0.3484375 0.1859375 0.00390625 0.0109375
4 0.36875 0.21796875 0.00625 0.01015625
4 0.3734375 0.2296875 0.00703125 0.01171875
4 0.390625 0.23203125 0.0046875 0.00859375
4 0.25546875 0.0890625 0.0046875 0.0140625
4 0.33828125 0.02421875 0.00859375 0.01171875
4 0.346875 0.03984375 0.00546875 0.0109375
4 0.359375 0.0640625 0.0109375 0.01875
4 0.33984375 0.12421875 0.00546875 0.01640625
4 0.38671875 0.10546875 0.009375 0.03046875
4 0.40625 0.175 0.01640625 0.03359375
4 0.40703125 0.1765625 0.01328125 0.0234375
4 0.40703125 0.178125 0.00859375 0.015625
4 0.40625 0.17734375 0.003125 0.00703125
4 0.3296875 0.09765625 0.009375 0.01796875
4 0.62890625 0.42578125 0.0046875 0.009375
4 0.73359375 0.18203125 0.00703125 0.0109375
4 0.5890625 0.4921875 0.00703125 0.01328125
4 0.60078125 0.61640625 0.00546875 0.01328125
4 0.8375 0.0109375 0.00703125 0.015625
4 0.73125 0.67890625 0.00859375 0.01484375
4 0.728125 0.68671875 0.00859375 0.01484375
4 0.81796875 0.85390625 0.00625 0.01171875
4 0.82578125 0.86640625 0.0046875 0.015625
0 0.2734375 0.18359375 0.0109375 0.0203125
0 0.29921875 0.24609375 0.009375 0.021875
0 0.328125 0.3015625 0.01640625 0.0296875
0 0.3546875 0.1609375 0.01484375 0.02890625
0 0.24921875 0.83984375 0.00859375 0.01796875
0 0.34375 0.16875 0.009375 0.015625
0 0.359375 0.21953125 0.00859375 0.01640625
0 0.38359375 0.22734375 0.00625 0.01484375
0 0.37734375 0.5078125 0.00859375 0.021875
0 0.36796875 0.52578125 0.00625 0.0109375
0 0.37734375 0.58203125 0.009375 0.021875
0 0.35546875 0.57109375 0.009375 0.01796875
0 0.45625 0.790625 0.00703125 0.0203125
0 0.73125 0.82890625 0.01484375 0.021875
0 0.67578125 0.70703125 0.00625 0.02890625
0 0.58359375 0.6890625 0.009375 0.028125
0 0.4140625 0.8234375 0.01171875 0.021875
0 0.465625 0.725 0.00546875 0.01328125
0 0.56484375 0.5640625 0.0109375 0.021875
0 0.64453125 0.43125 0.0140625 0.01796875
2 0.228125 0.7109375 0.015625 0.028125
0 0.58203125 0.540625 0.00703125 0.01875
6 0.35390625 0.12578125 0.02578125 0.040625
6 0.41015625 0.14921875 0.0234375 0.040625
5 0.3984375 0.2671875 0.02109375 0.040625
2 0.3078125 0.084375 0.01796875 0.028125
0 0.3359375 0.975 0.009375 0.02109375
1 0.67109375 0.39375 0.02890625 0.09140625
2 0.22578125 0.02265625 0.02421875 0.040625
2 0.034375 0.9796875 0.03125 0.028125
5 0.06328125 0.88359375 0.01484375 0.02890625