5 0.28125 0.67890625 0.059375 0.03359375
5 0.21953125 0.68828125 0.06328125 0.034375
4 0.0359375 0.81171875 0.01953125 0.025
4 0.2078125 0.73359375 0.01171875 0.0234375
4 0.190625 0.80625 0.025 0.01328125
4 0.171875 0.834375 0.01640625 0.01875
4 0.17890625 0.90390625 0.0109375 0.02421875
4 0.26328125 0.8296875 0.01796875 0.025
4 0.40625 0.7 0.025 0.01796875
4 0.503125 0.7515625 0.0140625 0.02890625
4 0.5265625 0.7640625 0.0140625 0.01953125
4 0.65390625 0.75859375 0.021875 0.01328125
4 0.515625 0.35703125 0.009375 0.03125
4 0.43125 0.79765625 0.01875 0.0234375
4 0.58125 0.85078125 0.01484375 0.0265625
4 0.703125 0.79375 0.015625 0.01875
4 0.709375 0.771875 0.01171875 0.01015625
4 0.92421875 0.81875 0.01171875 0.02109375
4 0.9796875 0.878125 0.01875 0.0296875
4 0.6765625 0.86015625 0.01953125 0.03125
4 0.628125 0.79921875 0.01875 0.0359375
2 0.51640625 0.0546875 0.015625 0.05390625
2 0.51640625 0.2734375 0.0203125 0.0609375
2 0.5109375 0.44375 0.02109375 0.06640625
2 0.51484375 0.5546875 0.025 0.06953125
2 0.52265625 0.6765625 0.021875 0.06015625
2 0.56015625 0.81796875 0.0265625 0.034375
2 0.534375 0.859375 0.0265625 0.02578125
2 0.81875 0.81875 0.03046875 0.02890625
2 0.8203125 0.85546875 0.03125 0.03125
2 0.9390625 0.8609375 0.03046875 0.040625
4 0.68984375 0.70078125 0.015625 0.03046875
0 0.0578125 0.95625 0.028125 0.01875
0 0.29375 0.78515625 0.01875 0.03359375
0 0.9765625 0.7359375 0.02109375 0.04609375
4 0.0609375 0.74453125 0.02578125 0.01640625
4 0.12734375 0.8 0.01640625 0.01953125
2 0.4625 0.8203125 0.025 0.0296875
4 0.88359375 0.78359375 0.0140625 0.025
4 0.93359375 0.78671875 0.015625 0.01796875