2 0.03046875 0.5453125 0.01171875 0.0453125
2 0.05078125 0.634375 0.021875 0.01953125
2 0.21953125 0.4828125 0.0109375 0.040625
2 0.21796875 0.51875 0.009375 0.02890625
2 0.41875 0.46953125 0.0109375 0.034375
2 0.41640625 0.51328125 0.01484375 0.03359375
2 0.43359375 0.5578125 0.01640625 0.0265625
2 0.45859375 0.63984375 0.009375 0.0296875
2 0.39375 0.77109375 0.009375 0.034375
2 0.38828125 0.8421875 0.009375 0.0265625
2 0.446875 0.89140625 0.0140625 0.03515625
2 0.38984375 0.8640625 0.01640625 0.025
2 0.390625 0.878125 0.01484375 0.02578125
2 0.3859375 0.94375 0.0140625 0.028125
2 0.19375 0.7234375 0.01875 0.01796875
2 0.428125 0.409375 0.01171875 0.03046875
2 0.53984375 0.73203125 0.015625 0.03046875
2 0.53984375 0.76484375 0.01953125 0.02578125
2 0.5265625 0.84453125 0.01015625 0.03125
2 0.51953125 0.92578125 0.01171875 0.03359375
2 0.56953125 0.91328125 0.01328125 0.034375
2 0.56328125 0.96640625 0.0140625 0.0234375
2 0.5640625 0.98203125 0.01796875 0.01484375
2 0.5640625 0.9953125 0.025 0.009375
2 0.209375 0.3890625 0.009375 0.046875
2 0.22578125 0.253125 0.0109375 0.0359375
2 0.21015625 0.29921875 0.0109375 0.028125
2 0.0859375 0.0328125 0.02421875 0.025
2 0.18828125 0.05859375 0.01640625 0.01640625
2 0.221875 0.07109375 0.01875 0.0140625
2 0.20390625 0.065625 0.015625 0.01875
2 0.18203125 0.08515625 0.01953125 0.01875
2 0.2875 0.09296875 0.01484375 0.01171875
2 0.3328125 0.10078125 0.02109375 0.0234375
2 0.4015625 0.1640625 0.01171875 0.03125
2 0.4109375 0.18125 0.01015625 0.03984375
2 0.42578125 0.17890625 0.01796875 0.0203125
2 0.4578125 0.0109375 0.009375 0.021875
2 0.3328125 0.053125 0.01171875 0.03828125
2 0.459375 0.37890625 0.0109375 0.0515625
4 0.43828125 0.8390625 0.01171875 0.02578125
4 0.44140625 0.72421875 0.01171875 0.0234375
4 0.43984375 0.66328125 0.00703125 0.02109375
4 0.43828125 0.6375 0.0109375 0.01953125
4 0.0515625 0.6921875 0.01484375 0.01875
4 0.0890625 0.684375 0.01015625 0.01484375
4 0.1390625 0.6890625 0.0140625 0.01640625
4 0.13359375 0.6546875 0.0140625 0.01796875
4 0.17890625 0.65703125 0.01328125 0.015625
4 0.22734375 0.63203125 0.0140625 0.00625
4 0.17890625 0.65390625 0.015625 0.01484375
4 0.24375 0.68828125 0.01015625 0.0203125
4 0.28671875 0.66640625 0.01015625 0.0140625
4 0.346875 0.6390625 0.015625 0.015625
4 0.39296875 0.615625 0.01015625 0.01484375
4 0.4265625 0.64375 0.0109375 0.01875
4 0.39921875 0.67890625 0.0140625 0.01484375
4 0.30546875 0.67109375 0.01484375 0.01328125
4 0.01015625 0.6546875 0.015625 0.01796875
4 0.51171875 0.84375 0.0109375 0.02578125
4 0.521875 0.8109375 0.00703125 0.0203125
4 0.53203125 0.92421875 0.00546875 0.01953125
4 0.51171875 0.953125 0.00546875 0.0296875
4 0.52734375 0.70390625 0.00859375 0.028125
4 0.53046875 0.64609375 0.00859375 0.0265625
4 0.528125 0.66953125 0.01015625 0.02421875
4 0.51171875 0.66796875 0.00859375 0.02578125
4 0.51953125 0.67578125 0.0109375 0.03671875
4 0.5140625 0.6140625 0.00859375 0.021875
4 0.528125 0.5484375 0.00703125 0.0265625
4 0.53359375 0.51796875 0.0109375 0.0265625
4 0.5546875 0.5109375 0.0140625 0.01640625
4 0.53046875 0.47421875 0.00625 0.0140625
4 0.53046875 0.4984375 0.009375 0.01171875
4 0.45546875 0.528125 0.01015625 0.0234375
4 0.45625 0.6015625 0.01328125 0.01953125
4 0.44765625 0.628125 0.01015625 0.0234375
4 0.44765625 0.646875 0.01328125 0.01171875
4 0.45625 0.5234375 0.009375 0.03046875
4 0.45859375 0.465625 0.009375 0.03515625
4 0.43046875 0.4359375 0.00625 0.0203125
4 0.44921875 0.43515625 0.01328125 0.025
4 0.4359375 0.58203125 0.01015625 0.01875
4 0.3828125 0.6015625 0.01171875 0.0109375
2 0.29921875 0.684375 0.015625 0.01796875
4 0.52890625 0.409375 0.01328125 0.021875
4 0.53203125 0.428125 0.01328125 0.015625
4 0.51796875 0.434375 0.00703125 0.0234375
4 0.52578125 0.43203125 0.00859375 0.01953125
4 0.51640625 0.40625 0.00859375 0.0265625
0 0.44375 0.4890625 0.01328125 0.034375
0 0.54140625 0.5609375 0.01328125 0.03125
0 0.2734375 0.6765625 0.01171875 0.01484375
0 0.2859375 0.7046875 0.01484375 0.01640625
0 0.38984375 0.70390625 0.01640625 0.02109375
0 0.41796875 0.66328125 0.01796875 0.0203125
0 0.5171875 0.7125 0.01171875 0.02890625
0 0.53828125 0.95703125 0.00859375 0.0265625
0 0.51796875 0.96953125 0.0109375 0.028125
0 0.5296875 0.88359375 0.009375 0.03046875
0 0.52578125 0.953125 0.01171875 0.028125
0 0.52734375 0.97578125 0.00703125 0.02578125
0 0.51953125 0.475 0.01328125 0.021875
0 0.51875 0.553125 0.01328125 0.02890625
0 0.53125 0.79140625 0.01171875 0.02421875
0 0.5375 0.81171875 0.01328125 0.025
0 0.54140625 0.834375 0.00859375 0.021875
0 0.54140625 0.8578125 0.0140625 0.02109375
0 0.54140625 0.878125 0.0109375 0.0203125
0 0.540625 0.9015625 0.01015625 0.02421875
0 0.50234375 0.990625 0.0171875 0.01875
4 0.45078125 0.303125 0.00859375 0.0296875
4 0.45 0.3515625 0.00703125 0.02421875
4 0.42890625 0.3546875 0.009375 0.0203125
4 0.43125 0.28125 0.00625 0.025
0 0.2359375 0.01484375 0.0140625 0.02890625
0 0.37265625 0.09609375 0.01328125 0.025
0 0.515625 0.12578125 0.01015625 0.03671875
0 0.5234375 0.18125 0.01015625 0.03203125
0 0.51796875 0.2328125 0.0109375 0.03671875
0 0.5484375 0.1234375 0.00859375 0.0296875
0 0.5484375 0.0390625 0.01171875 0.02890625
0 0.56796875 0.02734375 0.01171875 0.02578125
2 0.35546875 0.05703125 0.01640625 0.03203125
2 0.30703125 0.09453125 0.01953125 0.015625
4 0.4546875 0.153125 0.01328125 0.02578125
4 0.4515625 0.08046875 0.01328125 0.02109375
2 0.61015625 0.00703125 0.0171875 0.0140625
2 0.6125 0.02421875 0.02109375 0.01484375
2 0.60703125 0.0515625 0.0203125 0.021875
2 0.58125 0.05 0.0203125 0.01875
2 0.57578125 0.0984375 0.015625 0.015625
2 0.56328125 0.11171875 0.02109375 0.0203125
2 0.56015625 0.12734375 0.0203125 0.01328125
2 0.56171875 0.14140625 0.025 0.01796875
2 0.56328125 0.159375 0.02421875 0.01875
2 0.56328125 0.18203125 0.0140625 0.025
2 0.5609375 0.19921875 0.01796875 0.025
3 0.57578125 0.26015625 0.015625 0.05078125
1 0.6015625 0.33359375 0.046875 0.04375
0 0.64375 0.30703125 0.015625 0.01640625
0 0.684375 0.31171875 0.01875 0.015625
0 0.8015625 0.12578125 0.0109375 0.03203125
0 0.803125 0.17578125 0.0140625 0.03359375
0 0.8546875 0.2859375 0.0140625 0.0265625
0 0.9078125 0.4796875 0.021875 0.01953125
0 0.95546875 0.34453125 0.01796875 0.01953125
2 0.70625 0.27734375 0.0140625 0.034375
2 0.76484375 0.25390625 0.01015625 0.0390625
2 0.7859375 0.1828125 0.01328125 0.03984375
2 0.80234375 0.21328125 0.01015625 0.03046875
2 0.86328125 0.13203125 0.01171875 0.0296875
2 0.8625 0.17578125 0.0140625 0.03515625
2 0.8609375 0.21015625 0.01484375 0.03671875
2 0.91171875 0.3234375 0.01796875 0.01953125
2 0.98984375 0.3515625 0.01875 0.0234375
2 0.97578125 0.2921875 0.0265625 0.025
2 0.99453125 0.30859375 0.0109375 0.02109375
2 0.890625 0.521875 0.0234375 0.0140625
2 0.82421875 0.515625 0.0203125 0.021875
2 0.684375 0.51171875 0.0203125 0.02109375
2 0.684375 0.54140625 0.0140625 0.03671875
2 0.6421875 0.50625 0.02421875 0.01875
2 0.6015625 0.484375 0.02109375 0.021875
2 0.61171875 0.51328125 0.025 0.01953125
4 0.60078125 0.36484375 0.0140625 0.01953125
4 0.57421875 0.459375 0.01796875 0.015625
4 0.634375 0.48125 0.01484375 0.01328125
4 0.665625 0.53046875 0.00546875 0.021875
4 0.70859375 0.47421875 0.009375 0.01875
4 0.72265625 0.4609375 0.01484375 0.015625
4 0.734375 0.46796875 0.0109375 0.015625
4 0.7890625 0.49296875 0.01640625 0.02578125
4 0.815625 0.478125 0.01484375 0.0140625
4 0.890625 0.49375 0.015625 0.01640625
4 0.7765625 0.33203125 0.01796875 0.0265625
4 0.92421875 0.365625 0.01171875 0.01953125
4 0.73125 0.3015625 0.01484375 0.01953125
4 0.72421875 0.3375 0.01328125 0.01640625
4 0.7046875 0.31953125 0.0140625 0.01796875
0 0.56796875 0.3109375 0.01171875 0.03125
4 0.83828125 0.50859375 0.01328125 0.01796875
4 0.53203125 0.12109375 0.00703125 0.025
4 0.52265625 0.11328125 0.01015625 0.02578125
2 0.81015625 0.88203125 0.01484375 0.04296875
2 0.83515625 0.89453125 0.009375 0.034375
2 0.8015625 0.94375 0.0203125 0.01875
2 0.79921875 0.9609375 0.02109375 0.021875
2 0.7984375 0.98203125 0.01796875 0.02109375
4 0.740625 0.496875 0.01640625 0.01875