2 0.4015625 0.43203125 0.0140625 0.0515625
2 0.55 0.403125 0.028125 0.02890625
2 0.5515625 0.246875 0.03125 0.03359375
2 0.32578125 0.69453125 0.01796875 0.04375
0 0.2890625 0.746875 0.0140625 0.0296875
0 0.3296875 0.54140625 0.01171875 0.03046875
0 0.43203125 0.6453125 0.0140625 0.01953125
0 0.4046875 0.71171875 0.0140625 0.0234375
0 0.38203125 0.715625 0.01328125 0.03203125
0 0.31875 0.8640625 0.01484375 0.0265625
0 0.246875 0.903125 0.0140625 0.028125
0 0.67421875 0.70078125 0.01640625 0.0265625
2 0.74453125 0.903125 0.021875 0.03671875
2 0.721875 0.9625 0.0296875 0.025
2 0.659375 0.15078125 0.02421875 0.0296875
0 0.38046875 0.2734375 0.01640625 0.025
4 0.38828125 0.48671875 0.01484375 0.02109375
4 0.415625 0.4578125 0.01015625 0.015625
4 0.4375 0.415625 0.015625 0.02109375
4 0.49375 0.378125 0.01640625 0.01328125
4 0.51796875 0.3359375 0.01484375 0.021875
4 0.53828125 0.35703125 0.01015625 0.021875
4 0.55703125 0.3453125 0.01171875 0.0203125
4 0.578125 0.4328125 0.0109375 0.01640625
4 0.58828125 0.4484375 0.0140625 0.02109375
4 0.53203125 0.46640625 0.01171875 0.01953125
4 0.5265625 0.5109375 0.0140625 0.01484375
4 0.51328125 0.49921875 0.01015625 0.02421875
4 0.4515625 0.5015625 0.009375 0.015625
4 0.46328125 0.53046875 0.009375 0.028125
4 0.45390625 0.55390625 0.01640625 0.02578125
4 0.471875 0.57421875 0.0140625 0.021875
4 0.4796875 0.62890625 0.01640625 0.02109375
4 0.50625 0.64140625 0.01328125 0.015625
4 0.571875 0.56640625 0.01171875 0.02578125
4 0.56953125 0.51953125 0.00859375 0.03359375
4 0.578125 0.609375 0.015625 0.01953125
4 0.6 0.56875 0.0140625 0.02578125
4 0.33046875 0.30390625 0.00859375 0.021875
4 0.33984375 0.21875 0.0140625 0.01875
4 0.265625 0.0625 0.01171875 0.021875
4 0.2671875 0.1015625 0.0109375 0.0265625
4 0.32109375 0.81953125 0.01015625 0.0234375
4 0.284375 0.80703125 0.01328125 0.02578125
4 0.2703125 0.78203125 0.01328125 0.02578125
4 0.3046875 0.75 0.01171875 0.02421875
4 0.34453125 0.75078125 0.01171875 0.025
4 0.365625 0.7203125 0.01015625 0.02421875
4 0.78359375 0.97265625 0.01640625 0.02109375
4 0.7515625 0.934375 0.015625 0.02421875
4 0.8015625 0.884375 0.01328125 0.02578125
4 0.828125 0.93125 0.0140625 0.0234375
4 0.83671875 0.96171875 0.01015625 0.01796875
4 0.85078125 0.96171875 0.01171875 0.01953125
4 0.8265625 0.9625 0.01171875 0.01953125
4 0.75703125 0.84609375 0.01171875 0.0203125
4 0.76640625 0.8328125 0.01328125 0.01484375
4 0.7546875 0.79140625 0.00859375 0.025
4 0.70625 0.74609375 0.0140625 0.01796875
4 0.72421875 0.78984375 0.01015625 0.021875
4 0.67421875 0.71953125 0.01015625 0.015625
4 0.61171875 0.58203125 0.01015625 0.02109375
4 0.55859375 0.546875 0.01015625 0.0140625
4 0.646875 0.46015625 0.01171875 0.01015625
4 0.71015625 0.39140625 0.0140625 0.01171875
4 0.578125 0.26640625 0.0109375 0.01875
4 0.61796875 0.23203125 0.01640625 0.01640625
4 0.62578125 0.2515625 0.01328125 0.015625
4 0.67734375 0.175 0.01328125 0.01640625
4 0.6984375 0.19296875 0.01484375 0.01640625
4 0.71015625 0.17421875 0.0140625 0.015625
4 0.73046875 0.17109375 0.01484375 0.01640625
4 0.721875 0.153125 0.01484375 0.015625
4 0.83125 0.09375 0.015625 0.01875
4 0.8453125 0.07734375 0.01171875 0.01640625
4 0.8703125 0.04609375 0.0140625 0.0140625
4 0.9390625 0.03203125 0.01484375 0.015625
4 0.95859375 0.00859375 0.01640625 0.01484375
4 0.84609375 0.1078125 0.01796875 0.0203125
4 0.90546875 0.32421875 0.01171875 0.01875
4 0.8203125 0.5171875 0.01171875 0.02421875
4 0.821875 0.565625 0.01171875 0.01875
4 0.8265625 0.603125 0.01328125 0.01328125
4 0.7671875 0.63828125 0.00859375 0.01953125
4 0.603125 0.840625 0.00546875 0.01953125
4 0.596875 0.83671875 0.00546875 0.01796875
0 0.62578125 0.45703125 0.01796875 0.025
3 0.61875 0.4890625 0.01875 0.025
2 0.9765625 0.2390625 0.0265625 0.02578125
2 0.86640625 0.290625 0.02578125 0.03515625
2 0.87109375 0.3953125 0.02109375 0.0453125
2 0.84453125 0.39140625 0.02578125 0.0453125
2 0.75625 0.63203125 0.02109375 0.04140625
3 0.7265625 0.6765625 0.02109375 0.03671875
3 0.71640625 0.65 0.02578125 0.04375
3 0.69140625 0.61171875 0.021875 0.0359375
3 0.6703125 0.43671875 0.02890625 0.03359375
3 0.73515625 0.3890625 0.02890625 0.0390625
3 0.83671875 0.309375 0.03203125 0.04140625
3 0.86875 0.33671875 0.03671875 0.059375
3 0.8234375 0.453125 0.03046875 0.06640625
3 0.809375 0.33203125 0.02578125 0.02578125
3 0.51796875 0.7046875 0.02421875 0.03359375
4 0.41953125 0.53203125 0.01015625 0.0234375
4 0.32421875 0.5734375 0.01015625 0.01875
4 0.32734375 0.6109375 0.01171875 0.0234375
4 0.3234375 0.65078125 0.01015625 0.0296875
4 0.375 0.5890625 0.01171875 0.02578125
4 0.40078125 0.65390625 0.0140625 0.02421875
4 0.41875 0.63359375 0.0140625 0.01953125
4 0.41796875 0.61328125 0.01171875 0.01796875
4 0.4203125 0.596875 0.01328125 0.01484375
4 0.415625 0.5734375 0.009375 0.015625
4 0.4140625 0.5546875 0.0109375 0.01875
4 0.42890625 0.5328125 0.0109375 0.01484375
4 0.42421875 0.47578125 0.01015625 0.01875
4 0.42734375 0.34296875 0.01015625 0.01953125
4 0.471875 0.30546875 0.0140625 0.01640625
4 0.43359375 0.30625 0.0109375 0.01796875
4 0.365625 0.2390625 0.01171875 0.01640625
4 0.35078125 0.22265625 0.0109375 0.01953125
4 0.36015625 0.26328125 0.009375 0.0203125
4 0.3765625 0.29375 0.01015625 0.01875
4 0.45390625 0.325 0.0109375 0.0109375
4 0.50703125 0.29453125 0.01171875 0.01796875
4 0.3734375 0.74375 0.009375 0.01953125
4 0.35703125 0.70390625 0.009375 0.02109375
4 0.2734375 0.86171875 0.01015625 0.02109375
4 0.26328125 0.90625 0.0109375 0.02109375
4 0.2984375 0.96328125 0.0109375 0.0203125
4 0.26796875 0.9890625 0.01015625 0.02109375
4 0.328125 0.778125 0.009375 0.0203125
4 0.30703125 0.7734375 0.009375 0.01796875
4 0.22578125 0.228125 0.01015625 0.0109375
4 0.2359375 0.2390625 0.01015625 0.0140625
2 0.23203125 0.18359375 0.02421875 0.03046875
4 0.18359375 0.06171875 0.0140625 0.0203125
4 0.23828125 0.0265625 0.0140625 0.021875
4 0.23984375 0.05546875 0.01328125 0.01953125
3 0.18984375 0.203125 0.02421875 0.03671875
3 0.2140625 0.24921875 0.02421875 0.03828125
6 0.1921875 0.2484375 0.0265625 0.05390625
3 0.253125 0.23203125 0.01953125 0.03359375
2 0.32578125 0.91484375 0.015625 0.03515625
4 0.64609375 0.1734375 0.0140625 0.01484375
6 0.5609375 0.95078125 0.0453125 0.06015625
2 0.6234375 0.15859375 0.0140625 0.04375
3 0.52265625 0.21640625 0.021875 0.03046875
2 0.40390625 0.14140625 0.01875 0.03828125
6 0.07578125 0.0296875 0.03515625 0.059375
4 0.11640625 0.1140625 0.009375 0.025
4 0.1484375 0.1828125 0.00625 0.01796875
4 0.14453125 0.17578125 0.00703125 0.01953125
3 0.21796875 0.2703125 0.0203125 0.034375
3 0.23203125 0.28046875 0.02421875 0.04296875
4 0.3171875 0.5546875 0.00625 0.021875
4 0.30703125 0.5859375 0.00859375 0.021875
4 0.296875 0.67109375 0.009375 0.01875
4 0.22421875 0.8359375 0.01015625 0.01171875
4 0.22734375 0.82109375 0.01171875 0.015625
4 0.23515625 0.79296875 0.009375 0.009375
4 0.23671875 0.784375 0.01015625 0.009375
4 0.24921875 0.784375 0.009375 0.0203125
4 0.24296875 0.7703125 0.00859375 0.01015625
3 0.27890625 0.67265625 0.01640625 0.03828125
4 0.390625 0.1890625 0.00859375 0.01796875
4 0.40859375 0.26171875 0.00859375 0.0203125
4 0.4140625 0.2734375 0.00859375 0.01796875
4 0.43125 0.28671875 0.00703125 0.01796875
4 0.43671875 0.28828125 0.00625 0.01953125
4 0.4484375 0.29609375 0.00859375 0.021875
4 0.4640625 0.278125 0.00859375 0.021875
4 0.471875 0.2765625 0.009375 0.015625
4 0.48046875 0.2765625 0.00546875 0.01640625
4 0.484375 0.26171875 0.00625 0.01953125
4 0.5171875 0.2609375 0.01171875 0.01328125
4 0.54921875 0.18671875 0.00703125 0.01796875
4 0.5546875 0.1828125 0.00703125 0.0234375
4 0.5640625 0.2 0.00625 0.01796875
4 0.5515625 0.209375 0.00703125 0.01875
4 0.59140625 0.19609375 0.00546875 0.01640625
4 0.60390625 0.17109375 0.00546875 0.01875
4 0.6109375 0.13125 0.00546875 0.01796875
4 0.6109375 0.159375 0.00546875 0.01796875
4 0.596875 0.1765625 0.00703125 0.01953125
4 0.5828125 0.18359375 0.00546875 0.01796875
4 0.590625 0.1734375 0.00546875 0.02109375
4 0.63203125 0.14296875 0.00859375 0.02109375
4 0.64921875 0.13046875 0.00625 0.0203125
4 0.65546875 0.12734375 0.00546875 0.01953125
4 0.66171875 0.12578125 0.00546875 0.01640625
4 0.6671875 0.125 0.00546875 0.01796875
4 0.68046875 0.13125 0.01015625 0.01640625
4 0.6828125 0.109375 0.00625 0.01640625
4 0.69296875 0.10546875 0.0046875 0.01875
4 0.68828125 0.10546875 0.0046875 0.01953125
4 0.7265625 0.09140625 0.0046875 0.0203125
4 0.778125 0.03046875 0.00703125 0.0203125
4 0.784375 0.0234375 0.00546875 0.02109375
4 0.7515625 0.3734375 0.00625 0.01875
4 0.7953125 0.521875 0.00859375 0.00859375
4 0.7921875 0.5296875 0.01015625 0.00859375
4 0.790625 0.53671875 0.01015625 0.00859375
4 0.7890625 0.54375 0.0109375 0.0140625
4 0.784375 0.553125 0.00859375 0.01328125
4 0.815625 0.63515625 0.01015625 0.009375
4 0.81328125 0.640625 0.01015625 0.00859375
4 0.80703125 0.64921875 0.00703125 0.01484375
4 0.80390625 0.65703125 0.01015625 0.01015625
4 0.80078125 0.67265625 0.01171875 0.01328125
4 0.7984375 0.684375 0.00859375 0.01796875
4 0.77265625 0.7453125 0.0109375 0.0109375
4 0.77734375 0.734375 0.01015625 0.01328125
4 0.78203125 0.7265625 0.01015625 0.01171875
4 0.7890625 0.70859375 0.01015625 0.009375
4 0.7828125 0.71875 0.009375 0.009375
4 0.778125 0.56484375 0.01171875 0.00859375
4 0.77421875 0.57265625 0.01015625 0.0109375
4 0.771875 0.57890625 0.01015625 0.0109375
4 0.81015625 0.48359375 0.00859375 0.015625
3 0.80390625 0.50546875 0.01640625 0.03203125
3 0.66640625 0.56171875 0.01875 0.03125
3 0.684375 0.58671875 0.0203125 0.03984375
3 0.67109375 0.58046875 0.01328125 0.0265625
3 0.628125 0.54296875 0.01875 0.03046875
3 0.69921875 0.41875 0.0296875 0.0390625
3 0.62890625 0.50625 0.0203125 0.03515625
4 0.8828125 0.44296875 0.00703125 0.02109375
4 0.8890625 0.4375 0.0109375 0.01640625
4 0.89453125 0.4265625 0.01328125 0.01328125
4 0.9046875 0.396875 0.00859375 0.0203125
4 0.90703125 0.38515625 0.00859375 0.01796875
4 0.86640625 0.490625 0.0140625 0.01171875
4 0.9328125 0.33515625 0.00703125 0.01875
4 0.9265625 0.34375 0.00703125 0.02109375
4 0.9203125 0.35234375 0.00859375 0.01640625
4 0.35546875 0.0484375 0.009375 0.0203125
4 0.3625 0.05703125 0.009375 0.01640625
4 0.34375 0.0375 0.009375 0.01796875
4 0.3765625 0.078125 0.00859375 0.01796875
4 0.39453125 0.1109375 0.00546875 0.01953125
4 0.38984375 0.10078125 0.00546875 0.021875
4 0.3796875 0.09921875 0.00859375 0.01875
4 0.359375 0.0859375 0.00625 0.01796875
4 0.34453125 0.06796875 0.009375 0.01640625
4 0.33125 0.05859375 0.00859375 0.01953125
4 0.25546875 0.72890625 0.009375 0.01328125
4 0.25 0.74609375 0.009375 0.00703125
4 0.2421875 0.2359375 0.00703125 0.02109375
4 0.38359375 0.11484375 0.00546875 0.015625
4 0.378125 0.115625 0.00546875 0.01640625
4 0.371875 0.12578125 0.00703125 0.01484375
4 0.36796875 0.11484375 0.00625 0.01484375
4 0.3640625 0.09375 0.00625 0.01640625
4 0.3609375 0.115625 0.00703125 0.01796875
4 0.3796875 0.13828125 0.00625 0.01875
4 0.34921875 0.1359375 0.00703125 0.01484375
4 0.34375 0.13515625 0.00625 0.01640625
4 0.33984375 0.12421875 0.00625 0.0140625
4 0.35078125 0.0921875 0.00703125 0.0140625
4 0.35390625 0.103125 0.00625 0.01640625
4 0.31796875 0.0953125 0.009375 0.01484375
4 0.31171875 0.084375 0.009375 0.01796875
4 0.32421875 0.06640625 0.01015625 0.0109375
4 0.33125 0.078125 0.00703125 0.015625
4 0.31953125 0.071875 0.009375 0.01171875
4 0.340625 0.1015625 0.00703125 0.01796875
4 0.34453125 0.10859375 0.00859375 0.015625
4 0.40390625 0.73515625 0.01015625 0.01328125