2 0.73125 0.45703125 0.02578125 0.0265625
2 0.70703125 0.5515625 0.0234375 0.02578125
2 0.621875 0.5265625 0.02421875 0.02109375
2 0.6234375 0.55234375 0.01953125 0.015625
2 0.67578125 0.5609375 0.02421875 0.01953125
2 0.6453125 0.54921875 0.02109375 0.01796875
2 0.6265625 0.58046875 0.01796875 0.015625
2 0.72578125 0.69375 0.02109375 0.0390625
2 0.70546875 0.80390625 0.021875 0.03046875
0 0.7015625 0.58359375 0.0203125 0.01875
0 0.7703125 0.64140625 0.00703125 0.03046875
0 0.78828125 0.6375 0.01328125 0.02890625
0 0.63671875 0.51328125 0.01796875 0.01640625
4 0.846875 0.56796875 0.01171875 0.015625
4 0.734375 0.51171875 0.01640625 0.01328125
4 0.7203125 0.4859375 0.01171875 0.01171875
4 0.80859375 0.5828125 0.01171875 0.01484375
4 0.88046875 0.590625 0.01015625 0.0140625
4 0.89140625 0.565625 0.01171875 0.01171875
4 0.89296875 0.58046875 0.0140625 0.01015625
4 0.88046875 0.3765625 0.009375 0.02421875
4 0.746875 0.42421875 0.00546875 0.01796875
4 0.753125 0.36796875 0.00625 0.02578125
4 0.77109375 0.37578125 0.00546875 0.01484375
4 0.79375 0.42109375 0.00703125 0.021875
4 0.81328125 0.42109375 0.0046875 0.01875
4 0.80859375 0.37109375 0.00859375 0.01796875
4 0.79453125 0.37734375 0.00859375 0.015625
4 0.84296875 0.371875 0.00546875 0.01640625
4 0.846875 0.41875 0.00625 0.0203125
4 0.82265625 0.4203125 0.00703125 0.01953125
4 0.86953125 0.41640625 0.003125 0.02109375
4 0.87421875 0.4140625 0.00546875 0.0203125
4 0.7046875 0.6296875 0.01328125 0.00703125
4 0.703125 0.63828125 0.01015625 0.00703125
4 0.70546875 0.65078125 0.0109375 0.00625
4 0.73359375 0.65 0.0109375 0.0109375
4 0.78046875 0.65390625 0.00546875 0.01875
4 0.73203125 0.6671875 0.01015625 0.01015625
4 0.77734375 0.38828125 0.00625 0.01875
4 0.621875 0.50625 0.01015625 0.01171875
4 0.6140625 0.5125 0.00859375 0.01015625
4 0.6078125 0.5859375 0.01015625 0.01328125
4 0.58671875 0.590625 0.01015625 0.015625
4 0.61328125 0.565625 0.01171875 0.01328125
4 0.6265625 0.56484375 0.00859375 0.01015625
0 0.65546875 0.53359375 0.01796875 0.015625
4 0.64921875 0.465625 0.0109375 0.01484375
4 0.396875 0.88125 0.00625 0.01796875
4 0.41796875 0.83515625 0.00859375 0.015625
4 0.43671875 0.78359375 0.00546875 0.01875
4 0.44140625 0.7671875 0.0046875 0.015625
4 0.46328125 0.696875 0.00546875 0.0203125
0 0.45625 0.725 0.01171875 0.0265625
0 0.4984375 0.76484375 0.01875 0.028125
0 0.44921875 0.87890625 0.0140625 0.03828125
0 0.43046875 0.81484375 0.01015625 0.028125
0 0.3421875 0.79609375 0.01640625 0.02421875
0 0.44296875 0.80546875 0.01015625 0.02421875
0 0.428125 0.75546875 0.00859375 0.02421875
0 0.44765625 0.7765625 0.00859375 0.02578125
0 0.43671875 0.75859375 0.00625 0.028125
0 0.453125 0.8109375 0.00859375 0.0265625
0 0.46171875 0.821875 0.009375 0.02578125
0 0.46953125 0.69921875 0.00859375 0.0296875
4 0.3515625 0.728125 0.01328125 0.02109375
1 0.3984375 0.84140625 0.02421875 0.06328125
2 0.03984375 0.4984375 0.02578125 0.02578125
2 0.1421875 0.5484375 0.0203125 0.01953125
2 0.071875 0.55859375 0.02109375 0.021875
2 0.0921875 0.5859375 0.02109375 0.01875
2 0.18046875 0.61875 0.0234375 0.025
2 0.096875 0.65859375 0.021875 0.025
2 0.0921875 0.690625 0.021875 0.03046875
2 0.084375 0.728125 0.01796875 0.0359375
2 0.02578125 0.54140625 0.021875 0.02890625
2 0.05078125 0.55625 0.0203125 0.02578125
2 0.03984375 0.58515625 0.0109375 0.03046875
2 0.05078125 0.5890625 0.0109375 0.03359375
4 0.078125 0.5234375 0.015625 0.02109375
4 0.01875 0.50546875 0.0109375 0.01640625
4 0.22578125 0.609375 0.01171875 0.01484375
4 0.1359375 0.565625 0.01328125 0.0109375
4 0.015625 0.3609375 0.01796875 0.01328125
4 0.0828125 0.38125 0.01640625 0.01484375
4 0.14765625 0.415625 0.01171875 0.01484375
4 0.17734375 0.42421875 0.01171875 0.01328125
4 0.2109375 0.409375 0.01328125 0.01328125
4 0.19921875 0.43984375 0.0140625 0.009375
2 0.1921875 0.4578125 0.028125 0.02421875
0 0.20078125 0.5859375 0.01640625 0.0203125
0 0.225 0.44375 0.01328125 0.02109375
0 0.24453125 0.44609375 0.01484375 0.015625
0 0.2734375 0.4484375 0.0140625 0.01484375
0 0.36953125 0.45546875 0.01171875 0.01484375
0 0.390625 0.471875 0.01015625 0.01484375
0 0.37421875 0.47109375 0.015625 0.01328125
0 0.3734375 0.50546875 0.01171875 0.01640625
0 0.38828125 0.509375 0.0140625 0.01640625
2 0.3078125 0.4921875 0.021875 0.01953125
2 0.265625 0.484375 0.021875 0.02421875
2 0.28203125 0.46640625 0.01796875 0.0203125
2 0.30859375 0.46875 0.021875 0.02109375
2 0.33828125 0.4515625 0.02421875 0.01875
2 0.334375 0.490625 0.01953125 0.021875
2 0.359375 0.4921875 0.01875 0.015625
4 0.26484375 0.4578125 0.009375 0.0140625
4 0.2921875 0.45703125 0.009375 0.0109375
4 0.390625 0.4390625 0.009375 0.009375
4 0.37890625 0.43984375 0.009375 0.009375
4 0.34609375 0.47421875 0.00625 0.01015625
4 0.3578125 0.4484375 0.01015625 0.009375
4 0.35390625 0.465625 0.00859375 0.00859375
4 0.38984375 0.45390625 0.00859375 0.009375
4 0.36328125 0.47109375 0.00859375 0.01015625
4 0.37734375 0.48359375 0.00703125 0.01015625
4 0.36171875 0.509375 0.009375 0.01328125
4 0.484375 0.47734375 0.01015625 0.0234375
4 0.5015625 0.4484375 0.01171875 0.01953125
4 0.3890625 0.38515625 0.00703125 0.02578125
4 0.39765625 0.384375 0.00625 0.02421875
4 0.4125 0.38046875 0.00546875 0.02109375
4 0.42265625 0.378125 0.00625 0.02109375
4 0.415625 0.34609375 0.0109375 0.0140625
4 0.4265625 0.33828125 0.00859375 0.0109375
4 0.434375 0.365625 0.009375 0.01484375
4 0.44375 0.3421875 0.009375 0.015625
4 0.44296875 0.3109375 0.00859375 0.01796875
4 0.45859375 0.2671875 0.01171875 0.01171875
4 0.45546875 0.28671875 0.01171875 0.009375
4 0.4578125 0.3125 0.00703125 0.01328125
4 0.48046875 0.2140625 0.01015625 0.0109375
4 0.478125 0.22578125 0.009375 0.009375
4 0.5015625 0.20078125 0.00703125 0.01796875
2 0.4890625 0.190625 0.01328125 0.03515625
2 0.51328125 0.10625 0.02890625 0.0359375
0 0.47109375 0.3125 0.0140625 0.028125
0 0.56328125 0.3140625 0.01015625 0.021875
0 0.56953125 0.278125 0.00859375 0.02578125
0 0.596875 0.1859375 0.01171875 0.028125
6 0.5890625 0.134375 0.05 0.0796875
6 0.565625 0.21796875 0.053125 0.0703125
6 0.55 0.3015625 0.0484375 0.09140625
4 0.596875 0.3484375 0.009375 0.01640625
4 0.5984375 0.365625 0.00859375 0.01171875
4 0.6078125 0.37734375 0.00859375 0.00859375
4 0.61328125 0.39921875 0.00859375 0.0109375
4 0.60625 0.34921875 0.00546875 0.00625