2 0.10078125 0.57421875 0.02578125 0.0234375
6 0.4671875 0.59296875 0.04140625 0.034375
3 0.06953125 0.32890625 0.0265625 0.06953125
4 0.49765625 0.52109375 0.01484375 0.01484375
4 0.54921875 0.5515625 0.0140625 0.01640625
2 0.4984375 0.3671875 0.02578125 0.02421875
2 0.553125 0.44140625 0.028125 0.025
4 0.6984375 0.38515625 0.01484375 0.01015625
2 0.8109375 0.52421875 0.0140625 0.01484375
2 0.77578125 0.2515625 0.028125 0.0265625
2 0.76640625 0.17109375 0.02578125 0.0265625
4 0.01796875 0.446875 0.01484375 0.01171875
4 0.25703125 0.36640625 0.015625 0.0109375
0 0.19296875 0.37421875 0.0234375 0.02109375
2 0.14921875 0.26171875 0.02421875 0.04375
4 0.00703125 0.278125 0.01015625 0.02421875
0 0.028125 0.28359375 0.01796875 0.0296875
2 0.02109375 0.23984375 0.01875 0.05546875
2 0.03671875 0.24375 0.01875 0.05078125
2 0.03203125 0.190625 0.015625 0.05078125
2 0.0453125 0.20078125 0.01796875 0.05
2 0.046875 0.13671875 0.01953125 0.05078125
2 0.05859375 0.15390625 0.015625 0.04375
2 0.0234375 0.13125 0.021875 0.05
2 0.0140625 0.04609375 0.01875 0.04609375
4 0.01953125 0.0109375 0.01171875 0.021875
2 0.08515625 0.01640625 0.0203125 0.0328125