2 0.4265625 0.51640625 0.01640625 0.034375
2 0.43125 0.48203125 0.02109375 0.034375
0 0.58671875 0.45546875 0.01796875 0.02109375
0 0.33984375 0.51796875 0.015625 0.02578125
0 0.365625 0.54921875 0.01640625 0.02421875
0 0.40625 0.71171875 0.01484375 0.0234375
0 0.3140625 0.6984375 0.0140625 0.0296875
0 0.38671875 0.48359375 0.01484375 0.02890625
0 0.628125 0.45703125 0.015625 0.0234375
0 0.77109375 0.9640625 0.01953125 0.0234375
2 0.76640625 0.67734375 0.0203125 0.04609375
0 0.734375 0.17421875 0.01640625 0.025
2 0.23203125 0.1859375 0.02578125 0.03046875
4 0.22421875 0.12890625 0.02421875 0.0390625
2 0.31953125 0.128125 0.0203125 0.0359375
2 0.3265625 0.3875 0.01171875 0.04140625
2 0.25859375 0.915625 0.01875 0.0484375
2 0.83046875 0.95390625 0.0234375 0.03359375
3 0.81015625 0.33203125 0.028125 0.04296875
3 0.734375 0.38984375 0.03203125 0.0390625
3 0.66953125 0.43671875 0.03515625 0.04296875
3 0.728125 0.6765625 0.02890625 0.04453125
3 0.70546875 0.63125 0.0234375 0.04140625
4 0.81328125 0.14140625 0.01171875 0.021875
4 0.6640625 0.371875 0.01171875 0.01796875
4 0.62890625 0.25546875 0.02109375 0.0234375
4 0.64296875 0.36875 0.0140625 0.025
4 0.76875 0.07578125 0.01796875 0.01796875
4 0.72578125 0.80234375 0.01171875 0.01953125
4 0.71796875 0.771875 0.01328125 0.02109375
4 0.7515625 0.8140625 0.01171875 0.025
4 0.778125 0.8640625 0.01484375 0.0265625
4 0.6953125 0.86640625 0.015625 0.01875
4 0.66171875 0.82421875 0.01640625 0.021875
2 0.5171875 0.271875 0.025 0.03671875
2 0.55078125 0.246875 0.025 0.03125
2 0.65859375 0.14765625 0.02421875 0.02421875
3 0.25390625 0.234375 0.021875 0.03125
3 0.190625 0.203125 0.02421875 0.03984375
6 0.19140625 0.2515625 0.0265625 0.05703125
3 0.21171875 0.2484375 0.0203125 0.04140625
2 0.865625 0.2859375 0.0296875 0.0359375
4 0.2265625 0.95546875 0.01171875 0.0203125
4 0.24296875 0.9234375 0.01171875 0.02890625
4 0.2234375 0.98984375 0.0125 0.0203125
4 0.27109375 0.98125 0.01015625 0.0203125
4 0.33125 0.86640625 0.01171875 0.021875
2 0.32578125 0.91640625 0.015625 0.03671875
4 0.31640625 0.65859375 0.009375 0.01953125
4 0.34921875 0.56328125 0.01015625 0.0234375
4 0.3375 0.59765625 0.009375 0.01953125
4 0.32421875 0.57421875 0.009375 0.02109375
4 0.30703125 0.58515625 0.00703125 0.0234375
4 0.309375 0.64921875 0.00859375 0.02109375
4 0.37890625 0.6765625 0.01171875 0.01796875
4 0.36953125 0.70078125 0.009375 0.01796875
4 0.371875 0.73046875 0.00859375 0.01796875
4 0.4046875 0.7359375 0.0109375 0.0109375
4 0.3640625 0.59453125 0.01015625 0.015625
4 0.4015625 0.56953125 0.01171875 0.015625
4 0.384375 0.5125 0.009375 0.021875
4 0.41796875 0.53828125 0.01015625 0.021875
4 0.353125 0.446875 0.009375 0.02578125
4 0.3140625 0.45 0.01171875 0.0140625
4 0.37109375 0.4234375 0.009375 0.01875
4 0.396875 0.459375 0.00859375 0.02109375
4 0.484375 0.64453125 0.0140625 0.01171875
4 0.528125 0.646875 0.01015625 0.0140625
4 0.55 0.65859375 0.01171875 0.01640625
4 0.52109375 0.5546875 0.00859375 0.0140625
4 0.50859375 0.52109375 0.009375 0.01484375
4 0.484375 0.52890625 0.01171875 0.01796875
4 0.459375 0.54921875 0.01171875 0.015625
4 0.47421875 0.58046875 0.0140625 0.009375
4 0.4765625 0.4890625 0.01171875 0.01640625
4 0.48359375 0.50390625 0.01015625 0.0203125
4 0.50078125 0.46875 0.009375 0.0203125
4 0.5234375 0.46796875 0.01171875 0.01875
4 0.54609375 0.43359375 0.00859375 0.0203125
4 0.578125 0.4390625 0.01171875 0.01875
4 0.58671875 0.47421875 0.009375 0.01484375
4 0.50546875 0.4515625 0.01328125 0.01328125
4 0.4484375 0.52265625 0.01015625 0.01796875
4 0.44453125 0.425 0.01015625 0.01796875
4 0.46015625 0.425 0.01171875 0.01484375
4 0.440625 0.40859375 0.009375 0.0140625
4 0.43203125 0.3671875 0.009375 0.01796875
4 0.45546875 0.36875 0.015625 0.01484375
4 0.48359375 0.3 0.009375 0.015625
4 0.41015625 0.33671875 0.009375 0.0203125
4 0.39765625 0.33125 0.009375 0.0203125
4 0.3734375 0.33203125 0.00859375 0.02421875
4 0.3796875 0.2953125 0.0109375 0.02109375
4 0.33203125 0.2046875 0.009375 0.01796875
4 0.36640625 0.22578125 0.009375 0.015625
4 0.38515625 0.2515625 0.00703125 0.02109375
4 0.4078125 0.26328125 0.009375 0.0203125
4 0.41328125 0.275 0.01171875 0.021875
4 0.36796875 0.24375 0.01171875 0.01640625
4 0.35859375 0.25078125 0.01484375 0.01875
2 0.403125 0.14375 0.021875 0.040625
4 0.2453125 0.04453125 0.0140625 0.02578125
2 0.75703125 0.63125 0.01953125 0.04140625
2 0.846875 0.38828125 0.0265625 0.05
2 0.721875 0.9609375 0.02890625 0.03125
6 0.56328125 0.953125 0.04609375 0.065625
3 0.61953125 0.48984375 0.01796875 0.02578125
3 0.62890625 0.5421875 0.015625 0.03203125
4 0.6203125 0.62421875 0.015625 0.01953125
4 0.58828125 0.684375 0.009375 0.0203125
4 0.60859375 0.678125 0.01171875 0.01640625
4 0.653125 0.6765625 0.01171875 0.01640625
4 0.621875 0.72578125 0.01328125 0.0203125
4 0.61171875 0.7484375 0.0140625 0.01875
4 0.5890625 0.734375 0.015625 0.0203125
4 0.56484375 0.696875 0.01171875 0.0203125
3 0.51796875 0.70390625 0.02890625 0.03515625
4 0.72109375 0.9 0.009375 0.02109375
4 0.7078125 0.9296875 0.01328125 0.01640625
4 0.72890625 0.9359375 0.00859375 0.02109375
4 0.73515625 0.921875 0.00859375 0.01484375
4 0.80546875 0.97890625 0.01328125 0.0296875
4 0.83203125 0.92734375 0.0109375 0.01953125
4 0.76796875 0.80234375 0.00859375 0.01953125
4 0.828125 0.503125 0.01015625 0.0265625
4 0.68125 0.17734375 0.01328125 0.0140625
4 0.69296875 0.2109375 0.01484375 0.01640625
4 0.67265625 0.1921875 0.0140625 0.01953125
4 0.584375 0.27109375 0.0109375 0.0203125
4 0.9046875 0.02890625 0.015625 0.021875
4 0.95546875 0.26875 0.015625 0.025
2 0.6234375 0.159375 0.01640625 0.0453125
3 0.86796875 0.3359375 0.03203125 0.05859375
3 0.83828125 0.3078125 0.03125 0.046875
3 0.684375 0.58515625 0.0234375 0.040625
3 0.665625 0.56328125 0.0203125 0.034375
3 0.8234375 0.4515625 0.02890625 0.065625
3 0.80546875 0.50390625 0.01640625 0.03203125
3 0.278125 0.67265625 0.01640625 0.0296875
4 0.24921875 0.7875 0.00859375 0.0234375
4 0.246875 0.75703125 0.01015625 0.00859375
4 0.228125 0.821875 0.01171875 0.01015625
4 0.225 0.83671875 0.01015625 0.009375
4 0.234375 0.803125 0.009375 0.01171875
4 0.22421875 0.22890625 0.01015625 0.0109375
4 0.234375 0.240625 0.00859375 0.015625
4 0.24140625 0.2390625 0.00625 0.01640625
4 0.34296875 0.0375 0.01171875 0.01953125
4 0.34296875 0.01171875 0.009375 0.015625
4 0.353125 0.0484375 0.01015625 0.01953125
4 0.36171875 0.059375 0.0109375 0.01796875
4 0.36953125 0.075 0.009375 0.01484375
4 0.3765625 0.07890625 0.00859375 0.01796875
4 0.3890625 0.10546875 0.00625 0.0203125
4 0.3828125 0.1140625 0.00546875 0.015625
4 0.371875 0.1265625 0.00625 0.01796875
4 0.37890625 0.09921875 0.00859375 0.015625
4 0.37734375 0.11640625 0.00625 0.01640625
4 0.36328125 0.09453125 0.00625 0.01484375
4 0.359375 0.0859375 0.00703125 0.015625
4 0.34296875 0.06796875 0.01015625 0.015625
4 0.33046875 0.05703125 0.00703125 0.01875
4 0.32421875 0.0671875 0.009375 0.009375
4 0.31953125 0.0734375 0.0109375 0.0109375
4 0.31171875 0.08359375 0.00859375 0.01484375
4 0.31796875 0.09453125 0.009375 0.01796875
4 0.33125 0.07734375 0.00703125 0.015625
4 0.32421875 0.096875 0.00625 0.01640625
4 0.340625 0.1015625 0.00703125 0.01796875
4 0.34453125 0.10859375 0.00625 0.015625
4 0.3515625 0.103125 0.00703125 0.01640625
4 0.359375 0.11484375 0.00625 0.01484375
4 0.36796875 0.11484375 0.00859375 0.0140625
4 0.378125 0.13828125 0.00703125 0.01796875
4 0.340625 0.12421875 0.00859375 0.01640625
4 0.34765625 0.1375 0.00859375 0.01640625
3 0.58984375 0.621875 0.0203125 0.03828125
3 0.69921875 0.41875 0.02890625 0.03828125
3 0.6296875 0.503125 0.0234375 0.03125
3 0.71640625 0.64609375 0.0234375 0.03671875
4 0.77421875 0.74375 0.009375 0.01484375
4 0.77109375 0.7703125 0.01171875 0.01171875
4 0.78125 0.72421875 0.009375 0.0109375
4 0.778125 0.73359375 0.01015625 0.00625
4 0.78984375 0.54375 0.01171875 0.0109375
4 0.784375 0.5515625 0.01171875 0.01328125
4 0.778125 0.56171875 0.01171875 0.01171875
4 0.7734375 0.57890625 0.01171875 0.0109375
4 0.82578125 0.6 0.01015625 0.01328125
4 0.80859375 0.64453125 0.0109375 0.01171875
4 0.80390625 0.65546875 0.009375 0.0109375
4 0.8015625 0.6703125 0.0109375 0.01171875
4 0.7984375 0.68203125 0.00859375 0.01640625
4 0.7953125 0.52109375 0.01015625 0.009375
4 0.8671875 0.48828125 0.01171875 0.01328125
4 0.8671875 0.4703125 0.009375 0.01640625
4 0.89140625 0.43359375 0.01171875 0.01171875
4 0.89296875 0.42421875 0.01015625 0.0109375
4 0.9046875 0.39453125 0.01015625 0.01796875
4 0.89375 0.14140625 0.01328125 0.01484375
4 0.64140625 0.13203125 0.00703125 0.01953125
4 0.64921875 0.1265625 0.00546875 0.01796875
4 0.65546875 0.12421875 0.00546875 0.01875
4 0.66171875 0.1234375 0.00546875 0.01640625
4 0.6671875 0.121875 0.0046875 0.01640625
4 0.67890625 0.12890625 0.009375 0.01328125
4 0.68203125 0.10859375 0.00703125 0.0140625
4 0.69375 0.1046875 0.00546875 0.0203125
4 0.6890625 0.10625 0.0046875 0.01796875
4 0.6765625 0.11171875 0.00625 0.01875
4 0.67109375 0.11953125 0.0046875 0.01796875
4 0.61015625 0.13125 0.00703125 0.021875
4 0.61171875 0.15703125 0.00703125 0.01953125
4 0.60390625 0.17109375 0.00546875 0.01953125
4 0.55546875 0.18359375 0.00546875 0.01640625
4 0.56328125 0.2015625 0.00703125 0.01875
4 0.553125 0.209375 0.00703125 0.015625
4 0.54921875 0.1875 0.00703125 0.01796875
6 0.0734375 0.03125 0.04375 0.0625
4 0.4734375 0.27890625 0.00703125 0.01640625
4 0.48046875 0.27578125 0.00546875 0.01796875
4 0.515625 0.2453125 0.009375 0.01640625
3 0.521875 0.215625 0.0234375 0.03359375
4 0.3890625 0.1890625 0.00859375 0.015625
4 0.46328125 0.2765625 0.00625 0.01484375