2 0.38828125 0.66640625 0.01640625 0.05703125
2 0.415625 0.46796875 0.01875 0.04140625
2 0.3015625 0.47421875 0.0265625 0.03203125
2 0.328125 0.38046875 0.01484375 0.0484375
2 0.328125 0.20859375 0.02109375 0.03828125
0 0.26328125 0.0734375 0.01484375 0.034375
0 0.47578125 0.4 0.01640625 0.03125
0 0.44453125 0.3921875 0.01875 0.0359375
0 0.421875 0.4015625 0.01875 0.02578125
2 0.75078125 0.8078125 0.01953125 0.046875
2 0.7234375 0.96484375 0.02578125 0.02578125
0 0.78125 0.27890625 0.01875 0.0265625
0 0.646875 0.440625 0.0203125 0.028125
2 0.30859375 0.1109375 0.01875 0.03359375
4 0.23828125 0.01328125 0.0140625 0.025
4 0.228125 0.0390625 0.01328125 0.0203125
4 0.2578125 0.18046875 0.01484375 0.01484375
4 0.2734375 0.19609375 0.01171875 0.02109375
4 0.284375 0.27265625 0.01171875 0.03515625
4 0.47578125 0.3515625 0.0109375 0.025
4 0.51328125 0.33046875 0.01171875 0.015625
4 0.51328125 0.3734375 0.01171875 0.02421875
4 0.48828125 0.31171875 0.01171875 0.01875
4 0.525 0.4390625 0.01640625 0.01875
4 0.509375 0.50703125 0.0140625 0.0203125
4 0.5015625 0.54453125 0.01171875 0.01640625
4 0.4671875 0.553125 0.0140625 0.021875
4 0.44921875 0.55703125 0.01171875 0.02578125
4 0.41875 0.53125 0.01328125 0.02421875
4 0.43515625 0.50390625 0.01015625 0.0265625
4 0.41640625 0.503125 0.01328125 0.0203125
4 0.39921875 0.484375 0.01015625 0.02109375
4 0.3953125 0.44453125 0.01328125 0.02578125
4 0.38046875 0.45 0.0140625 0.025
4 0.36875 0.50078125 0.0109375 0.0203125
4 0.41328125 0.59296875 0.01171875 0.02578125
4 0.4328125 0.60390625 0.0109375 0.025
4 0.42109375 0.63828125 0.0140625 0.02421875
4 0.4609375 0.65859375 0.01484375 0.02421875
4 0.51328125 0.66640625 0.01484375 0.02578125
4 0.54921875 0.63046875 0.0140625 0.02578125
4 0.55859375 0.60390625 0.0140625 0.02890625
4 0.61328125 0.62421875 0.01640625 0.0234375
4 0.6015625 0.684375 0.009375 0.0203125
4 0.5125 0.615625 0.015625 0.01953125
4 0.49921875 0.59140625 0.0140625 0.02109375
4 0.48046875 0.60546875 0.01640625 0.02109375
4 0.4625 0.59296875 0.0109375 0.01953125
4 0.54140625 0.50390625 0.01484375 0.021875
4 0.5796875 0.44140625 0.01328125 0.0265625
4 0.54296875 0.47109375 0.01796875 0.01953125
4 0.63203125 0.3890625 0.01640625 0.02421875
4 0.640625 0.78046875 0.01875 0.02109375
4 0.6890625 0.74921875 0.0140625 0.025
4 0.71015625 0.76171875 0.01484375 0.025
4 0.72890625 0.809375 0.01796875 0.02578125
4 0.65859375 0.65703125 0.0140625 0.02421875
4 0.37109375 0.69375 0.01640625 0.0359375
4 0.315625 0.684375 0.0140625 0.01796875
4 0.33125 0.66953125 0.01484375 0.02578125
4 0.2875 0.73515625 0.009375 0.025
4 0.2984375 0.70078125 0.0140625 0.03359375
4 0.31875 0.72109375 0.01171875 0.02578125
4 0.378125 0.74453125 0.01484375 0.02421875
4 0.25859375 0.88125 0.01328125 0.025
0 0.28671875 0.98046875 0.015625 0.0265625
0 0.309375 0.91171875 0.01640625 0.03046875
6 0.565625 0.95390625 0.03828125 0.06328125
4 0.24609375 0.88203125 0.0109375 0.02421875
4 0.25390625 0.92890625 0.01015625 0.02421875
4 0.24140625 0.9359375 0.01328125 0.025
4 0.22890625 0.97109375 0.0140625 0.02578125
4 0.240625 0.98984375 0.01328125 0.0203125
4 0.32109375 0.86328125 0.009375 0.01953125
4 0.309375 0.7453125 0.009375 0.025
4 0.4125 0.6859375 0.01171875 0.01875
4 0.41328125 0.70625 0.01171875 0.015625
4 0.3734375 0.54453125 0.0109375 0.0234375
4 0.378125 0.5109375 0.01171875 0.01953125
4 0.403125 0.5015625 0.01171875 0.01875
4 0.30390625 0.43359375 0.01171875 0.02109375
4 0.35078125 0.20234375 0.01171875 0.01953125
4 0.32734375 0.17890625 0.01328125 0.015625
4 0.334375 0.15625 0.01328125 0.01796875
4 0.575 0.33046875 0.01171875 0.01640625
4 0.5734375 0.315625 0.01171875 0.015625
4 0.58046875 0.29609375 0.01328125 0.015625
4 0.58203125 0.28125 0.01171875 0.015625
4 0.621875 0.26328125 0.015625 0.01796875
4 0.61796875 0.22578125 0.01328125 0.01484375
4 0.58125 0.25859375 0.0109375 0.0203125
4 0.56875 0.28203125 0.01171875 0.01796875
4 0.71171875 0.18125 0.0140625 0.01640625
4 0.76328125 0.15078125 0.01640625 0.01875
4 0.86171875 0.078125 0.01875 0.01796875
4 0.96640625 0.23203125 0.01796875 0.01953125
4 0.88203125 0.38203125 0.01484375 0.02421875
4 0.8234375 0.53046875 0.0140625 0.02578125
4 0.7765625 0.68359375 0.00859375 0.025
4 0.76796875 0.690625 0.01015625 0.021875
4 0.7734375 0.709375 0.0109375 0.021875
4 0.7609375 0.71640625 0.01328125 0.021875
4 0.76171875 0.7796875 0.00859375 0.021875
4 0.75703125 0.85234375 0.01171875 0.02109375
4 0.78828125 0.89453125 0.0140625 0.01953125
4 0.79375 0.875 0.01328125 0.01875
4 0.80703125 0.903125 0.01171875 0.0203125
4 0.80625 0.92578125 0.01328125 0.021875
4 0.834375 0.96015625 0.01171875 0.02109375
4 0.8640625 0.98125 0.0140625 0.01875
4 0.753125 0.92890625 0.01328125 0.0203125
4 0.73359375 0.91640625 0.01171875 0.01796875
4 0.71796875 0.90625 0.01171875 0.0234375
4 0.7203125 0.934375 0.01171875 0.0203125
2 0.55078125 0.2484375 0.025 0.0296875
2 0.51796875 0.27421875 0.02578125 0.03046875
2 0.190625 0.12890625 0.0234375 0.03359375
2 0.23125 0.18828125 0.02109375 0.03046875
3 0.19140625 0.20859375 0.025 0.03828125
6 0.190625 0.25078125 0.02890625 0.0484375
3 0.21171875 0.253125 0.025 0.03515625
3 0.253125 0.2359375 0.01953125 0.03359375
3 0.2328125 0.2859375 0.0265625 0.046875
3 0.67109375 0.43828125 0.02890625 0.0359375
3 0.69921875 0.41796875 0.03046875 0.04375
3 0.73671875 0.38984375 0.028125 0.03515625
3 0.8109375 0.33359375 0.02421875 0.02578125
2 0.865625 0.2890625 0.02421875 0.03046875
2 0.84609375 0.39140625 0.02578125 0.03984375
2 0.75859375 0.63359375 0.01953125 0.04140625
4 0.46171875 0.578125 0.01015625 0.015625
4 0.44921875 0.5890625 0.0109375 0.02109375
4 0.4984375 0.6234375 0.01328125 0.02109375
4 0.278125 0.95625 0.00859375 0.02109375
3 0.728125 0.67734375 0.02109375 0.03359375
3 0.70703125 0.63515625 0.021875 0.0390625
3 0.69296875 0.61328125 0.0203125 0.03203125
3 0.6859375 0.58828125 0.025 0.03984375
3 0.80703125 0.50703125 0.015625 0.03046875
3 0.82421875 0.453125 0.03125 0.06484375
3 0.86953125 0.3359375 0.03046875 0.05390625
3 0.83828125 0.31171875 0.03125 0.04140625
3 0.62109375 0.49140625 0.01953125 0.0203125
3 0.628125 0.54453125 0.015625 0.0265625
4 0.44296875 0.4203125 0.01484375 0.01328125
4 0.32734375 0.14296875 0.01015625 0.01328125
4 0.33984375 0.128125 0.009375 0.015625
2 0.4046875 0.1421875 0.02421875 0.034375
4 0.17890625 0.02890625 0.0140625 0.0203125
3 0.25234375 0.80078125 0.015625 0.03828125
3 0.278125 0.67265625 0.01796875 0.03671875
4 0.31328125 0.8609375 0.009375 0.01796875
2 0.328125 0.91875 0.01484375 0.03671875
4 0.378125 0.725 0.0140625 0.015625
4 0.40625 0.73984375 0.01015625 0.01328125
2 0.6234375 0.159375 0.0140625 0.03984375
2 0.659375 0.15078125 0.025 0.0296875
0 0.940625 0.27578125 0.02578125 0.03203125
6 0.07578125 0.03203125 0.03671875 0.0640625
4 0.21796875 0.884375 0.00859375 0.021875
4 0.2265625 0.84140625 0.01171875 0.009375
4 0.23671875 0.7984375 0.01015625 0.01171875
4 0.2390625 0.790625 0.01171875 0.009375
4 0.24375 0.775 0.01015625 0.009375
4 0.2484375 0.7609375 0.0109375 0.01328125
4 0.2875 0.62890625 0.01015625 0.01953125
4 0.22578125 0.23359375 0.0109375 0.01171875
4 0.23671875 0.24375 0.01015625 0.01171875
4 0.24140625 0.240625 0.00859375 0.01875
4 0.17578125 0.1125 0.00859375 0.01875
4 0.27578125 0.02109375 0.0109375 0.01640625
4 0.31328125 0.0890625 0.009375 0.015625
4 0.31875 0.096875 0.00859375 0.01640625
4 0.32421875 0.10078125 0.00703125 0.01484375
4 0.328125 0.1078125 0.00859375 0.01640625
4 0.3328125 0.11640625 0.00859375 0.01796875
4 0.33984375 0.1078125 0.00859375 0.01953125
4 0.3453125 0.11328125 0.00703125 0.01640625
4 0.34375 0.071875 0.009375 0.01953125
4 0.35390625 0.05078125 0.009375 0.01640625
4 0.34296875 0.04140625 0.009375 0.01875
4 0.36328125 0.0625 0.009375 0.01640625
4 0.37734375 0.08359375 0.00859375 0.0140625
4 0.33203125 0.06171875 0.00859375 0.01796875
4 0.32421875 0.06953125 0.01015625 0.01015625
4 0.32109375 0.0765625 0.009375 0.0109375
4 0.35 0.09609375 0.00859375 0.015625
4 0.36328125 0.09765625 0.00859375 0.01796875
4 0.35859375 0.090625 0.00859375 0.01796875
4 0.3671875 0.11953125 0.00703125 0.01640625
4 0.371875 0.13125 0.00546875 0.01953125
4 0.37890625 0.103125 0.00859375 0.01875
4 0.3484375 0.1390625 0.00703125 0.01640625
4 0.36015625 0.11875 0.00625 0.01484375
4 0.384375 0.13046875 0.00625 0.01953125
4 0.3890625 0.1078125 0.00546875 0.01875
4 0.378125 0.121875 0.00703125 0.01953125
4 0.38671875 0.23203125 0.009375 0.01484375
4 0.40078125 0.271875 0.0140625 0.01328125
4 0.4140625 0.278125 0.00546875 0.01875
4 0.42265625 0.284375 0.00859375 0.0203125
4 0.43203125 0.28671875 0.00546875 0.02421875
4 0.43828125 0.29375 0.00546875 0.01953125
4 0.3890625 0.215625 0.01015625 0.01171875
4 0.44921875 0.30234375 0.009375 0.0140625
4 0.4734375 0.28046875 0.00703125 0.01640625
4 0.48046875 0.27890625 0.00546875 0.01875
4 0.55078125 0.19296875 0.00625 0.02109375
4 0.55546875 0.18515625 0.00546875 0.021875
3 0.521875 0.21953125 0.02109375 0.03046875
4 0.57109375 0.22421875 0.00625 0.01953125
4 0.5640625 0.20234375 0.00546875 0.01640625
4 0.57890625 0.1921875 0.00625 0.0203125
4 0.590625 0.1984375 0.00703125 0.01953125
4 0.60390625 0.17578125 0.00625 0.0203125
4 0.6109375 0.13515625 0.00625 0.01875
4 0.59609375 0.178125 0.00546875 0.02109375
4 0.59140625 0.1765625 0.00546875 0.02109375
4 0.584375 0.1875 0.00625 0.01875
4 0.63046875 0.14375 0.00859375 0.01953125
4 0.63671875 0.13984375 0.00546875 0.01640625
4 0.64296875 0.13515625 0.00546875 0.01796875
4 0.65 0.13203125 0.00546875 0.0203125
4 0.65625 0.12890625 0.0046875 0.0203125
4 0.66328125 0.12578125 0.0046875 0.01875
4 0.66796875 0.12578125 0.00546875 0.01796875
4 0.678125 0.115625 0.00546875 0.01796875
4 0.6796875 0.1328125 0.01015625 0.015625
4 0.671875 0.12109375 0.0046875 0.01640625
4 0.6828125 0.11328125 0.00625 0.01796875
4 0.69375 0.10625 0.00546875 0.0203125
4 0.64140625 0.421875 0.01015625 0.01484375
4 0.64765625 0.4625 0.009375 0.01328125
3 0.63046875 0.5078125 0.021875 0.03828125
3 0.66640625 0.5640625 0.01953125 0.03125
3 0.671875 0.58203125 0.01640625 0.025
4 0.6484375 0.5765625 0.00703125 0.0234375
4 0.77578125 0.746875 0.01015625 0.01171875
4 0.78046875 0.7375 0.01015625 0.01015625
4 0.78359375 0.728125 0.01015625 0.01015625
4 0.78984375 0.71015625 0.01015625 0.009375
4 0.809375 0.653125 0.00859375 0.01640625
4 0.8015625 0.67265625 0.009375 0.01171875
4 0.79921875 0.68671875 0.00859375 0.01875
4 0.8171875 0.6375 0.01015625 0.0109375
4 0.82734375 0.60234375 0.009375 0.0109375
4 0.78515625 0.55546875 0.01171875 0.0109375
4 0.790625 0.54609375 0.01171875 0.0109375
4 0.79375 0.53125 0.0109375 0.009375
4 0.7796875 0.56640625 0.0109375 0.01015625
4 0.7734375 0.57890625 0.01171875 0.01171875
4 0.86796875 0.490625 0.01171875 0.01171875
4 0.86796875 0.4734375 0.00859375 0.01796875
4 0.89140625 0.4359375 0.009375 0.01171875
4 0.89453125 0.42734375 0.009375 0.01015625
4 0.90546875 0.39609375 0.009375 0.0140625
4 0.95078125 0.00703125 0.01171875 0.0140625
4 0.7734375 0.03671875 0.00625 0.01875
4 0.778125 0.0296875 0.00625 0.01796875
4 0.784375 0.0234375 0.0046875 0.021875