2 0.521875 0.62734375 0.0234375 0.03515625
2 0.41875 0.43359375 0.02109375 0.0453125
2 0.3828125 0.540625 0.021875 0.03984375
2 0.30234375 0.69140625 0.02109375 0.046875
0 0.25234375 0.87890625 0.01796875 0.05
3 0.21796875 0.96796875 0.01640625 0.046875
3 0.28046875 0.6765625 0.02109375 0.03984375
0 0.33671875 0.203125 0.01796875 0.0265625
0 0.62890625 0.4609375 0.01640625 0.02109375
0 0.7109375 0.7453125 0.01328125 0.0265625
4 0.77421875 0.934375 0.0140625 0.0234375
4 0.73203125 0.90859375 0.01328125 0.01484375
4 0.77421875 0.9609375 0.0109375 0.01875
4 0.78359375 0.984375 0.01640625 0.0140625
4 0.71953125 0.93046875 0.01015625 0.021875
4 0.8109375 0.89375 0.01484375 0.01875
4 0.78125 0.83828125 0.0140625 0.028125
4 0.728125 0.79296875 0.01640625 0.02109375
4 0.6515625 0.78046875 0.01796875 0.03125
4 0.62578125 0.73203125 0.01640625 0.0296875
4 0.59140625 0.69296875 0.01484375 0.0265625
4 0.603125 0.6359375 0.0140625 0.0265625
0 0.453125 0.54375 0.01875 0.021875
0 0.47421875 0.58203125 0.01484375 0.028125
2 0.3078125 0.1109375 0.02421875 0.03515625
0 0.76171875 0.146875 0.01796875 0.0296875
0 0.39375 0.71953125 0.01328125 0.025
4 0.5546875 0.61328125 0.0109375 0.02421875
4 0.5703125 0.57421875 0.01171875 0.0203125
4 0.54609375 0.54765625 0.0140625 0.025
4 0.48828125 0.57421875 0.0109375 0.01796875
4 0.49140625 0.61484375 0.01015625 0.01796875
4 0.475 0.55078125 0.01171875 0.01875
4 0.459375 0.55703125 0.01171875 0.01171875
4 0.459375 0.56875 0.01328125 0.01328125
4 0.51171875 0.496875 0.01328125 0.02109375
4 0.52265625 0.4984375 0.00859375 0.01953125
4 0.5328125 0.49921875 0.01328125 0.01640625
4 0.55625 0.50625 0.0109375 0.01171875
4 0.5515625 0.46796875 0.0109375 0.01328125
4 0.58046875 0.45546875 0.01328125 0.01484375
3 0.62109375 0.490625 0.01875 0.021875
3 0.63046875 0.54375 0.015625 0.0265625
4 0.5171875 0.46640625 0.0140625 0.01484375
4 0.4796875 0.40390625 0.01484375 0.02421875
4 0.4921875 0.4359375 0.015625 0.01796875
4 0.46953125 0.42109375 0.01328125 0.01953125
4 0.39453125 0.403125 0.01015625 0.02421875
4 0.38984375 0.4625 0.01171875 0.01875
4 0.41796875 0.4796875 0.01171875 0.01875
4 0.43046875 0.4734375 0.01171875 0.01640625
4 0.440625 0.49140625 0.009375 0.02421875
4 0.353125 0.32890625 0.01171875 0.015625
4 0.37734375 0.3234375 0.01328125 0.015625
0 0.378125 0.265625 0.01484375 0.034375
4 0.340625 0.234375 0.01015625 0.015625
4 0.31640625 0.18046875 0.01015625 0.015625
4 0.36015625 0.171875 0.01484375 0.01484375
4 0.26484375 0.0390625 0.01015625 0.0203125
4 0.271875 0.05859375 0.01171875 0.021875
4 0.25390625 0.071875 0.0109375 0.0203125
4 0.28359375 0.084375 0.00859375 0.01484375
4 0.2828125 0.10078125 0.0109375 0.01640625
4 0.28671875 0.12578125 0.009375 0.01796875
4 0.22890625 0.03046875 0.01171875 0.01796875
4 0.23046875 0.12265625 0.01015625 0.01953125
2 0.23359375 0.18671875 0.0203125 0.0296875
2 0.19140625 0.12578125 0.02421875 0.03203125
2 0.19140625 0.20546875 0.021875 0.03828125
3 0.2546875 0.234375 0.02109375 0.03046875
3 0.21875 0.27421875 0.021875 0.040625
6 0.19296875 0.25078125 0.0265625 0.0515625
2 0.328125 0.37421875 0.01484375 0.03671875
4 0.340625 0.4453125 0.0109375 0.015625
4 0.33203125 0.528125 0.01171875 0.0203125
4 0.34609375 0.57578125 0.01328125 0.02421875
4 0.34921875 0.60703125 0.009375 0.025
4 0.40234375 0.6484375 0.01015625 0.021875
4 0.41953125 0.66875 0.01484375 0.0203125
4 0.4328125 0.62578125 0.01171875 0.0203125
4 0.46171875 0.66015625 0.01171875 0.01640625
4 0.465625 0.68125 0.0109375 0.01875
4 0.38046875 0.68046875 0.00859375 0.02109375
4 0.38984375 0.6734375 0.009375 0.02578125
4 0.38125 0.71875 0.01015625 0.02421875
4 0.36796875 0.76796875 0.00859375 0.01875
4 0.34765625 0.81640625 0.0109375 0.025
4 0.33984375 0.85078125 0.009375 0.021875
4 0.284375 0.82890625 0.01171875 0.0234375
4 0.271875 0.85703125 0.01171875 0.02421875
4 0.27421875 0.81328125 0.01171875 0.025
4 0.2859375 0.92890625 0.01015625 0.01875
4 0.2859375 0.9609375 0.00859375 0.01953125
4 0.240625 0.9734375 0.01171875 0.021875
4 0.32421875 0.68359375 0.00859375 0.021875
4 0.33984375 0.6734375 0.009375 0.0234375
4 0.32734375 0.703125 0.009375 0.021875
4 0.32421875 0.578125 0.009375 0.021875
4 0.56171875 0.3140625 0.01484375 0.01640625
4 0.57890625 0.3265625 0.01171875 0.01796875
4 0.59140625 0.28125 0.01171875 0.0140625
4 0.61875 0.26953125 0.01171875 0.01640625
4 0.6078125 0.39296875 0.01328125 0.01796875
4 0.62421875 0.4125 0.01171875 0.01953125
4 0.6484375 0.4609375 0.01171875 0.01328125
4 0.67109375 0.38125 0.01484375 0.01640625
4 0.6765625 0.346875 0.01484375 0.01640625
4 0.65703125 0.21953125 0.0109375 0.01640625
4 0.64453125 0.20859375 0.01171875 0.01640625
4 0.703125 0.1546875 0.01171875 0.01875
4 0.98359375 0.1484375 0.01484375 0.01796875
4 0.90234375 0.346875 0.01171875 0.01875
4 0.79609375 0.584375 0.01328125 0.02421875
4 0.7765625 0.70078125 0.009375 0.021875
4 0.77421875 0.74609375 0.01171875 0.01328125
4 0.72421875 0.88515625 0.01328125 0.01875
4 0.72578125 0.9171875 0.01015625 0.01953125
4 0.78671875 0.9640625 0.01015625 0.021875
4 0.7953125 0.95546875 0.0109375 0.02109375
4 0.834375 0.9625 0.01015625 0.01875
4 0.84296875 0.959375 0.009375 0.015625
4 0.846875 0.940625 0.01171875 0.01953125
4 0.85625 0.95859375 0.01171875 0.015625
4 0.87578125 0.97109375 0.01015625 0.01875
4 0.8515625 0.984375 0.01171875 0.01875
4 0.709375 0.93046875 0.01015625 0.01484375
2 0.72421875 0.96171875 0.02421875 0.0234375
6 0.56640625 0.95546875 0.03828125 0.06796875
4 0.60546875 0.84140625 0.00859375 0.01796875
4 0.5984375 0.83828125 0.00625 0.01953125
4 0.55390625 0.659375 0.01015625 0.01796875
4 0.6359375 0.63671875 0.01171875 0.01640625
4 0.54296875 0.58125 0.01015625 0.01796875
4 0.30390625 0.43359375 0.01015625 0.01953125
4 0.36640625 0.34140625 0.01171875 0.021875
2 0.55078125 0.2453125 0.02421875 0.0296875
2 0.51875 0.27421875 0.025 0.03359375
2 0.66171875 0.1515625 0.02109375 0.025
4 0.64296875 0.134375 0.009375 0.01953125
4 0.65 0.12890625 0.00703125 0.01875
4 0.65625 0.12734375 0.00546875 0.01953125
4 0.6625 0.12578125 0.00546875 0.01796875
4 0.66796875 0.125 0.00546875 0.02109375
4 0.68046875 0.13125 0.01015625 0.015625
4 0.70703125 0.11640625 0.01171875 0.0140625
4 0.55 0.190625 0.00703125 0.01875
4 0.56328125 0.2015625 0.00703125 0.01875
4 0.59296875 0.196875 0.00625 0.01953125
4 0.6046875 0.171875 0.00859375 0.02109375
4 0.596875 0.178125 0.00546875 0.021875
4 0.4734375 0.278125 0.00859375 0.01640625
4 0.48125 0.2765625 0.00625 0.01953125
4 0.3859375 0.2296875 0.01171875 0.01484375
4 0.3890625 0.21328125 0.01015625 0.01328125
2 0.40390625 0.1421875 0.02109375 0.03671875
4 0.16640625 0.0203125 0.01328125 0.0203125
2 0.8671875 0.2890625 0.02578125 0.03359375
2 0.8484375 0.390625 0.02578125 0.040625
2 0.7578125 0.63046875 0.0203125 0.04296875
3 0.7296875 0.6765625 0.02109375 0.0359375
3 0.69296875 0.6109375 0.0203125 0.0359375
3 0.68515625 0.5875 0.0203125 0.0390625
3 0.6734375 0.4375 0.028125 0.03203125
3 0.7359375 0.38828125 0.02890625 0.0359375
3 0.81171875 0.3328125 0.025 0.03125
3 0.82421875 0.4484375 0.03046875 0.06484375
3 0.86875 0.33828125 0.03515625 0.059375
3 0.8390625 0.3109375 0.03359375 0.0453125
3 0.7171875 0.6515625 0.02578125 0.0453125
3 0.2140625 0.24921875 0.0203125 0.04140625
6 0.0765625 0.02890625 0.03828125 0.05625
4 0.115625 0.11875 0.009375 0.02109375
4 0.14453125 0.178125 0.00703125 0.015625
4 0.14921875 0.18203125 0.00703125 0.01875
4 0.23671875 0.24140625 0.01015625 0.01171875
4 0.24296875 0.2390625 0.00703125 0.01875
4 0.3078125 0.58828125 0.00703125 0.021875
4 0.24375 0.77265625 0.01171875 0.01015625
4 0.240625 0.78828125 0.01171875 0.009375
4 0.23359375 0.8046875 0.01171875 0.009375
4 0.22890625 0.82421875 0.015625 0.009375
4 0.225 0.8390625 0.01171875 0.0109375
2 0.328125 0.91796875 0.01796875 0.03359375
0 0.33828125 0.77734375 0.01328125 0.028125
4 0.33125 0.059375 0.009375 0.0203125
4 0.321875 0.075 0.01171875 0.01171875
4 0.33203125 0.08125 0.00859375 0.01328125
4 0.34453125 0.06953125 0.00859375 0.0140625
4 0.3359375 0.06484375 0.009375 0.015625
4 0.34375 0.03828125 0.009375 0.01875
4 0.3546875 0.04921875 0.01015625 0.01640625
4 0.36171875 0.06015625 0.01015625 0.01875
4 0.3765625 0.08125 0.00703125 0.01640625
4 0.359375 0.0875 0.00859375 0.01640625
4 0.36484375 0.09453125 0.009375 0.01484375
4 0.36796875 0.11796875 0.00625 0.015625
4 0.378125 0.14140625 0.00625 0.0203125
4 0.38984375 0.10625 0.00625 0.01796875
4 0.3796875 0.1015625 0.009375 0.01875
4 0.3609375 0.11640625 0.00859375 0.01484375
4 0.35078125 0.09453125 0.00703125 0.01171875
4 0.340625 0.103125 0.00703125 0.01484375
4 0.31328125 0.08828125 0.01015625 0.015625
4 0.31875 0.0953125 0.00859375 0.01484375
4 0.340625 0.1265625 0.00859375 0.01484375
4 0.34296875 0.13671875 0.00703125 0.01484375
4 0.34921875 0.1375 0.0046875 0.01484375
4 0.37734375 0.11875 0.00703125 0.015625
4 0.32578125 0.0984375 0.00703125 0.015625
3 0.52109375 0.70625 0.02578125 0.034375
4 0.70625 0.97578125 0.01015625 0.0203125
4 0.7828125 0.72578125 0.00859375 0.01015625
4 0.78046875 0.73515625 0.01015625 0.01015625
4 0.7890625 0.7078125 0.01171875 0.01015625
4 0.78671875 0.71953125 0.01328125 0.01171875
4 0.79921875 0.68203125 0.00859375 0.015625
4 0.80234375 0.67109375 0.01015625 0.00859375
4 0.80703125 0.66015625 0.009375 0.01328125
4 0.809375 0.6515625 0.009375 0.01328125
4 0.81796875 0.63671875 0.009375 0.0109375
4 0.82734375 0.60234375 0.00859375 0.01328125
4 0.78515625 0.5546875 0.01171875 0.01015625
4 0.790625 0.5453125 0.01171875 0.0109375
4 0.77890625 0.56484375 0.01171875 0.01171875
4 0.77421875 0.5796875 0.01171875 0.0109375
4 0.79609375 0.52265625 0.01015625 0.01328125
4 0.81171875 0.48359375 0.01171875 0.01328125
4 0.89296875 0.43515625 0.01015625 0.01328125
4 0.8953125 0.42578125 0.01171875 0.01640625
4 0.90546875 0.39609375 0.009375 0.02109375
4 0.69453125 0.10546875 0.00546875 0.01875
4 0.68359375 0.11015625 0.00625 0.01796875
4 0.690625 0.10625 0.0046875 0.01640625
4 0.63203125 0.14296875 0.00859375 0.01875
4 0.6109375 0.13203125 0.00625 0.01796875
4 0.5859375 0.1859375 0.00546875 0.01484375
4 0.5765625 0.18359375 0.00625 0.01796875
4 0.5921875 0.17421875 0.0046875 0.01640625
4 0.61171875 0.15859375 0.00625 0.01953125
4 0.640625 0.184375 0.01015625 0.01484375
2 0.6234375 0.16015625 0.01640625 0.0453125
3 0.52109375 0.21953125 0.0203125 0.0265625
4 0.409375 0.26171875 0.00625 0.01953125
4 0.415625 0.2765625 0.00546875 0.01796875
4 0.40859375 0.24453125 0.01171875 0.01171875
4 0.43203125 0.2859375 0.0046875 0.01875
4 0.503125 0.26171875 0.0046875 0.0203125
4 0.51640625 0.2484375 0.00859375 0.01640625
4 0.46484375 0.278125 0.00625 0.01640625
4 0.43828125 0.29140625 0.009375 0.0234375
3 0.70078125 0.41953125 0.03203125 0.03515625
3 0.63203125 0.503125 0.02109375 0.03515625
3 0.6671875 0.5609375 0.01875 0.034375
3 0.6734375 0.58046875 0.01796875 0.0265625
3 0.70546875 0.63671875 0.02109375 0.03515625
3 0.7796875 0.02890625 0.00625 0.02109375