0 0.03125 0.93125 0.0203125 0.02109375
4 0.07578125 0.88359375 0.01484375 0.0140625
4 0.0828125 0.7953125 0.0203125 0.01171875
2 0.11015625 0.815625 0.021875 0.02421875
4 0.13828125 0.7875 0.01171875 0.01328125
0 0.14140625 0.95625 0.015625 0.01875
4 0.10078125 0.93125 0.01484375 0.01796875
4 0.20703125 0.80390625 0.0140625 0.0109375
4 0.2765625 0.7796875 0.01484375 0.01640625
4 0.3015625 0.76796875 0.0140625 0.01484375
4 0.34453125 0.79140625 0.01484375 0.01171875
4 0.31640625 0.68203125 0.01171875 0.015625
4 0.3859375 0.68828125 0.0140625 0.01171875
4 0.4109375 0.66796875 0.009375 0.0203125
5 0.21953125 0.66640625 0.0609375 0.0234375
5 0.28046875 0.659375 0.05703125 0.02890625
0 0.51171875 0.94609375 0.01171875 0.01796875
4 0.47109375 0.09453125 0.00546875 0.015625
4 0.47109375 0.1515625 0.00625 0.015625
4 0.47578125 0.26171875 0.00625 0.02421875
4 0.51640625 0.22890625 0.00703125 0.01953125
3 0.53046875 0.21328125 0.01640625 0.034375
4 0.4765625 0.3296875 0.009375 0.01640625
4 0.51796875 0.371875 0.009375 0.021875
2 0.5171875 0.5234375 0.0109375 0.03984375
0 0.4703125 0.5609375 0.01015625 0.025
4 0.53125 0.540625 0.0046875 0.02421875
4 0.48046875 0.58984375 0.0046875 0.01640625
4 0.4828125 0.61015625 0.00546875 0.01796875
4 0.478125 0.8203125 0.00625 0.01484375
4 0.60703125 0.79140625 0.01171875 0.0140625
4 0.640625 0.78828125 0.0109375 0.0140625
4 0.67578125 0.75703125 0.01015625 0.01328125
4 0.634375 0.85859375 0.01171875 0.0140625
0 0.67109375 0.85703125 0.01796875 0.01640625
4 0.71796875 0.8703125 0.01171875 0.01171875
4 0.7703125 0.7875 0.00859375 0.01328125
4 0.7828125 0.76796875 0.009375 0.00859375
4 0.79921875 0.79140625 0.009375 0.009375
4 0.809375 0.80625 0.01015625 0.00859375
4 0.8171875 0.7234375 0.01015625 0.00859375
4 0.96796875 0.88984375 0.0140625 0.0109375
4 0.96640625 0.86171875 0.01484375 0.0109375
4 0.8859375 0.8609375 0.0140625 0.01171875
4 0.8703125 0.90078125 0.01484375 0.009375
2 0.92421875 0.86328125 0.02421875 0.0203125
2 0.4515625 0.90390625 0.025 0.025
4 0.42578125 0.83984375 0.00859375 0.0140625
4 0.46015625 0.81875 0.00703125 0.01484375
4 0.45078125 0.7765625 0.0109375 0.01328125