2 0.3390625 0.29296875 0.01796875 0.0140625
2 0.40078125 0.25625 0.01171875 0.02109375
2 0.39140625 0.2203125 0.01640625 0.01875
2 0.50625 0.32890625 0.00625 0.02890625
2 0.5171875 0.32890625 0.00859375 0.0296875
2 0.55703125 0.31953125 0.00703125 0.025
2 0.56640625 0.32109375 0.00859375 0.02421875
2 0.95859375 0.86953125 0.0109375 0.02578125
2 0.94375 0.90546875 0.00859375 0.0265625
2 0.71796875 0.65625 0.00859375 0.0234375
6 0.88203125 0.6390625 0.03984375 0.0203125
5 0.71640625 0.38671875 0.04609375 0.01953125
6 0.66015625 0.38671875 0.04140625 0.01953125
6 0.278125 0.640625 0.03046875 0.01953125
6 0.14453125 0.646875 0.03828125 0.01953125
6 0.11875 0.68203125 0.03828125 0.02421875
4 0.546875 0.28125 0.0046875 0.0140625
3 0.75390625 0.85546875 0.021875 0.01796875
3 0.71484375 0.89921875 0.01015625 0.03515625
4 0.52421875 0.28125 0.003125 0.0140625
4 0.54140625 0.2953125 0.003125 0.01484375
4 0.5671875 0.2859375 0.0046875 0.01484375
4 0.57890625 0.3078125 0.00390625 0.01484375
4 0.56640625 0.24375 0.003125 0.01484375
4 0.53203125 0.23125 0.00390625 0.0109375
4 0.53984375 0.23125 0.0046875 0.01171875
4 0.58046875 0.24375 0.003125 0.01328125
4 0.5171875 0.28125 0.00390625 0.01328125
4 0.415625 0.275 0.00390625 0.01328125
4 0.5734375 0.24609375 0.003125 0.01171875
4 0.53046875 0.2828125 0.003125 0.0140625
4 0.53671875 0.2984375 0.003125 0.01171875
4 0.54609375 0.296875 0.003125 0.01171875
0 0.81953125 0.6453125 0.01484375 0.01484375
2 0.67890625 0.65 0.00546875 0.025
2 0.67265625 0.63359375 0.00625 0.025
2 0.66484375 0.6359375 0.00625 0.021875
2 0.671875 0.65703125 0.00625 0.01953125
0 0.81796875 0.60546875 0.01171875 0.00859375
5 0.96328125 0.56328125 0.0734375 0.0234375
6 0.71953125 0.60703125 0.0265625 0.015625
2 0.92265625 0.4046875 0.01796875 0.01640625
2 0.70859375 0.5234375 0.0140625 0.01171875
2 0.58671875 0.53046875 0.01484375 0.01328125
3 0.7484375 0.6015625 0.0203125 0.01484375
6 0.79375 0.45390625 0.03671875 0.02109375
2 0.10859375 0.57421875 0.01484375 0.0140625
2 0.575 0.6265625 0.0109375 0.01171875
2 0.86328125 0.5953125 0.01796875 0.01484375
0 0.7921875 0.60859375 0.01015625 0.0109375
2 0.97421875 0.86015625 0.01171875 0.0203125
2 0.98515625 0.8109375 0.01328125 0.02578125
2 0.9703125 0.92109375 0.00859375 0.0234375
6 0.2984375 0.55546875 0.040625 0.01875
6 0.52421875 0.47890625 0.0359375 0.01875
4 0.978125 0.59375 0.01015625 0.0140625
2 0.8140625 0.52109375 0.0140625 0.01484375
5 0.021875 0.51015625 0.04375 0.0203125
6 0.15390625 0.49296875 0.03359375 0.01875
3 0.90390625 0.521875 0.021875 0.01875
4 0.85625 0.39453125 0.00625 0.0109375
3 0.3734375 0.41015625 0.015625 0.01171875
6 0.27578125 0.51015625 0.03359375 0.01875
6 0.2984375 0.48359375 0.04375 0.01875
2 0.17109375 0.51328125 0.01640625 0.01484375
6 0.553125 0.5 0.03671875 0.0203125
3 0.4515625 0.54765625 0.0140625 0.0109375
4 0.990625 0.46171875 0.00859375 0.0109375
2 0.84375 0.5765625 0.01484375 0.01484375
6 0.79140625 0.59140625 0.03515625 0.01875
6 0.753125 0.540625 0.0453125 0.01875
2 0.5984375 0.559375 0.0140625 0.01171875
6 0.52421875 0.5484375 0.034375 0.01875
6 0.546875 0.52578125 0.0265625 0.01875
6 0.49296875 0.62578125 0.02890625 0.021875
5 0.140625 0.54296875 0.05703125 0.01953125
4 0.63984375 0.40234375 0.00703125 0.00703125
6 0.56640625 0.4203125 0.03671875 0.01953125
4 0.046875 0.475 0.015625 0.0140625
4 0.15859375 0.471875 0.00859375 0.0109375
2 0.2421875 0.49921875 0.01875 0.01484375
0 0.9921875 0.38359375 0.0140625 0.0140625
2 0.553125 0.5421875 0.0140625 0.01015625
6 0.4859375 0.6015625 0.03515625 0.01796875
2 0.31328125 0.534375 0.01640625 0.01484375
6 0.0265625 0.565625 0.02890625 0.01484375
4 0.64921875 0.60390625 0.00703125 0.00859375