2 0.03828125 0.53828125 0.009375 0.03515625
2 0.05703125 0.63203125 0.02421875 0.0140625
2 0.22578125 0.4828125 0.01328125 0.03671875
2 0.2234375 0.51796875 0.00859375 0.02578125
2 0.215625 0.390625 0.01171875 0.04609375
2 0.31328125 0.70078125 0.02421875 0.021875
2 0.1984375 0.7203125 0.015625 0.01484375
2 0.45546875 0.703125 0.01328125 0.0453125
2 0.4515625 0.65546875 0.01015625 0.03515625
2 0.4671875 0.63125 0.009375 0.03359375
2 0.459375 0.59296875 0.01015625 0.03828125
2 0.46328125 0.51328125 0.01015625 0.0453125
2 0.4609375 0.45625 0.01015625 0.0359375
2 0.46640625 0.41796875 0.009375 0.03515625
2 0.42421875 0.46953125 0.00859375 0.03125
2 0.421875 0.51328125 0.01171875 0.03515625
2 0.434375 0.4125 0.009375 0.02421875
2 0.40625 0.628125 0.01875 0.0265625
2 0.44921875 0.80390625 0.01015625 0.04296875
2 0.45703125 0.83828125 0.009375 0.04140625
2 0.3984375 0.7765625 0.015625 0.03203125
2 0.390625 0.84140625 0.0109375 0.03203125
2 0.39296875 0.8625 0.01328125 0.02578125
2 0.3921875 0.88203125 0.01640625 0.03046875
2 0.38984375 0.94921875 0.01640625 0.02109375
2 0.53515625 0.3078125 0.01640625 0.03984375
2 0.5265625 0.3578125 0.01640625 0.03046875
2 0.53515625 0.378125 0.01171875 0.0359375
2 0.5609375 0.38203125 0.015625 0.028125
2 0.5234375 0.43984375 0.01640625 0.03203125
2 0.53828125 0.4578125 0.01953125 0.0265625
2 0.5609375 0.5 0.01484375 0.02109375
2 0.53046875 0.52421875 0.01484375 0.03046875
2 0.534375 0.57109375 0.0140625 0.02578125
2 0.51484375 0.64375 0.01015625 0.03671875
2 0.53046875 0.746875 0.00859375 0.03203125
2 0.54296875 0.73828125 0.01484375 0.03125
2 0.5421875 0.7703125 0.01328125 0.03359375
2 0.5296875 0.85703125 0.00859375 0.0359375
2 0.52109375 0.93203125 0.01015625 0.0359375
2 0.56328125 0.971875 0.0203125 0.02578125
2 0.565625 0.98984375 0.01875 0.0203125
2 0.81796875 0.8953125 0.009375 0.0359375
2 0.840625 0.9140625 0.01328125 0.03671875
2 0.853125 0.9171875 0.01171875 0.0453125
2 0.80625 0.95546875 0.0140625 0.0203125
2 0.80546875 0.971875 0.01640625 0.02109375
2 0.80078125 0.9890625 0.01484375 0.021875
2 0.67578125 0.50859375 0.01796875 0.0265625
2 0.690625 0.521875 0.01171875 0.01875
2 0.690625 0.54921875 0.01328125 0.040625
2 0.8484375 0.48359375 0.02578125 0.02578125
2 0.83203125 0.5265625 0.021875 0.0234375
2 0.8984375 0.4875 0.02109375 0.02109375
2 0.7125 0.2875 0.0140625 0.03828125
2 0.83359375 0.27734375 0.00859375 0.0265625
2 0.8984375 0.5359375 0.01640625 0.0203125
2 0.92109375 0.3359375 0.01640625 0.0234375
2 0.796875 0.22890625 0.01015625 0.028125
2 0.81171875 0.22421875 0.01328125 0.028125
2 0.53828125 0.14609375 0.01328125 0.0359375
2 0.54296875 0.19453125 0.01015625 0.03984375
2 0.56953125 0.18671875 0.0140625 0.02578125
2 0.56640625 0.21015625 0.0203125 0.02890625
2 0.5703125 0.1484375 0.0234375 0.0203125
2 0.56640625 0.13203125 0.01640625 0.01328125
2 0.56953125 0.115625 0.01875 0.02890625
2 0.58046875 0.10390625 0.0203125 0.021875
2 0.5953125 0.07890625 0.01796875 0.02109375
2 0.58828125 0.053125 0.0234375 0.021875
2 0.615625 0.05546875 0.02578125 0.021875
2 0.621875 0.03046875 0.01796875 0.015625
2 0.61953125 0.01171875 0.01796875 0.01796875
2 0.52421875 0.05 0.01484375 0.05078125
2 0.4640625 0.1171875 0.01015625 0.04921875
2 0.46171875 0.1859375 0.01171875 0.046875
2 0.46875 0.23125 0.009375 0.03515625
2 0.43125 0.17890625 0.01875 0.01953125
2 0.41796875 0.18359375 0.009375 0.03359375
2 0.4078125 0.1640625 0.009375 0.03046875
2 0.36484375 0.06171875 0.0109375 0.05
2 0.34140625 0.10546875 0.02109375 0.01171875
2 0.34140625 0.059375 0.01328125 0.05859375
2 0.296875 0.0953125 0.01875 0.01796875
2 0.31328125 0.09921875 0.0140625 0.01484375
2 0.22890625 0.06875 0.01875 0.021875
2 0.234375 0.2515625 0.015625 0.03203125
2 0.2171875 0.3 0.01328125 0.03203125
2 0.19609375 0.05859375 0.015625 0.01796875
2 0.20859375 0.0625 0.02109375 0.01875
2 0.0984375 0.03203125 0.0203125 0.021875
2 0.05078125 0.07890625 0.01171875 0.040625
2 0.04921875 0.121875 0.009375 0.03828125
2 0.04921875 0.21484375 0.01484375 0.04296875
0 0.55625 0.0484375 0.01015625 0.03515625
0 0.57578125 0.03203125 0.01015625 0.0203125
0 0.5546875 0.125 0.009375 0.03203125
0 0.51953125 0.23828125 0.01015625 0.02421875
0 0.459375 0.271875 0.01171875 0.0234375
0 0.69296875 0.3265625 0.01796875 0.02890625
0 0.81953125 0.3171875 0.01640625 0.0234375
0 0.871875 0.18671875 0.01171875 0.0234375
0 0.7734375 0.27109375 0.0109375 0.021875
0 0.72421875 0.52109375 0.01796875 0.01640625
0 0.5734375 0.40078125 0.015625 0.025
0 0.54140625 0.65 0.015625 0.02421875
0 0.53515625 0.7953125 0.00859375 0.0234375
0 0.54140625 0.81875 0.00859375 0.02421875
0 0.54296875 0.840625 0.0109375 0.02578125
0 0.54296875 0.86328125 0.01015625 0.03671875
0 0.54375 0.8859375 0.01015625 0.0265625
0 0.54453125 0.90859375 0.009375 0.0296875
0 0.5203125 0.90390625 0.01328125 0.02578125
0 0.5296875 0.9609375 0.0109375 0.021875
0 0.53828125 0.965625 0.01015625 0.0234375
0 0.5296875 0.98515625 0.00859375 0.02578125
0 0.39609375 0.7078125 0.0140625 0.01796875
0 0.36953125 0.70078125 0.015625 0.01796875
0 0.42265625 0.58515625 0.01171875 0.01484375
0 0.428125 0.621875 0.00859375 0.01796875
4 0.034375 0.68203125 0.01875 0.01484375
4 0.028125 0.69453125 0.009375 0.01875
4 0.0171875 0.6984375 0.0140625 0.01796875
4 0.01328125 0.653125 0.015625 0.01796875
4 0.00546875 0.69375 0.01015625 0.03203125
4 0.1265625 0.69140625 0.01484375 0.01640625
4 0.16640625 0.68046875 0.01796875 0.02578125
4 0.19453125 0.68125 0.0140625 0.00859375
4 0.23203125 0.640625 0.01015625 0.0140625
4 0.265625 0.68515625 0.01328125 0.0203125
4 0.30390625 0.64453125 0.01171875 0.0140625
4 0.31171875 0.6734375 0.01875 0.01875
4 0.35625 0.63125 0.0140625 0.02421875
4 0.37578125 0.62890625 0.0109375 0.01875
4 0.44609375 0.5109375 0.00859375 0.02421875
4 0.4515625 0.52109375 0.00546875 0.0296875
4 0.440625 0.63046875 0.01171875 0.01953125
4 0.44453125 0.72890625 0.00859375 0.01953125
4 0.43359375 0.83046875 0.0109375 0.01796875
4 0.44296875 0.8453125 0.00859375 0.02890625
4 0.4421875 0.86953125 0.01328125 0.03828125
4 0.44375 0.909375 0.01171875 0.0359375
4 0.44453125 0.953125 0.00703125 0.04921875
4 0.43828125 0.946875 0.00546875 0.02578125
4 0.528125 0.6890625 0.0109375 0.028125
4 0.53046875 0.71953125 0.00703125 0.01953125
4 0.51328125 0.7703125 0.00859375 0.03125
4 0.51328125 0.8265625 0.0109375 0.01953125
4 0.50703125 0.85390625 0.00703125 0.02578125
4 0.50625 0.95546875 0.009375 0.0203125
4 0.5234375 0.596875 0.0109375 0.021875
4 0.53671875 0.61015625 0.00859375 0.0140625
4 0.5546875 0.52890625 0.01015625 0.02578125
4 0.54296875 0.49921875 0.00625 0.02421875
4 0.5484375 0.5046875 0.00546875 0.01875
4 0.5515625 0.4671875 0.00859375 0.01953125
4 0.55703125 0.475 0.00703125 0.021875
4 0.5625 0.446875 0.01484375 0.01796875
4 0.54609375 0.4265625 0.0109375 0.01796875
4 0.55390625 0.41796875 0.00859375 0.01875
4 0.5515625 0.3984375 0.00859375 0.01875
4 0.59921875 0.3671875 0.00859375 0.02109375
4 0.5796875 0.3765625 0.01171875 0.01484375
4 0.61171875 0.471875 0.01015625 0.01953125
4 0.6015625 0.4859375 0.01015625 0.0140625
4 0.6078125 0.4984375 0.00859375 0.01015625
4 0.621875 0.49453125 0.01171875 0.01875
4 0.64921875 0.48359375 0.01171875 0.01484375
4 0.684375 0.490625 0.01796875 0.01640625
4 0.7234375 0.48125 0.0140625 0.01796875
4 0.771875 0.50859375 0.025 0.028125
4 0.82421875 0.35234375 0.01484375 0.01953125
4 0.90078125 0.3609375 0.00859375 0.01875
4 0.83671875 0.3734375 0.01484375 0.01328125
4 0.8984375 0.5046875 0.01484375 0.01171875
4 0.94296875 0.49453125 0.02109375 0.02578125
4 0.98828125 0.5140625 0.0234375 0.021875
3 0.58046875 0.2640625 0.02421875 0.04921875
3 0.70625 0.30859375 0.015625 0.01953125
4 0.45703125 0.3765625 0.01015625 0.01875
4 0.4359375 0.3359375 0.01015625 0.01328125
4 0.43671875 0.284375 0.0140625 0.0234375
3 0.4515625 0.24140625 0.01171875 0.0265625
4 0.52890625 0.18515625 0.01015625 0.02578125
4 0.53203125 0.20703125 0.00859375 0.0203125
3 0.53203125 0.24140625 0.01640625 0.0515625
4 0.521875 0.203125 0.00859375 0.0234375
4 0.54453125 0.07578125 0.01015625 0.01875
4 0.53359375 0.01953125 0.01015625 0.01171875
4 0.4484375 0.103125 0.01171875 0.02109375
4 0.46484375 0.065625 0.00703125 0.01953125
4 0.4578125 0.11796875 0.00859375 0.02109375
4 0.46171875 0.29453125 0.009375 0.01484375
4 0.45625 0.39453125 0.00546875 0.02109375
4 0.4484375 0.465625 0.009375 0.02421875
0 0.44453125 0.43046875 0.0109375 0.021875
0 0.4515625 0.4390625 0.01171875 0.03125
4 0.69375 0.35 0.015625 0.01484375