1 0.89921875 0.52265625 0.084375 0.053125
2 0.73359375 0.46171875 0.03828125 0.03359375
2 0.7390625 0.5734375 0.03203125 0.03828125
0 0.4671875 0.58359375 0.02109375 0.03359375
0 0.50703125 0.3890625 0.01875 0.034375
2 0.50078125 0.30625 0.01796875 0.0296875
4 0.80703125 0.5796875 0.01484375 0.01640625
4 0.7546875 0.371875 0.00703125 0.02109375
4 0.7609375 0.3796875 0.00859375 0.01953125
4 0.771875 0.3765625 0.01015625 0.01953125
4 0.77890625 0.38984375 0.00859375 0.01953125
4 0.746875 0.421875 0.00859375 0.01484375
4 0.75390625 0.41875 0.00625 0.0203125
4 0.76328125 0.42265625 0.01015625 0.021875
4 0.79453125 0.421875 0.01015625 0.01953125
4 0.80859375 0.3703125 0.01015625 0.01640625
4 0.88203125 0.3796875 0.00859375 0.02109375
4 0.825 0.421875 0.00625 0.02109375
4 0.81171875 0.421875 0.00859375 0.01953125
4 0.81796875 0.421875 0.00546875 0.0203125
4 0.796875 0.378125 0.0109375 0.01953125
0 0.7703125 0.64296875 0.01171875 0.02890625
0 0.78828125 0.640625 0.01484375 0.025
4 0.78125 0.6546875 0.009375 0.01640625
4 0.70625 0.628125 0.015625 0.01171875
4 0.70546875 0.6390625 0.0140625 0.01328125
4 0.70546875 0.65078125 0.01171875 0.01328125
4 0.7015625 0.6609375 0.0140625 0.009375
4 0.8484375 0.41953125 0.00625 0.0203125
4 0.8546875 0.41953125 0.00625 0.02578125
4 0.73515625 0.6484375 0.0140625 0.01328125
4 0.73125 0.659375 0.01171875 0.009375
4 0.73125 0.66640625 0.01171875 0.01171875
2 0.72890625 0.69609375 0.01796875 0.04609375
2 0.70390625 0.80703125 0.02578125 0.03984375
0 0.34453125 0.78671875 0.01640625 0.0296875
0 0.43046875 0.771875 0.01015625 0.03828125
0 0.46328125 0.8015625 0.0109375 0.03359375
2 0.4546875 0.77109375 0.01171875 0.028125
4 0.46484375 0.77265625 0.009375 0.02421875
0 0.43203125 0.975 0.0109375 0.0390625
0 0.41015625 0.97109375 0.01328125 0.0296875
0 0.3765625 0.4234375 0.0234375 0.0234375
4 0.29609375 0.4515625 0.01875 0.01171875
4 0.346875 0.44609375 0.01171875 0.01171875
4 0.39609375 0.44609375 0.01171875 0.0109375
2 0.33203125 0.46875 0.0234375 0.0203125
0 0.35859375 0.4578125 0.01484375 0.01484375
1 0.30078125 0.52109375 0.0609375 0.04140625
1 0.3609375 0.534375 0.0515625 0.034375
4 0.08671875 0.3671875 0.01328125 0.01328125
4 0.09453125 0.4015625 0.015625 0.0140625
2 0.06640625 0.50234375 0.0203125 0.01953125
2 0.11328125 0.525 0.02578125 0.025
4 0.090625 0.53671875 0.009375 0.0140625
4 0.1015625 0.53828125 0.009375 0.01171875
2 0.1515625 0.5359375 0.021875 0.025
4 0.19375 0.559375 0.0109375 0.0140625
4 0.24296875 0.5796875 0.01015625 0.01796875
4 0.22578125 0.5859375 0.01015625 0.01484375
0 0.16484375 0.56171875 0.01640625 0.01875
0 0.24453125 0.60859375 0.015625 0.01796875
4 0.1734375 0.5484375 0.01171875 0.0109375
2 0.18203125 0.6125 0.021875 0.02578125
2 0.0984375 0.65078125 0.015625 0.028125
2 0.09375 0.68359375 0.01484375 0.03359375
2 0.08828125 0.71953125 0.01171875 0.03515625
2 0.03046875 0.5359375 0.021875 0.021875
2 0.053125 0.5484375 0.02109375 0.02421875
2 0.07421875 0.553125 0.0203125 0.02109375
2 0.09453125 0.578125 0.02421875 0.021875
2 0.04453125 0.5796875 0.0109375 0.03125
2 0.05625 0.57890625 0.01328125 0.0296875
4 0.0515625 0.52421875 0.01328125 0.01171875
0 0.034375 0.50625 0.01796875 0.0203125
2 0.03046875 0.484375 0.025 0.01640625
2 0.384375 0.4609375 0.02421875 0.01640625
2 0.38671875 0.47734375 0.0203125 0.01796875
2 0.390625 0.496875 0.021875 0.01875
4 0.35078125 0.47578125 0.009375 0.01015625
4 0.3609375 0.47109375 0.00859375 0.01015625
4 0.37109375 0.46875 0.01015625 0.01015625
4 0.36015625 0.48046875 0.009375 0.01015625
4 0.3703125 0.4796875 0.01171875 0.01171875
2 0.365625 0.49453125 0.021875 0.01796875
4 0.35546875 0.50546875 0.009375 0.009375
4 0.3765625 0.509375 0.00859375 0.009375
4 0.3890625 0.51171875 0.009375 0.009375
4 0.66015625 0.509375 0.01171875 0.0203125
4 0.615625 0.4828125 0.0140625 0.015625
4 0.61796875 0.5125 0.01328125 0.01171875
4 0.565625 0.56015625 0.01015625 0.0203125
4 0.584375 0.58125 0.01171875 0.0140625
4 0.6078125 0.58359375 0.01171875 0.0140625
4 0.6328125 0.5796875 0.01171875 0.01484375
4 0.4890625 0.46328125 0.01015625 0.0203125
4 0.4765625 0.446875 0.01015625 0.02421875
4 0.596875 0.39296875 0.01171875 0.0203125
4 0.61953125 0.43125 0.00859375 0.01875
2 0.49296875 0.19140625 0.0140625 0.0359375
2 0.515625 0.10625 0.015625 0.04296875
2 0.43828125 0.39375 0.021875 0.0265625
4 0.59921875 0.346875 0.009375 0.015625
4 0.6015625 0.36484375 0.00859375 0.01875
4 0.60859375 0.38046875 0.00859375 0.0109375
4 0.609375 0.35 0.01015625 0.01171875
4 0.615625 0.39765625 0.00703125 0.01484375
4 0.5734375 0.3609375 0.00859375 0.01484375
4 0.575 0.340625 0.00625 0.01640625
4 0.56640625 0.34375 0.00546875 0.015625
4 0.56015625 0.34140625 0.00546875 0.0140625
4 0.5609375 0.3265625 0.00546875 0.0109375
4 0.57734375 0.2515625 0.00625 0.01953125
4 0.59140625 0.2109375 0.00546875 0.01875
4 0.584375 0.2078125 0.00625 0.0140625
0 0.56875 0.32109375 0.009375 0.0234375
0 0.5734375 0.29765625 0.01171875 0.0203125
0 0.571875 0.27421875 0.00859375 0.0265625
2 0.584375 0.27109375 0.01015625 0.04375
0 0.590625 0.23515625 0.00859375 0.0234375
0 0.58125 0.22890625 0.00859375 0.02421875
0 0.59296875 0.18984375 0.00859375 0.02109375
0 0.60625 0.1609375 0.01015625 0.02421875
0 0.6140625 0.11796875 0.00859375 0.025
4 0.628125 0.04609375 0.00703125 0.01953125
4 0.621875 0.103125 0.0046875 0.01796875
4 0.61484375 0.084375 0.00703125 0.01796875
0 0.603125 0.13359375 0.009375 0.028125
0 0.596875 0.16171875 0.00859375 0.025
4 0.59921875 0.17890625 0.00859375 0.0140625
6 0.60625 0.0578125 0.02421875 0.08046875
6 0.59140625 0.1375 0.025 0.078125
6 0.571875 0.21796875 0.02890625 0.07421875
6 0.5546875 0.30390625 0.0296875 0.090625
4 0.39140625 0.3828125 0.009375 0.01875
4 0.4015625 0.3796875 0.00703125 0.0203125
4 0.41953125 0.3453125 0.009375 0.01640625
4 0.41484375 0.3765625 0.00546875 0.01953125
4 0.42421875 0.37421875 0.00703125 0.01484375
4 0.4375 0.32421875 0.01328125 0.0109375
4 0.43828125 0.36328125 0.009375 0.0140625
4 0.43046875 0.3375 0.00859375 0.015625
4 0.44453125 0.33828125 0.0109375 0.0140625
4 0.4453125 0.30859375 0.01171875 0.01015625
4 0.459375 0.28515625 0.01171875 0.01484375
4 0.45546875 0.32265625 0.01171875 0.00859375
4 0.4609375 0.3109375 0.01015625 0.0140625