2 0.40859375 0.5109375 0.01640625 0.0203125
2 0.265625 0.54375 0.01953125 0.01875
4 0.16328125 0.5703125 0.009375 0.01875
4 0.17421875 0.58671875 0.009375 0.01484375
1 0.1546875 0.60546875 0.04921875 0.025
0 0.10078125 0.49453125 0.0203125 0.015625
4 0.34921875 0.48828125 0.0109375 0.01015625
0 0.3765625 0.4984375 0.01484375 0.01484375
2 0.41640625 0.5921875 0.025 0.01328125
4 0.53515625 0.4875 0.01015625 0.009375
0 0.0609375 0.503125 0.01640625 0.01328125
3 0.06328125 0.23984375 0.01953125 0.01796875
2 0.61875 0.803125 0.009375 0.028125
2 0.61484375 0.83125 0.00859375 0.03046875
2 0.615625 0.93203125 0.00703125 0.03125
2 0.61484375 0.97578125 0.009375 0.0265625
2 0.61640625 0.9953125 0.01015625 0.009375
4 0.62890625 0.775 0.00703125 0.021875
2 0.68203125 0.6015625 0.015625 0.0140625
2 0.6734375 0.54609375 0.015625 0.015625
2 0.70234375 0.56953125 0.01484375 0.01640625
2 0.7015625 0.5953125 0.015625 0.01875
2 0.74609375 0.54453125 0.01640625 0.01328125
2 0.79296875 0.58359375 0.01484375 0.00625
4 0.77890625 0.55625 0.009375 0.01953125
4 0.73984375 0.675 0.00390625 0.01171875
4 0.759375 0.67578125 0.0046875 0.0140625
4 0.71796875 0.65078125 0.00625 0.01640625
4 0.69296875 0.65625 0.00390625 0.015625
4 0.7015625 0.66015625 0.00390625 0.01171875
4 0.721875 0.675 0.00625 0.015625
4 0.73203125 0.6765625 0.00390625 0.01171875
4 0.80625 0.67578125 0.00390625 0.009375
4 0.7046875 0.678125 0.0046875 0.015625
4 0.69296875 0.6765625 0.00390625 0.01328125
4 0.865625 0.67578125 0.00703125 0.0109375
4 0.84453125 0.67265625 0.00546875 0.02109375
4 0.91796875 0.6734375 0.003125 0.01171875
4 0.971875 0.6734375 0.00390625 0.0140625
4 0.89296875 0.56328125 0.00859375 0.0109375
4 0.87578125 0.5609375 0.00703125 0.01484375
4 0.83671875 0.56640625 0.00859375 0.00859375
4 0.8796875 0.67421875 0.00078125 0.01171875
4 0.82578125 0.67421875 0.00625 0.01640625
4 0.834375 0.67421875 0.00546875 0.01328125
2 0.71953125 0.51328125 0.01953125 0.01796875
2 0.78203125 0.47265625 0.015625 0.01796875
2 0.82890625 0.54296875 0.01640625 0.01796875
2 0.86796875 0.54296875 0.0203125 0.0140625
2 0.8421875 0.58515625 0.02109375 0.0140625
2 0.9078125 0.58203125 0.02109375 0.02109375
0 0.928125 0.56796875 0.0140625 0.015625
0 0.928125 0.584375 0.01796875 0.015625
2 0.9484375 0.54609375 0.01796875 0.0234375
2 0.9765625 0.54609375 0.02421875 0.01953125
2 0.96171875 0.51015625 0.01953125 0.02109375
4 0.92421875 0.48828125 0.01015625 0.01328125
4 0.85390625 0.4734375 0.01171875 0.01328125
4 0.79921875 0.5140625 0.009375 0.01875
2 0.99609375 0.559375 0.00703125 0.02421875
2 0.996875 0.49375 0.00546875 0.01640625
0 0.9921875 0.471875 0.015625 0.01875
0 0.85859375 0.48984375 0.02109375 0.015625
2 0.6609375 0.48828125 0.01796875 0.0265625