4 0.0171875 0.43046875 0.01171875 0.01484375
4 0.05546875 0.4390625 0.0203125 0.02109375
4 0.0875 0.4421875 0.0109375 0.02109375
4 0.0984375 0.4296875 0.0140625 0.0203125
4 0.0984375 0.46875 0.01328125 0.01171875
4 0.05625 0.559375 0.01328125 0.01796875
4 0.07578125 0.54296875 0.01171875 0.01171875
4 0.0953125 0.56328125 0.0140625 0.01171875
4 0.159375 0.553125 0.0109375 0.01796875
4 0.16328125 0.56796875 0.01640625 0.01015625
4 0.1734375 0.459375 0.015625 0.01875
4 0.1875 0.45 0.01171875 0.0140625
4 0.253125 0.43671875 0.015625 0.01640625
4 0.278125 0.43671875 0.0140625 0.01640625
4 0.309375 0.44375 0.01015625 0.01484375
4 0.3359375 0.4296875 0.0109375 0.01328125
4 0.38125 0.446875 0.01640625 0.01953125
4 0.28828125 0.5296875 0.0140625 0.01484375
4 0.3453125 0.546875 0.01328125 0.01328125
4 0.3734375 0.53359375 0.01484375 0.01484375
4 0.3671875 0.54921875 0.01171875 0.01796875
2 0.24921875 0.46484375 0.03046875 0.021875
2 0.01328125 0.53671875 0.025 0.0203125
6 0.1640625 0.4359375 0.0296875 0.0203125
0 0.2421875 0.56015625 0.01640625 0.0265625
0 0.328125 0.5328125 0.0203125 0.034375
0 0.346875 0.56796875 0.01796875 0.01328125
4 0.4171875 0.4296875 0.00859375 0.0140625
4 0.409375 0.41640625 0.01171875 0.009375
4 0.45546875 0.45 0.0109375 0.0140625
4 0.47109375 0.42421875 0.01015625 0.01015625
4 0.48671875 0.4296875 0.01484375 0.01171875
4 0.5140625 0.42109375 0.0109375 0.0109375
4 0.5140625 0.43671875 0.01171875 0.009375
4 0.54453125 0.42109375 0.01015625 0.009375
4 0.46484375 0.5421875 0.009375 0.01328125
4 0.528125 0.5640625 0.0109375 0.01484375
0 0.478125 0.528125 0.01484375 0.01953125
3 0.559375 0.4390625 0.02578125 0.0203125
6 0.5921875 0.459375 0.0296875 0.025
2 0.646875 0.45078125 0.025 0.01953125
4 0.6609375 0.54453125 0.01484375 0.02109375
4 0.6109375 0.421875 0.01015625 0.01328125
4 0.65390625 0.42109375 0.01171875 0.01171875
4 0.690625 0.425 0.0109375 0.01171875
4 0.70703125 0.434375 0.01171875 0.01171875
4 0.7453125 0.421875 0.01171875 0.009375
4 0.7484375 0.5515625 0.01953125 0.01015625
4 0.8390625 0.54296875 0.01484375 0.01015625
4 0.83984375 0.55546875 0.01328125 0.00859375
4 0.840625 0.41953125 0.01171875 0.0140625
4 0.853125 0.43125 0.01484375 0.01171875
4 0.89609375 0.446875 0.01171875 0.01171875
4 0.90390625 0.43515625 0.01015625 0.01171875
4 0.90546875 0.4234375 0.0109375 0.00859375
4 0.88359375 0.53515625 0.015625 0.015625
4 0.8828125 0.5578125 0.0140625 0.0140625
2 0.81640625 0.45546875 0.02421875 0.02109375
2 0.8671875 0.521875 0.025 0.021875
4 0.91875 0.55625 0.01328125 0.01171875
4 0.93515625 0.51171875 0.01796875 0.01328125
4 0.95234375 0.525 0.01328125 0.01328125
4 0.98203125 0.51953125 0.01484375 0.0109375
4 0.94296875 0.40234375 0.015625 0.015625
4 0.96171875 0.41640625 0.01328125 0.01171875
2 0.96953125 0.45 0.02421875 0.025
0 0.953125 0.54453125 0.0234375 0.0203125
4 0.02109375 0.55 0.01953125 0.01953125
4 0.3953125 0.46484375 0.01796875 0.021875
4 0.76953125 0.56171875 0.01171875 0.01640625
1 0.76875 0.5203125 0.06328125 0.04375