0 0.43046875 0.93359375 0.01484375 0.04453125
4 0.4890625 0.90234375 0.009375 0.02578125
0 0.434375 0.82734375 0.01015625 0.034375
0 0.41875 0.8125 0.01171875 0.040625
4 0.4265625 0.81875 0.00625 0.03125
0 0.30625 0.84921875 0.03359375 0.0359375
1 0.09296875 0.50078125 0.09296875 0.059375
2 0.115625 0.56171875 0.025 0.021875
2 0.0484375 0.54140625 0.03046875 0.0265625
4 0.0453125 0.57109375 0.0140625 0.0203125
4 0.07421875 0.56640625 0.01484375 0.015625
4 0.090625 0.59140625 0.015625 0.01484375
4 0.134375 0.6015625 0.01640625 0.015625
4 0.140625 0.5859375 0.0140625 0.015625
4 0.00546875 0.5484375 0.01015625 0.01796875
4 0.0171875 0.528125 0.015625 0.01484375
4 0.0171875 0.54296875 0.01484375 0.0140625
2 0.109375 0.63828125 0.02578125 0.0265625
2 0.1984375 0.5859375 0.03671875 0.04921875
2 0.2375 0.60078125 0.025 0.0296875
4 0.33671875 0.53515625 0.0140625 0.01484375
0 0.3890625 0.553125 0.02421875 0.021875
0 0.378125 0.5890625 0.0265625 0.0234375
4 0.33984375 0.6015625 0.0140625 0.01796875
4 0.31953125 0.60625 0.0140625 0.02109375
2 0.334375 0.63046875 0.025 0.02109375
2 0.36171875 0.6265625 0.0234375 0.01953125
4 0.38046875 0.61171875 0.0140625 0.015625
4 0.33671875 0.67578125 0.01484375 0.015625
4 0.34296875 0.6484375 0.01328125 0.01875
4 0.365625 0.66953125 0.01171875 0.015625
4 0.36171875 0.64453125 0.0140625 0.0140625
4 0.35625 0.6609375 0.0109375 0.01171875
4 0.38359375 0.65625 0.01171875 0.01640625
4 0.3921875 0.64140625 0.01328125 0.01484375
4 0.3765625 0.640625 0.0140625 0.01171875
2 0.41015625 0.61171875 0.025 0.02578125
4 0.40546875 0.646875 0.01484375 0.01484375
0 0.42421875 0.6375 0.02109375 0.0203125
4 0.42578125 0.66875 0.01484375 0.01875
4 0.43515625 0.653125 0.01171875 0.01171875
4 0.4484375 0.61640625 0.01484375 0.01875
2 0.46875 0.58984375 0.03125 0.02109375
2 0.51953125 0.58203125 0.034375 0.02421875
4 0.4671875 0.61875 0.01171875 0.01796875
4 0.48828125 0.6046875 0.0140625 0.01796875
4 0.53359375 0.6015625 0.015625 0.015625
4 0.53203125 0.678125 0.01328125 0.02890625
4 0.36640625 0.390625 0.01015625 0.0109375
0 0.33984375 0.4390625 0.01640625 0.01796875
0 0.346875 0.45859375 0.01875 0.015625
0 0.36484375 0.4578125 0.0203125 0.01484375
0 0.34453125 0.496875 0.01953125 0.02109375
0 0.3625 0.5015625 0.01875 0.01796875
2 0.36328125 0.47890625 0.0265625 0.0234375
4 0.31875 0.465625 0.01171875 0.0140625
4 0.31796875 0.44921875 0.01328125 0.0140625
4 0.32421875 0.44140625 0.01171875 0.0140625
4 0.33359375 0.4703125 0.01171875 0.01171875
4 0.33046875 0.503125 0.00859375 0.01875
4 0.33203125 0.45703125 0.009375 0.01484375
4 0.346875 0.42578125 0.01484375 0.01015625
4 0.375 0.43046875 0.0140625 0.009375
4 0.3703125 0.4421875 0.01171875 0.01328125
4 0.35703125 0.440625 0.01171875 0.0109375
4 0.3625 0.4140625 0.01171875 0.01328125
4 0.36171875 0.4265625 0.01328125 0.01171875
4 0.3609375 0.35078125 0.009375 0.0265625
4 0.3734375 0.34609375 0.00625 0.0234375
4 0.3859375 0.34453125 0.00625 0.02109375
4 0.39921875 0.3421875 0.00703125 0.02578125
4 0.396875 0.3015625 0.009375 0.0234375
4 0.4125 0.33671875 0.00859375 0.021875
4 0.48828125 0.28203125 0.0109375 0.02578125
4 0.496875 0.32421875 0.0109375 0.0265625
4 0.534375 0.32421875 0.01171875 0.01640625
1 0.52890625 0.41640625 0.05078125 0.084375
2 0.58203125 0.46640625 0.0296875 0.034375
0 0.57890625 0.38203125 0.009375 0.04140625
0 0.57421875 0.3515625 0.01796875 0.03203125
4 0.41328125 0.29453125 0.009375 0.02109375
4 0.4046875 0.2953125 0.00625 0.02421875
4 0.41953125 0.2625 0.01484375 0.01328125
4 0.42890625 0.29453125 0.01015625 0.01640625
4 0.43828125 0.2765625 0.01171875 0.015625
4 0.44296875 0.2296875 0.01484375 0.01484375
4 0.43359375 0.24140625 0.0140625 0.01171875
4 0.4328125 0.2515625 0.01171875 0.01484375
4 0.4546875 0.24296875 0.01171875 0.01953125
4 0.44453125 0.2625 0.01171875 0.015625
0 0.46171875 0.26328125 0.0140625 0.0390625
0 0.496875 0.1984375 0.0140625 0.03984375
4 0.46796875 0.15390625 0.01484375 0.015625
4 0.44765625 0.20703125 0.01640625 0.015625
4 0.471875 0.1390625 0.01171875 0.015625
2 0.48515625 0.11171875 0.025 0.03984375
4 0.528125 0.03203125 0.01171875 0.0234375
4 0.509375 0.1890625 0.00859375 0.025
2 0.6265625 0.56171875 0.03203125 0.03125
4 0.7328125 0.56640625 0.015625 0.0203125
0 0.815625 0.53671875 0.01796875 0.028125
2 0.7828125 0.43671875 0.03515625 0.03203125
0 0.96796875 0.5765625 0.021875 0.0296875
0 0.98515625 0.44609375 0.02578125 0.02890625
0 0.83125 0.6640625 0.0109375 0.03203125
0 0.85078125 0.659375 0.0140625 0.0296875
4 0.84140625 0.6765625 0.00703125 0.02421875
4 0.7484375 0.64375 0.01796875 0.01640625
4 0.746875 0.65859375 0.01484375 0.01328125
4 0.74921875 0.67421875 0.01171875 0.01171875
4 0.74453125 0.6875 0.01015625 0.0109375
4 0.78515625 0.671875 0.0140625 0.01953125
4 0.78203125 0.6921875 0.015625 0.01640625
2 0.7796875 0.7296875 0.02109375 0.05078125
4 0.7390625 0.359375 0.01015625 0.0234375
4 0.759375 0.315625 0.0140625 0.02421875
4 0.81015625 0.33046875 0.00703125 0.0296875
4 0.8171875 0.3390625 0.00859375 0.025
4 0.83046875 0.33671875 0.00859375 0.0265625
4 0.80078125 0.39140625 0.009375 0.0265625
4 0.8078125 0.3890625 0.00625 0.028125
4 0.83828125 0.34765625 0.00546875 0.02890625
4 0.8578125 0.39140625 0.01015625 0.02578125
4 0.8609375 0.33828125 0.00859375 0.02578125
4 0.88046875 0.38984375 0.00546875 0.02421875
4 0.89609375 0.390625 0.00859375 0.025
4 0.88671875 0.3890625 0.00703125 0.02890625
4 0.87421875 0.32890625 0.009375 0.01953125
4 0.90625 0.3453125 0.009375 0.028125
4 0.965625 0.33828125 0.01171875 0.0265625
4 0.92109375 0.33359375 0.01015625 0.02109375
4 0.9390625 0.33203125 0.01171875 0.0234375
4 0.9234375 0.3890625 0.00625 0.0234375
4 0.93203125 0.3875 0.00703125 0.0234375
4 0.95625 0.38359375 0.015625 0.0296875
4 0.61796875 0.3015625 0.01171875 0.01796875
4 0.6203125 0.3234375 0.00703125 0.01953125
4 0.62890625 0.34140625 0.01015625 0.015625
4 0.62890625 0.3046875 0.0140625 0.0203125
4 0.6359375 0.3640625 0.01171875 0.0203125
4 0.56015625 0.29296875 0.009375 0.02109375
4 0.54375 0.2453125 0.01015625 0.01796875
4 0.5375 0.27109375 0.01171875 0.0203125
4 0.5734375 0.2484375 0.0109375 0.025
0 0.58359375 0.2171875 0.01171875 0.02890625
0 0.58203125 0.25390625 0.0109375 0.03359375
0 0.58828125 0.28203125 0.0140625 0.0265625
0 0.6 0.2609375 0.0140625 0.02890625
0 0.590625 0.25078125 0.00859375 0.034375
4 0.59921875 0.22734375 0.00859375 0.0234375
0 0.603125 0.196875 0.01171875 0.034375
2 0.59453125 0.17109375 0.0203125 0.0484375
4 0.60625 0.171875 0.0109375 0.0203125
0 0.6109375 0.14296875 0.01171875 0.03359375
0 0.61328125 0.09296875 0.01015625 0.0359375
0 0.596875 0.078125 0.01171875 0.0390625
2 0.60703125 0.0234375 0.01953125 0.046875
4 0.61796875 0.03046875 0.00546875 0.02109375
4 0.609375 0.0671875 0.00703125 0.01796875
4 0.63046875 0.0734375 0.01015625 0.01953125
4 0.60078125 0.09765625 0.01015625 0.01875
4 0.5984375 0.1359375 0.00859375 0.01875
2 0.6265625 0.04375 0.01328125 0.0484375
6 0.58359375 0.1484375 0.04921875 0.11875
6 0.55546875 0.24765625 0.03515625 0.09296875
4 0.63125 0.10390625 0.00703125 0.0203125