2 0.21171875 0.39296875 0.0140625 0.034375
2 0.21171875 0.30703125 0.009375 0.03828125
2 0.2296875 0.25625 0.0109375 0.03359375
2 0.41953125 0.46953125 0.01015625 0.02890625
2 0.41796875 0.5125 0.0140625 0.034375
2 0.45703125 0.25625 0.01171875 0.03984375
2 0.4609375 0.34921875 0.01328125 0.03828125
2 0.22421875 0.4875 0.01328125 0.04375
2 0.221875 0.521875 0.0109375 0.0359375
2 0.034375 0.5484375 0.01171875 0.04453125
2 0.5203125 0.2546875 0.01171875 0.046875
2 0.5203125 0.30546875 0.01171875 0.04296875
2 0.540625 0.37109375 0.01875 0.0390625
2 0.51953125 0.37265625 0.0140625 0.03671875
2 0.70859375 0.284375 0.01484375 0.03515625
2 0.76953125 0.25390625 0.0140625 0.04375
2 0.6890625 0.5140625 0.01875 0.0265625
2 0.64375 0.50859375 0.02578125 0.0234375
2 0.459375 0.55078125 0.01484375 0.03359375
2 0.4390625 0.58125 0.021875 0.03515625
2 0.44921875 0.62421875 0.01640625 0.04609375
2 0.396875 0.7796875 0.01328125 0.046875
2 0.39375 0.84453125 0.01796875 0.02890625
2 0.39375 0.865625 0.01953125 0.021875
2 0.39296875 0.884375 0.021875 0.03046875
2 0.38828125 0.95 0.01875 0.0359375
2 0.51796875 0.9390625 0.01484375 0.03515625
2 0.54296875 0.734375 0.015625 0.04140625
2 0.54296875 0.76640625 0.01875 0.028125
2 0.53046875 0.84921875 0.01640625 0.03671875
2 0.565625 0.97109375 0.0203125 0.02109375
2 0.56796875 0.98828125 0.01640625 0.015625
2 0.0546875 0.63828125 0.025 0.02109375
2 0.53046875 0.64921875 0.01171875 0.0359375
2 0.51796875 0.5296875 0.0140625 0.04140625
2 0.6890625 0.5421875 0.0140625 0.0390625
2 0.80625 0.946875 0.02421875 0.01796875
2 0.80546875 0.96328125 0.02109375 0.01328125
0 0.0234375 0.69921875 0.01796875 0.01796875
0 0.16953125 0.65703125 0.0203125 0.01953125
0 0.39296875 0.70703125 0.01640625 0.02421875
0 0.39609375 0.60390625 0.01328125 0.0234375
0 0.5234375 0.5109375 0.01328125 0.028125
0 0.54453125 0.565625 0.0140625 0.0390625
0 0.5265625 0.54609375 0.0140625 0.0359375
0 0.52109375 0.59453125 0.01171875 0.02578125
0 0.52578125 0.340625 0.015625 0.02109375
0 0.53046875 0.9140625 0.01640625 0.02578125
0 0.521875 0.97265625 0.0140625 0.034375
0 0.5390625 0.96328125 0.00859375 0.0390625
0 0.534375 0.79140625 0.01171875 0.02890625
0 0.54140625 0.81640625 0.01171875 0.02578125
0 0.54609375 0.83359375 0.01640625 0.028125
0 0.54296875 0.8578125 0.009375 0.0265625
0 0.54375 0.87734375 0.01640625 0.021875
0 0.54453125 0.90625 0.01171875 0.02421875
0 0.6453125 0.3109375 0.01640625 0.0234375
0 0.690625 0.31640625 0.01875 0.02421875
0 0.709375 0.4828125 0.01171875 0.034375
3 0.44296875 0.52578125 0.01875 0.04453125
1 0.52109375 0.44375 0.0140625 0.09921875
2 0.528125 0.39296875 0.01171875 0.04140625
0 0.7359375 0.48515625 0.01640625 0.02109375
0 0.015625 0.6734375 0.01796875 0.02109375
4 0.08125 0.659375 0.01328125 0.01484375
4 0.08671875 0.67421875 0.01171875 0.01484375
4 0.14453125 0.69375 0.0140625 0.01875
4 0.18359375 0.69140625 0.01328125 0.01640625
4 0.30859375 0.63203125 0.01484375 0.02109375
4 0.30078125 0.68046875 0.01171875 0.01875
4 0.390625 0.6296875 0.01484375 0.0203125
4 0.42109375 0.6140625 0.0140625 0.01875
4 0.44453125 0.696875 0.01171875 0.021875
4 0.45234375 0.67578125 0.009375 0.01953125
4 0.35859375 0.67421875 0.0109375 0.02109375
4 0.36953125 0.6796875 0.01171875 0.01953125
4 0.34296875 0.67578125 0.01328125 0.02421875
4 0.33125 0.690625 0.01640625 0.01953125
4 0.05234375 0.69453125 0.01484375 0.01640625
4 0.41953125 0.6953125 0.0140625 0.02109375
4 0.41328125 0.659375 0.01640625 0.015625
4 0.40078125 0.66328125 0.01640625 0.0140625
4 0.446875 0.32890625 0.01171875 0.034375
4 0.44453125 0.4359375 0.01015625 0.01953125
4 0.45859375 0.48671875 0.01171875 0.03671875
4 0.44296875 0.9625 0.0140625 0.0296875
4 0.4390625 0.98203125 0.01328125 0.0296875
4 0.35859375 0.69609375 0.01484375 0.01953125
4 0.37421875 0.69375 0.0140625 0.015625
4 0.21328125 0.709375 0.0140625 0.0203125
4 0.63359375 0.46484375 0.015625 0.0203125
4 0.61796875 0.475 0.015625 0.01875
4 0.5734375 0.47578125 0.01640625 0.0234375
4 0.5515625 0.50546875 0.01171875 0.02421875
4 0.5578125 0.51953125 0.01015625 0.02578125
4 0.5171875 0.7484375 0.0140625 0.0265625
4 0.5125 0.71484375 0.00859375 0.0234375
4 0.521875 0.8078125 0.01171875 0.02421875
2 0.43125 0.4109375 0.01328125 0.034375
2 0.53984375 0.44609375 0.01953125 0.03125
2 0.09140625 0.03828125 0.0203125 0.03203125
2 0.190625 0.065625 0.01640625 0.028125
2 0.20859375 0.065625 0.01796875 0.021875
2 0.2265625 0.06953125 0.02421875 0.02109375
2 0.29375 0.09453125 0.0203125 0.02578125
2 0.309375 0.09765625 0.021875 0.015625
2 0.334375 0.05546875 0.009375 0.034375
2 0.35859375 0.059375 0.009375 0.0453125
2 0.3359375 0.10390625 0.01953125 0.025
2 0.42421875 0.11875 0.02109375 0.02421875
2 0.4140625 0.18671875 0.0109375 0.046875
2 0.61484375 0.00859375 0.01875 0.01640625
2 0.615625 0.03046875 0.01875 0.02109375
2 0.5828125 0.05390625 0.0234375 0.01640625
2 0.5765625 0.0984375 0.0203125 0.021875
2 0.5671875 0.109375 0.0203125 0.0265625
2 0.5640625 0.13046875 0.0203125 0.015625
2 0.5640625 0.14609375 0.0203125 0.01953125
2 0.56640625 0.1625 0.02578125 0.0203125
2 0.5671875 0.18359375 0.021875 0.028125
2 0.565625 0.203125 0.02578125 0.02109375
3 0.5796875 0.2640625 0.0203125 0.04296875
0 0.23828125 0.021875 0.0140625 0.03203125
0 0.321875 0.03359375 0.01015625 0.0265625
0 0.440625 0.16796875 0.01875 0.034375
0 0.5515625 0.128125 0.00859375 0.03046875
0 0.5515625 0.04296875 0.009375 0.03359375
0 0.5703125 0.02890625 0.009375 0.02890625
0 0.53828125 0.21953125 0.01015625 0.0296875
4 0.52578125 0.04765625 0.01171875 0.0359375
4 0.4609375 0.15625 0.0109375 0.028125
4 0.45625 0.196875 0.0140625 0.02890625
4 0.4625 0.21953125 0.01171875 0.03515625
0 0.46015625 0.3078125 0.01171875 0.03203125
4 0.4328125 0.47578125 0.00859375 0.0296875
2 0.61640625 0.51640625 0.01875 0.0265625
4 0.534375 0.2953125 0.00703125 0.03828125
4 0.54453125 0.3296875 0.01171875 0.01640625
4 0.53046875 0.1125 0.0140625 0.025
1 0.85078125 0.35234375 0.05703125 0.03203125
2 0.7890625 0.18046875 0.0140625 0.03515625
2 0.8671875 0.134375 0.0140625 0.04375
2 0.86796875 0.17734375 0.01171875 0.0359375
2 0.865625 0.2109375 0.01171875 0.03359375
2 0.80859375 0.21328125 0.0140625 0.03359375
0 0.80703125 0.1765625 0.01328125 0.03203125
2 0.8765625 0.48125 0.0234375 0.02109375
2 0.89609375 0.52265625 0.0234375 0.021875
2 0.83046875 0.51640625 0.021875 0.021875
2 0.80859375 0.48046875 0.02890625 0.03125
4 0.79609375 0.31796875 0.02109375 0.028125
4 0.8109375 0.34296875 0.0203125 0.02421875
4 0.85078125 0.4890625 0.01796875 0.025
4 0.83359375 0.49453125 0.0203125 0.01796875
4 0.9203125 0.4859375 0.0203125 0.015625
4 0.97890625 0.484375 0.01875 0.01484375
4 0.9734375 0.496875 0.02421875 0.01484375
4 0.71953125 0.49609375 0.01484375 0.0203125
2 0.91640625 0.32421875 0.0203125 0.02109375
2 0.815625 0.88671875 0.0109375 0.03984375
2 0.840625 0.8984375 0.0109375 0.03984375
2 0.80078125 0.9859375 0.01328125 0.01875