3 0.1984375 0.75625 0.04140625 0.0359375
2 0.22734375 0.84375 0.0234375 0.03203125
4 0.27890625 0.73203125 0.01484375 0.0203125
4 0.125 0.86796875 0.0109375 0.015625
4 0.17109375 0.9015625 0.01328125 0.01796875
4 0.29921875 0.88125 0.01484375 0.021875
4 0.4015625 0.88046875 0.01171875 0.02109375
2 0.48125 0.7890625 0.02578125 0.02578125
4 0.471875 0.82109375 0.01171875 0.02578125
4 0.48359375 0.73359375 0.009375 0.02890625
4 0.51796875 0.62421875 0.00859375 0.0296875
4 0.5890625 0.74375 0.01171875 0.02890625
2 0.63203125 0.75390625 0.025 0.03046875
4 0.52109375 0.459375 0.0140625 0.03671875
4 0.403125 0.72109375 0.01484375 0.015625
4 0.4921875 0.68515625 0.01328125 0.02421875
4 0.66875 0.90078125 0.01640625 0.01953125
6 0.596875 0.85390625 0.04609375 0.04296875
2 0.5484375 0.89375 0.034375 0.03359375
4 0.79921875 0.9 0.01640625 0.01953125
2 0.8359375 0.81328125 0.034375 0.0390625
2 0.8390625 0.865625 0.034375 0.03515625
2 0.928125 0.79375 0.03125 0.0296875
2 0.940625 0.815625 0.03359375 0.0234375
4 0.87578125 0.89375 0.01953125 0.03046875
4 0.909375 0.89296875 0.01796875 0.01484375
4 0.9859375 0.8984375 0.01875 0.0234375
4 0.99140625 0.8609375 0.01640625 0.0265625
4 0.828125 0.76484375 0.015625 0.028125
3 0.5609375 0.80546875 0.028125 0.03046875
4 0.5234375 0.30078125 0.01015625 0.03046875
4 0.5234375 0.07890625 0.01328125 0.0296875