4 0.23671875 0.05625 0.01015625 0.01875
4 0.253125 0.065625 0.009375 0.01796875
4 0.29453125 0.11953125 0.009375 0.01484375
4 0.3265625 0.1734375 0.01015625 0.0140625
4 0.35546875 0.18515625 0.009375 0.01171875
4 0.38828125 0.209375 0.01171875 0.0109375
4 0.45546875 0.20390625 0.009375 0.01015625
4 0.47109375 0.2484375 0.0109375 0.0109375
4 0.446875 0.27734375 0.01015625 0.01015625
4 0.496875 0.309375 0.0109375 0.009375
4 0.49375 0.10234375 0.00859375 0.01484375
4 0.54609375 0.33125 0.0109375 0.01484375
4 0.61640625 0.215625 0.0046875 0.01953125
4 0.59921875 0.2703125 0.01171875 0.01015625
4 0.6375 0.29921875 0.00625 0.01953125
4 0.60078125 0.0515625 0.00625 0.02109375
4 0.62265625 0.11796875 0.00859375 0.009375
4 0.70546875 0.14765625 0.009375 0.01015625
4 0.7015625 0.175 0.01328125 0.00859375
4 0.70078125 0.1921875 0.01015625 0.00859375
4 0.70078125 0.203125 0.0109375 0.00859375
4 0.69921875 0.22265625 0.01171875 0.00859375
4 0.69609375 0.253125 0.01015625 0.01015625
4 0.69453125 0.27109375 0.01015625 0.00859375
4 0.69375 0.28046875 0.01015625 0.00859375
4 0.67578125 0.25 0.01015625 0.01015625
4 0.678125 0.26171875 0.01015625 0.00859375
4 0.67578125 0.26875 0.0109375 0.00859375
4 0.56796875 0.35625 0.009375 0.01484375
4 0.61015625 0.37265625 0.00546875 0.01953125
4 0.615625 0.390625 0.00546875 0.0203125
4 0.62421875 0.38359375 0.0046875 0.021875
4 0.63046875 0.40703125 0.00546875 0.0203125
4 0.6421875 0.4140625 0.00703125 0.02109375
4 0.65859375 0.38828125 0.0046875 0.01796875
4 0.6890625 0.521875 0.00703125 0.01875
4 0.76328125 0.553125 0.009375 0.0140625
4 0.80390625 0.5609375 0.00703125 0.01796875
4 0.69921875 0.62265625 0.00859375 0.01796875
4 0.81640625 0.65703125 0.00859375 0.01328125
4 0.821875 0.68671875 0.00859375 0.015625
4 0.815625 0.70078125 0.01015625 0.009375
4 0.89453125 0.83515625 0.00859375 0.015625
4 0.85546875 0.865625 0.009375 0.015625
4 0.91484375 0.9765625 0.00859375 0.01484375
4 0.77578125 0.90703125 0.00859375 0.01171875
4 0.76640625 0.76328125 0.01015625 0.01640625
4 0.690625 0.846875 0.01171875 0.01171875
4 0.6671875 0.84375 0.01171875 0.0109375
4 0.56015625 0.81953125 0.01171875 0.01015625
4 0.5703125 0.7890625 0.009375 0.009375
4 0.56953125 0.77578125 0.01015625 0.01171875
4 0.57578125 0.76328125 0.01171875 0.01171875
4 0.596875 0.74375 0.01015625 0.009375
4 0.53359375 0.6984375 0.0109375 0.01015625
4 0.4828125 0.74765625 0.01171875 0.01015625
4 0.47109375 0.7546875 0.01328125 0.009375
4 0.43203125 0.74453125 0.009375 0.01171875
4 0.153125 0.98046875 0.01015625 0.01875
4 0.16953125 0.91875 0.009375 0.01640625
4 0.265625 0.74921875 0.00703125 0.01953125
4 0.28828125 0.49296875 0.00859375 0.0203125
4 0.32421875 0.4984375 0.00703125 0.01875
4 0.34453125 0.45859375 0.00625 0.01796875
4 0.34921875 0.4765625 0.00703125 0.01953125
4 0.36171875 0.4671875 0.00625 0.01796875
4 0.384375 0.45390625 0.00625 0.01953125
4 0.2953125 0.3640625 0.00625 0.01640625
4 0.29609375 0.3265625 0.00703125 0.01875
2 0.20703125 0.10390625 0.01953125 0.03984375
2 0.20078125 0.16171875 0.0234375 0.04296875
2 0.27109375 0.246875 0.01640625 0.0359375
2 0.26328125 0.52578125 0.01640625 0.04453125
2 0.35546875 0.53671875 0.01796875 0.0390625
2 0.4359375 0.76640625 0.01953125 0.02421875
2 0.515625 0.721875 0.02421875 0.028125
2 0.62421875 0.75625 0.02109375 0.025
2 0.60390625 0.77265625 0.0203125 0.025
2 0.621875 0.80390625 0.0234375 0.02421875
2 0.61171875 0.82578125 0.021875 0.0234375
2 0.70390625 0.828125 0.02578125 0.03125
2 0.984375 0.95078125 0.01953125 0.03359375
2 0.9734375 0.93359375 0.021875 0.04296875
2 0.9390625 0.884375 0.02421875 0.040625
2 0.915625 0.84140625 0.0203125 0.034375
2 0.928125 0.86953125 0.0234375 0.04140625
2 0.8640625 0.76171875 0.01953125 0.03203125
2 0.8578125 0.78125 0.02578125 0.04375
2 0.87265625 0.72890625 0.021875 0.0359375
2 0.82578125 0.71328125 0.021875 0.02578125
2 0.80703125 0.73125 0.01953125 0.03359375
2 0.80078125 0.6796875 0.0203125 0.03125
2 0.75625 0.71328125 0.01796875 0.03359375
2 0.71640625 0.62890625 0.021875 0.04453125
2 0.73515625 0.60703125 0.01484375 0.03125
2 0.7265625 0.55625 0.01484375 0.03515625
2 0.76328125 0.31875 0.0234375 0.03984375
2 0.82109375 0.18046875 0.0140625 0.04921875
2 0.66484375 0.56015625 0.01875 0.03984375
2 0.6765625 0.534375 0.0203125 0.04375
2 0.6140625 0.49765625 0.01328125 0.04453125
2 0.64609375 0.4671875 0.01796875 0.040625
2 0.61171875 0.41953125 0.01640625 0.03984375
2 0.58828125 0.3890625 0.01796875 0.0359375
2 0.571875 0.3375 0.0234375 0.03515625
2 0.51796875 0.309375 0.0203125 0.02109375
2 0.603125 0.30625 0.01171875 0.0390625
2 0.5109375 0.03359375 0.01796875 0.03359375
2 0.41953125 0.01796875 0.01796875 0.034375
2 0.39921875 0.06953125 0.02421875 0.03515625
2 0.46875 0.27265625 0.021875 0.025
2 0.44609375 0.22421875 0.028125 0.02578125
2 0.4203125 0.31328125 0.02109375 0.04140625
2 0.365625 0.096875 0.02109375 0.04375
2 0.32109375 0.07421875 0.01640625 0.040625
2 0.3484375 0.09296875 0.0203125 0.0359375
2 0.3359375 0.084375 0.01640625 0.0359375
2 0.2640625 0.1140625 0.021875 0.03671875
2 0.3015625 0.1734375 0.025 0.0359375
3 0.365625 0.2390625 0.025 0.03203125
0 0.228125 0.221875 0.015625 0.0265625
0 0.43671875 0.06015625 0.01171875 0.028125
1 0.61640625 0.078125 0.025 0.1015625
0 0.6265625 0.19140625 0.00859375 0.028125
0 0.61953125 0.27109375 0.00859375 0.0296875
3 0.61796875 0.31875 0.015625 0.05
3 0.66015625 0.4359375 0.01796875 0.04375
0 0.71484375 0.66640625 0.015625 0.02578125
0 0.74296875 0.6640625 0.015625 0.0265625
0 0.77578125 0.66875 0.01484375 0.025
3 0.9671875 0.98671875 0.0203125 0.0265625
0 0.528125 0.73359375 0.01640625 0.0234375
1 0.559375 0.73671875 0.04921875 0.06953125
1 0.4921875 0.79296875 0.05078125 0.05546875
1 0.3890625 0.81640625 0.0640625 0.07109375
0 0.40546875 0.290625 0.01328125 0.02890625