1 0.221875 0.66953125 0.05546875 0.028125
1 0.27890625 0.6640625 0.05390625 0.02890625
4 0.06640625 0.71796875 0.0109375 0.00859375
4 0.03203125 0.796875 0.015625 0.01171875
4 0.1625 0.70546875 0.0140625 0.009375
2 0.215625 0.79140625 0.025 0.0203125
2 0.240625 0.8140625 0.02109375 0.01953125
4 0.30546875 0.89609375 0.0109375 0.01171875
2 0.3390625 0.87421875 0.021875 0.0234375
2 0.465625 0.89609375 0.02890625 0.0265625
4 0.0890625 0.9234375 0.01328125 0.01796875
0 0.14296875 0.95390625 0.015625 0.01875
5 0.52421875 0.83046875 0.03515625 0.053125
4 0.49296875 0.7953125 0.01015625 0.0203125
0 0.49296875 0.73046875 0.0109375 0.02578125
4 0.45546875 0.703125 0.009375 0.01953125
2 0.4703125 0.678125 0.015625 0.03671875
0 0.4765625 0.58828125 0.0109375 0.03203125
4 0.278125 0.703125 0.01171875 0.015625
4 0.53203125 0.675 0.009375 0.0234375
4 0.51953125 0.4578125 0.00859375 0.0265625
4 0.4734375 0.41640625 0.00625 0.01953125
0 0.525 0.3921875 0.0109375 0.03203125
4 0.5265625 0.34296875 0.00859375 0.0265625
4 0.48203125 0.20390625 0.009375 0.02421875
4 0.528125 0.17578125 0.00859375 0.0265625
4 0.47109375 0.06796875 0.00625 0.0234375
2 0.51328125 0.03359375 0.01484375 0.05546875
2 0.609375 0.79453125 0.0234375 0.02421875
2 0.57421875 0.86875 0.0265625 0.0265625
2 0.6703125 0.78828125 0.02578125 0.02890625
2 0.6828125 0.82578125 0.02421875 0.025
4 0.65546875 0.8359375 0.0140625 0.01484375
1 0.6265625 0.871875 0.059375 0.03828125
0 0.6453125 0.68125 0.0140625 0.015625
4 0.653125 0.71484375 0.01328125 0.01484375
2 0.67890625 0.7109375 0.0203125 0.0234375
4 0.7984375 0.70859375 0.01328125 0.01484375
4 0.82578125 0.7265625 0.0140625 0.01328125
4 0.83203125 0.74921875 0.0140625 0.01640625
0 0.675 0.87265625 0.015625 0.0234375
2 0.69921875 0.86875 0.0234375 0.021875
4 0.69609375 0.89453125 0.01640625 0.01484375
4 0.68046875 0.92109375 0.01328125 0.01328125
2 0.7296875 0.87109375 0.028125 0.0234375
0 0.79296875 0.91015625 0.01796875 0.01875
4 0.796875 0.89375 0.01796875 0.01796875
4 0.840625 0.89609375 0.0140625 0.01484375
4 0.8421875 0.8796875 0.015625 0.015625
4 0.8734375 0.87421875 0.01640625 0.015625
4 0.9015625 0.90546875 0.015625 0.0140625
4 0.9109375 0.86875 0.0140625 0.01640625
4 0.93671875 0.871875 0.01484375 0.0109375
0 0.9203125 0.884375 0.01796875 0.01796875