5 0.22578125 0.68046875 0.06015625 0.034375
5 0.28828125 0.67890625 0.06171875 0.0359375
2 0.178125 0.73828125 0.03046875 0.0234375
4 0.01171875 0.75390625 0.015625 0.0234375
2 0.06015625 0.871875 0.03046875 0.03203125
2 0.128125 0.83046875 0.028125 0.0265625
4 0.0796875 0.80859375 0.01796875 0.015625
4 0.14140625 0.79921875 0.0140625 0.01796875
4 0.11328125 0.89609375 0.015625 0.03515625
4 0.22265625 0.86484375 0.01953125 0.01796875
4 0.2359375 0.88515625 0.01875 0.02421875
4 0.26875 0.803125 0.01875 0.0234375
0 0.221875 0.71875 0.01953125 0.02578125
4 0.26171875 0.71171875 0.01640625 0.02109375
4 0.328125 0.9046875 0.01640625 0.0234375
2 0.37890625 0.93046875 0.02578125 0.028125
2 0.43046875 0.89296875 0.02421875 0.02578125
4 0.41796875 0.809375 0.01640625 0.01953125
4 0.41484375 0.78046875 0.02109375 0.0234375
2 0.4546875 0.81875 0.02890625 0.034375
0 0.4796875 0.79375 0.021875 0.03046875
2 0.46796875 0.8953125 0.03203125 0.02578125
2 0.48125 0.690625 0.015625 0.04375
4 0.45703125 0.72890625 0.01171875 0.01484375
4 0.465625 0.7046875 0.01171875 0.01640625
2 0.49296875 0.60546875 0.01796875 0.04609375
2 0.50078125 0.68359375 0.01796875 0.0453125
3 0.5484375 0.72109375 0.02578125 0.04453125
0 0.515625 0.72421875 0.01796875 0.0265625
2 0.51328125 0.79609375 0.02578125 0.0484375
2 0.51796875 0.89140625 0.034375 0.03203125
2 0.54921875 0.81796875 0.01875 0.03125
2 0.57890625 0.89921875 0.021875 0.0296875
4 0.58046875 0.79609375 0.01328125 0.03125
4 0.565625 0.84921875 0.0140625 0.015625
2 0.7109375 0.89375 0.03125 0.03125
4 0.65390625 0.78046875 0.01640625 0.03359375
4 0.76953125 0.8 0.0203125 0.02578125
2 0.8453125 0.89609375 0.03203125 0.03515625
4 0.86484375 0.828125 0.01796875 0.02421875
2 0.96796875 0.72890625 0.02578125 0.03125
4 0.909375 0.740625 0.01953125 0.021875
4 0.7625 0.6984375 0.01171875 0.01640625
2 0.6234375 0.690625 0.0203125 0.0390625
4 0.53125 0.53046875 0.01484375 0.03515625
4 0.51796875 0.58046875 0.01015625 0.02578125
0 0.534375 0.659375 0.0140625 0.02890625
4 0.51484375 0.37421875 0.01015625 0.04296875
2 0.4921875 0.27890625 0.021875 0.053125
4 0.4734375 0.25078125 0.00546875 0.03046875
4 0.521875 0.01484375 0.01015625 0.0296875