4 0.4578125 0.9890625 0.0078125 0.01953125
4 0.4390625 0.94296875 0.00859375 0.02265625
4 0.521875 0.6625 0.0078125 0.02421875
4 0.47578125 0.859375 0.0078125 0.02421875
4 0.4734375 0.93046875 0.00703125 0.021875
4 0.48671875 0.709375 0.0078125 0.01953125
4 0.50234375 0.74765625 0.00859375 0.0203125
0 0.44921875 0.753125 0.0078125 0.02890625
4 0.5359375 0.62734375 0.0078125 0.01796875
0 0.51171875 0.80859375 0.0109375 0.02578125
0 0.515625 0.7671875 0.009375 0.03125
0 0.46015625 0.6921875 0.009375 0.02578125
4 0.5265625 0.63203125 0.00625 0.02109375
4 0.53046875 0.6078125 0.00859375 0.01484375
4 0.5890625 0.5984375 0.0109375 0.01328125
4 0.528125 0.56796875 0.00859375 0.01796875
4 0.54375 0.5421875 0.00703125 0.01796875
4 0.5078125 0.521875 0.0109375 0.01171875
4 0.51640625 0.53203125 0.00625 0.01875
4 0.5078125 0.71015625 0.00625 0.01640625
4 0.36875 0.5734375 0.01015625 0.01796875
4 0.471875 0.528125 0.01015625 0.01171875
0 0.3890625 0.5578125 0.015625 0.01484375
0 0.43828125 0.54921875 0.01484375 0.0125
0 0.52890625 0.53828125 0.01640625 0.01328125
0 0.3578125 0.58984375 0.01484375 0.025
4 0.01015625 0.37578125 0.01328125 0.0140625
4 0.0421875 0.39453125 0.0140625 0.0125
4 0.04296875 0.3421875 0.01328125 0.01484375
4 0.06640625 0.36484375 0.015625 0.01171875
4 0.06875 0.38359375 0.01328125 0.009375
4 0.08671875 0.3890625 0.01328125 0.0140625
4 0.13203125 0.36484375 0.0171875 0.0125
4 0.1203125 0.35 0.015625 0.01328125
4 0.13203125 0.38046875 0.0140625 0.0140625
4 0.140625 0.3921875 0.01328125 0.01328125
4 0.196875 0.3578125 0.01484375 0.0140625
4 0.16171875 0.38125 0.01484375 0.0140625
4 0.11640625 0.38828125 0.0125 0.01015625
4 0.221875 0.36796875 0.015625 0.01328125
4 0.31953125 0.37578125 0.01328125 0.01328125
4 0.2359375 0.36015625 0.0125 0.015625
4 0.31171875 0.3640625 0.01328125 0.015625
4 0.35546875 0.38515625 0.01484375 0.0109375
4 0.353125 0.4015625 0.01484375 0.01484375
4 0.33515625 0.39140625 0.0125 0.0109375
4 0.35078125 0.35546875 0.0140625 0.0109375
4 0.37421875 0.36484375 0.0125 0.0125
4 0.38828125 0.37734375 0.01171875 0.01484375
4 0.45 0.4 0.0140625 0.0140625
3 0.46796875 0.40703125 0.01171875 0.0125
4 0.4671875 0.3890625 0.01484375 0.0109375
4 0.47578125 0.35703125 0.01171875 0.0140625
4 0.496875 0.365625 0.01328125 0.0109375
4 0.50625 0.37890625 0.01484375 0.01171875
4 0.54609375 0.371875 0.01015625 0.0140625
4 0.5359375 0.3921875 0.01171875 0.0140625
4 0.5453125 0.4078125 0.01171875 0.0109375
4 0.6859375 0.403125 0.01171875 0.0125
4 0.62890625 0.40546875 0.0109375 0.0125
4 0.55703125 0.48671875 0.01171875 0.015625
4 0.56796875 0.47421875 0.015625 0.0125
4 0.67109375 0.36328125 0.0140625 0.0109375
4 0.6765625 0.38671875 0.00859375 0.01015625
4 0.72890625 0.37890625 0.01328125 0.01015625
4 0.6984375 0.390625 0.0109375 0.01171875
4 0.7875 0.34765625 0.0109375 0.0140625
4 0.7421875 0.3609375 0.0125 0.0140625
4 0.74453125 0.38828125 0.01484375 0.015625
4 0.6328125 0.53125 0.01328125 0.0109375
4 0.78984375 0.4796875 0.01328125 0.01484375
4 0.82421875 0.35625 0.01015625 0.01328125
4 0.83359375 0.39296875 0.0125 0.0140625
4 0.95859375 0.47890625 0.0140625 0.015625
4 0.80625 0.36640625 0.0171875 0.0140625
4 0.87578125 0.3890625 0.0140625 0.01171875
4 0.90625 0.36640625 0.0125 0.01171875
4 0.83125 0.51015625 0.0140625 0.0125
4 0.9296875 0.35390625 0.01640625 0.0125
4 0.93046875 0.37734375 0.0125 0.01171875
4 0.99140625 0.34140625 0.01171875 0.009375
4 0.96875 0.359375 0.01328125 0.01328125
4 0.99140625 0.384375 0.01640625 0.0140625
0 0.7515625 0.31640625 0.01640625 0.015625
0 0.684375 0.31640625 0.0171875 0.01484375
4 0.72109375 0.30546875 0.01171875 0.01328125
0 0.76484375 0.5234375 0.01953125 0.01640625
0 0.8625 0.52265625 0.01953125 0.0171875
0 0.6765625 0.5546875 0.01875 0.0140625
4 0.65859375 0.5484375 0.01328125 0.01328125
4 0.7203125 0.525 0.0125 0.01015625
0 0.01171875 0.284375 0.01640625 0.01796875
0 0.115625 0.30546875 0.01953125 0.021875
0 0.14765625 0.28984375 0.01953125 0.0140625
0 0.175 0.29921875 0.01796875 0.01796875
0 0.2203125 0.315625 0.02109375 0.0171875
4 0.04140625 0.3140625 0.0140625 0.009375
4 0.01796875 0.30546875 0.015625 0.0125
4 0.1 0.40078125 0.01484375 0.0125
4 0.09609375 0.37421875 0.01328125 0.01484375
4 0.2046875 0.52890625 0.01171875 0.01328125
4 0.08515625 0.5296875 0.01328125 0.009375
0 0.46953125 0.325 0.0140625 0.01796875
0 0.56171875 0.315625 0.01484375 0.0140625
6 0.15625 0.4453125 0.0375 0.0296875
0 0.15703125 0.5234375 0.0203125 0.0171875
0 0.05078125 0.53828125 0.01640625 0.01640625
0 0.52109375 0.33203125 0.01171875 0.0109375
0 0.38125 0.31328125 0.01484375 0.0125
0 0.453125 0.32421875 0.01484375 0.01484375
0 0.4296875 0.3109375 0.01484375 0.01484375
0 0.26875 0.30390625 0.015625 0.015625
4 0.32734375 0.328125 0.0140625 0.01171875
0 0.4984375 0.28515625 0.0140625 0.0171875
4 0.31796875 0.52890625 0.01484375 0.01171875
4 0.42890625 0.8 0.009375 0.0234375
0 0.52890625 0.7265625 0.01328125 0.0203125
0 0.446875 0.78671875 0.00859375 0.028125
0 0.42734375 0.5203125 0.015625 0.01640625
4 0.93125 0.28984375 0.0125 0.01328125
4 0.6234375 0.325 0.009375 0.009375
4 0.6328125 0.30859375 0.01015625 0.009375
4 0.66953125 0.303125 0.0109375 0.0109375
4 0.65859375 0.31640625 0.01015625 0.0109375
4 0.7015625 0.3234375 0.01015625 0.00859375
3 0.77578125 0.4 0.02109375 0.01640625
3 0.49296875 0.78671875 0.01171875 0.02578125
0 0.78203125 0.3 0.01640625 0.0140625
0 0.44609375 0.36015625 0.0125 0.0125
0 0.203125 0.2890625 0.0109375 0.01171875
0 0.14609375 0.40234375 0.01328125 0.01171875
2 0.21796875 0.484375 0.01875 0.01640625
3 0.1109375 0.2609375 0.01875 0.01484375