2 0.51171875 0.465625 0.02578125 0.040625
3 0.44453125 0.3625 0.02578125 0.0359375
0 0.31875 0.58203125 0.01015625 0.0234375
0 0.50390625 0.596875 0.015625 0.02578125
0 0.46484375 0.66484375 0.015625 0.0234375
0 0.40546875 0.71015625 0.01484375 0.0234375
1 0.35859375 0.76796875 0.03671875 0.07578125
2 0.2796875 0.9515625 0.01484375 0.0359375
2 0.32734375 0.91171875 0.0140625 0.03671875
0 0.390625 0.334375 0.0140625 0.0359375
3 0.36640625 0.24609375 0.01875 0.03671875
3 0.25390625 0.23125 0.01953125 0.03203125
3 0.190625 0.20234375 0.0234375 0.03203125
2 0.23046875 0.18515625 0.021875 0.0296875
2 0.55078125 0.24375 0.025 0.02890625
2 0.81796875 0.52578125 0.01875 0.034375
2 0.659375 0.7921875 0.02578125 0.03671875
2 0.7234375 0.959375 0.02578125 0.028125
1 0.83515625 0.0796875 0.0640625 0.071875
4 0.7515625 0.1375 0.01171875 0.01640625
4 0.7421875 0.1265625 0.01328125 0.01953125
4 0.74609375 0.16640625 0.01328125 0.01640625
4 0.803125 0.26640625 0.01484375 0.01875
4 0.73125 0.27890625 0.015625 0.0203125
4 0.72578125 0.33828125 0.01640625 0.025
4 0.71328125 0.37265625 0.015625 0.01640625
4 0.68828125 0.190625 0.01640625 0.02421875
4 0.678125 0.22421875 0.01640625 0.01640625
4 0.615625 0.2640625 0.01328125 0.021875
4 0.55859375 0.28828125 0.01484375 0.01796875
4 0.5578125 0.31015625 0.01328125 0.0140625
4 0.50390625 0.371875 0.009375 0.01875
4 0.503125 0.3390625 0.0140625 0.01484375
0 0.50546875 0.4265625 0.01796875 0.03125
3 0.48125 0.59609375 0.0203125 0.03046875
4 0.728125 0.8703125 0.01328125 0.0234375
4 0.60625 0.72890625 0.0140625 0.02109375
4 0.61875 0.71171875 0.0140625 0.01640625
4 0.678125 0.709375 0.01171875 0.01875
4 0.62109375 0.73828125 0.01328125 0.01953125
4 0.6171875 0.759375 0.01015625 0.01953125
4 0.628125 0.76484375 0.01171875 0.01796875
4 0.61875 0.78125 0.01171875 0.01875
4 0.5953125 0.61875 0.00859375 0.01640625
4 0.571875 0.6359375 0.01171875 0.0234375
4 0.57421875 0.665625 0.0140625 0.02578125
4 0.55078125 0.628125 0.01328125 0.0203125
4 0.55390625 0.5734375 0.00859375 0.025
4 0.54296875 0.553125 0.0109375 0.025
4 0.53125 0.50546875 0.0140625 0.01875
4 0.490625 0.49296875 0.01171875 0.01875
4 0.49609375 0.53125 0.01328125 0.01640625
4 0.47734375 0.55625 0.01171875 0.01796875
4 0.446875 0.546875 0.01171875 0.01953125
4 0.428125 0.3859375 0.0109375 0.015625
4 0.4296875 0.44140625 0.0109375 0.01796875
4 0.428125 0.46328125 0.01015625 0.0203125
4 0.36953125 0.47421875 0.01484375 0.015625
4 0.51875 0.40703125 0.0140625 0.01875
4 0.56484375 0.42265625 0.01171875 0.02578125
4 0.6453125 0.45703125 0.01328125 0.01328125
4 0.515625 0.621875 0.01171875 0.01875
4 0.71953125 0.896875 0.01015625 0.02421875
4 0.678125 0.8453125 0.01484375 0.01796875
4 0.76953125 0.85390625 0.01171875 0.01796875
4 0.7828125 0.85078125 0.0140625 0.021875
4 0.83359375 0.9328125 0.0109375 0.01484375
4 0.84296875 0.953125 0.01171875 0.0203125
6 0.56328125 0.94921875 0.03671875 0.06953125
4 0.23359375 0.94921875 0.01484375 0.02890625
4 0.240625 0.97890625 0.01328125 0.028125
4 0.3140625 0.859375 0.009375 0.025
4 0.33203125 0.81328125 0.0109375 0.025
4 0.3296875 0.790625 0.00859375 0.01640625
4 0.309375 0.7625 0.01171875 0.02109375
4 0.26796875 0.76875 0.009375 0.01953125
4 0.2515625 0.8125 0.00859375 0.0203125
4 0.24296875 0.80703125 0.009375 0.01953125
4 0.35859375 0.71328125 0.009375 0.0203125
4 0.3296875 0.6671875 0.01171875 0.0234375
4 0.34609375 0.65078125 0.01171875 0.01953125
4 0.38359375 0.67421875 0.0109375 0.01640625
4 0.409375 0.66640625 0.01171875 0.02109375
4 0.3484375 0.58046875 0.009375 0.02578125
4 0.3390625 0.60859375 0.009375 0.02109375
4 0.359375 0.61640625 0.01171875 0.02109375
4 0.41484375 0.62265625 0.01171875 0.01875
4 0.38828125 0.51796875 0.009375 0.0296875
4 0.3765625 0.3265625 0.009375 0.0203125
4 0.403125 0.30859375 0.01171875 0.01875
4 0.41953125 0.32421875 0.0140625 0.0203125
4 0.91953125 0.071875 0.01171875 0.01640625
3 0.93046875 0.034375 0.03046875 0.034375
3 0.865625 0.3359375 0.0296875 0.0609375
3 0.8375 0.30859375 0.034375 0.0390625
3 0.82265625 0.446875 0.03125 0.06484375
4 0.85625 0.434375 0.0109375 0.01953125
4 0.86328125 0.3984375 0.01328125 0.025
4 0.8765625 0.409375 0.01171875 0.021875
4 0.8859375 0.36328125 0.01015625 0.02109375
3 0.80703125 0.32890625 0.0296875 0.028125
2 0.86640625 0.2875 0.02890625 0.03515625
2 0.84375 0.38671875 0.025 0.03984375
3 0.734375 0.3859375 0.02890625 0.0359375
3 0.66953125 0.434375 0.025 0.034375
3 0.68984375 0.609375 0.0203125 0.034375
3 0.7046875 0.63046875 0.01953125 0.040625
3 0.72578125 0.67578125 0.021875 0.03671875
2 0.75703125 0.62890625 0.0203125 0.04140625
3 0.67109375 0.578125 0.01484375 0.0265625
3 0.628125 0.54140625 0.015625 0.0265625
3 0.61796875 0.48828125 0.01796875 0.025
0 0.628125 0.45703125 0.01640625 0.02109375
2 0.659375 0.14921875 0.025 0.03046875
2 0.62109375 0.15625 0.01640625 0.04375
4 0.29765625 0.26484375 0.009375 0.01953125
4 0.32109375 0.16875 0.01015625 0.01796875
4 0.3015625 0.14453125 0.009375 0.01875
4 0.309375 0.121875 0.0109375 0.021875
4 0.2921875 0.1234375 0.0109375 0.02109375
4 0.228125 0.02421875 0.015625 0.021875
4 0.1796875 0.04375 0.01171875 0.02109375
6 0.1921875 0.24765625 0.02890625 0.0546875
3 0.2125 0.24609375 0.0234375 0.03515625
3 0.51953125 0.703125 0.03046875 0.0390625
3 0.8046875 0.5015625 0.01640625 0.03046875
0 0.46796875 0.53828125 0.01953125 0.02421875
4 0.41328125 0.290625 0.01328125 0.015625
4 0.44609375 0.309375 0.00859375 0.02109375
4 0.503125 0.271875 0.01015625 0.01640625
4 0.51796875 0.25859375 0.01171875 0.01171875
4 0.27109375 0.11328125 0.00859375 0.0203125
4 0.82578125 0.5984375 0.01015625 0.01640625
3 0.5203125 0.21484375 0.02109375 0.03359375
3 0.628125 0.503125 0.021875 0.034375
3 0.665625 0.55859375 0.02109375 0.03046875
3 0.68203125 0.58671875 0.02578125 0.04375
3 0.715625 0.646875 0.02578125 0.04296875
3 0.6984375 0.41640625 0.02890625 0.0359375
4 0.709375 0.3890625 0.01171875 0.01328125
4 0.75078125 0.3734375 0.00859375 0.0203125
4 0.784375 0.553125 0.01015625 0.0109375
4 0.790625 0.54375 0.01171875 0.0109375
4 0.8140625 0.63203125 0.01015625 0.01015625
4 0.81171875 0.640625 0.01171875 0.0109375
4 0.80546875 0.6546875 0.01015625 0.01171875
4 0.771875 0.57734375 0.0109375 0.009375
4 0.778125 0.56328125 0.01171875 0.009375
4 0.77421875 0.56953125 0.01015625 0.00625
4 0.7734375 0.7421875 0.01171875 0.0109375
4 0.771875 0.76640625 0.01171875 0.0109375
4 0.778125 0.73125 0.01171875 0.01171875
4 0.7984375 0.66875 0.01171875 0.009375
4 0.7953125 0.68203125 0.00859375 0.015625
4 0.78203125 0.71796875 0.01015625 0.0109375
4 0.78828125 0.70546875 0.01171875 0.01015625
4 0.88125 0.43828125 0.00625 0.01953125
4 0.8890625 0.4328125 0.01015625 0.01171875
4 0.8921875 0.42265625 0.01171875 0.01015625
4 0.865625 0.4703125 0.00859375 0.01640625
4 0.865625 0.48671875 0.01171875 0.0109375
4 0.76953125 0.03125 0.00625 0.01640625
4 0.77578125 0.028125 0.00703125 0.01953125
4 0.784375 0.02421875 0.0046875 0.02109375
4 0.7265625 0.0890625 0.0046875 0.01796875
4 0.69296875 0.1015625 0.00546875 0.01875
4 0.68828125 0.10234375 0.00546875 0.01953125
4 0.68203125 0.10703125 0.00546875 0.01640625
4 0.67890625 0.12890625 0.009375 0.0140625
4 0.6765625 0.1125 0.00546875 0.01796875
4 0.6703125 0.11875 0.00625 0.01953125
4 0.66640625 0.121875 0.00625 0.01640625
4 0.66171875 0.1234375 0.00546875 0.01953125
4 0.65546875 0.12578125 0.00546875 0.01875
4 0.64921875 0.128125 0.00703125 0.02109375
4 0.63125 0.14140625 0.00703125 0.01953125
4 0.609375 0.12890625 0.00625 0.02109375
4 0.609375 0.15546875 0.00546875 0.02109375
4 0.59609375 0.175 0.00546875 0.01796875
4 0.59140625 0.17109375 0.00703125 0.01953125
4 0.5828125 0.184375 0.00703125 0.01640625
4 0.590625 0.19921875 0.00625 0.02109375
4 0.54921875 0.1875 0.00859375 0.01796875
4 0.56328125 0.19921875 0.00703125 0.01875
4 0.55234375 0.20625 0.00625 0.01953125
4 0.55390625 0.18203125 0.00546875 0.01796875
4 0.41484375 0.27421875 0.009375 0.01484375
4 0.43203125 0.28359375 0.00625 0.01796875
4 0.390625 0.1890625 0.00859375 0.021875
4 0.39453125 0.22890625 0.00859375 0.01796875
2 0.40390625 0.14296875 0.02109375 0.0390625
4 0.284375 0.0484375 0.01015625 0.01796875
4 0.34296875 0.03671875 0.009375 0.01875
4 0.35546875 0.046875 0.009375 0.01953125
4 0.36171875 0.059375 0.00859375 0.01875
4 0.37578125 0.0796875 0.00859375 0.015625
4 0.35859375 0.0859375 0.00703125 0.0203125
4 0.36328125 0.09375 0.00546875 0.01484375
4 0.37890625 0.09921875 0.009375 0.01796875
4 0.384375 0.11328125 0.00625 0.01640625
4 0.3765625 0.1140625 0.00625 0.01953125
4 0.36796875 0.1140625 0.00703125 0.01796875
4 0.36015625 0.115625 0.00546875 0.015625
4 0.3484375 0.09296875 0.00703125 0.01796875
4 0.34375 0.06640625 0.009375 0.015625
4 0.33046875 0.05703125 0.00859375 0.01953125
4 0.32421875 0.06796875 0.01171875 0.015625
4 0.33046875 0.078125 0.00703125 0.015625
4 0.3390625 0.1 0.00625 0.01640625
6 0.075 0.03125 0.034375 0.0625
4 0.2234375 0.83515625 0.01328125 0.015625
4 0.228125 0.8171875 0.01171875 0.015625
4 0.2359375 0.79296875 0.009375 0.009375
4 0.24375 0.77109375 0.01015625 0.009375