2 0.046875 0.803125 0.034375 0.0390625
2 0.04921875 0.85390625 0.03046875 0.03671875
4 0.19765625 0.66328125 0.01796875 0.01953125
3 0.16015625 0.85625 0.03515625 0.034375
0 0.2859375 0.67578125 0.01640625 0.01953125
0 0.0984375 0.87890625 0.0265625 0.02890625
4 0.221875 0.74765625 0.01484375 0.0203125
4 0.31328125 0.740625 0.01171875 0.01796875
4 0.9515625 0.7984375 0.01796875 0.0203125
4 0.9890625 0.8890625 0.015625 0.021875
4 0.903125 0.90078125 0.01875 0.01640625
4 0.88515625 0.675 0.01640625 0.01328125
4 0.84609375 0.859375 0.01484375 0.01875
4 0.86796875 0.76796875 0.01484375 0.015625
4 0.8359375 0.79140625 0.01640625 0.01640625
4 0.78046875 0.9015625 0.01328125 0.01640625
4 0.73671875 0.75703125 0.0140625 0.01875
4 0.69453125 0.88515625 0.015625 0.01875
4 0.6734375 0.890625 0.01640625 0.0203125
4 0.9953125 0.79296875 0.009375 0.01796875
4 0.6265625 0.85078125 0.01171875 0.01171875
6 0.75390625 0.86484375 0.0515625 0.0359375
2 0.8640625 0.81328125 0.025 0.0234375
3 0.9140625 0.7140625 0.025 0.0234375
2 0.884375 0.69140625 0.01640625 0.01640625
0 0.59453125 0.74453125 0.01875 0.028125
4 0.5375 0.675 0.0109375 0.021875
4 0.50625 0.75625 0.00859375 0.0203125
4 0.490625 0.69609375 0.00703125 0.0203125
4 0.50625 0.64921875 0.009375 0.01953125
4 0.56953125 0.83359375 0.01484375 0.01484375
4 0.5859375 0.83828125 0.01015625 0.0140625
4 0.58046875 0.896875 0.01328125 0.0203125
4 0.52109375 0.55 0.01171875 0.028125
4 0.50546875 0.515625 0.009375 0.0203125
3 0.51015625 0.43828125 0.01796875 0.03203125
4 0.50703125 0.303125 0.009375 0.02421875
6 0.27421875 0.771875 0.034375 0.03046875
6 0.98671875 0.7109375 0.01875 0.0203125
4 0.47421875 0.82109375 0.00859375 0.0203125