2 0.33359375 0.27578125 0.01796875 0.01484375
2 0.39609375 0.240625 0.01171875 0.02109375
2 0.38671875 0.20625 0.01640625 0.01875
2 0.5015625 0.31953125 0.00859375 0.02890625
2 0.51328125 0.31953125 0.00859375 0.0296875
2 0.55390625 0.3109375 0.00703125 0.025
2 0.56328125 0.3109375 0.00859375 0.02421875
2 0.9546875 0.8734375 0.0109375 0.02578125
2 0.9390625 0.90703125 0.00859375 0.02890625
2 0.7140625 0.65078125 0.00859375 0.0234375
6 0.8796875 0.6390625 0.03984375 0.0203125
5 0.7140625 0.3796875 0.04609375 0.01953125
6 0.6578125 0.38046875 0.04140625 0.01953125
6 0.26796875 0.6296875 0.03046875 0.01953125
6 0.134375 0.63359375 0.0390625 0.01953125
6 0.10859375 0.6671875 0.03828125 0.025
4 0.54375 0.271875 0.0046875 0.0140625
3 0.75078125 0.853125 0.021875 0.01796875
3 0.709375 0.896875 0.01015625 0.03515625
4 0.52109375 0.2703125 0.003125 0.0140625
4 0.53828125 0.284375 0.003125 0.01484375
4 0.56484375 0.275 0.0046875 0.01484375
4 0.57578125 0.29921875 0.00390625 0.01484375
4 0.56328125 0.23203125 0.003125 0.01484375
4 0.5296875 0.2203125 0.003125 0.01015625
4 0.53671875 0.2203125 0.00390625 0.01171875
4 0.575 0.23359375 0.003125 0.01328125
4 0.51328125 0.26953125 0.00390625 0.01328125
4 0.40859375 0.2609375 0.00390625 0.01328125
4 0.5703125 0.23515625 0.003125 0.01328125
4 0.5265625 0.271875 0.003125 0.0140625
4 0.53359375 0.28828125 0.003125 0.01171875
4 0.5421875 0.28828125 0.00390625 0.01171875
0 0.815625 0.64375 0.01484375 0.01484375
2 0.67578125 0.646875 0.00546875 0.0234375
2 0.66875 0.62890625 0.00625 0.02421875
2 0.6609375 0.63125 0.00703125 0.021875
2 0.66875 0.6546875 0.00625 0.01953125
0 0.815625 0.60234375 0.01171875 0.00859375
2 0.96640625 0.92109375 0.00703125 0.0234375
2 0.97109375 0.8609375 0.01328125 0.02421875
5 0.9625 0.56171875 0.071875 0.0234375
2 0.98203125 0.8109375 0.01484375 0.03046875
0 0.7890625 0.60390625 0.01171875 0.01328125
6 0.71640625 0.60234375 0.02578125 0.01640625
3 0.7453125 0.5984375 0.0203125 0.01328125
2 0.57109375 0.61953125 0.01171875 0.01328125
2 0.47109375 0.58515625 0.0140625 0.0140625
2 0.77421875 0.38828125 0.0140625 0.01171875
6 0.82578125 0.47109375 0.03671875 0.01796875
6 0.01171875 0.6109375 0.0234375 0.01875
4 0.9359375 0.37109375 0.00703125 0.01015625
2 0.765625 0.40703125 0.015625 0.01328125
5 0.696875 0.45 0.040625 0.01640625
4 0.85625 0.58984375 0.00859375 0.00859375
4 0.74609375 0.4265625 0.00625 0.01015625
6 0.9421875 0.53671875 0.0390625 0.0203125
2 0.134375 0.53828125 0.01484375 0.0140625
6 0.784375 0.42734375 0.03125 0.02421875
6 0.640625 0.44921875 0.0296875 0.01875
4 0.490625 0.54921875 0.00859375 0.009375
4 0.26875 0.5984375 0.00859375 0.00859375
2 0.59453125 0.56171875 0.01328125 0.01171875
6 0.6140625 0.47265625 0.0296875 0.01875
0 0.7109375 0.396875 0.00859375 0.009375
2 0.971875 0.47734375 0.015625 0.0140625
4 0.765625 0.55390625 0.01171875 0.0140625
4 0.51015625 0.60625 0.00703125 0.01015625
3 0.840625 0.31640625 0.00859375 0.034375
5 0.89765625 0.38515625 0.046875 0.01796875
6 0.5453125 0.446875 0.0296875 0.01796875
6 0.47265625 0.45 0.03984375 0.01875
6 0.471875 0.46875 0.0296875 0.015625
6 0.43046875 0.49140625 0.03046875 0.01640625
4 0.3390625 0.39765625 0.00703125 0.009375
6 0.27421875 0.46484375 0.0390625 0.02109375
6 0.1359375 0.40078125 0.0265625 0.01953125
5 0.09296875 0.4765625 0.046875 0.01640625
2 0.0984375 0.58984375 0.015625 0.01328125
0 0.209375 0.55859375 0.01484375 0.01171875
0 0.25703125 0.60703125 0.009375 0.01015625
6 0.7265625 0.54140625 0.02578125 0.01953125
2 0.80078125 0.58515625 0.0140625 0.0140625
3 0.815625 0.57421875 0.01328125 0.01875
4 0.89453125 0.59453125 0.00859375 0.01171875
4 0.9265625 0.61015625 0.00859375 0.009375
4 0.89140625 0.61171875 0.00703125 0.01015625
4 0.9265625 0.659375 0.00859375 0.0140625
2 0.92734375 0.59140625 0.01640625 0.015625
2 0.98671875 0.88359375 0.01328125 0.0234375
2 0.9953125 0.9140625 0.009375 0.021875