2 0.77578125 0.240625 0.025 0.021875
2 0.76484375 0.15859375 0.0234375 0.0203125
2 0.89921875 0.3234375 0.02578125 0.01875
2 0.98359375 0.3125 0.0203125 0.02109375
2 0.121875 0.57109375 0.02421875 0.01953125
2 0.1453125 0.2796875 0.015625 0.04140625
2 0.02421875 0.31484375 0.015625 0.04140625
2 0.00390625 0.31875 0.00703125 0.04296875
4 0.55390625 0.43046875 0.01015625 0.0109375
4 0.56171875 0.33515625 0.01171875 0.01484375
4 0.384375 0.58359375 0.0109375 0.00859375
0 0.1890625 0.38984375 0.015625 0.0109375
4 0.225 0.5984375 0.00859375 0.01015625
4 0.003125 0.2859375 0.00546875 0.01484375
4 0.05 0.25078125 0.01171875 0.0140625
4 0.00625 0.2609375 0.00703125 0.02109375
2 0.08515625 0.02890625 0.01328125 0.040625
4 0.25078125 0.58515625 0.015625 0.01953125
4 0.3421875 0.43125 0.0140625 0.01640625
2 0.0734375 0.084375 0.01875 0.0484375
2 0.040625 0.1296875 0.01484375 0.04296875
2 0.05625 0.13359375 0.01171875 0.03359375
2 0.028125 0.19609375 0.01484375 0.03984375
2 0.04921875 0.1796875 0.01953125 0.04296875
3 0.040625 0.27109375 0.0109375 0.02109375
2 0.0390625 0.2234375 0.01015625 0.03671875
4 0.02890625 0.28203125 0.01015625 0.01640625
2 0.0171875 0.27421875 0.01953125 0.034375