4 0.05390625 0.859375 0.015625 0.0265625
4 0.09921875 0.83125 0.01796875 0.02890625
4 0.16171875 0.75 0.015625 0.021875
4 0.18203125 0.903125 0.0140625 0.0234375
4 0.24921875 0.89609375 0.0203125 0.03125
4 0.45 0.68828125 0.0140625 0.03828125
4 0.4875 0.765625 0.0203125 0.04140625
4 0.56796875 0.7015625 0.01328125 0.03046875
4 0.53203125 0.640625 0.0140625 0.034375
4 0.6828125 0.8484375 0.015625 0.0140625
4 0.68125 0.903125 0.01796875 0.0234375
3 0.2875 0.84921875 0.028125 0.02890625
3 0.35625 0.67421875 0.03515625 0.03203125
6 0.35546875 0.86015625 0.04921875 0.0484375
6 0.53515625 0.77578125 0.03671875 0.0484375
0 0.25 0.65859375 0.01953125 0.021875
0 0.6453125 0.7890625 0.01640625 0.025
2 0.509375 0.5359375 0.01796875 0.05546875
4 0.4609375 0.1796875 0.0109375 0.025
4 0.46875 0.0703125 0.015625 0.03125
4 0.521875 0.05625 0.0140625 0.03828125
4 0.52890625 0.1734375 0.01171875 0.03515625
2 0.5140625 0.1265625 0.01953125 0.046875
2 0.7125 0.88125 0.03359375 0.03671875
2 0.81484375 0.79921875 0.02578125 0.03125
2 0.83203125 0.8609375 0.02578125 0.03359375
2 0.85859375 0.8859375 0.03125 0.03203125
4 0.94765625 0.77890625 0.01875 0.0203125
4 0.93046875 0.85625 0.02421875 0.021875
4 0.73046875 0.85 0.01484375 0.0234375