2 0.96875 0.24140625 0.02890625 0.02890625
2 0.98515625 0.1984375 0.0296875 0.03125
4 0.86875 0.23046875 0.01640625 0.02109375
4 0.87109375 0.40703125 0.01953125 0.02421875
3 0.98984375 0.42578125 0.0203125 0.0390625
2 0.8359375 0.165625 0.02578125 0.03515625
0 0.81953125 0.20859375 0.02421875 0.046875
4 0.78671875 0.20078125 0.01328125 0.02578125
2 0.75390625 0.2265625 0.02578125 0.0265625
2 0.715625 0.19296875 0.0265625 0.03359375
2 0.7765625 0.14453125 0.01796875 0.04453125
4 0.7828125 0.16328125 0.01171875 0.02890625
2 0.7265625 0.246875 0.02578125 0.0296875
4 0.68125 0.21875 0.01796875 0.0234375
4 0.74453125 0.20390625 0.01640625 0.02578125
0 0.65234375 0.1921875 0.02109375 0.0265625
2 0.65 0.24375 0.02578125 0.0296875
4 0.621875 0.19375 0.015625 0.0296875
4 0.61875 0.22421875 0.01640625 0.01953125
4 0.59140625 0.18359375 0.01796875 0.01953125
4 0.628125 0.35625 0.0140625 0.0203125
4 0.63125 0.34609375 0.0140625 0.01953125
4 0.78515625 0.396875 0.0203125 0.03125
4 0.69296875 0.3640625 0.0203125 0.01953125
2 0.69375 0.38671875 0.02578125 0.02890625
2 0.67578125 0.3609375 0.02890625 0.03828125
2 0.66875 0.37890625 0.03125 0.0296875
2 0.6546875 0.4234375 0.02890625 0.02578125
2 0.640625 0.3765625 0.02578125 0.0296875
2 0.66953125 0.38203125 0.02578125 0.03046875
2 0.64921875 0.359375 0.02890625 0.0265625
4 0.53515625 0.79140625 0.015625 0.0390625
4 0.528125 0.7046875 0.015625 0.03046875
0 0.50859375 0.940625 0.01328125 0.046875
0 0.52890625 0.9796875 0.0140625 0.040625
2 0.51796875 0.96171875 0.01796875 0.05078125
2 0.46171875 0.81796875 0.021875 0.06015625
2 0.48046875 0.82578125 0.02109375 0.04609375
4 0.44765625 0.92265625 0.01484375 0.03359375
2 0.46953125 0.75859375 0.015625 0.04921875
2 0.484375 0.75234375 0.025 0.0515625
4 0.4671875 0.690625 0.01015625 0.02890625
4 0.46328125 0.6671875 0.01484375 0.03515625
4 0.46640625 0.615625 0.0109375 0.028125
0 0.478125 0.66875 0.0140625 0.0390625
2 0.4765625 0.703125 0.01796875 0.03984375
2 0.48828125 0.68515625 0.01796875 0.06484375
2 0.496875 0.640625 0.01875 0.05546875
2 0.48046875 0.62890625 0.02578125 0.04609375
2 0.50703125 0.52109375 0.01796875 0.0484375
2 0.4828125 0.49921875 0.0140625 0.0390625
2 0.4921875 0.5265625 0.01640625 0.04921875
2 0.503125 0.56796875 0.01640625 0.04375
4 0.47109375 0.5046875 0.009375 0.02421875
4 0.46953125 0.5484375 0.01328125 0.02421875
4 0.47109375 0.53046875 0.0140625 0.0234375
4 0.49921875 0.49765625 0.0140625 0.02109375
4 0.4984375 0.5125 0.009375 0.025
4 0.496875 0.53671875 0.01171875 0.025
4 0.49453125 0.56171875 0.00703125 0.0390625
2 0.459375 0.58671875 0.01875 0.0390625
2 0.47109375 0.5796875 0.01640625 0.0453125
3 0.484375 0.58203125 0.01953125 0.04921875
2 0.48046875 0.540625 0.01640625 0.053125
2 0.53671875 0.43515625 0.0203125 0.0484375
0 0.45546875 0.3203125 0.01875 0.0359375
4 0.63203125 0.44140625 0.015625 0.02109375
0 0.634375 0.40859375 0.021875 0.02890625
4 0.6515625 0.4015625 0.01640625 0.021875
4 0.64140625 0.39375 0.0140625 0.01875
4 0.65390625 0.39453125 0.01640625 0.0234375
4 0.4515625 0.284375 0.015625 0.02421875
4 0.44921875 0.26328125 0.01484375 0.0265625
2 0.49375 0.2234375 0.0265625 0.040625
2 0.52578125 0.2078125 0.03203125 0.03984375
2 0.58046875 0.24765625 0.02890625 0.03359375
3 0.56875 0.2046875 0.03203125 0.03671875
0 0.503125 0.1484375 0.025 0.03046875
2 0.50078125 0.1703125 0.03046875 0.0296875
2 0.428125 0.16328125 0.0296875 0.03984375
2 0.42421875 0.196875 0.034375 0.03203125
2 0.43671875 0.23046875 0.0296875 0.0359375
3 0.3578125 0.1578125 0.02890625 0.03515625
2 0.38359375 0.18046875 0.03359375 0.025
2 0.3828125 0.20859375 0.03046875 0.025
2 0.371875 0.23203125 0.02421875 0.02890625
2 0.4015625 0.23125 0.02578125 0.03671875
2 0.3375 0.22421875 0.03203125 0.02890625
2 0.32890625 0.1984375 0.03203125 0.03515625
2 0.2890625 0.2203125 0.034375 0.02578125
2 0.278125 0.18671875 0.03203125 0.03515625
4 0.29140625 0.1515625 0.0203125 0.021875
4 0.32421875 0.3609375 0.01640625 0.01875
4 0.3046875 0.36875 0.01796875 0.025
6 0.34453125 0.41875 0.03359375 0.03125
4 0.22890625 0.1734375 0.0203125 0.034375
4 0.16953125 0.16171875 0.02578125 0.0234375
4 0.13984375 0.16953125 0.025 0.03515625
0 0.19140625 0.14296875 0.0265625 0.03984375
2 0.0765625 0.096875 0.01875 0.04921875
0 0.03828125 0.03671875 0.025 0.03515625
4 0.021875 0.075 0.0203125 0.021875
4 0.0046875 0.084375 0.00859375 0.01640625
4 0.009375 0.090625 0.0109375 0.01953125
2 0.090625 0.58671875 0.02578125 0.0296875
2 0.04609375 0.5765625 0.03046875 0.03359375
2 0.0421875 0.61171875 0.03984375 0.02890625
2 0.0359375 0.6953125 0.028125 0.03515625
2 0.603125 0.22890625 0.0234375 0.0296875
4 0.69453125 0.121875 0.00859375 0.021875
4 0.70546875 0.121875 0.01015625 0.02421875
2 0.5546875 0.08359375 0.025 0.0546875
2 0.61875 0.01171875 0.0203125 0.0234375
2 0.81640625 0.01875 0.0171875 0.0375
6 0.7953125 0.08203125 0.01640625 0.05546875