2 0.00859375 0.046875 0.01640625 0.05
4 0.01484375 0.0140625 0.01015625 0.01875
2 0.0984375 0.44921875 0.02578125 0.0265625
2 0.14765625 0.26484375 0.0203125 0.0515625
5 0.01640625 0.2375 0.0328125 0.084375
5 0.06171875 0.334375 0.0296875 0.078125
6 0.07109375 0.55546875 0.05078125 0.03046875
2 0.28203125 0.5203125 0.0265625 0.0234375
2 0.15625 0.54921875 0.02421875 0.02421875
2 0.0234375 0.6140625 0.02578125 0.025
2 0.11875 0.56484375 0.025 0.02421875
2 0.090625 0.5234375 0.03046875 0.025
2 0.11953125 0.51953125 0.0234375 0.02109375
2 0.11484375 0.53984375 0.0265625 0.01796875
2 0.0328125 0.5234375 0.028125 0.01953125
2 0.0609375 0.51875 0.02421875 0.02109375
2 0.03359375 0.55625 0.02578125 0.0203125
0 0.0140625 0.59375 0.01796875 0.01796875
0 0.04296875 0.59140625 0.01796875 0.01875
0 0.0734375 0.58203125 0.01953125 0.0203125
0 0.21640625 0.565625 0.01796875 0.0234375
0 0.1890625 0.37890625 0.01796875 0.01796875
0 0.14609375 0.51875 0.028125 0.0203125
4 0.11015625 0.58203125 0.01328125 0.01171875
4 0.0578125 0.59140625 0.01328125 0.009375
4 0.0328125 0.57109375 0.01328125 0.009375
4 0.046875 0.578125 0.009375 0.0109375
4 0.05546875 0.58125 0.01015625 0.009375
4 0.2140625 0.5890625 0.0140625 0.01875
4 0.27890625 0.54765625 0.01484375 0.01796875
2 0.55390625 0.4515625 0.02578125 0.02421875
2 0.50546875 0.4265625 0.0265625 0.0234375
2 0.5703125 0.42421875 0.025 0.02109375
2 0.18828125 0.56171875 0.0296875 0.0234375
2 0.659375 0.4171875 0.02578125 0.02578125
2 0.49453125 0.3671875 0.02421875 0.02421875
0 0.52109375 0.5296875 0.01796875 0.02109375
0 0.30703125 0.56953125 0.01640625 0.01875
4 0.30703125 0.553125 0.01171875 0.015625
4 0.3609375 0.575 0.01328125 0.01484375
4 0.46640625 0.56953125 0.01171875 0.0203125
4 0.56328125 0.3390625 0.0109375 0.01171875
4 0.9859375 0.50078125 0.01484375 0.01484375
2 0.7609375 0.503125 0.0234375 0.025
2 0.84765625 0.47265625 0.0234375 0.01953125
2 0.89765625 0.3359375 0.02578125 0.021875
2 0.97890625 0.33203125 0.03125 0.025
0 0.859375 0.3984375 0.0203125 0.02109375
4 0.7734375 0.25078125 0.02890625 0.02890625
4 0.7640625 0.16875 0.02890625 0.0265625