4 0.04921875 0.684375 0.015625 0.01875
4 0.01875 0.87578125 0.01171875 0.01640625
4 0.00703125 0.91171875 0.0109375 0.01484375
4 0.04609375 0.92265625 0.01796875 0.01640625
4 0.09140625 0.93359375 0.0140625 0.015625
4 0.15625 0.7515625 0.0140625 0.01484375
4 0.2265625 0.75078125 0.015625 0.01796875
4 0.29921875 0.7640625 0.01328125 0.01796875
4 0.28828125 0.89765625 0.0109375 0.01796875
4 0.31015625 0.6609375 0.0140625 0.01171875
4 0.3296875 0.646875 0.0140625 0.01484375
0 0.17109375 0.83828125 0.02109375 0.02578125
0 0.28359375 0.84609375 0.01953125 0.0203125
2 0.1109375 0.69453125 0.02421875 0.021875
2 0.0671875 0.90625 0.02109375 0.021875
2 0.1609375 0.78359375 0.0265625 0.025
1 0.228125 0.796875 0.06796875 0.03671875
2 0.409375 0.78125 0.025 0.0265625
2 0.46484375 0.71796875 0.01171875 0.04609375
2 0.48359375 0.84921875 0.02421875 0.03203125
2 0.5359375 0.82890625 0.03125 0.0453125
2 0.5859375 0.84375 0.028125 0.021875
2 0.56484375 0.87421875 0.02421875 0.0265625
2 0.62890625 0.78671875 0.03125 0.03046875
2 0.63828125 0.846875 0.0296875 0.02578125
2 0.70859375 0.875 0.02890625 0.02578125
4 0.53359375 0.92578125 0.01484375 0.0140625
4 0.665625 0.75390625 0.015625 0.01953125
0 0.765625 0.89453125 0.0203125 0.0296875
4 0.65859375 0.90078125 0.015625 0.0140625
4 0.73046875 0.90546875 0.0109375 0.01796875
2 0.41328125 0.89921875 0.02578125 0.028125
4 0.521875 0.48671875 0.01171875 0.021875