1 0.23203125 0.66796875 0.0546875 0.02890625
1 0.28828125 0.66015625 0.053125 0.03359375
1 0.4828125 0.87890625 0.05546875 0.03671875
2 0.1109375 0.79375 0.01953125 0.01640625
6 0.1109375 0.859375 0.0296875 0.025
2 0.16015625 0.86484375 0.0203125 0.01875
2 0.178125 0.88828125 0.01875 0.01875
2 0.2296875 0.85703125 0.02109375 0.01953125
4 0.17578125 0.7765625 0.01015625 0.009375
4 0.134375 0.725 0.0109375 0.009375
4 0.14296875 0.70390625 0.0109375 0.0109375
4 0.23125 0.69921875 0.01171875 0.0109375
0 0.25625 0.88515625 0.01484375 0.01484375
0 0.32265625 0.76875 0.01484375 0.0140625
4 0.2984375 0.78671875 0.01171875 0.01328125
2 0.3359375 0.79921875 0.02109375 0.01875
2 0.45390625 0.79609375 0.01953125 0.01796875
0 0.459375 0.76640625 0.0140625 0.01484375
2 0.54453125 0.71875 0.01953125 0.03671875
4 0.52109375 0.78203125 0.01015625 0.0140625
2 0.521875 0.8296875 0.01171875 0.03671875
2 0.5421875 0.87109375 0.02421875 0.0234375
4 0.5390625 0.81171875 0.01015625 0.01171875
4 0.54296875 0.8296875 0.0109375 0.01171875
4 0.55234375 0.81875 0.00859375 0.0140625
3 0.578125 0.83515625 0.02578125 0.03125
2 0.61328125 0.84140625 0.02109375 0.01953125
2 0.68125 0.865625 0.0203125 0.01796875
0 0.73359375 0.88828125 0.01484375 0.015625
4 0.8171875 0.85078125 0.01171875 0.0109375
4 0.85703125 0.87421875 0.0140625 0.01171875
4 0.9484375 0.7734375 0.01328125 0.01015625
2 0.81875 0.80625 0.01953125 0.01953125
2 0.75546875 0.771875 0.0234375 0.0203125
4 0.75546875 0.79921875 0.0109375 0.0109375
2 0.65625 0.78515625 0.0234375 0.021875
4 0.578125 0.79296875 0.0109375 0.01015625
4 0.596875 0.78671875 0.01328125 0.01171875
4 0.59375 0.73671875 0.0109375 0.01328125
4 0.70078125 0.76484375 0.0109375 0.0109375
2 0.5265625 0.60625 0.0140625 0.046875
2 0.48046875 0.6046875 0.01015625 0.03359375
2 0.5265625 0.53046875 0.0109375 0.04375
2 0.51328125 0.3015625 0.01015625 0.03203125
4 0.53046875 0.33046875 0.00546875 0.01953125
4 0.47109375 0.02578125 0.00546875 0.02421875
2 0.48515625 0.08515625 0.01015625 0.03828125
0 0.6234375 0.66484375 0.0140625 0.01484375
2 0.73359375 0.6859375 0.01875 0.01640625
4 0.865625 0.684375 0.01171875 0.0109375
4 0.88984375 0.703125 0.01171875 0.01171875
4 0.90546875 0.68515625 0.0109375 0.009375
4 0.94453125 0.68203125 0.00859375 0.00859375
4 0.396875 0.93515625 0.01328125 0.01484375
0 0.15546875 0.95390625 0.01328125 0.015625