0 0.07109375 0.659375 0.015625 0.01484375
0 0.2734375 0.746875 0.01640625 0.01484375
4 0.559375 0.440625 0.01171875 0.0234375
2 0.57421875 0.49765625 0.01796875 0.02578125
2 0.3015625 0.2453125 0.0203125 0.0203125
2 0.215625 0.4109375 0.01796875 0.0234375
4 0.6203125 0.66484375 0.01015625 0.02109375
4 0.5109375 0.4109375 0.00859375 0.01796875
0 0.7546875 0.49921875 0.00859375 0.01875
0 0.7734375 0.421875 0.0109375 0.02421875
0 0.53125 0.51015625 0.01328125 0.02421875
4 0.18515625 0.665625 0.01015625 0.015625
3 0.20078125 0.7640625 0.0140625 0.02109375
4 0.61328125 0.3796875 0.0109375 0.015625
0 0.72109375 0.171875 0.01484375 0.0203125
4 0.0828125 0.7640625 0.01328125 0.0140625
4 0.615625 0.6859375 0.01015625 0.01796875
4 0.4859375 0.40078125 0.01015625 0.01640625
3 0.6015625 0.596875 0.01640625 0.01953125
4 0.78046875 0.31171875 0.01328125 0.025
2 0.17109375 0.1296875 0.02109375 0.02890625
0 0.3578125 0.5390625 0.01171875 0.01953125
2 0.28096493749999996 0.5415122765625 0.28620756875 0.550831521875 0.302477796875 0.5415122765625 0.30041635 0.52643930625 0.28096493749999996 0.5415122765625
2 0.52109375 0.6015625 0.02109375 0.015625
0 0.284375 0.559375 0.01484375 0.0140625
0 0.271875 0.6109375 0.01171875 0.01796875
0 0.64609375 0.30078125 0.0109375 0.0203125
0 0.38828125 0.5578125 0.01328125 0.01171875
0 0.5515625 0.67890625 0.0109375 0.01953125
4 0.54609375 0.41875 0.01015625 0.01328125
0 0.33203125 0.3171875 0.0140625 0.01953125
4 0.515625 0.6515625 0.009375 0.01484375
0 0.8140625 0.2109375 0.0140625 0.01953125
0 0.22890625 0.5890625 0.0140625 0.01796875
0 0.284375 0.471875 0.01171875 0.01484375
0 0.59140625 0.6453125 0.01171875 0.021875
3 0.69140625 0.8296875 0.01796875 0.0296875
4 0.55625 0.61484375 0.01015625 0.01484375
4 0.88671875 0.1125 0.009375 0.01640625
0 0.8671875 0.11796875 0.01171875 0.02109375
4 0.5986372671875 0.459408515625 0.5911874671875 0.4502756328125 0.5837276671875 0.4658565421875 0.5917314765625 0.47591989375 0.5986372671875 0.459408515625
4 0.35546875 0.56484375 0.009375 0.0140625
2 0.35559672343750004 0.35509381875 0.33683156875 0.33770164375 0.3301942578125 0.3533171859375 0.3481563609375 0.36640870625 0.35466304531250004 0.3702319328125 0.35559672343750004 0.35509381875
0 0.5934422546875 0.356179121875 0.59378596875 0.34298969218750003 0.5812394671875001 0.35446561875000004 0.5809017843750001 0.3707506515625 0.5934422546875 0.356179121875
4 0.51796875 0.42109375 0.00859375 0.015625
0 0.23671875 0.56796875 0.01171875 0.0140625
4 0.03984375 0.78203125 0.009375 0.021875
4 0.75703125 0.31640625 0.00859375 0.01953125
0 0.39921875 0.52578125 0.01171875 0.0203125
4 0.57578125 0.64921875 0.00859375 0.01796875
4 0.7828125 0.71328125 0.01171875 0.0203125
4 0.84140625 0.92421875 0.009375 0.015625
2 0.278125 0.42890625 0.01875 0.02109375
0 0.021875 0.68203125 0.01796875 0.01796875
4 0.75546875 0.3734375 0.01171875 0.01640625
4 0.22421875 0.21640625 0.0109375 0.01953125
4 0.2109375 0.21953125 0.01015625 0.01953125
0 0.8541593828125 0.9548615187499999 0.8515904875 0.9708440640625 0.8677745187499999 0.9872832640625001 0.8723656734375 0.9769513296874999 0.8541593828125 0.9548615187499999
4 0.82421875 0.77890625 0.0109375 0.0234375
0 0.88203125 0.81640625 0.009375 0.01484375
2 0.471875 0.44296875 0.01796875 0.021875
0 0.01171875 0.71171875 0.02109375 0.0140625
4 0.13203125 0.67578125 0.015625 0.01171875
3 0.0484375 0.815625 0.025 0.02421875
0 0.3765625 0.53515625 0.01484375 0.0140625
0 0.3890625 0.54296875 0.01484375 0.01796875
4 0.596875 0.6734375 0.01171875 0.01171875
2 0.871875 0.83046875 0.02109375 0.028125
4 0.9390625 0.89453125 0.01171875 0.0203125
4 0.8203125 0.7484375 0.01171875 0.0265625
0 0.7984375 0.740625 0.01171875 0.01796875
3 0.68125 0.5125 0.021875 0.04140625
0 0.65859375 0.65 0.01484375 0.01796875
4 0.6265625 0.55703125 0.01015625 0.01640625
0 0.3484375 0.52578125 0.009375 0.025
4 0.18828125 0.18828125 0.01328125 0.01328125
4 0.1640625 0.16015625 0.015625 0.01640625
0 0.34921875 0.49296875 0.01328125 0.01484375
4 0.11953125 0.68828125 0.009375 0.01796875
4 0.1515625 0.17421875 0.01171875 0.01796875
4 0.5671875 0.61171875 0.00703125 0.015625
4 0.58046875 0.390625 0.01171875 0.015625
0 0.6265625 0.35234375 0.0140625 0.02109375
2 0.9234375 0.03203125 0.01875 0.03203125
0 0.79921875 0.26171875 0.0140625 0.01640625
4 0.76953125 0.68359375 0.009375 0.01953125
0 0.571875 0.70859375 0.01796875 0.01953125
4 0.6515625 0.72890625 0.015625 0.01875
0 0.58125 0.596875 0.0140625 0.015625
0 0.809375 0.73125 0.01328125 0.01953125
2 0.80234375 0.88359375 0.02109375 0.03125
2 0.753125 0.8609375 0.025 0.0296875
4 0.82890625 0.93671875 0.01484375 0.01171875
2 0.9734375 0.95703125 0.02578125 0.03515625
4 0.6015625 0.45703125 0.01328125 0.01796875
4 0.4671875 0.63359375 0.01796875 0.01484375
4 0.85390625 0.81796875 0.009375 0.01953125
4 0.84375 0.79453125 0.0140625 0.01875
2 0.46328125 0.4109375 0.0234375 0.0203125
4 0.45546875 0.390625 0.0109375 0.0140625
0 0.303125 0.284375 0.021875 0.02109375
0 0.26015625 0.2703125 0.0140625 0.01875
4 0.27421875 0.2640625 0.009375 0.01640625
2 0.240625 0.26640625 0.0203125 0.02578125
4 0.24921875 0.24453125 0.01171875 0.01640625
4 0.23359375 0.240625 0.0109375 0.01875
6 0.1734375 0.31953125 0.03984375 0.04609375
4 0.153125 0.33046875 0.01484375 0.01875
4 0.10859375 0.26171875 0.01640625 0.02421875
4 0.23125 0.38046875 0.01015625 0.01953125
4 0.22578125 0.39609375 0.00859375 0.01640625
0 0.2078125 0.35078125 0.015625 0.02421875
3 0.359375 0.47890625 0.025 0.02890625
4 0.40390625 0.5453125 0.0109375 0.00859375
4 0.47109375 0.46484375 0.00625 0.02421875
4 0.49453125 0.4765625 0.00859375 0.0234375
2 0.49453125 0.44140625 0.01953125 0.02421875
2 0.50390625 0.45390625 0.0140625 0.0203125
0 0.50859375 0.46953125 0.01328125 0.015625
2 0.52578125 0.45078125 0.025 0.0203125
2 0.52890625 0.48203125 0.02421875 0.025
2 0.51171875 0.50078125 0.01796875 0.04296875
2 0.5515625 0.4984375 0.0203125 0.034375
3 0.565625 0.46875 0.0203125 0.0203125
4 0.5265625 0.4375 0.01328125 0.0140625
0 0.54609375 0.43671875 0.015625 0.02109375
2 0.58671875 0.41484375 0.02421875 0.0234375
2 0.59921875 0.49765625 0.0203125 0.03515625
2 0.61328125 0.48671875 0.01796875 0.03046875
3 0.51640625 0.55078125 0.01796875 0.0453125
3 0.58203125 0.61328125 0.01640625 0.0109375
0 0.56640625 0.63046875 0.01484375 0.01171875
0 0.58203125 0.6328125 0.01328125 0.015625
2 0.59296875 0.6875 0.01953125 0.021875
0 0.60234375 0.71484375 0.01484375 0.0203125
3 0.66875 0.68671875 0.01953125 0.0234375
4 0.65703125 0.7609375 0.01484375 0.01640625
3 0.6921875 0.78671875 0.01796875 0.01953125
4 0.70859375 0.81796875 0.009375 0.01640625
4 0.6984375 0.8046875 0.0109375 0.01328125
4 0.74453125 0.83203125 0.0203125 0.0234375
3 0.71640625 0.4125 0.01328125 0.03828125
4 0.728125 0.44453125 0.015625 0.021875
0 0.73671875 0.471875 0.01484375 0.021875
0 0.759375 0.42109375 0.01640625 0.02890625
0 0.7484375 0.3609375 0.009375 0.025
4 0.75859375 0.39140625 0.01328125 0.01640625
0 0.7859375 0.2640625 0.0140625 0.0265625
0 0.67421875 0.31171875 0.021875 0.02109375
0 0.66640625 0.259375 0.021875 0.015625
0 0.63046875 0.28671875 0.0109375 0.021875
0 0.61796875 0.27421875 0.01015625 0.021875
2 0.890625 0.06015625 0.01875 0.04453125
4 0.90546875 0.04375 0.0109375 0.0296875
4 0.834375 0.2046875 0.01796875 0.0234375
4 0.8234375 0.21640625 0.01171875 0.01875
3 0.30546875 0.59140625 0.0140625 0.02109375
4 0.309375 0.61171875 0.0140625 0.00703125
0 0.35546875 0.6109375 0.01796875 0.0265625
4 0.32890625 0.66328125 0.015625 0.01484375
4 0.40546875 0.6359375 0.01171875 0.021875
4 0.4140625 0.64609375 0.01796875 0.021875
3 0.40625 0.3890625 0.04296875 0.05078125
1 0.546875 0.6515625 0.06171875 0.0640625
2 0.70078125 0.6140625 0.021875 0.04609375
2 0.721875 0.6359375 0.01640625 0.0484375
3 0.859375 0.77890625 0.0265625 0.034375