4 0.20859375 0.35546875 0.01484375 0.01796875
4 0.22265625 0.36796875 0.0109375 0.01484375
4 0.27109375 0.36640625 0.01328125 0.0171875
4 0.19375 0.38125 0.0140625 0.015625
4 0.2109375 0.396875 0.01328125 0.0171875
4 0.23671875 0.39140625 0.015625 0.01484375
4 0.3 0.3578125 0.015625 0.0171875
4 0.30703125 0.3703125 0.0125 0.01875
4 0.32265625 0.35703125 0.015625 0.0171875
4 0.33828125 0.34453125 0.01640625 0.0203125
4 0.3375 0.37421875 0.015625 0.01640625
4 0.3421875 0.39609375 0.01796875 0.01953125
4 0.36171875 0.3890625 0.0140625 0.01875
4 0.3796875 0.38359375 0.0171875 0.0171875
4 0.4015625 0.3703125 0.0171875 0.01640625
4 0.41328125 0.35390625 0.02109375 0.0171875
4 0.3859375 0.39609375 0.01328125 0.0171875
4 0.39765625 0.4078125 0.01640625 0.0171875
4 0.4703125 0.36328125 0.0171875 0.01171875
4 0.4875 0.3453125 0.0171875 0.01875
4 0.50546875 0.3609375 0.01328125 0.015625
4 0.46484375 0.3890625 0.015625 0.015625
4 0.45390625 0.4078125 0.0140625 0.01953125
4 0.4921875 0.36875 0.01640625 0.01484375
4 0.52890625 0.35390625 0.0140625 0.01875
4 0.52421875 0.38359375 0.015625 0.01328125
4 0.5171875 0.39609375 0.01015625 0.015625
4 0.50625 0.40703125 0.01484375 0.01328125
4 0.575 0.38125 0.01484375 0.01484375
4 0.61015625 0.35859375 0.01796875 0.01484375
4 0.6703125 0.36953125 0.01484375 0.01484375
4 0.6453125 0.38984375 0.01328125 0.01640625
4 0.7140625 0.365625 0.01796875 0.01484375
4 0.68515625 0.3953125 0.01328125 0.0171875
4 0.64140625 0.403125 0.01796875 0.01171875
4 0.74921875 0.371875 0.01640625 0.01953125
4 0.146875 0.3625 0.01640625 0.0109375
4 0.14296875 0.378125 0.0203125 0.0125
4 0.096875 0.3484375 0.01640625 0.0125
4 0.0953125 0.37578125 0.015625 0.01484375
4 0.01640625 0.3578125 0.0171875 0.015625
4 0.0546875 0.36875 0.01640625 0.01328125
4 0.0578125 0.38125 0.01640625 0.01640625
4 0.040625 0.35625 0.01328125 0.01484375
4 0.0390625 0.340625 0.015625 0.0125
4 0.15859375 0.4796875 0.0140625 0.0140625
4 0.26171875 0.4734375 0.0125 0.0140625
4 0.78203125 0.3625 0.0125 0.01484375
4 0.77421875 0.38984375 0.01484375 0.02109375
4 0.7921875 0.46171875 0.0171875 0.01484375
4 0.815625 0.37109375 0.01171875 0.0109375
4 0.859375 0.365625 0.0140625 0.01015625
4 0.8296875 0.3546875 0.0125 0.0171875
4 0.87421875 0.390625 0.015625 0.0171875
4 0.68046875 0.4625 0.01328125 0.0140625
4 0.65625 0.45625 0.01328125 0.0109375
4 0.98828125 0.34296875 0.01484375 0.01171875
4 0.99140625 0.359375 0.0125 0.0109375
4 0.96875 0.35703125 0.01328125 0.01171875
4 0.96171875 0.38125 0.01328125 0.015625
4 0.9453125 0.35 0.015625 0.0109375
4 0.9421875 0.39453125 0.0125 0.0140625
4 0.89375 0.35625 0.01328125 0.0125
4 0.8875 0.36796875 0.01484375 0.0140625
4 0.8890625 0.2703125 0.009375 0.0109375
4 0.82109375 0.240625 0.01015625 0.015625
4 0.79765625 0.2578125 0.01171875 0.01328125
4 0.29453125 0.31015625 0.015625 0.0109375
4 0.23671875 0.3125 0.01484375 0.01328125
4 0.1984375 0.284375 0.0140625 0.01328125
4 0.18984375 0.303125 0.01171875 0.0109375
4 0.3109375 0.278125 0.0109375 0.0125
4 0.02109375 0.30234375 0.01328125 0.01015625
4 0.06328125 0.24609375 0.00703125 0.01171875
4 0.059375 0.2671875 0.00859375 0.00703125
4 0.06484375 0.30546875 0.015625 0.015625
0 0.084375 0.2828125 0.01796875 0.015625
0 0.1125 0.30703125 0.01796875 0.01796875
0 0.17890625 0.2859375 0.0171875 0.01640625
0 0.134375 0.29453125 0.01796875 0.015625
0 0.20546875 0.31015625 0.015625 0.01796875
2 0.26171875 0.31875 0.015625 0.01484375
2 0.51640625 0.321875 0.015625 0.01328125
0 0.6234375 0.32109375 0.01484375 0.015625
0 0.66640625 0.31015625 0.01484375 0.015625
0 0.76015625 0.303125 0.01796875 0.01640625
0 0.7578125 0.32109375 0.01953125 0.01328125
0 0.84453125 0.30234375 0.0171875 0.01640625
3 0.6984375 0.4828125 0.02109375 0.015625
3 0.6609375 0.48203125 0.02265625 0.01796875
0 0.86796875 0.31015625 0.01328125 0.0203125
0 0.8421875 0.31875 0.0171875 0.015625
0 0.7984375 0.3203125 0.021875 0.015625
0 0.94921875 0.3171875 0.0171875 0.0140625
0 0.0828125 0.309375 0.01796875 0.015625
2 0.18828125 0.4375 0.02421875 0.0203125
2 0.3453125 0.44140625 0.0234375 0.02421875
2 0.40234375 0.4484375 0.02734375 0.021875
2 0.49296875 0.4453125 0.02421875 0.0203125
4 0.43359375 0.4765625 0.0140625 0.01484375
0 0.0515625 0.290625 0.01953125 0.01796875
0 0.5265625 0.72734375 0.01328125 0.025
0 0.509375 0.8 0.01015625 0.0265625
0 0.4921875 0.759375 0.009375 0.03046875
0 0.4859375 0.828125 0.01015625 0.02890625
0 0.5078125 0.70078125 0.0125 0.03046875
0 0.4390625 0.53828125 0.01484375 0.02265625
0 0.4578125 0.5359375 0.0140625 0.021875
0 0.47421875 0.54296875 0.01484375 0.01484375
0 0.5578125 0.52890625 0.0140625 0.015625
0 0.63046875 0.55 0.01640625 0.01875
0 0.67890625 0.55078125 0.01640625 0.0171875
0 0.81640625 0.525 0.015625 0.01953125
0 0.76328125 0.53203125 0.01953125 0.01796875
4 0.65234375 0.5421875 0.01171875 0.0125
4 0.628125 0.5140625 0.01171875 0.0125
4 0.52265625 0.5703125 0.0078125 0.01953125
4 0.50859375 0.6078125 0.01015625 0.0140625
4 0.496875 0.58515625 0.00703125 0.02109375
4 0.51875 0.625 0.00625 0.01640625
4 0.51328125 0.6484375 0.00703125 0.01953125
4 0.5 0.5234375 0.01015625 0.0109375
4 0.52578125 0.51171875 0.0109375 0.01328125
4 0.53203125 0.68046875 0.01015625 0.01640625
4 0.52734375 0.64765625 0.00625 0.0203125
4 0.50078125 0.73125 0.0125 0.01484375
0 0.371875 0.53046875 0.01953125 0.01796875
0 0.38359375 0.55078125 0.01640625 0.0171875
0 0.3421875 0.58046875 0.01484375 0.0296875
4 0.3671875 0.56484375 0.0125 0.02265625
0 0.1484375 0.5125 0.01796875 0.01640625
4 0.5171875 0.67890625 0.00390625 0.0171875
4 0.52265625 0.6703125 0.00625 0.01796875
4 0.52421875 0.62265625 0.00546875 0.0171875
4 0.5296875 0.625 0.00625 0.01875
4 0.50078125 0.6375 0.00546875 0.0171875
4 0.4796875 0.61953125 0.00546875 0.01015625
4 0.57578125 0.62578125 0.00546875 0.01328125
4 0.7234375 0.3796875 0.0109375 0.0109375
4 0.69375 0.4046875 0.01328125 0.0109375
4 0.67265625 0.38203125 0.01171875 0.01015625
4 0.94609375 0.36328125 0.0125 0.01484375
0 0.61015625 0.375 0.01640625 0.01796875
2 0.55546875 0.4015625 0.0296875 0.025
4 0.46796875 0.37265625 0.01328125 0.0125
4 0.49296875 0.3890625 0.0109375 0.01328125
4 0.47109375 0.40078125 0.01328125 0.009375
4 0.5375 0.31015625 0.01484375 0.01640625