4 0.8484375 0.5875 0.01328125 0.021875
4 0.7546875 0.37734375 0.0046875 0.01875
4 0.74921875 0.428125 0.00390625 0.01640625
4 0.79453125 0.428125 0.00859375 0.01953125
4 0.771875 0.3828125 0.00546875 0.01796875
4 0.7546875 0.428125 0.00390625 0.01953125
4 0.76171875 0.384375 0.00703125 0.0234375
4 0.796875 0.38125 0.00703125 0.015625
4 0.809375 0.37421875 0.00546875 0.01328125
4 0.88203125 0.38125 0.009375 0.01796875
4 0.8453125 0.37890625 0.00859375 0.01484375
4 0.859375 0.3765625 0.00625 0.01015625
4 0.68671875 0.515625 0.0109375 0.01328125
4 0.71796875 0.6390625 0.009375 0.01875
4 0.70546875 0.634375 0.01171875 0.009375
4 0.70546875 0.65703125 0.009375 0.01015625
4 0.70546875 0.64609375 0.01015625 0.01015625
4 0.778125 0.39296875 0.0046875 0.01484375
4 0.8015625 0.3953125 0.00390625 0.015625
4 0.81328125 0.42734375 0.00390625 0.0234375
4 0.81796875 0.4265625 0.00390625 0.02109375
4 0.82421875 0.42578125 0.00546875 0.01796875
4 0.8484375 0.42421875 0.00546875 0.01875
4 0.85390625 0.42421875 0.0046875 0.01640625
4 0.871875 0.42109375 0.0046875 0.01796875
4 0.878125 0.42109375 0.00546875 0.01484375
4 0.915625 0.48359375 0.01328125 0.0140625
4 0.7359375 0.65625 0.01015625 0.0109375
4 0.73359375 0.67265625 0.00859375 0.00859375
4 0.78203125 0.66171875 0.00546875 0.01640625
4 0.70390625 0.66640625 0.0109375 0.00703125
2 0.796875 0.571875 0.02109375 0.02109375
2 0.73046875 0.70078125 0.01484375 0.040625
2 0.7078125 0.8171875 0.0234375 0.0296875
2 0.73125 0.4640625 0.0265625 0.0203125
2 0.66953125 0.55703125 0.025 0.0234375
2 0.62421875 0.5328125 0.0234375 0.01640625
2 0.62578125 0.55859375 0.02109375 0.015625
2 0.640625 0.58515625 0.0203125 0.01953125
0 0.6484375 0.52421875 0.01796875 0.01875
4 0.60703125 0.48515625 0.009375 0.01171875
4 0.6078125 0.4984375 0.009375 0.01015625
4 0.62578125 0.51328125 0.01015625 0.0109375
4 0.61484375 0.51875 0.009375 0.00859375
4 0.615625 0.56953125 0.00859375 0.009375
4 0.64296875 0.5671875 0.00859375 0.01015625
4 0.6140625 0.58359375 0.01171875 0.00546875
4 0.615625 0.59375 0.01171875 0.00625
4 0.546875 0.546875 0.0109375 0.0234375
0 0.7734375 0.64921875 0.00859375 0.02421875
0 0.7890625 0.64375 0.01015625 0.02421875
0 0.55546875 0.47578125 0.01328125 0.02421875
0 0.54453125 0.415625 0.01328125 0.0296875
0 0.52578125 0.603125 0.009375 0.0265625
0 0.46796875 0.6640625 0.0109375 0.025
0 0.4953125 0.74609375 0.01015625 0.021875
0 0.46953125 0.71015625 0.01015625 0.03125
0 0.34375 0.8015625 0.01015625 0.02578125
0 0.396875 0.85390625 0.01171875 0.0234375
0 0.47421875 0.965625 0.0140625 0.0296875
0 0.50859375 0.73671875 0.0109375 0.02578125
0 0.49375 0.790625 0.01171875 0.02890625
0 0.4359375 0.76953125 0.009375 0.0234375
0 0.45078125 0.78515625 0.01015625 0.0296875
0 0.48671875 0.85 0.01015625 0.03984375
0 0.515625 0.68984375 0.00859375 0.03203125
0 0.5265625 0.690625 0.0109375 0.0296875
4 0.53828125 0.5734375 0.00859375 0.0203125
4 0.53671875 0.50546875 0.009375 0.01875
4 0.46484375 0.5640625 0.0109375 0.01875
4 0.453125 0.6484375 0.00859375 0.0203125
4 0.440625 0.675 0.00859375 0.0203125
4 0.440625 0.515625 0.009375 0.01796875
4 0.54375 0.47890625 0.00625 0.0203125
4 0.50546875 0.684375 0.00546875 0.0234375
4 0.4765625 0.86171875 0.00625 0.0234375
4 0.496875 0.821875 0.00703125 0.0140625
4 0.44296875 0.77578125 0.0046875 0.02421875
4 0.35703125 0.79609375 0.009375 0.015625
4 0.37890625 0.8359375 0.00703125 0.0203125
4 0.36953125 0.846875 0.01015625 0.00859375
2 0.41640625 0.9375 0.01953125 0.04453125
2 0.44609375 0.94296875 0.0140625 0.04921875
2 0.49453125 0.50625 0.01953125 0.04453125
2 0.48359375 0.44296875 0.01640625 0.03359375
2 0.51171875 0.59296875 0.01484375 0.05859375
2 0.18203125 0.628125 0.021875 0.025
2 0.09765625 0.66484375 0.01875 0.02421875
2 0.09296875 0.6984375 0.01953125 0.03671875
2 0.084375 0.7375 0.02109375 0.03671875
2 0.0265625 0.55234375 0.028125 0.025
2 0.07578125 0.56796875 0.0234375 0.02109375
2 0.0515625 0.565625 0.02109375 0.021875
2 0.04140625 0.59453125 0.01171875 0.02578125
2 0.0546875 0.59609375 0.01171875 0.03359375
2 0.09296875 0.59375 0.0203125 0.02109375
2 0.03046875 0.39296875 0.02890625 0.03046875
2 0.31171875 0.47578125 0.02109375 0.01953125
2 0.3359375 0.496875 0.0203125 0.02109375
2 0.30859375 0.5 0.021875 0.021875
2 0.3609375 0.49921875 0.01796875 0.015625
2 0.3921875 0.49921875 0.01953125 0.015625
2 0.40390625 0.41875 0.0234375 0.0203125
4 0.225 0.5734375 0.01171875 0.015625
4 0.19453125 0.56171875 0.01484375 0.01640625
4 0.17578125 0.56171875 0.0109375 0.0140625
4 0.253125 0.6078125 0.01171875 0.0109375
4 0.24296875 0.63046875 0.01171875 0.01875
4 0.10546875 0.38828125 0.0140625 0.0234375
4 0.1859375 0.42421875 0.01640625 0.01875
4 0.06015625 0.52890625 0.01484375 0.021875
4 0.2609375 0.4546875 0.009375 0.015625
0 0.16640625 0.57578125 0.01796875 0.01640625
4 0.3984375 0.61640625 0.01015625 0.01328125
6 0.396875 0.5828125 0.05703125 0.046875
0 0.375 0.5140625 0.01171875 0.0140625
0 0.38984375 0.515625 0.01484375 0.01484375
0 0.37109375 0.4640625 0.01484375 0.01171875
0 0.3765625 0.47890625 0.01328125 0.01328125
0 0.3921875 0.48046875 0.01328125 0.01171875
4 0.390625 0.4453125 0.01015625 0.01015625
4 0.36796875 0.45 0.009375 0.01015625
4 0.378125 0.45390625 0.00859375 0.00703125
4 0.3875 0.45390625 0.00859375 0.00703125
4 0.38515625 0.465625 0.01015625 0.00859375
4 0.34296875 0.471875 0.01015625 0.00703125
4 0.3421875 0.48203125 0.01015625 0.00859375
4 0.3546875 0.484375 0.009375 0.00859375
4 0.353125 0.4734375 0.00703125 0.009375
4 0.3640625 0.4796875 0.00859375 0.01015625
4 0.37890625 0.48984375 0.009375 0.00859375
4 0.39921875 0.45703125 0.01171875 0.00859375
4 0.39609375 0.46640625 0.009375 0.00703125
4 0.38828125 0.38984375 0.00625 0.0203125
4 0.4671875 0.396875 0.009375 0.0140625
4 0.45859375 0.409375 0.00859375 0.01328125
4 0.3984375 0.38828125 0.00546875 0.01953125
4 0.40390625 0.3890625 0.003125 0.01953125
4 0.409375 0.3875 0.00390625 0.01640625
4 0.41640625 0.38515625 0.00390625 0.01875
4 0.42421875 0.384375 0.00390625 0.01640625
4 0.41875 0.353125 0.00625 0.015625
4 0.42890625 0.3484375 0.00546875 0.015625
4 0.43125 0.38125 0.0046875 0.02109375
4 0.45078125 0.36796875 0.00625 0.01484375
4 0.4390625 0.35703125 0.00625 0.01015625
4 0.4359375 0.31875 0.009375 0.01015625
4 0.434375 0.33359375 0.00859375 0.00859375
4 0.45625 0.29375 0.009375 0.009375
4 0.44921875 0.3046875 0.009375 0.00546875
4 0.4453125 0.31796875 0.00859375 0.01328125
4 0.44375 0.3453125 0.00625 0.0140625
4 0.453125 0.33203125 0.009375 0.0109375
4 0.465625 0.30390625 0.00703125 0.01171875
4 0.459375 0.31953125 0.009375 0.009375
4 0.53203125 0.34296875 0.00859375 0.0203125
0 0.490625 0.296875 0.015625 0.03125
0 0.4703125 0.31953125 0.009375 0.01953125
4 0.52109375 0.15234375 0.009375 0.0234375
4 0.496875 0.23984375 0.00703125 0.01875
4 0.48203125 0.2203125 0.01015625 0.00859375
4 0.46328125 0.2578125 0.009375 0.00703125
4 0.46171875 0.27421875 0.00703125 0.01171875
4 0.47890625 0.23359375 0.009375 0.01015625
2 0.49296875 0.196875 0.01640625 0.034375
2 0.5171875 0.1140625 0.02890625 0.0390625
2 0.565625 0.39609375 0.01484375 0.04921875
2 0.5453125 0.2921875 0.01640625 0.03984375
0 0.6046875 0.1125 0.00859375 0.034375
0 0.603125 0.15703125 0.01328125 0.025
0 0.58828125 0.16875 0.0109375 0.0265625
0 0.59921875 0.196875 0.00859375 0.0265625
0 0.5828125 0.228125 0.0109375 0.021875
0 0.58359375 0.278125 0.0140625 0.0265625
0 0.5609375 0.30078125 0.0109375 0.025
0 0.55390625 0.365625 0.00859375 0.02890625
0 0.565625 0.34765625 0.0109375 0.02578125
4 0.58671875 0.20546875 0.00703125 0.01875
4 0.590625 0.18671875 0.00859375 0.01484375
4 0.6125 0.1203125 0.00546875 0.0234375
4 0.6234375 0.0484375 0.00625 0.02109375
4 0.590625 0.2484375 0.00703125 0.01796875
4 0.59921875 0.3515625 0.00703125 0.01640625
4 0.6 0.3703125 0.00546875 0.01484375
4 0.60859375 0.38359375 0.00703125 0.009375
4 0.6140625 0.403125 0.00859375 0.01640625
4 0.60859375 0.35703125 0.009375 0.009375
6 0.5171875 0.41015625 0.040625 0.0984375
6 0.57109375 0.209375 0.02109375 0.059375