4 0.5109375 0.3453125 0.0140625 0.0265625
4 0.58125 0.30546875 0.01171875 0.02109375
4 0.6046875 0.26171875 0.01328125 0.025
4 0.53671875 0.540625 0.015625 0.0203125
4 0.50546875 0.43671875 0.0109375 0.03359375
4 0.46953125 0.58203125 0.015625 0.0203125
4 0.48828125 0.58203125 0.0109375 0.01875
4 0.52109375 0.603125 0.01171875 0.01953125
4 0.54296875 0.628125 0.01015625 0.0265625
4 0.52265625 0.63203125 0.01015625 0.02578125
4 0.5046875 0.6296875 0.01328125 0.02421875
4 0.421875 0.59375 0.01484375 0.01796875
4 0.41171875 0.5625 0.01015625 0.021875
4 0.39921875 0.48671875 0.01015625 0.02890625
4 0.43828125 0.44140625 0.01640625 0.02109375
4 0.39921875 0.42578125 0.00703125 0.03046875
4 0.38828125 0.4 0.009375 0.03203125
4 0.4078125 0.34453125 0.01171875 0.0265625
4 0.425 0.36328125 0.0140625 0.01953125
0 0.43125 0.38359375 0.01875 0.03515625
0 0.48515625 0.5578125 0.01484375 0.0203125
0 0.44296875 0.65703125 0.01875 0.02578125
0 0.428125 0.653125 0.01796875 0.02890625
0 0.40703125 0.69609375 0.01640625 0.028125
0 0.41484375 0.64921875 0.01328125 0.0234375
0 0.2874295859375 0.7741305828125 0.27701014218750003 0.8016749765625001 0.286360921875 0.8125977640625001 0.29566731874999996 0.781558134375 0.2874295859375 0.7741305828125
0 0.28125 0.27734375 0.01875 0.02578125
0 0.77421875 0.946875 0.01796875 0.02578125
0 0.73984375 0.915625 0.01953125 0.0265625
0 0.64609375 0.784375 0.01796875 0.0265625
2 0.72421875 0.96328125 0.03203125 0.02109375
2 0.75703125 0.63359375 0.02109375 0.04609375
0 0.6640625 0.36875 0.01796875 0.02890625
2 0.59609375 0.2203125 0.021875 0.03203125
2 0.546875 0.24921875 0.0234375 0.0359375
2 0.515625 0.27890625 0.025 0.03984375
2 0.5390625 0.50078125 0.02890625 0.040625
2 0.353125 0.5234375 0.0265625 0.0234375
2 0.20859375 0.94140625 0.01484375 0.046875
3 0.25078125 0.80625 0.015625 0.04453125
3 0.278125 0.6796875 0.02109375 0.034375
2 0.3234375 0.37890625 0.0109375 0.0390625
2 0.22890625 0.19375 0.02578125 0.0359375
2 0.18671875 0.1296875 0.02109375 0.02890625
2 0.3046875 0.115625 0.02421875 0.03984375
4 0.34375 0.33359375 0.0140625 0.02421875
4 0.29375 0.25078125 0.01171875 0.0203125
4 0.31328125 0.30234375 0.009375 0.021875
4 0.359375 0.59140625 0.0140625 0.021875
4 0.37890625 0.54765625 0.01484375 0.0234375
4 0.38359375 0.509375 0.01484375 0.02421875
4 0.36875 0.4546875 0.009375 0.03125
4 0.3296875 0.46171875 0.01640625 0.02109375
2 0.484375 0.64921875 0.0265625 0.03203125
2 0.3265625 0.9234375 0.0234375 0.04296875
4 0.32421875 0.8515625 0.01015625 0.03359375
4 0.29921875 0.8921875 0.01171875 0.0265625
4 0.29609375 0.9375 0.01640625 0.0265625
4 0.24296875 0.9265625 0.01328125 0.02890625
4 0.32421875 0.65078125 0.01171875 0.028125
4 0.40390625 0.63671875 0.01484375 0.01640625
4 0.31171875 0.6875 0.00859375 0.0296875
4 0.309375 0.63671875 0.0109375 0.02578125
4 0.70546875 0.359375 0.01484375 0.02109375
4 0.7796875 0.2796875 0.0234375 0.02109375
4 0.77890625 0.13671875 0.01640625 0.02578125
4 0.803125 0.0734375 0.01171875 0.0203125
4 0.84453125 0.08671875 0.015625 0.02421875
4 0.81484375 0.1015625 0.01640625 0.02109375
4 0.8296875 0.11875 0.015625 0.025
0 0.9140625 0.03671875 0.02578125 0.03046875
4 0.9546875 0.16328125 0.01171875 0.02578125
6 0.5640625 0.95546875 0.0453125 0.0734375
3 0.24921875 0.2390625 0.02109375 0.03359375
3 0.1859375 0.2140625 0.0234375 0.04140625
3 0.21171875 0.25703125 0.02421875 0.04375
6 0.190625 0.25859375 0.0265625 0.05390625
3 0.23125 0.28828125 0.025 0.0484375
4 0.33671875 0.2171875 0.01171875 0.02109375
4 0.31015625 0.2390625 0.009375 0.01875
4 0.353125 0.215625 0.01328125 0.0234375
4 0.3546875 0.24453125 0.01171875 0.01640625
4 0.26171875 0.04375 0.01171875 0.01484375
4 0.3015625 0.4375 0.01171875 0.021875
4 0.321875 0.68515625 0.009375 0.0265625
4 0.353125 0.63671875 0.0109375 0.0203125
4 0.409375 0.67109375 0.0109375 0.01328125
4 0.2640625 0.92109375 0.01171875 0.01875
4 0.21640625 0.98984375 0.01015625 0.0203125
4 0.24296875 0.9890625 0.01484375 0.021875
4 0.31953125 0.5609375 0.00859375 0.02421875
4 0.3796875 0.528125 0.01171875 0.01640625
2 0.4015625 0.14453125 0.021875 0.03671875
4 0.19609375 0.1671875 0.01015625 0.0140625
4 0.1953125 0.153125 0.01015625 0.01484375
4 0.17265625 0.11640625 0.009375 0.02109375
4 0.43125 0.33671875 0.01015625 0.01484375
4 0.4546875 0.29921875 0.00859375 0.015625
4 0.453125 0.2890625 0.009375 0.01640625
4 0.559375 0.20234375 0.00703125 0.01875
2 0.65625 0.1515625 0.025 0.0265625
2 0.61796875 0.16171875 0.0140625 0.04140625
3 0.78125 0.634375 0.0234375 0.04609375
3 0.72421875 0.6765625 0.0234375 0.03671875
3 0.703125 0.63203125 0.021875 0.03828125
3 0.68203125 0.58671875 0.02578125 0.04140625
3 0.66875 0.4390625 0.0265625 0.034375
3 0.73203125 0.3890625 0.02578125 0.03125
3 0.80625 0.33125 0.0234375 0.03125
3 0.834375 0.3109375 0.03125 0.040625
3 0.86328125 0.3359375 0.0296875 0.0640625
3 0.81953125 0.4484375 0.03125 0.06171875
4 0.84375 0.45703125 0.00859375 0.01953125
4 0.7734375 0.74375 0.01015625 0.01328125
4 0.7734375 0.85 0.01328125 0.0203125
4 0.71328125 0.709375 0.01328125 0.01796875
4 0.67890625 0.69453125 0.01171875 0.01875
4 0.6578125 0.696875 0.01171875 0.01875
4 0.63046875 0.590625 0.01171875 0.02421875
4 0.61015625 0.52421875 0.01171875 0.0203125
3 0.61796875 0.490625 0.01875 0.028125
4 0.64609375 0.46171875 0.009375 0.01875
4 0.65703125 0.8171875 0.01171875 0.0203125
4 0.634375 0.803125 0.01328125 0.02109375
4 0.70546875 0.9375 0.0140625 0.01875
4 0.71875 0.93359375 0.01484375 0.01953125
4 0.70546875 0.975 0.01171875 0.01796875
2 0.84296875 0.38984375 0.021875 0.046875
2 0.86171875 0.2890625 0.02890625 0.03203125
4 0.87109375 0.9796875 0.01484375 0.01953125
3 0.628125 0.509375 0.01796875 0.03125
3 0.69609375 0.41875 0.034375 0.0390625
3 0.6640625 0.56796875 0.02109375 0.03515625
3 0.6265625 0.54375 0.01796875 0.02578125
3 0.715625 0.64921875 0.02421875 0.03828125
3 0.51796875 0.2234375 0.025 0.03203125
6 0.071875 0.0375 0.03671875 0.0640625
4 0.11328125 0.128125 0.00859375 0.01953125
4 0.140625 0.184375 0.00546875 0.01484375
4 0.1453125 0.1890625 0.00703125 0.01796875
4 0.23203125 0.2484375 0.00859375 0.01484375
4 0.23984375 0.246875 0.00859375 0.01875
4 0.3265625 0.065625 0.00703125 0.0203125
4 0.33125 0.06953125 0.00859375 0.01328125
4 0.340625 0.07578125 0.01015625 0.01796875
4 0.35078125 0.05390625 0.009375 0.01875
4 0.33984375 0.04375 0.009375 0.0203125
4 0.33984375 0.01875 0.0109375 0.01484375
4 0.3578125 0.06640625 0.01015625 0.01875
4 0.36796875 0.08203125 0.01171875 0.01953125
4 0.3859375 0.1109375 0.0046875 0.02109375
4 0.38046875 0.12109375 0.00625 0.015625
4 0.37578125 0.10546875 0.00703125 0.015625
4 0.36015625 0.10078125 0.00546875 0.015625
4 0.35625 0.09140625 0.00625 0.015625
4 0.32109375 0.0734375 0.01015625 0.0140625
4 0.32578125 0.0859375 0.0140625 0.0140625
4 0.30703125 0.08203125 0.01171875 0.01875
4 0.309375 0.09296875 0.00859375 0.015625
4 0.328125 0.1453125 0.00859375 0.025
4 0.3640625 0.1203125 0.00625 0.01640625
4 0.36796875 0.13359375 0.00703125 0.01796875
4 0.37421875 0.146875 0.00625 0.02109375
4 0.35703125 0.1234375 0.00703125 0.01875
4 0.346875 0.09921875 0.00859375 0.015625
4 0.334375 0.11015625 0.009375 0.0234375
4 0.3359375 0.1296875 0.009375 0.01875
4 0.225 0.8453125 0.01328125 0.0109375
4 0.2265625 0.83046875 0.0109375 0.0109375
4 0.2328125 0.8109375 0.0109375 0.01171875
4 0.2453125 0.771875 0.0109375 0.01328125
4 0.36875 0.8 0.00703125 0.01796875
4 0.403125 0.7421875 0.01171875 0.01328125
4 0.53203125 0.6859375 0.015625 0.01171875
4 0.51875 0.709375 0.025 0.03671875
4 0.48046875 0.54453125 0.0109375 0.01796875
4 0.49296875 0.27421875 0.00546875 0.01875
4 0.5046875 0.2609375 0.00703125 0.01640625
4 0.51328125 0.2515625 0.00859375 0.01171875
4 0.4703125 0.2828125 0.00703125 0.01796875
4 0.4609375 0.28125 0.00546875 0.01875
4 0.43515625 0.29453125 0.00625 0.01953125
4 0.38828125 0.1953125 0.009375 0.01796875
4 0.3453125 0.140625 0.00859375 0.01640625
4 0.32578125 0.109375 0.00859375 0.01953125
4 0.409375 0.27421875 0.00859375 0.01875
4 0.41328125 0.2828125 0.00703125 0.01953125
4 0.41953125 0.2875 0.00703125 0.01953125
4 0.4296875 0.29375 0.00625 0.0234375
4 0.42421875 0.29296875 0.0046875 0.01875
4 0.47734375 0.28046875 0.00703125 0.01796875
4 0.546875 0.19296875 0.00703125 0.01796875
4 0.5515625 0.1859375 0.00859375 0.021875
4 0.571875 0.19453125 0.00625 0.0203125
4 0.58671875 0.2 0.00703125 0.01875
4 0.60078125 0.17578125 0.00625 0.02109375
4 0.60703125 0.1609375 0.00703125 0.01953125
4 0.60703125 0.1328125 0.00859375 0.01953125
4 0.59296875 0.1796875 0.00625 0.015625
4 0.58828125 0.17421875 0.0046875 0.01640625
4 0.58046875 0.18828125 0.0046875 0.01953125
4 0.5765625 0.1921875 0.00390625 0.01875
4 0.628125 0.14453125 0.00625 0.02109375
4 0.63359375 0.140625 0.00625 0.01640625
4 0.63828125 0.1359375 0.00625 0.0203125
4 0.64609375 0.13203125 0.00625 0.01796875
4 0.6515625 0.12890625 0.00625 0.0203125
4 0.65859375 0.12734375 0.00625 0.01875
4 0.67578125 0.1328125 0.01015625 0.015625
4 0.6734375 0.1140625 0.00546875 0.01875
4 0.66875 0.12265625 0.00625 0.02109375
4 0.66328125 0.125 0.00546875 0.02109375
4 0.690625 0.10625 0.00546875 0.01875
4 0.6859375 0.10703125 0.0046875 0.01875
4 0.68125 0.109375 0.0046875 0.01875
4 0.67890625 0.1140625 0.0046875 0.02109375
4 0.671875 0.33828125 0.01171875 0.01328125
4 0.7484375 0.37578125 0.00859375 0.021875
4 0.78046875 0.725 0.009375 0.00859375
4 0.778125 0.7359375 0.0109375 0.01015625
4 0.78203125 0.71953125 0.01015625 0.0109375
4 0.78359375 0.5546875 0.0109375 0.0109375
4 0.78828125 0.5453125 0.01171875 0.01171875
4 0.82578125 0.6015625 0.01015625 0.01171875
4 0.80703125 0.65078125 0.00859375 0.01875
4 0.79296875 0.69375 0.01015625 0.01015625
4 0.78828125 0.7078125 0.0109375 0.009375
4 0.79921875 0.66953125 0.0109375 0.015625
4 0.796875 0.68203125 0.01015625 0.0140625
4 0.7765625 0.5640625 0.01015625 0.01171875
4 0.7703125 0.5796875 0.01171875 0.01171875
4 0.79296875 0.521875 0.0109375 0.0109375
4 0.78828125 0.534375 0.0109375 0.009375
4 0.809375 0.48359375 0.01015625 0.015625
3 0.803125 0.50390625 0.01484375 0.03046875
4 0.865625 0.471875 0.00859375 0.01796875
4 0.865625 0.4890625 0.015625 0.01171875
4 0.903125 0.39296875 0.00859375 0.01640625
4 0.88671875 0.4140625 0.0109375 0.015625
4 0.8921875 0.4234375 0.01015625 0.009375
4 0.88828125 0.4328125 0.01015625 0.0140625
4 0.91953125 0.3484375 0.009375 0.0203125
4 0.93046875 0.33359375 0.01015625 0.01875
4 0.76875 0.03671875 0.00703125 0.021875
4 0.77578125 0.0296875 0.00625 0.021875
4 0.78046875 0.0234375 0.00625 0.021875