4 0.046875 0.659375 0.00859375 0.00625
4 0.06953125 0.82265625 0.00703125 0.0109375
4 0.14140625 0.8359375 0.00703125 0.00703125
4 0.18125 0.8375 0.00625 0.00859375
4 0.4515625 0.834375 0.00859375 0.00703125
4 0.53828125 0.840625 0.00859375 0.009375
4 0.6140625 0.85859375 0.00546875 0.01015625
4 0.63046875 0.86328125 0.00546875 0.01171875
4 0.6578125 0.834375 0.00859375 0.00703125
4 0.696875 0.83046875 0.00703125 0.00859375
4 0.70625 0.83828125 0.00859375 0.00859375
4 0.72421875 0.84921875 0.00859375 0.00703125
4 0.9046875 0.69375 0.00859375 0.00703125
4 0.9078125 0.70546875 0.00703125 0.009375
4 0.53515625 0.57578125 0.00625 0.01328125
4 0.56640625 0.590625 0.00546875 0.01171875
4 0.52421875 0.65546875 0.00703125 0.009375
4 0.38671875 0.61171875 0.00859375 0.00859375
4 0.48359375 0.446875 0.0046875 0.01484375
4 0.46171875 0.43671875 0.0046875 0.01171875
4 0.48203125 0.39921875 0.00390625 0.0140625
4 0.45703125 0.29921875 0.00703125 0.00703125
4 0.44375 0.3265625 0.00625 0.009375
4 0.44375 0.30859375 0.00703125 0.00625
4 0.4265625 0.309375 0.00625 0.01015625
4 0.4296875 0.32578125 0.00703125 0.00859375
4 0.42890625 0.24296875 0.00625 0.00703125
4 0.4265625 0.26640625 0.00703125 0.00703125
4 0.42421875 0.25078125 0.00703125 0.00859375
4 0.4515625 0.15703125 0.00703125 0.00625
4 0.446875 0.16796875 0.00859375 0.00625
4 0.44453125 0.19921875 0.00625 0.00703125
4 0.44140625 0.215625 0.00625 0.00625
4 0.4671875 0.08046875 0.0046875 0.0140625
4 0.54921875 0.5140625 0.0046875 0.01171875
2 0.0671875 0.721875 0.01796875 0.01171875
2 0.16640625 0.72109375 0.01796875 0.01484375
2 0.29296875 0.709375 0.01640625 0.0140625
2 0.35546875 0.70390625 0.01796875 0.01484375
2 0.42421875 0.70390625 0.01484375 0.01328125
2 0.4140625 0.725 0.01875 0.01484375
2 0.55546875 0.6328125 0.01328125 0.0203125
2 0.10625 0.78046875 0.015625 0.01328125
2 0.13203125 0.7984375 0.015625 0.01328125
2 0.6703125 0.81640625 0.01953125 0.01484375
2 0.69296875 0.865625 0.01640625 0.01484375
2 0.73359375 0.81875 0.01640625 0.01484375
2 0.971875 0.603125 0.01875 0.0140625
2 0.9234375 0.63203125 0.01796875 0.01484375
2 0.9078125 0.56796875 0.015625 0.01328125
2 0.91171875 0.484375 0.00703125 0.0265625
2 0.86640625 0.525 0.00859375 0.0265625
2 0.859375 0.73125 0.01953125 0.0140625
2 0.76953125 0.6890625 0.015625 0.0140625
2 0.73125 0.63046875 0.01796875 0.0140625
2 0.69296875 0.6328125 0.01875 0.0140625
2 0.678125 0.6 0.0140625 0.0109375
4 0.6609375 0.60078125 0.00625 0.00859375
2 0.61484375 0.59296875 0.01484375 0.015625
2 0.234375 0.5859375 0.01015625 0.0265625
2 0.28671875 0.59296875 0.01640625 0.01875
2 0.309375 0.59609375 0.01875 0.01328125
2 0.340625 0.42265625 0.01328125 0.0109375
2 0.340625 0.440625 0.01171875 0.01171875
2 0.53125 0.59140625 0.01171875 0.02890625
2 0.5390625 0.52890625 0.0140625 0.0265625
2 0.515625 0.49140625 0.00859375 0.0296875
2 0.55078125 0.45703125 0.00546875 0.021875
2 0.534375 0.37890625 0.00703125 0.02578125
2 0.5421875 0.35703125 0.01015625 0.02578125
2 0.446875 0.046875 0.00703125 0.028125
2 0.4390625 0.15703125 0.01484375 0.0109375
2 0.446875 0.18125 0.01640625 0.01796875
2 0.4328125 0.1921875 0.01484375 0.01796875
2 0.4484375 0.2453125 0.01484375 0.01875
2 0.4484375 0.271875 0.01484375 0.01640625
2 0.44375 0.29140625 0.01484375 0.01796875
2 0.45546875 0.32265625 0.00625 0.0234375
0 0.31328125 0.8390625 0.009375 0.01015625
6 0.32109375 0.8078125 0.0296875 0.0203125
6 0.44609375 0.8125 0.04375 0.02578125
6 0.6046875 0.8140625 0.0390625 0.0234375
5 0.65390625 0.790625 0.04296875 0.0234375
6 0.78046875 0.80078125 0.04140625 0.0234375
4 0.92890625 0.85390625 0.00859375 0.00546875
5 0.95546875 0.83203125 0.06015625 0.0234375
3 0.8140625 0.703125 0.03046875 0.0203125
3 0.7859375 0.603125 0.01875 0.01328125
5 0.68046875 0.70625 0.06015625 0.01875
6 0.64140625 0.68203125 0.034375 0.01953125
1 0.63046875 0.7265625 0.05 0.021875
0 0.64765625 0.6359375 0.0109375 0.00859375
0 0.6390625 0.59765625 0.01015625 0.009375
6 0.59140625 0.61640625 0.021875 0.021875
1 0.57109375 0.6703125 0.05078125 0.02421875
3 0.571875 0.696875 0.01953125 0.0140625
0 0.571875 0.58359375 0.00859375 0.0140625
3 0.33046875 0.7234375 0.034375 0.0234375
6 0.21953125 0.703125 0.03125 0.015625
6 0.21875 0.675 0.03671875 0.01796875
1 0.12890625 0.68046875 0.0546875 0.0203125
6 0.04296875 0.7 0.04375 0.01796875
3 0.27265625 0.5140625 0.021875 0.0140625
0 0.45078125 0.54375 0.00703125 0.01953125
0 0.45390625 0.50625 0.00703125 0.01640625
0 0.45390625 0.490625 0.009375 0.0140625
0 0.44140625 0.4890625 0.01171875 0.01171875
3 0.55625 0.534375 0.015625 0.0234375
3 0.53671875 0.43046875 0.00859375 0.03515625
3 0.5125 0.20859375 0.00625 0.0296875
6 0.534375 0.14921875 0.0140625 0.0734375
3 0.43671875 0.04375 0.00625 0.0296875
3 0.45703125 0.071875 0.00703125 0.028125
3 0.42421875 0.11796875 0.015625 0.01640625
0 0.45390625 0.19921875 0.00859375 0.0140625
3 0.45859375 0.3625 0.00625 0.03671875
6 0.0875 0.5984375 0.040625 0.01796875