5 0.128125 0.67890625 0.04140625 0.02578125
5 0.153125 0.64375 0.040625 0.0234375
5 0.12109375 0.42421875 0.040625 0.025
0 0.259375 0.61875 0.01171875 0.01484375
6 0.284375 0.6359375 0.034375 0.01796875
0 0.2984375 0.56953125 0.01328125 0.015625
2 0.3609375 0.59453125 0.02109375 0.01953125
0 0.38828125 0.61328125 0.0109375 0.015625
5 0.33203125 0.5515625 0.04296875 0.02578125
2 0.36171875 0.528125 0.015625 0.01328125
2 0.43046875 0.53203125 0.01640625 0.0203125
4 0.44296875 0.6125 0.009375 0.0140625
3 0.45703125 0.48359375 0.01640625 0.025
4 0.44375 0.425 0.01484375 0.01796875
6 0.51953125 0.46171875 0.03125 0.01953125
3 0.48203125 0.5 0.01953125 0.01484375
6 0.5015625 0.6234375 0.03046875 0.025
3 0.5828125 0.62578125 0.015625 0.01875
4 0.596875 0.56171875 0.009375 0.0109375
5 0.628125 0.5390625 0.04375 0.02890625
3 0.6234375 0.47109375 0.0203125 0.0203125
2 0.66171875 0.45078125 0.01953125 0.01875
4 0.58515625 0.403125 0.01171875 0.01015625
2 0.51171875 0.33046875 0.01015625 0.034375
2 0.52421875 0.32734375 0.01015625 0.0296875
2 0.5640625 0.3171875 0.00859375 0.02890625
2 0.575 0.31953125 0.009375 0.025
1 0.66875 0.3859375 0.0453125 0.021875
5 0.72421875 0.38515625 0.046875 0.01796875
4 0.728125 0.4015625 0.01171875 0.01328125
2 0.7125 0.61640625 0.015625 0.01484375
0 0.828125 0.60625 0.01328125 0.01640625
5 0.8921875 0.64453125 0.040625 0.0234375
4 0.8765625 0.61640625 0.01171875 0.0140625
4 0.94609375 0.6015625 0.01328125 0.015625
5 0.95546875 0.4734375 0.04296875 0.03203125
4 0.084375 0.621875 0.00625 0.009375