2 0.03203125 0.55078125 0.01171875 0.04296875
2 0.209375 0.39453125 0.01328125 0.03984375
2 0.21953125 0.4875 0.009375 0.03984375
2 0.21796875 0.5234375 0.00859375 0.03515625
2 0.0484375 0.64609375 0.02109375 0.01875
2 0.06953125 0.67578125 0.0234375 0.01640625
2 0.41796875 0.4734375 0.0109375 0.03203125
2 0.41640625 0.515625 0.0109375 0.03671875
2 0.44921875 0.5578125 0.01171875 0.03203125
2 0.41953125 0.60625 0.0140625 0.03046875
2 0.4484375 0.671875 0.01171875 0.03359375
2 0.4609375 0.6484375 0.01015625 0.03984375
2 0.446875 0.74375 0.009375 0.040625
2 0.44609375 0.784375 0.01171875 0.040625
2 0.45703125 0.79296875 0.00859375 0.03671875
2 0.39375 0.778125 0.01171875 0.03359375
2 0.19375 0.728125 0.01328125 0.0203125
2 0.38828125 0.8484375 0.009375 0.02578125
2 0.390625 0.86796875 0.01484375 0.01640625
2 0.390625 0.8890625 0.01796875 0.0265625
2 0.38515625 0.9515625 0.01171875 0.028125
2 0.5234375 0.41171875 0.015625 0.03046875
2 0.54140625 0.45546875 0.021875 0.02421875
2 0.53359375 0.471875 0.02109375 0.021875
2 0.53671875 0.5015625 0.0203125 0.028125
2 0.51640625 0.4859375 0.01171875 0.03515625
2 0.5109375 0.5921875 0.01015625 0.02890625
2 0.540625 0.7375 0.0140625 0.03515625
2 0.5265625 0.7421875 0.0109375 0.03671875
2 0.53828125 0.76796875 0.01875 0.03515625
2 0.52578125 0.85078125 0.01015625 0.03671875
2 0.61015625 0.51875 0.01640625 0.01796875
2 0.5625 0.97578125 0.01796875 0.01640625
2 0.56328125 0.990625 0.0140625 0.01875
2 0.81171875 0.8859375 0.01015625 0.04140625
2 0.83671875 0.9015625 0.0140625 0.03984375
2 0.8484375 0.903125 0.0109375 0.03515625
2 0.80390625 0.94921875 0.01875 0.0234375
2 0.80078125 0.96796875 0.01796875 0.01875
2 0.79765625 0.9859375 0.015625 0.02421875
2 0.6390625 0.51171875 0.0203125 0.01796875
2 0.6703125 0.50703125 0.01796875 0.02421875
2 0.684375 0.515625 0.01484375 0.021875
2 0.68671875 0.5453125 0.01171875 0.03671875
2 0.68203125 0.465625 0.01875 0.0140625
2 0.7625 0.46953125 0.0203125 0.02578125
2 0.82421875 0.51796875 0.02109375 0.0203125
2 0.8890625 0.528125 0.0203125 0.02421875
2 0.696875 0.35390625 0.0234375 0.025
2 0.66015625 0.340625 0.0234375 0.0234375
2 0.9125 0.32890625 0.01875 0.01484375
2 0.86328125 0.13828125 0.0109375 0.03828125
2 0.86171875 0.17890625 0.015625 0.040625
2 0.859375 0.21328125 0.009375 0.04296875
2 0.80625 0.21796875 0.01640625 0.02578125
2 0.765625 0.25390625 0.01171875 0.03984375
2 0.7046875 0.28125 0.00859375 0.03671875
2 0.559375 0.20546875 0.01640625 0.02890625
2 0.56171875 0.1890625 0.01875 0.028125
2 0.56328125 0.16328125 0.0234375 0.01875
2 0.5609375 0.14765625 0.0203125 0.01484375
2 0.55859375 0.13203125 0.021875 0.01875
2 0.56171875 0.11640625 0.0203125 0.01796875
2 0.57578125 0.09921875 0.01796875 0.01875
2 0.58125 0.05546875 0.0234375 0.01953125
2 0.60703125 0.05703125 0.01875 0.01875
2 0.61328125 0.028125 0.01875 0.0203125
2 0.6109375 0.00859375 0.01875 0.01640625
6 0.51875 0.09765625 0.01640625 0.059375
2 0.459375 0.21484375 0.01171875 0.02890625
2 0.459375 0.28515625 0.01171875 0.0359375
2 0.40234375 0.16875 0.01015625 0.02578125
2 0.409375 0.1875 0.01015625 0.03984375
2 0.4234375 0.18203125 0.0140625 0.02578125
2 0.45546875 0.15625 0.01328125 0.04453125
3 0.57578125 0.26171875 0.0140625 0.04140625
3 0.45546875 0.115625 0.009375 0.03046875
0 0.56640625 0.03046875 0.009375 0.0234375
0 0.546875 0.04375 0.01171875 0.0265625
0 0.54765625 0.1296875 0.01171875 0.034375
0 0.51953125 0.33515625 0.0140625 0.0265625
0 0.446875 0.01328125 0.009375 0.0265625
0 0.640625 0.3125 0.01484375 0.01875
0 0.68671875 0.31953125 0.01484375 0.0234375
0 0.5140625 0.540625 0.00859375 0.02578125
0 0.46171875 0.465625 0.009375 0.0265625
0 0.71328125 0.48359375 0.015625 0.02109375
0 0.71875 0.5140625 0.01484375 0.01875
0 0.5359375 0.65 0.01015625 0.0265625
0 0.5328125 0.79609375 0.009375 0.02421875
0 0.53671875 0.8171875 0.00859375 0.0203125
0 0.540625 0.8390625 0.01015625 0.03046875
0 0.54140625 0.86328125 0.009375 0.02890625
0 0.54140625 0.884375 0.00859375 0.02421875
0 0.5390625 0.90546875 0.009375 0.03046875
0 0.53515625 0.96171875 0.0109375 0.02578125
0 0.5265625 0.96328125 0.00859375 0.02109375
0 0.5265625 0.98203125 0.00859375 0.0265625
0 0.45703125 0.615625 0.0109375 0.021875
0 0.4125 0.6 0.009375 0.02421875
0 0.39453125 0.61015625 0.0140625 0.0140625
0 0.36328125 0.6359375 0.01484375 0.01875
0 0.37578125 0.646875 0.01484375 0.01875
0 0.39296875 0.7125 0.01328125 0.01796875
0 0.284375 0.71015625 0.0140625 0.01484375
0 0.190625 0.65703125 0.01875 0.0140625
4 0.0171875 0.68046875 0.01171875 0.01328125
4 0.015625 0.703125 0.01640625 0.01953125
4 0.07421875 0.70078125 0.01328125 0.01796875
4 0.09375 0.715625 0.01015625 0.01796875
4 0.1390625 0.68984375 0.00859375 0.01875
4 0.15390625 0.6859375 0.0140625 0.01796875
4 0.1953125 0.6890625 0.01328125 0.01796875
4 0.21796875 0.68203125 0.0140625 0.01328125
4 0.24609375 0.6859375 0.015625 0.01953125
4 0.2640625 0.6796875 0.01796875 0.01640625
4 0.28828125 0.67890625 0.01171875 0.01953125
4 0.3265625 0.64140625 0.015625 0.01796875
4 0.33828125 0.6484375 0.01015625 0.01484375
4 0.3515625 0.64140625 0.01171875 0.01875
4 0.35078125 0.65546875 0.01328125 0.009375
4 0.4390625 0.5921875 0.01015625 0.021875
4 0.44375 0.596875 0.00625 0.02109375
4 0.45078125 0.5859375 0.009375 0.01796875
4 0.4515625 0.6203125 0.00859375 0.01875
4 0.44140625 0.61796875 0.009375 0.028125
4 0.440625 0.66640625 0.00703125 0.021875
4 0.43828125 0.71953125 0.00859375 0.03984375
4 0.453125 0.7109375 0.00859375 0.021875
4 0.43359375 0.7609375 0.009375 0.028125
4 0.43828125 0.7890625 0.00859375 0.02421875
4 0.43984375 0.86328125 0.01484375 0.0265625
4 0.4484375 0.8859375 0.009375 0.0296875
4 0.440625 0.91328125 0.009375 0.03046875
4 0.52109375 0.69296875 0.01484375 0.02421875
4 0.51796875 0.6234375 0.00625 0.02421875
4 0.5234375 0.52890625 0.00859375 0.0140625
4 0.5328125 0.5890625 0.00859375 0.01640625
4 0.53984375 0.5234375 0.01015625 0.01484375
4 0.546875 0.51875 0.00859375 0.01953125
4 0.56484375 0.4921875 0.01171875 0.01640625
4 0.5734375 0.46875 0.0109375 0.01640625
4 0.58046875 0.484375 0.01484375 0.01484375
4 0.51796875 0.5765625 0.01015625 0.021875
4 0.52890625 0.60625 0.01171875 0.01640625
4 0.5140625 0.7703125 0.00859375 0.021875
4 0.5078125 0.7828125 0.01171875 0.021875
4 0.5234375 0.8890625 0.01015625 0.02578125
4 0.515625 0.925 0.00625 0.0203125
4 0.52109375 0.9328125 0.00703125 0.028125
4 0.51015625 0.94609375 0.00859375 0.0234375
4 0.54296875 0.40703125 0.0140625 0.01953125
4 0.70078125 0.47421875 0.0140625 0.0140625
4 0.74375 0.4859375 0.0140625 0.03046875
4 0.7578125 0.48203125 0.01015625 0.01484375
4 0.815625 0.478125 0.0140625 0.01875
4 0.809375 0.4859375 0.01484375 0.01640625
4 0.83671875 0.46953125 0.01328125 0.01875
4 0.86171875 0.496875 0.0109375 0.01796875
4 0.878125 0.490625 0.015625 0.0234375
4 0.903125 0.490625 0.01328125 0.02421875
4 0.9484375 0.4875 0.01875 0.01640625
4 0.51328125 0.45078125 0.00859375 0.02421875
4 0.51796875 0.36875 0.00703125 0.021875
4 0.93125 0.33671875 0.01015625 0.01875
4 0.89375 0.35078125 0.0109375 0.01640625
0 0.60703125 0.35390625 0.015625 0.025
4 0.53203125 0.16796875 0.00859375 0.0203125
4 0.52890625 0.2140625 0.00859375 0.02578125
4 0.453125 0.25234375 0.00625 0.02109375
4 0.44140625 0.21328125 0.01015625 0.0234375
4 0.44375 0.06171875 0.0046875 0.028125
4 0.45 0.10625 0.00859375 0.02421875
2 0.428125 0.41484375 0.0109375 0.03125
2 0.35546875 0.05859375 0.009375 0.040625
2 0.33203125 0.05234375 0.009375 0.04140625
2 0.3328125 0.10390625 0.01875 0.01796875
2 0.3015625 0.10234375 0.01640625 0.01796875
2 0.28671875 0.09453125 0.01484375 0.0109375
2 0.21953125 0.07578125 0.01640625 0.015625
2 0.20390625 0.06796875 0.01640625 0.01953125
2 0.1875 0.0671875 0.0203125 0.02109375
2 0.18203125 0.0921875 0.0203125 0.0265625
2 0.08671875 0.040625 0.01875 0.01875
2 0.0375 0.0890625 0.00859375 0.03984375
2 0.03828125 0.128125 0.01015625 0.03125
2 0.03671875 0.22421875 0.01015625 0.03203125
2 0.22421875 0.25703125 0.01640625 0.0515625
2 0.21015625 0.30703125 0.01171875 0.04296875