1 0.22265625 0.65859375 0.05546875 0.02890625
1 0.27890625 0.65234375 0.05546875 0.03046875
4 0.14296875 0.7734375 0.0109375 0.009375
2 0.203125 0.871875 0.02109375 0.0203125
3 0.22578125 0.8453125 0.0265625 0.02109375
4 0.08125 0.9140625 0.01015625 0.01015625
4 0.109375 0.9453125 0.0109375 0.00859375
0 0.1421875 0.94921875 0.0140625 0.01640625
4 0.3734375 0.884375 0.0109375 0.01015625
2 0.39140625 0.8609375 0.021875 0.0203125
2 0.42421875 0.82578125 0.01640625 0.02890625
2 0.45546875 0.91171875 0.01875 0.02109375
2 0.40078125 0.75703125 0.01953125 0.01875
2 0.53046875 0.80078125 0.01796875 0.03203125
2 0.5640625 0.74140625 0.01875 0.03125
2 0.59609375 0.7609375 0.0234375 0.028125
2 0.64140625 0.796875 0.02109375 0.0203125
2 0.6875 0.78515625 0.02421875 0.0203125
2 0.70546875 0.81015625 0.021875 0.021875
2 0.76796875 0.78671875 0.02109375 0.0203125
2 0.7875 0.81015625 0.0203125 0.01953125
2 0.80703125 0.77421875 0.021875 0.0203125
2 0.8390625 0.80703125 0.01953125 0.0203125
2 0.88125 0.81171875 0.021875 0.01796875
2 0.77734375 0.70078125 0.0203125 0.01796875
4 0.3515625 0.65859375 0.009375 0.00859375
4 0.390625 0.65078125 0.009375 0.00703125
4 0.41640625 0.73984375 0.0109375 0.0109375
4 0.45390625 0.71953125 0.009375 0.015625
4 0.51328125 0.8109375 0.01015625 0.01640625
4 0.54453125 0.83671875 0.009375 0.0140625
4 0.5890625 0.78203125 0.01015625 0.00859375
4 0.60390625 0.84375 0.01171875 0.009375
4 0.571875 0.89609375 0.01171875 0.0109375
4 0.70078125 0.8484375 0.0109375 0.009375
4 0.71953125 0.78046875 0.01015625 0.00703125
4 0.73828125 0.796875 0.01015625 0.01015625
4 0.91796875 0.85 0.01328125 0.0109375
4 0.77109375 0.759375 0.01171875 0.0109375
4 0.8390625 0.7265625 0.0109375 0.00859375
4 0.97734375 0.70390625 0.0109375 0.01015625
0 0.84921875 0.78515625 0.0140625 0.01796875
0 0.659375 0.74921875 0.01484375 0.015625
4 0.6953125 0.67109375 0.009375 0.0109375
4 0.53828125 0.66484375 0.00625 0.01484375
4 0.53125 0.63125 0.00546875 0.01875
4 0.52109375 0.5640625 0.00546875 0.01796875
4 0.5296875 0.565625 0.00546875 0.01953125
4 0.53203125 0.50390625 0.00546875 0.01875
4 0.5234375 0.41640625 0.00546875 0.01953125
4 0.53125 0.38671875 0.00546875 0.01875
4 0.528125 0.26953125 0.00546875 0.01953125
4 0.5296875 0.21171875 0.00546875 0.02109375
4 0.546875 0.79609375 0.00859375 0.01328125
4 0.53515625 0.778125 0.00703125 0.01640625