2 0.634375 0.475 0.01328125 0.0109375
2 0.34140625 0.2828125 0.01796875 0.01484375
2 0.40234375 0.24921875 0.01171875 0.02109375
2 0.39296875 0.2140625 0.01640625 0.01875
2 0.50703125 0.32421875 0.00859375 0.02890625
2 0.51796875 0.32421875 0.00859375 0.0296875
2 0.55859375 0.31484375 0.00703125 0.025
2 0.56796875 0.315625 0.00859375 0.02421875
2 0.95625 0.8703125 0.0109375 0.02578125
2 0.940625 0.90390625 0.00859375 0.02890625
2 0.71640625 0.653125 0.00859375 0.0234375
6 0.88125 0.63828125 0.03984375 0.0203125
5 0.71796875 0.38203125 0.04609375 0.01953125
6 0.6609375 0.38359375 0.04140625 0.01953125
6 0.2765625 0.6296875 0.03046875 0.01953125
6 0.1453125 0.63515625 0.0390625 0.01953125
6 0.11953125 0.66796875 0.0390625 0.025
4 0.54765625 0.27734375 0.0046875 0.0140625
3 0.7546875 0.85078125 0.021875 0.01796875
3 0.7125 0.8953125 0.01015625 0.03515625
4 0.52578125 0.27578125 0.003125 0.0140625
4 0.54296875 0.28984375 0.003125 0.01484375
4 0.56875 0.28046875 0.0046875 0.01484375
4 0.584375 0.29921875 0.00390625 0.01484375
4 0.56796875 0.23828125 0.003125 0.01484375
4 0.53359375 0.225 0.003125 0.01015625
4 0.54140625 0.22578125 0.0046875 0.01171875
4 0.58203125 0.240625 0.003125 0.01328125
4 0.51875 0.27578125 0.00390625 0.01328125
4 0.4140625 0.26875 0.00390625 0.01328125
4 0.57421875 0.240625 0.003125 0.01328125
4 0.53125 0.2765625 0.003125 0.0140625
4 0.5390625 0.2921875 0.003125 0.01328125
4 0.546875 0.29296875 0.003125 0.01171875
0 0.81875 0.64453125 0.01484375 0.01484375
2 0.67890625 0.64375 0.00546875 0.0234375
2 0.671875 0.62890625 0.00625 0.02421875
2 0.6640625 0.63203125 0.00703125 0.021875
2 0.67109375 0.65390625 0.00625 0.01953125
2 0.95078125 0.590625 0.01640625 0.015625
0 0.81796875 0.6015625 0.01171875 0.00859375
2 0.12890625 0.490625 0.0140625 0.01328125
2 0.96796875 0.92109375 0.00703125 0.0234375
5 0.759375 0.39765625 0.04921875 0.01953125
2 0.40859375 0.45859375 0.0140625 0.01328125
2 0.31875 0.546875 0.01484375 0.01328125
2 0.97265625 0.859375 0.01328125 0.02421875
6 0.67265625 0.4515625 0.03515625 0.01953125
6 0.5515625 0.490625 0.03828125 0.01640625
0 0.54609375 0.4546875 0.00859375 0.0109375
4 0.28515625 0.55859375 0.00859375 0.00703125
2 0.3671875 0.52109375 0.01484375 0.0140625
5 0.96171875 0.56171875 0.0703125 0.0234375
2 0.98359375 0.8109375 0.01484375 0.03046875
2 0.9953125 0.91171875 0.009375 0.0203125
0 0.79296875 0.60390625 0.01171875 0.01328125
6 0.71875 0.60390625 0.02578125 0.01640625
3 0.7484375 0.59921875 0.0203125 0.01328125
2 0.59921875 0.56328125 0.01328125 0.01171875
2 0.68203125 0.48828125 0.015625 0.01328125
6 0.42734375 0.58984375 0.034375 0.01796875
2 0.4046875 0.5234375 0.01484375 0.01484375
6 0.90390625 0.40859375 0.03046875 0.01640625
6 0.69375 0.4015625 0.0234375 0.01640625
5 0.3078125 0.525 0.053125 0.01953125
6 0.18125 0.54765625 0.0234375 0.01484375
6 0.0625 0.4796875 0.03828125 0.01796875
6 0.13515625 0.5328125 0.02421875 0.01953125
6 0.2625 0.54375 0.03515625 0.01640625
4 0.83828125 0.15625 0.0046875 0.01484375
4 0.6296875 0.446875 0.00703125 0.009375
4 0.61796875 0.55625 0.00859375 0.00859375
6 0.6171875 0.54296875 0.025 0.01484375
2 0.653125 0.5828125 0.01171875 0.01328125
3 0.63984375 0.525 0.01484375 0.0109375
3 0.4234375 0.55625 0.0140625 0.0140625
3 0.41875 0.5390625 0.01640625 0.01171875
6 0.70859375 0.51953125 0.04375 0.01953125
2 0.79375 0.58125 0.01484375 0.0140625
2 0.73984375 0.48671875 0.01640625 0.01328125
4 0.76875 0.58828125 0.00703125 0.01171875
4 0.86015625 0.58046875 0.00703125 0.01171875
5 0.903125 0.5390625 0.04609375 0.02109375
6 0.8140625 0.47109375 0.040625 0.01875
6 0.79296875 0.428125 0.03046875 0.01875
6 0.85078125 0.415625 0.03125 0.01875
5 0.959375 0.40625 0.0453125 0.01953125
2 0.88125 0.390625 0.01484375 0.01171875
0 0.89921875 0.38515625 0.009375 0.0109375
4 0.94609375 0.38671875 0.00859375 0.00625
4 0.48203125 0.40078125 0.009375 0.0109375
4 0.21640625 0.61015625 0.00703125 0.0109375
4 0.43046875 0.609375 0.00859375 0.00703125
2 0.9890625 0.88046875 0.01171875 0.028125