4 0.046875 0.865625 0.01953125 0.028125
2 0.09921875 0.840625 0.0296875 0.02890625
4 0.10859375 0.86953125 0.0140625 0.02578125
4 0.21953125 0.74921875 0.01640625 0.01796875
4 0.26640625 0.88359375 0.01171875 0.0234375
4 0.28203125 0.84140625 0.01015625 0.01875
2 0.42109375 0.878125 0.0203125 0.0359375
2 0.52578125 0.82734375 0.0234375 0.04296875
2 0.55859375 0.84453125 0.0234375 0.0390625
2 0.4859375 0.71484375 0.01796875 0.04921875
2 0.5234375 0.61953125 0.01796875 0.04921875
5 0.46953125 0.640625 0.025 0.07890625
4 0.52265625 0.68203125 0.01015625 0.0265625
4 0.5171875 0.78671875 0.00859375 0.02578125
6 0.5046875 0.61015625 0.0109375 0.03046875
0 0.5140625 0.54296875 0.0140625 0.04609375
4 0.64296875 0.7703125 0.01484375 0.0234375
4 0.68046875 0.7609375 0.0140625 0.02578125
3 0.840625 0.79375 0.0203125 0.0234375
2 0.7109375 0.790625 0.028125 0.0359375
2 0.75859375 0.81484375 0.028125 0.0359375
2 0.63359375 0.89453125 0.02890625 0.03125
4 0.63515625 0.85390625 0.01875 0.02578125
4 0.78125 0.90703125 0.01953125 0.01953125
4 0.9875 0.8625 0.01875 0.02578125
4 0.8609375 0.78046875 0.01875 0.0234375
4 0.86875 0.89609375 0.01640625 0.02421875
4 0.5203125 0.4515625 0.00859375 0.0265625
4 0.52265625 0.27578125 0.0109375 0.03125
4 0.475 0.1859375 0.01328125 0.0265625
4 0.46484375 0.01953125 0.01171875 0.0265625
0 0.46171875 0.21015625 0.01171875 0.03828125
4 0.5203125 0.503125 0.00859375 0.028125
4 0.5265625 0.50078125 0.00625 0.0296875