1 0.22109375 0.67890625 0.05546875 0.02890625
1 0.27734375 0.67109375 0.0546875 0.02890625
2 0.19375 0.7265625 0.0234375 0.021875
0 0.3453125 0.68828125 0.015625 0.01484375
4 0.00546875 0.79140625 0.01015625 0.01328125
4 0.046875 0.7953125 0.01484375 0.01171875
4 0.0453125 0.80859375 0.01328125 0.01015625
4 0.078125 0.81875 0.0109375 0.009375
4 0.13046875 0.81875 0.01328125 0.0109375
0 0.078125 0.8984375 0.01796875 0.01640625
4 0.03671875 0.8890625 0.0109375 0.0109375
0 0.14296875 0.96328125 0.01640625 0.01875
2 0.2375 0.821875 0.021875 0.0234375
2 0.41328125 0.81875 0.01875 0.0203125
2 0.44296875 0.88046875 0.021875 0.02578125
4 0.2546875 0.77265625 0.01328125 0.009375
4 0.2921875 0.79375 0.015625 0.01484375
4 0.34453125 0.78046875 0.01640625 0.01484375
4 0.384375 0.80078125 0.01484375 0.01484375
4 0.41328125 0.89296875 0.01171875 0.01484375
4 0.4859375 0.7890625 0.01015625 0.0109375
4 0.503125 0.79765625 0.01171875 0.0140625
4 0.4921875 0.80546875 0.009375 0.0109375
4 0.52734375 0.83671875 0.00859375 0.015625
4 0.53671875 0.84296875 0.009375 0.01484375
4 0.53359375 0.86796875 0.0109375 0.01640625
4 0.48125 0.71015625 0.009375 0.02421875
4 0.53203125 0.68828125 0.00859375 0.0203125
2 0.4484375 0.82109375 0.02109375 0.0234375
2 0.475 0.815625 0.01953125 0.021875
2 0.4984375 0.82109375 0.0203125 0.02109375
2 0.52109375 0.8109375 0.01796875 0.0359375
2 0.55 0.8359375 0.0234375 0.03125
2 0.59609375 0.88515625 0.01953125 0.0203125
2 0.6359375 0.86640625 0.02578125 0.021875
2 0.67890625 0.9 0.0203125 0.0203125
2 0.7640625 0.88359375 0.02578125 0.021875
3 0.7328125 0.90703125 0.01875 0.0203125
2 0.88515625 0.82578125 0.0265625 0.02421875
2 0.95625 0.88046875 0.028125 0.02578125
4 0.95859375 0.8015625 0.015625 0.01484375
4 0.9171875 0.86171875 0.0140625 0.01875
4 0.8828125 0.903125 0.01484375 0.01328125
4 0.76875 0.86328125 0.0140625 0.0140625
4 0.6640625 0.85703125 0.01328125 0.01171875
4 0.68203125 0.8640625 0.01640625 0.01484375
0 0.58359375 0.90625 0.01796875 0.01640625
0 0.57734375 0.86015625 0.0140625 0.01796875
4 0.60078125 0.77421875 0.0140625 0.015625
4 0.64296875 0.78515625 0.0140625 0.01953125
4 0.68671875 0.80078125 0.01171875 0.01640625
0 0.71640625 0.78125 0.01796875 0.02109375
4 0.68046875 0.7125 0.0140625 0.015625
4 0.63203125 0.703125 0.01484375 0.01484375
0 0.65625 0.68359375 0.01796875 0.01640625
0 0.56015625 0.68125 0.01484375 0.01875
4 0.853125 0.7140625 0.01171875 0.01328125
4 0.8421875 0.72890625 0.0109375 0.01484375
4 0.8265625 0.740625 0.0109375 0.01484375
2 0.5078125 0.70546875 0.01484375 0.0484375
0 0.4859375 0.6890625 0.0109375 0.0234375
1 0.48046875 0.58828125 0.01640625 0.103125
4 0.52109375 0.56640625 0.00859375 0.0203125
4 0.51953125 0.49140625 0.00859375 0.02109375
4 0.5015625 0.3609375 0.00625 0.025
2 0.478125 0.28359375 0.01171875 0.04453125
5 0.4796875 0.12109375 0.01484375 0.06953125
4 0.51875 0.15625 0.009375 0.0234375
2 0.80703125 0.88828125 0.02578125 0.0234375