0 0.14921875 0.85546875 0.01484375 0.0296875
2 0.2046875 0.8109375 0.0203125 0.01875
2 0.22734375 0.86953125 0.0109375 0.03359375
2 0.24609375 0.8609375 0.0109375 0.03359375
2 0.26171875 0.85625 0.0109375 0.0390625
2 0.27421875 0.86875 0.01015625 0.03203125
2 0.28515625 0.8671875 0.0109375 0.0265625
2 0.2859375 0.90390625 0.02109375 0.0203125
2 0.584375 0.97578125 0.0140625 0.040625
2 0.60703125 0.84453125 0.02109375 0.02109375
2 0.6046875 0.81796875 0.0203125 0.01875
2 0.646875 0.80859375 0.01953125 0.01796875
2 0.61015625 0.928125 0.02109375 0.01953125
4 0.64453125 0.6734375 0.00546875 0.0203125
4 0.65078125 0.67109375 0.00546875 0.015625
4 0.65546875 0.66953125 0.00546875 0.01953125
4 0.81640625 0.60546875 0.0109375 0.01171875
4 0.9078125 0.57890625 0.01171875 0.00703125
4 0.9171875 0.57890625 0.00703125 0.0109375
2 0.90390625 0.52109375 0.025 0.02421875
4 0.9890625 0.4515625 0.00625 0.0234375
0 0.60546875 0.603125 0.015625 0.0140625
4 0.3734375 0.5984375 0.01171875 0.009375
4 0.234375 0.62109375 0.01328125 0.0109375
4 0.1640625 0.6171875 0.01328125 0.00859375
3 0.28828125 0.590625 0.01953125 0.01875
4 0.971875 0.3015625 0.009375 0.01875
4 0.95078125 0.2859375 0.009375 0.01484375
4 0.89453125 0.29609375 0.0109375 0.0109375
4 0.89375 0.30859375 0.009375 0.01015625
4 0.87265625 0.309375 0.01171875 0.01171875
4 0.84765625 0.31640625 0.009375 0.0109375
4 0.86328125 0.321875 0.00859375 0.01328125
4 0.87578125 0.32578125 0.01171875 0.01015625
4 0.84765625 0.33125 0.01015625 0.01328125
4 0.8265625 0.33125 0.01328125 0.01171875
4 0.8015625 0.33203125 0.01171875 0.0140625
0 0.90859375 0.309375 0.01796875 0.01796875
2 0.9140625 0.3234375 0.0234375 0.01796875
2 0.88828125 0.33515625 0.025 0.01875
2 0.91796875 0.34375 0.0234375 0.021875
4 0.925 0.375 0.009375 0.0140625
2 0.88515625 0.3640625 0.025 0.021875
2 0.90625 0.37421875 0.0203125 0.01796875
0 0.88828125 0.3828125 0.01796875 0.015625
2 0.82421875 0.35546875 0.02578125 0.025
2 0.78828125 0.38046875 0.021875 0.01875
2 0.765625 0.35546875 0.025 0.028125
4 0.7484375 0.40546875 0.0109375 0.009375
2 0.7203125 0.396875 0.0234375 0.02421875
2 0.6859375 0.3921875 0.02421875 0.01875
4 0.665625 0.378125 0.01171875 0.01015625
4 0.66875 0.390625 0.01171875 0.01328125
0 0.653125 0.39453125 0.01484375 0.01484375
3 0.64296875 0.415625 0.0203125 0.02109375
2 0.6234375 0.43515625 0.021875 0.01953125
0 0.61796875 0.38515625 0.01640625 0.01953125
4 0.59921875 0.41796875 0.01171875 0.01171875
3 0.5984375 0.4546875 0.015625 0.0203125
2 0.55546875 0.428125 0.021875 0.01953125
2 0.55703125 0.44765625 0.0234375 0.0203125
2 0.49453125 0.43515625 0.021875 0.02109375
2 0.47890625 0.4640625 0.025 0.01953125
4 0.46328125 0.4234375 0.0109375 0.01171875
4 0.44140625 0.4265625 0.01796875 0.01328125
2 0.41171875 0.43671875 0.02421875 0.01875
2 0.4171875 0.4625 0.0203125 0.01953125
2 0.36875 0.43359375 0.01953125 0.01796875
4 0.353125 0.4640625 0.009375 0.0109375
4 0.31484375 0.42421875 0.0109375 0.01015625
4 0.303125 0.46875 0.0109375 0.00859375
2 0.2859375 0.440625 0.0203125 0.01796875
2 0.26328125 0.46640625 0.02421875 0.01953125
2 0.25390625 0.44609375 0.021875 0.01640625
2 0.18515625 0.471875 0.028125 0.02109375
3 0.16328125 0.44921875 0.03046875 0.0203125
2 0.12578125 0.4734375 0.0203125 0.01640625
4 0.12421875 0.44609375 0.01328125 0.009375
4 0.13046875 0.43203125 0.01328125 0.01015625
4 0.08671875 0.43359375 0.01171875 0.01015625
4 0.06484375 0.45703125 0.0140625 0.01015625
4 0.60625 0.36640625 0.009375 0.015625
0 0.54375 0.315625 0.009375 0.02421875
2 0.54296875 0.25859375 0.01328125 0.0359375
2 0.54609375 0.14140625 0.01171875 0.03828125
2 0.65703125 0.02421875 0.01328125 0.0390625
4 0.5453125 0.0859375 0.01171875 0.0109375
4 0.54453125 0.096875 0.009375 0.0140625
4 0.58671875 0.0140625 0.00703125 0.02109375
4 0.5953125 0.13046875 0.00546875 0.015625
4 0.6015625 0.1421875 0.00859375 0.0140625
4 0.60078125 0.15 0.009375 0.01015625
4 0.60390625 0.07265625 0.009375 0.0109375
4 0.603125 0.06171875 0.01171875 0.01171875
4 0.60390625 0.03671875 0.01015625 0.0109375
4 0.60703125 0.0171875 0.0109375 0.01171875
4 0.59921875 0.02109375 0.00703125 0.01484375
4 0.82890625 0.09296875 0.00859375 0.0203125
4 0.83984375 0.03984375 0.01015625 0.01015625
4 0.83359375 0.03046875 0.01171875 0.01015625