0 0.3921875 0.5640625 0.0140625 0.01640625
4 0.35390625 0.53359375 0.01328125 0.01796875
2 0.1546875 0.35703125 0.01875 0.01953125
2 0.2171875 0.4140625 0.0203125 0.028125
2 0.1671875 0.134375 0.01875 0.0296875
4 0.4765625 0.47890625 0.0109375 0.015625
2 0.290625 0.54296875 0.02421875 0.025
0 0.1875 0.6515625 0.0140625 0.0140625
4 0.33359375 0.54453125 0.01171875 0.0109375
0 0.23203125 0.65 0.015625 0.01484375
0 0.23828125 0.5734375 0.0109375 0.0203125
0 0.271875 0.7546875 0.015625 0.01796875
3 0.19921875 0.771875 0.01875 0.01796875
3 0.41796875 0.55078125 0.02109375 0.0234375
0 0.053125 0.67265625 0.01796875 0.015625
0 0.02421875 0.68984375 0.015625 0.0140625
2 0.08671875 0.65546875 0.01796875 0.01796875
0 0.07109375 0.6453125 0.01171875 0.021875
0 0.359375 0.33984375 0.01640625 0.01875
0 0.27109375 0.58828125 0.01328125 0.01484375
3 0.5109375 0.46953125 0.01484375 0.02421875
3 0.41796875 0.6734375 0.015625 0.01484375
0 0.83359375 0.75625 0.01640625 0.02421875
4 0.5546875 0.4859375 0.00859375 0.0140625
4 0.38203125 0.4953125 0.009375 0.0140625
0 0.17421875 0.37890625 0.01640625 0.01640625
4 0.0359375 0.01328125 0.01015625 0.0140625
0 0.18671875 0.21796875 0.01484375 0.01953125
2 0.296875 0.253125 0.01640625 0.021875
3 0.27734375 0.23125 0.01484375 0.04296875
4 0.66484375 0.61796875 0.01171875 0.0140625
2 0.58203125 0.50546875 0.01796875 0.02578125
4 0.51875 0.55625 0.0109375 0.0140625
0 0.7140625 0.478125 0.01015625 0.0203125
4 0.76171875 0.05859375 0.01171875 0.01328125
4 0.74296875 0.09453125 0.01015625 0.0234375
4 0.82421875 0.21796875 0.00859375 0.01953125
0 0.8765625 0.09296875 0.01171875 0.0234375
0 0.7859375 0.3703125 0.01328125 0.0203125
0 0.60859375 0.33828125 0.01640625 0.01875
0 0.68515625 0.25078125 0.01171875 0.02109375
0 0.71484375 0.5 0.0140625 0.0234375
4 0.50703125 0.5609375 0.015625 0.01875
4 0.5609375 0.678125 0.01015625 0.01640625
4 0.415625 0.59140625 0.01171875 0.01875
4 0.4859375 0.39921875 0.01015625 0.01640625
0 0.4828125 0.61875 0.01640625 0.01953125
4 0.72890625 0.68203125 0.01171875 0.01875
2 0.703125 0.61640625 0.01640625 0.03203125
2 0.72265625 0.6359375 0.01953125 0.03046875
0 0.69140625 0.84375 0.01171875 0.01796875
0 0.7046875 0.85078125 0.01328125 0.01796875
4 0.8015625 0.73828125 0.00859375 0.01484375
4 0.871875 0.846875 0.009375 0.01484375
4 0.75703125 0.87578125 0.0109375 0.01640625
3 0.415625 0.53046875 0.01875 0.02109375
4 0.05703125 0.7078125 0.015625 0.01640625
4 0.02578125 0.728125 0.0140625 0.01328125
4 0.190625 0.71953125 0.0109375 0.01796875
2 0.28828125 0.415625 0.01875 0.03046875
2 0.2546875 0.39453125 0.01953125 0.03203125
2 0.70703125 0.440625 0.015625 0.034375
4 0.790625 0.0265625 0.0140625 0.01640625
4 0.225 0.2515625 0.0140625 0.0203125
4 0.7765625 0.34921875 0.0140625 0.015625
0 0.77109375 0.071875 0.01171875 0.025
0 0.69296875 0.4890625 0.01171875 0.01953125
4 0.74921875 0.07890625 0.0140625 0.0234375
0 0.72109375 0.153125 0.01875 0.028125
0 0.690625 0.19140625 0.015625 0.0234375
0 0.7390625 0.43203125 0.01015625 0.02421875
0 0.7546875 0.49375 0.01015625 0.015625
4 0.66015625 0.55703125 0.01171875 0.01484375
4 0.546875 0.6765625 0.01015625 0.015625
3 0.1875 0.32734375 0.03125 0.034375
2 0.45703125 0.66640625 0.01875 0.0203125
4 0.91875 0.85390625 0.01171875 0.01796875
0 0.89921875 0.809375 0.01640625 0.0265625
0 0.84609375 0.79296875 0.01953125 0.01875
4 0.2765625 0.43125 0.015625 0.01484375
0 0.415625 0.396875 0.015625 0.0203125
4 0.359375 0.46875 0.0109375 0.01171875
0 0.36328125 0.50390625 0.01171875 0.01875
0 0.38203125 0.534375 0.01171875 0.01953125
4 0.6015625 0.5078125 0.01796875 0.01640625
4 0.3328125 0.45625 0.0140625 0.01796875
4 0.61484375 0.590625 0.00859375 0.01796875
3 0.6921875 0.25859375 0.015625 0.02578125
3 0.78828125 0.69140625 0.01484375 0.0203125
4 0.81328125 0.73203125 0.01015625 0.01796875
4 0.8640625 0.78671875 0.01171875 0.015625
4 0.2875 0.26171875 0.009375 0.01171875
2 0.24453125 0.315625 0.02109375 0.0265625
0 0.125 0.7015625 0.01328125 0.01640625
4 0.18203125 0.74140625 0.01328125 0.01328125
3 0.05 0.821875 0.01875 0.0140625
4 0.7859375 0.278125 0.01171875 0.021875
2 0.84921875 0.15078125 0.0203125 0.03046875
0 0.6859375 0.29609375 0.01328125 0.02109375
2 0.68889369375 0.48457680937500003 0.680802446875 0.47608334062499996 0.66609114375 0.5028704390625001 0.6750482250000001 0.5142029375 0.68889369375 0.48457680937500003
4 0.72890625 0.17578125 0.00859375 0.01875
0 0.77890625 0.0359375 0.01328125 0.02578125
4 0.55 0.39140625 0.01171875 0.015625
3 0.5984375 0.69375 0.0140625 0.02578125
4 0.453125 0.5515625 0.0109375 0.01484375
0 0.45078125 0.64140625 0.0109375 0.0109375
4 0.6078125 0.52890625 0.01015625 0.01640625
0 0.56953125 0.6484375 0.01171875 0.01640625
0 0.40390625 0.51875 0.01328125 0.01640625
4 0.51953125 0.378125 0.0140625 0.01171875
0 0.56640625 0.5109375 0.01171875 0.01875
4 0.496875 0.6078125 0.01171875 0.01328125
0 0.57890625 0.36796875 0.0203125 0.02109375
0 0.684375 0.5125 0.01015625 0.02109375
4 0.7171875 0.44296875 0.00859375 0.01640625
4 0.96953125 0.9140625 0.01015625 0.01796875
4 0.89609375 0.82890625 0.01171875 0.01796875
3 0.66953125 0.7859375 0.01640625 0.02109375
2 0.5359375 0.5015625 0.01796875 0.03515625
4 0.68046875 0.23515625 0.009375 0.015625
0 0.75625 0.09140625 0.01328125 0.021875
3 0.76953125 0.33203125 0.01796875 0.03046875
4 0.7484375 0.42734375 0.01171875 0.01875
0 0.7609375 0.4453125 0.01171875 0.0203125
2 0.53359375 0.63984375 0.02109375 0.0234375
0 0.7390625 0.84296875 0.0140625 0.0234375
4 0.78203125 0.86953125 0.0109375 0.015625
2 0.68203125 0.70546875 0.01953125 0.0390625
0 0.70546875 0.8203125 0.01328125 0.015625
4 0.7546875 0.86171875 0.0109375 0.01484375
0 0.72890625 0.8546875 0.01640625 0.0203125
4 0.7734375 0.88359375 0.0140625 0.0203125
4 0.84296875 0.94609375 0.0109375 0.01796875
4 0.78046875 0.85390625 0.01328125 0.01484375
4 0.746875 0.8265625 0.015625 0.01328125
4 0.87421875 0.81875 0.0109375 0.01953125
2 0.96953125 0.94375 0.021875 0.03359375
4 0.3734375 0.45703125 0.015625 0.02109375
4 0.08671875 0.2515625 0.0109375 0.01875
4 0.465625 0.44609375 0.01171875 0.0203125
4 0.6921875 0.20390625 0.01171875 0.01796875
4 0.66171875 0.28671875 0.00703125 0.01484375
4 0.71953125 0.190625 0.01015625 0.01484375
4 0.70546875 0.190625 0.01171875 0.01328125
0 0.703125 0.21796875 0.01484375 0.0203125
4 0.659375 0.31328125 0.009375 0.01796875
0 0.46015625 0.40546875 0.0140625 0.02109375
0 0.56484375 0.4 0.01484375 0.02578125
2 0.41484375 0.4234375 0.02421875 0.0296875
0 0.25859375 0.25546875 0.01484375 0.02421875
4 0.1984375 0.20703125 0.0140625 0.01796875
2 0.01875 0.18125 0.0203125 0.021875
4 0.23125 0.33125 0.01015625 0.01875
0 0.19140625 0.35859375 0.01328125 0.0203125
0 0.39140625 0.50859375 0.0109375 0.01953125
0 0.1296875 0.6671875 0.015625 0.01484375
4 0.31953125 0.415625 0.009375 0.0140625
4 0.02578125 0.74296875 0.01015625 0.01875
4 0.14921875 0.72890625 0.01015625 0.01171875
4 0.3890625 0.6359375 0.009375 0.01875
4 0.37578125 0.64453125 0.01171875 0.01484375
4 0.346875 0.5671875 0.01171875 0.015625
4 0.34609375 0.67734375 0.01015625 0.01796875
4 0.36953125 0.56640625 0.00859375 0.01328125
4 0.25703125 0.62265625 0.01171875 0.01484375
4 0.3609375 0.584375 0.0109375 0.01484375
2 0.50703125 0.49609375 0.02890625 0.025
4 0.67109375 0.628125 0.009375 0.01953125
4 0.69375 0.63828125 0.00859375 0.0203125
0 0.79453125 0.32734375 0.01171875 0.0203125
3 0.6390625 0.59921875 0.01328125 0.025
0 0.678125 0.540625 0.00859375 0.01875
0 0.684375 0.553125 0.01328125 0.015625
4 0.746875 0.5765625 0.01171875 0.01875
4 0.65078125 0.57265625 0.01015625 0.01171875
4 0.6296875 0.59296875 0.01015625 0.01640625
4 0.65703125 0.59375 0.01171875 0.01875
3 0.62890625 0.75390625 0.01796875 0.025
4 0.74921875 0.70078125 0.009375 0.021875
4 0.78515625 0.7515625 0.0109375 0.01640625
0 0.89140625 0.84375 0.01796875 0.0359375
4 0.7953125 0.74375 0.0109375 0.021875
4 0.74296875 0.6234375 0.00859375 0.0203125
4 0.73671875 0.64921875 0.009375 0.0203125
4 0.740625 0.540625 0.009375 0.01484375
1 0.51171875 0.4359375 0.034375 0.04375
0 0.3453125 0.5125 0.01875 0.02109375
6 0.65078125 0.53984375 0.034375 0.05390625
5 0.6984375 0.66796875 0.04375 0.0609375
5 0.709375 0.79375 0.0515625 0.06640625
3 0.69453125 0.8265625 0.01875 0.02421875
3 0.59296875 0.5484375 0.01875 0.034375
1 0.846875 0.08046875 0.04453125 0.0859375
4 0.8046875 0.253125 0.01484375 0.0234375