4 0.02578125 0.90546875 0.01640625 0.01640625
4 0.03125 0.7703125 0.01484375 0.01328125
4 0.0765625 0.7734375 0.015625 0.01171875
2 0.0765625 0.79921875 0.02578125 0.025
4 0.1984375 0.7703125 0.01640625 0.01796875
5 0.21640625 0.66328125 0.05703125 0.0296875
5 0.2734375 0.6609375 0.05703125 0.025
0 0.12890625 0.94375 0.0140625 0.02109375
0 0.26171875 0.78671875 0.01640625 0.01796875
0 0.25390625 0.69296875 0.0140625 0.01484375
0 0.27890625 0.6859375 0.0140625 0.01484375
0 0.38046875 0.67578125 0.01484375 0.01640625
2 0.24921875 0.715625 0.02109375 0.0203125
2 0.26796875 0.81328125 0.02578125 0.028125
2 0.28671875 0.896875 0.0234375 0.02890625
2 0.31953125 0.70859375 0.0234375 0.01875
2 0.38125 0.86796875 0.02578125 0.02578125
2 0.4078125 0.803125 0.025 0.0234375
2 0.51953125 0.65546875 0.01171875 0.03203125
2 0.46484375 0.8203125 0.02421875 0.02421875
2 0.5484375 0.82421875 0.025 0.021875
2 0.621875 0.83984375 0.0203125 0.01953125
2 0.78828125 0.859375 0.02109375 0.0203125
0 0.48671875 0.796875 0.01484375 0.01640625
0 0.534375 0.72109375 0.0140625 0.025
0 0.61328125 0.796875 0.01484375 0.01796875
0 0.49453125 0.959375 0.0140625 0.0140625
4 0.5015625 0.84921875 0.00703125 0.01171875
4 0.51328125 0.85078125 0.00859375 0.015625
4 0.51640625 0.84140625 0.00859375 0.01171875
4 0.5265625 0.84140625 0.00859375 0.0109375
4 0.521875 0.78515625 0.01171875 0.01171875
4 0.58125 0.809375 0.01015625 0.0109375
4 0.55859375 0.69140625 0.0140625 0.01171875
4 0.68125 0.8015625 0.0140625 0.0109375
4 0.6984375 0.8125 0.0140625 0.01328125
4 0.865625 0.83203125 0.01171875 0.01171875
0 0.96328125 0.76171875 0.01640625 0.015625
1 0.85234375 0.934375 0.0640625 0.03828125
1 0.9734375 0.9234375 0.053125 0.03984375
2 0.93046875 0.853125 0.0203125 0.02421875
4 0.47109375 0.48671875 0.009375 0.02109375
4 0.48359375 0.03046875 0.00625 0.021875
2 0.48984375 0.171875 0.01328125 0.04609375
4 0.534375 0.13984375 0.00859375 0.01796875