6 0.9890625 0.365625 0.021875 0.03046875
2 0.94453125 0.4015625 0.021875 0.01875
2 0.98125 0.309375 0.021875 0.015625
2 0.8984375 0.31796875 0.03046875 0.01875
4 0.8875 0.38125 0.01640625 0.01875
2 0.80390625 0.4109375 0.025 0.01875
2 0.775 0.23515625 0.0234375 0.01640625
2 0.76484375 0.1546875 0.025 0.0140625
2 0.59375 0.42890625 0.021875 0.01875
2 0.4859375 0.428125 0.02109375 0.01875
2 0.496875 0.36953125 0.021875 0.015625
4 0.5640625 0.33828125 0.00859375 0.01171875
2 0.28203125 0.52421875 0.02578125 0.01953125
2 0.1890625 0.4890625 0.025 0.01796875
2 0.16328125 0.55625 0.02109375 0.01171875
2 0.18125 0.603125 0.0203125 0.01796875
2 0.06796875 0.628125 0.02109375 0.01484375
2 0.10625 0.54921875 0.028125 0.0140625
2 0.134375 0.54140625 0.02421875 0.015625
2 0.1359375 0.56484375 0.021875 0.0140625
2 0.10703125 0.57578125 0.01953125 0.015625
2 0.0796875 0.58359375 0.0234375 0.01484375
2 0.06875 0.603125 0.02109375 0.0140625
2 0.08125 0.5640625 0.02421875 0.0140625
2 0.009375 0.55546875 0.01875 0.0203125
2 0.05625 0.54140625 0.021875 0.01640625
2 0.046875 0.565625 0.02421875 0.0140625
2 0.0375 0.5890625 0.0203125 0.01875
2 0.121875 0.3984375 0.01953125 0.02578125
2 0.146875 0.28125 0.01328125 0.03671875
2 0.0296875 0.10859375 0.01640625 0.04296875
2 0.04296875 0.228125 0.01171875 0.03828125
2 0.03046875 0.196875 0.0140625 0.03984375
2 0.02890625 0.2984375 0.01171875 0.04296875
2 0.02421875 0.253125 0.0140625 0.034375
2 0.00546875 0.31796875 0.01015625 0.03359375
3 0.01484375 0.2890625 0.01171875 0.021875
3 0.140625 0.6015625 0.015625 0.0109375
3 0.0375 0.60546875 0.015625 0.009375
4 0.115625 0.609375 0.01328125 0.0109375
4 0.1234375 0.59140625 0.01015625 0.01015625
4 0.09453125 0.6015625 0.01015625 0.01015625
4 0.0890625 0.61171875 0.0109375 0.0109375
4 0.075 0.54609375 0.0109375 0.0109375
4 0.02734375 0.6234375 0.01015625 0.01328125
4 0.0359375 0.615625 0.01015625 0.00546875
4 0.0234375 0.56953125 0.0109375 0.01328125
2 0.03828125 0.54296875 0.009375 0.00859375
2 0.02890625 0.53671875 0.01328125 0.009375
2 0.03515625 0.2640625 0.01015625 0.01875
2 0.0046875 0.28671875 0.00859375 0.021875
0 0.1890625 0.39296875 0.01171875 0.0140625