2 0.7296875 0.45859375 0.0265625 0.021875
2 0.67421875 0.53671875 0.02421875 0.021875
2 0.621875 0.528125 0.0234375 0.0203125
2 0.62265625 0.55078125 0.01953125 0.01640625
2 0.646875 0.54921875 0.021875 0.0140625
2 0.64921875 0.56640625 0.0203125 0.0109375
2 0.6734375 0.559375 0.0203125 0.01328125
2 0.728125 0.69375 0.015625 0.040625
2 0.703125 0.8078125 0.0203125 0.03046875
2 0.578125 0.49453125 0.0203125 0.025
4 0.70390625 0.628125 0.01171875 0.01015625
4 0.703125 0.63828125 0.01171875 0.009375
4 0.7328125 0.64921875 0.0140625 0.0109375
4 0.703125 0.65078125 0.009375 0.0109375
4 0.73046875 0.665625 0.01171875 0.00859375
4 0.715625 0.528125 0.0140625 0.01171875
4 0.68359375 0.46796875 0.0109375 0.01171875
4 0.67421875 0.48359375 0.01171875 0.01171875
4 0.6984375 0.49375 0.0140625 0.01015625
4 0.696875 0.47734375 0.0109375 0.01015625
4 0.76953125 0.49140625 0.01171875 0.01484375
4 0.78359375 0.49921875 0.01015625 0.015625
4 0.8171875 0.4875 0.01015625 0.01796875
0 0.796875 0.48359375 0.01640625 0.01640625
4 0.68125 0.5046875 0.01328125 0.01171875
4 0.69296875 0.56171875 0.00703125 0.021875
4 0.61875 0.4640625 0.01328125 0.01015625
4 0.6328125 0.47890625 0.01171875 0.01015625
4 0.62109375 0.5046875 0.00859375 0.009375
4 0.6515625 0.5109375 0.00859375 0.01171875
4 0.66796875 0.51953125 0.01171875 0.0109375
4 0.67109375 0.5734375 0.0109375 0.00625
4 0.61328125 0.5640625 0.01171875 0.00625
4 0.6265625 0.56328125 0.00859375 0.00625
4 0.61171875 0.57421875 0.009375 0.00859375
4 0.62578125 0.57421875 0.01015625 0.009375
4 0.7515625 0.36953125 0.0046875 0.0203125
4 0.76953125 0.378125 0.00546875 0.01484375
4 0.77578125 0.38828125 0.0046875 0.01640625
4 0.759375 0.37734375 0.00546875 0.01875
4 0.74609375 0.421875 0.00546875 0.0203125
4 0.7921875 0.4203125 0.00703125 0.01953125
4 0.8796875 0.3765625 0.00859375 0.01875
4 0.85703125 0.3734375 0.00546875 0.01796875
4 0.84296875 0.37265625 0.00625 0.01953125
4 0.83203125 0.3859375 0.0046875 0.01640625
4 0.8734375 0.4140625 0.00546875 0.01796875
4 0.8515625 0.41796875 0.0046875 0.01796875
4 0.84609375 0.4203125 0.00546875 0.01640625
4 0.821875 0.42109375 0.00703125 0.0203125
4 0.8109375 0.4203125 0.00546875 0.01953125
4 0.778125 0.65390625 0.00859375 0.01796875
0 0.76875 0.64296875 0.01015625 0.0234375
0 0.7859375 0.6390625 0.009375 0.021875
0 0.63046875 0.58828125 0.0140625 0.015625
0 0.6359375 0.5125 0.01171875 0.015625
0 0.61015625 0.4859375 0.01484375 0.01328125
0 0.553125 0.46953125 0.01640625 0.01796875
0 0.52734375 0.48359375 0.015625 0.01484375
0 0.396875 0.459375 0.015625 0.01640625
4 0.54609375 0.4984375 0.01171875 0.01875
4 0.53828125 0.4609375 0.01171875 0.0140625
4 0.50703125 0.4859375 0.0140625 0.01328125
4 0.4828125 0.48125 0.01015625 0.0140625
2 0.4984375 0.4671875 0.025 0.01796875
2 0.5109375 0.5015625 0.01953125 0.01640625
2 0.44375 0.5015625 0.021875 0.01796875
2 0.40390625 0.48046875 0.02421875 0.0234375
2 0.40390625 0.50703125 0.021875 0.01640625
2 0.35859375 0.4765625 0.02421875 0.01953125
2 0.36328125 0.49921875 0.021875 0.02421875
2 0.32578125 0.49765625 0.025 0.025
0 0.22890625 0.42109375 0.01640625 0.015625
0 0.28828125 0.4515625 0.0140625 0.01796875
0 0.30859375 0.4625 0.01171875 0.0140625
0 0.4453125 0.90625 0.01171875 0.02578125
0 0.40703125 0.94921875 0.01328125 0.0265625
0 0.453125 0.8078125 0.009375 0.025
0 0.3421875 0.7875 0.01171875 0.02421875
0 0.4640625 0.7625 0.009375 0.025
0 0.44453125 0.7265625 0.009375 0.03203125
0 0.42890625 0.79375 0.00859375 0.028125
0 0.440625 0.80390625 0.00859375 0.025
0 0.44609375 0.771875 0.01015625 0.028125
0 0.45625 0.721875 0.00859375 0.028125
0 0.46796875 0.6984375 0.00859375 0.02421875
0 0.50703125 0.65 0.0109375 0.028125
0 0.50703125 0.6890625 0.01171875 0.028125
4 0.5 0.6234375 0.009375 0.015625
4 0.42578125 0.8375 0.0109375 0.01640625
4 0.40625 0.85078125 0.009375 0.01640625
4 0.42421875 0.878125 0.009375 0.02109375
4 0.39140625 0.85546875 0.01015625 0.01953125
4 0.35625 0.74921875 0.00859375 0.01875
4 0.45078125 0.934375 0.00859375 0.015625
2 0.4890625 0.80625 0.015625 0.04375
4 0.44609375 0.46640625 0.01328125 0.01484375
4 0.4609375 0.48203125 0.01015625 0.01484375
4 0.421875 0.46328125 0.01328125 0.009375
4 0.41171875 0.45078125 0.01171875 0.01015625
4 0.365625 0.4203125 0.01015625 0.0109375
4 0.40078125 0.40625 0.01171875 0.01015625
4 0.3765625 0.43046875 0.01015625 0.015625
4 0.3484375 0.44609375 0.00859375 0.00859375
4 0.365625 0.46015625 0.01171875 0.0109375
4 0.3453125 0.4609375 0.01015625 0.01171875
4 0.321875 0.44609375 0.0140625 0.01171875
4 0.32890625 0.4609375 0.01328125 0.009375
4 0.33125 0.47109375 0.009375 0.01015625
4 0.31640625 0.47890625 0.01171875 0.01015625
4 0.253125 0.44140625 0.01015625 0.01328125
4 0.1390625 0.48984375 0.01484375 0.0140625
2 0.1140625 0.415625 0.021875 0.0234375
2 0.02421875 0.53828125 0.02578125 0.02421875
2 0.07265625 0.55546875 0.02421875 0.0265625
2 0.0484375 0.5515625 0.0234375 0.02109375
2 0.0390625 0.58125 0.01171875 0.02421875
2 0.053125 0.58359375 0.0109375 0.0296875
2 0.08828125 0.58046875 0.0203125 0.01796875
2 0.1796875 0.61640625 0.0203125 0.025
2 0.09609375 0.65078125 0.0234375 0.02421875
2 0.090625 0.6859375 0.01875 0.0359375
2 0.08203125 0.72890625 0.02109375 0.040625
1 0.23203125 0.50625 0.0546875 0.0484375
4 0.38671875 0.38125 0.00703125 0.025
4 0.396875 0.37734375 0.00859375 0.01875
4 0.4109375 0.3765625 0.00390625 0.01796875
4 0.41875 0.3765625 0.00390625 0.01640625
4 0.41640625 0.34296875 0.00625 0.01328125
4 0.43203125 0.33671875 0.00546875 0.01796875
4 0.4234375 0.3390625 0.0046875 0.015625
4 0.43359375 0.3109375 0.00703125 0.009375
4 0.45625 0.31171875 0.00703125 0.01171875
4 0.45546875 0.28671875 0.01015625 0.00859375
4 0.4640625 0.29609375 0.00859375 0.01015625
4 0.44296875 0.309375 0.00703125 0.0109375
4 0.45078125 0.34375 0.00859375 0.01328125
4 0.44765625 0.32890625 0.00703125 0.01171875
4 0.43828125 0.35078125 0.00625 0.01015625
4 0.434375 0.3640625 0.009375 0.01015625
6 0.440625 0.39609375 0.0484375 0.046875
0 0.4703125 0.3109375 0.01171875 0.025
2 0.48984375 0.1921875 0.01484375 0.03203125
2 0.51328125 0.10390625 0.01640625 0.0390625
4 0.4796875 0.2125 0.01015625 0.01015625
4 0.47734375 0.2234375 0.01171875 0.0109375
4 0.46171875 0.2515625 0.009375 0.01328125
4 0.459375 0.26796875 0.01171875 0.01328125
4 0.515625 0.365625 0.009375 0.02421875
4 0.56328125 0.31328125 0.00859375 0.0140625
4 0.58671875 0.20234375 0.00859375 0.0203125
4 0.603125 0.14375 0.01015625 0.028125
6 0.60546875 0.0578125 0.0359375 0.08515625
6 0.5890625 0.1359375 0.0265625 0.07578125
6 0.5734375 0.2140625 0.02890625 0.07421875
6 0.56484375 0.30078125 0.0484375 0.09375
1 0.53203125 0.26875 0.03671875 0.11875
2 0.58828125 0.38828125 0.0203125 0.04296875
4 0.596875 0.346875 0.00859375 0.01328125
4 0.60703125 0.37890625 0.00625 0.0140625
4 0.60625 0.36015625 0.00625 0.01484375
4 0.80703125 0.36796875 0.0109375 0.0265625
4 0.79296875 0.3765625 0.01171875 0.025