4 0.06015625 0.75078125 0.01875 0.01796875
4 0.215625 0.74140625 0.01875 0.025
4 0.21171875 0.865625 0.01328125 0.0234375
4 0.1734375 0.83359375 0.01796875 0.01953125
4 0.37109375 0.88515625 0.015625 0.02578125
4 0.4125 0.87890625 0.0140625 0.02109375
4 0.38359375 0.8796875 0.01484375 0.028125
4 0.4265625 0.76875 0.01796875 0.0203125
4 0.49921875 0.665625 0.01171875 0.03828125
2 0.1671875 0.765625 0.02890625 0.028125
2 0.51171875 0.77109375 0.02890625 0.05
6 0.4828125 0.70546875 0.02578125 0.08359375
0 0.3390625 0.76953125 0.015625 0.0234375
4 0.98671875 0.79609375 0.0140625 0.03125
4 0.75859375 0.76796875 0.01484375 0.02890625
4 0.82109375 0.8984375 0.01640625 0.03203125
4 0.7359375 0.8484375 0.01484375 0.0234375
4 0.6859375 0.85078125 0.01328125 0.028125
4 0.67578125 0.77578125 0.01796875 0.021875
4 0.6375 0.89609375 0.01484375 0.028125
4 0.56875 0.84296875 0.0140625 0.02578125
4 0.53984375 0.8125 0.01328125 0.03203125
2 0.52890625 0.63046875 0.01875 0.04453125
2 0.59375 0.75859375 0.0265625 0.03828125
2 0.8515625 0.78671875 0.02421875 0.02890625
2 0.73046875 0.878125 0.0265625 0.02890625
3 0.47578125 0.3765625 0.01953125 0.06953125
4 0.459375 0.3671875 0.00859375 0.021875
4 0.47109375 0.51015625 0.009375 0.03125
4 0.52421875 0.45703125 0.00859375 0.03671875
2 0.21015625 0.784375 0.02421875 0.0234375