2 0.9921875 0.46953125 0.015625 0.0234375
2 0.89609375 0.46640625 0.0234375 0.0234375
2 0.98203125 0.3140625 0.025 0.01953125
2 0.89921875 0.321875 0.028125 0.021875
2 0.77578125 0.23984375 0.03046875 0.025
2 0.765625 0.15703125 0.02890625 0.02578125
6 0.60625 0.39921875 0.01875 0.021875
4 0.56484375 0.33828125 0.01015625 0.01171875
2 0.496875 0.3703125 0.02421875 0.01875
4 0.52578125 0.43046875 0.01171875 0.01875
2 0.534375 0.52421875 0.0203125 0.021875
4 0.4890625 0.5625 0.01328125 0.01328125
2 0.47421875 0.540625 0.02578125 0.0203125
4 0.3140625 0.509375 0.01328125 0.0140625
2 0.32578125 0.52578125 0.0234375 0.01796875
2 0.31484375 0.55859375 0.028125 0.021875
2 0.1453125 0.2765625 0.01484375 0.03359375
2 0.13359375 0.55546875 0.021875 0.01640625
4 0.13203125 0.590625 0.01328125 0.01640625
2 0.07734375 0.58125 0.02578125 0.01796875
2 0.0625 0.53828125 0.02421875 0.01796875
2 0.05078125 0.56015625 0.02109375 0.01796875
2 0.0421875 0.58359375 0.021875 0.01875
2 0.0359375 0.60234375 0.015625 0.015625
4 0.03046875 0.565625 0.0140625 0.01171875
4 0.015625 0.58046875 0.01328125 0.0140625
4 0.03671875 0.5390625 0.009375 0.00859375
4 0.028125 0.534375 0.0109375 0.01171875
2 0.0171875 0.55 0.025 0.01640625
2 0.028125 0.2953125 0.0140625 0.04140625
2 0.0046875 0.3140625 0.009375 0.0296875
4 0.003125 0.28515625 0.00546875 0.01875
3 0.01484375 0.28671875 0.01015625 0.025
0 0.18984375 0.390625 0.01953125 0.01953125