2 0.3375 0.29296875 0.015625 0.01171875
2 0.38828125 0.22109375 0.01484375 0.01328125
2 0.39765625 0.25625 0.0109375 0.01875
2 0.50390625 0.33125 0.00546875 0.02890625
2 0.5140625 0.32890625 0.00703125 0.028125
2 0.5546875 0.31953125 0.00625 0.025
2 0.56328125 0.321875 0.00546875 0.02578125
2 0.66328125 0.49375 0.01171875 0.01015625
2 0.6140625 0.55546875 0.01484375 0.01328125
2 0.53125 0.53515625 0.0140625 0.01328125
2 0.51875 0.5609375 0.01328125 0.0109375
2 0.26796875 0.56640625 0.01328125 0.0109375
2 0.30078125 0.5390625 0.01328125 0.01328125
2 0.240625 0.49375 0.01484375 0.0109375
2 0.203125 0.5546875 0.01328125 0.01171875
2 0.15625 0.5578125 0.0140625 0.0109375
2 0.103125 0.54296875 0.0140625 0.01171875
2 0.70234375 0.47890625 0.01796875 0.0109375
2 0.57265625 0.62578125 0.01015625 0.0109375
2 0.66171875 0.6359375 0.00625 0.021875
2 0.66953125 0.63359375 0.00625 0.02421875
2 0.67421875 0.6703125 0.00625 0.025
2 0.71484375 0.65390625 0.00546875 0.0234375
2 0.93125 0.58359375 0.0140625 0.01484375
2 0.93046875 0.79453125 0.01015625 0.01171875
2 0.93125 0.809375 0.01171875 0.01171875
2 0.98125 0.80859375 0.01328125 0.0234375
2 0.971875 0.85703125 0.0140625 0.015625
2 0.95546875 0.86796875 0.00859375 0.025
2 0.9390625 0.9015625 0.00703125 0.02578125
2 0.946875 0.89453125 0.00859375 0.021875
2 0.96640625 0.915625 0.00703125 0.02421875
2 0.99609375 0.90859375 0.00703125 0.02109375
3 0.753125 0.853125 0.0203125 0.01484375
3 0.7125 0.89609375 0.00703125 0.03203125
3 0.90078125 0.58203125 0.0109375 0.01484375
3 0.67890625 0.62578125 0.009375 0.02578125
3 0.7453125 0.59921875 0.01953125 0.015625
3 0.0265625 0.565625 0.0140625 0.01171875
3 0.13984375 0.48046875 0.02109375 0.01171875
3 0.31796875 0.48515625 0.0140625 0.0109375
3 0.60703125 0.40546875 0.01484375 0.01328125
3 0.9875 0.29453125 0.00703125 0.028125
4 0.40625 0.2734375 0.003125 0.0109375
4 0.4140625 0.2609375 0.003125 0.009375
4 0.409375 0.2734375 0.003125 0.009375
4 0.5140625 0.28125 0.003125 0.01171875
4 0.521875 0.28125 0.0015625 0.01484375
4 0.52421875 0.28125 0.0015625 0.0140625
4 0.52734375 0.28203125 0.0015625 0.01328125
4 0.534375 0.29765625 0.003125 0.01171875
4 0.53828125 0.29453125 0.003125 0.01171875
4 0.54296875 0.2953125 0.003125 0.01484375
4 0.54375 0.28125 0.003125 0.01171875
4 0.5421875 0.23046875 0.003125 0.0140625
4 0.53671875 0.23046875 0.003125 0.0109375
4 0.52890625 0.23125 0.003125 0.01015625
4 0.5640625 0.28515625 0.003125 0.01171875
4 0.56484375 0.3 0.003125 0.01328125
4 0.57109375 0.2984375 0.0015625 0.009375
4 0.575 0.30546875 0.003125 0.0140625
4 0.5796875 0.30390625 0.003125 0.01171875
4 0.57734375 0.24375 0.0015625 0.01171875
4 0.57421875 0.24296875 0.003125 0.01328125
4 0.56953125 0.24375 0.00390625 0.015625
4 0.5640625 0.24140625 0.003125 0.01484375
4 0.5609375 0.2421875 0.003125 0.0140625
4 0.815625 0.38046875 0.00625 0.01640625
4 0.96171875 0.24140625 0.00546875 0.0109375
4 0.540625 0.45625 0.00546875 0.00703125
4 0.33828125 0.4765625 0.00859375 0.00703125
4 0.2609375 0.471875 0.009375 0.00703125
4 0.1484375 0.6015625 0.00859375 0.00859375
4 0.2015625 0.5984375 0.00703125 0.00703125
4 0.26328125 0.59609375 0.00859375 0.00546875
4 0.56796875 0.58671875 0.00703125 0.00703125
4 0.5609375 0.609375 0.00703125 0.00859375
4 0.7265625 0.55859375 0.00859375 0.00625
4 0.784375 0.62421875 0.00703125 0.00546875
4 0.9953125 0.5953125 0.009375 0.009375
5 0.95859375 0.5609375 0.06796875 0.0203125
5 0.63203125 0.471875 0.03984375 0.01875
5 0.4484375 0.5015625 0.03984375 0.01796875
5 0.365625 0.49609375 0.03203125 0.01484375
5 0.371875 0.5515625 0.0390625 0.01796875
5 0.0265625 0.94453125 0.0140625 0.04609375
5 0.028125 0.75625 0.009375 0.0484375
5 0.059375 0.740625 0.015625 0.05078125
5 0.115625 0.684375 0.03671875 0.021875
5 0.14140625 0.65 0.03671875 0.01953125
5 0.2734375 0.640625 0.02890625 0.01640625
6 0.3265625 0.6140625 0.03515625 0.01796875
6 0.490625 0.62421875 0.0265625 0.01640625
6 0.71796875 0.60546875 0.02578125 0.01796875
6 0.73984375 0.57890625 0.03125 0.025
0 0.78984375 0.60390625 0.01015625 0.0109375
0 0.81484375 0.603125 0.009375 0.00625
0 0.8171875 0.64453125 0.01328125 0.01171875
0 0.75078125 0.66796875 0.01640625 0.01640625
6 0.87890625 0.6375 0.03515625 0.01875
6 0.98671875 0.47890625 0.0265625 0.01796875
6 0.878125 0.47109375 0.0359375 0.01640625
6 0.72578125 0.49296875 0.03046875 0.015625
6 0.5 0.48046875 0.0296875 0.0140625
6 0.1640625 0.540625 0.02421875 0.01875
6 0.09453125 0.5640625 0.03359375 0.01796875
5 0.69140625 0.41484375 0.0359375 0.01796875
5 0.6578125 0.38671875 0.040625 0.01796875
5 0.71328125 0.38515625 0.04296875 0.01484375