2 0.1015625 0.92578125 0.01875 0.0265625
2 0.0421875 0.9609375 0.01796875 0.028125
2 0.09375 0.871875 0.015625 0.03125
2 0.12421875 0.878125 0.01796875 0.02890625
2 0.140625 0.86953125 0.01640625 0.03046875
2 0.13671875 0.8375 0.01640625 0.028125
2 0.15703125 0.85078125 0.01953125 0.0265625
2 0.16484375 0.81953125 0.01875 0.0265625
2 0.175 0.82734375 0.0140625 0.03203125
2 0.1765625 0.7921875 0.01796875 0.025
2 0.1890625 0.80703125 0.01640625 0.02890625
2 0.19609375 0.76796875 0.01796875 0.025
2 0.21328125 0.74453125 0.015625 0.028125
2 0.228125 0.72578125 0.01640625 0.025
2 0.2484375 0.7171875 0.01875 0.0296875
2 0.24140625 0.69921875 0.01640625 0.0265625
2 0.26484375 0.70078125 0.01328125 0.021875
2 0.2578125 0.68203125 0.01796875 0.02421875
2 0.28203125 0.67734375 0.01875 0.02421875
2 0.26015625 0.65859375 0.01640625 0.025
2 0.29375 0.64296875 0.015625 0.02890625
2 0.3140625 0.64296875 0.0140625 0.025
2 0.3109375 0.77109375 0.02109375 0.03046875
2 0.32890625 0.6234375 0.01875 0.02109375
2 0.325 0.60703125 0.01640625 0.02578125
2 0.3453125 0.59765625 0.01484375 0.03515625
2 0.278125 0.81640625 0.01796875 0.021875
2 0.20859375 0.97890625 0.01875 0.0359375
2 0.228125 0.95078125 0.01875 0.03671875
2 0.3265625 0.9546875 0.01796875 0.025
2 0.35546875 0.9390625 0.01640625 0.0296875
2 0.37265625 0.9359375 0.01484375 0.025
2 0.37109375 0.9640625 0.01484375 0.0203125
2 0.42578125 0.865625 0.01484375 0.02578125
2 0.45078125 0.85703125 0.02109375 0.02890625
2 0.47578125 0.83515625 0.01640625 0.0234375
2 0.46953125 0.7625 0.0140625 0.03671875
2 0.46640625 0.715625 0.0109375 0.034375
2 0.39296875 0.734375 0.01796875 0.0234375
2 0.453125 0.67890625 0.0140625 0.03046875
2 0.34453125 0.3109375 0.01328125 0.034375
2 0.328125 0.315625 0.015625 0.03359375
2 0.315625 0.0453125 0.0140625 0.02890625
2 0.32578125 0.06875 0.01328125 0.02578125
2 0.33828125 0.0859375 0.01484375 0.02890625
2 0.3453125 0.0765625 0.015625 0.028125
2 0.32265625 0.01171875 0.01640625 0.0234375
2 0.3359375 0.0109375 0.0140625 0.02109375
2 0.35703125 0.09921875 0.015625 0.03125
2 0.34921875 0.115625 0.01796875 0.03359375
2 0.36328125 0.14765625 0.01484375 0.03359375
2 0.3734375 0.14765625 0.0140625 0.0265625
2 0.37421875 0.171875 0.01484375 0.0265625
2 0.38671875 0.16640625 0.01640625 0.02890625
2 0.396875 0.1953125 0.01640625 0.0296875
2 0.39765625 0.21796875 0.015625 0.02890625
2 0.4109375 0.2390625 0.015625 0.0296875
2 0.42421875 0.23203125 0.01640625 0.0265625
2 0.4265625 0.25859375 0.01171875 0.025
2 0.41875 0.27265625 0.01484375 0.0265625
2 0.41796875 0.29609375 0.01171875 0.025
2 0.43203125 0.3 0.01640625 0.03046875
2 0.4390625 0.259375 0.01328125 0.02890625
2 0.45703125 0.3296875 0.01796875 0.0265625
2 0.55546875 0.221875 0.01015625 0.0359375
2 0.5828125 0.19921875 0.0140625 0.03515625
2 0.56796875 0.1390625 0.0109375 0.03046875
2 0.55703125 0.05390625 0.01171875 0.03125
2 0.59375 0.06328125 0.01640625 0.02578125
2 0.64140625 0.31171875 0.0203125 0.0265625
2 0.7953125 0.16953125 0.0140625 0.03203125
2 0.81015625 0.18203125 0.01875 0.02890625
2 0.82265625 0.14609375 0.01171875 0.034375
2 0.87109375 0.08671875 0.01640625 0.028125
2 0.93828125 0.0125 0.01875 0.02421875
2 0.9265625 0.23046875 0.01796875 0.02890625
2 0.93671875 0.215625 0.01953125 0.034375
2 0.94609375 0.2078125 0.01953125 0.02890625
2 0.71953125 0.57578125 0.0140625 0.02890625
2 0.865625 0.75234375 0.01796875 0.03125
2 0.88125 0.76796875 0.01015625 0.0296875
2 0.90546875 0.77890625 0.01484375 0.028125
2 0.93984375 0.82578125 0.01640625 0.02890625
2 0.94921875 0.846875 0.0203125 0.02109375
2 0.959375 0.865625 0.021875 0.0234375
2 0.97109375 0.88203125 0.0203125 0.02421875
2 0.97890625 0.9078125 0.0203125 0.028125
2 0.921875 0.98203125 0.0234375 0.0265625
2 0.85546875 0.89609375 0.01796875 0.025
2 0.8140625 0.85 0.01796875 0.028125
2 0.8109375 0.86953125 0.01953125 0.025
2 0.7953125 0.8328125 0.0203125 0.02578125
2 0.77421875 0.809375 0.01796875 0.02578125
2 0.75703125 0.76640625 0.02109375 0.02890625
2 0.71875 0.76640625 0.01796875 0.028125
2 0.70625 0.7734375 0.0203125 0.025
2 0.709375 0.7359375 0.01640625 0.021875
2 0.69296875 0.7234375 0.01796875 0.01796875
2 0.68046875 0.75546875 0.01875 0.0203125
2 0.59921875 0.7015625 0.0203125 0.02421875
2 0.55078125 0.78125 0.01796875 0.0203125
4 0.05078125 0.98125 0.00859375 0.01171875
4 0.04765625 0.96875 0.009375 0.01171875
4 0.0859375 0.92578125 0.009375 0.02109375
4 0.05234375 0.8625 0.009375 0.0140625
4 0.05859375 0.875 0.00703125 0.0109375
4 0.0671875 0.86484375 0.00703125 0.0109375
4 0.0796875 0.85078125 0.00625 0.01171875
4 0.0921875 0.83984375 0.00546875 0.0140625
4 0.08515625 0.8421875 0.00546875 0.01796875
4 0.10546875 0.8265625 0.00703125 0.01484375
4 0.10859375 0.82109375 0.00625 0.01484375
4 0.11640625 0.81328125 0.00703125 0.01171875
4 0.16171875 0.80703125 0.009375 0.01484375
4 0.18984375 0.78671875 0.00546875 0.0109375
4 0.18046875 0.775 0.009375 0.0203125
4 0.1859375 0.79765625 0.00859375 0.01171875
4 0.19453125 0.75546875 0.01015625 0.00859375
4 0.19921875 0.74140625 0.00625 0.01171875
4 0.20859375 0.72890625 0.00625 0.01484375
4 0.21171875 0.73515625 0.00625 0.0109375
4 0.20703125 0.74453125 0.00859375 0.0109375
4 0.215625 0.7234375 0.0046875 0.01328125
4 0.21953125 0.72734375 0.0046875 0.0140625
4 0.2515625 0.6796875 0.00703125 0.009375
4 0.2578125 0.66953125 0.00703125 0.01328125
4 0.265625 0.66328125 0.00703125 0.01015625
4 0.2734375 0.65625 0.00625 0.01171875
4 0.28046875 0.65078125 0.00703125 0.009375
4 0.29609375 0.6109375 0.00703125 0.01328125
4 0.30078125 0.62109375 0.00859375 0.00625
4 0.30703125 0.62578125 0.00703125 0.00703125
4 0.31015625 0.63125 0.009375 0.0109375
4 0.315625 0.621875 0.00546875 0.009375
4 0.3015625 0.603125 0.00546875 0.00703125
4 0.328125 0.59375 0.00625 0.01171875
4 0.334375 0.58125 0.00703125 0.0109375
4 0.328125 0.5515625 0.00703125 0.009375
4 0.39609375 0.484375 0.009375 0.01640625
4 0.3859375 0.4359375 0.00859375 0.01640625
4 0.27109375 0.13046875 0.00859375 0.0140625
4 0.25546875 0.140625 0.00859375 0.0109375
4 0.234375 0.05078125 0.00859375 0.01484375
4 0.31875 0.01640625 0.00859375 0.01953125
4 0.3234375 0.03515625 0.00859375 0.0140625
4 0.32109375 0.04296875 0.00859375 0.015625
4 0.32578125 0.04921875 0.00625 0.0140625
4 0.33125 0.065625 0.00859375 0.01640625
4 0.340625 0.06171875 0.0109375 0.01015625
4 0.36015625 0.04921875 0.00703125 0.01328125
4 0.37109375 0.08046875 0.009375 0.009375
4 0.36640625 0.1296875 0.00859375 0.0140625
4 0.39453125 0.12421875 0.00703125 0.009375
4 0.396875 0.13046875 0.00703125 0.00703125
4 0.39765625 0.1453125 0.00703125 0.0140625
4 0.40234375 0.1390625 0.0046875 0.00859375
4 0.409375 0.13359375 0.00859375 0.01171875
4 0.40546875 0.15546875 0.00859375 0.00703125
4 0.4109375 0.16171875 0.00859375 0.01015625
4 0.41796875 0.15546875 0.0046875 0.01015625
4 0.4203125 0.1578125 0.00703125 0.009375
4 0.4140625 0.17109375 0.00546875 0.0140625
4 0.3859375 0.18046875 0.00859375 0.01796875
4 0.38984375 0.19296875 0.009375 0.021875
4 0.3859375 0.1984375 0.00625 0.01484375
4 0.41640625 0.171875 0.0046875 0.01796875
4 0.421875 0.18125 0.00859375 0.02109375
4 0.42421875 0.1734375 0.00390625 0.015625
4 0.43046875 0.178125 0.00703125 0.01015625
4 0.4359375 0.1875 0.00703125 0.0109375
4 0.40859375 0.20234375 0.009375 0.015625
4 0.4171875 0.2109375 0.00703125 0.01796875
4 0.428125 0.21171875 0.009375 0.01875
4 0.4359375 0.23515625 0.00859375 0.0140625
4 0.44921875 0.27890625 0.00703125 0.01484375
4 0.45 0.296875 0.00703125 0.01484375
4 0.4578125 0.31484375 0.00703125 0.01328125
4 0.47265625 0.31953125 0.009375 0.01328125
4 0.525 0.38671875 0.01015625 0.0109375
4 0.5921875 0.35390625 0.01171875 0.01328125
4 0.61640625 0.34609375 0.00703125 0.00703125
4 0.60703125 0.05078125 0.00703125 0.01796875
4 0.74921875 0.2234375 0.00859375 0.01328125
4 0.75390625 0.21875 0.00859375 0.01796875
4 0.81171875 0.16171875 0.0109375 0.0109375
4 0.81171875 0.15078125 0.01015625 0.01328125
4 0.8421875 0.15859375 0.01171875 0.02109375
4 0.84453125 0.21640625 0.00859375 0.0203125
4 0.68515625 0.50546875 0.00546875 0.0203125
4 0.6890625 0.58671875 0.01015625 0.01875
4 0.76640625 0.64375 0.0046875 0.0140625
4 0.77109375 0.646875 0.00625 0.0140625
4 0.7984375 0.74375 0.0140625 0.01328125
4 0.81796875 0.715625 0.00625 0.015625
4 0.8203125 0.7171875 0.00390625 0.0203125
4 0.82421875 0.72421875 0.003125 0.01796875
4 0.83203125 0.73125 0.00546875 0.015625
4 0.83671875 0.74375 0.00703125 0.0109375
4 0.84296875 0.74140625 0.00546875 0.01484375
4 0.8484375 0.74609375 0.0046875 0.01484375
4 0.853125 0.753125 0.00625 0.0140625
4 0.9109375 0.7953125 0.01171875 0.01796875
4 0.91875 0.87265625 0.01015625 0.0203125
4 0.98046875 0.85859375 0.00859375 0.01015625
4 0.971875 0.86640625 0.009375 0.009375
4 0.9828125 0.878125 0.0046875 0.01328125
4 0.98671875 0.884375 0.00390625 0.01796875
4 0.97890625 0.92421875 0.01015625 0.0140625
4 0.76875 0.8171875 0.00703125 0.01015625
4 0.76328125 0.809375 0.00703125 0.01484375
4 0.7296875 0.7625 0.00859375 0.009375
4 0.721875 0.75703125 0.00859375 0.0109375
4 0.6921875 0.759375 0.009375 0.009375
4 0.66796875 0.75703125 0.01171875 0.0140625
4 0.678125 0.74140625 0.01171875 0.01171875
4 0.6796875 0.71953125 0.009375 0.009375
4 0.68203125 0.7109375 0.01015625 0.01171875
4 0.54140625 0.76796875 0.0109375 0.01328125
4 0.528125 0.759375 0.01171875 0.015625
4 0.6 0.571875 0.01328125 0.01484375
4 0.44140625 0.66953125 0.01015625 0.02890625
4 0.3984375 0.90859375 0.00859375 0.01640625
4 0.38671875 0.928125 0.00859375 0.01015625
4 0.31484375 0.96875 0.0046875 0.01953125
4 0.38046875 0.7828125 0.009375 0.02109375
4 0.309375 0.81328125 0.01484375 0.0234375
4 0.29921875 0.85859375 0.0109375 0.01875
4 0.26171875 0.84921875 0.0140625 0.0203125
4 0.2421875 0.87890625 0.009375 0.01171875
4 0.1859375 0.9765625 0.015625 0.0203125
0 0.10703125 0.85546875 0.01484375 0.03046875
0 0.12109375 0.865625 0.01328125 0.025
0 0.28203125 0.87421875 0.01171875 0.0265625
0 0.2921875 0.821875 0.0140625 0.0265625
0 0.353125 0.79375 0.01484375 0.021875
0 0.396875 0.778125 0.01640625 0.01953125
0 0.271875 0.6640625 0.0140625 0.01640625
0 0.27421875 0.64296875 0.01328125 0.01953125
0 0.334375 0.590625 0.009375 0.01953125
0 0.4203125 0.58359375 0.01171875 0.02890625
0 0.44140625 0.5328125 0.0140625 0.0734375
0 0.41171875 0.896875 0.0140625 0.025
0 0.49140625 0.73046875 0.0140625 0.01796875
0 0.2921875 0.16875 0.0140625 0.021875
0 0.33046875 0.0375 0.009375 0.021875
0 0.33203125 0.05546875 0.01015625 0.02109375
0 0.371875 0.121875 0.009375 0.01953125
0 0.38125 0.1390625 0.009375 0.02109375
0 0.40625 0.1890625 0.00859375 0.0203125
0 0.40859375 0.2125 0.0140625 0.02421875
0 0.4421875 0.34296875 0.01015625 0.0203125
0 0.60546875 0.2890625 0.0140625 0.02421875
0 0.60390625 0.2609375 0.01484375 0.025
0 0.70859375 0.27109375 0.01640625 0.0296875
0 0.75625 0.653125 0.01796875 0.01875
0 0.8734375 0.7703125 0.0140625 0.0234375
0 0.8953125 0.77421875 0.0109375 0.02421875
0 0.740625 0.75625 0.0140625 0.02109375
0 0.678125 0.73046875 0.01484375 0.015625
3 0.72578125 0.74921875 0.01640625 0.0234375
3 0.82578125 0.91796875 0.021875 0.03671875
3 0.328125 0.25546875 0.01484375 0.040625
3 0.3421875 0.04140625 0.02109375 0.04296875
3 0.3 0.0140625 0.01875 0.028125
3 0.34765625 0.6140625 0.021875 0.040625
3 0.28671875 0.63203125 0.01640625 0.02421875
3 0.2234375 0.70703125 0.021875 0.02578125
1 0.24921875 0.75234375 0.03828125 0.0609375
1 0.2203125 0.75859375 0.046875 0.065625
1 0.31875 0.584375 0.04140625 0.0796875
1 0.73515625 0.8078125 0.05703125 0.0453125
1 0.778125 0.8453125 0.04609375 0.065625
1 0.1359375 0.915625 0.05078125 0.06484375
1 0.3890625 0.23984375 0.03984375 0.07421875
1 0.3609375 0.17890625 0.03046875 0.06875
6 0.74765625 0.78671875 0.03125 0.04375
6 0.6984375 0.7484375 0.028125 0.0359375