4 0.5046875 0.39140625 0.00859375 0.009375
4 0.5015625 0.39921875 0.01171875 0.01015625
4 0.43046875 0.40390625 0.009375 0.009375
4 0.48671875 0.446875 0.009375 0.00703125
4 0.503125 0.45859375 0.009375 0.00703125
4 0.546875 0.55546875 0.00703125 0.01484375
4 0.55703125 0.565625 0.00703125 0.0140625
4 0.57421875 0.55703125 0.00859375 0.015625
4 0.60390625 0.53125 0.009375 0.01796875
4 0.590625 0.5875 0.00703125 0.0140625
4 0.5765625 0.578125 0.00859375 0.0140625
4 0.55625 0.59375 0.009375 0.01875
4 0.5671875 0.58671875 0.00703125 0.0140625
4 0.5734375 0.6015625 0.00703125 0.01328125
4 0.55859375 0.64140625 0.00625 0.01796875
4 0.56171875 0.65625 0.00625 0.015625
4 0.56328125 0.6859375 0.00546875 0.015625
4 0.56796875 0.6890625 0.00546875 0.01328125
4 0.56796875 0.715625 0.00390625 0.01484375
4 0.56484375 0.7078125 0.0046875 0.015625
4 0.56171875 0.7359375 0.00546875 0.015625
4 0.5671875 0.73515625 0.00546875 0.01796875
4 0.56875 0.753125 0.00546875 0.01640625
4 0.63828125 0.653125 0.00703125 0.01796875
4 0.95703125 0.48828125 0.0109375 0.01015625
4 0.98203125 0.50703125 0.015625 0.01484375
4 0.878125 0.50078125 0.01171875 0.009375
4 0.80859375 0.5140625 0.00859375 0.01328125
4 0.734375 0.5234375 0.00703125 0.00703125
4 0.68046875 0.50703125 0.00859375 0.00859375
4 0.690625 0.528125 0.00703125 0.00625
4 0.67890625 0.53984375 0.00859375 0.00859375
4 0.67734375 0.5578125 0.00859375 0.00703125
4 0.68671875 0.55859375 0.009375 0.00703125
4 0.71328125 0.56328125 0.00859375 0.00859375
4 0.7015625 0.5234375 0.00859375 0.00546875
4 0.70625 0.53125 0.00859375 0.00703125
4 0.70625 0.5390625 0.00859375 0.00625
4 0.709375 0.54765625 0.009375 0.00859375
4 0.71953125 0.54375 0.009375 0.00703125
4 0.728125 0.54375 0.00859375 0.00703125
4 0.71328125 0.55234375 0.00859375 0.00625
4 0.70546875 0.553125 0.00625 0.0046875
4 0.69609375 0.55703125 0.00859375 0.00625
4 0.69375 0.56171875 0.00703125 0.00546875
0 0.63671875 0.68515625 0.0109375 0.0203125
0 0.68125 0.56796875 0.01171875 0.01015625
0 0.696875 0.53359375 0.01171875 0.01015625
0 0.70625 0.50859375 0.0109375 0.00859375
3 0.76875 0.528125 0.0203125 0.01796875
3 0.7921875 0.53046875 0.021875 0.01640625
0 0.75703125 0.5015625 0.0140625 0.0109375
0 0.9046875 0.51640625 0.01640625 0.01328125
0 0.8828125 0.534375 0.01171875 0.0109375
0 0.865625 0.53359375 0.0140625 0.01328125
0 0.65390625 0.37265625 0.015625 0.0140625
0 0.565625 0.378125 0.0109375 0.015625
0 0.2265625 0.30234375 0.009375 0.01875
0 0.153125 0.40859375 0.0140625 0.01484375
0 0.48203125 0.4359375 0.0140625 0.01640625
0 0.4796875 0.45625 0.0140625 0.01484375
4 0.184375 0.38515625 0.00859375 0.01796875
0 0.19296875 0.35703125 0.00859375 0.02109375
4 0.1734375 0.4046875 0.009375 0.01640625
4 0.19140625 0.3375 0.009375 0.01796875
2 0.19453125 0.30859375 0.01171875 0.03359375
2 0.13046875 0.45546875 0.01953125 0.01640625
2 0.5015625 0.44609375 0.01875 0.015625
2 0.496875 0.4125 0.01875 0.01640625
2 0.56953125 0.64375 0.01015625 0.02578125
2 0.57421875 0.67578125 0.00859375 0.03359375
2 0.5859375 0.6609375 0.00859375 0.0296875
2 0.575 0.734375 0.00859375 0.028125
2 0.584375 0.740625 0.009375 0.03046875
2 0.584375 0.70234375 0.00859375 0.03046875
2 0.57265625 0.77734375 0.00859375 0.03125
2 0.584375 0.78203125 0.00859375 0.03203125
2 0.56328125 0.80625 0.00859375 0.03046875
2 0.553125 0.821875 0.00859375 0.03359375
2 0.5625 0.84609375 0.01015625 0.03515625
2 0.56328125 0.88515625 0.00859375 0.03515625
2 0.56484375 0.91796875 0.01015625 0.03125
2 0.57890625 0.93046875 0.01015625 0.034375
2 0.57265625 0.878125 0.00859375 0.03125
2 0.57109375 0.815625 0.00703125 0.03046875
2 0.58359375 0.8171875 0.01015625 0.0359375
2 0.56953125 0.96171875 0.00859375 0.02890625
2 0.5796875 0.9640625 0.00859375 0.02890625
0 0.571875 0.8453125 0.00625 0.02421875
0 0.565625 0.77109375 0.00546875 0.021875
0 0.55703125 0.68046875 0.009375 0.0234375
0 0.559375 0.70390625 0.00703125 0.0203125
0 0.58046875 0.60390625 0.00859375 0.01875
2 0.828125 0.3375 0.01640625 0.01640625
2 0.78125 0.33125 0.009375 0.025
2 0.915625 0.496875 0.0203125 0.0140625
2 0.83046875 0.5421875 0.01953125 0.01875
2 0.80703125 0.53984375 0.01796875 0.0203125
2 0.74375 0.53125 0.01640625 0.0140625
2 0.740625 0.50703125 0.01796875 0.01328125
2 0.71953125 0.51171875 0.01796875 0.01328125
2 0.72109375 0.52890625 0.0203125 0.01484375
2 0.69296875 0.51796875 0.01640625 0.0109375
2 0.69453125 0.5453125 0.01640625 0.01328125