4 0.35859375 0.56328125 0.01953125 0.025
2 0.60078125 0.5015625 0.03046875 0.03515625
0 0.35859375 0.41015625 0.021875 0.028125
2 0.2796875 0.5484375 0.03046875 0.02890625
0 0.30546875 0.58125 0.02109375 0.02421875
4 0.16796875 0.60703125 0.0203125 0.02578125
2 0.77421875 0.2359375 0.0296875 0.034375
2 0.76328125 0.15703125 0.03046875 0.03046875
2 0.89609375 0.31953125 0.03046875 0.034375
2 0.9796875 0.31015625 0.03125 0.03828125
4 0.846875 0.38359375 0.0234375 0.021875
4 0.56328125 0.33515625 0.0203125 0.021875
2 0.1453125 0.2828125 0.0265625 0.046875
2 0.03046875 0.19921875 0.0203125 0.04296875
2 0.04375 0.13125 0.0203125 0.05078125
2 0.0234375 0.2546875 0.01484375 0.040625
2 0.02578125 0.30703125 0.021875 0.0515625
2 0.00625 0.321875 0.0125 0.053125
4 0.00859375 0.26171875 0.0109375 0.0234375
4 0.00625 0.284375 0.01171875 0.03203125
0 0.0140625 0.29296875 0.0140625 0.028125
0 0.04140625 0.2734375 0.01796875 0.03203125
4 0.04921875 0.25390625 0.01640625 0.0359375
2 0.05 0.18046875 0.0234375 0.05
2 0.05859375 0.1390625 0.021875 0.046875
2 0.04296875 0.228125 0.01875 0.0453125
4 0.0328125 0.26484375 0.0109375 0.02578125
0 0.190625 0.39453125 0.02578125 0.0296875