4 0.57109375 0.759375 0.0046875 0.015625
4 0.565625 0.7421875 0.00390625 0.01953125
4 0.5671875 0.85078125 0.0046875 0.01484375
4 0.62265625 0.8578125 0.00546875 0.01640625
4 0.5828125 0.58203125 0.00546875 0.01171875
4 0.6890625 0.54296875 0.00703125 0.00546875
4 0.67890625 0.5171875 0.00859375 0.00625
4 0.70703125 0.515625 0.00703125 0.00859375
2 0.55703125 0.94296875 0.009375 0.02890625
2 0.55625 0.73046875 0.00859375 0.034375
2 0.575 0.696875 0.00859375 0.0265625
2 0.5859375 0.7140625 0.01015625 0.034375
2 0.58125 0.7734375 0.01015625 0.03359375
2 0.565625 0.63125 0.00859375 0.02890625
2 0.57578125 0.6390625 0.00859375 0.03359375
2 0.58828125 0.62578125 0.00859375 0.0296875
2 0.58671875 0.55390625 0.0109375 0.03203125
2 0.60078125 0.55390625 0.0109375 0.028125
2 0.6140625 0.50390625 0.0140625 0.0265625
2 0.634375 0.47265625 0.0140625 0.025
2 0.6171875 0.45546875 0.01171875 0.02421875
2 0.6640625 0.43828125 0.01796875 0.01953125
2 0.6828125 0.53203125 0.015625 0.0140625
2 0.70703125 0.55625 0.01484375 0.01484375
2 0.71796875 0.54140625 0.01875 0.01171875
2 0.725 0.51796875 0.01875 0.01328125
2 0.7515625 0.5140625 0.0203125 0.01328125
2 0.75859375 0.53125 0.015625 0.01953125
2 0.740625 0.54296875 0.01640625 0.0140625
2 0.74453125 0.55625 0.01796875 0.015625
2 0.803125 0.55625 0.01796875 0.01484375
2 0.84453125 0.534375 0.01875 0.015625
2 0.83203125 0.3515625 0.015625 0.0140625
2 0.784375 0.34296875 0.00859375 0.02578125
2 0.4765625 0.41640625 0.01640625 0.01171875
2 0.4640625 0.43203125 0.01796875 0.01171875
2 0.4703125 0.45703125 0.01875 0.01171875
2 0.490625 0.45078125 0.015625 0.0140625
2 0.43125 0.46171875 0.015625 0.0140625
2 0.36328125 0.46171875 0.015625 0.01640625
2 0.346875 0.55546875 0.0203125 0.015625
2 0.24375 0.46484375 0.01796875 0.0140625
2 0.19375 0.4515625 0.01640625 0.01171875
2 0.1625 0.43671875 0.01640625 0.0140625
0 0.12109375 0.453125 0.01328125 0.01171875
0 0.15546875 0.396875 0.01171875 0.009375
2 0.19921875 0.2984375 0.009375 0.0265625
0 0.28671875 0.4296875 0.01328125 0.0109375
0 0.31328125 0.428125 0.01171875 0.0140625
0 0.48046875 0.440625 0.01171875 0.0109375
0 0.5703125 0.58125 0.00859375 0.01953125
0 0.584375 0.6640625 0.00859375 0.01875
0 0.56875 0.37890625 0.009375 0.0140625
0 0.59609375 0.4734375 0.00859375 0.015625
0 0.60390625 0.4921875 0.009375 0.01875
0 0.5890625 0.5046875 0.00859375 0.01953125
0 0.69375 0.40234375 0.01171875 0.01484375
0 0.70390625 0.41875 0.01171875 0.01484375
2 0.928125 0.37734375 0.01796875 0.01640625
1 0.81171875 0.51328125 0.05546875 0.02109375
4 0.94921875 0.53125 0.0109375 0.01015625
4 0.98203125 0.52734375 0.0109375 0.00703125
4 0.8546875 0.40546875 0.01171875 0.0109375
4 0.753125 0.56875 0.00859375 0.009375
4 0.73046875 0.5546875 0.00859375 0.00703125
4 0.68515625 0.58828125 0.00859375 0.00703125
4 0.67890625 0.575 0.00859375 0.00625
4 0.68203125 0.56796875 0.009375 0.00625
4 0.6890625 0.54921875 0.00859375 0.00625
4 0.68125 0.5453125 0.00859375 0.00625
4 0.68828125 0.5578125 0.00859375 0.00625
4 0.68125 0.553125 0.00859375 0.00625
4 0.6875 0.5640625 0.009375 0.00625
4 0.68046875 0.5609375 0.00859375 0.00625
4 0.721875 0.5515625 0.00859375 0.00625
4 0.66875 0.40546875 0.00859375 0.009375
4 0.67578125 0.41796875 0.00859375 0.009375
4 0.66640625 0.42578125 0.00703125 0.009375
4 0.72578125 0.384375 0.009375 0.00859375
4 0.73828125 0.41953125 0.00859375 0.00859375
4 0.75703125 0.396875 0.00859375 0.009375
4 0.17578125 0.390625 0.00859375 0.009375
4 0.19765625 0.421875 0.009375 0.00859375
4 0.20390625 0.434375 0.0109375 0.00859375
4 0.0515625 0.41640625 0.0109375 0.01015625
4 0.07890625 0.4296875 0.009375 0.00859375
4 0.071875 0.44296875 0.0109375 0.00859375
2 0.0359375 0.578125 0.01953125 0.01328125
4 0.2796875 0.41875 0.0109375 0.009375
4 0.26875 0.44296875 0.0109375 0.00859375
4 0.31875 0.44453125 0.0109375 0.00703125
4 0.3515625 0.4234375 0.01015625 0.0109375
4 0.33203125 0.43671875 0.01015625 0.00859375
4 0.371875 0.42890625 0.01015625 0.00859375
4 0.40703125 0.40546875 0.00859375 0.00859375
4 0.4046875 0.41640625 0.009375 0.00703125
4 0.46640625 0.39296875 0.00859375 0.00625
4 0.45625 0.4046875 0.00859375 0.009375
4 0.48203125 0.4046875 0.00859375 0.00703125
4 0.49296875 0.39375 0.00859375 0.00703125
4 0.50234375 0.43984375 0.009375 0.00859375
4 0.52421875 0.41875 0.00859375 0.00859375
4 0.5484375 0.39375 0.00859375 0.00703125
3 0.6546875 0.61953125 0.01796875 0.03125