1 0.09921875 0.796875 0.0734375 0.0453125
2 0.19296875 0.64609375 0.02578125 0.0234375
4 0.00625 0.83203125 0.01171875 0.0203125
4 0.0765625 0.8640625 0.01875 0.01875
4 0.0515625 0.86875 0.0140625 0.01796875
4 0.03203125 0.87421875 0.01640625 0.01484375
2 0.0328125 0.8546875 0.0234375 0.0203125
4 0.1609375 0.67578125 0.01640625 0.0140625
0 0.26484375 0.86640625 0.0234375 0.03046875
4 0.178125 0.9078125 0.0140625 0.0234375
2 0.09296875 0.91484375 0.028125 0.02578125
2 0.33828125 0.8734375 0.02890625 0.034375
4 0.2875 0.88515625 0.01796875 0.01796875
2 0.41328125 0.66953125 0.0203125 0.021875
2 0.45546875 0.66484375 0.0203125 0.04296875
3 0.31328125 0.79765625 0.03359375 0.02578125
4 0.3859375 0.85625 0.01484375 0.0203125
2 0.42265625 0.859375 0.02890625 0.03203125
4 0.40703125 0.9078125 0.01640625 0.01875
4 0.44765625 0.88984375 0.015625 0.02578125
4 0.49609375 0.71015625 0.01328125 0.028125
4 0.4765625 0.546875 0.01015625 0.028125
4 0.478125 0.49140625 0.01015625 0.03203125
4 0.515625 0.56484375 0.01484375 0.03203125
4 0.496875 0.76640625 0.01015625 0.0203125
4 0.521875 0.76640625 0.01640625 0.021875
4 0.65703125 0.89375 0.015625 0.0234375
4 0.51953125 0.88828125 0.01484375 0.0203125
4 0.471875 0.90546875 0.015625 0.021875
0 0.5984375 0.6421875 0.01875 0.028125
2 0.4515625 0.784375 0.02890625 0.02890625
2 0.51171875 0.68828125 0.0203125 0.04921875
2 0.47890625 0.609375 0.01953125 0.0515625
2 0.50546875 0.62890625 0.015625 0.04609375
2 0.5296875 0.8046875 0.025 0.0296875
4 0.7296875 0.88046875 0.01875 0.03125
2 0.98671875 0.890625 0.0265625 0.03046875
2 0.9890625 0.86328125 0.021875 0.0265625
2 0.46328125 0.478125 0.01484375 0.04453125
4 0.46875 0.31328125 0.0140625 0.02421875
4 0.46875 0.36015625 0.01484375 0.03125
4 0.4734375 0.43125 0.01484375 0.0359375
4 0.53046875 0.10078125 0.01484375 0.04140625
2 0.553125 0.87578125 0.02578125 0.021875