0 0.07578125 0.44375 0.01796875 0.01640625
0 0.17578125 0.559375 0.01640625 0.01796875
0 0.25703125 0.434375 0.01640625 0.01640625
0 0.321875 0.53203125 0.0140625 0.021875
4 0.00859375 0.43125 0.0109375 0.0140625
4 0.03671875 0.45703125 0.01328125 0.00625
4 0.0359375 0.5453125 0.01171875 0.01171875
4 0.0265625 0.5703125 0.01171875 0.01484375
4 0.00703125 0.56640625 0.01171875 0.0109375
4 0.0671875 0.5375 0.01328125 0.00859375
4 0.071875 0.55078125 0.0140625 0.01328125
4 0.096875 0.55390625 0.009375 0.00859375
4 0.1140625 0.5640625 0.0109375 0.01015625
4 0.13125 0.52890625 0.0109375 0.01171875
4 0.146875 0.553125 0.01171875 0.0140625
4 0.109375 0.43359375 0.0140625 0.01640625
4 0.071875 0.46171875 0.01484375 0.01171875
4 0.1796875 0.42421875 0.01171875 0.00859375
4 0.18046875 0.45390625 0.01015625 0.0140625
4 0.178125 0.54453125 0.01328125 0.0140625
4 0.21875 0.5609375 0.01484375 0.01171875
4 0.22421875 0.45546875 0.01015625 0.0109375
4 0.253125 0.4515625 0.015625 0.00546875
4 0.29765625 0.415625 0.0109375 0.0109375
4 0.2890625 0.56171875 0.01328125 0.01484375
4 0.296875 0.5515625 0.0109375 0.01015625
2 0.18203125 0.52734375 0.02109375 0.01875
6 0.23984375 0.4703125 0.021875 0.02109375
4 0.33203125 0.42421875 0.009375 0.0109375
4 0.36875 0.53828125 0.01171875 0.01171875
4 0.38359375 0.5234375 0.00703125 0.00859375
4 0.3984375 0.5359375 0.01171875 0.01484375
4 0.43828125 0.53359375 0.00859375 0.00859375
4 0.43359375 0.5546875 0.0109375 0.01640625
4 0.45390625 0.5453125 0.01171875 0.01328125
4 0.46484375 0.52265625 0.009375 0.0140625
4 0.47890625 0.5359375 0.0140625 0.01171875
4 0.49765625 0.5609375 0.01171875 0.0109375
4 0.4640625 0.41171875 0.009375 0.009375
4 0.52109375 0.43203125 0.02109375 0.0109375
4 0.55546875 0.53828125 0.01640625 0.01484375
4 0.55390625 0.553125 0.0140625 0.009375
4 0.5859375 0.52109375 0.01328125 0.0140625
0 0.41640625 0.5234375 0.015625 0.01484375
0 0.365625 0.44140625 0.01953125 0.01171875
0 0.64453125 0.5546875 0.01484375 0.01640625
0 0.69375 0.54765625 0.01640625 0.01484375
2 0.6171875 0.45625 0.0234375 0.0203125
4 0.63359375 0.44296875 0.0109375 0.01484375
4 0.6453125 0.43984375 0.01015625 0.0109375
4 0.6890625 0.43828125 0.01796875 0.0109375
4 0.72890625 0.4328125 0.01015625 0.0109375
4 0.621875 0.56640625 0.01484375 0.01484375
4 0.63828125 0.5359375 0.01171875 0.01328125
4 0.70625 0.55703125 0.01015625 0.0140625
4 0.72890625 0.53828125 0.009375 0.00859375
4 0.7609375 0.515625 0.01640625 0.01484375
4 0.75390625 0.5296875 0.0140625 0.0109375
4 0.73671875 0.55546875 0.01328125 0.015625
4 0.771875 0.53828125 0.01015625 0.01171875
4 0.78359375 0.5453125 0.01328125 0.01328125
4 0.77890625 0.51640625 0.0109375 0.01171875
4 0.80859375 0.534375 0.01171875 0.01328125
4 0.85078125 0.5140625 0.0140625 0.0109375
4 0.8390625 0.52578125 0.009375 0.00859375
4 0.85546875 0.53359375 0.01484375 0.00859375
4 0.8515625 0.54921875 0.01484375 0.01328125
4 0.90078125 0.515625 0.01171875 0.0140625
4 0.89609375 0.534375 0.01484375 0.01171875
4 0.90390625 0.5546875 0.01171875 0.01953125
4 0.9515625 0.540625 0.01640625 0.01328125
4 0.89375 0.41875 0.01015625 0.01171875
4 0.89765625 0.44140625 0.009375 0.01171875
4 0.90703125 0.4109375 0.01171875 0.009375
4 0.92421875 0.42109375 0.01015625 0.0109375
4 0.95546875 0.4359375 0.01171875 0.01484375
0 0.9734375 0.415625 0.01953125 0.01875
0 0.9828125 0.4484375 0.0203125 0.021875
0 0.78828125 0.41953125 0.01875 0.01796875
0 0.790625 0.4453125 0.02109375 0.0203125
0 0.8 0.55078125 0.01875 0.021875
1 0.69375 0.5203125 0.05859375 0.02890625