2 0.615625 0.9015625 0.00859375 0.02890625
2 0.6171875 0.7859375 0.00859375 0.03046875
2 0.65625 0.60703125 0.01796875 0.02421875
2 0.6390625 0.41796875 0.01796875 0.02109375
2 0.646875 0.43515625 0.01484375 0.0234375
2 0.68828125 0.43125 0.01875 0.01640625
2 0.7390625 0.4296875 0.015625 0.01171875
0 0.68203125 0.3984375 0.01484375 0.0140625
0 0.59921875 0.39296875 0.01171875 0.0140625
0 0.56796875 0.3765625 0.01328125 0.01171875
0 0.490625 0.4375 0.0109375 0.01171875
0 0.46328125 0.440625 0.01171875 0.01328125
0 0.446875 0.428125 0.01171875 0.0109375
0 0.434375 0.44140625 0.01171875 0.009375
0 0.40546875 0.44609375 0.01171875 0.01015625
0 0.221875 0.18671875 0.01015625 0.021875
2 0.1015625 0.44140625 0.0203125 0.015625
2 0.1828125 0.46171875 0.015625 0.01328125
2 0.23046875 0.371875 0.00859375 0.03125
2 0.2359375 0.40546875 0.01484375 0.0296875
2 0.25234375 0.44140625 0.02109375 0.01796875
2 0.19921875 0.2984375 0.009375 0.03203125
2 0.2078125 0.55625 0.0203125 0.01875
2 0.3515625 0.43125 0.01640625 0.01484375
2 0.3125 0.44375 0.01953125 0.01640625
2 0.3453125 0.45625 0.01796875 0.0140625
2 0.384375 0.46015625 0.01875 0.01484375
2 0.40859375 0.45859375 0.01640625 0.0140625
2 0.3515625 0.56484375 0.01640625 0.01484375
2 0.31015625 0.55546875 0.015625 0.01171875
2 0.43203125 0.45546875 0.01484375 0.01328125
2 0.45078125 0.45859375 0.015625 0.01171875
2 0.44921875 0.440625 0.0140625 0.0109375
2 0.46015625 0.41015625 0.015625 0.01171875
2 0.4765625 0.4140625 0.01484375 0.01328125
2 0.47421875 0.42890625 0.01640625 0.0109375
2 0.44921875 0.440625 0.0140625 0.0109375
2 0.47109375 0.45546875 0.01796875 0.01171875
2 0.490625 0.45078125 0.01640625 0.01328125
2 0.790625 0.4015625 0.02109375 0.01640625
2 0.71796875 0.5390625 0.01640625 0.015625
2 0.72578125 0.515625 0.01640625 0.01640625
2 0.7515625 0.5109375 0.01640625 0.01171875
2 0.75859375 0.52890625 0.01640625 0.01875
2 0.740625 0.540625 0.01640625 0.01171875
2 0.74375 0.553125 0.01796875 0.01171875
2 0.68203125 0.53046875 0.01640625 0.0140625
2 0.70625 0.55390625 0.015625 0.0140625
2 0.78671875 0.56328125 0.01875 0.01796875
2 0.83359375 0.50078125 0.01484375 0.01328125
2 0.8734375 0.51328125 0.01953125 0.015625
2 0.8859375 0.52890625 0.0203125 0.01484375
2 0.91640625 0.50625 0.0203125 0.01484375
2 0.92109375 0.53125 0.0203125 0.015625
2 0.784375 0.34140625 0.00859375 0.028125
2 0.83046875 0.34921875 0.01640625 0.015625
2 0.83203125 0.39296875 0.01796875 0.01796875
2 0.828125 0.415625 0.01875 0.0140625
2 0.87421875 0.3734375 0.01875 0.0140625
2 0.98203125 0.51171875 0.01875 0.015625
2 0.94921875 0.35546875 0.01796875 0.0140625
1 0.79453125 0.5109375 0.05 0.0203125
1 0.79609375 0.53515625 0.053125 0.02109375
0 0.83046875 0.54140625 0.01328125 0.01171875
0 0.82109375 0.55390625 0.01328125 0.0109375
0 0.79296875 0.4234375 0.01171875 0.0109375
0 0.89921875 0.35859375 0.01171875 0.01328125
2 0.0375 0.578125 0.0203125 0.01484375
2 0.05546875 0.44375 0.01796875 0.0140625
2 0.1015625 0.4421875 0.0203125 0.015625
0 0.17734375 0.403125 0.0140625 0.01640625
0 0.0609375 0.4234375 0.01484375 0.01328125
0 0.15703125 0.39609375 0.01171875 0.01328125
4 0.00546875 0.43359375 0.01015625 0.009375
4 0.01484375 0.41640625 0.009375 0.00625
4 0.02421875 0.4234375 0.0109375 0.009375
4 0.03984375 0.43046875 0.0109375 0.009375
4 0.08984375 0.415625 0.009375 0.00859375
4 0.13046875 0.41640625 0.01015625 0.009375
4 0.13359375 0.43203125 0.01015625 0.009375
4 0.13046875 0.46171875 0.01171875 0.00859375
4 0.1828125 0.440625 0.01171875 0.009375
4 0.1984375 0.4484375 0.0109375 0.00859375
4 0.20859375 0.43828125 0.01015625 0.00703125
4 0.20859375 0.46875 0.01328125 0.0109375
4 0.2625 0.4234375 0.00859375 0.009375
4 0.27421875 0.428125 0.01015625 0.00703125
4 0.31171875 0.42578125 0.00859375 0.00703125
4 0.32734375 0.40703125 0.009375 0.00859375
4 0.378125 0.41796875 0.00859375 0.00859375
4 0.3828125 0.40859375 0.009375 0.00859375
4 0.41875 0.41953125 0.00703125 0.00859375
4 0.43203125 0.41328125 0.01015625 0.009375
4 0.4296875 0.4296875 0.00859375 0.00625
4 0.46484375 0.42109375 0.009375 0.00625
4 0.48671875 0.40390625 0.009375 0.00703125
4 0.5046875 0.39921875 0.00859375 0.009375
4 0.5203125 0.384375 0.01015625 0.009375
4 0.503125 0.43828125 0.00859375 0.00703125
4 0.56328125 0.89609375 0.00546875 0.01484375
4 0.571875 0.69296875 0.0046875 0.01484375
4 0.6265625 0.68046875 0.00703125 0.01484375
4 0.690625 0.3828125 0.01015625 0.0109375
4 0.70390625 0.3984375 0.00859375 0.009375
4 0.7140625 0.39921875 0.00859375 0.009375
4 0.7234375 0.37890625 0.00859375 0.01015625
4 0.74296875 0.390625 0.00859375 0.009375
4 0.7421875 0.40078125 0.01015625 0.009375
4 0.75390625 0.4125 0.00859375 0.00859375
4 0.76640625 0.421875 0.009375 0.00859375
4 0.70703125 0.5140625 0.00859375 0.00625
4 0.67890625 0.51484375 0.01015625 0.00859375
4 0.7609375 0.55859375 0.00859375 0.00859375
4 0.8125 0.37109375 0.009375 0.009375
4 0.9359375 0.38046875 0.01171875 0.0109375
4 0.99140625 0.4953125 0.01171875 0.009375
4 0.9578125 0.51953125 0.009375 0.00859375
4 0.94140625 0.51796875 0.01015625 0.0109375
4 0.9484375 0.53203125 0.01015625 0.00859375
4 0.9265625 0.5421875 0.009375 0.00859375
4 0.92890625 0.51328125 0.00859375 0.00859375
4 0.9359375 0.5375 0.01015625 0.00625
4 0.85625 0.49453125 0.009375 0.00703125
4 0.71875 0.55859375 0.00859375 0.009375
4 0.73046875 0.553125 0.00859375 0.009375
4 0.721875 0.54921875 0.009375 0.00859375
4 0.68984375 0.546875 0.00703125 0.0046875
4 0.68828125 0.53984375 0.00703125 0.00546875
4 0.68125 0.54375 0.00703125 0.00625
4 0.68046875 0.55078125 0.00703125 0.00546875
4 0.70390625 0.58046875 0.00859375 0.00859375
4 0.68828125 0.56171875 0.00859375 0.00703125
4 0.6796875 0.559375 0.009375 0.00703125
4 0.68828125 0.5546875 0.00703125 0.00625
4 0.6828125 0.56640625 0.00859375 0.00546875
4 0.67890625 0.57265625 0.00859375 0.00625
4 0.63671875 0.67421875 0.00546875 0.01484375