2 0.046875 0.9609375 0.01796875 0.02578125
2 0.08984375 0.90078125 0.01953125 0.03046875
2 0.09765625 0.8734375 0.021875 0.028125
2 0.1640625 0.81328125 0.0203125 0.03046875
2 0.18515625 0.81328125 0.01640625 0.02890625
2 0.18203125 0.7890625 0.0203125 0.02890625
2 0.15859375 0.9859375 0.021875 0.028125
2 0.21171875 0.97578125 0.01875 0.03359375
2 0.23203125 0.946875 0.0203125 0.03671875
2 0.21640625 0.8953125 0.01796875 0.0390625
2 0.2359375 0.89296875 0.01875 0.03515625
2 0.196875 0.76640625 0.01875 0.0265625
2 0.21328125 0.771875 0.01640625 0.03046875
2 0.21953125 0.728125 0.01640625 0.0234375
2 0.23203125 0.74296875 0.01796875 0.02890625
2 0.26328125 0.8453125 0.01875 0.028125
2 0.29453125 0.7984375 0.02109375 0.03359375
2 0.32578125 0.82109375 0.0234375 0.034375
2 0.25234375 0.7171875 0.021875 0.03046875
2 0.25078125 0.69375 0.01640625 0.028125
2 0.24921875 0.66875 0.015625 0.028125
2 0.271875 0.6921875 0.01796875 0.021875
2 0.26875 0.67578125 0.01640625 0.025
2 0.28203125 0.6734375 0.01640625 0.02421875
2 0.26796875 0.65078125 0.01796875 0.028125
2 0.284375 0.63125 0.0140625 0.02578125
2 0.2984375 0.61171875 0.01640625 0.025
2 0.30390625 0.625 0.01796875 0.02890625
2 0.31953125 0.60390625 0.01640625 0.03203125
2 0.34296875 0.59140625 0.015625 0.02578125
2 0.328125 0.3125 0.01875 0.03671875
2 0.25078125 0.13046875 0.01875 0.03671875
2 0.3328125 0.00859375 0.0140625 0.01640625
2 0.3203125 0.0109375 0.01640625 0.02109375
2 0.31796875 0.02265625 0.01796875 0.03125
2 0.325 0.07109375 0.01796875 0.03359375
2 0.33359375 0.059375 0.01328125 0.0296875
2 0.34140625 0.0953125 0.0140625 0.0265625
2 0.35078125 0.11875 0.0140625 0.02890625
2 0.36328125 0.14375 0.01796875 0.034375
2 0.37578125 0.115625 0.0140625 0.0296875
2 0.3640625 0.1171875 0.015625 0.02421875
2 0.38828125 0.19296875 0.01484375 0.02890625
2 0.41015625 0.21171875 0.01640625 0.0296875
2 0.421875 0.23828125 0.01484375 0.02890625
2 0.4296875 0.290625 0.01484375 0.0265625
2 0.4359375 0.27578125 0.01640625 0.03046875
2 0.5546875 0.2140625 0.01328125 0.0359375
2 0.58203125 0.19375 0.01171875 0.03046875
2 0.56484375 0.13125 0.01484375 0.03515625
2 0.553125 0.046875 0.01171875 0.03515625
2 0.5890625 0.05546875 0.015625 0.0296875
2 0.640625 0.30390625 0.021875 0.02109375
2 0.684375 0.29609375 0.0203125 0.01875
2 0.709375 0.35078125 0.0203125 0.028125
2 0.7953125 0.15859375 0.015625 0.03515625
2 0.82109375 0.13359375 0.01328125 0.03125
2 0.84765625 0.0953125 0.01953125 0.025
2 0.92578125 0.21875 0.01953125 0.0265625
2 0.94453125 0.19296875 0.01796875 0.03203125
2 0.93515625 0.20234375 0.01953125 0.03203125
2 0.82265625 0.33203125 0.015625 0.028125
2 0.71953125 0.565625 0.0140625 0.028125
2 0.865625 0.73828125 0.01796875 0.03359375
2 0.88203125 0.75 0.01328125 0.03203125
2 0.90625 0.7640625 0.01640625 0.03203125
2 0.94140625 0.8109375 0.01875 0.03359375
2 0.959375 0.846875 0.0203125 0.0234375
2 0.9703125 0.86484375 0.0203125 0.025
2 0.98046875 0.89296875 0.0203125 0.02421875
2 0.95546875 0.9890625 0.02421875 0.021875
2 0.90859375 0.93984375 0.01875 0.0296875
2 0.86640625 0.9125 0.01875 0.028125
2 0.84296875 0.8859375 0.0203125 0.0296875
2 0.81171875 0.85 0.01875 0.028125
2 0.821875 0.840625 0.01640625 0.0234375
2 0.7953125 0.81796875 0.01875 0.0265625
2 0.73046875 0.7546875 0.01796875 0.0234375
2 0.70625 0.71796875 0.02109375 0.025
2 0.69375 0.72890625 0.0203125 0.021875
2 0.69140625 0.74453125 0.0203125 0.0234375
2 0.709375 0.75625 0.01640625 0.02109375
2 0.71484375 0.74296875 0.015625 0.021875
2 0.621875 0.74609375 0.0234375 0.01953125
2 0.59921875 0.65625 0.01640625 0.03515625
2 0.5265625 0.61953125 0.021875 0.025
2 0.32890625 0.9484375 0.01875 0.0265625
2 0.3796875 0.928125 0.01875 0.025
2 0.3734375 0.95546875 0.021875 0.0265625
4 0.0546875 0.85390625 0.00859375 0.01328125
4 0.0578125 0.86328125 0.009375 0.009375
4 0.06328125 0.87578125 0.009375 0.015625
4 0.07578125 0.88203125 0.009375 0.01796875
4 0.071875 0.8640625 0.01015625 0.01328125
4 0.08359375 0.85 0.00703125 0.01328125
4 0.09609375 0.8390625 0.00703125 0.0140625
4 0.08828125 0.84453125 0.00546875 0.01328125
4 0.10859375 0.82578125 0.00859375 0.0140625
4 0.11328125 0.81875 0.00703125 0.01484375
4 0.11875 0.8140625 0.00625 0.01328125
4 0.11875 0.8484375 0.009375 0.015625
4 0.15546875 0.81171875 0.00703125 0.01640625
4 0.16640625 0.79296875 0.00703125 0.0140625
4 0.18203125 0.76875 0.0109375 0.01328125
4 0.209375 0.7484375 0.009375 0.01484375
4 0.2203125 0.7546875 0.0109375 0.00859375
4 0.2265625 0.7640625 0.009375 0.0140625
4 0.21015625 0.7328125 0.00859375 0.01484375
4 0.23046875 0.68828125 0.00859375 0.015625
4 0.2390625 0.70546875 0.009375 0.0109375
4 0.26328125 0.69140625 0.00859375 0.01171875
4 0.25 0.68125 0.01015625 0.01484375
4 0.278125 0.65546875 0.00703125 0.01171875
4 0.2828125 0.646875 0.00703125 0.015625
4 0.309375 0.60546875 0.00703125 0.0109375
4 0.34453125 0.6 0.00625 0.01484375
4 0.33046875 0.59140625 0.00859375 0.0109375
4 0.328125 0.5828125 0.00703125 0.01015625
4 0.33671875 0.58828125 0.00859375 0.009375
4 0.33671875 0.57890625 0.00703125 0.0109375
4 0.3328125 0.565625 0.009375 0.00703125
4 0.37578125 0.40703125 0.00703125 0.01796875
4 0.33359375 0.26796875 0.00703125 0.015625
4 0.31875 0.23046875 0.009375 0.0140625
4 0.278125 0.14921875 0.009375 0.01640625
4 0.27421875 0.11875 0.00859375 0.01640625
4 0.30859375 0.00546875 0.00703125 0.0109375
4 0.315625 0.00625 0.00703125 0.01171875
4 0.309375 0.02109375 0.00625 0.0109375
4 0.321875 0.04765625 0.009375 0.01484375
4 0.35703125 0.0453125 0.00625 0.01484375
4 0.34140625 0.059375 0.00859375 0.0140625
4 0.365625 0.1078125 0.00703125 0.0140625
4 0.353125 0.10390625 0.00625 0.015625
4 0.36953125 0.0734375 0.00703125 0.01328125
4 0.39140625 0.11953125 0.00546875 0.01171875
4 0.3953125 0.12578125 0.00859375 0.00859375
4 0.3984375 0.13203125 0.00625 0.01171875
4 0.4078125 0.13046875 0.00703125 0.01328125
4 0.4078125 0.1546875 0.00625 0.01484375
4 0.40546875 0.14296875 0.00859375 0.01015625
4 0.4015625 0.13671875 0.009375 0.00703125
4 0.41328125 0.16796875 0.00625 0.0140625
4 0.41640625 0.17109375 0.0046875 0.0140625
4 0.41796875 0.14921875 0.009375 0.00859375
4 0.41953125 0.153125 0.00859375 0.00859375
4 0.4234375 0.16875 0.00546875 0.01484375
4 0.42890625 0.17265625 0.0046875 0.0109375
4 0.43515625 0.18359375 0.00859375 0.01171875
4 0.4140625 0.20234375 0.00859375 0.015625
4 0.41953125 0.215625 0.00703125 0.015625
4 0.41484375 0.24765625 0.00859375 0.015625
4 0.4265625 0.2296875 0.00546875 0.0140625
4 0.43203125 0.24296875 0.00625 0.015625
4 0.4390625 0.253125 0.00625 0.0140625
4 0.44375 0.2625 0.00625 0.0140625
4 0.44453125 0.278125 0.00703125 0.01640625
4 0.4515625 0.27734375 0.00703125 0.01484375
4 0.51484375 0.37890625 0.009375 0.01015625
4 0.7734375 0.22734375 0.00859375 0.01484375
4 0.7484375 0.21328125 0.00859375 0.01328125
4 0.81015625 0.1484375 0.009375 0.01484375
4 0.99453125 0.0703125 0.00625 0.025
4 0.7953125 0.2828125 0.009375 0.0140625
4 0.69140625 0.38984375 0.00859375 0.0140625
4 0.81640625 0.70390625 0.00625 0.0140625
4 0.82109375 0.7078125 0.00390625 0.01953125
4 0.8328125 0.71953125 0.0046875 0.015625
4 0.840625 0.72890625 0.00546875 0.01328125
4 0.85078125 0.73125 0.00703125 0.0109375
4 0.85390625 0.73671875 0.0046875 0.01875
4 0.8515625 0.771875 0.00859375 0.0140625
4 0.91015625 0.78125 0.00859375 0.01171875
4 0.921875 0.80546875 0.00859375 0.01484375
4 0.98359375 0.86328125 0.00703125 0.01875
4 0.97421875 0.84921875 0.00859375 0.009375
4 0.98046875 0.8359375 0.009375 0.00859375
4 0.91171875 0.96171875 0.01015625 0.01328125
4 0.878125 0.91015625 0.01015625 0.015625
4 0.72421875 0.7609375 0.01015625 0.0109375
4 0.7234375 0.73671875 0.009375 0.009375
4 0.721875 0.728125 0.00859375 0.01171875
4 0.68671875 0.69921875 0.0109375 0.01015625
4 0.68046875 0.7203125 0.00859375 0.01171875
4 0.67734375 0.72890625 0.009375 0.0109375
4 0.671875 0.7359375 0.01015625 0.01484375
4 0.584375 0.75078125 0.01015625 0.0109375
4 0.45390625 0.57578125 0.01171875 0.01796875
4 0.38203125 0.73828125 0.009375 0.01328125
4 0.42109375 0.71953125 0.01171875 0.01484375
4 0.25078125 0.925 0.0109375 0.02109375
4 0.33984375 0.9796875 0.01171875 0.01796875
4 0.34609375 0.92109375 0.009375 0.02109375
4 0.43671875 0.85546875 0.0140625 0.01875
4 0.18671875 0.95390625 0.01171875 0.0140625
0 0.1265625 0.86953125 0.01640625 0.0265625
0 0.2 0.790625 0.015625 0.02109375
0 0.1953125 0.753125 0.0140625 0.01953125
0 0.2046875 0.734375 0.015625 0.0234375
0 0.22734375 0.70625 0.01328125 0.01875
0 0.23828125 0.71640625 0.01328125 0.015625
0 0.23828125 0.69453125 0.01328125 0.01875
0 0.25703125 0.67421875 0.01171875 0.01796875
0 0.2921875 0.64140625 0.01640625 0.01640625
0 0.3015625 0.01328125 0.01015625 0.02109375
0 0.31484375 0.03515625 0.01171875 0.021875
0 0.34453125 0.071875 0.01171875 0.0203125
0 0.37578125 0.16875 0.01328125 0.021875
0 0.396875 0.19140625 0.0140625 0.021875
0 0.421875 0.2640625 0.01171875 0.02109375
0 0.43359375 0.25390625 0.01015625 0.0203125
0 0.60390625 0.28125 0.0109375 0.0234375
0 0.6953125 0.27890625 0.01171875 0.021875
0 0.7078125 0.2625 0.01484375 0.02109375
0 0.73828125 0.26640625 0.02109375 0.0203125
0 0.934375 0.12421875 0.015625 0.02578125
0 0.75703125 0.64296875 0.0140625 0.01953125
0 0.8734375 0.75546875 0.0140625 0.025
0 0.890625 0.921875 0.0140625 0.02578125
0 0.6890625 0.71171875 0.01484375 0.0140625
3 0.22265625 0.73984375 0.01875 0.0234375
3 0.3390625 0.03828125 0.0234375 0.04453125
3 0.35234375 0.08984375 0.01640625 0.02578125
3 0.40390625 0.21875 0.02109375 0.03828125
3 0.92421875 0.98515625 0.02421875 0.0296875
3 0.828125 0.903125 0.02421875 0.03203125
1 0.31328125 0.63125 0.04609375 0.06796875
1 0.32890625 0.71796875 0.04375 0.04453125
1 0.209375 0.80859375 0.046875 0.07890625
1 0.19375 0.971875 0.0390625 0.05625
1 0.38828125 0.1546875 0.03671875 0.05546875
1 0.70625 0.771875 0.05078125 0.046875
1 0.759375 0.796875 0.05 0.05859375
1 0.79453125 0.79296875 0.05703125 0.059375