4 0.06875 0.7734375 0.01796875 0.01484375
0 0.103125 0.69765625 0.01953125 0.01640625
0 0.06875 0.66171875 0.01640625 0.01796875
0 0.06953125 0.63984375 0.0109375 0.015625
0 0.26875 0.75078125 0.01875 0.01796875
0 0.2265625 0.59375 0.01875 0.01015625
0 0.2359375 0.56796875 0.0140625 0.01796875
0 0.2625 0.58203125 0.015625 0.01640625
4 0.371875 0.55234375 0.0140625 0.01640625
0 0.3578125 0.61484375 0.01875 0.02109375
4 0.4265625 0.553125 0.01484375 0.0140625
0 0.334375 0.584375 0.01484375 0.01484375
0 0.48125 0.446875 0.01796875 0.015625
0 0.48203125 0.46328125 0.0140625 0.01484375
4 0.38359375 0.53125 0.0140625 0.01640625
0 0.38828125 0.5609375 0.01640625 0.01640625
2 0.4765625 0.6140625 0.01796875 0.03359375
0 0.42265625 0.63671875 0.01484375 0.021875
4 0.459375 0.43515625 0.00859375 0.0109375
3 0.6203125 0.51328125 0.0109375 0.02421875
0 0.54921875 0.61796875 0.01328125 0.01484375
0 0.5015625 0.65234375 0.0140625 0.01875
0 0.771875 0.878125 0.01484375 0.01953125
4 0.78671875 0.70546875 0.015625 0.01875
0 0.74453125 0.840625 0.015625 0.021875
0 0.77109375 0.7328125 0.01640625 0.01875
4 0.9890625 0.9796875 0.01640625 0.01875
0 0.7046875 0.4453125 0.01328125 0.01953125
0 0.72421875 0.3953125 0.01171875 0.0265625
4 0.71953125 0.44921875 0.01015625 0.01796875
0 0.70546875 0.48671875 0.01171875 0.0109375
0 0.696875 0.48203125 0.009375 0.01640625
0 0.7828125 0.371875 0.01171875 0.0234375
0 0.76015625 0.421875 0.01171875 0.01796875
0 0.7703125 0.41953125 0.01171875 0.02578125
0 0.75390625 0.49609375 0.01171875 0.028125
0 0.61796875 0.271875 0.01171875 0.01796875
0 0.56875 0.35859375 0.0109375 0.01953125
4 0.69765625 0.20546875 0.0140625 0.02421875
4 0.7203125 0.19140625 0.01328125 0.02109375
4 0.68203125 0.2265625 0.01484375 0.0234375
0 0.784375 0.01640625 0.01328125 0.01953125
0 0.34921875 0.52265625 0.01171875 0.015625
0 0.284375 0.475 0.01953125 0.0234375
0 0.503125 0.44453125 0.01171875 0.01640625
2 0.1390625 0.1734375 0.02109375 0.0296875
2 0.26171875 0.28515625 0.01953125 0.02421875
0 0.23203125 0.37890625 0.01640625 0.02109375
4 0.221875 0.39375 0.01328125 0.01171875
3 0.3796875 0.37421875 0.021875 0.0265625
0 0.528125 0.36875 0.01328125 0.01328125
4 0.4859375 0.38671875 0.0109375 0.01171875
4 0.44921875 0.41484375 0.009375 0.01484375
4 0.21328125 0.36171875 0.00859375 0.01015625
0 0.46640625 0.371875 0.01171875 0.01640625
4 0.53515625 0.39140625 0.009375 0.0140625
4 0.46796875 0.3984375 0.01171875 0.01328125
4 0.39296875 0.4828125 0.0140625 0.01171875
3 0.528125 0.45390625 0.0140625 0.015625
0 0.47890625 0.43359375 0.0109375 0.01484375
4 0.4671875 0.42734375 0.009375 0.01328125
0 0.51328125 0.47109375 0.01171875 0.01484375
0 0.51953125 0.440625 0.01171875 0.015625
4 0.5703125 0.39921875 0.01171875 0.01484375
4 0.5984375 0.41328125 0.009375 0.0140625
2 0.7484375 0.36328125 0.01875 0.03359375
4 0.59140625 0.44375 0.01015625 0.01875
4 0.759375 0.36875 0.00859375 0.01953125
2 0.6265625 0.56171875 0.01640625 0.02890625
4 0.634375 0.53359375 0.009375 0.01953125
0 0.5609375 0.646875 0.0140625 0.0203125
0 0.57578125 0.68828125 0.01484375 0.02421875
4 0.5796875 0.646875 0.009375 0.0109375
4 0.45625 0.590625 0.00703125 0.01875
4 0.565625 0.63515625 0.00859375 0.0140625
4 0.49453125 0.63671875 0.00859375 0.01640625
4 0.52890625 0.64609375 0.01015625 0.01640625
3 0.4171875 0.67421875 0.01484375 0.015625
4 0.384375 0.5078125 0.01171875 0.015625
2 0.325 0.46328125 0.01796875 0.021875
2 0.21640625 0.409375 0.0203125 0.0296875
3 0.028125 0.19609375 0.01484375 0.02578125
3 0.1984375 0.76875 0.01796875 0.015625
4 0.25078125 0.64765625 0.01171875 0.01796875
4 0.25390625 0.628125 0.0140625 0.015625
4 0.37578125 0.578125 0.0109375 0.015625
0 0.20234375 0.634375 0.01875 0.01796875
2 0.5203125 0.609375 0.01953125 0.0234375
4 0.46796875 0.44453125 0.00859375 0.01875
2 0.7015625 0.66875 0.0203125 0.025
2 0.63671875 0.603125 0.0203125 0.034375
2 0.66328125 0.64609375 0.02109375 0.03203125
4 0.62890625 0.4859375 0.00859375 0.01953125
2 0.72578125 0.69921875 0.01875 0.03125
2 0.7015625 0.61640625 0.02109375 0.03046875
2 0.721875 0.6390625 0.02109375 0.0296875
4 0.7453125 0.69140625 0.01328125 0.0203125
4 0.66796875 0.75859375 0.01015625 0.0140625
4 0.84921875 0.803125 0.01171875 0.015625
4 0.8265625 0.78125 0.00703125 0.01328125
4 0.83515625 0.77109375 0.01171875 0.01484375
4 0.803125 0.7484375 0.01171875 0.01640625
4 0.7734375 0.75703125 0.0109375 0.015625
4 0.79375 0.7296875 0.00859375 0.01640625
4 0.78046875 0.71796875 0.00859375 0.01171875
2 0.86953125 0.8390625 0.021875 0.03125
4 0.98984375 0.95078125 0.01328125 0.0265625
3 0.8203125 0.79140625 0.01796875 0.02109375
4 0.86484375 0.9625 0.01171875 0.0203125
4 0.815625 0.925 0.01171875 0.02421875
4 0.7796875 0.86796875 0.0140625 0.01328125
3 0.64453125 0.75546875 0.01640625 0.025
4 0.765625 0.89609375 0.01171875 0.01484375
3 0.69296875 0.82890625 0.01875 0.0203125
0 0.72734375 0.840625 0.01171875 0.02109375
2 0.57578125 0.665625 0.0203125 0.02578125
2 0.6060194171875 0.525101571875 0.595105303125 0.53735066875 0.6066403109375 0.565937840625 0.6153327265625 0.556740484375 0.6060194171875 0.525101571875
0 0.02578125 0.0609375 0.01640625 0.02578125
2 0.06953125 0.10625 0.025 0.0390625
2 0.23359375 0.2390625 0.01953125 0.02890625
4 0.540625 0.63203125 0.00859375 0.01328125
4 0.584375 0.70703125 0.01015625 0.01875
4 0.628125 0.73125 0.0140625 0.01328125
4 0.58359375 0.4359375 0.00859375 0.01328125
4 0.6046875 0.42890625 0.00859375 0.0109375
4 0.5953125 0.38828125 0.00859375 0.01796875
0 0.61328125 0.3796875 0.01015625 0.0203125
3 0.55703125 0.409375 0.01796875 0.01640625
4 0.5140625 0.38359375 0.01171875 0.01640625
4 0.81875 0.2734375 0.01015625 0.0203125
4 0.68984375 0.45546875 0.01171875 0.0140625
4 0.690625 0.47109375 0.00859375 0.0109375
3 0.68125 0.490625 0.0140625 0.02109375
4 0.66953125 0.5125 0.0109375 0.01328125
4 0.75625 0.0921875 0.009375 0.01640625
4 0.73203125 0.121875 0.01640625 0.015625
4 0.86171875 0.1234375 0.01015625 0.01796875
4 0.84375 0.1609375 0.01328125 0.01875
4 0.82421875 0.17578125 0.009375 0.01640625
4 0.84296875 0.1390625 0.01328125 0.0203125
4 0.85390625 0.178125 0.01171875 0.0234375
0 0.79921875 0.26484375 0.01328125 0.021875
4 0.65703125 0.259375 0.01171875 0.03125
2 0.5953125 0.3203125 0.01640625 0.02890625
0 0.1765625 0.340625 0.01640625 0.021875
4 0.11953125 0.28046875 0.01640625 0.025
4 0.0859375 0.26640625 0.015625 0.02109375
4 0.5609375 0.4421875 0.00859375 0.015625
2 0.92421875 0.90546875 0.028125 0.04453125
1 0.51171875 0.53359375 0.02109375 0.109375
3 0.4859375 0.41015625 0.0265625 0.03359375
3 0.53125 0.4203125 0.05 0.04296875
2 0.57421875 0.425 0.0234375 0.028125
3 0.553125 0.46953125 0.025 0.03359375
2 0.44453125 0.4453125 0.021875 0.03515625
2 0.2890625 0.5453125 0.0234375 0.0265625
0 0.52578125 0.6765625 0.01484375 0.01796875
3 0.57734375 0.63125 0.01484375 0.01796875
3 0.57109375 0.609375 0.015625 0.02109375
3 0.55546875 0.62421875 0.01796875 0.021875
3 0.68203125 0.5171875 0.0203125 0.0484375
0 0.69453125 0.51171875 0.00859375 0.02578125
3 0.86171875 0.778125 0.025 0.03984375
0 0.66484375 0.61484375 0.01484375 0.02421875
0 0.65078125 0.571875 0.01171875 0.02578125
0 0.159375 0.66640625 0.01796875 0.01640625