3 0.59140625 0.58671875 0.021875 0.03984375
3 0.38671875 0.34296875 0.0203125 0.05078125
0 0.5328125 0.32265625 0.01953125 0.02890625
0 0.38828125 0.47109375 0.0140625 0.025
0 0.6046875 0.27734375 0.0203125 0.02421875
0 0.6328125 0.22578125 0.0234375 0.03046875
0 0.403125 0.70390625 0.01640625 0.02890625
0 0.38359375 0.70625 0.01640625 0.03125
0 0.34140625 0.8328125 0.02109375 0.03359375
0 0.9265625 0.0171875 0.02109375 0.034375
2 0.44199024218750005 0.49568274843750004 0.41597794375 0.46034319999999995 0.4092663265625 0.484119878125 0.4333194859375 0.5162439640625001 0.44199024218750005 0.49568274843750004
2 0.43039790624999996 0.5231320265625 0.433680753125 0.5207417328124999 0.4091135765625 0.4866872328125 0.40008152656249996 0.5053208203125 0.4221197265625 0.540017878125 0.43039790624999996 0.5231320265625
2 0.5696260734374999 0.6597777390624999 0.545781484375 0.6417866859375 0.5425578296875 0.6654541187499999 0.5609552921875001 0.6841942328124999 0.5696260734374999 0.6597777390624999
3 0.24453125 0.8609375 0.015625 0.03359375
2 0.3234375 0.38203125 0.01484375 0.04296875
2 0.228125 0.196875 0.028125 0.028125
2 0.1765625 0.06171875 0.02421875 0.04609375
4 0.62890625 0.66484375 0.01640625 0.0265625
4 0.48125 0.55546875 0.0140625 0.02421875
4 0.4984375 0.46171875 0.015625 0.03046875
4 0.5546875 0.47109375 0.01796875 0.01953125
4 0.54453125 0.41875 0.01796875 0.02578125
4 0.6140625 0.40390625 0.01875 0.02421875
4 0.51171875 0.44296875 0.01796875 0.0296875
4 0.4453125 0.38828125 0.01640625 0.021875
4 0.4140625 0.453125 0.01484375 0.0234375
4 0.40234375 0.434375 0.01171875 0.034375
4 0.34765625 0.46484375 0.01640625 0.025
4 0.359375 0.48203125 0.0140625 0.028125
4 0.34296875 0.51171875 0.01640625 0.02421875
4 0.36640625 0.54921875 0.01484375 0.02109375
4 0.36953125 0.5640625 0.0140625 0.021875
4 0.4171875 0.615625 0.01796875 0.025
4 0.38203125 0.61796875 0.01640625 0.01875
4 0.3578125 0.58671875 0.01484375 0.021875
4 0.33671875 0.6 0.01171875 0.021875
4 0.315625 0.62734375 0.0109375 0.028125
4 0.3359375 0.6390625 0.009375 0.0296875
4 0.35078125 0.63046875 0.01171875 0.0203125
4 0.36875 0.66796875 0.01484375 0.02578125
4 0.384375 0.66796875 0.01171875 0.02421875
4 0.42734375 0.640625 0.0140625 0.0234375
4 0.44453125 0.6140625 0.0140625 0.03828125
4 0.4578125 0.5984375 0.0140625 0.0265625
4 0.471875 0.58984375 0.01328125 0.0296875
4 0.49296875 0.6390625 0.015625 0.021875
4 0.53125 0.65625 0.0140625 0.02109375
4 0.5484375 0.68359375 0.0140625 0.0296875
4 0.5890625 0.7234375 0.0203125 0.025
4 0.5984375 0.66328125 0.015625 0.03046875
4 0.6078125 0.65546875 0.01171875 0.02421875
4 0.73671875 0.82109375 0.01328125 0.0234375
4 0.7296875 0.79609375 0.01796875 0.0203125
4 0.76796875 0.86875 0.01484375 0.021875
4 0.79140625 0.8984375 0.01640625 0.02578125
4 0.809375 0.90390625 0.01328125 0.03359375
4 0.83515625 0.93515625 0.015625 0.0265625
4 0.78828125 0.9859375 0.015625 0.0265625
4 0.73515625 0.921875 0.01796875 0.01875
4 0.7203125 0.9359375 0.0203125 0.02578125
2 0.75625 0.81640625 0.01953125 0.05390625
0 0.2828125 0.28203125 0.01875 0.02578125
4 0.31640625 0.1890625 0.01640625 0.02109375
4 0.33984375 0.2265625 0.0140625 0.01484375
4 0.346875 0.20859375 0.01171875 0.01796875
4 0.29609375 0.246875 0.01484375 0.02421875
4 0.26953125 0.21953125 0.015625 0.02109375
4 0.271875 0.196875 0.01796875 0.025
4 0.31953125 0.31640625 0.015625 0.01875
4 0.340625 0.33046875 0.0109375 0.028125
4 0.40703125 0.33203125 0.015625 0.02578125
4 0.31796875 0.42265625 0.0140625 0.0203125
2 0.8609375 0.290625 0.0234375 0.03515625
2 0.84453125 0.39140625 0.02421875 0.04921875
3 0.821875 0.44921875 0.02890625 0.065625
3 0.66875 0.4390625 0.02890625 0.034375
3 0.73203125 0.39140625 0.0296875 0.04296875
3 0.80546875 0.33359375 0.02578125 0.028125
3 0.83359375 0.31171875 0.03515625 0.0390625
3 0.86484375 0.3359375 0.03203125 0.0546875
3 0.72734375 0.6765625 0.025 0.03671875
3 0.68984375 0.615625 0.0203125 0.03515625
3 0.68203125 0.5890625 0.0234375 0.04453125
3 0.61640625 0.49296875 0.0203125 0.03046875
3 0.628125 0.54375 0.01796875 0.025
4 0.6765625 0.37578125 0.01171875 0.021875
4 0.6875 0.38046875 0.0109375 0.01953125
4 0.68828125 0.33046875 0.0109375 0.01640625
4 0.66796875 0.221875 0.01640625 0.01484375
4 0.7734375 0.14453125 0.01328125 0.01328125
4 0.79296875 0.10859375 0.015625 0.015625
4 0.8453125 0.08203125 0.0140625 0.01484375
4 0.896875 0.07109375 0.0140625 0.01796875
4 0.915625 0.1390625 0.0140625 0.01484375
4 0.80625 0.55859375 0.009375 0.0203125
0 0.80390625 0.5046875 0.015625 0.0296875
2 0.75546875 0.63359375 0.01953125 0.040625
4 0.60625 0.57421875 0.0109375 0.01640625
4 0.58515625 0.7515625 0.01015625 0.01640625
4 0.6046875 0.84453125 0.00859375 0.01953125
4 0.58046875 0.3171875 0.0140625 0.01796875
4 0.55625 0.325 0.0109375 0.02109375
2 0.5453125 0.25078125 0.02578125 0.03359375
2 0.51484375 0.27734375 0.0265625 0.03203125
2 0.59609375 0.22109375 0.021875 0.028125
2 0.61875 0.16171875 0.01484375 0.0453125
2 0.65703125 0.15390625 0.021875 0.025
3 0.66484375 0.565625 0.0203125 0.03671875
2 0.79296875 0.85625 0.021875 0.03828125
2 0.72421875 0.965625 0.025 0.02421875
2 0.56484375 0.95546875 0.03671875 0.06484375
4 0.3609375 0.765625 0.01171875 0.0203125
4 0.321875 0.70703125 0.009375 0.0203125
4 0.34140625 0.80546875 0.009375 0.0203125
4 0.29140625 0.93515625 0.009375 0.021875
4 0.309375 0.94921875 0.009375 0.02109375
4 0.29921875 0.97890625 0.01171875 0.02109375
4 0.25390625 0.89375 0.01015625 0.0203125
4 0.259375 0.9234375 0.01328125 0.021875
3 0.25078125 0.80546875 0.01640625 0.04453125
2 0.2109375 0.9421875 0.01640625 0.03671875
2 0.3265625 0.92421875 0.01640625 0.0359375
4 0.3609375 0.284375 0.009375 0.01953125
4 0.346875 0.18203125 0.009375 0.01796875
4 0.371875 0.27890625 0.0109375 0.01796875
4 0.3484375 0.321875 0.009375 0.01875
4 0.39921875 0.303125 0.01015625 0.01875
4 0.39296875 0.28359375 0.01171875 0.01640625
4 0.36328125 0.2640625 0.0109375 0.01640625
4 0.36953125 0.253125 0.01015625 0.0203125
2 0.3046875 0.1171875 0.01796875 0.0359375
2 0.40078125 0.14921875 0.021875 0.0359375
3 0.25078125 0.24140625 0.01953125 0.03515625
3 0.2109375 0.25859375 0.0203125 0.040625
3 0.1859375 0.21328125 0.02421875 0.03671875
3 0.2296875 0.28984375 0.02421875 0.03984375
6 0.1890625 0.2578125 0.03203125 0.05703125
2 0.18671875 0.13359375 0.0234375 0.03046875
4 0.19609375 0.16953125 0.0109375 0.0140625
4 0.19453125 0.15625 0.01171875 0.0140625
4 0.171875 0.11875 0.01015625 0.025
3 0.628125 0.50859375 0.0203125 0.03125
3 0.71484375 0.64921875 0.025 0.040625
3 0.703125 0.63359375 0.0203125 0.03515625
3 0.69609375 0.41875 0.0296875 0.0359375
4 0.67421875 0.13359375 0.01015625 0.0140625
4 0.628125 0.14453125 0.00703125 0.01796875
4 0.63828125 0.1359375 0.00546875 0.015625
4 0.64609375 0.13203125 0.00546875 0.015625
4 0.65234375 0.1296875 0.00546875 0.0203125
4 0.6578125 0.128125 0.0046875 0.015625
4 0.66328125 0.1265625 0.00546875 0.01484375
4 0.66796875 0.1234375 0.00625 0.015625
4 0.671875 0.11640625 0.00625 0.01484375
4 0.678125 0.1140625 0.00546875 0.01796875
4 0.684375 0.10859375 0.0046875 0.01875
4 0.71171875 0.11875 0.01328125 0.01640625
4 0.60625 0.13515625 0.00625 0.01796875
4 0.60703125 0.1609375 0.00546875 0.01875
4 0.58671875 0.20234375 0.00859375 0.01796875
4 0.59921875 0.17734375 0.00546875 0.01796875
4 0.5453125 0.19453125 0.00859375 0.01484375
4 0.55078125 0.18671875 0.00546875 0.01640625
4 0.559375 0.2046875 0.00703125 0.01953125
4 0.571875 0.196875 0.00546875 0.01640625
4 0.57578125 0.19375 0.0046875 0.01796875
4 0.58046875 0.1890625 0.00625 0.01484375
4 0.58671875 0.1765625 0.00546875 0.01875
4 0.59296875 0.17890625 0.00625 0.01875
4 0.5140625 0.2015625 0.00625 0.01953125
3 0.51796875 0.22265625 0.021875 0.028125
4 0.45390625 0.30078125 0.00859375 0.0140625
4 0.453125 0.2890625 0.009375 0.0140625
4 0.46015625 0.28359375 0.0046875 0.01640625
4 0.46953125 0.28203125 0.00859375 0.0140625
4 0.47578125 0.278125 0.00859375 0.01640625
4 0.496875 0.28046875 0.00546875 0.01953125
4 0.434375 0.29609375 0.00703125 0.01875
4 0.44375 0.29296875 0.00546875 0.01484375
4 0.35859375 0.06796875 0.009375 0.01953125
4 0.36796875 0.08359375 0.0109375 0.01796875
4 0.384375 0.11171875 0.00625 0.0203125
4 0.378125 0.1234375 0.00546875 0.01328125
4 0.37578125 0.10703125 0.00703125 0.01640625
4 0.3734375 0.1234375 0.00703125 0.01484375
4 0.3671875 0.134375 0.00703125 0.01875
4 0.37421875 0.146875 0.00625 0.01796875
4 0.36328125 0.121875 0.00625 0.015625
4 0.359375 0.10234375 0.00703125 0.015625
4 0.271875 0.02578125 0.00859375 0.015625
4 0.3390625 0.04609375 0.009375 0.01640625
4 0.34921875 0.05625 0.01015625 0.01875
4 0.3390625 0.07734375 0.009375 0.0140625
4 0.33046875 0.071875 0.0046875 0.01171875
4 0.3265625 0.0671875 0.00703125 0.01796875
4 0.321875 0.0765625 0.009375 0.01015625
4 0.3171875 0.08046875 0.01015625 0.0109375
4 0.30703125 0.08203125 0.009375 0.01796875
4 0.309375 0.09296875 0.009375 0.015625
4 0.33515625 0.13359375 0.00703125 0.0140625
4 0.3421875 0.1296875 0.00703125 0.01484375
4 0.34453125 0.103125 0.00859375 0.015625
4 0.3484375 0.1109375 0.00859375 0.01875
4 0.3359375 0.11171875 0.00859375 0.0203125
4 0.315625 0.10390625 0.00703125 0.01796875
4 0.3203125 0.10625 0.00703125 0.01796875
4 0.34453125 0.14453125 0.00859375 0.02109375
4 0.35546875 0.12578125 0.00859375 0.01640625
4 0.38671875 0.196875 0.009375 0.01640625
4 0.38046875 0.2109375 0.009375 0.0140625
4 0.3359375 0.396875 0.00703125 0.0203125
4 0.3015625 0.4390625 0.01015625 0.01640625
4 0.2234375 0.2390625 0.009375 0.01171875
4 0.23203125 0.24921875 0.00703125 0.01171875
4 0.23828125 0.2453125 0.00703125 0.01875
4 0.14453125 0.1953125 0.00859375 0.01953125
4 0.13984375 0.18671875 0.00859375 0.01796875
4 0.11171875 0.128125 0.009375 0.02578125
3 0.07109375 0.040625 0.03828125 0.0609375
3 0.27578125 0.68203125 0.0140625 0.03046875
4 0.2265625 0.8328125 0.01171875 0.0109375
4 0.22421875 0.846875 0.0109375 0.01171875
4 0.2328125 0.8125 0.009375 0.0109375
4 0.24453125 0.771875 0.01015625 0.01328125