0 0.01953125 0.79140625 0.01875 0.0203125
2 0.071875 0.73203125 0.0234375 0.01953125
4 0.128125 0.721875 0.01328125 0.01640625
1 0.14921875 0.8890625 0.0640625 0.040625
0 0.140625 0.92890625 0.015625 0.0140625
4 0.1265625 0.94453125 0.0140625 0.01328125
0 0.13515625 0.96328125 0.015625 0.01796875
4 0.18046875 0.72421875 0.015625 0.01796875
2 0.21015625 0.8203125 0.021875 0.0234375
5 0.21640625 0.671875 0.05625 0.02890625
5 0.27421875 0.665625 0.05390625 0.03125
2 0.271875 0.81953125 0.02421875 0.021875
4 0.37265625 0.67578125 0.009375 0.00859375
2 0.3765625 0.81796875 0.02578125 0.02890625
2 0.3390625 0.8890625 0.02578125 0.0234375
4 0.40625 0.75859375 0.01015625 0.01328125
4 0.41328125 0.7859375 0.0140625 0.01640625
4 0.446875 0.84296875 0.01640625 0.01640625
4 0.45078125 0.7203125 0.01015625 0.01640625
2 0.459375 0.8984375 0.025 0.02578125
0 0.5046875 0.95390625 0.015625 0.01484375
4 0.52734375 0.81875 0.01015625 0.0203125
4 0.52578125 0.77890625 0.009375 0.01640625
4 0.49921875 0.73359375 0.009375 0.01953125
4 0.53828125 0.70859375 0.00703125 0.01953125
4 0.55703125 0.7359375 0.01015625 0.01796875
4 0.64609375 0.79921875 0.01171875 0.00859375
4 0.68515625 0.8015625 0.0109375 0.01328125
4 0.7015625 0.78984375 0.0109375 0.0140625
2 0.66640625 0.709375 0.0203125 0.01953125
0 0.66875 0.86640625 0.0140625 0.021875
6 0.7359375 0.87421875 0.04375 0.0296875
1 0.94296875 0.87890625 0.06875 0.03828125
4 0.8171875 0.903125 0.01484375 0.01875
2 0.81484375 0.87109375 0.02578125 0.02578125
2 0.8609375 0.83046875 0.02421875 0.02578125
2 0.80625 0.803125 0.02578125 0.028125
4 0.86875 0.715625 0.01328125 0.01484375
2 0.51015625 0.534375 0.01171875 0.03828125
2 0.51796875 0.465625 0.01171875 0.03828125
0 0.46640625 0.13046875 0.00859375 0.0265625
4 0.48046875 0.18828125 0.00703125 0.0234375
2 0.51328125 0.2296875 0.01484375 0.04453125