1 0.1265625 0.83828125 0.0609375 0.0359375
1 0.23046875 0.646875 0.05703125 0.03203125
1 0.2890625 0.6421875 0.05546875 0.02890625
3 0.509375 0.79921875 0.02109375 0.02578125
0 0.1484375 0.93515625 0.015625 0.0234375
0 0.5171875 0.9359375 0.0140625 0.01328125
0 0.58359375 0.89609375 0.01484375 0.01796875
0 0.4734375 0.88828125 0.01953125 0.01875
0 0.48671875 0.3953125 0.00703125 0.0265625
2 0.4140625 0.66171875 0.021875 0.02421875
2 0.45546875 0.721875 0.01953125 0.03203125
2 0.5015625 0.721875 0.01796875 0.03828125
2 0.52265625 0.6953125 0.01328125 0.03984375
2 0.46796875 0.79296875 0.02421875 0.025
2 0.58984375 0.84921875 0.021875 0.0234375
2 0.76640625 0.81953125 0.0203125 0.021875
2 0.75078125 0.875 0.02109375 0.021875
2 0.978125 0.86640625 0.0234375 0.025
2 0.2953125 0.790625 0.02421875 0.021875
2 0.23125 0.79609375 0.0234375 0.02109375
2 0.24765625 0.853125 0.0234375 0.02578125
4 0.31875 0.665625 0.0109375 0.00859375
4 0.0828125 0.9015625 0.0109375 0.01484375
4 0.115625 0.93203125 0.01171875 0.01015625
4 0.11171875 0.759375 0.0140625 0.01015625
4 0.03046875 0.75703125 0.01484375 0.01328125
4 0.09296875 0.77109375 0.01484375 0.01484375
4 0.140625 0.76328125 0.0140625 0.01796875
4 0.2109375 0.87109375 0.01171875 0.0109375
4 0.23515625 0.88359375 0.0109375 0.01328125
4 0.23359375 0.76953125 0.01328125 0.009375
4 0.42578125 0.7703125 0.01484375 0.0109375
4 0.40859375 0.87578125 0.01171875 0.01171875
4 0.46875 0.8640625 0.01171875 0.0140625
4 0.53125 0.8234375 0.01171875 0.01640625
4 0.553125 0.82578125 0.0140625 0.01640625
4 0.5515625 0.8734375 0.01328125 0.01171875
4 0.6109375 0.8796875 0.0109375 0.015625
4 0.6515625 0.890625 0.01328125 0.01015625
4 0.6796875 0.8515625 0.01171875 0.01328125
4 0.703125 0.89921875 0.01015625 0.01171875
4 0.74140625 0.85 0.01328125 0.01171875
4 0.88125 0.9046875 0.01171875 0.01171875
4 0.89296875 0.86796875 0.01484375 0.01171875
4 0.92578125 0.86171875 0.0140625 0.01171875
4 0.82109375 0.81484375 0.0140625 0.01171875
4 0.82109375 0.78671875 0.01328125 0.01171875
4 0.83515625 0.803125 0.01171875 0.01171875
4 0.90625 0.7890625 0.01328125 0.00859375
4 0.90625 0.8015625 0.01171875 0.0109375
4 0.92265625 0.7203125 0.01171875 0.01171875
4 0.85078125 0.7359375 0.0109375 0.00859375
4 0.81484375 0.690625 0.01171875 0.00859375
4 0.8109375 0.70078125 0.01171875 0.00703125
4 0.64453125 0.65625 0.009375 0.01015625
4 0.69375 0.79296875 0.0140625 0.0109375
4 0.734375 0.78515625 0.01171875 0.01171875
4 0.5140625 0.73046875 0.00703125 0.01953125
4 0.50703125 0.73828125 0.00859375 0.015625
4 0.53984375 0.3203125 0.00625 0.02421875