2 0.64453125 0.63828125 0.00859375 0.02578125
2 0.62421875 0.65859375 0.015625 0.01640625
2 0.63203125 0.6828125 0.01640625 0.01484375
2 0.628125 0.71171875 0.00703125 0.02890625
2 0.63671875 0.70703125 0.00859375 0.0265625
2 0.65078125 0.71015625 0.00625 0.034375
2 0.66015625 0.70703125 0.0046875 0.02421875
2 0.671875 0.70625 0.00625 0.025
2 0.6828125 0.70703125 0.00625 0.0265625
2 0.6921875 0.70859375 0.00703125 0.0296875
2 0.684375 0.63828125 0.00625 0.02421875
2 0.6765625 0.640625 0.00703125 0.01953125
2 0.66640625 0.64140625 0.00859375 0.0296875
2 0.65625 0.6390625 0.00625 0.028125
2 0.70390625 0.4984375 0.01484375 0.01171875
2 0.7125 0.4578125 0.01796875 0.01640625
2 0.721875 0.56953125 0.01953125 0.0140625
2 0.66484375 0.5953125 0.0203125 0.015625
2 0.64375 0.596875 0.01796875 0.01796875
2 0.58671875 0.51328125 0.01328125 0.01484375
2 0.578125 0.49296875 0.021875 0.01484375
2 0.53125 0.509375 0.02109375 0.021875
2 0.51328125 0.4765625 0.0203125 0.01640625
0 0.55390625 0.4859375 0.01328125 0.01640625
2 0.28203125 0.55078125 0.0203125 0.0109375
4 0.40703125 0.484375 0.01015625 0.0203125
4 0.43359375 0.49296875 0.009375 0.0234375
4 0.321875 0.4734375 0.00625 0.01875
4 0.2765625 0.471875 0.01171875 0.01875
2 0.48515625 0.57890625 0.01875 0.0203125
2 0.45546875 0.59453125 0.01640625 0.015625
2 0.11953125 0.5421875 0.0203125 0.015625
2 0.071875 0.453125 0.0265625 0.02421875
4 0.06875 0.50859375 0.01171875 0.01328125
4 0.1078125 0.56328125 0.01171875 0.01484375
4 0.76328125 0.5578125 0.0140625 0.01171875
2 0.784375 0.50546875 0.01640625 0.01796875
2 0.8578125 0.50859375 0.0234375 0.02109375
2 0.0296875 0.3984375 0.0109375 0.03515625
2 0.1171875 0.41328125 0.00859375 0.03828125
2 0.13203125 0.415625 0.01171875 0.02578125
2 0.7953125 0.4609375 0.0203125 0.02109375
2 0.81484375 0.45078125 0.01875 0.01953125
2 0.8359375 0.45703125 0.01484375 0.03046875
2 0.85546875 0.45859375 0.01640625 0.01484375
2 0.87578125 0.4578125 0.02109375 0.0203125
2 0.89765625 0.45703125 0.01640625 0.02109375
2 0.9296875 0.4515625 0.0203125 0.02109375
2 0.95390625 0.45390625 0.01796875 0.03046875
2 0.75625 0.596875 0.0234375 0.02890625
2 0.7734375 0.596875 0.01640625 0.01875
2 0.790625 0.596875 0.01875 0.02578125
2 0.81875 0.5984375 0.02578125 0.02578125
2 0.83828125 0.6015625 0.01796875 0.01875
2 0.85546875 0.59453125 0.01640625 0.01640625
2 0.8796875 0.6 0.0203125 0.01484375
2 0.878125 0.62109375 0.02890625 0.03125
2 0.88671875 0.6390625 0.015625 0.02890625
2 0.88828125 0.6625 0.01484375 0.03359375
2 0.8828125 0.68203125 0.0203125 0.01640625
2 0.8828125 0.6984375 0.02421875 0.0234375
2 0.9046875 0.634375 0.009375 0.03125
2 0.93125 0.6359375 0.01640625 0.03359375
2 0.91796875 0.6546875 0.01484375 0.0265625
2 0.9203125 0.728125 0.0203125 0.01875
2 0.9171875 0.75 0.01796875 0.02109375
2 0.91328125 0.7640625 0.021875 0.0265625
2 0.90859375 0.78203125 0.0203125 0.0296875
2 0.90390625 0.8046875 0.01796875 0.03125
2 0.89609375 0.81875 0.01796875 0.01640625
2 0.89921875 0.84140625 0.02421875 0.01484375
2 0.89375 0.85703125 0.025 0.01640625
2 0.88515625 0.88203125 0.021875 0.01953125
2 0.88359375 0.89765625 0.01171875 0.02109375
2 0.878125 0.90234375 0.021875 0.0359375
2 0.8765625 0.9390625 0.02109375 0.02890625
2 0.86796875 0.96953125 0.021875 0.03046875
2 0.86328125 0.98515625 0.01875 0.0296875
4 0.90546875 0.73203125 0.0109375 0.01953125
4 0.89453125 0.79140625 0.00546875 0.01328125
2 0.91484375 0.5078125 0.021875 0.03828125
4 0.8953125 0.48359375 0.01796875 0.01796875
0 0.3578125 0.490625 0.01796875 0.02421875
2 0.4765625 0.50546875 0.02578125 0.02109375
4 0.44453125 0.4625 0.009375 0.009375
5 0.23203125 0.4515625 0.03203125 0.01640625
4 0.12421875 0.45859375 0.01953125 0.0140625
2 0.796875 0.6453125 0.01328125 0.03828125
2 0.975 0.45546875 0.01875 0.01484375
4 0.4234375 0.1859375 0.01015625 0.01015625
4 0.42421875 0.19296875 0.01171875 0.00546875