1 0.52578125 0.503125 0.0484375 0.03359375
1 0.43203125 0.509375 0.05 0.028125
1 0.665625 0.52421875 0.053125 0.02578125
2 0.64296875 0.55703125 0.0203125 0.01953125
2 0.62109375 0.53984375 0.01796875 0.01875
2 0.5984375 0.528125 0.015625 0.01640625
2 0.578125 0.54296875 0.01953125 0.01640625
2 0.6359375 0.68203125 0.01328125 0.03125
2 0.58671875 0.671875 0.009375 0.028125
2 0.6890625 0.553125 0.021875 0.015625
2 0.709375 0.534375 0.021875 0.01875
2 0.71796875 0.57109375 0.01953125 0.01640625
2 0.76640625 0.53203125 0.0203125 0.01640625
2 0.80390625 0.50625 0.02109375 0.01640625
2 0.7546875 0.51171875 0.021875 0.01796875
2 0.35 0.55078125 0.01875 0.01484375
2 0.39921875 0.43515625 0.01953125 0.01796875
2 0.41796875 0.42109375 0.01796875 0.01328125
2 0.409375 0.46171875 0.015625 0.01484375
2 0.43203125 0.45859375 0.01484375 0.015625
2 0.44921875 0.44296875 0.01484375 0.01484375
2 0.43359375 0.403125 0.0203125 0.015625
2 0.4609375 0.41171875 0.01484375 0.0140625
2 0.478125 0.415625 0.01953125 0.0140625
2 0.475 0.43046875 0.01640625 0.01328125
2 0.47109375 0.45625 0.01875 0.0140625
2 0.49140625 0.45078125 0.01796875 0.0140625
2 0.31796875 0.4234375 0.01484375 0.015625
2 0.2765625 0.425 0.01640625 0.015625
2 0.29375 0.4546875 0.0203125 0.01796875
2 0.2234375 0.43125 0.0203125 0.02109375
2 0.33046875 0.43359375 0.01796875 0.015625
2 0.33046875 0.4484375 0.01875 0.015625
2 0.35078125 0.440625 0.01953125 0.01484375
2 0.365625 0.45703125 0.01953125 0.01640625
2 0.371875 0.4421875 0.01484375 0.015625
2 0.38046875 0.42109375 0.01875 0.0140625
2 0.38671875 0.46015625 0.01953125 0.015625
2 0.48515625 0.54609375 0.0203125 0.01640625
2 0.97890625 0.50625 0.01953125 0.02421875
2 0.8953125 0.50703125 0.02109375 0.0234375
0 0.7234375 0.54609375 0.01171875 0.01328125
0 0.57578125 0.64921875 0.00859375 0.01796875
0 0.31640625 0.5671875 0.01171875 0.0140625
0 0.28046875 0.59140625 0.01171875 0.0140625
0 0.32421875 0.46484375 0.01171875 0.01328125
0 0.365625 0.42734375 0.01171875 0.01171875
0 0.3828125 0.4078125 0.01171875 0.0109375
2 0.30703125 0.5515625 0.01796875 0.01796875
0 0.490625 0.4375 0.0109375 0.0109375
0 0.46328125 0.440625 0.01015625 0.01171875
0 0.45703125 0.4296875 0.0109375 0.0109375
0 0.434375 0.44375 0.01171875 0.0109375
0 0.4578125 0.39375 0.01328125 0.0109375
0 0.56875 0.3765625 0.01328125 0.01328125
0 0.73671875 0.3703125 0.01171875 0.015625
0 0.15546875 0.571875 0.0140625 0.01328125
2 0.61953125 0.7578125 0.01171875 0.03671875
2 0.584375 0.7109375 0.009375 0.028125
2 0.584375 0.74921875 0.009375 0.02890625
2 0.57421875 0.7015625 0.009375 0.034375
4 0.2734375 0.5640625 0.01015625 0.009375
4 0.24296875 0.5578125 0.01171875 0.01328125
4 0.2625 0.57109375 0.009375 0.01171875
4 0.33984375 0.5703125 0.01015625 0.01328125
4 0.3515625 0.56640625 0.01015625 0.009375
4 0.23125 0.58671875 0.009375 0.00859375
4 0.2140625 0.5890625 0.00859375 0.00703125
4 0.1640625 0.584375 0.01015625 0.01015625
4 0.35546875 0.4296875 0.009375 0.00859375
4 0.3203125 0.40625 0.01171875 0.009375
4 0.3015625 0.41328125 0.01171875 0.01015625
4 0.240625 0.40234375 0.009375 0.01484375
4 0.31796875 0.44765625 0.00859375 0.01015625
4 0.353125 0.459375 0.009375 0.009375
4 0.43671875 0.4140625 0.009375 0.00703125
4 0.503125 0.43671875 0.0109375 0.00859375
4 0.50625 0.409375 0.00859375 0.00859375
4 0.49921875 0.40546875 0.009375 0.00859375
4 0.50546875 0.39296875 0.00859375 0.00625
4 0.50546875 0.40078125 0.01015625 0.00859375
4 0.5609375 0.5328125 0.01171875 0.0109375
4 0.57421875 0.56015625 0.01171875 0.00859375
4 0.61875 0.55859375 0.01015625 0.009375
4 0.659375 0.5640625 0.009375 0.009375
4 0.659375 0.54453125 0.00859375 0.00859375
4 0.553125 0.54140625 0.0109375 0.01171875
2 0.53046875 0.55546875 0.01796875 0.01640625
4 0.475 0.565625 0.009375 0.01015625
4 0.46328125 0.5671875 0.009375 0.00625
4 0.46328125 0.575 0.009375 0.00625
4 0.52109375 0.56875 0.009375 0.01015625
4 0.578125 0.66796875 0.0046875 0.015625
4 0.80625 0.56640625 0.01171875 0.009375
4 0.81328125 0.55 0.0109375 0.00859375
4 0.71640625 0.515625 0.01015625 0.0109375
4 0.72890625 0.55625 0.009375 0.01015625
4 0.70859375 0.55546875 0.00859375 0.00859375
4 0.69296875 0.578125 0.01015625 0.009375
2 0.66796875 0.59453125 0.0203125 0.03046875
2 0.58046875 0.9421875 0.00859375 0.03125
4 0.5671875 0.87578125 0.00703125 0.015625
0 0.61953125 0.83203125 0.009375 0.025
2 0.22421875 0.57578125 0.01640625 0.01171875
2 0.0921875 0.5515625 0.01875 0.01484375
2 0.1984375 0.3015625 0.01015625 0.03046875
4 0.196875 0.3640625 0.009375 0.009375
4 0.1890625 0.37421875 0.009375 0.009375
0 0.15625 0.40078125 0.01171875 0.01484375
0 0.10625 0.5625 0.01171875 0.01171875
4 0.10703125 0.57890625 0.01015625 0.009375
4 0.378125 0.559375 0.00625 0.00546875
4 0.43984375 0.559375 0.00859375 0.00703125
4 0.3546875 0.39765625 0.00859375 0.01015625
4 0.41953125 0.40390625 0.009375 0.00703125
4 0.446875 0.42109375 0.009375 0.00859375
4 0.4484375 0.40859375 0.00625 0.00859375
4 0.459375 0.384375 0.00703125 0.00546875
4 0.47421875 0.396875 0.00859375 0.00859375
2 0.40078125 0.409375 0.01953125 0.01796875
0 0.41484375 0.446875 0.01171875 0.01015625
0 0.66171875 0.40234375 0.01328125 0.0140625
4 0.859375 0.51953125 0.009375 0.01015625
4 0.82578125 0.41640625 0.0109375 0.01015625
4 0.8359375 0.4015625 0.00859375 0.00859375
4 0.87421875 0.3984375 0.01015625 0.0109375
4 0.78671875 0.359375 0.00859375 0.009375
2 0.784375 0.33828125 0.00859375 0.0265625
2 0.83203125 0.34765625 0.01796875 0.01640625
4 0.965625 0.3640625 0.01171875 0.01015625
2 0.45078125 0.45859375 0.0140625 0.01171875
4 0.0265625 0.5671875 0.01015625 0.00859375
4 0.040625 0.55625 0.00703125 0.00859375