2 0.13125 0.18203125 0.01484375 0.04375
2 0.27421875 0.2546875 0.0203125 0.03046875
2 0.275 0.29140625 0.025 0.03125
2 0.296875 0.42421875 0.01171875 0.0515625
2 0.29453125 0.4859375 0.01171875 0.0359375
2 0.27578125 0.53515625 0.01875 0.01640625
2 0.33671875 0.546875 0.01875 0.0203125
2 0.19921875 0.54453125 0.0296875 0.0140625
2 0.15390625 0.52734375 0.03359375 0.01484375
2 0.11875 0.50546875 0.02421875 0.02578125
2 0.0890625 0.63359375 0.01796875 0.03203125
2 0.08671875 0.54140625 0.01953125 0.0234375
4 0.12109375 0.53125 0.00859375 0.009375
4 0.10625 0.5546875 0.01328125 0.0140625
4 0.20546875 0.5890625 0.01328125 0.01328125
4 0.23671875 0.53046875 0.01171875 0.01328125
4 0.20703125 0.515625 0.00859375 0.01484375
4 0.20625 0.49609375 0.015625 0.01171875
0 0.18359375 0.5109375 0.01484375 0.0140625
0 0.24140625 0.49609375 0.01875 0.021875
0 0.184375 0.53046875 0.01875 0.0140625
0 0.18984375 0.60078125 0.021875 0.01484375
2 0.18046875 0.63359375 0.01640625 0.015625
2 0.153125 0.55 0.02578125 0.01875
2 0.284375 0.58046875 0.02421875 0.01953125
0 0.27890625 0.62109375 0.01171875 0.03203125
2 0.3109375 0.64921875 0.01640625 0.03828125
2 0.3046875 0.859375 0.01328125 0.02421875
2 0.30859375 0.91875 0.0203125 0.02421875
2 0.30625 0.93671875 0.0203125 0.02109375
4 0.3765625 0.51640625 0.009375 0.01796875
0 0.403125 0.52890625 0.01640625 0.01171875
2 0.41875 0.54375 0.01796875 0.01796875
0 0.55234375 0.52578125 0.015625 0.02109375
0 0.54140625 0.6234375 0.0203125 0.01953125
2 0.61484375 0.53671875 0.021875 0.01875
2 0.61328125 0.4796875 0.0203125 0.01484375
2 0.5953125 0.496875 0.0234375 0.01796875
4 0.58671875 0.51875 0.01171875 0.01171875
4 0.6265625 0.51328125 0.01796875 0.0140625
2 0.66328125 0.5046875 0.02109375 0.04296875
2 0.68515625 0.47890625 0.021875 0.015625
2 0.66796875 0.48125 0.01796875 0.021875
2 0.7234375 0.478125 0.01875 0.01484375
2 0.7453125 0.478125 0.01953125 0.01484375
2 0.7640625 0.46875 0.0140625 0.03125
2 0.7859375 0.47109375 0.01796875 0.04375
2 0.74453125 0.528125 0.01953125 0.01640625
2 0.77109375 0.534375 0.0203125 0.01015625
2 0.69921875 0.5953125 0.01796875 0.021875
2 0.80234375 0.5109375 0.02109375 0.01875
2 0.82578125 0.51640625 0.0140625 0.025
4 0.84375 0.56171875 0.01171875 0.015625
4 0.8859375 0.3953125 0.00859375 0.015625
4 0.89140625 0.39921875 0.00625 0.015625
4 0.903125 0.40546875 0.00703125 0.01875
4 0.90703125 0.40625 0.00546875 0.015625
4 0.91171875 0.40703125 0.003125 0.01640625
4 0.9140625 0.4015625 0.00703125 0.01640625
4 0.85703125 0.39140625 0.01171875 0.01796875
4 0.85703125 0.39609375 0.00546875 0.01484375
4 0.84453125 0.41796875 0.01015625 0.01796875
4 0.8265625 0.42265625 0.00703125 0.02421875
4 0.81953125 0.41953125 0.00859375 0.01953125
4 0.81328125 0.42109375 0.0046875 0.01875
4 0.809375 0.41953125 0.01015625 0.025
4 0.80546875 0.421875 0.00859375 0.01875
4 0.953125 0.54453125 0.01328125 0.01875
4 0.9734375 0.56640625 0.01328125 0.01328125
4 0.97421875 0.5796875 0.0140625 0.01484375
4 0.96796875 0.496875 0.01015625 0.021875
5 0.98984375 0.4765625 0.01875 0.03984375
2 0.9171875 0.52109375 0.02578125 0.0140625
2 0.9421875 0.52421875 0.01640625 0.0265625
2 0.88125 0.53203125 0.0234375 0.0203125
2 0.865625 0.5078125 0.02890625 0.01953125
0 0.84453125 0.53125 0.01796875 0.01796875
2 0.84296875 0.62578125 0.01015625 0.0296875
2 0.86484375 0.61640625 0.01796875 0.01640625
2 0.88515625 0.6140625 0.01875 0.01484375
2 0.90390625 0.61796875 0.01875 0.01875
2 0.9 0.63828125 0.0234375 0.01484375
2 0.92578125 0.55546875 0.0203125 0.03046875
2 0.92109375 0.478125 0.01953125 0.02421875
2 0.86171875 0.46484375 0.01953125 0.034375
2 0.6328125 0.56796875 0.01796875 0.01875
0 0.66484375 0.58828125 0.021875 0.021875
2 0.9796875 0.54375 0.0203125 0.01328125
0 0.915625 0.503125 0.01953125 0.01171875
4 0.80546875 0.67578125 0.00703125 0.015625
4 0.796875 0.66875 0.00625 0.01328125
4 0.884375 0.6765625 0.00390625 0.01875
4 0.89765625 0.6625 0.00546875 0.0234375
4 0.87578125 0.67421875 0.0046875 0.015625
4 0.87890625 0.67421875 0.00546875 0.01640625
4 0.8140625 0.6890625 0.00546875 0.0140625
4 0.809375 0.68828125 0.00546875 0.0140625
4 0.8 0.68828125 0.00625 0.01328125
4 0.915625 0.66953125 0.0046875 0.0140625
4 0.8984375 0.6984375 0.00859375 0.01875
0 0.31875 0.528125 0.0203125 0.021875
4 0.28046875 0.52109375 0.01015625 0.0109375
4 0.28203125 0.47109375 0.0140625 0.0140625