1 0.228125 0.64921875 0.05546875 0.03125
1 0.284375 0.64375 0.05546875 0.03125
3 0.57734375 0.859375 0.02890625 0.02890625
3 0.50078125 0.87578125 0.0203125 0.02578125
3 0.85078125 0.86171875 0.0296875 0.02578125
1 0.028125 0.8296875 0.0546875 0.03515625
2 0.053125 0.7046875 0.021875 0.015625
2 0.10234375 0.69765625 0.021875 0.01953125
2 0.115625 0.853125 0.0265625 0.028125
2 0.2703125 0.75625 0.0203125 0.0203125
2 0.384375 0.790625 0.02109375 0.021875
2 0.43828125 0.90078125 0.02109375 0.02578125
2 0.44609375 0.86640625 0.02421875 0.02578125
2 0.51875 0.746875 0.01796875 0.03671875
2 0.5265625 0.65078125 0.01484375 0.04375
2 0.5171875 0.81953125 0.01328125 0.0453125
2 0.72578125 0.88046875 0.0234375 0.02578125
2 0.8046875 0.88359375 0.0234375 0.02421875
2 0.9046875 0.85625 0.02578125 0.021875
2 0.94296875 0.7984375 0.02890625 0.0234375
2 0.5234375 0.23125 0.0109375 0.0453125
2 0.521875 0.38515625 0.01171875 0.04453125
0 0.1515625 0.6859375 0.015625 0.0140625
0 0.0828125 0.75703125 0.015625 0.0140625
0 0.14765625 0.93125 0.01796875 0.01796875
0 0.5078125 0.92890625 0.01171875 0.01328125
0 0.6265625 0.8953125 0.01484375 0.01796875
0 0.83671875 0.70703125 0.01484375 0.01796875
4 0.04140625 0.8890625 0.01015625 0.01171875
4 0.0234375 0.7859375 0.01328125 0.0109375
4 0.09140625 0.78046875 0.01484375 0.0140625
4 0.4328125 0.65703125 0.01171875 0.0109375
4 0.4734375 0.753125 0.00703125 0.02109375
4 0.3109375 0.7734375 0.01328125 0.0140625
4 0.11484375 0.9265625 0.0109375 0.0109375
4 0.2734375 0.86171875 0.01171875 0.0109375
4 0.55859375 0.7125 0.01015625 0.0234375
4 0.596875 0.76796875 0.01171875 0.01171875
4 0.62109375 0.75703125 0.01328125 0.0140625
4 0.678125 0.84453125 0.0140625 0.01484375
4 0.74375 0.84921875 0.0140625 0.0109375
4 0.79453125 0.85078125 0.01484375 0.0140625
4 0.9546875 0.715625 0.0140625 0.01328125
4 0.83359375 0.73359375 0.01171875 0.009375
4 0.821875 0.72109375 0.01171875 0.01015625
4 0.78125 0.709375 0.01171875 0.01015625
4 0.7578125 0.68203125 0.0109375 0.0109375
4 0.740625 0.67890625 0.009375 0.01015625
4 0.6734375 0.68671875 0.01171875 0.009375
4 0.603125 0.659375 0.0109375 0.009375
4 0.5765625 0.6703125 0.0109375 0.0109375
4 0.53203125 0.31171875 0.00703125 0.02890625
4 0.48203125 0.0515625 0.00703125 0.025
4 0.48125 0.525 0.00703125 0.02421875
4 0.528125 0.54453125 0.00703125 0.021875