4 0.1234375 0.746875 0.01796875 0.03046875
4 0.18515625 0.7453125 0.01640625 0.0296875
4 0.17578125 0.89609375 0.01328125 0.028125
4 0.078125 0.85078125 0.01640625 0.02890625
4 0.44453125 0.75390625 0.0234375 0.03203125
4 0.459375 0.6140625 0.01015625 0.02890625
0 0.07265625 0.909375 0.01953125 0.03203125
0 0.4296875 0.796875 0.01875 0.0265625
2 0.51796875 0.821875 0.02421875 0.04140625
3 0.50625 0.875 0.03203125 0.0453125
4 0.5171875 0.17421875 0.01640625 0.046875
0 0.59921875 0.85078125 0.01953125 0.0296875
4 0.64296875 0.9015625 0.01640625 0.02578125
4 0.76171875 0.89375 0.01953125 0.02578125
2 0.63828125 0.78828125 0.03125 0.03984375
2 0.69140625 0.79921875 0.025 0.03359375
2 0.76015625 0.8125 0.03125 0.034375
2 0.81484375 0.81875 0.0265625 0.03203125
2 0.88828125 0.8234375 0.028125 0.03203125
4 0.83359375 0.77578125 0.01875 0.03203125
4 0.8203125 0.89921875 0.0234375 0.03203125
4 0.85703125 0.9140625 0.021875 0.02890625
4 0.91640625 0.86640625 0.021875 0.03046875
4 0.93359375 0.8109375 0.02578125 0.03359375
4 0.98515625 0.87421875 0.01796875 0.02578125