2 0.18359375 0.796875 0.01640625 0.01484375
2 0.13359375 0.7859375 0.01875 0.0140625
4 0.1484375 0.83203125 0.00703125 0.00625
4 0.13984375 0.82109375 0.00625 0.00625
4 0.115625 0.8375 0.00703125 0.00625
6 0.02421875 0.78359375 0.0484375 0.0234375
4 0.2546875 0.83046875 0.00859375 0.009375
4 0.37578125 0.82578125 0.00859375 0.00703125
6 0.5015625 0.78828125 0.034375 0.021875
2 0.515625 0.80625 0.01640625 0.0140625
0 0.51875 0.8234375 0.01015625 0.0109375
0 0.54921875 0.83671875 0.01015625 0.01171875
2 0.634375 0.790625 0.01640625 0.01484375
3 0.628125 0.834375 0.0140625 0.0140625
4 0.653125 0.83046875 0.00546875 0.00625
6 0.66953125 0.815625 0.0265625 0.0203125
2 0.6921875 0.865625 0.01796875 0.015625
6 0.809375 0.81875 0.04609375 0.021875
4 0.815625 0.84921875 0.00859375 0.00703125
4 0.85234375 0.84765625 0.00703125 0.00625
4 0.86953125 0.83359375 0.00859375 0.00703125
4 0.040625 0.66640625 0.0109375 0.00859375
4 0.11484375 0.70078125 0.00859375 0.00703125
6 0.0859375 0.59921875 0.040625 0.0203125
2 0.2859375 0.59375 0.01640625 0.01796875
2 0.309375 0.59609375 0.01875 0.01328125
1 0.390625 0.63046875 0.05078125 0.021875
2 0.42109375 0.6640625 0.01640625 0.01328125
4 0.4546875 0.68671875 0.00859375 0.00703125
4 0.4890625 0.6859375 0.00859375 0.00625
4 0.5125 0.6875 0.00625 0.00703125
2 0.51015625 0.725 0.015625 0.0140625
6 0.52890625 0.7078125 0.0359375 0.02109375
6 0.5390625 0.6796875 0.03359375 0.01875
6 0.5984375 0.68203125 0.02890625 0.0203125
6 0.63671875 0.72109375 0.03828125 0.02109375
6 0.703125 0.6953125 0.0390625 0.0234375
6 0.90078125 0.73125 0.034375 0.01796875
6 0.909375 0.703125 0.04296875 0.01875
5 0.9796875 0.70234375 0.040625 0.0203125
2 0.97109375 0.60234375 0.01875 0.01328125
2 0.90703125 0.56796875 0.015625 0.01328125
2 0.9109375 0.484375 0.00859375 0.025
2 0.865625 0.52421875 0.00703125 0.0265625
2 0.88046875 0.67421875 0.0203125 0.01484375
2 0.821875 0.7203125 0.01640625 0.0140625
2 0.78828125 0.728125 0.01796875 0.01484375
2 0.63515625 0.62734375 0.01640625 0.0109375
2 0.6765625 0.59921875 0.01171875 0.01171875
2 0.6140625 0.59140625 0.01484375 0.01640625
2 0.5828125 0.62421875 0.01640625 0.01484375
2 0.571875 0.65625 0.015625 0.0203125
2 0.53203125 0.61796875 0.01796875 0.01796875
2 0.503125 0.61796875 0.0140625 0.01484375
2 0.45703125 0.61171875 0.0140625 0.02890625
2 0.484375 0.478125 0.009375 0.03046875
2 0.48046875 0.3890625 0.00703125 0.02890625
2 0.45390625 0.321875 0.00625 0.02421875
2 0.44296875 0.29140625 0.01484375 0.01796875
2 0.446875 0.271875 0.01484375 0.01875
2 0.446875 0.24453125 0.01484375 0.0203125
2 0.43203125 0.1921875 0.01484375 0.01640625
2 0.44609375 0.18125 0.01640625 0.01796875
2 0.43671875 0.15625 0.01484375 0.0109375
2 0.44609375 0.046875 0.00703125 0.0265625
2 0.503125 0.38515625 0.00859375 0.028125
2 0.54140625 0.35625 0.01015625 0.025
2 0.53359375 0.3796875 0.00703125 0.0265625
2 0.54921875 0.45703125 0.00546875 0.021875
0 0.81328125 0.6734375 0.01015625 0.01015625
3 0.784375 0.6015625 0.01875 0.0140625
4 0.76640625 0.63203125 0.00859375 0.00625
0 0.6125 0.609375 0.009375 0.0109375
4 0.59453125 0.609375 0.00859375 0.00546875
6 0.53125 0.56640625 0.01875 0.0515625
0 0.52890625 0.5265625 0.00703125 0.01796875
4 0.496875 0.553125 0.0046875 0.009375
0 0.44921875 0.54453125 0.00625 0.01875
0 0.440625 0.4890625 0.0109375 0.0109375
0 0.45234375 0.490625 0.009375 0.0140625
0 0.453125 0.50625 0.00703125 0.01484375
4 0.4609375 0.4359375 0.00390625 0.0140625
4 0.459375 0.41171875 0.00546875 0.0140625
3 0.4578125 0.36171875 0.00703125 0.034375
6 0.4765625 0.2875 0.0109375 0.0546875
4 0.42421875 0.265625 0.00703125 0.00703125
4 0.44296875 0.32734375 0.00625 0.00625
4 0.4421875 0.30859375 0.00703125 0.00625
4 0.434375 0.31875 0.0046875 0.01171875
4 0.42578125 0.31015625 0.00546875 0.01171875
4 0.4234375 0.24921875 0.00625 0.00703125
4 0.44375 0.19921875 0.00625 0.00859375
4 0.428125 0.24296875 0.00625 0.00625
4 0.4234375 0.22578125 0.00625 0.00859375
4 0.45078125 0.15546875 0.00625 0.00703125
4 0.446875 0.16796875 0.00625 0.0046875
0 0.4515625 0.1984375 0.009375 0.01328125
2 0.46328125 0.22109375 0.00703125 0.028125
3 0.4359375 0.04375 0.00703125 0.03046875
4 0.45859375 0.04453125 0.00390625 0.01328125
6 0.4734375 0.05859375 0.01328125 0.053125
6 0.53359375 0.146875 0.0140625 0.0734375
6 0.5171875 0.36875 0.009375 0.04296875
6 0.51640625 0.44140625 0.01171875 0.06171875
3 0.53671875 0.43046875 0.00859375 0.034375
3 0.55546875 0.534375 0.015625 0.0234375
2 0.33984375 0.42265625 0.01171875 0.0109375
2 0.3390625 0.44140625 0.01171875 0.0109375
3 0.4234375 0.11796875 0.015625 0.01640625