2 0.34140625 0.29375 0.015625 0.0140625
2 0.39296875 0.221875 0.01484375 0.015625
2 0.403125 0.25703125 0.009375 0.01640625
2 0.50703125 0.33125 0.0046875 0.0265625
2 0.51875 0.33046875 0.00625 0.0265625
2 0.55859375 0.3203125 0.00625 0.02421875
2 0.56796875 0.32109375 0.00625 0.021875
4 0.584375 0.30390625 0.003125 0.0140625
4 0.57890625 0.30625 0.003125 0.01796875
4 0.57578125 0.2984375 0.0015625 0.01015625
4 0.571875 0.29296875 0.003125 0.01171875
4 0.56875 0.28515625 0.003125 0.01171875
4 0.56953125 0.3 0.003125 0.01171875
4 0.5484375 0.28125 0.003125 0.01171875
4 0.546875 0.29609375 0.003125 0.0140625
4 0.54296875 0.2953125 0.003125 0.0140625
4 0.5390625 0.296875 0.003125 0.0140625
4 0.52890625 0.28125 0.003125 0.0140625
4 0.53203125 0.28203125 0.0015625 0.01171875
4 0.52578125 0.28125 0.003125 0.01484375
4 0.51875 0.28046875 0.003125 0.01328125
4 0.52578125 0.23203125 0.003125 0.009375
4 0.53046875 0.23125 0.0015625 0.00859375
4 0.53359375 0.23125 0.003125 0.00859375
4 0.54140625 0.23125 0.003125 0.0109375
4 0.54609375 0.23125 0.003125 0.0140625
4 0.565625 0.24296875 0.003125 0.0140625
4 0.56796875 0.24296875 0.003125 0.01484375
4 0.57421875 0.24453125 0.003125 0.01328125
4 0.57890625 0.24296875 0.003125 0.01328125
4 0.58203125 0.24296875 0.003125 0.0140625
4 0.4109375 0.27421875 0.003125 0.0109375
4 0.4140625 0.27421875 0.003125 0.01171875
4 0.41875 0.2640625 0.0015625 0.0109375
4 0.43359375 0.209375 0.0046875 0.0109375
4 0.6890625 0.41484375 0.009375 0.009375
4 0.74765625 0.39921875 0.00546875 0.00625
5 0.71796875 0.384375 0.04375 0.01484375
5 0.66171875 0.3859375 0.0390625 0.01875
4 0.87265625 0.4296875 0.00625 0.00625
2 0.9515625 0.396875 0.01328125 0.0109375
2 0.99765625 0.3984375 0.0046875 0.0125
4 0.96796875 0.23671875 0.00625 0.01171875
3 0.99375 0.29296875 0.00703125 0.025
3 0.8453125 0.12109375 0.00859375 0.025
4 0.065625 0.478125 0.00703125 0.00703125
2 0.09765625 0.48515625 0.0140625 0.0109375
2 0.378125 0.53359375 0.0109375 0.009375
2 0.3484375 0.4640625 0.01171875 0.009375
6 0.396875 0.55078125 0.0234375 0.01484375
6 0.48203125 0.4765625 0.03359375 0.01796875
3 0.428125 0.5640625 0.01640625 0.01171875
4 0.5265625 0.5515625 0.00625 0.00625
5 0.63359375 0.45546875 0.04296875 0.01640625
3 0.71171875 0.490625 0.01796875 0.01328125
2 0.828125 0.490625 0.01484375 0.0140625
5 0.96484375 0.559375 0.06875 0.01953125
3 0.98046875 0.48671875 0.01875 0.01171875
2 0.93671875 0.79375 0.00859375 0.01171875
2 0.93671875 0.809375 0.01015625 0.0140625
2 0.98828125 0.80703125 0.01171875 0.021875
2 0.978125 0.85703125 0.0109375 0.01875
2 0.96171875 0.86640625 0.00859375 0.02578125
2 0.95390625 0.89453125 0.00625 0.0234375
2 0.94609375 0.90078125 0.00703125 0.025
2 0.9734375 0.915625 0.00703125 0.021875
4 0.91953125 0.58046875 0.00625 0.00859375
4 0.86796875 0.578125 0.00703125 0.0046875
4 0.790625 0.62421875 0.00859375 0.00703125
4 0.753125 0.58359375 0.00625 0.00859375
6 0.88515625 0.6359375 0.0359375 0.01640625
0 0.82265625 0.64453125 0.009375 0.00859375
0 0.75625 0.66796875 0.01484375 0.01171875
0 0.80859375 0.59609375 0.01015625 0.0109375
0 0.8203125 0.6015625 0.009375 0.00703125
2 0.71953125 0.65390625 0.00625 0.02109375
2 0.675 0.63359375 0.00625 0.0234375
2 0.66796875 0.63515625 0.00703125 0.02421875
2 0.68046875 0.67109375 0.00703125 0.02421875
3 0.68359375 0.6234375 0.00859375 0.021875
3 0.71796875 0.89609375 0.00859375 0.0296875
3 0.75859375 0.853125 0.01953125 0.0140625
6 0.71640625 0.60390625 0.02578125 0.0203125
4 0.61875 0.609375 0.00859375 0.00703125
4 0.57421875 0.60703125 0.00703125 0.00703125
2 0.578125 0.62578125 0.01171875 0.0109375
6 0.4953125 0.62421875 0.02578125 0.015625
0 0.33046875 0.61796875 0.01015625 0.01171875
1 0.28671875 0.60703125 0.02890625 0.015625
5 0.28046875 0.6421875 0.0296875 0.01640625
5 0.146875 0.65078125 0.0359375 0.01796875
5 0.121875 0.68671875 0.03515625 0.02109375
5 0.0671875 0.74296875 0.01484375 0.05
5 0.0359375 0.75625 0.0109375 0.05
5 0.034375 0.94453125 0.0109375 0.04609375
4 0.21640625 0.6265625 0.00546875 0.00859375
2 0.00546875 0.83984375 0.01015625 0.01953125