3 0.06015625 0.89296875 0.01796875 0.0296875
2 0.07421875 0.81328125 0.015625 0.025
2 0.0765625 0.8390625 0.015625 0.02421875
2 0.03984375 0.9828125 0.01640625 0.02109375
2 0.0265625 0.98671875 0.015625 0.02421875
4 0.17421875 0.99375 0.00625 0.01171875
4 0.30859375 0.73828125 0.00625 0.01328125
4 0.3359375 0.68828125 0.00703125 0.01015625
0 0.453125 0.78828125 0.009375 0.01484375
2 0.47734375 0.734375 0.015625 0.021875
2 0.55546875 0.72265625 0.01328125 0.01640625
2 0.57734375 0.7046875 0.015625 0.02421875
2 0.5859375 0.69296875 0.0140625 0.0234375
2 0.553125 0.625 0.0109375 0.025
2 0.53359375 0.61171875 0.01171875 0.0203125
2 0.53359375 0.64296875 0.0140625 0.025
2 0.55390625 0.66171875 0.01328125 0.0234375
4 0.56640625 0.66328125 0.00546875 0.01015625
4 0.65078125 0.71953125 0.00625 0.0109375
4 0.60546875 0.715625 0.0046875 0.00859375
0 0.69453125 0.88125 0.009375 0.01796875
0 0.69921875 0.771875 0.00859375 0.015625
0 0.6734375 0.70390625 0.00625 0.015625
0 0.6015625 0.60234375 0.00859375 0.015625
0 0.6265625 0.5703125 0.00859375 0.01328125
0 0.5828125 0.53359375 0.00859375 0.01328125
0 0.771875 0.32109375 0.009375 0.01640625
0 0.6671875 0.3375 0.00703125 0.01171875
0 0.93203125 0.04921875 0.0109375 0.01953125
0 0.89921875 0.08046875 0.01015625 0.01953125
0 0.83828125 0.07734375 0.0109375 0.01796875
0 0.8140625 0.0140625 0.01015625 0.01875
0 0.5703125 0.4625 0.00859375 0.0140625
0 0.41328125 0.31875 0.00859375 0.01796875
0 0.38046875 0.240625 0.00859375 0.015625
0 0.29609375 0.24453125 0.009375 0.01640625
0 0.321875 0.29453125 0.00859375 0.01484375
0 0.32734375 0.30390625 0.00859375 0.01875
0 0.26953125 0.1859375 0.009375 0.01484375
0 0.26875 0.11328125 0.009375 0.015625
0 0.27578125 0.04453125 0.009375 0.01875
5 0.33515625 0.109375 0.0265625 0.0359375
5 0.40703125 0.15078125 0.021875 0.040625
2 0.3640625 0.1421875 0.01328125 0.021875
2 0.2890625 0.0890625 0.009375 0.01875
4 0.20390625 0.03671875 0.00625 0.01015625
4 0.26328125 0.05859375 0.00703125 0.01328125
4 0.26171875 0.1171875 0.00546875 0.009375
4 0.29375 0.16328125 0.00625 0.01171875
4 0.3265625 0.12890625 0.00703125 0.01171875
4 0.3234375 0.13828125 0.00703125 0.01015625
4 0.28671875 0.17421875 0.0046875 0.00703125
4 0.2984375 0.2015625 0.00546875 0.01015625
4 0.31796875 0.2609375 0.0046875 0.0109375
4 0.3984375 0.215625 0.00703125 0.01015625
4 0.38671875 0.22421875 0.0046875 0.009375
4 0.38828125 0.24296875 0.0046875 0.00859375
4 0.37421875 0.24609375 0.0046875 0.01015625
4 0.38359375 0.2609375 0.00546875 0.01015625
4 0.409375 0.24453125 0.00703125 0.01171875
4 0.49296875 0.1109375 0.00625 0.01015625
4 0.4125 0.25546875 0.00390625 0.00703125
4 0.39921875 0.25234375 0.00625 0.009375
4 0.403125 0.2625 0.0046875 0.00859375
4 0.40625 0.275 0.0046875 0.01328125
4 0.39375 0.28125 0.0046875 0.009375
2 0.38359375 0.2796875 0.01484375 0.0265625
2 0.44921875 0.13828125 0.01328125 0.025
2 0.40078125 0.30234375 0.0140625 0.02421875
2 0.43125 0.3109375 0.00703125 0.025
2 0.45390625 0.3359375 0.0140625 0.03046875
4 0.390625 0.303125 0.00546875 0.01171875
4 0.37109375 0.35390625 0.00546875 0.01015625
4 0.353125 0.36171875 0.00546875 0.0109375
4 0.4078125 0.3953125 0.0046875 0.0109375
4 0.40625 0.515625 0.00625 0.0109375
4 0.384375 0.54375 0.0046875 0.00703125
4 0.378125 0.55390625 0.00546875 0.01171875
4 0.35625 0.5734375 0.00390625 0.01171875
4 0.11171875 0.99765625 0.0046875 0.0046875
0 0.37578125 0.5109375 0.009375 0.01796875
2 0.36328125 0.515625 0.01484375 0.03125
2 0.246875 0.51796875 0.01328125 0.02109375
2 0.334375 0.42109375 0.01640625 0.01875
2 0.384375 0.478125 0.01015625 0.02578125
2 0.38515625 0.51171875 0.01328125 0.02421875
2 0.39140625 0.52578125 0.01328125 0.02421875
2 0.3984375 0.53828125 0.01484375 0.0234375
2 0.38515625 0.559375 0.01328125 0.0234375
2 0.365625 0.57421875 0.01484375 0.028125
2 0.34765625 0.54765625 0.01328125 0.0203125
2 0.4296875 0.428125 0.0140625 0.025
2 0.38671875 0.36953125 0.01171875 0.0234375
2 0.39765625 0.353125 0.01171875 0.021875
2 0.35859375 0.38515625 0.01484375 0.02109375
2 0.6265625 0.23046875 0.01640625 0.028125
2 0.68984375 0.08671875 0.01328125 0.021875
2 0.73671875 0.02109375 0.01328125 0.0203125
2 0.91953125 0.0265625 0.01484375 0.03203125
4 0.92578125 0.0390625 0.00546875 0.0140625
4 0.896875 0.1046875 0.00625 0.0140625
4 0.68671875 0.06953125 0.00546875 0.009375
4 0.634375 0.16875 0.0046875 0.009375
4 0.61953125 0.2015625 0.0046875 0.00703125
4 0.63203125 0.3484375 0.00625 0.0109375
4 0.63671875 0.45078125 0.00546875 0.009375
4 0.63828125 0.45703125 0.00546875 0.00859375
4 0.61171875 0.471875 0.00546875 0.0109375
4 0.61640625 0.478125 0.00546875 0.009375
4 0.61640625 0.48671875 0.00546875 0.00859375
4 0.609375 0.50234375 0.00546875 0.01015625
4 0.6015625 0.51171875 0.0046875 0.00625
4 0.5953125 0.509375 0.00546875 0.00859375
4 0.5890625 0.509375 0.00546875 0.009375
4 0.5890625 0.51953125 0.00546875 0.01015625
4 0.59140625 0.521875 0.00390625 0.009375
4 0.67578125 0.34375 0.00546875 0.01015625
4 0.68984375 0.31171875 0.0046875 0.00703125
4 0.740625 0.365625 0.00625 0.009375
2 0.49375 0.55546875 0.0140625 0.025
2 0.5265625 0.47421875 0.01640625 0.0265625
0 0.62421875 0.46484375 0.00859375 0.0140625
2 0.69921875 0.290625 0.0140625 0.0234375
2 0.6859375 0.33125 0.01484375 0.025
2 0.678125 0.321875 0.0140625 0.021875
2 0.6671875 0.36328125 0.0140625 0.02109375
2 0.65703125 0.359375 0.01171875 0.0234375
2 0.66640625 0.38515625 0.01484375 0.02578125
2 0.66171875 0.415625 0.01328125 0.02421875
2 0.653125 0.3859375 0.01171875 0.0203125
2 0.6484375 0.4109375 0.015625 0.02578125
2 0.63828125 0.390625 0.0140625 0.0234375
2 0.62734375 0.41484375 0.01484375 0.025
2 0.62578125 0.440625 0.015625 0.025
2 0.61328125 0.43671875 0.01171875 0.021875
2 0.5984375 0.4609375 0.0140625 0.021875
2 0.60625 0.46796875 0.0140625 0.02421875
2 0.60546875 0.49140625 0.01484375 0.02421875
2 0.59453125 0.48984375 0.015625 0.02578125
2 0.584375 0.4859375 0.01328125 0.02109375
0 0.61328125 0.39609375 0.0109375 0.01953125