0 0.3453125 0.58203125 0.01484375 0.01640625
4 0.0859375 0.05390625 0.0140625 0.03046875
4 0.00546875 0.1046875 0.009375 0.02578125
4 0.00625 0.02890625 0.01015625 0.025
4 0.01328125 0.00859375 0.01328125 0.01171875
2 0.03359375 0.296875 0.0203125 0.0515625
2 0.00859375 0.32109375 0.01640625 0.0484375
2 0.14921875 0.2828125 0.01875 0.04453125
5 0.046875 0.4171875 0.03984375 0.03203125
4 0.0984375 0.4015625 0.01171875 0.02578125
4 0.13046875 0.390625 0.01796875 0.02890625
4 0.03359375 0.53359375 0.01640625 0.0140625
2 0.025 0.54921875 0.0265625 0.0203125
2 0.05546875 0.56015625 0.0265625 0.025
4 0.021875 0.5796875 0.01640625 0.01796875
2 0.04609375 0.584375 0.02890625 0.02421875
2 0.18359375 0.578125 0.034375 0.025
2 0.19140625 0.4453125 0.0234375 0.0203125
5 0.19921875 0.490625 0.0265625 0.021875
0 0.19375 0.3921875 0.01796875 0.01640625
3 0.26015625 0.46640625 0.059375 0.03828125
4 0.2984375 0.4390625 0.0140625 0.01171875
4 0.29921875 0.54296875 0.0140625 0.01171875
2 0.34375 0.4765625 0.025 0.021875
5 0.35546875 0.4140625 0.0265625 0.0203125
2 0.40078125 0.425 0.021875 0.0203125
2 0.41328125 0.4484375 0.028125 0.021875
2 0.4984375 0.3734375 0.0265625 0.025
0 0.48203125 0.43515625 0.01875 0.021875
2 0.46796875 0.46171875 0.021875 0.0234375
2 0.5359375 0.45546875 0.0234375 0.025
0 0.57734375 0.42421875 0.01640625 0.01875
2 0.58828125 0.446875 0.02421875 0.021875
0 0.6171875 0.4515625 0.01796875 0.0203125
0 0.65234375 0.390625 0.01640625 0.01796875
2 0.6734375 0.415625 0.028125 0.021875
4 0.7078125 0.40078125 0.01484375 0.01484375
4 0.759375 0.39921875 0.01484375 0.01484375
2 0.821875 0.3890625 0.028125 0.021875
4 0.87421875 0.390625 0.0140625 0.01640625
4 0.83671875 0.36328125 0.01171875 0.01328125
4 0.8890625 0.36640625 0.0140625 0.015625
4 0.890625 0.39296875 0.01484375 0.01875
2 0.896875 0.325 0.02890625 0.02421875
2 0.94140625 0.40546875 0.0296875 0.02421875
2 0.97890625 0.31796875 0.034375 0.0234375
4 0.99296875 0.35703125 0.0140625 0.0203125
2 0.7734375 0.24453125 0.02890625 0.02578125
2 0.765625 0.16171875 0.02421875 0.0265625
4 0.88984375 0.50859375 0.01796875 0.0234375