6 0.3453125 0.6765625 0.02578125 0.04296875
2 0.6359375 0.3390625 0.01796875 0.034375
1 0.44609375 0.38125 0.04453125 0.09140625
2 0.40234375 0.58203125 0.01953125 0.02890625
0 0.33671875 0.525 0.01484375 0.01875
2 0.18515625 0.790625 0.01640625 0.03046875
4 0.38671875 0.5984375 0.00859375 0.01328125
0 0.22890625 0.69296875 0.0140625 0.0203125
2 0.6671875 0.2765625 0.01796875 0.0296875
4 0.3640625 0.621875 0.00859375 0.01484375
2 0.365625 0.64453125 0.02109375 0.03046875
2 0.61640625 0.421875 0.01953125 0.03671875
2 0.4953125 0.55625 0.01328125 0.040625
2 0.74375 0.93203125 0.02109375 0.03828125
2 0.721875 0.86328125 0.02109375 0.0234375
2 0.70546875 0.22109375 0.01484375 0.0234375
2 0.83046875 0.1359375 0.0265625 0.03828125
2 0.7234375 0.02421875 0.01875 0.03203125
0 0.68046875 0.07734375 0.0140625 0.02421875
0 0.66640625 0.08984375 0.01171875 0.02421875
2 0.196875 0.90625 0.0203125 0.0359375
2 0.23359375 0.846875 0.01796875 0.03125
2 0.25859375 0.8140625 0.0203125 0.03984375
2 0.1984375 0.68203125 0.0203125 0.03515625
2 0.296875 0.74375 0.0203125 0.03359375
2 0.27734375 0.78046875 0.02109375 0.03125
2 0.384375 0.6171875 0.01875 0.028125
4 0.38359375 0.5828125 0.00703125 0.01484375
0 0.35546875 0.30234375 0.0140625 0.0234375
2 0.215625 0.87109375 0.01796875 0.03046875
5 0.63671875 0.39453125 0.02109375 0.03671875
2 0.2359375 0.51796875 0.015625 0.03515625
4 0.371875 0.621875 0.00546875 0.01171875
2 0.61171875 0.3890625 0.01328125 0.02890625
4 0.74453125 0.040625 0.00859375 0.0234375
2 0.16328125 0.9671875 0.0203125 0.03671875
2 0.6515625 0.30546875 0.01796875 0.034375
4 0.34921875 0.63671875 0.009375 0.0109375
2 0.740625 0.22109375 0.0203125 0.03515625
2 0.7171875 0.190625 0.015625 0.02890625
1 0.70078125 0.296875 0.0484375 0.08984375
2 0.73359375 0.16484375 0.01796875 0.034375
0 0.753125 0.1546875 0.01328125 0.02421875
6 0.5421875 0.65078125 0.03046875 0.05546875
4 0.36953125 0.60390625 0.00625 0.01015625
4 0.60703125 0.4984375 0.00859375 0.0140625
3 0.75546875 0.1265625 0.01484375 0.02578125
2 0.7421875 0.1859375 0.0203125 0.028125
2 0.565625 0.665625 0.01875 0.03515625
4 0.60703125 0.5109375 0.01015625 0.01171875
2 0.17109375 0.72578125 0.01796875 0.03828125
4 0.75859375 0.20546875 0.01015625 0.0140625
0 0.77421875 0.17890625 0.01171875 0.021875
4 0.32109375 0.69609375 0.009375 0.01796875
2 0.7765625 0.10078125 0.0203125 0.03515625
2 0.32890625 0.64453125 0.01640625 0.02421875
2 0.3890625 0.35078125 0.01796875 0.03828125
4 0.28125 0.74921875 0.00625 0.01328125
4 0.79140625 0.15390625 0.0109375 0.01875
4 0.61875 0.496875 0.0109375 0.01484375
4 0.62109375 0.478125 0.00859375 0.01171875
4 0.62421875 0.5296875 0.00859375 0.0109375
4 0.61953125 0.5109375 0.00859375 0.01171875
4 0.47421875 0.4765625 0.00859375 0.01875
4 0.478125 0.5046875 0.00703125 0.01953125
4 0.48203125 0.4609375 0.009375 0.01953125
4 0.603125 0.44375 0.00859375 0.01484375
4 0.60859375 0.45625 0.00625 0.01015625
4 0.6234375 0.45 0.00703125 0.0109375
4 0.62421875 0.46015625 0.009375 0.01015625
4 0.63828125 0.45546875 0.00859375 0.01328125
4 0.6296875 0.4390625 0.00625 0.0140625
4 0.6359375 0.440625 0.00546875 0.01171875
4 0.63828125 0.42421875 0.00390625 0.01328125
4 0.62890625 0.4671875 0.00703125 0.01328125
2 0.63671875 0.503125 0.01171875 0.040625
4 0.76640625 0.15546875 0.009375 0.0140625
4 0.7625 0.18984375 0.00703125 0.0140625
4 0.796875 0.1828125 0.01171875 0.015625
4 0.69375 0.21875 0.00703125 0.0140625
4 0.68828125 0.22734375 0.00703125 0.01328125
4 0.6484375 0.3671875 0.00703125 0.01171875
4 0.65703125 0.3515625 0.00703125 0.01171875
4 0.65078125 0.378125 0.00546875 0.01171875
4 0.625 0.36640625 0.00703125 0.0140625
2 0.23984375 0.78828125 0.0203125 0.01796875
4 0.1953125 0.87734375 0.01015625 0.01640625
4 0.62890625 0.64140625 0.00625 0.01328125
2 0.6609375 0.77109375 0.01796875 0.03203125
2 0.43125 0.2890625 0.0203125 0.040625
4 0.41171875 0.34140625 0.00859375 0.0140625
4 0.403125 0.34296875 0.009375 0.01328125
6 0.721875 0.109375 0.034375 0.05390625
0 0.490625 0.60234375 0.01171875 0.02578125
2 0.3203125 0.771875 0.01953125 0.03046875
0 0.78515625 0.9890625 0.01171875 0.021875
0 0.4796875 0.54453125 0.01484375 0.021875
2 0.56953125 0.728125 0.01796875 0.03359375
3 0.509375 0.6109375 0.01015625 0.02421875
2 0.59375 0.78046875 0.01640625 0.0359375
2 0.40625 0.309375 0.01953125 0.0359375
0 0.39140625 0.31640625 0.00859375 0.021875
3 0.37578125 0.2234375 0.01796875 0.034375
2 0.50859375 0.5265625 0.0140625 0.028125
2 0.38046875 0.7 0.01875 0.03046875
4 0.35 0.61484375 0.009375 0.01640625
4 0.3546875 0.59375 0.009375 0.0109375
4 0.36484375 0.5890625 0.00859375 0.01328125
4 0.36953125 0.56875 0.00859375 0.0140625
4 0.31328125 0.703125 0.00625 0.01328125
4 0.30703125 0.71484375 0.00859375 0.0140625
4 0.2828125 0.72421875 0.00859375 0.0140625
4 0.14453125 0.93828125 0.009375 0.015625
0 0.7796875 0.13359375 0.01171875 0.0234375
4 0.809375 0.1078125 0.01015625 0.015625
4 0.86796875 0.01875 0.0109375 0.01796875
4 0.38046875 0.2578125 0.009375 0.01640625
2 0.25703125 0.03125 0.01953125 0.03359375
0 0.390625 0.134375 0.01328125 0.02421875
0 0.37734375 0.05625 0.01171875 0.021875
0 0.41328125 0.103125 0.015625 0.02578125
4 0.4328125 0.25234375 0.00859375 0.01796875
2 0.41328125 0.25078125 0.02109375 0.03828125
2 0.41015625 0.21015625 0.01484375 0.03828125
2 0.39375 0.21328125 0.01640625 0.034375
2 0.36171875 0.26796875 0.0109375 0.034375
4 0.37421875 0.328125 0.009375 0.01875
4 0.46875 0.44375 0.00625 0.01640625
0 0.4578125 0.4546875 0.01171875 0.02578125
0 0.43828125 0.46953125 0.009375 0.0234375
4 0.45625 0.434375 0.009375 0.015625
2 0.44140625 0.44609375 0.01796875 0.034375
4 0.40078125 0.43828125 0.009375 0.02109375
4 0.4046875 0.48203125 0.009375 0.01796875
4 0.40859375 0.5 0.00859375 0.01796875
4 0.39921875 0.51875 0.009375 0.021875
4 0.40859375 0.5546875 0.00703125 0.015625
2 0.384375 0.55859375 0.01875 0.0234375
4 0.378125 0.59765625 0.00859375 0.009375
2 0.29921875 0.6890625 0.01875 0.03046875
4 0.26796875 0.7359375 0.01015625 0.01796875
4 0.26171875 0.784375 0.00625 0.01484375
2 0.16015625 0.92421875 0.0203125 0.03359375
2 0.1328125 0.97421875 0.0203125 0.0296875
0 0.6765625 0.1671875 0.0140625 0.025
4 0.68984375 0.17890625 0.009375 0.01640625
0 0.79453125 0.0859375 0.015625 0.021875
3 0.8265625 0.0828125 0.01640625 0.03359375
2 0.82890625 0.02578125 0.0234375 0.03359375
4 0.778125 0.196875 0.009375 0.01484375
0 0.61640625 0.540625 0.01328125 0.01640625
4 0.534375 0.5359375 0.009375 0.01953125
2 0.54296875 0.59609375 0.01484375 0.03125
2 0.69609375 0.95234375 0.01796875 0.03359375
2 0.703125 0.89140625 0.01875 0.03671875
2 0.25859375 0.88359375 0.01640625 0.03359375
4 0.43515625 0.49375 0.009375 0.02109375
4 0.43046875 0.26484375 0.00546875 0.00625
4 0.3484375 0.65078125 0.00546875 0.00546875
2 0.58828125 0.715625 0.01484375 0.03046875