4 0.43203125 0.5453125 0.015625 0.02421875
2 0.38671875 0.525 0.028125 0.028125
2 0.575 0.52890625 0.0296875 0.028125
2 0.6296875 0.49296875 0.0265625 0.02890625
2 0.4953125 0.3703125 0.0265625 0.0265625
4 0.6546875 0.4765625 0.01484375 0.01875
4 0.5640625 0.3390625 0.01484375 0.01796875
4 0.76015625 0.53203125 0.01875 0.0234375
2 0.871875 0.49453125 0.03046875 0.02890625
2 0.9265625 0.46640625 0.0296875 0.0265625
2 0.97734375 0.4015625 0.02421875 0.025
2 0.8984375 0.3234375 0.02890625 0.02890625
2 0.98203125 0.315625 0.028125 0.03046875
4 0.8984375 0.36484375 0.01640625 0.0203125
2 0.77578125 0.2421875 0.0296875 0.0265625
2 0.76640625 0.159375 0.02890625 0.02890625
3 0.39296875 0.41875 0.0234375 0.02421875
2 0.2296875 0.53125 0.02421875 0.025
4 0.22578125 0.453125 0.015625 0.01875
4 0.0609375 0.615625 0.01640625 0.01640625
4 0.015625 0.58203125 0.01796875 0.021875
4 0.00390625 0.62734375 0.00703125 0.025
4 0.0296875 0.56796875 0.0140625 0.01640625
4 0.03359375 0.53671875 0.021875 0.02421875
2 0.01875 0.5515625 0.03203125 0.025
2 0.05078125 0.56171875 0.0296875 0.028125
2 0.0421875 0.58515625 0.02890625 0.02578125
2 0.078125 0.58203125 0.03203125 0.03046875
0 0.0359375 0.6046875 0.0203125 0.021875
4 0.09375 0.40078125 0.01484375 0.02890625
0 0.190625 0.39296875 0.02109375 0.02578125
2 0.146875 0.28046875 0.02578125 0.0484375
2 0.03125 0.2953125 0.025 0.0546875
0 0.015625 0.2890625 0.01796875 0.03125
4 0.0046875 0.2859375 0.00859375 0.02421875
2 0.00859375 0.31953125 0.01640625 0.04609375