2 0.034375 0.54453125 0.01484375 0.0453125
2 0.215625 0.3890625 0.0109375 0.04609375
2 0.22578125 0.48515625 0.0109375 0.04609375
2 0.221875 0.5203125 0.00859375 0.02890625
2 0.2234375 0.653125 0.02421875 0.01875
2 0.05703125 0.6390625 0.01875 0.01875
2 0.040625 0.696875 0.02109375 0.021875
2 0.06171875 0.68671875 0.02109375 0.01953125
2 0.1140625 0.68203125 0.0203125 0.028125
2 0.19921875 0.70078125 0.02109375 0.01875
2 0.2265625 0.68203125 0.01875 0.01328125
2 0.196875 0.725 0.01796875 0.01953125
2 0.40625 0.66875 0.0203125 0.01796875
2 0.4515625 0.6703125 0.01015625 0.03671875
2 0.4234375 0.47421875 0.01171875 0.0359375
2 0.43125 0.41171875 0.00859375 0.03359375
2 0.4203125 0.51640625 0.009375 0.03671875
2 0.396875 0.77265625 0.01015625 0.03359375
2 0.3921875 0.84765625 0.01171875 0.01484375
2 0.39296875 0.865625 0.01328125 0.01953125
2 0.39140625 0.88203125 0.01875 0.0265625
2 0.38515625 0.9484375 0.0140625 0.0234375
2 0.45078125 0.840625 0.0140625 0.0359375
2 0.4359375 0.77578125 0.01484375 0.046875
2 0.51796875 0.3765625 0.009375 0.03203125
2 0.53359375 0.48984375 0.01875 0.02109375
2 0.5234375 0.52421875 0.01875 0.03203125
2 0.6453125 0.51171875 0.02109375 0.03203125
2 0.54453125 0.7390625 0.015625 0.02890625
2 0.53125 0.74453125 0.009375 0.03671875
2 0.54296875 0.77109375 0.01328125 0.02421875
2 0.53046875 0.85 0.00859375 0.04296875
2 0.56875 0.97421875 0.01640625 0.01484375
2 0.565625 0.990625 0.01875 0.01875
2 0.81484375 0.89140625 0.009375 0.03515625
2 0.83984375 0.90546875 0.0109375 0.04375
2 0.8515625 0.91015625 0.01015625 0.040625
2 0.80703125 0.953125 0.01484375 0.01796875
2 0.80390625 0.97265625 0.01640625 0.01953125
2 0.803125 0.98828125 0.01640625 0.02109375
2 0.6140625 0.51875 0.0234375 0.01875
2 0.690625 0.51953125 0.01328125 0.01640625
2 0.6890625 0.54609375 0.01171875 0.03203125
2 0.83046875 0.52265625 0.01640625 0.021875
2 0.8984375 0.53203125 0.021875 0.0265625
2 0.98515625 0.4921875 0.02109375 0.028125
2 0.46796875 0.57109375 0.009375 0.05078125
0 0.87734375 0.3671875 0.01171875 0.025
0 0.7328125 0.49296875 0.02109375 0.0265625
0 0.72421875 0.51640625 0.01328125 0.01640625
0 0.596875 0.36171875 0.01328125 0.01484375
0 0.534375 0.446875 0.01171875 0.01796875
0 0.540625 0.6484375 0.00859375 0.02890625
0 0.534375 0.79765625 0.00859375 0.028125
0 0.54140625 0.81796875 0.00703125 0.021875
0 0.5421875 0.83984375 0.01015625 0.02890625
0 0.54296875 0.86484375 0.00703125 0.0203125
0 0.54296875 0.88828125 0.009375 0.0203125
0 0.54296875 0.90625 0.009375 0.0234375
0 0.540625 0.9640625 0.00703125 0.02109375
0 0.52890625 0.9640625 0.01015625 0.0234375
0 0.5265625 0.98046875 0.0109375 0.02578125
0 0.41171875 0.59609375 0.01484375 0.0203125
0 0.39921875 0.60859375 0.01171875 0.01953125
0 0.39453125 0.71171875 0.01640625 0.0203125
0 0.334375 0.6296875 0.01328125 0.0203125
0 0.32109375 0.64609375 0.015625 0.01875
0 0.1484375 0.6828125 0.0140625 0.01171875
0 0.040625 0.66015625 0.01875 0.01328125
4 0.0640625 0.66640625 0.01171875 0.01640625
4 0.14921875 0.69453125 0.01015625 0.0140625
4 0.08671875 0.69921875 0.01328125 0.0140625
4 0.07890625 0.703125 0.0109375 0.01328125
4 0.1984375 0.6796875 0.01015625 0.0140625
4 0.24921875 0.6796875 0.01328125 0.01171875
4 0.25546875 0.69140625 0.01015625 0.0140625
4 0.23828125 0.6921875 0.01328125 0.0234375
4 0.271875 0.67109375 0.01796875 0.01171875
4 0.26875 0.68671875 0.01015625 0.01171875
4 0.296875 0.6765625 0.01484375 0.01796875
4 0.34375 0.64296875 0.0109375 0.01796875
4 0.36484375 0.64609375 0.009375 0.01171875
4 0.35546875 0.60859375 0.009375 0.01640625
4 0.4140625 0.62578125 0.009375 0.01328125
4 0.44140625 0.56640625 0.009375 0.01640625
4 0.4515625 0.56015625 0.01015625 0.01640625
4 0.46328125 0.49921875 0.0046875 0.01640625
4 0.4609375 0.51953125 0.00625 0.0234375
4 0.44921875 0.590625 0.01015625 0.028125
4 0.43359375 0.59609375 0.0109375 0.01640625
4 0.44765625 0.62109375 0.01328125 0.01953125
4 0.46328125 0.6109375 0.009375 0.02421875
4 0.4578125 0.63671875 0.01171875 0.0265625
4 0.4453125 0.64609375 0.00859375 0.0234375
4 0.43828125 0.65 0.009375 0.01796875
4 0.4359375 0.703125 0.0109375 0.02890625
4 0.35390625 0.68125 0.009375 0.01953125
4 0.36484375 0.684375 0.00859375 0.01953125
4 0.371875 0.68984375 0.00859375 0.0234375
4 0.3875 0.68046875 0.01328125 0.01640625
4 0.409375 0.684375 0.01015625 0.01875
4 0.3765625 0.70703125 0.01015625 0.01640625
0 0.321875 0.68359375 0.01640625 0.021875
0 0.28359375 0.6890625 0.01640625 0.01953125
4 0.46171875 0.771875 0.009375 0.0296875
4 0.434375 0.9765625 0.01015625 0.028125
4 0.44375 0.98828125 0.009375 0.0234375
4 0.5140625 0.9390625 0.00859375 0.0265625
4 0.528125 0.94453125 0.009375 0.01875
4 0.50703125 0.93828125 0.00859375 0.03125
4 0.521875 0.784375 0.00859375 0.03125
4 0.515625 0.74765625 0.009375 0.028125
4 0.51953125 0.70625 0.01171875 0.02578125
4 0.53203125 0.67265625 0.00859375 0.0203125
4 0.5390625 0.52109375 0.00859375 0.028125
4 0.5734375 0.49296875 0.01171875 0.021875
4 0.5796875 0.5046875 0.00703125 0.01875
4 0.8765625 0.503125 0.01328125 0.01484375
4 0.8328125 0.48125 0.01015625 0.021875
4 0.80234375 0.49453125 0.01328125 0.01640625
4 0.828125 0.50390625 0.01015625 0.0234375
4 0.81328125 0.3375 0.01484375 0.01328125
4 0.73828125 0.30859375 0.01015625 0.02890625
4 0.71171875 0.36015625 0.01328125 0.02109375
4 0.6109375 0.4859375 0.01171875 0.01796875
4 0.61796875 0.49453125 0.0109375 0.02109375
4 0.5921875 0.496875 0.01484375 0.01953125
4 0.58515625 0.46484375 0.01328125 0.021875
4 0.5265625 0.42265625 0.00859375 0.02109375
4 0.540625 0.61953125 0.0109375 0.01484375
4 0.45078125 0.27109375 0.00703125 0.02890625
4 0.52421875 0.28671875 0.00625 0.01953125
4 0.54453125 0.27109375 0.01171875 0.0265625
4 0.5609375 0.30078125 0.01484375 0.028125
4 0.56875 0.3234375 0.00859375 0.0234375
4 0.55703125 0.26640625 0.00859375 0.03125
4 0.53203125 0.1609375 0.00859375 0.02578125
4 0.5390625 0.20859375 0.009375 0.021875
4 0.459375 0.08359375 0.01015625 0.0234375
4 0.4515625 0.10234375 0.00859375 0.0265625
2 0.54140625 0.05078125 0.01171875 0.0453125
2 0.58671875 0.05703125 0.0234375 0.01875
2 0.61328125 0.0546875 0.0203125 0.01875
2 0.61875 0.0296875 0.01484375 0.01796875
2 0.61796875 0.01328125 0.0140625 0.02109375
2 0.58046875 0.10390625 0.015625 0.021875
2 0.56796875 0.11796875 0.0203125 0.01640625
2 0.56640625 0.13359375 0.01484375 0.02109375
2 0.56640625 0.14765625 0.0203125 0.02421875
2 0.56875 0.16640625 0.0234375 0.01640625
2 0.56953125 0.18671875 0.0140625 0.02421875
2 0.56796875 0.209375 0.0140625 0.0203125
3 0.57890625 0.2609375 0.0109375 0.03359375
0 0.64921875 0.31484375 0.015625 0.01640625
0 0.64921875 0.33203125 0.015625 0.01875
0 0.690625 0.31953125 0.015625 0.02421875
0 0.78984375 0.240625 0.01015625 0.0265625
0 0.81640625 0.29375 0.01328125 0.01953125
0 0.55078125 0.1265625 0.01171875 0.02578125
0 0.55390625 0.04453125 0.0109375 0.01953125
0 0.57421875 0.034375 0.01015625 0.01953125
2 0.4078125 0.1703125 0.00859375 0.03046875
2 0.4140625 0.18203125 0.01015625 0.03984375
2 0.42734375 0.18359375 0.01875 0.021875
2 0.7109375 0.2859375 0.00859375 0.025
3 0.7078125 0.309375 0.0140625 0.0140625
2 0.76875 0.265625 0.00859375 0.053125
2 0.8109375 0.22421875 0.01015625 0.0234375
2 0.84765625 0.25625 0.015625 0.04140625
2 0.828125 0.27421875 0.01484375 0.03671875
2 0.86796875 0.2203125 0.01015625 0.02890625
2 0.8671875 0.18359375 0.01015625 0.02890625
2 0.86875 0.13828125 0.01171875 0.03828125
2 0.91953125 0.33359375 0.01796875 0.0234375
3 0.96171875 0.496875 0.0203125 0.0234375
2 0.36328125 0.0609375 0.0109375 0.03828125
2 0.340625 0.10546875 0.0203125 0.01875
2 0.340625 0.05390625 0.00859375 0.03828125
2 0.31171875 0.10078125 0.01796875 0.0140625
2 0.29453125 0.096875 0.01875 0.01328125
2 0.23046875 0.07578125 0.02109375 0.02578125
2 0.19609375 0.065625 0.01796875 0.01328125
2 0.21328125 0.0671875 0.01640625 0.015625
2 0.09609375 0.0328125 0.02109375 0.021875
2 0.046875 0.08828125 0.01484375 0.04140625
2 0.0484375 0.1265625 0.00859375 0.0359375
2 0.046875 0.22109375 0.0109375 0.03984375
2 0.23125 0.25625 0.00859375 0.03125
2 0.21875 0.30390625 0.01015625 0.03359375