1 0.2890625 0.70703125 0.03828125 0.1015625
0 0.53828125 0.66171875 0.021875 0.028125
0 0.46328125 0.66640625 0.01640625 0.025
0 0.40546875 0.71015625 0.01171875 0.02421875
0 0.5125 0.52109375 0.01796875 0.02890625
0 0.309375 0.70859375 0.01171875 0.0296875
2 0.33203125 0.67734375 0.01875 0.0453125
2 0.43125 0.49453125 0.025 0.02578125
2 0.521875 0.4671875 0.028125 0.03671875
2 0.4984375 0.4390625 0.01875 0.034375
2 0.4828125 0.39609375 0.0265625 0.0265625
2 0.23203125 0.18125 0.02578125 0.03515625
2 0.2453125 0.03203125 0.0234375 0.04140625
0 0.81640625 0.26953125 0.0203125 0.0265625
4 0.56953125 0.3109375 0.01328125 0.02109375
4 0.5984375 0.296875 0.015625 0.01640625
4 0.58046875 0.41953125 0.00859375 0.01640625
4 0.55390625 0.4171875 0.0140625 0.0140625
4 0.54375 0.4328125 0.01171875 0.0140625
4 0.54921875 0.46015625 0.00859375 0.028125
4 0.53984375 0.47109375 0.00859375 0.025
4 0.6046875 0.528125 0.01484375 0.021875
4 0.5921875 0.45859375 0.01171875 0.021875
4 0.578125 0.60625 0.01171875 0.02109375
4 0.5921875 0.671875 0.01015625 0.0203125
4 0.596875 0.70546875 0.01171875 0.01796875
4 0.546875 0.64375 0.00859375 0.01640625
4 0.58125 0.70625 0.0109375 0.01875
4 0.61171875 0.7515625 0.01015625 0.01953125
4 0.61953125 0.77109375 0.01328125 0.0203125
4 0.71328125 0.8515625 0.01328125 0.021875
4 0.75390625 0.82109375 0.01484375 0.01640625
4 0.7484375 0.91015625 0.01484375 0.02109375
4 0.778125 0.940625 0.01484375 0.02109375
4 0.74140625 0.94609375 0.0109375 0.01796875
2 0.72578125 0.95859375 0.021875 0.021875
6 0.5640625 0.9484375 0.03671875 0.06171875
4 0.7859375 0.98515625 0.01328125 0.02109375
4 0.8671875 0.97890625 0.01171875 0.0203125
4 0.85703125 0.984375 0.0109375 0.02109375
4 0.79453125 0.59375 0.009375 0.02109375
4 0.82734375 0.59921875 0.0109375 0.01328125
4 0.76328125 0.659375 0.01171875 0.015625
4 0.7734375 0.74296875 0.01171875 0.01171875
4 0.88203125 0.25625 0.015625 0.01484375
4 0.75078125 0.2984375 0.01015625 0.01328125
4 0.70546875 0.31953125 0.01171875 0.01328125
4 0.73203125 0.34140625 0.01171875 0.01484375
4 0.7515625 0.37109375 0.00859375 0.01796875
4 0.7109375 0.3890625 0.0109375 0.01171875
4 0.79453125 0.11875 0.01015625 0.01640625
4 0.87421875 0.06015625 0.015625 0.01796875
4 0.90703125 0.03359375 0.0140625 0.015625
2 0.66171875 0.14765625 0.0234375 0.02578125
2 0.62265625 0.1546875 0.0140625 0.0453125
2 0.55078125 0.24296875 0.021875 0.02890625
4 0.51875 0.259375 0.009375 0.01171875
4 0.5046875 0.26875 0.01171875 0.0109375
4 0.5171875 0.290625 0.01484375 0.01484375
4 0.46015625 0.36484375 0.01015625 0.01484375
4 0.47421875 0.4203125 0.01328125 0.01640625
4 0.459375 0.40234375 0.009375 0.015625
4 0.4515625 0.396875 0.009375 0.01640625
4 0.4234375 0.38671875 0.009375 0.01640625
4 0.3921875 0.37421875 0.009375 0.0203125
4 0.39375 0.32421875 0.009375 0.01953125
4 0.41328125 0.3265625 0.009375 0.01953125
4 0.41953125 0.346875 0.009375 0.015625
4 0.38046875 0.26484375 0.00859375 0.01796875
4 0.36171875 0.2609375 0.00859375 0.01640625
4 0.36953125 0.2390625 0.01015625 0.01953125
4 0.38359375 0.253125 0.00703125 0.0140625
4 0.3265625 0.16953125 0.01171875 0.0234375
4 0.2875 0.096875 0.01171875 0.021875
4 0.27734375 0.065625 0.0140625 0.01640625
4 0.2859375 0.04609375 0.01171875 0.0140625
4 0.24375 0.0578125 0.01015625 0.0203125
4 0.325 0.128125 0.0109375 0.015625
0 0.32578125 0.3484375 0.01171875 0.01953125
4 0.378125 0.40625 0.01015625 0.01796875
4 0.3921875 0.43671875 0.0109375 0.01953125
4 0.38984375 0.46484375 0.0109375 0.01875
4 0.38671875 0.48828125 0.01171875 0.02421875
4 0.43359375 0.46484375 0.009375 0.01953125
4 0.45859375 0.52109375 0.0140625 0.01328125
4 0.45078125 0.53828125 0.01328125 0.0109375
4 0.478125 0.55703125 0.0140625 0.0140625
4 0.49140625 0.5640625 0.009375 0.01953125
4 0.45546875 0.5984375 0.00859375 0.01953125
4 0.428125 0.584375 0.01015625 0.0140625
4 0.40390625 0.59453125 0.015625 0.01171875
4 0.36328125 0.58046875 0.0109375 0.0234375
4 0.3515625 0.55703125 0.01015625 0.02109375
4 0.3484375 0.596875 0.01015625 0.0203125
4 0.3390625 0.6296875 0.009375 0.01953125
4 0.38515625 0.67578125 0.01015625 0.01796875
4 0.365625 0.7046875 0.009375 0.01953125
4 0.37109375 0.73125 0.009375 0.0203125
4 0.40078125 0.684375 0.01015625 0.01796875
4 0.3109375 0.7625 0.01171875 0.0203125
4 0.296875 0.771875 0.01328125 0.0203125
4 0.28515625 0.79765625 0.01171875 0.021875
4 0.26484375 0.83046875 0.0109375 0.02109375
4 0.32421875 0.8125 0.01171875 0.0203125
4 0.31875 0.840625 0.01015625 0.01953125
4 0.32265625 0.87265625 0.00859375 0.01875
4 0.28984375 0.934375 0.009375 0.015625
4 0.28203125 0.925 0.00703125 0.0203125
4 0.2609375 0.9015625 0.0109375 0.0203125
4 0.23828125 0.89453125 0.01328125 0.021875
4 0.23046875 0.97265625 0.01171875 0.02421875
4 0.2671875 0.98359375 0.01015625 0.01640625
4 0.328125 0.91171875 0.015625 0.03671875
3 0.25390625 0.23046875 0.021875 0.03046875
3 0.21328125 0.2484375 0.0203125 0.04296875
3 0.19140625 0.20078125 0.021875 0.0390625
6 0.19375 0.24609375 0.02578125 0.0484375
4 0.25625 0.14921875 0.01484375 0.01796875
2 0.40625 0.13828125 0.01953125 0.034375
0 0.62890625 0.53828125 0.01640625 0.02578125
0 0.61953125 0.48828125 0.01953125 0.02421875
0 0.628125 0.45703125 0.015625 0.01875
4 0.64765625 0.45625 0.01171875 0.0140625
3 0.6734375 0.43515625 0.0265625 0.0359375
3 0.7375 0.3859375 0.02578125 0.03359375
3 0.81171875 0.33125 0.0265625 0.03125
3 0.83828125 0.31015625 0.034375 0.040625
3 0.86640625 0.3359375 0.02890625 0.065625
3 0.825 0.44921875 0.0296875 0.065625
3 0.7265625 0.675 0.025 0.03359375
3 0.70546875 0.63046875 0.02109375 0.03984375
3 0.69296875 0.60703125 0.02109375 0.0359375
0 0.67265625 0.5765625 0.015625 0.02890625
2 0.75859375 0.63046875 0.01953125 0.03828125
2 0.8484375 0.38671875 0.0234375 0.0453125
2 0.86484375 0.28671875 0.025 0.03046875
4 0.8828125 0.41328125 0.01171875 0.02421875
4 0.88203125 0.1671875 0.01328125 0.01640625
4 0.853125 0.94921875 0.00859375 0.01796875
4 0.23671875 0.23671875 0.00859375 0.01484375
4 0.2265625 0.2265625 0.01015625 0.0109375
4 0.24296875 0.234375 0.00625 0.01953125
4 0.11796875 0.11328125 0.009375 0.01953125
4 0.1484375 0.18046875 0.00703125 0.01796875
4 0.14453125 0.17421875 0.00859375 0.01640625
6 0.0765625 0.0265625 0.03828125 0.053125
4 0.34375 0.03515625 0.01015625 0.01796875
4 0.34453125 0.009375 0.009375 0.01328125
4 0.3640625 0.05546875 0.009375 0.01796875
4 0.35546875 0.04609375 0.009375 0.01640625
4 0.34453125 0.0671875 0.009375 0.01484375
4 0.378125 0.07734375 0.00859375 0.01484375
4 0.38046875 0.096875 0.009375 0.015625
4 0.3859375 0.11171875 0.00859375 0.01796875
4 0.38046875 0.1375 0.00625 0.01796875
4 0.378125 0.115625 0.00859375 0.01640625
4 0.36875 0.11171875 0.00625 0.01484375
4 0.3609375 0.11171875 0.00703125 0.01328125
4 0.365625 0.090625 0.00625 0.01796875
4 0.36015625 0.08203125 0.00625 0.0234375
4 0.35078125 0.0921875 0.00859375 0.01796875
4 0.33203125 0.07578125 0.00625 0.015625
4 0.33671875 0.06171875 0.00703125 0.01640625
4 0.33203125 0.05546875 0.00859375 0.015625
4 0.32578125 0.065625 0.0109375 0.01171875
4 0.3140625 0.08203125 0.009375 0.01796875
4 0.3203125 0.09296875 0.00703125 0.0203125
4 0.340625 0.12265625 0.00859375 0.0140625
4 0.35078125 0.13359375 0.00859375 0.01640625
4 0.34453125 0.13125 0.00703125 0.015625
4 0.34140625 0.10078125 0.00625 0.01796875
4 0.346875 0.10703125 0.00625 0.01640625
4 0.39140625 0.18671875 0.009375 0.01640625
4 0.41015625 0.25859375 0.00625 0.015625
4 0.415625 0.27265625 0.00859375 0.01640625
4 0.38984375 0.21015625 0.0109375 0.01328125
4 0.4328125 0.284375 0.00546875 0.0203125
4 0.43828125 0.284375 0.00546875 0.01640625
4 0.446875 0.30703125 0.00625 0.01796875
4 0.4265625 0.3375 0.0109375 0.01875
4 0.47421875 0.27578125 0.00859375 0.01875
4 0.4859375 0.259375 0.00859375 0.0203125
4 0.51484375 0.24296875 0.00859375 0.01796875
4 0.51875 0.190625 0.00703125 0.01953125
3 0.5234375 0.2140625 0.021875 0.028125
3 0.43984375 0.36796875 0.03046875 0.03515625
3 0.521875 0.703125 0.0265625 0.03203125
4 0.50703125 0.7109375 0.01015625 0.01640625
4 0.40546875 0.73359375 0.01015625 0.01015625
4 0.22890625 0.81796875 0.01171875 0.00859375
4 0.22578125 0.83359375 0.0109375 0.01328125
4 0.24296875 0.80390625 0.00859375 0.015625