2 0.0453125 0.965625 0.0203125 0.03203125
2 0.096875 0.87734375 0.01640625 0.0296875
2 0.171875 0.828125 0.021875 0.02578125
2 0.209375 0.98203125 0.01875 0.03515625
2 0.23125 0.95703125 0.01875 0.03984375
2 0.19609375 0.77265625 0.01875 0.028125
2 0.21484375 0.753125 0.01875 0.02421875
2 0.23046875 0.728125 0.01640625 0.0234375
2 0.2515625 0.721875 0.01875 0.028125
2 0.24375 0.70625 0.01796875 0.03046875
2 0.259375 0.68828125 0.01875 0.025
2 0.26640625 0.703125 0.01484375 0.01953125
2 0.284375 0.68046875 0.01640625 0.02578125
2 0.325 0.82890625 0.01875 0.0296875
2 0.3 0.66484375 0.01640625 0.025
2 0.2953125 0.6484375 0.01796875 0.0296875
2 0.3140625 0.6453125 0.01640625 0.0234375
2 0.3265625 0.6109375 0.01640625 0.02421875
2 0.33203125 0.6234375 0.01875 0.03046875
2 0.34609375 0.59921875 0.01640625 0.03046875
2 0.43203125 0.71328125 0.01796875 0.01953125
2 0.4359375 0.5984375 0.015625 0.028125
2 0.4484375 0.5828125 0.01640625 0.03359375
2 0.39453125 0.45078125 0.015625 0.034375
2 0.36875 0.37890625 0.01640625 0.03515625
2 0.33125 0.32109375 0.01484375 0.03203125
2 0.3453125 0.29140625 0.01484375 0.0296875
2 0.33046875 0.2640625 0.01484375 0.034375
2 0.271875 0.1109375 0.01640625 0.034375
2 0.26328125 0.12578125 0.01171875 0.03359375
2 0.2421875 0.05078125 0.01875 0.034375
2 0.32109375 0.01328125 0.0203125 0.02578125
2 0.33359375 0.01328125 0.01640625 0.02578125
2 0.34375 0.09140625 0.01484375 0.03125
2 0.3828125 0.159375 0.01640625 0.0296875
2 0.396875 0.196875 0.01796875 0.03359375
2 0.39765625 0.21875 0.01484375 0.0265625
2 0.41015625 0.23828125 0.01640625 0.02890625
2 0.4234375 0.23125 0.01875 0.0296875
2 0.42578125 0.259375 0.0140625 0.028125
2 0.415625 0.2671875 0.01484375 0.03046875
2 0.4390625 0.26328125 0.01484375 0.025
2 0.4375 0.28828125 0.01640625 0.03125
2 0.4265625 0.29140625 0.01484375 0.03359375
2 0.41640625 0.29375 0.01328125 0.0265625
2 0.55625 0.22421875 0.0109375 0.03515625
2 0.58359375 0.2015625 0.0140625 0.03203125
2 0.5671875 0.13828125 0.01328125 0.034375
2 0.59609375 0.06328125 0.0234375 0.03125
2 0.55703125 0.05546875 0.01015625 0.03046875
2 0.64375 0.31328125 0.0203125 0.0265625
2 0.796875 0.16953125 0.01171875 0.03671875
2 0.80625 0.1765625 0.0234375 0.02578125
2 0.8234375 0.14375 0.01171875 0.03515625
2 0.87109375 0.08671875 0.01796875 0.03203125
2 0.928125 0.23046875 0.01796875 0.028125
2 0.9375 0.2140625 0.01796875 0.03828125
2 0.9484375 0.20859375 0.01640625 0.03515625
2 0.815625 0.2359375 0.0203125 0.03359375
2 0.821875 0.253125 0.0203125 0.0265625
2 0.79609375 0.25703125 0.01875 0.0265625
2 0.8046875 0.265625 0.01796875 0.025
2 0.78046875 0.27578125 0.0203125 0.028125
2 0.78828125 0.28828125 0.01796875 0.025
2 0.75078125 0.31171875 0.01484375 0.01953125
2 0.75625 0.32734375 0.0140625 0.02109375
2 0.73125 0.33359375 0.0203125 0.03046875
2 0.7421875 0.34375 0.01640625 0.0203125
2 0.740625 0.3625 0.01796875 0.01640625
2 0.72578125 0.3625 0.01796875 0.02578125
2 0.71171875 0.3546875 0.01953125 0.0265625
2 0.71015625 0.38203125 0.01796875 0.02890625
2 0.6640625 0.41953125 0.01796875 0.03203125
2 0.68125 0.390625 0.0140625 0.02421875
2 0.68203125 0.4078125 0.01953125 0.0265625
2 0.659375 0.55703125 0.01796875 0.03046875
2 0.7140625 0.63671875 0.01875 0.0296875
2 0.721875 0.5765625 0.0140625 0.028125
2 0.86875 0.75078125 0.01640625 0.03046875
2 0.8828125 0.7640625 0.01171875 0.03125
2 0.9078125 0.7765625 0.01484375 0.03125
2 0.94296875 0.825 0.01796875 0.03046875
2 0.9515625 0.84140625 0.01875 0.028125
2 0.96171875 0.86328125 0.01953125 0.0265625
2 0.97421875 0.87890625 0.01953125 0.02421875
2 0.9828125 0.90625 0.021875 0.02578125
2 0.859375 0.89296875 0.01796875 0.028125
2 0.84375 0.89296875 0.01796875 0.0296875
2 0.81015625 0.86640625 0.0203125 0.0296875
2 0.77421875 0.7921875 0.0203125 0.03046875
2 0.68125 0.75234375 0.02109375 0.02578125
2 0.60625 0.7046875 0.01875 0.02578125
2 0.58203125 0.63046875 0.01640625 0.03125
2 0.5890625 0.65625 0.01484375 0.03125
2 0.55078125 0.69453125 0.0140625 0.03203125
2 0.55390625 0.7859375 0.0203125 0.03046875
2 0.4671875 0.75390625 0.0140625 0.03046875
2 0.475 0.7890625 0.01328125 0.03671875
2 0.32890625 0.9578125 0.01796875 0.02578125
2 0.37421875 0.96328125 0.015625 0.03125
4 0.05625 0.86796875 0.009375 0.01171875
4 0.06171875 0.88046875 0.00859375 0.015625
4 0.08203125 0.85546875 0.00546875 0.01484375
4 0.08515625 0.8515625 0.0046875 0.0140625
4 0.08984375 0.8484375 0.00390625 0.015625
4 0.09453125 0.8453125 0.00546875 0.015625
4 0.10859375 0.8328125 0.00546875 0.0140625
4 0.11171875 0.82734375 0.00546875 0.01171875
4 0.11640625 0.8234375 0.00390625 0.01171875
4 0.1859375 0.80546875 0.00625 0.01328125
4 0.19140625 0.79296875 0.00859375 0.01171875
4 0.18359375 0.775 0.009375 0.01328125
4 0.26015625 0.67578125 0.00703125 0.01015625
4 0.2671875 0.66796875 0.009375 0.01015625
4 0.27421875 0.659375 0.009375 0.009375
4 0.28203125 0.653125 0.00859375 0.01015625
4 0.284375 0.6296875 0.00859375 0.01328125
4 0.2671875 0.65078125 0.00625 0.00859375
4 0.29453125 0.61875 0.009375 0.01015625
4 0.30859375 0.628125 0.009375 0.01015625
4 0.31640625 0.62578125 0.009375 0.01171875
4 0.33515625 0.584375 0.00859375 0.01328125
4 0.32890625 0.596875 0.00703125 0.01484375
4 0.33046875 0.55390625 0.00859375 0.01328125
4 0.35859375 0.45625 0.009375 0.01171875
4 0.3984375 0.50234375 0.00703125 0.015625
4 0.40390625 0.49609375 0.00859375 0.01640625
4 0.3890625 0.41796875 0.00703125 0.01484375
4 0.38125 0.3921875 0.00625 0.015625
4 0.28046875 0.16328125 0.00703125 0.0140625
4 0.28671875 0.15859375 0.00859375 0.01484375
4 0.24921875 0.08125 0.009375 0.01796875
4 0.240625 0.07109375 0.00625 0.015625
4 0.3359375 0.09296875 0.009375 0.01953125
4 0.359375 0.053125 0.00703125 0.0140625
4 0.36953125 0.0828125 0.009375 0.01015625
4 0.36875 0.0734375 0.00859375 0.009375
4 0.36796875 0.14765625 0.009375 0.01484375
4 0.39140625 0.1390625 0.00859375 0.01328125
4 0.396875 0.13203125 0.00859375 0.00703125
4 0.3984375 0.13828125 0.00859375 0.00859375
4 0.4015625 0.14140625 0.00703125 0.00859375
4 0.409375 0.13671875 0.00859375 0.0109375
4 0.40546875 0.146875 0.009375 0.00703125
4 0.40625 0.15859375 0.00859375 0.00703125
4 0.4078125 0.16328125 0.00546875 0.01171875
4 0.4109375 0.165625 0.00546875 0.0109375
4 0.41875 0.15546875 0.00546875 0.01171875
4 0.4203125 0.1609375 0.00625 0.009375
4 0.4140625 0.17265625 0.00625 0.01484375
4 0.41796875 0.1765625 0.0046875 0.01171875
4 0.425 0.175 0.00546875 0.01015625
4 0.42890625 0.18203125 0.00625 0.01171875
4 0.4375 0.18828125 0.00703125 0.01796875
4 0.38671875 0.20234375 0.00625 0.01953125
4 0.4484375 0.2734375 0.00546875 0.01484375
4 0.446875 0.28515625 0.00859375 0.01171875
4 0.44609375 0.29453125 0.00703125 0.0140625
4 0.54296875 0.39296875 0.0109375 0.0140625
4 0.565625 0.421875 0.01015625 0.01171875
4 0.559375 0.2078125 0.00703125 0.0140625
4 0.703125 0.2921875 0.01015625 0.01171875
4 0.75703125 0.2421875 0.00859375 0.01484375
4 0.75 0.22265625 0.00703125 0.01015625
4 0.75546875 0.21875 0.00703125 0.01328125
4 0.7609375 0.20546875 0.0046875 0.01328125
4 0.8125 0.1484375 0.00625 0.01015625
4 0.81328125 0.15859375 0.00859375 0.01015625
4 0.93203125 0.034375 0.009375 0.0140625
2 0.93828125 0.009375 0.0171875 0.01875
4 0.74453125 0.32734375 0.00859375 0.01484375
4 0.7515625 0.3484375 0.00859375 0.0109375
4 0.7265625 0.3953125 0.00703125 0.009375
4 0.725 0.3796875 0.003125 0.01484375
4 0.71875 0.38046875 0.00859375 0.00703125
4 0.71796875 0.39140625 0.00859375 0.0109375
4 0.71171875 0.390625 0.00703125 0.0140625
4 0.71484375 0.4078125 0.00625 0.0046875
4 0.7078125 0.40546875 0.00859375 0.009375
4 0.70390625 0.39765625 0.00625 0.00703125
4 0.69609375 0.40859375 0.00859375 0.009375
4 0.696875 0.39765625 0.00703125 0.01328125
4 0.690625 0.41171875 0.00703125 0.0140625
4 0.69453125 0.42421875 0.00859375 0.01171875
4 0.6765625 0.42578125 0.00703125 0.0109375
4 0.68203125 0.4265625 0.00859375 0.01328125
4 0.68828125 0.43046875 0.00703125 0.0140625
4 0.6828125 0.440625 0.00859375 0.01328125
4 0.6890625 0.4390625 0.00859375 0.01171875
4 0.68203125 0.45859375 0.00546875 0.0140625
4 0.67578125 0.46015625 0.00703125 0.01171875
4 0.66875 0.478125 0.00859375 0.01328125
4 0.64375 0.478125 0.00859375 0.009375
4 0.6484375 0.490625 0.00859375 0.01328125
4 0.68125 0.4921875 0.00390625 0.01484375
4 0.68046875 0.52890625 0.00546875 0.01015625
4 0.81875 0.71484375 0.0046875 0.0140625
4 0.821875 0.71640625 0.003125 0.01171875
4 0.82578125 0.71796875 0.00546875 0.01484375
4 0.83515625 0.7328125 0.0046875 0.01171875
4 0.84609375 0.7390625 0.0046875 0.01171875
4 0.8515625 0.74375 0.003125 0.01484375
4 0.8546875 0.74921875 0.00390625 0.015625
4 0.8640625 0.78828125 0.01015625 0.0140625
4 0.91328125 0.79375 0.00625 0.01484375
4 0.9765625 0.84375 0.009375 0.0109375
4 0.98359375 0.85625 0.01015625 0.0109375
4 0.97578125 0.86328125 0.009375 0.009375
4 0.9859375 0.878125 0.00625 0.01875
4 0.8140625 0.890625 0.009375 0.01328125
4 0.784375 0.8359375 0.009375 0.01328125
4 0.7 0.753125 0.009375 0.01328125
4 0.6953125 0.72734375 0.0140625 0.01484375
4 0.5859375 0.71171875 0.00859375 0.0109375
4 0.56875 0.69140625 0.009375 0.01328125
4 0.55546875 0.66875 0.01171875 0.0140625
4 0.609375 0.628125 0.00546875 0.01640625
4 0.60078125 0.621875 0.00859375 0.0140625
4 0.590625 0.63046875 0.00703125 0.02109375
4 0.55703125 0.73125 0.00859375 0.015625
4 0.5796875 0.3171875 0.00546875 0.02421875
4 0.6140625 0.459375 0.00859375 0.02109375
4 0.60703125 0.46953125 0.009375 0.0203125
4 0.6015625 0.50859375 0.00546875 0.0234375
4 0.59140625 0.5078125 0.009375 0.02578125
4 0.4890625 0.68359375 0.01171875 0.01796875
4 0.453125 0.68671875 0.015625 0.01953125
4 0.41796875 0.5171875 0.0140625 0.025
4 0.46875 0.715625 0.009375 0.0234375
4 0.53359375 0.7578125 0.00859375 0.01953125
4 0.528125 0.746875 0.00859375 0.02421875
4 0.52109375 0.78359375 0.01171875 0.01328125
4 0.5703125 0.77109375 0.009375 0.01875
4 0.24609375 0.93125 0.00625 0.01640625
4 0.30078125 0.859375 0.00859375 0.01484375
0 0.1109375 0.865625 0.01484375 0.025
0 0.246875 0.68515625 0.015625 0.0265625
0 0.27578125 0.6703125 0.01328125 0.0203125
0 0.33671875 0.5921875 0.0109375 0.01953125
0 0.39921875 0.78203125 0.01171875 0.021875
0 0.48359375 0.66796875 0.01328125 0.02109375
0 0.49375 0.73125 0.01328125 0.01796875
0 0.4359375 0.540625 0.00859375 0.0296875
0 0.409375 0.21640625 0.009375 0.0234375
0 0.4265625 0.31171875 0.0140625 0.02421875
0 0.60703125 0.2890625 0.015625 0.02421875
0 0.6046875 0.259375 0.01328125 0.02890625
0 0.709375 0.27109375 0.01171875 0.021875
0 0.8015625 0.28671875 0.01484375 0.02421875
0 0.76171875 0.33203125 0.01171875 0.02109375
0 0.69765625 0.38125 0.01328125 0.01796875
0 0.671875 0.44140625 0.009375 0.025
0 0.66328125 0.44453125 0.01171875 0.01953125
0 0.7578125 0.65390625 0.01640625 0.01953125
0 0.87578125 0.76640625 0.01328125 0.0203125
0 0.89921875 0.77109375 0.01328125 0.02421875
0 0.76640625 0.82734375 0.015625 0.02890625
0 0.70546875 0.7484375 0.01171875 0.02578125
0 0.34765625 0.44375 0.009375 0.0234375
3 0.340625 0.04453125 0.0234375 0.046875
3 0.553125 0.725 0.01015625 0.0265625
3 0.82890625 0.9171875 0.0234375 0.03359375
3 0.86640625 0.91640625 0.02109375 0.02890625
3 0.3484375 0.61875 0.0265625 0.03515625
3 0.28828125 0.63515625 0.01875 0.03046875
1 0.31953125 0.59140625 0.04296875 0.078125
1 0.221875 0.76328125 0.046875 0.06875
1 0.1671875 0.9671875 0.046875 0.05859375
1 0.23046875 0.92109375 0.05 0.06171875
1 0.36484375 0.76171875 0.0515625 0.06171875
1 0.37109375 0.20390625 0.040625 0.07890625
1 0.33125 0.11953125 0.0296875 0.06875
1 0.9109375 0.9609375 0.053125 0.05703125
1 0.90859375 0.8859375 0.04453125 0.0546875
6 0.74765625 0.7859375 0.0296875 0.04375