2 0.340625 0.2890625 0.015625 0.01171875
2 0.40078125 0.25390625 0.01015625 0.015625
2 0.50625 0.32734375 0.00546875 0.0265625
2 0.51640625 0.325 0.00625 0.02578125
2 0.5578125 0.31640625 0.00703125 0.021875
2 0.56640625 0.31875 0.00703125 0.021875
4 0.5828125 0.30078125 0.003125 0.01171875
4 0.578125 0.303125 0.003125 0.01484375
4 0.56796875 0.296875 0.00390625 0.0140625
4 0.56796875 0.28203125 0.003125 0.01171875
4 0.5453125 0.29296875 0.003125 0.01484375
4 0.54140625 0.29140625 0.003125 0.0140625
4 0.53671875 0.29375 0.003125 0.0140625
4 0.546875 0.278125 0.003125 0.01171875
4 0.58125 0.23984375 0.003125 0.01484375
4 0.578125 0.23984375 0.0015625 0.0140625
4 0.5734375 0.24140625 0.0046875 0.015625
4 0.56640625 0.2390625 0.003125 0.0140625
4 0.5640625 0.23984375 0.0015625 0.0140625
4 0.5453125 0.228125 0.0015625 0.01328125
4 0.540625 0.2265625 0.003125 0.01171875
4 0.53203125 0.228125 0.003125 0.00859375
4 0.528125 0.278125 0.003125 0.01484375
4 0.525 0.278125 0.003125 0.015625
4 0.51640625 0.278125 0.003125 0.0140625
4 0.409375 0.2703125 0.0015625 0.01328125
4 0.3765625 0.41171875 0.00546875 0.00625
4 0.91640625 0.3890625 0.00703125 0.009375
4 0.8515625 0.40078125 0.00703125 0.0109375
4 0.8390625 0.303125 0.0046875 0.01171875
4 0.9671875 0.23671875 0.00546875 0.009375
4 0.71171875 0.4453125 0.00703125 0.00625
4 0.3625 0.46328125 0.00859375 0.0046875
4 0.7265625 0.55 0.00703125 0.00546875
4 0.86796875 0.60078125 0.00703125 0.00859375
4 0.978125 0.8890625 0.00546875 0.01484375
4 0.875 0.61796875 0.00859375 0.00546875
4 0.4109375 0.58828125 0.00546875 0.00859375
6 0.0171875 0.43671875 0.034375 0.01875
6 0.07421875 0.47421875 0.0359375 0.01484375
2 0.2390625 0.47890625 0.0140625 0.01171875
6 0.4296875 0.478125 0.0296875 0.01640625
3 0.58359375 0.47421875 0.01796875 0.01171875
2 0.61171875 0.49140625 0.01484375 0.01171875
5 0.66015625 0.38359375 0.0390625 0.01875
5 0.71640625 0.38203125 0.04375 0.01640625
0 0.8640625 0.38515625 0.0109375 0.01015625
0 0.81875 0.60078125 0.00859375 0.00859375
0 0.81953125 0.64375 0.01015625 0.009375
0 0.79296875 0.60390625 0.00859375 0.01171875
0 0.75390625 0.665625 0.01484375 0.015625
2 0.00625 0.55859375 0.0125 0.0109375
2 0.29453125 0.56875 0.01171875 0.01015625
2 0.7359375 0.5640625 0.01328125 0.01171875
2 0.84453125 0.603125 0.01015625 0.02421875
2 0.7171875 0.6515625 0.00546875 0.0234375
2 0.66484375 0.63203125 0.00625 0.0234375
2 0.67265625 0.6296875 0.00703125 0.025
2 0.671875 0.65390625 0.00625 0.01953125
2 0.5765625 0.6234375 0.01171875 0.01015625
2 0.47890625 0.6015625 0.01484375 0.01171875
2 0.00390625 0.8328125 0.00703125 0.021875
5 0.03046875 0.9375 0.0109375 0.04453125
5 0.0328125 0.74921875 0.009375 0.046875
5 0.0640625 0.7390625 0.01484375 0.053125
5 0.1203125 0.678125 0.03515625 0.01796875
5 0.14375 0.64453125 0.03515625 0.01640625
5 0.46328125 0.5453125 0.03515625 0.01796875
5 0.96328125 0.559375 0.06796875 0.01875
2 0.96953125 0.915625 0.00859375 0.02109375
2 0.94296875 0.9 0.00625 0.02578125
2 0.95078125 0.89296875 0.00625 0.0234375
2 0.95859375 0.86796875 0.00546875 0.028125
2 0.97421875 0.85703125 0.01171875 0.01796875
2 0.98515625 0.80703125 0.01328125 0.025
2 0.934375 0.80859375 0.01015625 0.0140625
2 0.93359375 0.79375 0.009375 0.01328125
6 0.88203125 0.6359375 0.03515625 0.01796875
4 0.8484375 0.634375 0.00546875 0.01171875
3 0.7484375 0.596875 0.01953125 0.0140625
6 0.7203125 0.603125 0.025 0.01640625
6 0.65859375 0.584375 0.034375 0.01875
6 0.66875 0.5375 0.0265625 0.015625
6 0.55859375 0.60703125 0.0265625 0.015625
6 0.44375 0.525 0.0296875 0.01796875
6 0.346875 0.54921875 0.034375 0.01875
5 0.278125 0.6359375 0.02890625 0.01484375
3 0.53359375 0.52421875 0.0140625 0.01171875
6 0.89453125 0.534375 0.05390625 0.01640625
3 0.75546875 0.85078125 0.0203125 0.0109375
3 0.7140625 0.89453125 0.00859375 0.03125