2 0.2703125 0.05625 0.0140625 0.025
2 0.20859375 0.075 0.01640625 0.0296875
0 0.23125 0.10703125 0.00859375 0.015625
0 0.27265625 0.184375 0.00859375 0.015625
0 0.30078125 0.24375 0.01015625 0.01796875
0 0.31484375 0.053125 0.00859375 0.0140625
0 0.353125 0.1484375 0.00859375 0.01953125
2 0.7484375 0.034375 0.015625 0.0265625
2 0.7140625 0.18203125 0.01484375 0.02578125
3 0.70078125 0.17265625 0.0203125 0.03828125
2 0.73984375 0.228125 0.0140625 0.025
2 0.66328125 0.26328125 0.0140625 0.02578125
4 0.69375 0.2625 0.00859375 0.0109375
4 0.66875 0.29765625 0.00703125 0.01328125
0 0.61640625 0.3875 0.009375 0.01796875
4 0.5328125 0.353125 0.00546875 0.0109375
4 0.509375 0.41015625 0.00625 0.01015625
4 0.48515625 0.43828125 0.00625 0.01015625
2 0.521875 0.5140625 0.0140625 0.02578125
2 0.41796875 0.70546875 0.01640625 0.02890625
2 0.40390625 0.69375 0.01640625 0.0296875
4 0.32265625 0.709375 0.00859375 0.01171875
4 0.26875 0.80625 0.00625 0.0109375
2 0.25078125 0.884375 0.01640625 0.02578125
2 0.2109375 0.95078125 0.01640625 0.02890625
2 0.31484375 0.990625 0.0140625 0.01875
4 0.29765625 0.94921875 0.0046875 0.01328125
4 0.33671875 0.96953125 0.00625 0.00859375
4 0.34296875 0.91796875 0.00546875 0.01171875
4 0.1953125 0.94296875 0.00625 0.01484375
4 0.15703125 0.9875 0.009375 0.01484375
2 0.0453125 0.9796875 0.01640625 0.02109375
2 0.03203125 0.98359375 0.015625 0.02421875
2 0.07890625 0.8109375 0.015625 0.0265625
3 0.03125 0.94921875 0.01640625 0.0265625
0 0.18203125 0.871875 0.01015625 0.01640625
0 0.23515625 0.87890625 0.01015625 0.01953125
0 0.259375 0.71171875 0.009375 0.01953125
0 0.45703125 0.784375 0.009375 0.01484375
2 0.40390625 0.83671875 0.01640625 0.02890625
0 0.93671875 0.04375 0.0109375 0.01875
4 0.53203125 0.03828125 0.00625 0.01015625
4 0.4671875 0.15078125 0.00625 0.01328125
2 0.453125 0.1359375 0.0140625 0.021875
4 0.24140625 0.08828125 0.00546875 0.0109375
2 0.25 0.51640625 0.0140625 0.0234375
5 0.4109375 0.14921875 0.02109375 0.03984375
2 0.63046875 0.41328125 0.015625 0.02578125
2 0.61640625 0.4359375 0.01171875 0.021875
2 0.609375 0.465625 0.01484375 0.02421875
2 0.6015625 0.45859375 0.01328125 0.021875
2 0.60859375 0.48984375 0.0140625 0.02578125
2 0.58828125 0.48359375 0.0140625 0.021875
2 0.59765625 0.4875 0.01484375 0.02578125
4 0.59921875 0.50703125 0.00546875 0.009375
4 0.59296875 0.51875 0.00625 0.009375
4 0.6046875 0.51171875 0.00546875 0.009375
0 0.5859375 0.53359375 0.009375 0.01640625
4 0.83828125 0.9828125 0.00625 0.00703125
2 0.82265625 0.9953125 0.0140625 0.009375
2 0.81015625 0.9703125 0.01171875 0.0203125
4 0.734375 0.81640625 0.00546875 0.009375
4 0.70390625 0.80078125 0.00546875 0.0109375
0 0.69609375 0.7484375 0.009375 0.015625
0 0.678125 0.70234375 0.00703125 0.015625
0 0.56171875 0.6984375 0.00859375 0.01796875
0 0.59453125 0.73203125 0.00859375 0.01640625
0 0.6 0.72109375 0.009375 0.01796875
0 0.6015625 0.76640625 0.009375 0.01328125
0 0.315625 0.60234375 0.009375 0.01484375
0 0.328125 0.59921875 0.009375 0.01640625
0 0.34609375 0.58203125 0.009375 0.0140625
0 0.3546875 0.56640625 0.009375 0.0109375
0 0.36875 0.54296875 0.00859375 0.01484375
0 0.38359375 0.51328125 0.009375 0.01484375
0 0.4046875 0.5 0.009375 0.0140625
0 0.3953125 0.46953125 0.009375 0.01484375
0 0.3859375 0.4859375 0.009375 0.0140625
6 0.64921875 0.78828125 0.025 0.04375
3 0.37109375 0.50390625 0.0140625 0.02421875
4 0.3859375 0.4703125 0.00390625 0.01171875
4 0.3921875 0.465625 0.00546875 0.01015625
4 0.41015625 0.503125 0.00625 0.009375
4 0.3765625 0.5265625 0.00625 0.0109375
4 0.328125 0.5703125 0.00546875 0.009375
4 0.3234375 0.58359375 0.0046875 0.0109375
4 0.58359375 0.61640625 0.00546875 0.00859375
4 0.56640625 0.65078125 0.00625 0.0140625
4 0.55390625 0.64765625 0.00546875 0.009375
4 0.54765625 0.67265625 0.00546875 0.01015625
4 0.58828125 0.7328125 0.00546875 0.01171875
4 0.60078125 0.75234375 0.0046875 0.009375
4 0.59375 0.74296875 0.00625 0.009375
4 0.59609375 0.75 0.00546875 0.009375
4 0.58828125 0.7421875 0.00546875 0.01015625
4 0.58203125 0.7421875 0.00546875 0.01171875
4 0.58828125 0.753125 0.0046875 0.009375
4 0.62109375 0.765625 0.00546875 0.01171875
4 0.67421875 0.8359375 0.0046875 0.0109375
2 0.55078125 0.659375 0.01640625 0.0296875
2 0.57421875 0.71171875 0.01015625 0.021875
2 0.57734375 0.75078125 0.015625 0.02421875
2 0.6015625 0.70546875 0.01328125 0.021875
2 0.615625 0.73203125 0.01484375 0.028125
2 0.609375 0.7515625 0.0140625 0.0234375
2 0.6265625 0.76328125 0.01328125 0.02109375
2 0.61640625 0.78203125 0.01328125 0.02421875
2 0.609375 0.79609375 0.01484375 0.02421875
2 0.63046875 0.7859375 0.0140625 0.021875
2 0.6453125 0.81171875 0.0140625 0.021875
2 0.63046875 0.82421875 0.0140625 0.021875
2 0.66875 0.8140625 0.01484375 0.02421875
2 0.6640625 0.828125 0.0140625 0.0234375
2 0.65703125 0.83984375 0.0140625 0.028125
2 0.67109375 0.86171875 0.0140625 0.0234375
2 0.68515625 0.8390625 0.0140625 0.02109375
2 0.6828125 0.85625 0.01328125 0.0203125
2 0.7015625 0.86875 0.015625 0.02578125
2 0.69453125 0.9203125 0.015625 0.02421875
2 0.29921875 0.64375 0.0140625 0.02578125
2 0.29921875 0.67578125 0.01484375 0.02421875
2 0.32578125 0.65546875 0.0140625 0.025
2 0.3140625 0.68828125 0.0140625 0.0234375
2 0.33984375 0.634375 0.01171875 0.01875
2 0.33984375 0.60625 0.01640625 0.025
2 0.35390625 0.61171875 0.0140625 0.02421875
2 0.33828125 0.56328125 0.01484375 0.02421875
3 0.36171875 0.57421875 0.0140625 0.02109375
2 0.371875 0.58359375 0.0140625 0.02109375
2 0.35859375 0.54375 0.01484375 0.02421875
2 0.37734375 0.54609375 0.0140625 0.02421875
2 0.384375 0.55546875 0.01796875 0.02578125
2 0.39296875 0.52109375 0.01171875 0.01953125
2 0.40390625 0.52421875 0.0140625 0.02109375
2 0.40078125 0.484375 0.01640625 0.03046875