0 0.24921875 0.4875 0.0203125 0.02421875
0 0.20390625 0.5125 0.02109375 0.0296875
2 0.05546875 0.49609375 0.02578125 0.01484375
2 0.06953125 0.51640625 0.021875 0.01875
4 0.040625 0.48046875 0.01640625 0.01015625
2 0.20078125 0.54609375 0.02421875 0.01953125
2 0.2484375 0.54375 0.025 0.0234375
2 0.26640625 0.57421875 0.02109375 0.01953125
2 0.321875 0.54921875 0.02421875 0.01875
4 0.32578125 0.5640625 0.01328125 0.015625
4 0.340625 0.56796875 0.009375 0.015625
2 0.36640625 0.5390625 0.021875 0.0265625
2 0.41328125 0.54609375 0.02578125 0.02578125
0 0.33828125 0.60078125 0.01484375 0.01484375
2 0.38671875 0.971875 0.01640625 0.03828125
2 0.38671875 0.92890625 0.01328125 0.03125
2 0.38828125 0.8359375 0.01015625 0.0265625
2 0.38671875 0.80078125 0.0109375 0.03359375
4 0.396875 0.9125 0.01171875 0.02109375
2 0.38671875 0.996875 0.01640625 0.00625
2 0.471875 0.5953125 0.01796875 0.02109375
2 0.453125 0.6015625 0.0203125 0.01875
4 0.42578125 0.59609375 0.009375 0.009375
4 0.4640625 0.65546875 0.0046875 0.0234375
4 0.46953125 0.659375 0.00625 0.01640625
4 0.4890625 0.6484375 0.0046875 0.01640625
4 0.50078125 0.675 0.00546875 0.0234375
4 0.51015625 0.6734375 0.0046875 0.0265625
4 0.528125 0.671875 0.00546875 0.015625
4 0.5765625 0.671875 0.00703125 0.01875
4 0.61328125 0.67109375 0.00703125 0.01875
4 0.63515625 0.67109375 0.00390625 0.01484375
4 0.684375 0.67109375 0.0046875 0.01328125
2 0.67890625 0.58046875 0.01953125 0.0203125
2 0.65546875 0.55703125 0.0203125 0.0234375
2 0.67890625 0.5359375 0.01875 0.021875
2 0.70078125 0.553125 0.02421875 0.01640625
2 0.7109375 0.534375 0.01796875 0.01640625
2 0.72578125 0.55703125 0.021875 0.01640625
2 0.746875 0.54296875 0.0234375 0.03046875
0 0.6984375 0.58203125 0.01484375 0.01484375
0 0.696875 0.56796875 0.01171875 0.01015625
4 0.67109375 0.47890625 0.00703125 0.02421875
2 0.69453125 0.50234375 0.01796875 0.01640625
2 0.70390625 0.48046875 0.01640625 0.01484375
0 0.72734375 0.48046875 0.01328125 0.01484375
2 0.75078125 0.46796875 0.015625 0.01328125
0 0.75390625 0.48359375 0.01640625 0.0140625
2 0.7578125 0.503125 0.01796875 0.015625
2 0.771875 0.4875 0.0203125 0.0140625
2 0.79140625 0.48203125 0.01796875 0.015625
2 0.8125 0.4859375 0.02109375 0.01953125
2 0.83046875 0.46875 0.015625 0.01328125
2 0.834375 0.490625 0.01875 0.01015625
2 0.83828125 0.50625 0.01953125 0.01171875
2 0.81484375 0.50625 0.01875 0.015625
2 0.796875 0.509375 0.015625 0.01640625
2 0.77734375 0.50546875 0.015625 0.0109375
4 0.79453125 0.49375 0.003125 0.00546875
4 0.7984375 0.53203125 0.00859375 0.0109375
2 0.8265625 0.53515625 0.02109375 0.0234375
2 0.79921875 0.54453125 0.0203125 0.01796875
2 0.77734375 0.534375 0.01484375 0.01796875
2 0.771875 0.5578125 0.0203125 0.0109375
2 0.81953125 0.55859375 0.01953125 0.021875
0 0.83828125 0.55625 0.0140625 0.01015625
4 0.84140625 0.565625 0.01328125 0.009375
4 0.84453125 0.58046875 0.00859375 0.01953125
2 0.85625 0.55390625 0.0234375 0.0203125
2 0.86171875 0.534375 0.0234375 0.01640625
2 0.90546875 0.55390625 0.0234375 0.01875
0 0.903125 0.4609375 0.02578125 0.0234375
2 0.9015625 0.68984375 0.01015625 0.05078125
2 0.89453125 0.67578125 0.01875 0.03203125
4 0.88359375 0.671875 0.009375 0.03671875
4 0.96953125 0.5984375 0.00078125 0.00078125
2 0.95078125 0.5484375 0.0203125 0.02421875
3 0.975 0.5171875 0.0390625 0.04296875
2 0.98203125 0.55234375 0.01875 0.01484375
2 0.96015625 0.57578125 0.02578125 0.01640625
2 0.99453125 0.11640625 0.01015625 0.03203125
2 0.9921875 0.33828125 0.015625 0.02421875
2 0.98359375 0.3859375 0.01328125 0.01875
2 0.99375 0.37890625 0.01171875 0.0234375
4 0.97890625 0.371875 0.00546875 0.01875
0 0.5609375 0.5015625 0.0203125 0.02109375
4 0.5703125 0.48359375 0.01171875 0.021875
2 0.565625 0.5875 0.021875 0.02421875
2 0.60703125 0.5484375 0.01953125 0.0265625
2 0.61015625 0.58046875 0.0234375 0.0296875
0 0.3859375 0.7359375 0.01015625 0.01640625