2 0.03515625 0.5359375 0.02421875 0.0203125
2 0.14375 0.53671875 0.0234375 0.0203125
2 0.2234375 0.5328125 0.02109375 0.0234375
4 0.2046875 0.54765625 0.0109375 0.01328125
4 0.19375 0.56171875 0.0109375 0.01640625
4 0.1734375 0.553125 0.0109375 0.01484375
4 0.15078125 0.559375 0.01328125 0.015625
4 0.0734375 0.53671875 0.0109375 0.01328125
4 0.05390625 0.56484375 0.0140625 0.0140625
4 0.01953125 0.57109375 0.01484375 0.01328125
4 0.0078125 0.45703125 0.01328125 0.0140625
4 0.02578125 0.44375 0.01171875 0.01171875
4 0.06328125 0.43125 0.01171875 0.0140625
4 0.10546875 0.45546875 0.01328125 0.01484375
4 0.11796875 0.4296875 0.0109375 0.01640625
4 0.13671875 0.44140625 0.01015625 0.0140625
4 0.18125 0.434375 0.0140625 0.0109375
0 0.21796875 0.4375 0.0203125 0.01953125
0 0.3328125 0.54375 0.01640625 0.01640625
6 0.17890625 0.46328125 0.025 0.0234375
6 0.240625 0.46640625 0.021875 0.0140625
4 0.2921875 0.4265625 0.01171875 0.01171875
4 0.3203125 0.56640625 0.01171875 0.01171875
4 0.25546875 0.5640625 0.01015625 0.01328125
4 0.35390625 0.546875 0.01015625 0.01484375
4 0.3703125 0.525 0.01328125 0.01640625
4 0.3640625 0.559375 0.01015625 0.0140625
4 0.434375 0.55 0.01328125 0.01171875
4 0.4390625 0.52421875 0.01484375 0.01875
4 0.55078125 0.5234375 0.0140625 0.01328125
4 0.56328125 0.42109375 0.01171875 0.01171875
4 0.5578125 0.540625 0.01015625 0.01796875
4 0.60625 0.546875 0.0109375 0.00703125
4 0.62421875 0.5484375 0.01328125 0.01015625
4 0.60546875 0.55859375 0.01015625 0.0109375
2 0.61328125 0.52421875 0.0203125 0.015625
2 0.4734375 0.53359375 0.0265625 0.01875
2 0.753125 0.4546875 0.0234375 0.021875
4 0.8109375 0.446875 0.01171875 0.0140625
4 0.7640625 0.5234375 0.0140625 0.0109375
4 0.71875 0.53203125 0.01484375 0.00859375
4 0.73046875 0.54453125 0.0140625 0.0109375
4 0.74375 0.56015625 0.01328125 0.01171875
4 0.659375 0.4140625 0.0140625 0.01171875
0 0.67265625 0.43125 0.01796875 0.01484375
0 0.7234375 0.42421875 0.01796875 0.01640625
0 0.83671875 0.415625 0.0234375 0.0234375
0 0.871875 0.42890625 0.01953125 0.01640625
0 0.93203125 0.534375 0.01640625 0.01796875
4 0.90625 0.55078125 0.01640625 0.0140625
4 0.99453125 0.43828125 0.01015625 0.021875
3 0.96484375 0.51953125 0.03125 0.0203125