4 0.07890625 0.8859375 0.0140625 0.01171875
4 0.09140625 0.86953125 0.0140625 0.01875
4 0.12421875 0.78671875 0.01328125 0.01484375
4 0.14453125 0.80390625 0.01328125 0.01640625
4 0.1703125 0.8015625 0.015625 0.01171875
4 0.21796875 0.803125 0.01484375 0.01171875
4 0.18046875 0.88125 0.01484375 0.01796875
4 0.253125 0.88359375 0.009375 0.01171875
4 0.29375 0.70390625 0.0109375 0.015625
0 0.1703125 0.715625 0.015625 0.015625
0 0.146875 0.96484375 0.0140625 0.02421875
0 0.26328125 0.90390625 0.015625 0.01953125
5 0.2234375 0.678125 0.05546875 0.03046875
5 0.28046875 0.6703125 0.0546875 0.02890625
2 0.37890625 0.81953125 0.01875 0.02109375
3 0.38046875 0.7734375 0.021875 0.01875
0 0.40625 0.6796875 0.0140625 0.01484375
4 0.4203125 0.78984375 0.01328125 0.0109375
4 0.43125 0.6953125 0.0109375 0.0140625
4 0.45546875 0.79921875 0.01171875 0.009375
4 0.4734375 0.79296875 0.01171875 0.01328125
4 0.53046875 0.828125 0.01015625 0.01640625
4 0.5296875 0.6734375 0.00859375 0.01875
4 0.546875 0.72421875 0.00859375 0.01875
4 0.57734375 0.76796875 0.00859375 0.01796875
4 0.571875 0.87890625 0.0109375 0.01171875
4 0.58828125 0.87421875 0.0109375 0.0109375
2 0.5984375 0.85859375 0.0203125 0.01640625
2 0.42109375 0.8203125 0.021875 0.01953125
2 0.44921875 0.81640625 0.01875 0.0203125
2 0.47578125 0.81953125 0.01953125 0.021875
0 0.53125 0.796875 0.01328125 0.021875
0 0.60546875 0.7734375 0.01328125 0.01640625
0 0.628125 0.86796875 0.0140625 0.015625
4 0.61171875 0.88359375 0.01171875 0.01171875
4 0.58828125 0.90078125 0.0109375 0.01015625
4 0.58984375 0.91953125 0.0109375 0.0140625
0 0.50625 0.95 0.01484375 0.01328125
2 0.63359375 0.903125 0.021875 0.0203125
2 0.6734375 0.80390625 0.0234375 0.0265625
2 0.69375 0.87578125 0.01953125 0.0234375
2 0.7546875 0.86640625 0.021875 0.0234375
0 0.73671875 0.91015625 0.015625 0.015625
4 0.7859375 0.78984375 0.0109375 0.01484375
4 0.78671875 0.8609375 0.01015625 0.0140625
4 0.81328125 0.86484375 0.01171875 0.01171875
4 0.88515625 0.80390625 0.0109375 0.0109375
4 0.94296875 0.85859375 0.01328125 0.01015625
2 0.8984375 0.8703125 0.0234375 0.0203125
2 0.9734375 0.80390625 0.02421875 0.02109375
2 0.9796875 0.875 0.0234375 0.021875
3 0.88984375 0.8953125 0.0203125 0.01640625
4 0.95078125 0.7375 0.0140625 0.01171875
4 0.68828125 0.7 0.0109375 0.009375
4 0.64375 0.70703125 0.0109375 0.0109375
0 0.6578125 0.68125 0.01484375 0.01640625
2 0.5671875 0.85625 0.0203125 0.025
1 0.49453125 0.7609375 0.03125 0.09296875
2 0.50859375 0.68984375 0.009375 0.05
2 0.48125 0.4984375 0.01171875 0.04140625
4 0.521875 0.47734375 0.00625 0.02578125
6 0.48203125 0.36484375 0.015625 0.06171875
4 0.5234375 0.34296875 0.00703125 0.0234375
0 0.47578125 0.1609375 0.009375 0.0265625
4 0.51875 0.1453125 0.00703125 0.021875
4 0.4640625 0.071875 0.00859375 0.0234375