6 0.98515625 0.5421875 0.0296875 0.0375
2 0.984375 0.35234375 0.0296875 0.02890625
2 0.7734375 0.18203125 0.03125 0.0359375
2 0.7796875 0.26484375 0.03046875 0.02890625
2 0.50078125 0.36875 0.028125 0.03359375
2 0.15703125 0.25625 0.025 0.0453125
2 0.05625 0.14921875 0.021875 0.05625
2 0.0234375 0.246875 0.0265625 0.0546875
2 0.02265625 0.0375 0.01953125 0.04296875
2 0.0328125 0.4515625 0.03203125 0.03046875
2 0.046875 0.51484375 0.0265625 0.02421875
2 0.04453125 0.54375 0.02890625 0.021875
2 0.04765625 0.56640625 0.02890625 0.02578125
2 0.07578125 0.5109375 0.0296875 0.03125
2 0.08046875 0.53984375 0.028125 0.0296875
2 0.11875 0.5359375 0.025 0.02890625
4 0.009375 0.05859375 0.00625 0.02109375
4 0.10859375 0.39921875 0.0140625 0.0140625
4 0.0859375 0.40390625 0.0140625 0.0140625
4 0.0640625 0.4390625 0.015625 0.01484375
4 0.109375 0.44453125 0.015625 0.01875
4 0.16015625 0.4296875 0.015625 0.01484375
4 0.16640625 0.41484375 0.01640625 0.01953125
4 0.22265625 0.4296875 0.01640625 0.01796875
4 0.22890625 0.4640625 0.01484375 0.01484375
4 0.27578125 0.4359375 0.0140625 0.01953125
4 0.2625 0.36328125 0.01171875 0.01953125
4 0.353125 0.42265625 0.0140625 0.01875
4 0.2546875 0.54453125 0.01640625 0.02109375
4 0.1390625 0.56171875 0.01484375 0.01484375
4 0.11328125 0.57109375 0.01484375 0.01640625
4 0.11171875 0.58671875 0.015625 0.015625
4 0.065625 0.553125 0.01328125 0.01171875
4 0.04140625 0.5796875 0.015625 0.0203125
4 0.60859375 0.359375 0.01484375 0.01640625
4 0.8515625 0.53828125 0.0203125 0.01953125
0 0.90546875 0.50703125 0.0234375 0.021875
0 0.52265625 0.3984375 0.02109375 0.025
0 0.1984375 0.36640625 0.0234375 0.025
0 0.11015625 0.42109375 0.0234375 0.0234375
0 0.134375 0.5125 0.0234375 0.021875
6 0.071875 0.32109375 0.03125 0.075