5 0.21796875 0.69140625 0.05703125 0.03984375
5 0.278125 0.67890625 0.05546875 0.04140625
2 0.015625 0.759375 0.03125 0.03203125
2 0.08046875 0.75625 0.03203125 0.03125
2 0.23671875 0.82578125 0.0390625 0.0296875
2 0.37890625 0.88359375 0.02421875 0.03828125
2 0.3390625 0.93203125 0.0265625 0.025
2 0.3734375 0.9359375 0.021875 0.025
2 0.478125 0.55234375 0.0203125 0.0390625
2 0.503125 0.13828125 0.0140625 0.059375
2 0.46953125 0.23203125 0.01796875 0.0546875
2 0.49921875 0.25859375 0.0234375 0.04453125
2 0.5046875 0.3140625 0.01875 0.05078125
2 0.78984375 0.8140625 0.03125 0.04453125
2 0.86015625 0.87421875 0.0359375 0.03984375
4 0.0390625 0.81796875 0.01640625 0.034375
4 0.084375 0.81328125 0.02578125 0.0359375
4 0.1390625 0.72109375 0.0265625 0.034375
4 0.22890625 0.79453125 0.025 0.02109375
4 0.51640625 0.71015625 0.015625 0.040625
4 0.475 0.60546875 0.0234375 0.0296875
4 0.465625 0.6546875 0.02109375 0.02109375
4 0.51640625 0.3796875 0.01953125 0.04921875
4 0.46640625 0.3953125 0.01640625 0.025
4 0.47890625 0.4515625 0.01640625 0.02421875
4 0.51875 0.48125 0.015625 0.03125
4 0.46796875 0.04140625 0.01640625 0.0296875
4 0.51171875 0.028125 0.01875 0.0359375
4 0.50859375 0.77890625 0.01328125 0.02421875
4 0.47421875 0.79140625 0.009375 0.02421875
0 0.53046875 0.82578125 0.01640625 0.0359375
0 0.70078125 0.76875 0.0203125 0.01953125
4 0.7109375 0.79765625 0.01796875 0.01796875
4 0.91328125 0.790625 0.0140625 0.02109375
0 0.1265625 0.94453125 0.015625 0.02578125
4 0.46328125 0.34375 0.0140625 0.0296875