4 0.00625 0.39140625 0.0109375 0.01796875
4 0.01953125 0.34765625 0.01484375 0.01328125
4 0.02421875 0.3609375 0.01328125 0.0109375
4 0.0265625 0.37578125 0.01640625 0.01328125
4 0.04375 0.365625 0.0140625 0.015625
4 0.03671875 0.3859375 0.0125 0.0109375
4 0.0578125 0.33828125 0.0171875 0.0140625
4 0.01640625 0.3078125 0.0140625 0.0140625
4 0.0359375 0.29453125 0.01171875 0.01328125
4 0.015625 0.46328125 0.01171875 0.01484375
4 0.0671875 0.3546875 0.015625 0.0109375
4 0.08828125 0.36171875 0.0140625 0.0171875
4 0.09296875 0.39609375 0.0109375 0.0140625
4 0.1109375 0.46171875 0.01328125 0.01484375
4 0.1 0.38125 0.01484375 0.0140625
4 0.11640625 0.3546875 0.0125 0.015625
4 0.1171875 0.375 0.0125 0.0140625
4 0.0984375 0.31875 0.01640625 0.01171875
4 0.1046875 0.3 0.0140625 0.01640625
4 0.11015625 0.31484375 0.01484375 0.0125
4 0.14375 0.51328125 0.0125 0.01484375
4 0.1359375 0.3703125 0.01171875 0.0109375
4 0.140625 0.346875 0.015625 0.015625
4 0.1484375 0.27109375 0.009375 0.01171875
4 0.16484375 0.34140625 0.01328125 0.0140625
4 0.175 0.36875 0.0140625 0.01640625
2 0.14453125 0.43359375 0.0265625 0.028125
2 0.15859375 0.3921875 0.0296875 0.021875
0 0.12578125 0.29375 0.015625 0.0171875
0 0.1578125 0.284375 0.01640625 0.0140625
0 0.159375 0.31484375 0.0171875 0.0171875
0 0.1921875 0.31328125 0.01953125 0.015625
0 0.2078125 0.29765625 0.01640625 0.01953125
0 0.26875 0.31796875 0.01796875 0.01875
0 0.1921875 0.44296875 0.03203125 0.02734375
2 0.209375 0.43046875 0.00234375 0.00390625
4 0.1921875 0.35859375 0.0140625 0.01484375
4 0.2 0.35078125 0.0140625 0.009375
4 0.21484375 0.36640625 0.01015625 0.01015625
4 0.240625 0.3609375 0.0140625 0.01328125
4 0.25703125 0.3796875 0.015625 0.0140625
4 0.27578125 0.35234375 0.01328125 0.01328125
4 0.2796875 0.36953125 0.01328125 0.01171875
4 0.28359375 0.39609375 0.01328125 0.01328125
4 0.29140625 0.3875 0.00078125 0.00234375
4 0.3125 0.38203125 0.01328125 0.0171875
2 0.26875 0.4421875 0.02578125 0.01953125
4 0.353125 0.371875 0.01328125 0.01171875
4 0.35625 0.3859375 0.0140625 0.01796875
4 0.40859375 0.36171875 0.01015625 0.01328125
4 0.42265625 0.37421875 0.0125 0.0140625
4 0.41171875 0.3875 0.01484375 0.01328125
4 0.46953125 0.37265625 0.01484375 0.0140625
4 0.484375 0.36171875 0.015625 0.015625
4 0.50078125 0.3515625 0.0140625 0.0171875
4 0.47265625 0.40546875 0.01328125 0.0125
4 0.4828125 0.3921875 0.01328125 0.01640625
4 0.50625 0.37578125 0.01640625 0.0140625
4 0.51796875 0.36015625 0.0140625 0.01484375
4 0.421875 0.471875 0.0125 0.0140625
4 0.46640625 0.47578125 0.0140625 0.01328125
4 0.55078125 0.45625 0.009375 0.01328125
4 0.59140625 0.35703125 0.0125 0.01328125
4 0.58203125 0.38046875 0.0125 0.01328125
4 0.578125 0.40546875 0.0109375 0.0140625
4 0.6078125 0.3703125 0.0125 0.01015625
4 0.6078125 0.3875 0.01484375 0.009375
4 0.59609375 0.39765625 0.01484375 0.015625
4 0.6296875 0.40703125 0.0125 0.0140625
4 0.65546875 0.3484375 0.01171875 0.01328125
4 0.646875 0.39609375 0.01328125 0.01484375
4 0.65546875 0.36484375 0.0140625 0.0109375
4 0.6875 0.359375 0.01484375 0.01328125
4 0.71328125 0.35859375 0.01328125 0.0125
4 0.6859375 0.35859375 0.01328125 0.0109375
4 0.65390625 0.3484375 0.01484375 0.01171875
4 0.65625 0.3640625 0.01484375 0.01015625
4 0.68125 0.36796875 0.01328125 0.0125
4 0.62265625 0.403125 0.00078125 0.00078125
4 0.6890625 0.4078125 0.01171875 0.0109375
4 0.70234375 0.4 0.01328125 0.0109375
4 0.72578125 0.3734375 0.01328125 0.0109375
4 0.7296875 0.38984375 0.0109375 0.009375
4 0.74296875 0.38125 0.0109375 0.0125
4 0.74609375 0.40234375 0.01328125 0.01015625
4 0.75625 0.39140625 0.0125 0.0109375
4 0.771875 0.35 0.01328125 0.01015625
4 0.775 0.37734375 0.0140625 0.0125
0 0.80546875 0.36953125 0.01796875 0.015625
0 0.821875 0.4671875 0.015625 0.0125
2 0.7859375 0.3984375 0.0296875 0.0203125
4 0.88671875 0.36484375 0.0125 0.0109375
4 0.88125 0.37578125 0.0125 0.01171875
4 0.878125 0.3875 0.01328125 0.009375
4 0.8734375 0.3984375 0.01484375 0.01171875
4 0.8484375 0.4546875 0.01484375 0.01171875
4 0.91875 0.3890625 0.0140625 0.01171875
4 0.9328125 0.37734375 0.01328125 0.0125
4 0.9390625 0.3640625 0.01328125 0.01484375
4 0.925 0.4015625 0.015625 0.0109375
4 0.96796875 0.3609375 0.01328125 0.015625
4 0.96171875 0.37578125 0.0125 0.0109375
4 0.94453125 0.45390625 0.01328125 0.01328125
4 0.9625 0.4703125 0.01328125 0.0109375
0 0.77421875 0.3015625 0.015625 0.01484375
0 0.725 0.31328125 0.01328125 0.015625
4 0.72578125 0.278125 0.01015625 0.01015625
4 0.82578125 0.2265625 0.01015625 0.0171875
4 0.85546875 0.2546875 0.0140625 0.0140625
0 0.87890625 0.30234375 0.01953125 0.0109375
0 0.8703125 0.32265625 0.01796875 0.0140625
3 0.87421875 0.484375 0.02265625 0.01796875
0 0.7984375 0.51875 0.01953125 0.021875
4 0.85546875 0.5234375 0.0125 0.0109375
0 0.72578125 0.540625 0.015625 0.01484375
0 0.49375 0.7984375 0.01171875 0.0265625
0 0.49765625 0.75625 0.00859375 0.02578125
0 0.509375 0.79921875 0.009375 0.0265625
0 0.525 0.7265625 0.01171875 0.02421875
0 0.5140625 0.7640625 0.0078125 0.02578125
4 0.5203125 0.68828125 0.00390625 0.015625
4 0.50625 0.7390625 0.00625 0.0171875
4 0.4765625 0.68046875 0.0078125 0.01640625
4 0.51484375 0.71875 0.00625 0.015625
4 0.50703125 0.721875 0.0046875 0.0171875
4 0.50859375 0.7015625 0.00390625 0.01796875
4 0.51640625 0.70078125 0.00546875 0.015625
4 0.5 0.715625 0.0046875 0.015625
4 0.515625 0.5421875 0.01484375 0.0125
4 0.45625 0.5359375 0.01328125 0.01796875
4 0.47109375 0.54453125 0.01328125 0.015625
4 0.5046875 0.51875 0.0046875 0.01875
4 0.53046875 0.575 0.01171875 0.0140625
3 0.53359375 0.48515625 0.021875 0.01796875
3 0.5703125 0.48828125 0.01953125 0.01953125