2 0.1375 0.178125 0.02421875 0.0296875
4 0.32734375 0.553125 0.0109375 0.01640625
2 0.5859375 0.69375 0.02109375 0.021875
4 0.5734375 0.4640625 0.00859375 0.01796875
2 0.153125 0.3578125 0.02421875 0.021875
2 0.2171875 0.41796875 0.02109375 0.0203125
2 0.16953125 0.13515625 0.01875 0.0296875
0 0.43046875 0.42109375 0.01640625 0.01953125
2 0.290625 0.54296875 0.02421875 0.025
4 0.296875 0.59921875 0.009375 0.01171875
4 0.309375 0.5859375 0.01484375 0.01171875
0 0.2296875 0.596875 0.015625 0.0109375
0 0.23828125 0.5734375 0.0109375 0.0203125
0 0.24375 0.62421875 0.0140625 0.01484375
0 0.271875 0.7546875 0.015625 0.01796875
4 0.17421875 0.66875 0.01015625 0.01015625
3 0.19921875 0.771875 0.01875 0.01796875
4 0.23046875 0.6453125 0.01015625 0.0109375
4 0.0734375 0.6796875 0.0109375 0.01484375
0 0.053125 0.67265625 0.01796875 0.015625
0 0.02421875 0.68984375 0.015625 0.0140625
2 0.08671875 0.65546875 0.01796875 0.01796875
0 0.1109375 0.6890625 0.01796875 0.01640625
0 0.07109375 0.6453125 0.01171875 0.021875
4 0.04609375 0.696875 0.01015625 0.009375
3 0.18828125 0.67578125 0.0203125 0.01484375
0 0.396875 0.42578125 0.01171875 0.01640625
0 0.26796875 0.5890625 0.01328125 0.01484375
4 0.334375 0.58203125 0.01171875 0.01171875
4 0.3765625 0.53984375 0.01015625 0.015625
4 0.34921875 0.56875 0.01015625 0.01015625
3 0.39453125 0.4609375 0.009375 0.02421875
0 0.46484375 0.59453125 0.01640625 0.02109375
4 0.590625 0.67578125 0.009375 0.015625
0 0.39140625 0.4921875 0.01015625 0.02109375
2 0.39296875 0.64140625 0.02109375 0.02421875
0 0.4609375 0.38359375 0.01171875 0.01875
4 0.4453125 0.58671875 0.01171875 0.0140625
4 0.4015625 0.3890625 0.009375 0.015625
0 0.22421875 0.39921875 0.01640625 0.015625
4 0.21953125 0.23203125 0.0140625 0.0140625
4 0.059375 0.08046875 0.01171875 0.0203125
4 0.0359375 0.01328125 0.01015625 0.0140625
4 0.13671875 0.1453125 0.01328125 0.01484375
2 0.296875 0.253125 0.01640625 0.021875
3 0.278125 0.23125 0.01328125 0.04296875
0 0.55390625 0.65703125 0.01484375 0.015625
4 0.59140625 0.50703125 0.00859375 0.01640625
4 0.58359375 0.44453125 0.01015625 0.01484375
4 0.55546875 0.36484375 0.0109375 0.01640625
4 0.64921875 0.3109375 0.00859375 0.01796875
4 0.584375 0.35 0.0109375 0.0140625
4 0.66171875 0.25234375 0.00859375 0.015625
4 0.71953125 0.1984375 0.01328125 0.01484375
0 0.69375 0.23203125 0.01015625 0.0203125
3 0.6140625 0.3390625 0.01328125 0.01640625
4 0.73046875 0.1640625 0.009375 0.01640625
0 0.71875 0.146875 0.01015625 0.0234375
4 0.79921875 0.28203125 0.00859375 0.01953125
0 0.88828125 0.06796875 0.009375 0.01953125
0 0.7859375 0.3703125 0.01328125 0.0203125
0 0.690625 0.2890625 0.01015625 0.01796875
0 0.775 0.37109375 0.01015625 0.025
0 0.76953125 0.41796875 0.0140625 0.0234375
0 0.7140625 0.4484375 0.0109375 0.0203125
0 0.54140625 0.61796875 0.0140625 0.01640625
2 0.58359375 0.521875 0.015625 0.025
0 0.590625 0.60625 0.01171875 0.01796875
4 0.61796875 0.690625 0.01015625 0.01640625
2 0.61875 0.41171875 0.01796875 0.02890625
0 0.58515625 0.64765625 0.0140625 0.01640625
0 0.640625 0.5671875 0.01171875 0.01796875
0 0.51796875 0.6703125 0.0140625 0.01875
4 0.5359375 0.646875 0.01171875 0.01875
0 0.5109375 0.54609375 0.009375 0.025
4 0.390625 0.36875 0.01015625 0.01640625
3 0.56875 0.50078125 0.01640625 0.015625
4 0.73046875 0.6875 0.0109375 0.015625
2 0.703125 0.61640625 0.01640625 0.03203125
2 0.72265625 0.6359375 0.01953125 0.03046875
0 0.64140625 0.77265625 0.00859375 0.01328125
2 0.796875 0.75625 0.0203125 0.03046875
4 0.6890625 0.70390625 0.0109375 0.01484375
4 0.6203125 0.74375 0.0109375 0.0109375
0 0.68828125 0.84140625 0.01171875 0.01796875
0 0.70546875 0.8515625 0.01328125 0.01796875
2 0.84375 0.92265625 0.0234375 0.040625
2 0.85078125 0.8203125 0.025 0.03203125
0 0.853125 0.7890625 0.0140625 0.021875
4 0.82578125 0.80390625 0.0109375 0.01640625
0 0.74296875 0.7203125 0.01171875 0.01953125
4 0.34609375 0.59453125 0.01171875 0.0140625
0 0.253125 0.6390625 0.01484375 0.01640625
4 0.16953125 0.75703125 0.009375 0.01796875
4 0.2046875 0.70625 0.01328125 0.01171875
0 0.10546875 0.7078125 0.01640625 0.01640625
4 0.14609375 0.746875 0.0109375 0.01796875
4 0.35703125 0.55234375 0.009375 0.01640625
4 0.36875 0.54453125 0.00859375 0.0140625
2 0.359375 0.50703125 0.01875 0.028125
2 0.29921875 0.4484375 0.0109375 0.01875
4 0.39296875 0.44375 0.009375 0.015625
2 0.62578125 0.57578125 0.01796875 0.02578125
0 0.69140625 0.25859375 0.01015625 0.01953125
4 0.6390625 0.35625 0.00859375 0.0203125
4 0.58671875 0.46640625 0.01015625 0.01171875
4 0.6984375 0.20859375 0.0140625 0.0203125
4 0.36796875 0.34453125 0.009375 0.0109375
0 0.68125 0.2359375 0.01328125 0.0203125
0 0.7453125 0.11171875 0.00703125 0.01953125
4 0.82890625 0.2140625 0.01171875 0.01953125
0 0.784375 0.0421875 0.01171875 0.021875
4 0.74296875 0.06484375 0.01171875 0.015625
0 0.690625 0.19140625 0.015625 0.0234375
4 0.765625 0.3640625 0.00703125 0.015625
4 0.74140625 0.45859375 0.01015625 0.015625
4 0.66171875 0.60078125 0.009375 0.0109375
4 0.6171875 0.5390625 0.00859375 0.01171875
4 0.603125 0.5140625 0.01015625 0.01171875
4 0.7046875 0.50546875 0.0109375 0.01484375
4 0.61015625 0.50859375 0.00703125 0.0140625
4 0.66953125 0.5171875 0.009375 0.01328125
4 0.653125 0.60390625 0.00859375 0.01953125
2 0.5140625 0.6421875 0.02109375 0.02578125
4 0.61953125 0.72578125 0.01015625 0.01953125
3 0.7026481609374999 0.8350235078124999 0.7027976921875 0.8291388109375 0.6895656234375 0.815518175 0.6869958359375 0.8283833734374999 0.700545621875 0.8424936109375001 0.7026481609374999 0.8350235078124999
4 0.80390625 0.89453125 0.01640625 0.01640625
2 0.890625 0.8625 0.025 0.03515625
4 0.9859375 0.96171875 0.01171875 0.01796875
0 0.45078125 0.42109375 0.0109375 0.01171875
4 0.41171875 0.4203125 0.01015625 0.01875
4 0.440625 0.39375 0.009375 0.01484375
0 0.38984375 0.53828125 0.01484375 0.02890625
4 0.46484375 0.40390625 0.00859375 0.01875
0 0.48515625 0.57890625 0.01328125 0.01953125
4 0.38203125 0.559375 0.009375 0.01484375
2 0.52265625 0.61171875 0.01875 0.03046875
0 0.55078125 0.446875 0.0140625 0.01796875
2 0.76171875 0.84921875 0.02578125 0.0359375
4 0.65078125 0.56171875 0.00859375 0.01796875
3 0.528125 0.45625 0.01796875 0.0203125
3 0.590625 0.4890625 0.01328125 0.015625
2 0.5390625 0.49140625 0.01796875 0.03203125
3 0.78828125 0.69140625 0.01484375 0.0203125
4 0.81328125 0.73203125 0.01015625 0.01796875
3 0.93671875 0.91875 0.021875 0.03046875
0 0.85859375 0.96640625 0.0140625 0.01875
0 0.5828125 0.5890625 0.01171875 0.021875
4 0.33359375 0.32109375 0.009375 0.01171875
4 0.2359375 0.26640625 0.009375 0.01328125
4 0.28046875 0.2609375 0.009375 0.01171875
0 0.065625 0.25078125 0.01484375 0.0203125
4 0.04453125 0.20625 0.0109375 0.0109375
0 0.16328125 0.66015625 0.01484375 0.01328125
4 0.00703125 0.73359375 0.01328125 0.01171875
0 0.06015625 0.75625 0.01640625 0.01328125
3 0.05 0.821875 0.01875 0.0140625
4 0.72265625 0.834375 0.00859375 0.01796875
4 0.79921875 0.30859375 0.009375 0.0109375
4 0.81328125 0.30703125 0.0109375 0.01328125
4 0.86328125 0.14609375 0.01171875 0.0203125
0 0.87890625 0.1015625 0.00859375 0.0203125
4 0.70078125 0.1859375 0.00859375 0.01875
4 0.7828125 0.00859375 0.01015625 0.01640625
0 0.51875 0.50859375 0.015625 0.01953125
4 0.54921875 0.63828125 0.01015625 0.01484375
4 0.55546875 0.6109375 0.0109375 0.01015625
4 0.56796875 0.6015625 0.00859375 0.009375
4 0.56796875 0.61875 0.00859375 0.009375
4 0.565625 0.63046875 0.00859375 0.0109375
4 0.5671875 0.640625 0.01015625 0.00859375
4 0.5765625 0.609375 0.00859375 0.015625
0 0.5828125 0.6265625 0.01640625 0.01796875
4 0.56171875 0.69375 0.01171875 0.01640625
4 0.521875 0.57421875 0.01171875 0.01875
0 0.3640625 0.565625 0.0140625 0.01953125
3 0.68984375 0.78203125 0.028125 0.03828125
4 0.75703125 0.66328125 0.01015625 0.0203125
4 0.55546875 0.503125 0.00859375 0.01328125
0 0.56796875 0.515625 0.01171875 0.01875
5 0.36171875 0.36953125 0.0453125 0.05390625
3 0.24921875 0.25625 0.01796875 0.02109375
1 0.40703125 0.515625 0.0234375 0.0765625
2 0.4671875 0.66796875 0.0203125 0.02109375
2 0.78671875 0.8640625 0.0203125 0.03046875
2 0.73046875 0.81796875 0.0234375 0.0359375
5 0.7953125 0.25078125 0.03515625 0.0703125
2 0.8453125 0.14609375 0.01796875 0.03359375
2 0.86796875 0.0921875 0.01796875 0.034375
2 0.52421875 0.5390625 0.01796875 0.03125