4 0.0359375 0.53828125 0.01484375 0.01328125
4 0.0203125 0.5265625 0.0109375 0.009375
4 0.05859375 0.5296875 0.015625 0.0109375
4 0.0578125 0.55703125 0.0109375 0.01484375
4 0.07265625 0.559375 0.0109375 0.01328125
4 0.09765625 0.55390625 0.0109375 0.01328125
4 0.15703125 0.553125 0.01015625 0.015625
4 0.16484375 0.56484375 0.0109375 0.01484375
4 0.1890625 0.55 0.01171875 0.01796875
4 0.22109375 0.5515625 0.0140625 0.015625
4 0.20390625 0.56953125 0.01171875 0.0140625
4 0.18515625 0.44921875 0.0109375 0.01171875
4 0.2140625 0.45625 0.015625 0.015625
4 0.140625 0.4484375 0.0140625 0.0140625
4 0.0859375 0.46796875 0.0140625 0.015625
0 0.0984375 0.43359375 0.01796875 0.01640625
0 0.084375 0.45078125 0.021875 0.015625
0 0.01640625 0.54609375 0.01640625 0.01640625
0 0.1234375 0.55625 0.015625 0.01328125
0 0.16640625 0.434375 0.0234375 0.01796875
0 0.278125 0.43359375 0.01640625 0.01171875
4 0.284375 0.45078125 0.01484375 0.01875
4 0.3265625 0.440625 0.01328125 0.0109375
4 0.35078125 0.42265625 0.01484375 0.0140625
4 0.37578125 0.43125 0.01484375 0.01328125
4 0.36171875 0.52421875 0.01484375 0.01015625
4 0.340625 0.52890625 0.01328125 0.01171875
4 0.31640625 0.5359375 0.01171875 0.015625
4 0.33515625 0.55 0.01484375 0.01640625
4 0.33125 0.56640625 0.01328125 0.0109375
4 0.403125 0.54609375 0.01171875 0.01484375
4 0.42578125 0.42578125 0.0140625 0.0140625
4 0.46484375 0.440625 0.01171875 0.0140625
4 0.45390625 0.54609375 0.0140625 0.01328125
4 0.4484375 0.565625 0.01171875 0.01484375
4 0.4765625 0.53984375 0.0109375 0.01171875
4 0.51953125 0.54609375 0.01171875 0.01484375
4 0.53125 0.5390625 0.0109375 0.0140625
4 0.5546875 0.55 0.0109375 0.01640625
4 0.5734375 0.54296875 0.01171875 0.01484375
4 0.5765625 0.56171875 0.0109375 0.01484375
4 0.540625 0.43125 0.01328125 0.0140625
4 0.52890625 0.41640625 0.01640625 0.01484375
4 0.58828125 0.421875 0.0109375 0.0109375
6 0.61640625 0.52578125 0.0609375 0.02890625
4 0.6078125 0.55078125 0.015625 0.015625
4 0.64140625 0.45625 0.01484375 0.01796875
4 0.63828125 0.43515625 0.01171875 0.0109375
4 0.678125 0.53984375 0.01171875 0.01484375
4 0.665625 0.55 0.01484375 0.0109375
4 0.66875 0.56015625 0.01484375 0.0109375
4 0.7421875 0.55625 0.015625 0.01015625
4 0.76796875 0.54609375 0.01484375 0.01484375
4 0.775 0.53203125 0.015625 0.01640625
4 0.746875 0.44453125 0.01484375 0.01171875
4 0.70703125 0.428125 0.0140625 0.01640625
4 0.79375 0.4140625 0.0140625 0.01171875
4 0.803125 0.52578125 0.01484375 0.0203125
4 0.79609375 0.54765625 0.01328125 0.015625
4 0.871875 0.54140625 0.015625 0.01484375
4 0.90859375 0.54609375 0.01484375 0.015625
0 0.83828125 0.44609375 0.01796875 0.01796875
0 0.8203125 0.4296875 0.01875 0.0203125
4 0.91796875 0.4109375 0.015625 0.0109375
4 0.97890625 0.4265625 0.0140625 0.01640625
4 0.984375 0.52890625 0.01484375 0.0109375
4 0.97578125 0.55625 0.01484375 0.0140625
2 0.95546875 0.51875 0.03203125 0.02578125
2 0.88125 0.42265625 0.0296875 0.01953125
6 0.909375 0.4484375 0.04375 0.03515625
2 0.84765625 0.51640625 0.028125 0.0203125
6 0.2515625 0.534375 0.03203125 0.03359375
0 0.0390625 0.5609375 0.01796875 0.0203125
4 0.05625 0.571875 0.01171875 0.0140625
6 0.50859375 0.5234375 0.0296875 0.02421875