2 0.0390625 0.5453125 0.01328125 0.04140625
2 0.21796875 0.30234375 0.0109375 0.0296875
2 0.2171875 0.39140625 0.00703125 0.04296875
2 0.228125 0.48359375 0.009375 0.03984375
2 0.22421875 0.51953125 0.00546875 0.03203125
2 0.42421875 0.47265625 0.00859375 0.03125
2 0.43359375 0.41640625 0.01484375 0.03515625
2 0.42265625 0.515625 0.01015625 0.03984375
2 0.40234375 0.62421875 0.01875 0.01953125
2 0.059375 0.63828125 0.01875 0.01875
2 0.37421875 0.6828125 0.02109375 0.028125
2 0.446875 0.640625 0.01015625 0.03671875
2 0.4578125 0.6640625 0.01640625 0.02890625
2 0.46328125 0.69375 0.01015625 0.03125
2 0.4421875 0.71796875 0.01171875 0.0359375
2 0.51953125 0.38125 0.00546875 0.0359375
2 0.5828125 0.33203125 0.0203125 0.025
2 0.546875 0.50390625 0.0203125 0.028125
2 0.4625 0.7734375 0.00859375 0.02421875
2 0.45703125 0.81875 0.01328125 0.03984375
2 0.4484375 0.87578125 0.01015625 0.03359375
2 0.4546875 0.9421875 0.01171875 0.04375
3 0.58203125 0.26171875 0.0140625 0.04609375
2 0.5453125 0.73828125 0.01484375 0.03125
2 0.5328125 0.74453125 0.009375 0.040625
2 0.54296875 0.76953125 0.01484375 0.0234375
2 0.53203125 0.85078125 0.01015625 0.03203125
2 0.51015625 0.8765625 0.01015625 0.02890625
1 0.5296875 0.4390625 0.02421875 0.03359375
2 0.46796875 0.62890625 0.00859375 0.02421875
2 0.56796875 0.97421875 0.01796875 0.01796875
2 0.5671875 0.990625 0.01484375 0.01875
2 0.81796875 0.89375 0.01171875 0.03984375
2 0.84296875 0.90703125 0.0109375 0.0453125
2 0.8515625 0.91015625 0.01328125 0.04296875
2 0.80703125 0.953125 0.01796875 0.01953125
2 0.80703125 0.97578125 0.01796875 0.01875
2 0.80234375 0.98984375 0.0140625 0.0203125
2 0.6484375 0.515625 0.0203125 0.01796875
2 0.61640625 0.52109375 0.01484375 0.01484375
2 0.20078125 0.7203125 0.0203125 0.01796875
2 0.39609375 0.778125 0.009375 0.03671875
2 0.39296875 0.84765625 0.00859375 0.02421875
2 0.39453125 0.86796875 0.0140625 0.01484375
2 0.3921875 0.8859375 0.01171875 0.021875
2 0.390625 0.95078125 0.009375 0.02890625
0 0.39609375 0.71171875 0.01484375 0.01875
0 0.290625 0.70546875 0.01484375 0.01484375
0 0.40078125 0.60625 0.01640625 0.0203125
0 0.44765625 0.68203125 0.01015625 0.02421875
0 0.54375 0.65234375 0.01015625 0.021875
0 0.521875 0.80234375 0.00859375 0.0296875
0 0.53671875 0.7953125 0.01015625 0.0234375
0 0.54140625 0.81640625 0.01328125 0.02890625
0 0.54375 0.83828125 0.00859375 0.02578125
0 0.5453125 0.8625 0.00859375 0.02578125
0 0.54609375 0.88125 0.00859375 0.028125
0 0.54375 0.90703125 0.01015625 0.02578125
0 0.528125 0.890625 0.009375 0.028125
0 0.53125 0.96171875 0.00859375 0.02109375
0 0.540625 0.9625 0.00703125 0.01953125
0 0.53046875 0.984375 0.00859375 0.02421875
0 0.440625 0.9484375 0.01171875 0.0265625
4 0.05390625 0.67265625 0.0109375 0.01640625
4 0.06796875 0.659375 0.01796875 0.02109375
4 0.08203125 0.69140625 0.01328125 0.01796875
4 0.121875 0.69609375 0.01328125 0.01640625
4 0.2234375 0.6984375 0.0109375 0.021875
4 0.25234375 0.6828125 0.0109375 0.01640625
4 0.29140625 0.684375 0.01171875 0.02109375
4 0.346875 0.66875 0.0140625 0.0140625
4 0.375 0.6359375 0.01796875 0.01796875
4 0.39296875 0.64296875 0.009375 0.01875
4 0.42109375 0.615625 0.0109375 0.01796875
4 0.43046875 0.778125 0.0109375 0.01640625
4 0.4375 0.75703125 0.00546875 0.0265625
4 0.44296875 0.75390625 0.01015625 0.02109375
4 0.453125 0.7515625 0.00859375 0.0234375
4 0.45078125 0.71015625 0.0109375 0.0265625
4 0.44453125 0.51875 0.009375 0.02421875
4 0.44765625 0.42421875 0.00546875 0.02890625
4 0.45703125 0.42265625 0.00859375 0.0296875
4 0.46484375 0.42734375 0.009375 0.0296875
4 0.4546875 0.43671875 0.00859375 0.02421875
4 0.4578125 0.48671875 0.009375 0.01953125
4 0.521875 0.55546875 0.00859375 0.01875
4 0.51796875 0.58046875 0.00703125 0.01953125
4 0.54921875 0.4703125 0.01640625 0.02421875
4 0.52578125 0.93515625 0.0140625 0.0234375
4 0.553125 0.93125 0.00859375 0.01953125
4 0.4609375 0.859375 0.01015625 0.02421875
4 0.440625 0.89140625 0.0109375 0.01328125
4 0.63515625 0.46640625 0.01328125 0.02109375
4 0.67890625 0.47890625 0.01640625 0.021875
4 0.703125 0.47578125 0.015625 0.02109375
4 0.96328125 0.5109375 0.01640625 0.01640625
4 0.865625 0.36015625 0.01171875 0.0140625
4 0.93984375 0.3515625 0.01015625 0.01796875
4 0.93515625 0.3234375 0.01171875 0.0140625
4 0.74921875 0.346875 0.0140625 0.01328125
4 0.72578125 0.3578125 0.01640625 0.01875
4 0.53046875 0.28046875 0.01328125 0.02890625
4 0.5296875 0.18671875 0.01328125 0.0234375
4 0.51875 0.21875 0.00546875 0.0234375
4 0.5234375 0.24609375 0.01171875 0.0265625
2 0.75078125 0.47421875 0.02109375 0.01953125
2 0.83203125 0.52734375 0.0203125 0.02421875
2 0.896875 0.53203125 0.0265625 0.021875
2 0.61953125 0.01171875 0.0203125 0.02109375
2 0.62109375 0.03046875 0.0203125 0.025
2 0.615625 0.05234375 0.02421875 0.028125
2 0.58671875 0.05625 0.02109375 0.01484375
2 0.58203125 0.1015625 0.01796875 0.0234375
2 0.5703125 0.11640625 0.01796875 0.01953125
2 0.56875 0.13125 0.01875 0.01796875
2 0.56796875 0.14921875 0.0203125 0.02109375
2 0.57109375 0.1671875 0.021875 0.01953125
2 0.56953125 0.1875 0.01796875 0.0234375
2 0.56875 0.20859375 0.015625 0.01796875
2 0.871875 0.14296875 0.01171875 0.040625
2 0.86875 0.1828125 0.0109375 0.034375
2 0.8703125 0.21875 0.00859375 0.03203125
2 0.91953125 0.334375 0.01640625 0.02109375
2 0.796875 0.20546875 0.01640625 0.03515625
2 0.80078125 0.16875 0.0140625 0.03203125
2 0.7734375 0.26484375 0.00859375 0.03046875
2 0.71328125 0.2875 0.01484375 0.03125
2 0.83125 0.2734375 0.00859375 0.03125
2 0.984375 0.303125 0.028125 0.02109375
2 0.690625 0.5203125 0.01640625 0.01796875
2 0.69296875 0.55078125 0.01171875 0.04296875
2 0.53125 0.071875 0.01328125 0.04453125
2 0.52109375 0.125 0.01015625 0.04921875
0 0.55625 0.04375 0.01015625 0.028125
0 0.5765625 0.03515625 0.00546875 0.03125
0 0.55546875 0.12734375 0.00859375 0.025
0 0.65 0.315625 0.0140625 0.01953125
0 0.69296875 0.31953125 0.01640625 0.01796875
0 0.54453125 0.2265625 0.009375 0.02890625
0 0.86328125 0.29609375 0.01171875 0.03671875
0 0.82421875 0.49921875 0.01640625 0.01875
0 0.571875 0.45390625 0.01875 0.02890625
2 0.40859375 0.16875 0.0140625 0.03671875
2 0.41875 0.1828125 0.009375 0.04609375
2 0.43203125 0.178125 0.01796875 0.02421875
2 0.3640625 0.059375 0.009375 0.03984375
2 0.34140625 0.059375 0.00546875 0.04140625
2 0.34375 0.10859375 0.01640625 0.01953125
2 0.31171875 0.1015625 0.0203125 0.01484375
2 0.296875 0.09453125 0.0140625 0.015625
2 0.23125 0.07421875 0.01640625 0.01796875
2 0.21328125 0.06640625 0.01875 0.01796875
2 0.1984375 0.06171875 0.01484375 0.01484375
2 0.1 0.03671875 0.0203125 0.021875
2 0.0515625 0.08671875 0.0109375 0.04453125
2 0.04921875 0.12890625 0.01328125 0.05390625
2 0.04921875 0.21640625 0.009375 0.034375
2 0.2359375 0.25859375 0.01015625 0.04296875
2 0.19140625 0.090625 0.01796875 0.01953125
0 0.3296875 0.034375 0.01171875 0.0234375
4 0.45546875 0.16796875 0.00859375 0.0203125
4 0.4640625 0.17734375 0.009375 0.0234375
4 0.46171875 0.2328125 0.0109375 0.02578125
4 0.4390625 0.284375 0.009375 0.025
4 0.4453125 0.196875 0.00859375 0.0234375
4 0.4359375 0.23046875 0.00859375 0.02109375
0 0.24296875 0.0203125 0.0109375 0.02890625
4 0.03359375 0.2828125 0.00859375 0.01796875
4 0.03125 0.32109375 0.01328125 0.02109375
4 0.99296875 0.33046875 0.0140625 0.0109375