2 0.765625 0.17421875 0.03046875 0.028125
2 0.775 0.2546875 0.0296875 0.025
3 0.87890625 0.425 0.021875 0.02109375
2 0.7421875 0.38515625 0.0234375 0.0203125
4 0.84453125 0.5265625 0.01328125 0.01484375
2 0.71796875 0.48984375 0.02890625 0.0265625
2 0.49765625 0.36640625 0.02578125 0.025
0 0.5359375 0.5234375 0.02109375 0.02578125
4 0.471875 0.5625 0.015625 0.01484375
6 0.4640625 0.5890625 0.0453125 0.02890625
4 0.3265625 0.40859375 0.01484375 0.01796875
4 0.2578125 0.36796875 0.01484375 0.01171875
4 0.24453125 0.56015625 0.0140625 0.01875
0 0.1921875 0.3734375 0.0234375 0.0234375
2 0.153125 0.2609375 0.02421875 0.046875
0 0.16875 0.546875 0.0234375 0.021875
2 0.15859375 0.57890625 0.0265625 0.0234375
4 0.04140625 0.55859375 0.01640625 0.01328125
2 0.03125 0.58359375 0.02421875 0.021875
3 0.06953125 0.3265625 0.02578125 0.06484375
2 0.01640625 0.0453125 0.01640625 0.0484375
4 0.021875 0.009375 0.009375 0.01875
4 0.08828125 0.07109375 0.01171875 0.01875
5 0.05625 0.10390625 0.03046875 0.084375
2 0.03125 0.2015625 0.0203125 0.0484375
0 0.0234375 0.2546875 0.0140625 0.0265625
2 0.02890625 0.2859375 0.01875 0.04140625
2 0.0109375 0.29140625 0.01796875 0.04296875
2 0.00625 0.37578125 0.0125 0.0421875