2 0.359375 0.28984375 0.01796875 0.01484375
2 0.41953125 0.25546875 0.01171875 0.02109375
2 0.40859375 0.21953125 0.01640625 0.01875
2 0.52421875 0.3265625 0.00625 0.02890625
2 0.5359375 0.32578125 0.00859375 0.0296875
2 0.5765625 0.31640625 0.00703125 0.025
2 0.58515625 0.31640625 0.00859375 0.02421875
2 0.98359375 0.8734375 0.0109375 0.02578125
2 0.96875 0.90703125 0.009375 0.0265625
2 0.73828125 0.6515625 0.00859375 0.0234375
6 0.90390625 0.63828125 0.03984375 0.0203125
5 0.73671875 0.38046875 0.04609375 0.01953125
6 0.68046875 0.38359375 0.04140625 0.01953125
6 0.296875 0.63671875 0.03046875 0.01953125
6 0.165625 0.64453125 0.0390625 0.01953125
6 0.14140625 0.6765625 0.0390625 0.025
4 0.56640625 0.278125 0.0046875 0.0140625
3 0.77734375 0.8546875 0.021875 0.01796875
3 0.734375 0.90078125 0.009375 0.03515625
4 0.54375 0.278125 0.00390625 0.0140625
4 0.56015625 0.2921875 0.003125 0.01484375
4 0.58671875 0.28046875 0.0046875 0.01484375
4 0.5984375 0.30625 0.00390625 0.01484375
4 0.5859375 0.2390625 0.00390625 0.01484375
4 0.55078125 0.2265625 0.00390625 0.0109375
4 0.559375 0.228125 0.0046875 0.01171875
4 0.6 0.23984375 0.003125 0.01328125
4 0.5359375 0.27890625 0.00390625 0.01328125
4 0.43125 0.271875 0.00390625 0.01328125
4 0.59296875 0.24140625 0.003125 0.01328125
4 0.54921875 0.2796875 0.003125 0.0140625
4 0.55625 0.29375 0.003125 0.01171875
4 0.56484375 0.29375 0.003125 0.0109375
0 0.8421875 0.64453125 0.01484375 0.01484375
2 0.7 0.646875 0.00546875 0.025
2 0.69375 0.63046875 0.00625 0.02421875
2 0.68515625 0.634375 0.00625 0.021875
2 0.69296875 0.65625 0.00625 0.01953125
0 0.840625 0.60390625 0.01171875 0.00859375
5 0.98125 0.56015625 0.0359375 0.0234375
0 0.58828125 0.4015625 0.00859375 0.009375
2 0.0796875 0.50703125 0.01875 0.01328125
2 0.5953125 0.62421875 0.0109375 0.01171875
6 0.8796875 0.58359375 0.04296875 0.03984375
6 0.94453125 0.60234375 0.03046875 0.025
6 0.51171875 0.621875 0.02890625 0.021875
4 0.58203125 0.4234375 0.00703125 0.00859375
4 0.63203125 0.58125 0.00859375 0.0109375
2 0.234375 0.5984375 0.0140625 0.0140625
4 0.19453125 0.55234375 0.009375 0.01015625
4 0.68125 0.58046875 0.00703125 0.0109375
3 0.89921875 0.40703125 0.01953125 0.0140625
4 0.3296875 0.5890625 0.00546875 0.00859375
4 0.603125 0.5859375 0.01015625 0.0140625
2 0.2234375 0.50234375 0.01640625 0.0140625
2 0.390625 0.303125 0.0109375 0.0265625
3 0.85625 0.4140625 0.01875 0.01484375
6 0.721875 0.44609375 0.02578125 0.01953125
4 0.5671875 0.5828125 0.00546875 0.00859375
6 0.36640625 0.60625 0.02421875 0.01484375
2 0.5125 0.31015625 0.00859375 0.02421875
6 0.715625 0.53515625 0.02890625 0.01796875
4 0.7453125 0.58515625 0.00859375 0.0140625
4 0.78125 0.59453125 0.00859375 0.0140625
1 0.82109375 0.58046875 0.03046875 0.01640625
6 0.86875 0.7203125 0.01015625 0.03671875
2 0.98671875 0.5859375 0.01796875 0.01328125