4 0.03671875 0.56328125 0.01328125 0.01484375
4 0.03828125 0.546875 0.01328125 0.01171875
4 0.05859375 0.528125 0.01484375 0.0140625
4 0.08203125 0.52578125 0.0140625 0.015625
4 0.09296875 0.53359375 0.009375 0.01015625
4 0.128125 0.53203125 0.01171875 0.01875
4 0.146875 0.528125 0.0140625 0.01640625
4 0.1609375 0.53125 0.01015625 0.015625
4 0.15625 0.54296875 0.01015625 0.0109375
4 0.1703125 0.54921875 0.0109375 0.01328125
4 0.14453125 0.5703125 0.0109375 0.009375
4 0.0984375 0.5453125 0.01171875 0.01640625
4 0.078125 0.44140625 0.0109375 0.015625
4 0.14453125 0.44921875 0.015625 0.01171875
4 0.16328125 0.43984375 0.01484375 0.00859375
4 0.2015625 0.43515625 0.01015625 0.01484375
4 0.24375 0.43671875 0.01328125 0.0140625
4 0.1984375 0.53828125 0.0109375 0.0140625
4 0.21640625 0.53046875 0.01328125 0.01640625
4 0.2375 0.54296875 0.0109375 0.01171875
4 0.2625 0.53515625 0.01015625 0.01015625
2 0.178125 0.47109375 0.02890625 0.0234375
0 0.10078125 0.5609375 0.01640625 0.01796875
0 0.02109375 0.45625 0.0265625 0.02421875
0 0.2859375 0.553125 0.015625 0.01640625
4 0.2984375 0.53203125 0.01328125 0.015625
4 0.31171875 0.54921875 0.01328125 0.0140625
4 0.32109375 0.53984375 0.0109375 0.00859375
4 0.30625 0.4640625 0.015625 0.01171875
4 0.3046875 0.4453125 0.01796875 0.015625
4 0.371875 0.4640625 0.01328125 0.01484375
4 0.38359375 0.44921875 0.0140625 0.0109375
4 0.41953125 0.446875 0.01328125 0.01484375
4 0.43671875 0.45859375 0.01171875 0.01484375
4 0.471875 0.453125 0.01015625 0.0140625
2 0.38984375 0.53046875 0.021875 0.02109375
2 0.4140625 0.546875 0.0234375 0.0203125
2 0.49453125 0.52890625 0.025 0.0203125
4 0.4734375 0.55546875 0.01171875 0.0140625
4 0.4984375 0.5515625 0.01015625 0.0140625
4 0.51640625 0.540625 0.01171875 0.01484375
4 0.5015625 0.446875 0.01328125 0.0140625
6 0.4078125 0.428125 0.02421875 0.0203125
0 0.55 0.55234375 0.01484375 0.015625
0 0.58828125 0.55 0.01484375 0.01484375
2 0.57109375 0.52421875 0.025 0.01796875
4 0.57578125 0.53828125 0.01171875 0.009375
4 0.58125 0.4609375 0.01484375 0.01875
4 0.6234375 0.43515625 0.01328125 0.01171875
4 0.63203125 0.4234375 0.0140625 0.01171875
4 0.62265625 0.53125 0.0109375 0.009375
4 0.60703125 0.53515625 0.01484375 0.01328125
4 0.6203125 0.5203125 0.0109375 0.01328125
4 0.63203125 0.51484375 0.01171875 0.01015625
4 0.63515625 0.55078125 0.01171875 0.01484375
4 0.6609375 0.53046875 0.0109375 0.01328125
4 0.6734375 0.546875 0.01328125 0.0109375
4 0.678125 0.5203125 0.01328125 0.01015625
4 0.6953125 0.46015625 0.0109375 0.0109375
4 0.7203125 0.4203125 0.01171875 0.0140625
4 0.73359375 0.4390625 0.01171875 0.00859375
4 0.73984375 0.4546875 0.01171875 0.01171875
4 0.70546875 0.53125 0.01015625 0.01171875
4 0.7109375 0.5203125 0.0109375 0.009375
4 0.696875 0.51875 0.01171875 0.01171875
4 0.7234375 0.54296875 0.01171875 0.0109375
4 0.73203125 0.553125 0.015625 0.01171875
4 0.75625 0.5140625 0.01484375 0.00859375
4 0.765625 0.52890625 0.01328125 0.01796875
4 0.796875 0.53203125 0.015625 0.01171875
4 0.8015625 0.51640625 0.01171875 0.01171875
4 0.81796875 0.4453125 0.0109375 0.0109375
4 0.83359375 0.45390625 0.01171875 0.01015625
4 0.803125 0.43203125 0.0109375 0.0109375
4 0.77578125 0.41328125 0.0140625 0.01171875
4 0.85625 0.41015625 0.0140625 0.01171875
4 0.88359375 0.43359375 0.01171875 0.01484375
4 0.82578125 0.53203125 0.01484375 0.01015625
4 0.8484375 0.53515625 0.01484375 0.0109375
4 0.87109375 0.51953125 0.015625 0.0140625
4 0.9109375 0.51953125 0.01171875 0.0109375
4 0.91953125 0.51171875 0.01171875 0.01015625
4 0.9234375 0.434375 0.01328125 0.0109375
4 0.91015625 0.54453125 0.01328125 0.0140625
0 0.82890625 0.5484375 0.02109375 0.01484375
4 0.990625 0.4234375 0.01484375 0.01640625
4 0.96953125 0.4 0.01328125 0.01640625
4 0.97265625 0.44453125 0.01796875 0.021875
4 0.1859375 0.5546875 0.01484375 0.028125
4 0.234375 0.41796875 0.01484375 0.01640625
4 0.740625 0.56796875 0.01796875 0.0140625
0 0.909375 0.41171875 0.028125 0.03125
4 0.99375 0.53125 0.01171875 0.01875