4 0.06640625 0.01171875 0.0140625 0.0234375
0 0.03828125 0.0140625 0.01953125 0.028125
0 0.02109375 0.06171875 0.021875 0.03046875
4 0.0078125 0.04921875 0.015625 0.015625
4 0.0078125 0.05859375 0.015625 0.01640625
4 0.01328125 0.01171875 0.015625 0.0234375
4 0.06484375 0.13359375 0.01640625 0.0234375
2 0.125 0.13203125 0.0265625 0.03125
2 0.1875 0.14921875 0.0265625 0.02109375
4 0.1265625 0.35 0.01484375 0.02109375
4 0.315625 0.2 0.01328125 0.0203125
4 0.38359375 0.146875 0.01328125 0.015625
4 0.38515625 0.15859375 0.01484375 0.021875
6 0.3421875 0.40859375 0.02421875 0.03203125
4 0.2953125 0.58046875 0.01328125 0.015625
4 0.29296875 0.58828125 0.01484375 0.01328125
4 0.29375 0.596875 0.0109375 0.0140625
2 0.08359375 0.55859375 0.02890625 0.0265625
2 0.04140625 0.553125 0.0265625 0.0234375
2 0.034375 0.58046875 0.0296875 0.0265625
2 0.03046875 0.66796875 0.02890625 0.03125
4 0.43671875 0.134375 0.01875 0.02421875
0 0.50390625 0.1453125 0.021875 0.028125
2 0.53828125 0.00859375 0.0140625 0.0171875
2 0.55625 0.07734375 0.01640625 0.03046875
2 0.621875 0.01328125 0.015625 0.02578125
2 0.634375 0.009375 0.0125 0.01875
0 0.6859375 0.1890625 0.01953125 0.028125
0 0.63203125 0.196875 0.0203125 0.02890625
4 0.62578125 0.21015625 0.01484375 0.01640625
4 0.64375 0.24453125 0.01640625 0.01953125
2 0.621875 0.22890625 0.02578125 0.0234375
2 0.69921875 0.25390625 0.025 0.03359375
2 0.59609375 0.20546875 0.02421875 0.02578125
2 0.58671875 0.22890625 0.02890625 0.03359375
0 0.546875 0.25078125 0.0203125 0.03125
4 0.57578125 0.246875 0.01328125 0.0203125
2 0.725 0.2140625 0.02578125 0.03828125
2 0.77734375 0.15625 0.015625 0.04140625
4 0.6953125 0.12734375 0.009375 0.02421875
4 0.70546875 0.12890625 0.01015625 0.021875
4 0.67890625 0.13046875 0.01328125 0.03046875
4 0.77890625 0.225 0.01796875 0.02578125
2 0.81796875 0.03125 0.01328125 0.04140625
2 0.81484375 0.20703125 0.0234375 0.0265625
2 0.8359375 0.18125 0.02578125 0.0296875
4 0.85546875 0.190625 0.01640625 0.01953125
0 0.865625 0.20859375 0.0234375 0.03046875
3 0.85625 0.2390625 0.0265625 0.02578125
3 0.921875 0.1796875 0.0203125 0.02890625
4 0.92421875 0.20625 0.015625 0.01875
4 0.95546875 0.20703125 0.0203125 0.0234375
2 0.9875 0.21875 0.025 0.034375
2 0.96328125 0.23515625 0.02890625 0.034375
2 0.93515625 0.25078125 0.0234375 0.03125
2 0.990625 0.41484375 0.01875 0.0296875
2 0.9546875 0.38671875 0.034375 0.0265625
2 0.93515625 0.40390625 0.0234375 0.0234375
2 0.90625 0.4109375 0.02421875 0.025
2 0.9015625 0.42578125 0.0296875 0.0265625
4 0.9078125 0.4390625 0.01796875 0.0203125
4 0.896875 0.4453125 0.01796875 0.02109375
4 0.85859375 0.4125 0.01640625 0.02421875
4 0.85703125 0.44453125 0.01484375 0.015625
2 0.88046875 0.40859375 0.02421875 0.0234375
2 0.85234375 0.39921875 0.02421875 0.02578125
1 0.83203125 0.371875 0.05703125 0.03203125
2 0.82578125 0.39765625 0.02890625 0.028125
0 0.84140625 0.4203125 0.02578125 0.02109375
0 0.81328125 0.4234375 0.0203125 0.021875
4 0.7984375 0.45703125 0.01796875 0.02109375
2 0.7984375 0.4390625 0.028125 0.02578125
4 0.79609375 0.42109375 0.01484375 0.01796875
4 0.803125 0.41171875 0.01171875 0.01640625
4 0.78515625 0.41015625 0.01328125 0.01875
4 0.79375 0.40546875 0.01484375 0.021875
4 0.78046875 0.42421875 0.0140625 0.01796875
2 0.76640625 0.41484375 0.02578125 0.02578125
2 0.7640625 0.39375 0.0265625 0.0203125
2 0.76796875 0.36796875 0.025 0.02578125
2 0.79375 0.371875 0.025 0.021875
2 0.79609375 0.39609375 0.02578125 0.0234375
2 0.771875 0.44296875 0.02890625 0.0234375
2 0.74140625 0.36796875 0.0265625 0.025
2 0.715625 0.3671875 0.03046875 0.025
2 0.7140625 0.3875 0.0234375 0.02421875
2 0.7421875 0.40390625 0.025 0.02890625
4 0.74140625 0.415625 0.0140625 0.0203125
4 0.7484375 0.425 0.0140625 0.0203125
4 0.73515625 0.428125 0.01796875 0.01875
4 0.72421875 0.44296875 0.01484375 0.01875
2 0.69140625 0.38984375 0.0296875 0.03046875
2 0.6890625 0.36328125 0.02890625 0.025
2 0.6609375 0.3609375 0.02890625 0.03046875
4 0.63984375 0.3484375 0.0140625 0.025
4 0.628125 0.340625 0.01796875 0.01875
2 0.6359375 0.365625 0.0234375 0.0265625
4 0.64453125 0.3765625 0.01796875 0.0203125
3 0.63203125 0.38671875 0.025 0.0234375
4 0.64453125 0.39453125 0.015625 0.01640625
4 0.62578125 0.39921875 0.01484375 0.02109375
4 0.62890625 0.4078125 0.01640625 0.015625
4 0.640625 0.41328125 0.015625 0.01875
4 0.61953125 0.43515625 0.01171875 0.01640625
4 0.61875 0.42421875 0.0140625 0.01640625
4 0.63046875 0.42890625 0.01796875 0.015625
4 0.628125 0.41953125 0.0140625 0.0140625
4 0.6359375 0.42109375 0.0140625 0.01640625
4 0.628125 0.35234375 0.0140625 0.01484375
0 0.659375 0.41796875 0.01796875 0.0203125
0 0.640625 0.40390625 0.0203125 0.0203125
0 0.678125 0.421875 0.01796875 0.021875
0 0.728125 0.41796875 0.01796875 0.0203125
4 0.6890625 0.41015625 0.01328125 0.01640625
4 0.6921875 0.4203125 0.01796875 0.0203125
4 0.703125 0.4234375 0.01484375 0.01953125
4 0.71171875 0.428125 0.0140625 0.015625
4 0.72109375 0.428125 0.01640625 0.01796875
2 0.70703125 0.4140625 0.02578125 0.02578125
2 0.678125 0.4421875 0.02578125 0.0265625
2 0.65234375 0.43125 0.02421875 0.02578125
2 0.70546875 0.44140625 0.02578125 0.0265625
2 0.7484375 0.44140625 0.0234375 0.021875
2 0.665625 0.38984375 0.02890625 0.02578125
4 0.66171875 0.42734375 0.01640625 0.01640625
4 0.66875 0.40546875 0.01875 0.0234375
4 0.65625 0.403125 0.01484375 0.01875
4 0.5765625 0.40078125 0.01484375 0.03203125
4 0.55703125 0.3203125 0.00546875 0.021875
4 0.56328125 0.3265625 0.01171875 0.01953125
2 0.51796875 0.384375 0.015625 0.04140625
2 0.49453125 0.3859375 0.01796875 0.0453125
2 0.50625 0.34140625 0.01796875 0.04296875
2 0.528125 0.34375 0.0203125 0.03828125
2 0.5265625 0.2984375 0.02109375 0.0453125
2 0.56328125 0.2765625 0.021875 0.0390625
2 0.5046875 0.46796875 0.01640625 0.03984375
2 0.49921875 0.521875 0.015625 0.040625
2 0.4921875 0.57109375 0.015625 0.03828125
4 0.44921875 0.90078125 0.0140625 0.03046875
0 0.50078125 0.971875 0.01015625 0.040625
4 0.51015625 0.978125 0.0109375 0.028125
2 0.52109375 0.98515625 0.0171875 0.0296875
2 0.3703125 0.19453125 0.03046875 0.028125
2 0.36796875 0.2140625 0.0265625 0.0265625
2 0.39296875 0.21953125 0.021875 0.02421875
2 0.41484375 0.1984375 0.02578125 0.025
4 0.41953125 0.21640625 0.01484375 0.0203125
4 0.41171875 0.22109375 0.0140625 0.01953125
4 0.41796875 0.23125 0.015625 0.021875
4 0.42421875 0.1578125 0.0140625 0.01640625
4 0.41796875 0.16484375 0.0140625 0.0109375
4 0.4203125 0.1734375 0.01640625 0.01640625
4 0.42109375 0.18203125 0.01640625 0.01953125
2 0.59609375 0.2546875 0.025 0.02890625