1 0.23125 0.64921875 0.05546875 0.02890625
1 0.28828125 0.64453125 0.05546875 0.0296875
0 0.203125 0.6984375 0.01484375 0.0140625
4 0.0640625 0.76796875 0.0109375 0.01328125
4 0.096875 0.7609375 0.01171875 0.01171875
4 0.11484375 0.77734375 0.01484375 0.01171875
4 0.17578125 0.7609375 0.01171875 0.0140625
4 0.15546875 0.865625 0.01328125 0.01328125
4 0.21875 0.85859375 0.01015625 0.01015625
4 0.27578125 0.75390625 0.01171875 0.01171875
4 0.30546875 0.7515625 0.01171875 0.01015625
4 0.34453125 0.7515625 0.01171875 0.01328125
4 0.35703125 0.76875 0.01015625 0.009375
4 0.2671875 0.85546875 0.01171875 0.0109375
4 0.115625 0.93515625 0.01171875 0.0109375
4 0.0171875 0.8640625 0.01015625 0.01328125
4 0.371875 0.8640625 0.01171875 0.0140625
4 0.38671875 0.853125 0.01484375 0.01171875
4 0.48125 0.88828125 0.01328125 0.0140625
4 0.4734375 0.78203125 0.01171875 0.0140625
4 0.5015625 0.75390625 0.00703125 0.01875
4 0.51328125 0.7390625 0.00546875 0.0203125
4 0.53046875 0.821875 0.01328125 0.015625
4 0.55390625 0.82578125 0.01328125 0.01484375
4 0.58828125 0.84296875 0.01171875 0.01484375
4 0.6109375 0.84375 0.01171875 0.0109375
4 0.61640625 0.76484375 0.01328125 0.01328125
4 0.68671875 0.8546875 0.01171875 0.01328125
4 0.68046875 0.90703125 0.0109375 0.015625
4 0.74921875 0.8546875 0.01171875 0.01484375
4 0.81875 0.8921875 0.01171875 0.01484375
4 0.83671875 0.71875 0.009375 0.01328125
4 0.85078125 0.73515625 0.0109375 0.01015625
4 0.89921875 0.70390625 0.01171875 0.01171875
4 0.915625 0.70390625 0.01015625 0.01015625
4 0.64453125 0.65625 0.01171875 0.0109375
4 0.58671875 0.6640625 0.01015625 0.01015625
4 0.54140625 0.61484375 0.00625 0.0203125
4 0.5421875 0.0859375 0.00703125 0.021875
0 0.48828125 0.12109375 0.009375 0.028125
2 0.4984375 0.440625 0.0109375 0.0390625
2 0.521875 0.6953125 0.01171875 0.03828125
2 0.4984375 0.73046875 0.01640625 0.03671875
2 0.603125 0.79921875 0.0234375 0.021875
2 0.68125 0.68828125 0.0203125 0.01953125
2 0.675 0.78515625 0.0203125 0.0203125
3 0.70078125 0.8203125 0.02109375 0.0234375
2 0.81015625 0.85703125 0.02109375 0.0203125
2 0.86171875 0.87890625 0.0234375 0.021875
2 0.0109375 0.79375 0.0203125 0.02109375
0 0.1484375 0.93828125 0.015625 0.01796875
3 0.26796875 0.8765625 0.01640625 0.0203125
0 0.38671875 0.88671875 0.01484375 0.01640625
2 0.5296875 0.803125 0.0203125 0.01953125
2 0.51875 0.86640625 0.01875 0.0203125
2 0.546875 0.84140625 0.0203125 0.01953125