2 0.36640625 0.28984375 0.01796875 0.01484375
2 0.515625 0.26875 0.00859375 0.025
2 0.53125 0.3265625 0.00625 0.0296875
2 0.54140625 0.325 0.00703125 0.0296875
2 0.5828125 0.31484375 0.00859375 0.025
2 0.59140625 0.3171875 0.00703125 0.025
4 0.56171875 0.29375 0.003125 0.01328125
4 0.56640625 0.29140625 0.003125 0.0140625
4 0.5703125 0.29296875 0.003125 0.0140625
4 0.571875 0.278125 0.003125 0.01171875
4 0.60859375 0.29921875 0.003125 0.01484375
4 0.60390625 0.30390625 0.0015625 0.01171875
4 0.59296875 0.28046875 0.003125 0.01171875
4 0.59296875 0.29609375 0.00390625 0.0140625
4 0.60625 0.23984375 0.003125 0.0109375
4 0.603125 0.2390625 0.003125 0.01328125
4 0.5984375 0.240625 0.003125 0.0140625
4 0.5921875 0.23828125 0.003125 0.0140625
4 0.5890625 0.23828125 0.0015625 0.01484375
4 0.56953125 0.22578125 0.003125 0.01484375
4 0.565625 0.2265625 0.003125 0.0109375
4 0.55703125 0.22734375 0.003125 0.00859375
4 0.7828125 0.39375 0.00625 0.00625
2 0.94296875 0.4 0.015625 0.0140625
5 0.74453125 0.38125 0.04375 0.015625
5 0.68671875 0.3828125 0.040625 0.0203125
6 0.009375 0.55859375 0.01875 0.021875
5 0.0890625 0.49140625 0.04609375 0.01796875
3 0.140625 0.509375 0.01875 0.01171875
5 0.17578125 0.47109375 0.04453125 0.01796875
3 0.390625 0.48125 0.0265625 0.015625
4 0.3484375 0.5890625 0.00703125 0.00625
2 0.47421875 0.45703125 0.0140625 0.0140625
4 0.490625 0.55703125 0.00859375 0.009375
4 0.54140625 0.584375 0.00703125 0.00703125
0 0.51640625 0.56328125 0.009375 0.01015625
0 0.55546875 0.45234375 0.01015625 0.01015625
2 0.7234375 0.5203125 0.01328125 0.0140625
2 0.7390625 0.5359375 0.01640625 0.01484375
5 0.9796875 0.56015625 0.040625 0.0203125
4 0.94453125 0.603125 0.00859375 0.00859375
4 0.97109375 0.5984375 0.009375 0.00859375
4 0.9484375 0.96015625 0.00546875 0.01171875
6 0.9140625 0.6390625 0.03828125 0.01953125
2 0.96796875 0.80078125 0.01015625 0.01171875
2 0.96796875 0.81484375 0.01171875 0.01328125
2 0.9921875 0.87421875 0.00859375 0.02578125
2 0.98359375 0.90078125 0.00703125 0.02109375
2 0.97578125 0.909375 0.00703125 0.0265625
0 0.84765625 0.603125 0.0109375 0.01015625
0 0.84921875 0.6453125 0.01015625 0.0140625
3 0.7828125 0.85546875 0.0203125 0.01484375
3 0.7421875 0.8984375 0.00859375 0.03359375
0 0.78203125 0.66875 0.01640625 0.0140625
2 0.74453125 0.65390625 0.00546875 0.0234375
2 0.69921875 0.63203125 0.00625 0.0234375
2 0.69140625 0.63515625 0.00625 0.02109375
3 0.7078125 0.62109375 0.00859375 0.0203125
0 0.69375 0.603125 0.009375 0.01015625
0 0.67890625 0.60703125 0.00859375 0.009375
3 0.63125 0.60546875 0.015625 0.0140625
2 0.6015625 0.62421875 0.01171875 0.0109375
6 0.51875 0.62109375 0.02578125 0.01953125
5 0.30390625 0.634375 0.0296875 0.01484375
4 0.27890625 0.61484375 0.00546875 0.01015625
4 0.25859375 0.609375 0.009375 0.00546875
4 0.1484375 0.59609375 0.00703125 0.00703125
5 0.1734375 0.64140625 0.03359375 0.0203125
5 0.15078125 0.67578125 0.03515625 0.02109375
5 0.065625 0.7453125 0.01171875 0.046875
5 0.0953125 0.73203125 0.01484375 0.05546875
5 0.06171875 0.93046875 0.009375 0.046875
2 0.0359375 0.82578125 0.009375 0.02109375
2 0.0796875 0.615625 0.0140625 0.01171875