0 0.33515625 0.521875 0.01484375 0.01875
2 0.17890625 0.7859375 0.01640625 0.03046875
0 0.22578125 0.6859375 0.0140625 0.0203125
2 0.33515625 0.68046875 0.01875 0.03125
2 0.19296875 0.68125 0.0203125 0.03515625
2 0.23515625 0.51484375 0.015625 0.03515625
2 0.67578125 0.275 0.0203125 0.03125
2 0.17421875 0.89453125 0.01875 0.0359375
2 0.65703125 0.3015625 0.01796875 0.03046875
2 0.1453125 0.971875 0.01875 0.0296875
2 0.16796875 0.721875 0.01953125 0.03359375
2 0.16484375 0.940625 0.01796875 0.03125
2 0.365625 0.63359375 0.01796875 0.03203125
2 0.4234375 0.55234375 0.021875 0.03203125
1 0.63515625 0.35859375 0.0484375 0.08984375
2 0.6234375 0.41796875 0.01796875 0.03125
2 0.6046875 0.44375 0.01640625 0.0296875
2 0.31171875 0.7078125 0.01953125 0.0359375
2 0.48828125 0.490625 0.01875 0.034375
2 0.290625 0.74765625 0.01796875 0.03046875
2 0.3640625 0.58203125 0.01640625 0.0265625
2 0.18671875 0.90546875 0.01796875 0.03125
2 0.6921875 0.30546875 0.01640625 0.02890625
4 0.60703125 0.4 0.00859375 0.0140625
2 0.5046875 0.4484375 0.02109375 0.03203125
2 0.309375 0.6859375 0.01796875 0.03046875
2 0.21484375 0.8671875 0.02109375 0.0390625
2 0.25390625 0.759375 0.01796875 0.03203125
2 0.446875 0.3203125 0.015625 0.03359375
2 0.42109375 0.23046875 0.0203125 0.040625
2 0.43203125 0.28125 0.01953125 0.040625
2 0.41015625 0.24609375 0.01484375 0.03046875
2 0.390625 0.19921875 0.01953125 0.03828125
2 0.3734375 0.13203125 0.01953125 0.03671875
2 0.37421875 0.1625 0.01875 0.03359375
0 0.321875 0.1453125 0.0140625 0.02578125
0 0.39140625 0.15078125 0.01328125 0.02421875
0 0.53671875 0.21796875 0.015625 0.02421875
2 0.58828125 0.234375 0.0203125 0.02578125
0 0.64609375 0.209375 0.01328125 0.02109375
2 0.6859375 0.184375 0.01875 0.0296875
0 0.66640625 0.10390625 0.0109375 0.02421875
0 0.68046875 0.08984375 0.01328125 0.0203125
2 0.73359375 0.1203125 0.01953125 0.03046875
2 0.725 0.04140625 0.01875 0.02890625
2 0.7921875 0.02109375 0.02109375 0.02890625
3 0.703125 0.259375 0.0265625 0.03671875
2 0.69765625 0.22890625 0.01953125 0.028125
2 0.72734375 0.2484375 0.01796875 0.0265625
2 0.71484375 0.19921875 0.01796875 0.02578125
2 0.7296875 0.21328125 0.01640625 0.0296875
2 0.74609375 0.23203125 0.01796875 0.03125
2 0.74453125 0.15703125 0.0203125 0.03046875
2 0.75078125 0.18125 0.01796875 0.02890625
2 0.77421875 0.1765625 0.01796875 0.03046875
2 0.7703125 0.15625 0.0203125 0.02890625
2 0.76875 0.13046875 0.01875 0.0296875
2 0.79375 0.153125 0.0203125 0.034375
0 0.78671875 0.1265625 0.01015625 0.02109375
0 0.80546875 0.121875 0.0140625 0.01875
2 0.828125 0.15078125 0.02578125 0.034375
2 0.82578125 0.10703125 0.01796875 0.03046875
2 0.803125 0.10390625 0.01796875 0.0265625
2 0.78671875 0.1 0.01640625 0.0265625
2 0.8234375 0.0484375 0.0203125 0.03125
2 0.82421875 0.078125 0.01875 0.03828125
0 0.803125 0.071875 0.01484375 0.02109375
2 0.84140625 0.02109375 0.0203125 0.03359375
0 0.84375 0.05390625 0.01484375 0.02109375
4 0.48828125 0.403125 0.01015625 0.01640625
4 0.665625 0.3359375 0.00546875 0.01328125
4 0.67421875 0.3296875 0.00703125 0.0109375
4 0.6859375 0.334375 0.00546875 0.0140625
4 0.68203125 0.34765625 0.00703125 0.0140625
4 0.67421875 0.34375 0.00546875 0.01484375
4 0.67578125 0.353125 0.00859375 0.015625
4 0.69140625 0.3234375 0.00859375 0.0109375
4 0.696875 0.3140625 0.00703125 0.01171875
4 0.703125 0.30234375 0.00703125 0.01015625
4 0.7046875 0.309375 0.00625 0.01328125
4 0.7109375 0.29921875 0.00703125 0.01015625
4 0.71171875 0.290625 0.00625 0.009375
4 0.71953125 0.28828125 0.00703125 0.01015625
4 0.7171875 0.278125 0.00859375 0.01328125
4 0.7265625 0.27421875 0.00859375 0.009375
4 0.72421875 0.26796875 0.00625 0.00703125
4 0.69140625 0.2890625 0.01171875 0.01171875
2 0.59921875 0.4234375 0.01484375 0.02890625
2 0.61015625 0.459375 0.01328125 0.02578125
4 0.6265625 0.46171875 0.00859375 0.00859375
4 0.634375 0.4640625 0.009375 0.01015625
4 0.63671875 0.4703125 0.00703125 0.015625
4 0.63828125 0.4796875 0.00703125 0.01484375
4 0.6265625 0.471875 0.00703125 0.00859375
4 0.61796875 0.4671875 0.00625 0.00703125
4 0.61328125 0.47578125 0.00703125 0.01015625
4 0.63203125 0.49375 0.00703125 0.0109375
4 0.63046875 0.51328125 0.00703125 0.0140625
4 0.61875 0.50703125 0.00859375 0.0109375
0 0.61640625 0.48828125 0.01171875 0.021875
4 0.62421875 0.528125 0.00703125 0.01484375
4 0.59453125 0.48046875 0.00703125 0.01015625
4 0.653125 0.5296875 0.0046875 0.01796875
4 0.60859375 0.55234375 0.00625 0.01328125
0 0.61953125 0.54296875 0.01171875 0.015625
4 0.6203125 0.55703125 0.00859375 0.01328125
2 0.628125 0.72890625 0.01640625 0.03671875
2 0.6578125 0.74921875 0.01875 0.04140625
2 0.2078125 0.83046875 0.01640625 0.028125
2 0.22578125 0.8015625 0.01640625 0.02890625
2 0.25546875 0.8015625 0.01875 0.03125
2 0.2359375 0.83671875 0.02109375 0.0296875
2 0.15078125 0.928125 0.01796875 0.0296875
2 0.11328125 0.98046875 0.01875 0.02890625
3 0.13046875 0.95234375 0.01796875 0.03046875
2 0.26953125 0.7734375 0.01953125 0.03125
2 0.3421875 0.61875 0.01796875 0.03359375
4 0.35078125 0.64140625 0.00859375 0.01484375
4 0.3390625 0.6609375 0.009375 0.0109375
4 0.328125 0.66640625 0.009375 0.0140625
4 0.271875 0.74296875 0.00625 0.015625
4 0.30859375 0.7359375 0.00859375 0.01171875
4 0.24375 0.79140625 0.00625 0.01328125
4 0.23359375 0.81015625 0.00703125 0.01171875
4 0.2171875 0.84296875 0.01015625 0.015625
4 0.18828125 0.8609375 0.009375 0.015625
4 0.203125 0.89140625 0.00703125 0.015625
4 0.09921875 0.99296875 0.009375 0.0140625
0 0.43671875 0.23671875 0.0109375 0.02421875
4 0.440625 0.265625 0.00625 0.01640625
4 0.446875 0.265625 0.0046875 0.0109375
4 0.4484375 0.2796875 0.00625 0.01640625
4 0.44375 0.2828125 0.0046875 0.01796875
4 0.43359375 0.2671875 0.00625 0.0109375
4 0.45546875 0.30390625 0.00625 0.01640625
2 0.42421875 0.5109375 0.021875 0.03359375
4 0.44296875 0.51796875 0.009375 0.01640625
4 0.45859375 0.48203125 0.009375 0.015625
4 0.46953125 0.48046875 0.01015625 0.01640625
4 0.465625 0.496875 0.00859375 0.015625
4 0.46484375 0.58125 0.01015625 0.015625
2 0.3953125 0.5875 0.01875 0.03125
4 0.3984375 0.546875 0.00703125 0.01171875
4 0.4078125 0.55625 0.00703125 0.0140625
4 0.3984375 0.56328125 0.009375 0.009375
4 0.3890625 0.56328125 0.00703125 0.01328125
4 0.38046875 0.58046875 0.00625 0.0109375
4 0.325 0.63671875 0.009375 0.01171875
4 0.315625 0.6484375 0.00859375 0.0140625
2 0.28203125 0.70859375 0.01640625 0.0296875
4 0.296875 0.715625 0.00625 0.01171875
4 0.28984375 0.72109375 0.00703125 0.01484375
4 0.27421875 0.73125 0.00703125 0.01171875
4 0.25234375 0.7859375 0.00625 0.01328125
4 0.23125 0.89140625 0.00625 0.01796875
4 0.60078125 0.8 0.009375 0.028125
4 0.61171875 0.8390625 0.01015625 0.0234375
4 0.6078125 0.34296875 0.00859375 0.0203125
0 0.76796875 0.07421875 0.0140625 0.0234375
4 0.71796875 0.13046875 0.00859375 0.01328125
2 0.70859375 0.12890625 0.01953125 0.03203125
4 0.78828125 0.17734375 0.00859375 0.01640625
4 0.81328125 0.146875 0.0109375 0.01796875
0 0.7609375 0.19921875 0.01171875 0.01953125
4 0.759375 0.22421875 0.00859375 0.01328125
4 0.76171875 0.2375 0.00703125 0.01484375
4 0.7171875 0.22890625 0.00859375 0.01484375
2 0.67578125 0.3046875 0.01875 0.0359375
4 0.66328125 0.32109375 0.00703125 0.009375
3 0.271875 0.03359375 0.02109375 0.04375
2 0.2921875 0.1015625 0.015625 0.03125
2 0.3515625 0.1234375 0.01796875 0.03671875
2 0.39921875 0.19453125 0.015625 0.03828125
2 0.4109375 0.1890625 0.015625 0.04140625
3 0.4265625 0.18828125 0.01953125 0.03984375
4 0.453125 0.2703125 0.00703125 0.02109375
4 0.571875 0.221875 0.0109375 0.0109375
2 0.3859375 0.06328125 0.01875 0.0359375
4 0.68671875 0.86171875 0.00703125 0.01953125
2 0.740625 0.9390625 0.01796875 0.0390625
0 0.36328125 0.290625 0.0109375 0.02578125
4 0.37421875 0.60546875 0.00859375 0.01484375
4 0.84453125 0.09453125 0.0109375 0.01953125