2 0.625 0.8765625 0.01796875 0.0390625
2 0.62578125 0.63828125 0.01171875 0.03515625
2 0.58671875 0.6109375 0.01015625 0.03203125
2 0.609375 0.49765625 0.0140625 0.0265625
2 0.59296875 0.53125 0.0140625 0.034375
2 0.62890625 0.43046875 0.01640625 0.02578125
2 0.70546875 0.40546875 0.02109375 0.021875
2 0.50078125 0.446875 0.0203125 0.015625
2 0.4953125 0.4125 0.01875 0.01875
2 0.4640625 0.409375 0.01875 0.01484375
2 0.4765625 0.42421875 0.01796875 0.01484375
2 0.45703125 0.43671875 0.01796875 0.01796875
2 0.4234375 0.44765625 0.01875 0.01875
2 0.4015625 0.4359375 0.0203125 0.0203125
2 0.41796875 0.4625 0.01875 0.015625
2 0.38359375 0.421875 0.01875 0.02109375
4 0.340625 0.41875 0.01015625 0.01171875
4 0.3109375 0.43359375 0.01171875 0.01171875
4 0.31171875 0.4203125 0.00859375 0.00859375
4 0.28515625 0.43828125 0.0109375 0.01015625
4 0.1984375 0.4359375 0.015625 0.0140625
4 0.2296875 0.440625 0.0140625 0.009375
4 0.2265625 0.47421875 0.01015625 0.0109375
4 0.2484375 0.43984375 0.00859375 0.01171875
4 0.26875 0.4265625 0.009375 0.01015625
4 0.2796875 0.428125 0.01171875 0.01328125
4 0.27421875 0.453125 0.01171875 0.01015625
4 0.271875 0.43828125 0.01015625 0.0109375
0 0.128125 0.453125 0.01875 0.01484375
2 0.0734375 0.459375 0.01875 0.0203125
0 0.153125 0.41328125 0.015625 0.01875
0 0.4796875 0.4546875 0.01015625 0.01171875
0 0.48671875 0.39609375 0.01171875 0.0109375
0 0.4734375 0.44375 0.01015625 0.0109375
0 0.46640625 0.45703125 0.01328125 0.0140625
0 0.565625 0.37578125 0.01171875 0.01484375
0 0.65546875 0.371875 0.01171875 0.01328125
0 0.596875 0.50390625 0.009375 0.02109375
0 0.68125 0.5671875 0.0109375 0.01171875
0 0.734375 0.571875 0.01015625 0.01328125
0 0.74140625 0.55546875 0.0109375 0.01171875
0 0.73046875 0.56171875 0.01171875 0.0109375
0 0.70625 0.50703125 0.01171875 0.0140625
0 0.6953125 0.53203125 0.01171875 0.0109375
0 0.78671875 0.54140625 0.01171875 0.0109375
0 0.81328125 0.52109375 0.01328125 0.0109375
0 0.8078125 0.55703125 0.01171875 0.01328125
2 0.990625 0.3640625 0.01875 0.0203125
2 0.896875 0.3453125 0.021875 0.01796875
2 0.92421875 0.38125 0.0234375 0.01953125
2 0.95390625 0.3421875 0.021875 0.015625
2 0.88515625 0.38125 0.02109375 0.02109375
2 0.83671875 0.3765625 0.01875 0.01796875
2 0.80546875 0.396875 0.01953125 0.01875
2 0.778125 0.39296875 0.01640625 0.01875
2 0.75703125 0.41171875 0.01953125 0.01796875
2 0.7390625 0.5046875 0.0203125 0.01796875
2 0.72109375 0.5265625 0.01796875 0.015625
2 0.71953125 0.5078125 0.01484375 0.01875
2 0.69140625 0.51484375 0.015625 0.015625
2 0.69375 0.54609375 0.01796875 0.01484375
2 0.69609375 0.578125 0.01640625 0.01796875
2 0.715625 0.5734375 0.01953125 0.0140625
2 0.759375 0.565625 0.0203125 0.01640625
2 0.7734375 0.54609375 0.01953125 0.01640625
2 0.790625 0.55546875 0.0203125 0.01640625
2 0.7984375 0.5125 0.01875 0.01640625
2 0.796875 0.49375 0.0203125 0.01796875
2 0.7796875 0.50078125 0.015625 0.01484375
2 0.83828125 0.48984375 0.0203125 0.0140625
2 0.8421875 0.509375 0.01953125 0.01640625
2 0.81953125 0.54375 0.01640625 0.01796875
2 0.8203125 0.50859375 0.0203125 0.015625
2 0.8609375 0.53359375 0.0203125 0.015625
2 0.88125 0.50625 0.0203125 0.01796875
2 0.86875 0.48671875 0.01640625 0.01875
0 0.83671875 0.540625 0.01328125 0.0140625
4 0.803125 0.540625 0.01015625 0.00859375
4 0.80546875 0.528125 0.01015625 0.009375
4 0.81640625 0.55859375 0.00703125 0.00703125
4 0.72734375 0.54140625 0.00859375 0.00546875
4 0.73359375 0.521875 0.00859375 0.009375
4 0.74375 0.51796875 0.009375 0.00859375
4 0.703125 0.559375 0.009375 0.00625
4 0.67890625 0.53828125 0.00859375 0.00859375
4 0.678125 0.5515625 0.00859375 0.009375
4 0.68984375 0.56640625 0.00859375 0.009375
1 0.46875 0.490625 0.04140625 0.02578125
2 0.19375 0.31328125 0.0109375 0.03203125
2 0.78046875 0.33046875 0.00859375 0.0265625
2 0.8265625 0.33671875 0.01875 0.015625
2 0.96484375 0.4734375 0.02109375 0.01953125
2 0.91796875 0.48671875 0.0203125 0.01875
2 0.90859375 0.51796875 0.02109375 0.0203125
2 0.8890625 0.53359375 0.01640625 0.01953125
2 0.93203125 0.5140625 0.0203125 0.01953125
2 0.959375 0.51328125 0.02109375 0.0203125
2 0.98359375 0.50390625 0.0234375 0.015625
2 0.75859375 0.51328125 0.01796875 0.015625
2 0.74296875 0.5296875 0.015625 0.0140625
4 0.72578125 0.55390625 0.00859375 0.009375
4 0.68671875 0.55546875 0.00703125 0.009375
4 0.84921875 0.521875 0.01015625 0.009375
4 0.89921875 0.50625 0.00859375 0.009375
4 0.9140625 0.52890625 0.00859375 0.00859375
4 0.5859375 0.38828125 0.01015625 0.01015625
4 0.5859375 0.396875 0.01015625 0.00703125
4 0.484375 0.40859375 0.01015625 0.00703125
4 0.50078125 0.4015625 0.009375 0.00625
4 0.4890625 0.38515625 0.00859375 0.00859375
4 0.4515625 0.39921875 0.01015625 0.009375
4 0.43359375 0.39453125 0.00859375 0.00859375
4 0.440625 0.4 0.009375 0.009375
4 0.48515625 0.43515625 0.00859375 0.00625
4 0.503125 0.45859375 0.00703125 0.00859375
4 0.49375 0.4609375 0.00703125 0.00859375
0 0.4984375 0.434375 0.0140625 0.0109375
4 0.3703125 0.459375 0.01015625 0.00859375
0 0.1921875 0.36015625 0.00859375 0.0203125
4 0.18203125 0.390625 0.00625 0.0140625
4 0.171875 0.40546875 0.00859375 0.009375
4 0.228125 0.0890625 0.0046875 0.0140625
0 0.23828125 0.3 0.00859375 0.01875