2 0.5234375 0.325 0.00703125 0.028125
2 0.53359375 0.32421875 0.00546875 0.0265625
2 0.58359375 0.31484375 0.00703125 0.02109375
2 0.575 0.31484375 0.00625 0.0234375
4 0.59609375 0.30390625 0.0015625 0.009375
4 0.60078125 0.29921875 0.0015625 0.0109375
4 0.5921875 0.29375 0.0015625 0.00703125
4 0.58828125 0.28828125 0.0015625 0.009375
4 0.58515625 0.29453125 0.003125 0.009375
4 0.58515625 0.28125 0.0015625 0.009375
4 0.5640625 0.278125 0.0015625 0.009375
4 0.56328125 0.29140625 0.0015625 0.0109375
4 0.55859375 0.29140625 0.0015625 0.009375
4 0.5546875 0.29375 0.0015625 0.00859375
4 0.54453125 0.278125 0.0015625 0.009375
4 0.5421875 0.278125 0.0015625 0.009375
4 0.534375 0.278125 0.0015625 0.00859375
4 0.54765625 0.278125 0.0015625 0.00859375
4 0.54921875 0.22578125 0.0015625 0.00703125
4 0.55703125 0.22421875 0.0015625 0.0109375
4 0.5625 0.225 0.003125 0.01328125
4 0.58125 0.23671875 0.003125 0.01171875
4 0.58359375 0.23671875 0.0015625 0.01328125
4 0.590625 0.2390625 0.0015625 0.01328125
4 0.5953125 0.23671875 0.003125 0.01328125
4 0.5984375 0.23828125 0.003125 0.01171875
2 0.35703125 0.28828125 0.015625 0.01171875
2 0.3890625 0.28359375 0.00703125 0.01640625
4 0.32890625 0.43125 0.00625 0.0046875
4 0.34453125 0.459375 0.00625 0.00546875
2 0.7078125 0.39609375 0.00859375 0.00625
5 0.67890625 0.38125 0.040625 0.01875
5 0.73515625 0.38046875 0.04375 0.01484375
4 0.86328125 0.3125 0.00390625 0.01015625
4 0.99140625 0.2296875 0.00625 0.01328125
2 0.00390625 0.47734375 0.0078125 0.0109375
5 0.08671875 0.4875 0.053125 0.01953125
2 0.17890625 0.50625 0.01484375 0.01171875
6 0.41015625 0.4796875 0.0265625 0.01484375
2 0.6171875 0.4890625 0.01484375 0.01328125
2 0.934375 0.48203125 0.01484375 0.01171875
5 0.975 0.55703125 0.05 0.0203125
2 0.8765625 0.57421875 0.015625 0.01640625
2 0.84296875 0.56171875 0.01484375 0.0140625
1 0.83828125 0.5796875 0.0265625 0.015625
6 0.7890625 0.55546875 0.02578125 0.01796875
4 0.7984375 0.58125 0.00546875 0.00625
4 0.8109375 0.58359375 0.00625 0.00625
4 0.74453125 0.5578125 0.0046875 0.00625
5 0.7171875 0.55390625 0.03828125 0.015625
4 0.53203125 0.58359375 0.0046875 0.0046875
6 0.35390625 0.546875 0.0265625 0.0140625
2 0.025 0.82890625 0.00703125 0.01953125
5 0.0515625 0.9328125 0.01015625 0.04296875
5 0.05390625 0.746875 0.009375 0.0484375
5 0.08515625 0.7328125 0.01171875 0.04921875
5 0.11171875 0.73515625 0.0109375 0.0515625
3 0.0734375 0.75 0.0109375 0.03671875
5 0.13984375 0.67578125 0.034375 0.01875
5 0.16328125 0.64375 0.03515625 0.01796875
3 0.240625 0.6 0.02421875 0.01640625
5 0.29609375 0.6359375 0.0296875 0.015625
2 0.43515625 0.59140625 0.01171875 0.0109375
2 0.68359375 0.63203125 0.00625 0.0203125
2 0.6921875 0.63046875 0.00859375 0.0234375
2 0.69140625 0.653125 0.00625 0.0203125
2 0.73671875 0.65078125 0.00703125 0.0203125
4 0.69375 0.58828125 0.00703125 0.00546875
2 0.59375 0.62109375 0.01171875 0.01171875
6 0.5109375 0.61953125 0.02578125 0.015625
0 0.77421875 0.66640625 0.01484375 0.01328125
0 0.84140625 0.64375 0.01171875 0.00859375
0 0.8671875 0.64375 0.00625 0.01484375
0 0.8390625 0.6 0.01015625 0.009375
4 0.81171875 0.5984375 0.0046875 0.01015625
4 0.77578125 0.6046875 0.00703125 0.00625
4 0.7625 0.59375 0.00625 0.00546875
4 0.8640625 0.6984375 0.00546875 0.01171875
4 0.89609375 0.60546875 0.00703125 0.00703125
4 0.90078125 0.59609375 0.00859375 0.00859375
4 0.928125 0.59453125 0.00859375 0.00859375
4 0.96015625 0.58125 0.00703125 0.00859375
3 0.87109375 0.83671875 0.01015625 0.02890625
3 0.77578125 0.85234375 0.0203125 0.0140625
3 0.734375 0.89609375 0.00703125 0.03125
2 0.95859375 0.79609375 0.01015625 0.01171875
2 0.95859375 0.81015625 0.0109375 0.01171875
2 0.9828125 0.8703125 0.00859375 0.025
2 0.975 0.8984375 0.00703125 0.02421875
2 0.99453125 0.91953125 0.009375 0.021875
6 0.90546875 0.63515625 0.03828125 0.01953125