0 0.18671875 0.03359375 0.01484375 0.0265625
2 0.23359375 0.05703125 0.025 0.04453125
2 0.20390625 0.15625 0.0234375 0.04296875
4 0.18203125 0.10859375 0.00859375 0.01328125
2 0.26484375 0.11484375 0.0203125 0.03203125
0 0.315625 0.1265625 0.01875 0.0234375
0 0.32265625 0.15546875 0.01640625 0.0234375
0 0.36953125 0.1390625 0.01796875 0.01953125
2 0.32421875 0.06953125 0.01640625 0.04140625
2 0.40234375 0.065625 0.021875 0.03828125
0 0.4390625 0.05546875 0.01015625 0.025
0 0.34140625 0.20859375 0.01796875 0.021875
2 0.36796875 0.09375 0.02109375 0.04609375
0 0.24453125 0.25078125 0.015625 0.025
2 0.290625 0.26171875 0.01953125 0.04140625
4 0.26640625 0.27421875 0.009375 0.0203125
4 0.365625 0.24140625 0.01171875 0.01015625
2 0.42109375 0.015625 0.02109375 0.03046875
4 0.5265625 0.015625 0.00546875 0.021875
4 0.51875 0.00859375 0.00625 0.015625
4 0.40703125 0.16484375 0.00703125 0.015625
4 0.4296875 0.1859375 0.01171875 0.0140625
4 0.4453125 0.19140625 0.01171875 0.01171875
4 0.41953125 0.21640625 0.01171875 0.01328125
4 0.49296875 0.24140625 0.01015625 0.01328125
4 0.49765625 0.26953125 0.01171875 0.0140625
4 0.46171875 0.27890625 0.01171875 0.01171875
4 0.4546875 0.31640625 0.01171875 0.01484375
4 0.37109375 0.33984375 0.00703125 0.01953125
4 0.38828125 0.33671875 0.00859375 0.01875
4 0.4140625 0.3515625 0.009375 0.01953125
4 0.39921875 0.303125 0.009375 0.015625
0 0.38828125 0.29921875 0.0140625 0.025
0 0.40078125 0.32890625 0.01328125 0.0296875
2 0.415625 0.31796875 0.01796875 0.03828125
4 0.36171875 0.36875 0.009375 0.015625
2 0.3921875 0.3984375 0.01796875 0.0390625
2 0.3890625 0.228125 0.02109375 0.0265625
2 0.39140625 0.2546875 0.02109375 0.025
2 0.45390625 0.240625 0.01953125 0.0234375
2 0.43671875 0.25859375 0.02109375 0.0234375
2 0.4296875 0.27890625 0.02109375 0.0234375
0 0.4734375 0.265625 0.01640625 0.01875
2 0.4796875 0.29609375 0.028125 0.02421875
2 0.521875 0.28984375 0.02578125 0.02109375
2 0.5578125 0.31953125 0.02421875 0.03125
0 0.53984375 0.32421875 0.015625 0.01875
4 0.603125 0.29296875 0.00546875 0.02109375
2 0.63125 0.28828125 0.01171875 0.0390625
4 0.64453125 0.29765625 0.00546875 0.02109375
4 0.615625 0.17421875 0.00546875 0.0203125
4 0.62109375 0.11875 0.00546875 0.0234375
4 0.6203125 0.05625 0.00546875 0.021875
4 0.659375 0.0765625 0.01015625 0.01015625
4 0.66328125 0.0671875 0.0109375 0.01328125
4 0.66875 0.03359375 0.01015625 0.01171875
4 0.665625 0.04921875 0.01015625 0.009375
4 0.65859375 0.028125 0.01015625 0.01328125
4 0.70859375 0.14609375 0.0109375 0.01015625
4 0.7046875 0.17265625 0.01328125 0.0109375
4 0.70390625 0.190625 0.01171875 0.0109375
4 0.703125 0.203125 0.01171875 0.00859375
4 0.7015625 0.22109375 0.01171875 0.009375
4 0.69921875 0.2515625 0.01171875 0.01171875
4 0.6984375 0.26953125 0.01171875 0.00625
4 0.696875 0.278125 0.01015625 0.009375
4 0.67890625 0.24921875 0.01328125 0.009375
4 0.68125 0.26015625 0.01328125 0.00625
4 0.678125 0.26796875 0.01171875 0.00859375
2 0.765625 0.3171875 0.0234375 0.03984375
2 0.82265625 0.1796875 0.0140625 0.0484375
4 0.3421875 0.40078125 0.00859375 0.01640625
4 0.35546875 0.40546875 0.00859375 0.01640625
4 0.3921875 0.42890625 0.00859375 0.01796875
4 0.384375 0.4671875 0.00859375 0.0203125
4 0.38359375 0.49140625 0.00703125 0.01953125
4 0.33828125 0.47578125 0.00859375 0.01875
4 0.290625 0.44453125 0.00859375 0.01875
4 0.31171875 0.4984375 0.00859375 0.01796875
4 0.32109375 0.4953125 0.009375 0.01953125
4 0.31953125 0.5265625 0.01015625 0.02109375
4 0.3140625 0.56328125 0.009375 0.01796875
4 0.26015625 0.553125 0.01171875 0.015625
4 0.27109375 0.55859375 0.009375 0.01953125
2 0.265625 0.52109375 0.01875 0.0453125
4 0.24375 0.64296875 0.009375 0.015625
4 0.2765625 0.6390625 0.009375 0.01875
2 0.221875 0.72265625 0.01796875 0.0359375
4 0.21328125 0.7765625 0.01015625 0.01796875
4 0.1484375 0.9125 0.009375 0.0203125
4 0.178125 0.89140625 0.01015625 0.01875
4 0.31875 0.9234375 0.01015625 0.01484375
2 0.3765625 0.84140625 0.02421875 0.03359375
4 0.44609375 0.83125 0.009375 0.015625
4 0.46171875 0.80703125 0.009375 0.01171875
2 0.34453125 0.51875 0.01875 0.04140625
2 0.33515625 0.57109375 0.021875 0.04453125
4 0.3796875 0.5546875 0.00625 0.01953125
4 0.403125 0.63203125 0.01015625 0.01953125
4 0.396875 0.64375 0.01015625 0.0140625
2 0.46171875 0.73515625 0.02421875 0.0296875
4 0.490625 0.74453125 0.009375 0.00859375
0 0.49296875 0.7640625 0.01796875 0.02109375
4 0.50234375 0.78671875 0.01171875 0.01015625
0 0.49609375 0.80859375 0.01640625 0.02109375
4 0.54140625 0.778125 0.009375 0.0109375
4 0.56640625 0.7765625 0.01015625 0.0140625
4 0.578125 0.746875 0.01015625 0.01484375
4 0.56015625 0.7234375 0.01015625 0.01328125
4 0.5515625 0.70859375 0.009375 0.01171875
4 0.5609375 0.6796875 0.009375 0.0140625
4 0.5765625 0.69296875 0.00859375 0.0140625
2 0.528125 0.70625 0.02421875 0.02890625
2 0.5265625 0.740625 0.02109375 0.0296875
4 0.6171875 0.7859375 0.009375 0.01015625
4 0.678125 0.81796875 0.01171875 0.0109375
4 0.8078125 0.9234375 0.01171875 0.01796875
4 0.815625 0.978125 0.01328125 0.01640625
4 0.90625 0.93125 0.009375 0.01640625
4 0.83359375 0.84765625 0.009375 0.01484375
2 0.80546875 0.7765625 0.01953125 0.03359375
2 0.765625 0.7359375 0.01953125 0.03515625
2 0.915625 0.84296875 0.02109375 0.03515625
2 0.98515625 0.953125 0.0203125 0.034375
2 0.97421875 0.934375 0.02421875 0.04453125
4 0.89453125 0.8359375 0.009375 0.01640625
4 0.90078125 0.81953125 0.00546875 0.01796875
2 0.865625 0.76171875 0.0203125 0.03203125
2 0.87421875 0.7296875 0.021875 0.03671875
2 0.8265625 0.71171875 0.02109375 0.025
2 0.803125 0.68046875 0.0203125 0.03125
4 0.82421875 0.68671875 0.00859375 0.0140625
4 0.81796875 0.65703125 0.009375 0.01328125
4 0.7359375 0.678125 0.00859375 0.01796875
2 0.7078125 0.6390625 0.01953125 0.0359375
2 0.73515625 0.60625 0.01796875 0.03125
4 0.7234375 0.62265625 0.009375 0.015625
4 0.80546875 0.5609375 0.00859375 0.01796875
4 0.765625 0.553125 0.00703125 0.01015625
2 0.7265625 0.55625 0.01640625 0.03515625
4 0.6703125 0.546875 0.01015625 0.01640625
4 0.66015625 0.42421875 0.00703125 0.01875
4 0.6328125 0.40859375 0.009375 0.0203125
4 0.61953125 0.4234375 0.01015625 0.01875
4 0.60546875 0.4609375 0.00859375 0.02109375
3 0.36796875 0.1890625 0.0203125 0.025
3 0.4109375 0.12890625 0.0203125 0.02578125
3 0.43203125 0.2046875 0.01875 0.021875
3 0.61796875 0.49921875 0.01328125 0.05625
0 0.778125 0.66875 0.01484375 0.02421875
2 0.940625 0.88515625 0.02109375 0.0390625
3 0.36953125 0.4078125 0.025 0.05