4 0.14453125 0.57890625 0.01015625 0.0140625
4 0.171875 0.403125 0.009375 0.01171875
4 0.184375 0.38671875 0.00859375 0.01484375
4 0.19140625 0.33828125 0.00625 0.01484375
2 0.19375 0.31015625 0.00859375 0.03125
0 0.1515625 0.409375 0.01171875 0.01328125
0 0.19140625 0.35625 0.01015625 0.01953125
0 0.23828125 0.296875 0.00859375 0.01640625
4 0.2984375 0.42734375 0.00859375 0.0109375
4 0.3515625 0.46171875 0.009375 0.0109375
4 0.4296875 0.41015625 0.009375 0.0109375
4 0.45859375 0.4515625 0.009375 0.01015625
4 0.50078125 0.459375 0.009375 0.01015625
4 0.4953125 0.40078125 0.01015625 0.00859375
4 0.60859375 0.4484375 0.00859375 0.01484375
4 0.61953125 0.99296875 0.00625 0.0140625
4 0.55078125 0.77421875 0.00703125 0.015625
4 0.56171875 0.7375 0.0046875 0.01796875
4 0.56640625 0.728125 0.00546875 0.0140625
4 0.56640625 0.74140625 0.00390625 0.0140625
4 0.54921875 0.64375 0.00546875 0.015625
4 0.5484375 0.665625 0.00390625 0.01484375
4 0.55546875 0.6515625 0.00390625 0.0140625
4 0.5609375 0.64609375 0.0046875 0.0140625
4 0.56875 0.6484375 0.00390625 0.01484375
4 0.578125 0.66640625 0.00390625 0.0140625
4 0.58046875 0.65078125 0.0046875 0.01640625
4 0.5609375 0.6609375 0.0046875 0.01328125
4 0.559375 0.67265625 0.0046875 0.01171875
4 0.56328125 0.69296875 0.0046875 0.015625
4 0.56640625 0.69609375 0.00390625 0.015625
4 0.5671875 0.7109375 0.00390625 0.0140625
4 0.56328125 0.715625 0.00390625 0.01484375
4 0.56796875 0.753125 0.00390625 0.01328125
4 0.5765625 0.83125 0.0046875 0.01484375
4 0.61328125 0.97890625 0.00390625 0.0140625
2 0.56796875 0.975 0.00859375 0.03125
2 0.578125 0.965625 0.009375 0.0296875
2 0.578125 0.93359375 0.01015625 0.034375
2 0.571875 0.878125 0.00859375 0.03203125
2 0.56328125 0.890625 0.00859375 0.034375
2 0.56328125 0.84609375 0.00859375 0.03515625
2 0.5625 0.81171875 0.00859375 0.03046875
2 0.57109375 0.81640625 0.00859375 0.034375
2 0.5828125 0.81796875 0.00859375 0.03515625
2 0.571875 0.77890625 0.00859375 0.034375
2 0.584375 0.78359375 0.00703125 0.0296875
2 0.5734375 0.7 0.00859375 0.03125
2 0.58359375 0.703125 0.00859375 0.03125
2 0.5734375 0.7359375 0.00859375 0.028125
2 0.58359375 0.74453125 0.00859375 0.03203125
2 0.58515625 0.66640625 0.00703125 0.0296875
2 0.56640625 0.67109375 0.00703125 0.0265625
2 0.61640625 0.621875 0.01328125 0.03125
2 0.7390625 0.50625 0.01875 0.01796875
2 0.74375 0.53203125 0.015625 0.01171875
2 0.72109375 0.528125 0.01796875 0.01484375
2 0.71953125 0.51328125 0.01640625 0.0109375
2 0.6921875 0.51640625 0.01796875 0.0140625
2 0.69453125 0.54453125 0.01640625 0.0140625
0 0.68046875 0.5671875 0.01171875 0.01328125
0 0.70625 0.50859375 0.01171875 0.0109375
3 0.77109375 0.52734375 0.021875 0.01953125
0 0.71171875 0.571875 0.01171875 0.01328125
0 0.696875 0.5328125 0.009375 0.01171875
0 0.6546875 0.3734375 0.0109375 0.0140625
0 0.5640625 0.37578125 0.01328125 0.01171875
0 0.47578125 0.45546875 0.01328125 0.0140625
0 0.4234375 0.44453125 0.01171875 0.0109375
2 0.496875 0.4125 0.01640625 0.0140625
2 0.50078125 0.44609375 0.01796875 0.01484375
2 0.88671875 0.509375 0.01953125 0.0203125
2 0.95703125 0.50390625 0.0203125 0.021875
0 0.99453125 0.4890625 0.0109375 0.02109375
3 0.84375 0.52109375 0.02421875 0.01796875
4 0.91328125 0.50859375 0.01171875 0.01328125
4 0.934375 0.5046875 0.01015625 0.009375
4 0.81015625 0.51953125 0.009375 0.01171875
4 0.73984375 0.521875 0.01015625 0.00703125
4 0.775 0.54453125 0.0109375 0.0109375
4 0.70625 0.5390625 0.00859375 0.00859375
4 0.678125 0.53828125 0.00859375 0.01015625
4 0.690625 0.528125 0.00859375 0.00859375
4 0.7015625 0.5234375 0.00703125 0.00703125
4 0.71875 0.54375 0.00859375 0.00703125
4 0.728125 0.54375 0.01015625 0.00703125
4 0.72890625 0.5515625 0.01015625 0.00625
4 0.7328125 0.5609375 0.00859375 0.009375
4 0.71171875 0.553125 0.00859375 0.00625
4 0.7109375 0.54609375 0.00859375 0.00703125
4 0.678125 0.55859375 0.01171875 0.00703125
4 0.68671875 0.55859375 0.00859375 0.00859375
4 0.69453125 0.5625 0.00859375 0.00703125
4 0.69453125 0.55546875 0.00859375 0.00546875
4 0.70390625 0.55390625 0.00859375 0.00625
0 0.571875 0.9078125 0.00859375 0.02109375
0 0.5640625 0.77734375 0.00859375 0.01953125
0 0.55703125 0.6875 0.00625 0.01875
0 0.575 0.64921875 0.00625 0.0203125
0 0.55859375 0.71328125 0.00703125 0.0203125
2 0.78046875 0.33359375 0.00859375 0.02890625
2 0.828125 0.33984375 0.01640625 0.0140625