0 0.228125 0.415625 0.01015625 0.009375
2 0.36640625 0.2953125 0.015625 0.0109375
2 0.39375 0.2921875 0.009375 0.021875
2 0.53125 0.33125 0.00546875 0.028125
2 0.5421875 0.33046875 0.00625 0.025
2 0.5828125 0.3203125 0.00859375 0.0234375
2 0.59140625 0.32109375 0.00625 0.02109375
4 0.60625 0.24296875 0.003125 0.01484375
4 0.5984375 0.24453125 0.003125 0.01484375
4 0.60390625 0.24375 0.0015625 0.01328125
4 0.5921875 0.24296875 0.003125 0.0140625
4 0.5890625 0.24296875 0.003125 0.01484375
4 0.57265625 0.28359375 0.003125 0.01171875
4 0.59296875 0.2859375 0.0015625 0.0140625
4 0.59296875 0.30078125 0.003125 0.01328125
4 0.60390625 0.30546875 0.003125 0.01640625
4 0.60859375 0.30390625 0.003125 0.01328125
4 0.57109375 0.29609375 0.003125 0.01171875
4 0.5671875 0.29609375 0.0015625 0.01484375
4 0.5625 0.2984375 0.003125 0.0140625
4 0.553125 0.28125 0.003125 0.0140625
4 0.55 0.28203125 0.0015625 0.0140625
4 0.54296875 0.28203125 0.003125 0.0140625
4 0.4578125 0.21015625 0.0046875 0.0109375
4 0.65859375 0.41328125 0.00625 0.00859375
4 0.671875 0.428125 0.00625 0.00625
2 0.70625 0.40390625 0.01328125 0.01171875
5 0.6875 0.38671875 0.03984375 0.01640625
5 0.74453125 0.3859375 0.04375 0.01484375
4 0.74921875 0.46015625 0.00625 0.00546875
2 0.84921875 0.421875 0.01171875 0.0109375
4 0.8515625 0.45390625 0.00546875 0.0046875
5 0.98125 0.565625 0.03671875 0.01640625
2 0.95703125 0.490625 0.0140625 0.0109375
4 0.8953125 0.58828125 0.00546875 0.00625
0 0.8484375 0.60625 0.00859375 0.00859375
0 0.85078125 0.65 0.0109375 0.009375
6 0.91484375 0.64296875 0.03671875 0.01640625
3 0.91953125 0.61171875 0.0203125 0.0140625
6 0.809375 0.4734375 0.0265625 0.01640625
4 0.60390625 0.553125 0.00546875 0.00625
3 0.575 0.5640625 0.015625 0.01328125
6 0.54453125 0.5453125 0.03515625 0.01640625
2 0.44921875 0.47109375 0.0140625 0.0109375
2 0.1984375 0.565625 0.01640625 0.01328125
3 0.0625 0.478125 0.025 0.0140625
3 0.16171875 0.496875 0.0140625 0.01015625
3 0.26640625 0.475 0.01875 0.0109375
1 0.39453125 0.5546875 0.0390625 0.01640625
3 0.38359375 0.50625 0.01875 0.0140625
4 0.3546875 0.5953125 0.00625 0.0046875
4 0.396875 0.59375 0.0046875 0.00546875
4 0.39453125 0.6 0.0046875 0.0046875
5 0.30546875 0.640625 0.02890625 0.015625
4 0.209375 0.62109375 0.00546875 0.00546875
5 0.1734375 0.646875 0.03359375 0.01640625
5 0.14921875 0.68125 0.03359375 0.01796875
4 0.09140625 0.6046875 0.0046875 0.0046875
4 0.06796875 0.628125 0.0046875 0.00546875
2 0.03671875 0.83203125 0.00859375 0.01796875
5 0.06640625 0.7515625 0.0109375 0.046875
5 0.0953125 0.73828125 0.0109375 0.046875
6 0.51875 0.62578125 0.02578125 0.01796875
6 0.5859375 0.61015625 0.0234375 0.01484375
5 0.60703125 0.590625 0.02578125 0.0140625
2 0.60234375 0.628125 0.0109375 0.00859375
4 0.5734375 0.5890625 0.0046875 0.00546875
4 0.58828125 0.58515625 0.00546875 0.00546875
2 0.68359375 0.653125 0.00546875 0.0203125
2 0.6921875 0.63828125 0.00703125 0.01875
2 0.7 0.6359375 0.00625 0.021875
2 0.69921875 0.6609375 0.00625 0.021875
2 0.74609375 0.6578125 0.00546875 0.0203125
3 0.70859375 0.6265625 0.00703125 0.02109375
4 0.878125 0.71640625 0.00390625 0.00859375
2 0.99375 0.87890625 0.00859375 0.02421875
2 0.9859375 0.90625 0.00703125 0.0234375
2 0.978125 0.9140625 0.00703125 0.02578125
2 0.96875 0.81875 0.0109375 0.01484375
2 0.96875 0.80390625 0.009375 0.0109375
3 0.784375 0.859375 0.01953125 0.0140625
3 0.74296875 0.903125 0.00859375 0.03046875