6 0.58671875 0.3203125 0.03828125 0.06484375
2 0.58125 0.37890625 0.040625 0.02890625
1 0.675 0.384375 0.07890625 0.06015625
5 0.18203125 0.9375 0.03671875 0.08515625
4 0.49296875 0.97734375 0.0140625 0.03515625
4 0.50703125 0.9625 0.015625 0.03984375
4 0.465625 0.853125 0.01484375 0.03828125
4 0.440625 0.9109375 0.0140625 0.03046875
2 0.43671875 0.85546875 0.02421875 0.07421875
2 0.53203125 0.628125 0.0203125 0.07109375
2 0.49921875 0.51328125 0.01953125 0.065625
4 0.47890625 0.5109375 0.01640625 0.0359375
4 0.4890625 0.490625 0.01796875 0.046875
4 0.46875 0.38671875 0.01875 0.03359375
4 0.44453125 0.375 0.01640625 0.02109375
3 0.4234375 0.33671875 0.01953125 0.0296875
2 0.409375 0.35703125 0.0359375 0.03125
0 0.3359375 0.36328125 0.02421875 0.03515625
0 0.41484375 0.22421875 0.02109375 0.0296875
0 0.39921875 0.22734375 0.01875 0.034375
0 0.38203125 0.2234375 0.02421875 0.02578125
0 0.50078125 0.1453125 0.02890625 0.0359375
2 0.24921875 0.2046875 0.0265625 0.034375
2 0.27421875 0.14296875 0.0265625 0.040625
2 0.359375 0.165625 0.0265625 0.03359375
3 0.35546875 0.19453125 0.0296875 0.0265625
2 0.4109375 0.2015625 0.02109375 0.025
2 0.41015625 0.18125 0.02421875 0.02421875
4 0.309375 0.15546875 0.01875 0.02421875
4 0.32421875 0.146875 0.01796875 0.021875
4 0.3765625 0.1265625 0.01953125 0.02109375
4 0.415625 0.14140625 0.01796875 0.0140625
4 0.4109375 0.14921875 0.0140625 0.01484375
4 0.4140625 0.15546875 0.01640625 0.0265625
4 0.38828125 0.1984375 0.03203125 0.03515625
4 0.3859375 0.18125 0.01171875 0.028125
4 0.3953125 0.18359375 0.01640625 0.02421875
2 0.35703125 0.21484375 0.025 0.03125
4 0.33828125 0.21875 0.02109375 0.0296875
4 0.32890625 0.19453125 0.021875 0.0203125
2 0.38046875 0.328125 0.02890625 0.03046875
2 0.3671875 0.34609375 0.03203125 0.04296875
4 0.3109375 0.35625 0.02109375 0.03203125
4 0.2734375 0.359375 0.0203125 0.0296875
2 0.26484375 0.3140625 0.03359375 0.03125
4 0.25078125 0.34140625 0.0234375 0.0234375
4 0.2234375 0.33203125 0.01796875 0.0265625
4 0.21640625 0.346875 0.02109375 0.03046875
2 0.21484375 0.30078125 0.0265625 0.040625
4 0.21484375 0.1359375 0.021875 0.0296875
4 0.15390625 0.12578125 0.015625 0.025
4 0.1453125 0.16328125 0.0265625 0.03046875
4 0.14296875 0.33046875 0.0234375 0.0359375
4 0.08203125 0.33046875 0.015625 0.028125
4 0.08359375 0.28671875 0.02109375 0.0296875
4 0.0765625 0.30390625 0.0203125 0.025
2 0.13515625 0.29296875 0.025 0.0359375
2 0.17109375 0.31484375 0.03046875 0.03359375
4 0.053125 0.29453125 0.015625 0.03046875
4 0.02109375 0.28671875 0.01640625 0.02578125
4 0.01171875 0.27265625 0.01796875 0.021875
4 0.0203125 0.3109375 0.01796875 0.03046875
4 0.00625 0.2921875 0.01171875 0.034375
0 0.021875 0.12734375 0.02109375 0.03125
0 0.08046875 0.05625 0.0234375 0.05
4 0.0265625 0.04375 0.015625 0.03515625
4 0.009375 0.059375 0.01875 0.021875
4 0.0078125 0.075 0.015625 0.02578125
0 0.03828125 0.01328125 0.025 0.0265625
6 0.346875 0.409375 0.03203125 0.040625
2 0.08515625 0.5640625 0.04296875 0.02578125
2 0.02890625 0.671875 0.03671875 0.03515625
2 0.040625 0.55390625 0.02578125 0.028125
2 0.0359375 0.58203125 0.0359375 0.03046875
2 0.55859375 0.090625 0.0203125 0.06328125
2 0.53828125 0.0125 0.01484375 0.025
2 0.6234375 0.0171875 0.025 0.034375
4 0.6953125 0.13046875 0.009375 0.02421875
4 0.70625 0.128125 0.01328125 0.0265625
2 0.834375 0.18359375 0.02890625 0.03671875
2 0.80390625 0.1859375 0.02890625 0.03671875
2 0.77421875 0.159375 0.02421875 0.0515625
3 0.76875 0.19453125 0.021875 0.03046875
4 0.7671875 0.21171875 0.01796875 0.03359375
4 0.8296875 0.2328125 0.01953125 0.03515625
2 0.81796875 0.02890625 0.01875 0.05390625
3 0.7953125 0.0765625 0.015625 0.040625
4 0.984375 0.215625 0.03046875 0.02578125
2 0.92734375 0.3796875 0.0296875 0.0296875
2 0.97578125 0.38203125 0.03671875 0.034375
2 0.9546875 0.39921875 0.0265625 0.053125
2 0.9890625 0.40859375 0.02109375 0.0390625
2 0.99140625 0.44453125 0.01640625 0.03984375
2 0.91953125 0.43359375 0.0296875 0.03125
2 0.90703125 0.40234375 0.03359375 0.0296875
3 0.8890625 0.378125 0.02578125 0.02890625
1 0.85625 0.403125 0.065625 0.0453125
2 0.8171875 0.36953125 0.02578125 0.02890625
2 0.840625 0.3734375 0.02890625 0.03359375
3 0.86640625 0.36796875 0.02890625 0.03828125
3 0.821875 0.43046875 0.0265625 0.028125
0 0.86796875 0.4453125 0.02109375 0.03046875
0 0.79765625 0.4375 0.025 0.028125
2 0.85546875 0.42734375 0.028125 0.03671875
2 0.8015625 0.409375 0.02421875 0.02578125
2 0.7859375 0.37265625 0.028125 0.03203125
2 0.7734375 0.4265625 0.02890625 0.0265625
1 0.753125 0.4015625 0.07421875 0.04375
6 0.7296875 0.37109375 0.02890625 0.04140625
2 0.75546875 0.3625 0.034375 0.0390625
4 0.75078125 0.38125 0.01640625 0.021875
4 0.79375 0.46171875 0.021875 0.01875
4 0.8234375 0.46328125 0.0203125 0.02890625
4 0.884375 0.42578125 0.01796875 0.02578125
4 0.70078125 0.44375 0.0203125 0.021875
4 0.671875 0.446875 0.01484375 0.01640625
4 0.6375 0.41875 0.01796875 0.01796875
0 0.65625 0.41171875 0.03046875 0.0390625
2 0.6890625 0.425 0.034375 0.03046875
4 0.60078125 0.403125 0.02421875 0.03515625
0 0.5640625 0.4015625 0.02890625 0.03671875
2 0.609375 0.44609375 0.03828125 0.046875