4 0.021875 0.3734375 0.015625 0.015625
4 0.05859375 0.34609375 0.01640625 0.0140625
4 0.06015625 0.359375 0.0171875 0.01171875
4 0.10546875 0.3953125 0.02109375 0.01640625
4 0.096875 0.45234375 0.01484375 0.015625
4 0.0171875 0.29375 0.01484375 0.01328125
4 0.0609375 0.296875 0.0140625 0.0125
4 0.0578125 0.31328125 0.015625 0.01328125
4 0.10546875 0.30625 0.0140625 0.0125
0 0.1390625 0.29453125 0.0203125 0.0171875
2 0.15078125 0.31640625 0.02421875 0.021875
4 0.14140625 0.34609375 0.01640625 0.0140625
4 0.1375 0.37734375 0.015625 0.01484375
4 0.1734375 0.3546875 0.01171875 0.01015625
4 0.16640625 0.371875 0.015625 0.01171875
4 0.15078125 0.38828125 0.01328125 0.01328125
4 0.19609375 0.3625 0.01171875 0.01015625
4 0.1875 0.3921875 0.01171875 0.01171875
4 0.1734375 0.28671875 0.01328125 0.0109375
4 0.1953125 0.3078125 0.01328125 0.0109375
4 0.17421875 0.31640625 0.0125 0.00859375
4 0.18671875 0.32421875 0.0140625 0.0078125
4 0.20625 0.3234375 0.01328125 0.01171875
4 0.22109375 0.31328125 0.0109375 0.01171875
4 0.21875 0.29140625 0.01171875 0.01171875
4 0.20703125 0.371875 0.0140625 0.01171875
4 0.20625 0.39765625 0.01171875 0.009375
4 0.26015625 0.35859375 0.0125 0.0125
4 0.265625 0.38359375 0.01171875 0.01015625
4 0.28515625 0.3515625 0.01171875 0.0109375
4 0.30859375 0.37421875 0.0125 0.0109375
5 0.2796875 0.45078125 0.0109375 0.01015625
4 0.2875 0.465625 0.0140625 0.01015625
4 0.34609375 0.47109375 0.0125 0.0109375
4 0.35 0.35234375 0.01171875 0.01015625
4 0.3421875 0.36796875 0.0125 0.009375
4 0.3421875 0.37890625 0.01171875 0.0109375
4 0.359375 0.37734375 0.01015625 0.0109375
4 0.371875 0.3734375 0.0125 0.0109375
4 0.4203125 0.36171875 0.0125 0.01015625
4 0.40703125 0.37265625 0.01171875 0.01328125
4 0.4203125 0.37734375 0.01171875 0.01015625
4 0.459375 0.35859375 0.0109375 0.0109375
2 0.421875 0.40234375 0.02265625 0.01875
2 0.3578125 0.3984375 0.03359375 0.0234375
4 0.4671875 0.4640625 0.0125 0.0109375
4 0.5 0.46953125 0.01171875 0.0109375
4 0.54765625 0.4734375 0.01171875 0.01171875
3 0.47734375 0.48671875 0.0203125 0.01875
4 0.52578125 0.3546875 0.01015625 0.0109375
4 0.53046875 0.39296875 0.01171875 0.01171875
4 0.5546875 0.3640625 0.0109375 0.01015625
4 0.584375 0.353125 0.0109375 0.0125
4 0.57578125 0.371875 0.01015625 0.01015625
4 0.5890625 0.3859375 0.0109375 0.01171875
4 0.584375 0.396875 0.01171875 0.00859375
4 0.5984375 0.409375 0.01171875 0.01171875
4 0.5984375 0.3640625 0.009375 0.00859375
4 0.61796875 0.38125 0.01015625 0.01171875
4 0.60859375 0.396875 0.0109375 0.0125
4 0.63515625 0.3921875 0.01015625 0.01015625
4 0.634375 0.409375 0.009375 0.0078125
4 0.6484375 0.40390625 0.01015625 0.01015625
4 0.65703125 0.34765625 0.01171875 0.01015625
4 0.6625 0.36171875 0.0109375 0.009375
4 0.6625 0.37421875 0.01171875 0.009375
4 0.6828125 0.36640625 0.009375 0.009375
4 0.696875 0.3828125 0.01171875 0.01015625
4 0.6875 0.40703125 0.01171875 0.009375
4 0.70625 0.35859375 0.009375 0.0109375
4 0.7140625 0.36640625 0.009375 0.0109375
4 0.71640625 0.39296875 0.0109375 0.01171875
4 0.7515625 0.36640625 0.0109375 0.0109375
4 0.72734375 0.3734375 0.01015625 0.01015625
4 0.678125 0.4765625 0.0125 0.01015625
4 0.76796875 0.39453125 0.0109375 0.01171875
4 0.77890625 0.40703125 0.0109375 0.01015625
4 0.78515625 0.37421875 0.0125 0.01015625
4 0.7984375 0.36015625 0.0125 0.01171875
4 0.8078125 0.3484375 0.01171875 0.01171875
4 0.82265625 0.36171875 0.0125 0.01171875
4 0.85 0.353125 0.0125 0.0109375
4 0.8609375 0.3765625 0.0125 0.0109375
2 0.84765625 0.396875 0.03046875 0.0203125
4 0.8921875 0.35859375 0.01171875 0.0125
4 0.9359375 0.36484375 0.01015625 0.0109375
4 0.98984375 0.38203125 0.0125 0.01171875
4 0.96875 0.39609375 0.0140625 0.0125
4 0.97109375 0.4796875 0.0125 0.01328125
4 0.9421875 0.31328125 0.01328125 0.01015625
4 0.853125 0.29921875 0.01015625 0.01171875
4 0.78125 0.325 0.01171875 0.0109375
4 0.7203125 0.3109375 0.0140625 0.009375
0 0.6015625 0.5234375 0.015625 0.01640625
4 0.5015625 0.57734375 0.0046875 0.01640625
4 0.49765625 0.56484375 0.00703125 0.01796875
4 0.5140625 0.54375 0.0046875 0.0171875
4 0.5203125 0.5578125 0.00625 0.01875
4 0.525 0.5328125 0.00546875 0.0171875
4 0.51953125 0.590625 0.00546875 0.015625
4 0.52109375 0.62734375 0.00703125 0.015625
0 0.48515625 0.54375 0.01328125 0.01640625
0 0.46875 0.5328125 0.01328125 0.01640625
0 0.4546875 0.5484375 0.0140625 0.01484375
0 0.43671875 0.54609375 0.01328125 0.02109375
0 0.38828125 0.521875 0.01328125 0.01015625
0 0.5578125 0.5375 0.00703125 0.01640625
0 0.52734375 0.72421875 0.0140625 0.01875
0 0.50625 0.73984375 0.01171875 0.0234375
0 0.51328125 0.7640625 0.009375 0.02265625
0 0.509375 0.8015625 0.009375 0.0234375
4 0.48046875 0.8203125 0.00625 0.01875
4 0.49140625 0.81640625 0.0046875 0.0140625
4 0.47578125 0.84921875 0.00703125 0.01640625
4 0.48046875 0.875 0.0046875 0.0203125
4 0.47265625 0.88125 0.0046875 0.0203125
4 0.4234375 0.85234375 0.00546875 0.02109375
4 0.41328125 0.821875 0.00546875 0.01796875
4 0.41875 0.6921875 0.00546875 0.01796875
0 0.453125 0.71796875 0.01015625 0.028125
4 0.496875 0.73515625 0.00546875 0.02109375
4 0.46328125 0.76953125 0.0046875 0.0171875
4 0.4625 0.81015625 0.0078125 0.0203125
4 0.465625 0.92578125 0.00703125 0.01953125
4 0.46953125 0.93984375 0.00546875 0.0171875
4 0.45703125 0.95703125 0.00546875 0.0171875
4 0.46328125 0.9859375 0.0078125 0.01953125
4 0.4734375 0.96171875 0.00625 0.0125
0 0.42265625 0.95703125 0.009375 0.03046875
4 0.41328125 0.8890625 0.00859375 0.01953125
0 0.715625 0.521875 0.015625 0.015625
0 0.71328125 0.5453125 0.01484375 0.0171875
0 0.67734375 0.553125 0.0125 0.01640625
4 0.65078125 0.5546875 0.01015625 0.0078125
3 0.6296875 0.53125 0.01484375 0.01328125
0 0.57109375 0.52890625 0.0109375 0.01640625
4 0.56640625 0.515625 0.01015625 0.0125
4 0.75 0.52109375 0.01015625 0.0078125
4 0.7921875 0.52265625 0.01328125 0.01015625
4 0.82734375 0.4828125 0.01171875 0.0109375
4 0.7671875 0.4421875 0.01171875 0.01328125
3 0.1953125 0.4828125 0.02109375 0.0203125
3 0.15234375 0.4765625 0.01953125 0.015625
3 0.20859375 0.43359375 0.0203125 0.01640625
4 0.11953125 0.5078125 0.0109375 0.0109375
4 0.0953125 0.51484375 0.00859375 0.009375
4 0.06171875 0.503125 0.0109375 0.0125
4 0.04140625 0.51171875 0.009375 0.01171875
0 0.17421875 0.5421875 0.01484375 0.01640625
0 0.20703125 0.51640625 0.015625 0.0125
4 0.22734375 0.540625 0.0140625 0.00859375
4 0.20546875 0.55390625 0.01171875 0.0109375
4 0.2 0.56484375 0.0140625 0.01171875
0 0.33828125 0.55703125 0.0171875 0.01640625
0 0.353125 0.57890625 0.01015625 0.025
0 0.33984375 0.58046875 0.01640625 0.01953125
4 0.36484375 0.55078125 0.01328125 0.0171875
4 0.346875 0.540625 0.01015625 0.0109375