2 0.28828125 0.06953125 0.01953125 0.03671875
0 0.36953125 0.04609375 0.015625 0.02578125
4 0.3875 0.1015625 0.0046875 0.01171875
2 0.39140625 0.32578125 0.01484375 0.0359375
0 0.46796875 0.3234375 0.01015625 0.0265625
4 0.39140625 0.39765625 0.00625 0.01796875
4 0.38203125 0.43671875 0.00703125 0.01171875
0 0.33671875 0.52578125 0.0140625 0.01875
2 0.41328125 0.46953125 0.01328125 0.0390625
2 0.46796875 0.48125 0.01171875 0.04375
4 0.47421875 0.4234375 0.00546875 0.021875
2 0.42890625 0.59375 0.01875 0.03125
4 0.39453125 0.50625 0.009375 0.01328125
4 0.4046875 0.50703125 0.00859375 0.015625
4 0.39609375 0.5359375 0.009375 0.01328125
2 0.196875 0.6859375 0.0203125 0.03515625
2 0.16953125 0.73203125 0.01640625 0.03671875
2 0.18671875 0.79375 0.01875 0.03359375
0 0.23046875 0.69296875 0.0140625 0.02109375
2 0.14375 0.95625 0.01953125 0.03515625
2 0.16640625 0.91953125 0.01875 0.03359375
2 0.17734375 0.9390625 0.01796875 0.03125
2 0.1609375 0.9671875 0.0203125 0.0390625
2 0.14609375 0.990625 0.015625 0.01875
2 0.203125 0.95078125 0.02109375 0.03828125
2 0.1984375 0.8671875 0.01953125 0.03203125
2 0.2 0.9078125 0.01875 0.0296875
2 0.21640625 0.88125 0.01640625 0.03125
2 0.22421875 0.82421875 0.02109375 0.0359375
2 0.23125 0.85546875 0.01875 0.03046875
2 0.253125 0.81640625 0.01953125 0.03203125
2 0.27109375 0.78515625 0.02109375 0.03359375
6 0.2921875 0.753125 0.03046875 0.0515625
2 0.29609375 0.81015625 0.01953125 0.034375
2 0.31796875 0.71171875 0.01640625 0.03046875
2 0.34296875 0.73203125 0.01796875 0.03125
2 0.31953125 0.6625 0.01875 0.034375
2 0.34453125 0.6796875 0.01953125 0.0296875
2 0.36484375 0.59296875 0.01640625 0.0296875
2 0.3703125 0.61640625 0.015625 0.02421875
3 0.35859375 0.64765625 0.01875 0.03203125
2 0.3859375 0.6640625 0.01953125 0.03203125
2 0.38828125 0.6 0.01640625 0.02578125
2 0.25390625 0.98203125 0.01796875 0.03125
4 0.24375 0.934375 0.00859375 0.01171875
4 0.13046875 0.9765625 0.009375 0.01328125
4 0.1328125 0.9921875 0.009375 0.01171875
4 0.16328125 0.94453125 0.009375 0.0140625
4 0.18046875 0.91875 0.01484375 0.01171875
4 0.18984375 0.90625 0.009375 0.01328125
4 0.24375 0.784375 0.009375 0.01484375
4 0.25625 0.765625 0.01015625 0.01328125
4 0.2515625 0.7859375 0.009375 0.01171875
4 0.2546875 0.79609375 0.009375 0.01328125
4 0.3015625 0.69765625 0.01015625 0.01953125
4 0.303125 0.71953125 0.00625 0.0140625
4 0.31640625 0.68828125 0.00625 0.015625
4 0.32578125 0.68046875 0.009375 0.01015625
4 0.33046875 0.6921875 0.009375 0.01328125
4 0.34375 0.65 0.00625 0.01171875
4 0.33359375 0.6671875 0.00625 0.0109375
4 0.34140625 0.62578125 0.009375 0.01328125
4 0.346875 0.609375 0.009375 0.0109375
4 0.3984375 0.67890625 0.00859375 0.01171875
4 0.41875 0.63125 0.00625 0.01484375
4 0.35234375 0.6203125 0.00859375 0.01171875
4 0.3828125 0.58046875 0.00703125 0.01328125
2 0.33359375 0.88515625 0.01875 0.0359375
4 0.56171875 0.234375 0.01015625 0.015625
4 0.640625 0.196875 0.009375 0.0109375
0 0.6640625 0.08671875 0.01171875 0.0234375
0 0.678125 0.07578125 0.0140625 0.0203125
2 0.70703125 0.0109375 0.01875 0.021875
2 0.721875 0.02265625 0.0234375 0.03359375
4 0.83203125 0.01484375 0.01171875 0.01640625
4 0.83359375 0.03046875 0.01171875 0.015625
4 0.80703125 0.11640625 0.01015625 0.01640625
6 0.828125 0.13046875 0.02578125 0.03671875
2 0.86796875 0.18125 0.01796875 0.03515625
4 0.7453125 0.06171875 0.01015625 0.01875
4 0.7046875 0.0453125 0.01015625 0.0140625
2 0.7640625 0.13203125 0.01953125 0.03125
2 0.74453125 0.13671875 0.0203125 0.03046875
2 0.77578125 0.140625 0.01953125 0.03125
2 0.75078125 0.1640625 0.01796875 0.0265625
2 0.721875 0.17578125 0.0203125 0.03203125
0 0.73671875 0.21328125 0.01484375 0.0265625
0 0.74921875 0.19453125 0.01171875 0.0203125
4 0.7609375 0.19453125 0.01015625 0.01484375
4 0.778125 0.190625 0.01015625 0.01171875
2 0.70078125 0.21328125 0.0203125 0.03046875
2 0.72109375 0.228125 0.015625 0.02890625
2 0.684375 0.24453125 0.01796875 0.0296875
2 0.70703125 0.259375 0.0203125 0.03671875
2 0.66875 0.2703125 0.01796875 0.03046875
3 0.64609375 0.36796875 0.0203125 0.03359375
5 0.64921875 0.31953125 0.03125 0.0640625
2 0.62109375 0.37109375 0.01640625 0.0296875
2 0.61484375 0.428125 0.0203125 0.034375
0 0.6828125 0.26953125 0.01328125 0.021875
0 0.68984375 0.29921875 0.0140625 0.01953125
0 0.67578125 0.31796875 0.01171875 0.02421875
2 0.63125 0.396875 0.01484375 0.02890625
0 0.6734375 0.29453125 0.01171875 0.021875
4 0.73515625 0.24609375 0.00859375 0.01796875
4 0.72109375 0.25703125 0.00859375 0.0109375
4 0.70703125 0.28046875 0.00703125 0.01015625
4 0.69921875 0.2875 0.00859375 0.01484375
4 0.69453125 0.26875 0.00859375 0.01171875
4 0.69453125 0.33125 0.00859375 0.01328125
4 0.71875 0.31875 0.01015625 0.01328125
4 0.66953125 0.34296875 0.009375 0.01171875
4 0.628125 0.3359375 0.00859375 0.01484375
4 0.62421875 0.35 0.00546875 0.01328125
4 0.61171875 0.3734375 0.00703125 0.01171875
4 0.6046875 0.3890625 0.00703125 0.01015625
4 0.61328125 0.44765625 0.00859375 0.01171875
4 0.621875 0.4375 0.00703125 0.01484375
4 0.61640625 0.45625 0.00625 0.0140625
4 0.6234375 0.4484375 0.00703125 0.0109375
4 0.62421875 0.459375 0.00859375 0.0109375
4 0.62578125 0.47578125 0.00625 0.01328125
4 0.61875 0.39921875 0.0046875 0.01015625
2 0.69453125 0.6625 0.01875 0.0359375
2 0.70703125 0.696875 0.01484375 0.0296875
0 0.67109375 0.78203125 0.0140625 0.021875
4 0.69921875 0.86328125 0.00703125 0.01796875
2 0.64765625 0.84921875 0.01875 0.04140625
3 0.6265625 0.81640625 0.01796875 0.03984375
2 0.62421875 0.8515625 0.01875 0.0390625
2 0.60546875 0.81015625 0.01640625 0.034375
2 0.615625 0.77109375 0.0140625 0.03203125
0 0.60703125 0.63359375 0.01171875 0.0265625
0 0.56796875 0.6515625 0.01015625 0.0234375
2 0.55625 0.67421875 0.01796875 0.03828125
0 0.56015625 0.71796875 0.0109375 0.021875
0 0.58359375 0.7765625 0.01171875 0.0234375
3 0.54375 0.70625 0.01640625 0.0359375
4 0.53203125 0.684375 0.00703125 0.01796875
4 0.54296875 0.6640625 0.00703125 0.01640625
4 0.54609375 0.64453125 0.00546875 0.0140625
4 0.5515625 0.6359375 0.00859375 0.01875
4 0.5765625 0.6640625 0.00859375 0.01796875
4 0.56796875 0.68359375 0.00625 0.0140625
4 0.56796875 0.7015625 0.00625 0.01875
4 0.61875 0.6953125 0.00859375 0.0203125
4 0.6609375 0.8 0.00859375 0.01640625
2 0.621875 0.94140625 0.01875 0.03203125
1 0.59296875 0.72109375 0.03828125 0.078125