0 0.62265625 0.859375 0.00859375 0.0203125
0 0.603125 0.58046875 0.00859375 0.021875
0 0.57890625 0.60390625 0.00859375 0.0203125
0 0.76171875 0.55703125 0.01015625 0.0140625
0 0.79140625 0.56875 0.01328125 0.01328125
0 0.8734375 0.52578125 0.01171875 0.0140625
0 0.9828125 0.37421875 0.0140625 0.01328125
0 0.56875 0.37890625 0.01015625 0.0109375
0 0.45703125 0.43125 0.01015625 0.0109375
0 0.46328125 0.4421875 0.0109375 0.01171875
0 0.490625 0.4390625 0.01015625 0.01015625
0 0.43515625 0.44453125 0.009375 0.00859375
0 0.415625 0.4484375 0.01171875 0.01171875
0 0.29609375 0.42890625 0.01328125 0.0140625
0 0.2546875 0.42890625 0.0140625 0.01171875
0 0.15546875 0.4015625 0.01171875 0.01171875
2 0.19921875 0.30234375 0.009375 0.0296875
3 0.23046875 0.44296875 0.015625 0.01484375
2 0.26953125 0.446875 0.01328125 0.01796875
2 0.21953125 0.46875 0.0203125 0.01875
2 0.31015625 0.44375 0.01640625 0.01796875
2 0.33046875 0.44921875 0.01796875 0.01640625
2 0.35 0.44296875 0.01953125 0.01328125
2 0.37109375 0.44296875 0.01640625 0.0140625
2 0.365625 0.4578125 0.01875 0.0140625
2 0.38828125 0.46171875 0.01875 0.0140625
2 0.38046875 0.421875 0.01875 0.01484375
2 0.40078125 0.41171875 0.0203125 0.01796875
2 0.4171875 0.42265625 0.01640625 0.0140625
2 0.4 0.43671875 0.01875 0.0140625
2 0.409375 0.4625 0.01796875 0.01328125
2 0.43203125 0.45859375 0.01640625 0.01328125
2 0.45078125 0.4609375 0.01484375 0.01171875
2 0.44921875 0.44296875 0.0140625 0.0109375
2 0.43359375 0.40390625 0.01796875 0.01171875
2 0.4609375 0.4125 0.01484375 0.0109375
2 0.4765625 0.4171875 0.015625 0.01328125
2 0.47421875 0.43203125 0.015625 0.01171875
2 0.490625 0.45078125 0.01640625 0.01328125
2 0.4703125 0.45859375 0.01640625 0.01171875
2 0.509375 0.5765625 0.0140625 0.02109375
2 0.58671875 0.6359375 0.01171875 0.02890625
2 0.65703125 0.6109375 0.015625 0.02421875
2 0.628125 0.71640625 0.01328125 0.0296875
2 0.7640625 0.57109375 0.01875 0.01640625
2 0.74453125 0.55546875 0.01640625 0.0140625
2 0.74140625 0.5421875 0.015625 0.0140625
2 0.759375 0.53046875 0.015625 0.01875
2 0.75234375 0.51328125 0.01796875 0.0140625
2 0.72421875 0.5171875 0.01796875 0.015625
2 0.7125 0.540625 0.01640625 0.015625
2 0.6828125 0.53203125 0.01796875 0.01328125
2 0.70703125 0.55625 0.01484375 0.01328125
2 0.83359375 0.55390625 0.01953125 0.015625
2 0.8640625 0.54296875 0.01796875 0.015625
2 0.85078125 0.52578125 0.01875 0.015625
2 0.8515625 0.50859375 0.01796875 0.01640625
2 0.83359375 0.50234375 0.01796875 0.01171875
2 0.83203125 0.5234375 0.01796875 0.015625
2 0.95703125 0.53515625 0.0203125 0.01640625
2 0.9515625 0.4875 0.0234375 0.015625
1 0.909375 0.50546875 0.05546875 0.025
1 0.796875 0.5359375 0.0515625 0.0234375
1 0.7953125 0.51328125 0.05078125 0.01953125
4 0.221875 0.4125 0.0109375 0.00859375
4 0.2234375 0.43046875 0.0109375 0.009375
4 0.1921875 0.45703125 0.01328125 0.009375
4 0.2640625 0.41171875 0.009375 0.00703125
4 0.29921875 0.41171875 0.009375 0.00859375
4 0.25703125 0.43828125 0.009375 0.00625
4 0.30625 0.46328125 0.0109375 0.00625
4 0.33125 0.40859375 0.009375 0.00625
4 0.3453125 0.40625 0.01171875 0.00859375
4 0.359375 0.46796875 0.009375 0.00546875
4 0.36953125 0.4109375 0.009375 0.00859375
4 0.41953125 0.40546875 0.01015625 0.01015625
4 0.43671875 0.41640625 0.00859375 0.00703125
4 0.35703125 0.4734375 0.009375 0.00625
4 0.446875 0.42421875 0.00859375 0.00703125
4 0.44453125 0.41640625 0.00703125 0.00625
4 0.4484375 0.409375 0.00859375 0.00703125
4 0.465625 0.4234375 0.00859375 0.00859375
4 0.48046875 0.40625 0.01015625 0.00703125
4 0.49296875 0.38359375 0.009375 0.00703125
4 0.50234375 0.440625 0.009375 0.00703125
4 0.50546875 0.40234375 0.00859375 0.00859375
4 0.5671875 0.39921875 0.01015625 0.00703125
4 0.56640625 0.8265625 0.00390625 0.01796875
4 0.7234375 0.56875 0.009375 0.00625
4 0.73203125 0.5734375 0.009375 0.00625
4 0.73125 0.55390625 0.009375 0.00703125
4 0.74296875 0.56953125 0.01015625 0.00625
4 0.72109375 0.5515625 0.01015625 0.00703125
4 0.71796875 0.5609375 0.00859375 0.00625
4 0.70703125 0.56953125 0.009375 0.00859375
4 0.6796875 0.5171875 0.009375 0.00625
4 0.6890625 0.54140625 0.00859375 0.00546875
4 0.68125 0.54453125 0.01015625 0.00625
4 0.6890625 0.54921875 0.00859375 0.00546875
4 0.68203125 0.55234375 0.0109375 0.00546875
4 0.68828125 0.55703125 0.009375 0.00546875
4 0.696875 0.5640625 0.009375 0.00625
4 0.6890625 0.5640625 0.00859375 0.00859375
4 0.68125 0.56171875 0.00859375 0.00546875
4 0.6796875 0.57421875 0.009375 0.00859375
4 0.68671875 0.58046875 0.00859375 0.00859375
4 0.74609375 0.53125 0.01015625 0.01171875
4 0.78359375 0.553125 0.009375 0.00703125
4 0.803125 0.5484375 0.00859375 0.00625
4 0.81328125 0.55390625 0.00859375 0.00859375
4 0.80625 0.49921875 0.00859375 0.00625
4 0.81953125 0.4984375 0.00859375 0.01015625
4 0.846875 0.49453125 0.009375 0.00546875
4 0.86015625 0.515625 0.00859375 0.00546875
4 0.88203125 0.5328125 0.00859375 0.009375
4 0.90546875 0.54453125 0.01015625 0.00859375
4 0.93515625 0.534375 0.009375 0.009375
4 0.9453125 0.509375 0.009375 0.00625
4 0.95703125 0.50859375 0.01328125 0.009375
4 0.953125 0.51875 0.01015625 0.00625
4 0.97421875 0.51640625 0.01171875 0.00625
4 0.9734375 0.50390625 0.0109375 0.00859375
4 0.98671875 0.509375 0.00859375 0.00859375
4 0.99453125 0.51171875 0.01015625 0.00703125
2 0.9921875 0.3421875 0.015625 0.015625
4 0.91796875 0.36875 0.01015625 0.00859375
4 0.7859375 0.40546875 0.00859375 0.009375
4 0.784375 0.38828125 0.01015625 0.01171875
4 0.67421875 0.409375 0.0109375 0.01015625
4 0.66484375 0.4 0.00859375 0.00859375
4 0.7109375 0.3859375 0.01015625 0.009375
4 0.740625 0.39609375 0.00703125 0.00703125
4 0.59296875 0.3984375 0.00859375 0.00546875
2 0.784375 0.34296875 0.01171875 0.0265625
2 0.7078125 0.42265625 0.01953125 0.015625
2 0.83125 0.35078125 0.01640625 0.015625
2 0.0375 0.58203125 0.01796875 0.01640625
4 0.040625 0.42890625 0.00859375 0.009375
4 0.021875 0.415625 0.009375 0.00703125
0 0.2296875 0.34140625 0.00703125 0.01796875
4 0.25234375 0.10859375 0.00546875 0.01328125
4 0.23828125 0.175 0.0046875 0.01328125
4 0.19296875 0.3640625 0.009375 0.00859375