4 0.546875 0.3609375 0.0140625 0.03359375
3 0.41875 0.371875 0.02109375 0.03203125
4 0.38359375 0.39375 0.01328125 0.0203125
4 0.3640625 0.403125 0.01484375 0.01640625
2 0.50546875 0.27109375 0.0234375 0.04921875
4 0.58984375 0.26796875 0.01171875 0.0296875
4 0.48984375 0.290625 0.01796875 0.021875
2 0.55546875 0.44609375 0.01640625 0.0390625
4 0.53203125 0.38203125 0.01328125 0.03125
2 0.540625 0.51328125 0.015625 0.05546875
4 0.53671875 0.471875 0.01015625 0.0265625
4 0.478125 0.48359375 0.01015625 0.025
4 0.48515625 0.48671875 0.00859375 0.02578125
4 0.48828125 0.49140625 0.009375 0.03046875
4 0.49296875 0.4890625 0.00859375 0.0359375
4 0.47578125 0.509375 0.009375 0.025
4 0.48125 0.5 0.01171875 0.02890625
4 0.5109375 0.509375 0.01015625 0.021875
4 0.5078125 0.53515625 0.0109375 0.02890625
2 0.5015625 0.50625 0.0140625 0.05078125
4 0.5515625 0.6328125 0.01328125 0.028125
4 0.48046875 0.5265625 0.01015625 0.02578125
4 0.46953125 0.60703125 0.009375 0.025
4 0.475 0.5921875 0.01171875 0.0265625
4 0.4921875 0.5625 0.009375 0.02578125
4 0.471875 0.53984375 0.01015625 0.028125
4 0.5390625 0.73671875 0.01171875 0.028125
4 0.51875 0.83046875 0.0109375 0.02578125
4 0.5234375 0.87734375 0.0109375 0.02421875
2 0.52421875 0.7265625 0.01484375 0.03828125
0 0.5109375 0.91875 0.01484375 0.03359375
4 0.51875 0.95390625 0.01015625 0.025
4 0.49453125 0.97265625 0.01328125 0.0296875
4 0.5078125 0.971875 0.01171875 0.025
2 0.45625 0.921875 0.01484375 0.0453125
4 0.43671875 0.91796875 0.0140625 0.03203125
4 0.44296875 0.859375 0.01171875 0.0296875
2 0.46953125 0.884375 0.01640625 0.046875
4 0.4515625 0.76171875 0.009375 0.03125
0 0.459375 0.74765625 0.01484375 0.040625
0 0.440625 0.98671875 0.01875 0.0265625
2 0.45703125 0.82578125 0.01640625 0.05078125
2 0.46875 0.83046875 0.01640625 0.04609375
2 0.47578125 0.7765625 0.01484375 0.04453125
2 0.4828125 0.70703125 0.0140625 0.04375
2 0.48828125 0.65625 0.01796875 0.05
0 0.46484375 0.67734375 0.01171875 0.0390625
2 0.4515625 0.65078125 0.01796875 0.04375
2 0.4765625 0.628125 0.01796875 0.04921875
2 0.48359375 0.578125 0.0140625 0.04609375
2 0.4984375 0.5609375 0.01640625 0.0546875
2 0.47421875 0.565625 0.015625 0.04453125
2 0.4828125 0.57421875 0.015625 0.0484375
0 0.20390625 0.33125 0.02578125 0.03125
2 0.078125 0.16015625 0.0296875 0.03828125
2 0.10859375 0.1484375 0.034375 0.03828125
2 0.03125 0.14140625 0.02890625 0.034375
2 0.02109375 0.11875 0.03125 0.02890625
4 0.109375 0.1140625 0.0203125 0.028125
4 0.07890625 0.09765625 0.01484375 0.03125
4 0.096875 0.09140625 0.0203125 0.02890625
4 0.2109375 0.121875 0.01875 0.02578125
4 0.1421875 0.15859375 0.01875 0.0265625
4 0.184375 0.1640625 0.01640625 0.028125
2 0.16328125 0.14296875 0.03359375 0.028125
3 0.140625 0.19140625 0.03046875 0.03671875
2 0.21328125 0.17890625 0.02578125 0.0296875
4 0.0265625 0.0765625 0.0140625 0.03203125
4 0.009375 0.07421875 0.01875 0.025
4 0.01171875 0.0515625 0.01875 0.01953125
4 0.01171875 0.06328125 0.01875 0.021875
0 0.0421875 0.01640625 0.025 0.0328125
2 0.0890625 0.56328125 0.02578125 0.03046875
2 0.04609375 0.55625 0.03046875 0.03046875
2 0.03828125 0.58203125 0.03515625 0.03359375
2 0.03359375 0.671875 0.02578125 0.03203125
4 0.13203125 0.35078125 0.01640625 0.0265625
4 0.25703125 0.15078125 0.01640625 0.02421875
4 0.31171875 0.14296875 0.01640625 0.02109375
0 0.265625 0.16796875 0.021875 0.0296875
0 0.31953125 0.19375 0.01796875 0.02421875
3 0.28671875 0.165625 0.025 0.02578125
0 0.2140625 0.15859375 0.021875 0.0234375
0 0.19140625 0.13203125 0.02109375 0.0296875
2 0.2703125 0.20546875 0.028125 0.034375
2 0.2734375 0.184375 0.03125 0.0296875
3 0.3328125 0.15625 0.0203125 0.0265625
2 0.3796875 0.17109375 0.0265625 0.02578125
2 0.4203125 0.1765625 0.0265625 0.03203125
2 0.36171875 0.19453125 0.02578125 0.03359375
4 0.36171875 0.17734375 0.01953125 0.0203125
4 0.3828125 0.20625 0.01640625 0.0203125
2 0.3515625 0.21796875 0.028125 0.0265625
2 0.38828125 0.22109375 0.02890625 0.03203125
2 0.3171875 0.21171875 0.0296875 0.02890625
2 0.36171875 0.19375 0.0296875 0.025
2 0.4078125 0.20390625 0.03125 0.03515625
2 0.55859375 0.0859375 0.02109375 0.04921875
2 0.62421875 0.01484375 0.0234375 0.0296875
2 0.5421875 0.0109375 0.01875 0.02109375
2 0.53125 0.16484375 0.02578125 0.02890625
2 0.54921875 0.209375 0.02890625 0.03203125
2 0.4953125 0.1734375 0.025 0.03203125
4 0.51875 0.184375 0.01796875 0.01875
4 0.53125 0.19609375 0.01953125 0.02421875
0 0.50625 0.14609375 0.01875 0.02578125
0 0.4578125 0.16015625 0.0203125 0.02421875
0 0.4765625 0.20703125 0.025 0.02890625
2 0.46796875 0.253125 0.0265625 0.03828125
4 0.44140625 0.2421875 0.015625 0.01953125
2 0.4515625 0.21171875 0.03203125 0.03203125
4 0.4421875 0.18671875 0.01640625 0.0203125
4 0.465625 0.1828125 0.01484375 0.01640625
4 0.453125 0.175 0.01953125 0.0203125
4 0.6265625 0.20390625 0.0203125 0.0234375
4 0.61640625 0.17890625 0.01953125 0.02109375
4 0.65078125 0.24375 0.015625 0.01953125
4 0.66953125 0.21875 0.015625 0.01875
2 0.70078125 0.20625 0.028125 0.03359375
4 0.6984375 0.1265625 0.01171875 0.02109375
4 0.709375 0.12578125 0.01484375 0.02421875
4 0.6828125 0.12421875 0.0109375 0.03046875
4 0.97109375 0.24140625 0.0203125 0.02109375
0 0.81953125 0.240625 0.021875 0.034375
2 0.77109375 0.2625 0.02578125 0.028125
2 0.7734375 0.23671875 0.02890625 0.0265625
2 0.79375 0.21953125 0.02890625 0.028125
0 0.7703125 0.20234375 0.02109375 0.02890625
4 0.77890625 0.1859375 0.01640625 0.0203125
2 0.78125 0.1515625 0.0296875 0.04921875
2 0.8390625 0.175 0.02890625 0.034375
2 0.821875 0.0265625 0.0203125 0.0453125
4 0.96796875 0.39765625 0.01796875 0.021875
2 0.959375 0.41953125 0.03359375 0.034375
4 0.9234375 0.4140625 0.01953125 0.025
4 0.865625 0.396875 0.01953125 0.0296875
4 0.84375 0.4140625 0.01875 0.02578125
4 0.79921875 0.41328125 0.01796875 0.02109375
4 0.76953125 0.36015625 0.01796875 0.02421875
4 0.7453125 0.38203125 0.0203125 0.01796875
4 0.7625 0.41796875 0.015625 0.02421875
0 0.71171875 0.40625 0.02421875 0.028125
4 0.68515625 0.40703125 0.01875 0.01953125
2 0.66953125 0.3859375 0.034375 0.02890625
4 0.6609375 0.35546875 0.01796875 0.025
2 0.63828125 0.3640625 0.02578125 0.02578125
3 0.6359375 0.3859375 0.03203125 0.02421875
4 0.62890625 0.40078125 0.01796875 0.01640625
6 0.34453125 0.4109375 0.0296875 0.03359375
2 0.5140625 0.340625 0.02421875 0.06015625
0 0.54375 0.4140625 0.01484375 0.03125
4 0.859375 0.18671875 0.015625 0.028125
4 0.44453125 0.228125 0.01640625 0.01796875