0 0.178125 0.7125 0.01328125 0.01171875
0 0.071875 0.65625 0.015625 0.01484375
0 0.27109375 0.7484375 0.01640625 0.01484375
4 0.3875 0.51328125 0.01953125 0.01953125
0 0.36171875 0.58125 0.01171875 0.015625
0 0.55390625 0.49453125 0.01015625 0.015625
4 0.634375 0.38671875 0.01171875 0.0140625
4 0.65703125 0.27890625 0.0109375 0.01484375
0 0.78515625 0.35234375 0.0109375 0.021875
4 0.578125 0.43359375 0.0109375 0.01171875
0 0.25859375 0.7015625 0.01171875 0.009375
4 0.4109375 0.54140625 0.0109375 0.01484375
2 0.3 0.246875 0.0203125 0.0203125
4 0.06796875 0.2265625 0.0109375 0.015625
4 0.06171875 0.21015625 0.0109375 0.0140625
2 0.21953125 0.40625 0.01953125 0.0296875
0 0.5953125 0.490625 0.01171875 0.01328125
4 0.80703125 0.74921875 0.00859375 0.01171875
4 0.7390625 0.703125 0.00859375 0.01875
0 0.678125 0.671875 0.01171875 0.0203125
0 0.58125 0.64453125 0.01484375 0.0203125
0 0.6390625 0.571875 0.01015625 0.021875
4 0.66171875 0.46796875 0.009375 0.01953125
0 0.75703125 0.49765625 0.00859375 0.01875
0 0.7734375 0.41953125 0.0109375 0.02421875
4 0.68203125 0.23125 0.009375 0.01015625
4 0.5921875 0.34375 0.0109375 0.0109375
4 0.73125 0.715625 0.01171875 0.01328125
4 0.75234375 0.709375 0.00859375 0.015625
4 0.2953125 0.43125 0.00859375 0.01484375
4 0.3640625 0.55859375 0.009375 0.015625
3 0.20078125 0.7640625 0.0140625 0.02109375
0 0.3265625 0.59609375 0.01171875 0.015625
4 0.54296875 0.478125 0.009375 0.0109375
4 0.71328125 0.35703125 0.00859375 0.01796875
4 0.54296875 0.41796875 0.0109375 0.015625
0 0.7100172453125 0.6983113875 0.6955295390625 0.680769375 0.6904903359375 0.6919664109375 0.70245843125 0.7091352078125001 0.7100172453125 0.6983113875
4 0.61953125 0.384375 0.01015625 0.015625
4 0.71171875 0.17734375 0.01171875 0.01484375
2 0.65078125 0.74921875 0.01796875 0.02421875
4 0.79609375 0.7421875 0.009375 0.0140625
4 0.53125 0.65234375 0.00859375 0.01953125
4 0.3484375 0.5859375 0.01015625 0.01328125
4 0.5484375 0.45625 0.01015625 0.01953125
4 0.60546875 0.5515625 0.00859375 0.01640625
4 0.53203125 0.6265625 0.00546875 0.01875
4 0.59453125 0.55078125 0.00625 0.0140625
4 0.63046875 0.5375 0.00703125 0.01328125
0 0.84375 0.190625 0.01171875 0.01875
0 0.75078125 0.08828125 0.01171875 0.015625
0 0.80234375 0.2890625 0.01796875 0.015625
0 0.06796875 0.765625 0.015625 0.01484375
2 0.17421875 0.12421875 0.02109375 0.02890625
4 0.0546875 0.0859375 0.01328125 0.01953125
0 0.615625 0.6109375 0.0140625 0.0234375
4 0.60234375 0.63671875 0.01328125 0.01640625
3 0.7647150296875 0.896534196875 0.7591615828125 0.9101078671874999 0.778251575 0.9323193125 0.7845714890625 0.9172690984375 0.7647150296875 0.896534196875
4 0.54296875 0.43515625 0.00859375 0.01875
4 0.45546875 0.45078125 0.009375 0.01171875
4 0.16171875 0.64609375 0.01171875 0.01171875
0 0.555237621875 0.6540566890624999 0.555404490625 0.6635487671875 0.5657504609374999 0.66473526875 0.566084209375 0.6576162203125 0.555237621875 0.6540566890624999
4 0.53125 0.46875 0.009375 0.01328125
0 0.48203125 0.4359375 0.01171875 0.01328125
4 0.378125 0.36328125 0.0046875 0.01796875
0 0.13828125 0.74375 0.015625 0.0109375
4 0.13671875 0.66796875 0.009375 0.009375
0 0.2890625 0.56328125 0.01484375 0.0140625
0 0.4109375 0.5578125 0.01015625 0.01953125
0 0.81796875 0.24453125 0.0140625 0.02578125
4 0.76953125 0.040625 0.00546875 0.0203125
0 0.790625 0.03046875 0.00859375 0.025
4 0.49921875 0.4515625 0.00859375 0.01484375
0 0.880645353125 0.860061503125 0.8763466875000001 0.8727091250000001 0.8882051015625001 0.885093278125 0.89208864375 0.8734860046874999 0.880645353125 0.860061503125
4 0.759375 0.74140625 0.00859375 0.01171875
4 0.771875 0.75390625 0.00859375 0.01328125
4 0.7828125 0.759375 0.00703125 0.015625
4 0.7921875 0.75703125 0.00703125 0.01328125
4 0.80078125 0.753125 0.00703125 0.01015625
4 0.8015625 0.765625 0.01015625 0.01171875
0 0.76875 0.7328125 0.01328125 0.01953125
2 0.54453125 0.6578125 0.01171875 0.01640625
4 0.5609375 0.640625 0.0109375 0.01484375
4 0.51796875 0.640625 0.01171875 0.009375
3 0.60625 0.52265625 0.01171875 0.021875
4 0.86796875 0.1515625 0.01015625 0.015625
4 0.8515625 0.1640625 0.01328125 0.01484375
4 0.50390625 0.48125 0.01796875 0.02109375
3 0.371875 0.484375 0.01875 0.0296875
4 0.28046875 0.59453125 0.01171875 0.0109375
4 0.26171875 0.60546875 0.009375 0.01328125
4 0.30546875 0.56171875 0.00703125 0.01484375
2 0.2047552 0.1992299703125 0.20217536875 0.2129875609375 0.2199116453125 0.2273183859375 0.22359483125000001 0.21330071093749997 0.2047552 0.1992299703125
2 0.21539696406250003 0.2304711625 0.21313961718750002 0.24336890625000002 0.22813483906249998 0.2582729890625 0.23347235312499998 0.24412037031249997 0.21539696406250003 0.2304711625
4 0.246875 0.23125 0.01171875 0.015625
4 0.2640625 0.26171875 0.0109375 0.021875
4 0.28828125 0.28359375 0.0140625 0.01875
4 0.1671875 0.171875 0.01328125 0.01640625
0 0.1296875 0.153125 0.01484375 0.0203125
4 0.11953125 0.128125 0.00859375 0.01640625
4 0.06796875 0.08828125 0.01171875 0.01796875
2 0.08125 0.19296875 0.01953125 0.0265625
0 0.040625 0.15234375 0.0140625 0.021875
4 0.3859375 0.34375 0.0109375 0.01171875
4 0.3359375 0.32578125 0.01171875 0.0140625
1 0.58671875 0.59296875 0.04921875 0.07890625
1 0.83046875 0.80546875 0.046875 0.06171875
3 0.8265625 0.7734375 0.021875 0.03203125
3 0.86171875 0.78125 0.02890625 0.0453125
2 0.871875 0.83046875 0.021875 0.03359375
2 0.92421875 0.9140625 0.0234375 0.04296875
2 0.703125 0.61796875 0.0234375 0.03515625
2 0.72265625 0.634375 0.01640625 0.04296875
6 0.5359375 0.36953125 0.04609375 0.03828125
3 0.515625 0.415625 0.01796875 0.03203125
3 0.428125 0.42734375 0.0265625 0.04140625
2 0.29453125 0.54140625 0.0265625 0.02890625
3 0.290625 0.6234375 0.021875 0.028125
3 0.2625 0.62421875 0.01484375 0.01796875
3 0.165625 0.67109375 0.01953125 0.0203125
0 0.19296875 0.7234375 0.01484375 0.02109375
2 0.43203125 0.5390625 0.0234375 0.03828125
2 0.5234375 0.546875 0.01328125 0.03671875
2 0.51015625 0.59140625 0.021875 0.03671875
2 0.48828125 0.62578125 0.02421875 0.03828125
0 0.64921875 0.33359375 0.01171875 0.0265625
2 0.84375 0.15546875 0.01796875 0.04140625
0 0.90703125 0.86015625 0.01796875 0.03359375