2 0.60703125 0.59140625 0.0140625 0.02890625
2 0.53203125 0.5359375 0.01328125 0.028125
2 0.534375 0.4609375 0.015625 0.01953125
2 0.54140625 0.44375 0.01796875 0.02109375
2 0.58046875 0.40859375 0.01875 0.01640625
2 0.59609375 0.43671875 0.01796875 0.01484375
2 0.6265625 0.41796875 0.0203125 0.015625
2 0.61328125 0.4046875 0.01640625 0.01328125
2 0.44921875 0.434375 0.01640625 0.015625
2 0.509375 0.42890625 0.02109375 0.01484375
2 0.51171875 0.45546875 0.01796875 0.01484375
2 0.446875 0.45859375 0.01953125 0.015625
2 0.421875 0.41953125 0.01875 0.01484375
2 0.425 0.44609375 0.02109375 0.01484375
2 0.38046875 0.42421875 0.01875 0.015625
2 0.39765625 0.44140625 0.02109375 0.015625
2 0.371875 0.46796875 0.01640625 0.01484375
2 0.371875 0.44296875 0.01875 0.01640625
2 0.346875 0.44921875 0.021875 0.01640625
2 0.58515625 0.6734375 0.00859375 0.02890625
2 0.61328125 0.7 0.009375 0.02890625
2 0.56640625 0.67578125 0.00703125 0.02890625
2 0.571875 0.7015625 0.009375 0.0359375
2 0.58359375 0.71171875 0.00859375 0.0296875
2 0.58359375 0.7875 0.00703125 0.03125
2 0.571875 0.78359375 0.009375 0.03671875
2 0.58359375 0.75234375 0.00859375 0.03125
2 0.5734375 0.7359375 0.00859375 0.03046875
2 0.7859375 0.41796875 0.0203125 0.02109375
2 0.75859375 0.40078125 0.01875 0.0203125
2 0.65234375 0.403125 0.01953125 0.01796875
2 0.8171875 0.40625 0.0203125 0.015625
2 0.99140625 0.38671875 0.01640625 0.01796875
4 0.978125 0.35859375 0.01015625 0.01328125
4 0.828125 0.36484375 0.009375 0.009375
4 0.85234375 0.3859375 0.00859375 0.009375
4 0.884375 0.36328125 0.01171875 0.01015625
4 0.81171875 0.384375 0.00859375 0.01171875
4 0.95078125 0.38828125 0.01171875 0.009375
4 0.96875 0.34609375 0.01015625 0.009375
4 0.990625 0.3421875 0.01015625 0.01171875
0 0.98125 0.371875 0.015625 0.015625
0 0.703125 0.384375 0.0140625 0.01640625
0 0.55859375 0.471875 0.01171875 0.01640625
0 0.61640625 0.5734375 0.01171875 0.0203125
0 0.61796875 0.6515625 0.00859375 0.021875
0 0.63671875 0.690625 0.0109375 0.01875
0 0.57578125 0.6515625 0.00703125 0.02109375
0 0.35390625 0.4640625 0.0109375 0.01328125
0 0.46796875 0.43359375 0.01015625 0.015625
0 0.465625 0.45078125 0.01328125 0.01328125
0 0.48828125 0.44453125 0.01328125 0.01484375
4 0.61796875 0.9671875 0.0046875 0.01640625
4 0.61171875 0.98125 0.00703125 0.01328125
4 0.5609375 0.64921875 0.00546875 0.015625
4 0.56953125 0.6515625 0.0046875 0.01640625
4 0.565625 0.6484375 0.0046875 0.015625
4 0.559375 0.66328125 0.0046875 0.0140625
4 0.628125 0.6484375 0.00546875 0.01796875
4 0.7265625 0.53828125 0.01015625 0.01015625
4 0.7515625 0.5046875 0.01015625 0.00703125
4 0.72890625 0.41796875 0.009375 0.009375
4 0.6859375 0.39296875 0.01015625 0.0109375
4 0.6359375 0.3890625 0.0109375 0.01015625
4 0.46328125 0.40390625 0.00859375 0.00859375
4 0.45625 0.41640625 0.009375 0.00859375
4 0.446875 0.42109375 0.009375 0.009375
4 0.4515625 0.44765625 0.0109375 0.00859375
4 0.4765625 0.46171875 0.00859375 0.00625
4 0.4859375 0.46328125 0.00859375 0.00703125
4 0.49140625 0.45546875 0.0109375 0.00625
4 0.5015625 0.44375 0.00859375 0.009375
4 0.42578125 0.45859375 0.01015625 0.00703125
4 0.4265625 0.465625 0.009375 0.00625
4 0.35703125 0.4328125 0.0109375 0.009375
4 0.2515625 0.421875 0.009375 0.01171875
2 0.203125 0.446875 0.01796875 0.01640625
2 0.19609375 0.30546875 0.01015625 0.03203125
0 0.15390625 0.4046875 0.015625 0.01328125
0 0.19296875 0.3671875 0.01015625 0.01953125
2 0.20390625 0.71953125 0.01171875 0.03125
2 0.22421875 0.78046875 0.01796875 0.01640625
2 0.2234375 0.80234375 0.021875 0.01875
2 0.24453125 0.84375 0.009375 0.03203125
2 0.259375 0.77734375 0.01875 0.015625
2 0.19921875 0.909375 0.01015625 0.03515625
3 0.88828125 0.39375 0.01796875 0.01796875
0 0.5671875 0.37890625 0.01171875 0.01171875
2 0.7828125 0.3375 0.00859375 0.02578125
2 0.83046875 0.34609375 0.01796875 0.01796875
0 0.240625 0.29453125 0.00859375 0.01875
4 0.23359375 0.303125 0.00546875 0.015625
4 0.1984375 0.346875 0.00703125 0.01015625
4 0.184375 0.384375 0.00703125 0.01328125
4 0.23359375 0.38125 0.00625 0.015625
4 0.2859375 0.41328125 0.01015625 0.009375
4 0.41015625 0.4546875 0.009375 0.00703125
4 0.41640625 0.45703125 0.00703125 0.00625
4 0.415625 0.465625 0.009375 0.00703125
4 0.39609375 0.46953125 0.01015625 0.00859375