2 0.04453125 0.95703125 0.01796875 0.0265625
2 0.084375 0.93046875 0.01796875 0.02890625
2 0.09453125 0.87109375 0.01796875 0.0265625
2 0.12578125 0.89140625 0.01875 0.028125
2 0.14296875 0.86796875 0.01796875 0.028125
2 0.14921875 0.83828125 0.01640625 0.02890625
2 0.15859375 0.84609375 0.01484375 0.02578125
2 0.1765625 0.8234375 0.01640625 0.028125
2 0.16796875 0.815625 0.01953125 0.0265625
2 0.190625 0.8015625 0.01875 0.0234375
2 0.171875 0.778125 0.01640625 0.02578125
2 0.18203125 0.78359375 0.01640625 0.028125
2 0.1984375 0.76484375 0.015625 0.025
2 0.21640625 0.74296875 0.015625 0.0234375
2 0.22890625 0.721875 0.01640625 0.025
2 0.25078125 0.71640625 0.01640625 0.028125
2 0.2453125 0.696875 0.01171875 0.03125
2 0.2609375 0.68125 0.01640625 0.02578125
2 0.265625 0.69765625 0.01484375 0.02421875
2 0.26328125 0.65234375 0.01328125 0.021875
2 0.2828125 0.675 0.015625 0.021875
2 0.2984375 0.65859375 0.01328125 0.025
2 0.29375 0.64296875 0.01875 0.02890625
2 0.3140625 0.63984375 0.01484375 0.025
2 0.32578125 0.60546875 0.01484375 0.028125
2 0.33046875 0.61796875 0.01796875 0.02578125
2 0.34609375 0.59453125 0.015625 0.03203125
2 0.33046875 0.315625 0.01171875 0.03203125
2 0.33828125 0.26953125 0.015625 0.03125
2 0.32421875 0.0109375 0.01484375 0.02109375
2 0.33359375 0.009375 0.0171875 0.01875
2 0.3171875 0.04453125 0.01328125 0.0265625
2 0.32578125 0.0671875 0.0140625 0.0265625
2 0.340625 0.0875 0.01484375 0.02578125
2 0.34921875 0.08203125 0.015625 0.028125
2 0.35390625 0.12421875 0.01640625 0.03046875
2 0.3640625 0.10703125 0.01640625 0.03515625
2 0.37109375 0.16015625 0.01484375 0.03203125
2 0.38359375 0.1640625 0.015625 0.02890625
2 0.384375 0.1859375 0.015625 0.0296875
2 0.40703125 0.2015625 0.01640625 0.02890625
2 0.42421875 0.24296875 0.01796875 0.03359375
2 0.4171875 0.25703125 0.01328125 0.034375
2 0.43203125 0.2765625 0.015625 0.034375
2 0.4484375 0.3015625 0.0140625 0.02890625
2 0.478125 0.31328125 0.015625 0.03125
2 0.4625 0.41953125 0.01640625 0.03671875
2 0.4546875 0.45078125 0.01875 0.028125
2 0.52890625 0.3890625 0.01796875 0.03046875
2 0.53984375 0.4203125 0.01328125 0.0265625
2 0.559375 0.41640625 0.01953125 0.034375
2 0.584375 0.465625 0.0203125 0.0296875
2 0.58671875 0.1984375 0.01171875 0.03828125
2 0.55625 0.21953125 0.01015625 0.04296875
2 0.56875 0.1390625 0.00859375 0.03515625
2 0.55625 0.05078125 0.009375 0.03828125
2 0.54453125 0.02109375 0.009375 0.040625
2 0.59453125 0.0609375 0.0203125 0.0296875
2 0.64140625 0.30859375 0.0203125 0.02890625
2 0.70703125 0.4078125 0.02421875 0.034375
2 0.796875 0.1703125 0.01171875 0.034375
2 0.80703125 0.1765625 0.0203125 0.025
2 0.8234375 0.1453125 0.01171875 0.03359375
2 0.8703125 0.0859375 0.015625 0.03515625
2 0.93828125 0.01171875 0.0171875 0.0234375
2 0.9265625 0.22890625 0.01796875 0.03359375
2 0.93671875 0.21328125 0.01796875 0.03515625
2 0.946875 0.2078125 0.01640625 0.03125
2 0.58828125 0.5734375 0.01640625 0.03984375
2 0.7203125 0.57421875 0.01640625 0.03125
2 0.865625 0.7515625 0.01640625 0.03203125
2 0.88046875 0.76328125 0.0109375 0.0296875
2 0.90390625 0.77578125 0.01328125 0.034375
2 0.9390625 0.8234375 0.01796875 0.034375
2 0.9484375 0.84296875 0.01875 0.0265625
2 0.95859375 0.8625 0.01953125 0.02109375
2 0.96953125 0.88046875 0.02109375 0.0296875
2 0.9765625 0.90234375 0.02578125 0.034375
2 0.85546875 0.890625 0.01640625 0.0296875
2 0.82890625 0.8859375 0.01796875 0.0234375
2 0.81328125 0.84921875 0.01796875 0.025
2 0.81171875 0.86484375 0.0203125 0.025
2 0.796875 0.83125 0.01796875 0.02890625
2 0.77421875 0.80625 0.01796875 0.0265625
2 0.75703125 0.765625 0.01953125 0.0265625
2 0.71953125 0.76640625 0.01796875 0.025
2 0.70546875 0.771875 0.0203125 0.0234375
2 0.71171875 0.734375 0.02109375 0.0296875
2 0.69375 0.7203125 0.0203125 0.02578125
2 0.678125 0.75078125 0.0203125 0.025
2 0.59921875 0.69921875 0.01875 0.025
2 0.5515625 0.77734375 0.0203125 0.025
2 0.46875 0.746875 0.01484375 0.03359375
2 0.44921875 0.65625 0.01875 0.03828125
2 0.42578125 0.55078125 0.01328125 0.03984375
2 0.328125 0.9515625 0.0203125 0.02890625
2 0.325 0.990625 0.01875 0.01875
2 0.440625 0.84453125 0.01953125 0.02578125
2 0.3734375 0.9515625 0.01953125 0.04375
2 0.42421875 0.92890625 0.01328125 0.03125
2 0.20859375 0.971875 0.0203125 0.03828125
2 0.23125 0.94765625 0.01875 0.03515625
2 0.32578125 0.821875 0.0140625 0.03125
4 0.06640625 0.9453125 0.009375 0.01640625
4 0.05546875 0.8609375 0.01015625 0.0109375
4 0.06171875 0.8734375 0.01015625 0.01015625
4 0.0703125 0.86328125 0.009375 0.01015625
4 0.08125 0.8484375 0.00703125 0.01484375
4 0.09375 0.8359375 0.0046875 0.01796875
4 0.08828125 0.84375 0.0046875 0.01796875
4 0.12578125 0.87890625 0.01015625 0.01484375
4 0.1078125 0.8265625 0.00703125 0.015625
4 0.11796875 0.81015625 0.009375 0.01484375
4 0.15390625 0.81875 0.01015625 0.0109375
4 0.1796875 0.8015625 0.00703125 0.0109375
4 0.18671875 0.79296875 0.00859375 0.01171875
4 0.19296875 0.78203125 0.009375 0.01328125
4 0.19921875 0.75 0.009375 0.0109375
4 0.2046875 0.734375 0.01015625 0.01484375
4 0.2234375 0.71875 0.009375 0.01484375
4 0.234375 0.7015625 0.00859375 0.015625
4 0.25390625 0.678125 0.00703125 0.01328125
4 0.259375 0.6671875 0.009375 0.0140625
4 0.26796875 0.66171875 0.00703125 0.009375
4 0.2734375 0.653125 0.00859375 0.0109375
4 0.28125 0.6484375 0.00625 0.01171875
4 0.278125 0.62734375 0.01015625 0.01171875
4 0.296875 0.61171875 0.009375 0.01015625
4 0.303125 0.61953125 0.00625 0.00859375
4 0.31171875 0.6296875 0.009375 0.00703125
4 0.315625 0.61953125 0.00625 0.009375
4 0.32890625 0.59140625 0.00859375 0.0140625
4 0.33515625 0.5796875 0.00859375 0.0140625
4 0.334375 0.2859375 0.00703125 0.01640625
4 0.33515625 0.3109375 0.00859375 0.01796875
4 0.25546875 0.140625 0.009375 0.0140625
4 0.31796875 0.0140625 0.00703125 0.02109375
4 0.325 0.02421875 0.009375 0.021875
4 0.3203125 0.040625 0.009375 0.01796875
4 0.32578125 0.03828125 0.00859375 0.0140625
4 0.328125 0.0515625 0.00703125 0.01484375
4 0.3390625 0.06953125 0.0109375 0.01171875
4 0.371875 0.07578125 0.00625 0.0140625
4 0.37421875 0.14765625 0.00859375 0.01328125
4 0.396875 0.12890625 0.00859375 0.01328125
4 0.3984375 0.14375 0.00625 0.01484375
4 0.41015625 0.1359375 0.00859375 0.0109375
4 0.40703125 0.15390625 0.009375 0.01015625
4 0.41171875 0.159375 0.00859375 0.0140625
4 0.41953125 0.1546875 0.0046875 0.01328125
4 0.421875 0.15859375 0.00625 0.01171875
4 0.41484375 0.16875 0.00546875 0.015625
4 0.41953125 0.17578125 0.0046875 0.015625
4 0.42265625 0.18359375 0.00625 0.01328125
4 0.42578125 0.171875 0.00703125 0.01484375
4 0.43125 0.17734375 0.00625 0.01328125
4 0.4375 0.18671875 0.00703125 0.01328125
4 0.41015625 0.2234375 0.00859375 0.021875
4 0.40625 0.23046875 0.009375 0.01953125
4 0.43671875 0.2375 0.009375 0.02109375
4 0.4078125 0.2515625 0.00625 0.01875
4 0.45546875 0.27421875 0.009375 0.01484375
4 0.46015625 0.29375 0.00703125 0.015625
4 0.515625 0.3296875 0.01015625 0.00859375
4 0.56328125 0.44609375 0.00859375 0.01484375
4 0.75078125 0.22109375 0.00703125 0.01484375
4 0.75546875 0.2203125 0.00703125 0.01640625
4 0.81484375 0.1609375 0.0046875 0.0109375
4 0.8125 0.1484375 0.009375 0.01015625
4 0.878125 0.1109375 0.01015625 0.01484375
4 0.896875 0.1078125 0.00703125 0.01484375
4 0.9390625 0.03359375 0.00859375 0.01875
4 0.96953125 0.06875 0.01015625 0.01953125
4 0.625 0.50234375 0.0140625 0.015625
4 0.5890625 0.528125 0.00625 0.0234375
4 0.68203125 0.59921875 0.0109375 0.01484375
4 0.70546875 0.61640625 0.01171875 0.01640625
4 0.68515625 0.50625 0.00390625 0.015625
4 0.73203125 0.66328125 0.00859375 0.01328125
4 0.7671875 0.64140625 0.0046875 0.01328125
4 0.77109375 0.64453125 0.00546875 0.01796875
4 0.815625 0.71484375 0.0046875 0.01484375
4 0.81875 0.71484375 0.00390625 0.01796875
4 0.8234375 0.72265625 0.00390625 0.01640625
4 0.83203125 0.73046875 0.0046875 0.01328125
4 0.83828125 0.75625 0.009375 0.01171875
4 0.8359375 0.740625 0.00703125 0.01015625
4 0.85390625 0.75078125 0.00546875 0.01640625
4 0.8484375 0.74296875 0.00546875 0.01171875
4 0.909375 0.7953125 0.00546875 0.0140625
4 0.98046875 0.85546875 0.009375 0.0109375
4 0.9734375 0.8640625 0.009375 0.009375
4 0.98203125 0.87421875 0.00703125 0.0140625
4 0.9859375 0.87890625 0.00625 0.0140625
4 0.8421875 0.91015625 0.009375 0.0140625
4 0.76796875 0.8140625 0.01015625 0.01328125
4 0.7625 0.80546875 0.009375 0.01171875
4 0.72890625 0.759375 0.00859375 0.01015625
4 0.7234375 0.75703125 0.00859375 0.0109375
4 0.71796875 0.74921875 0.00859375 0.009375
4 0.69140625 0.75703125 0.00703125 0.01171875
4 0.678125 0.740625 0.01015625 0.01171875
4 0.68046875 0.71796875 0.00859375 0.01171875
4 0.68125 0.709375 0.00859375 0.009375
4 0.69296875 0.70859375 0.00859375 0.01328125
4 0.559375 0.71171875 0.01015625 0.01796875
4 0.54765625 0.7578125 0.01171875 0.01875
4 0.59921875 0.6046875 0.01171875 0.025
4 0.45859375 0.68125 0.009375 0.01796875
4 0.45546875 0.71171875 0.01484375 0.01953125
4 0.4078125 0.553125 0.01171875 0.0234375
4 0.43515625 0.5296875 0.009375 0.01484375
4 0.4484375 0.559375 0.01015625 0.021875
4 0.47421875 0.796875 0.0046875 0.01640625
4 0.4390625 0.86484375 0.00859375 0.0140625
4 0.4265625 0.85703125 0.01015625 0.0140625
4 0.41640625 0.8890625 0.0109375 0.01484375
4 0.39453125 0.91171875 0.01171875 0.01328125
4 0.31640625 0.96484375 0.0046875 0.01796875
4 0.38046875 0.78125 0.0109375 0.0109375
4 0.3 0.853125 0.00859375 0.0140625
4 0.25078125 0.9265625 0.00625 0.01875
0 0.11015625 0.85625 0.01328125 0.02421875
0 0.1609375 0.8046875 0.0140625 0.021875
0 0.27421875 0.66484375 0.01171875 0.01640625
0 0.27578125 0.64296875 0.0109375 0.01796875
0 0.3515625 0.790625 0.01640625 0.025
0 0.28203125 0.87109375 0.01484375 0.0234375
0 0.3984375 0.77890625 0.01484375 0.0140625
0 0.4921875 0.72734375 0.01875 0.0234375
0 0.36796875 0.36796875 0.0109375 0.0265625
0 0.32109375 0.2390625 0.01328125 0.0296875
0 0.33046875 0.03671875 0.0109375 0.01875
0 0.334375 0.05625 0.0109375 0.0203125
0 0.38671875 0.146875 0.01171875 0.028125
0 0.4 0.175 0.01171875 0.028125
0 0.4640625 0.2828125 0.009375 0.01875
0 0.44921875 0.278125 0.01328125 0.02109375
0 0.60546875 0.2875 0.009375 0.021875
0 0.603125 0.25859375 0.01015625 0.0234375
0 0.709375 0.2734375 0.01171875 0.021875
0 0.75703125 0.65234375 0.01328125 0.0203125
0 0.871875 0.76640625 0.0140625 0.01640625
0 0.8953125 0.771875 0.01484375 0.02109375
0 0.828125 0.9 0.015625 0.01875
0 0.74140625 0.75703125 0.0140625 0.01796875
0 0.67734375 0.72734375 0.01640625 0.021875
3 0.3421875 0.0390625 0.02421875 0.04609375
3 0.3015625 0.01640625 0.021875 0.0328125
3 0.24140625 0.68046875 0.01953125 0.025
3 0.28828125 0.6296875 0.01484375 0.025
3 0.34921875 0.61484375 0.0203125 0.034375
3 0.82578125 0.91796875 0.0203125 0.03359375
1 0.31953125 0.58359375 0.03984375 0.07890625
1 0.321875 0.6515625 0.0390625 0.05546875
1 0.21953125 0.75625 0.04921875 0.07109375
1 0.1484375 0.89453125 0.0390625 0.0546875
1 0.73671875 0.8015625 0.04375 0.04921875
1 0.78046875 0.84140625 0.0484375 0.0609375
1 0.48671875 0.36640625 0.04609375 0.05390625
1 0.44453125 0.32421875 0.03515625 0.06328125
6 0.7 0.74609375 0.0296875 0.034375
6 0.746875 0.784375 0.03203125 0.04296875