0 0.0796875 0.44609375 0.0203125 0.01796875
0 0.13125 0.43671875 0.0203125 0.01953125
4 0.0984375 0.4703125 0.01484375 0.01484375
4 0.159375 0.465625 0.01484375 0.01796875
4 0.184375 0.41953125 0.01015625 0.0140625
4 0.20625 0.4421875 0.01328125 0.01484375
4 0.2359375 0.43046875 0.0109375 0.0109375
4 0.253125 0.44296875 0.0109375 0.0140625
4 0.253125 0.45703125 0.01171875 0.01171875
4 0.1921875 0.54375 0.0109375 0.0109375
4 0.2109375 0.5484375 0.01171875 0.00859375
4 0.18828125 0.56484375 0.0109375 0.01015625
4 0.27421875 0.42890625 0.01171875 0.0109375
4 0.3015625 0.4359375 0.015625 0.0140625
4 0.30234375 0.459375 0.01640625 0.01328125
4 0.32109375 0.4515625 0.01484375 0.01171875
4 0.309375 0.47421875 0.0140625 0.01328125
4 0.27890625 0.5296875 0.0109375 0.015625
4 0.3015625 0.53984375 0.0140625 0.01171875
4 0.3296875 0.5296875 0.015625 0.01171875
4 0.31953125 0.55625 0.01484375 0.01328125
4 0.34921875 0.53125 0.0140625 0.01328125
4 0.36640625 0.5359375 0.01484375 0.01875
2 0.340625 0.46328125 0.02109375 0.0203125
0 0.396875 0.56328125 0.01640625 0.025
4 0.459375 0.53125 0.009375 0.01328125
4 0.45703125 0.5453125 0.01015625 0.01171875
4 0.48046875 0.5453125 0.0140625 0.01015625
4 0.4734375 0.55625 0.009375 0.00546875
4 0.50390625 0.52890625 0.01328125 0.0046875
4 0.484375 0.4734375 0.0140625 0.015625
4 0.4828125 0.44921875 0.01171875 0.0140625
4 0.4640625 0.42890625 0.009375 0.015625
4 0.446875 0.45546875 0.0109375 0.009375
4 0.428125 0.44140625 0.01171875 0.01171875
4 0.57890625 0.53359375 0.00703125 0.0109375
4 0.60546875 0.55546875 0.0109375 0.0109375
2 0.63203125 0.43828125 0.02578125 0.0265625
2 0.69609375 0.46171875 0.0265625 0.02421875
2 0.7359375 0.534375 0.0234375 0.02421875
6 0.6609375 0.5296875 0.040625 0.02890625
0 0.64140625 0.55078125 0.01640625 0.02421875
0 0.73359375 0.43671875 0.02109375 0.01640625
0 0.77734375 0.453125 0.01640625 0.01484375
0 0.89140625 0.55234375 0.015625 0.01875
0 0.91796875 0.43671875 0.01953125 0.0140625
4 0.68046875 0.44609375 0.01171875 0.01171875
4 0.76796875 0.4140625 0.01484375 0.0140625
4 0.76484375 0.43046875 0.015625 0.00859375
4 0.79140625 0.43046875 0.01328125 0.0140625
4 0.8046875 0.44609375 0.01484375 0.0109375
4 0.80390625 0.53671875 0.0140625 0.01171875
4 0.80078125 0.55 0.01484375 0.0109375
4 0.815625 0.56328125 0.01484375 0.01484375
4 0.83671875 0.53125 0.01796875 0.01171875
4 0.88125 0.521875 0.0140625 0.0109375
4 0.86875 0.5359375 0.01171875 0.0140625
4 0.88828125 0.53515625 0.01484375 0.0109375
4 0.92265625 0.5234375 0.01328125 0.009375
4 0.70234375 0.559375 0.01015625 0.0109375
2 0.84140625 0.45859375 0.02578125 0.01953125
2 0.86015625 0.4296875 0.01875 0.02109375
2 0.9 0.45703125 0.0203125 0.02109375
2 0.965625 0.525 0.0203125 0.015625
6 0.9609375 0.46015625 0.03515625 0.025
4 0.98125 0.421875 0.01640625 0.01171875
4 0.97578125 0.54296875 0.01640625 0.01796875
4 0.95390625 0.5546875 0.01171875 0.01171875
4 0.95546875 0.5703125 0.0203125 0.00546875
4 0.85078125 0.41796875 0.01328125 0.015625