1 0.2234375 0.66796875 0.05625 0.0296875
1 0.28125 0.6609375 0.05546875 0.03046875
1 0.90703125 0.86484375 0.0640625 0.03125
2 0.90703125 0.890625 0.0234375 0.01796875
2 0.77421875 0.88515625 0.021875 0.0203125
2 0.79140625 0.8109375 0.025 0.02109375
2 0.665625 0.81328125 0.0203125 0.01796875
2 0.5171875 0.421875 0.0109375 0.03984375
2 0.225 0.8625 0.0234375 0.02109375
2 0.09296875 0.81875 0.02421875 0.0203125
4 0.9734375 0.7234375 0.0109375 0.01171875
4 0.98359375 0.853125 0.0140625 0.01171875
4 0.87421875 0.89453125 0.01328125 0.01171875
4 0.8484375 0.7953125 0.01015625 0.0109375
4 0.71796875 0.77109375 0.01015625 0.0109375
4 0.5109375 0.79609375 0.00859375 0.0203125
4 0.56171875 0.72578125 0.009375 0.01640625
4 0.59453125 0.78203125 0.01171875 0.01171875
4 0.51640625 0.89921875 0.01171875 0.01484375
4 0.6375 0.6609375 0.0109375 0.01171875
4 0.53359375 0.61796875 0.00546875 0.01640625
4 0.5296875 0.35546875 0.00390625 0.01796875
4 0.53515625 0.35078125 0.0046875 0.01875
4 0.534375 0.4203125 0.0046875 0.01953125
4 0.4765625 0.12890625 0.00546875 0.0203125
4 0.478125 0.4734375 0.00546875 0.0234375
5 0.30703125 0.8109375 0.0453125 0.0265625
4 0.84375 0.734375 0.01015625 0.01015625
4 0.12890625 0.80078125 0.0140625 0.0109375
4 0.17109375 0.71015625 0.01171875 0.0109375
4 0.03125 0.79921875 0.015625 0.01328125
0 0.16171875 0.78359375 0.01640625 0.01640625
3 0.47578125 0.36484375 0.0109375 0.046875
0 0.14140625 0.96328125 0.015625 0.01875
4 0.10859375 0.96015625 0.01015625 0.01015625