4 0.0765625 0.75703125 0.01796875 0.01484375
0 0.05546875 0.70546875 0.01953125 0.01640625
0 0.06875 0.66171875 0.01640625 0.01796875
0 0.06953125 0.63984375 0.0109375 0.015625
0 0.26875 0.75078125 0.01875 0.01796875
0 0.2265625 0.59375 0.01875 0.01015625
0 0.2359375 0.56796875 0.0140625 0.01796875
0 0.2625 0.58203125 0.015625 0.01640625
0 0.31015625 0.55859375 0.0140625 0.01640625
0 0.3578125 0.61484375 0.01875 0.02109375
4 0.3734375 0.5390625 0.01484375 0.0140625
0 0.3671875 0.52109375 0.01484375 0.01484375
0 0.471875 0.43515625 0.01796875 0.015625
0 0.471875 0.45390625 0.0140625 0.01484375
2 0.396875 0.5234375 0.01953125 0.01796875
0 0.46875 0.4953125 0.0203125 0.01640625
0 0.4546875 0.46640625 0.01640625 0.01640625
3 0.4796875 0.65546875 0.015625 0.02421875
0 0.44453125 0.64375 0.01484375 0.021875
4 0.459375 0.42890625 0.01015625 0.01484375
4 0.6203125 0.51328125 0.0109375 0.02421875
0 0.55703125 0.6140625 0.01328125 0.01484375
0 0.51796875 0.66015625 0.0140625 0.01875
0 0.68828125 0.77578125 0.01171875 0.0265625
0 0.753125 0.646875 0.015625 0.01875
3 0.7234375 0.834375 0.01953125 0.02578125
2 0.86796875 0.840625 0.01953125 0.02890625
0 0.97421875 0.909375 0.01640625 0.01875
0 0.70625 0.4375 0.01328125 0.01953125
4 0.72421875 0.40625 0.01171875 0.0265625
0 0.71953125 0.46171875 0.01015625 0.01796875
0 0.7078125 0.48203125 0.01171875 0.0265625
0 0.696875 0.48203125 0.009375 0.01640625
0 0.7828125 0.371875 0.01171875 0.0234375
0 0.76015625 0.421875 0.01171875 0.01796875
0 0.7703125 0.41953125 0.01171875 0.02578125
0 0.75390625 0.49609375 0.01171875 0.028125
0 0.61796875 0.271875 0.01171875 0.01796875
0 0.56875 0.35859375 0.0109375 0.01953125
0 0.69765625 0.20546875 0.0140625 0.02421875
2 0.77578125 0.06875 0.0203125 0.03671875
0 0.73671875 0.2140625 0.01328125 0.02109375
0 0.70546875 0.271875 0.01484375 0.0234375
0 0.87578125 0.1125 0.01328125 0.01953125
0 0.33359375 0.5015625 0.01171875 0.015625
0 0.284375 0.475 0.01953125 0.0234375
0 0.4984375 0.4484375 0.015625 0.01953125
2 0.10703125 0.1265625 0.021875 0.0296875
3 0.16875 0.32109375 0.01953125 0.02421875
0 0.15078125 0.3265625 0.01640625 0.02109375
4 0.20546875 0.37578125 0.01328125 0.01171875
3 0.29296875 0.3046875 0.021875 0.0265625
3 0.48359375 0.39453125 0.01328125 0.01328125
4 0.47578125 0.3765625 0.0109375 0.01171875
4 0.44453125 0.4234375 0.009375 0.01484375
4 0.3390625 0.33046875 0.00859375 0.01015625
0 0.40625 0.37109375 0.01171875 0.01640625
4 0.42421875 0.36875 0.009375 0.0140625
4 0.3703125 0.38359375 0.009375 0.01484375
4 0.43671875 0.384375 0.01171875 0.01328125
4 0.49296875 0.43671875 0.0140625 0.01171875
3 0.48046875 0.46796875 0.0140625 0.015625
4 0.43125 0.45 0.0109375 0.01484375
4 0.44296875 0.459375 0.009375 0.01328125
4 0.509375 0.4625 0.0109375 0.0109375
0 0.51484375 0.4453125 0.01328125 0.015625
4 0.56796875 0.40546875 0.01171875 0.01484375
4 0.58125 0.45703125 0.009375 0.0140625
0 0.6046875 0.47421875 0.01171875 0.0234375
4 0.55078125 0.50546875 0.01015625 0.01875
0 0.61015625 0.4375 0.009375 0.02578125
2 0.6390625 0.56953125 0.01875 0.03046875
4 0.63359375 0.5265625 0.009375 0.01953125
4 0.54296875 0.6265625 0.01171875 0.01171875
0 0.58359375 0.66640625 0.0109375 0.02421875
4 0.571875 0.63984375 0.009375 0.0109375
4 0.546875 0.65859375 0.00703125 0.01875
4 0.540625 0.6140625 0.00859375 0.0140625
4 0.4984375 0.64296875 0.00859375 0.01640625
4 0.534375 0.66796875 0.01015625 0.01640625
3 0.4171875 0.67421875 0.01484375 0.015625
4 0.35625 0.49296875 0.01171875 0.015625
4 0.32421875 0.47421875 0.009375 0.0140625
2 0.21640625 0.409375 0.0203125 0.0296875
3 0.1 0.2453125 0.02578125 0.03359375
3 0.1984375 0.76875 0.01796875 0.015625
4 0.23125 0.71171875 0.01171875 0.01796875
4 0.203125 0.728125 0.0140625 0.015625
0 0.259375 0.634375 0.0140625 0.015625
0 0.2109375 0.65703125 0.01328125 0.01484375
2 0.53125 0.6359375 0.01953125 0.0234375
4 0.41640625 0.46328125 0.00625 0.01875
2 0.57578125 0.484375 0.01796875 0.025
2 0.571875 0.51015625 0.02109375 0.0265625
2 0.60546875 0.5578125 0.0203125 0.034375
2 0.6515625 0.621875 0.01796875 0.03203125
4 0.6234375 0.54140625 0.00859375 0.01953125
2 0.73203125 0.7109375 0.01875 0.03125
2 0.7015625 0.61640625 0.02109375 0.03046875
2 0.721875 0.6390625 0.02109375 0.0296875
0 0.76015625 0.6875 0.01328125 0.0203125
4 0.65390625 0.7515625 0.01015625 0.0140625
4 0.7484375 0.578125 0.009375 0.01640625
4 0.83125 0.7609375 0.01171875 0.015625
4 0.80546875 0.7640625 0.00703125 0.01328125
4 0.828125 0.784375 0.01171875 0.01484375
4 0.84140625 0.7828125 0.01171875 0.01640625
4 0.91640625 0.84375 0.0109375 0.015625
0 0.9640625 0.92890625 0.01328125 0.0265625
0 0.88125 0.984375 0.0203125 0.03046875
4 0.79296875 0.88046875 0.01171875 0.02421875
3 0.86171875 0.77890625 0.02578125 0.03828125
0 0.6578125 0.775 0.01640625 0.025
4 0.6765625 0.78515625 0.01171875 0.01484375
3 0.69296875 0.82890625 0.01875 0.0203125
4 0.7359375 0.8609375 0.01171875 0.02109375
2 0.5609375 0.69453125 0.0203125 0.02578125
0 0.05 0.06953125 0.01640625 0.02578125
2 0.0703125 0.1109375 0.02421875 0.0296875
3 0.00859375 0.04140625 0.01640625 0.02890625
4 0.55859375 0.63046875 0.00859375 0.01328125
4 0.6015625 0.678125 0.01015625 0.01875
4 0.62578125 0.6765625 0.0140625 0.01484375
0 0.61640625 0.69140625 0.01484375 0.01484375
2 0.63203125 0.73046875 0.021875 0.03515625
4 0.54375 0.48984375 0.00859375 0.01328125
4 0.5421875 0.5046875 0.00859375 0.0109375
4 0.540625 0.5203125 0.00859375 0.01796875
0 0.54765625 0.46953125 0.01015625 0.0203125
3 0.5328125 0.40078125 0.01796875 0.01640625
4 0.5046875 0.378125 0.01171875 0.01640625
4 0.7703125 0.35625 0.01015625 0.0203125
4 0.68984375 0.45546875 0.01171875 0.0140625
4 0.690625 0.47109375 0.00859375 0.0109375
3 0.68125 0.490625 0.0140625 0.02109375
0 0.6962010671875001 0.4965745234375 0.6898546671875 0.5128697468750001 0.6933804484375 0.51871931875 0.70207736875 0.5057667 0.6962010671875001 0.4965745234375
4 0.66953125 0.5125 0.0109375 0.01328125
4 0.76171875 0.07109375 0.009375 0.01640625
4 0.72421875 0.11875 0.01640625 0.015625
4 0.834375 0.165625 0.01015625 0.01796875
4 0.83828125 0.18203125 0.01640625 0.02109375
0 0.81484375 0.21328125 0.01953125 0.0359375
4 0.815625 0.23828125 0.01328125 0.0203125
4 0.79921875 0.28046875 0.01328125 0.0234375
0 0.778125 0.2859375 0.01328125 0.021875
4 0.6765625 0.309375 0.01171875 0.03125
2 0.5953125 0.3203125 0.01640625 0.02890625
1 0.509375 0.56875 0.03828125 0.0984375
3 0.52578125 0.50546875 0.02109375 0.0390625
3 0.515625 0.41875 0.05 0.03046875
3 0.47109375 0.4109375 0.02890625 0.02890625
2 0.40625 0.41171875 0.021875 0.02890625
2 0.56484375 0.45703125 0.0203125 0.02890625
2 0.53359375 0.4515625 0.02421875 0.0265625
3 0.68125 0.51171875 0.025 0.03671875
2 0.76875 0.73984375 0.02578125 0.0453125
3 0.58671875 0.63828125 0.01796875 0.025
3 0.58125 0.60703125 0.0203125 0.02109375
3 0.56796875 0.6203125 0.01640625 0.01875
2 0.5484375 0.640625 0.0140625 0.02109375
2 0.290625 0.53828125 0.025 0.03359375
2 0.1703125 0.125 0.0203125 0.03984375