2 0.01953125 0.03984375 0.01875 0.05078125
4 0.0046875 0.06171875 0.00703125 0.01484375
4 0.03125 0.00546875 0.00703125 0.0109375
4 0.021875 0.00625 0.00625 0.0125
2 0.15390625 0.25625 0.0203125 0.04140625
3 0.06875 0.321875 0.025 0.06484375
4 0.009375 0.2703125 0.009375 0.01953125
0 0.0296875 0.2765625 0.015625 0.0265625
2 0.0078125 0.30390625 0.01484375 0.0453125
0 0.19453125 0.37109375 0.015625 0.01484375
3 0.225 0.43046875 0.02578125 0.01875
4 0.25859375 0.3640625 0.01328125 0.01015625
4 0.384375 0.421875 0.0140625 0.01171875
2 0.49921875 0.36640625 0.0234375 0.0234375
4 0.753125 0.3796875 0.0109375 0.01171875
2 0.809375 0.42109375 0.0234375 0.021875
2 0.7703125 0.1734375 0.02421875 0.025
2 0.778125 0.25625 0.028125 0.02578125
2 0.8890625 0.42890625 0.02578125 0.01953125
2 0.93828125 0.41015625 0.0234375 0.02109375
4 0.84921875 0.3859375 0.01171875 0.01171875
4 0.87734375 0.378125 0.01328125 0.009375
4 0.9796875 0.39453125 0.0109375 0.0140625
2 0.740625 0.48203125 0.028125 0.0203125
2 0.7234375 0.51171875 0.02890625 0.0234375
4 0.5 0.546875 0.01328125 0.009375
6 0.465625 0.5890625 0.04296875 0.02890625
4 0.24765625 0.534375 0.0109375 0.01015625
4 0.19921875 0.57421875 0.0140625 0.0109375
4 0.1296875 0.55390625 0.0140625 0.01171875
2 0.1234375 0.51328125 0.0234375 0.0203125
2 0.10234375 0.53828125 0.02109375 0.01953125
3 0.1 0.5140625 0.01953125 0.01796875
2 0.07265625 0.5125 0.02578125 0.021875
2 0.0765625 0.54140625 0.02578125 0.01796875
0 0.0765625 0.5609375 0.015625 0.015625
2 0.04609375 0.51953125 0.0234375 0.01796875
2 0.04375 0.5484375 0.02578125 0.021875
2 0.04453125 0.56953125 0.02578125 0.01953125
2 0.05703125 0.59921875 0.02421875 0.01875
4 0.03828125 0.5015625 0.01171875 0.0109375
4 0.065625 0.52890625 0.0140625 0.01171875
4 0.0625 0.55703125 0.0109375 0.00859375
4 0.06484375 0.5671875 0.01171875 0.0109375
4 0.06484375 0.5765625 0.01328125 0.00859375
4 0.053125 0.584375 0.01015625 0.009375
4 0.04140625 0.584375 0.01328125 0.01015625
2 0.0109375 0.6 0.02109375 0.01953125