2 0.20859375 0.3890625 0.0140625 0.0453125
2 0.221875 0.48203125 0.01171875 0.04453125
2 0.21640625 0.51640625 0.0109375 0.03046875
2 0.04921875 0.63359375 0.025 0.0203125
2 0.0625 0.67109375 0.028125 0.02109375
2 0.134375 0.65625 0.0203125 0.0203125
2 0.41953125 0.46640625 0.00859375 0.0359375
2 0.45625 0.4984375 0.0140625 0.040625
2 0.41796875 0.5109375 0.01171875 0.046875
2 0.44375 0.61640625 0.0109375 0.03359375
2 0.4578125 0.7140625 0.015625 0.03984375
2 0.21328125 0.30078125 0.01640625 0.04296875
2 0.19453125 0.71953125 0.01796875 0.0234375
2 0.39140625 0.7765625 0.01640625 0.04140625
2 0.3890625 0.83984375 0.01328125 0.0234375
2 0.3921875 0.88046875 0.0265625 0.021875
2 0.390625 0.85859375 0.01328125 0.021875
2 0.38515625 0.94296875 0.01875 0.025
2 0.5265625 0.73125 0.0140625 0.03125
2 0.540625 0.7328125 0.01171875 0.03984375
2 0.53984375 0.76484375 0.0140625 0.0265625
2 0.52734375 0.84765625 0.0140625 0.034375
2 0.54453125 0.4796875 0.01171875 0.05625
2 0.61171875 0.45859375 0.02578125 0.0203125
2 0.61328125 0.47421875 0.02421875 0.02421875
2 0.6421875 0.50625 0.0234375 0.0265625
2 0.684375 0.5078125 0.01875 0.0296875
2 0.68671875 0.54140625 0.01171875 0.04140625
2 0.61328125 0.51328125 0.01796875 0.01640625
1 0.45625 0.59296875 0.01796875 0.084375
1 0.51640625 0.478125 0.01875 0.09140625
2 0.5234375 0.4140625 0.01328125 0.03671875
2 0.56328125 0.96796875 0.01796875 0.0203125
2 0.56484375 0.98515625 0.0140625 0.02109375
0 0.3203125 0.66953125 0.015625 0.03125
0 0.39609375 0.603125 0.01171875 0.01640625
0 0.42578125 0.59375 0.01640625 0.021875
2 0.44375 0.72109375 0.0109375 0.03359375
2 0.56328125 0.5078125 0.01484375 0.02421875
2 0.52734375 0.590625 0.01484375 0.0265625
2 0.5171875 0.66171875 0.01484375 0.02578125
0 0.5328125 0.78828125 0.0140625 0.028125
0 0.53828125 0.815625 0.01171875 0.028125
0 0.5421875 0.90234375 0.015625 0.0203125
0 0.54296875 0.8765625 0.01796875 0.02578125
0 0.540625 0.85390625 0.01484375 0.0265625
0 0.5203125 0.93125 0.00859375 0.025
0 0.5296875 0.92734375 0.0140625 0.025
0 0.52578125 0.959375 0.0109375 0.0296875
0 0.53671875 0.959375 0.01328125 0.0234375
0 0.64375 0.30546875 0.0140625 0.02421875
0 0.6609375 0.34140625 0.01484375 0.01953125
0 0.68046875 0.334375 0.01875 0.0203125
0 0.68671875 0.3109375 0.0140625 0.0203125
0 0.765625 0.30390625 0.01796875 0.021875
0 0.57734375 0.48515625 0.01328125 0.01953125
4 0.04296875 0.70078125 0.009375 0.015625
4 0.0515625 0.68828125 0.01171875 0.01796875
4 0.071875 0.6859375 0.01484375 0.01640625
4 0.11171875 0.68828125 0.015625 0.021875
4 0.12421875 0.69140625 0.01171875 0.01640625
4 0.13984375 0.67734375 0.01171875 0.0109375
4 0.1140625 0.6796875 0.01171875 0.0140625
4 0.21796875 0.64921875 0.015625 0.01953125
4 0.26953125 0.68046875 0.0109375 0.01796875
4 0.28671875 0.665625 0.0140625 0.01796875
4 0.284375 0.68046875 0.01171875 0.01796875
4 0.30625 0.67890625 0.01171875 0.01484375
4 0.34453125 0.671875 0.01328125 0.01796875
4 0.34375 0.6890625 0.01640625 0.015625
4 0.33046875 0.63046875 0.01484375 0.01484375
4 0.45078125 0.65546875 0.01015625 0.03359375
4 0.43125 0.71328125 0.01015625 0.0296875
4 0.44296875 0.78046875 0.00859375 0.028125
4 0.45078125 0.7828125 0.009375 0.0234375
4 0.43828125 0.86328125 0.009375 0.0265625
4 0.4359375 0.97421875 0.0109375 0.0234375
3 0.35390625 0.64296875 0.01640625 0.03125
4 0.5125 0.62421875 0.01015625 0.0203125
4 0.5140625 0.7140625 0.01015625 0.02890625
4 0.4421875 0.37421875 0.01171875 0.0265625
4 0.44921875 0.453125 0.009375 0.02578125
4 0.45390625 0.41640625 0.00859375 0.01953125
4 0.46015625 0.32265625 0.0140625 0.03203125
4 0.3171875 0.64375 0.01796875 0.0140625
4 0.51484375 0.9609375 0.009375 0.0234375
4 0.546875 0.4171875 0.01171875 0.02890625
4 0.5515625 0.44140625 0.00859375 0.025
4 0.53984375 0.41640625 0.00859375 0.025
4 0.540625 0.35078125 0.01015625 0.01953125
4 0.61796875 0.359375 0.01328125 0.01875
4 0.62421875 0.3453125 0.02109375 0.028125
4 0.64609375 0.346875 0.00859375 0.01875
4 0.65625 0.36484375 0.01171875 0.01640625
4 0.64921875 0.45625 0.009375 0.01640625
4 0.67421875 0.45703125 0.009375 0.01953125
4 0.66484375 0.46640625 0.0109375 0.01328125
4 0.63671875 0.48359375 0.01328125 0.01640625
4 0.65078125 0.49375 0.009375 0.01796875
4 0.66171875 0.48125 0.01328125 0.015625
4 0.6328125 0.46796875 0.01796875 0.01796875
4 0.61953125 0.496875 0.01171875 0.01484375
4 0.60625 0.48984375 0.015625 0.01796875
4 0.5765625 0.50234375 0.01484375 0.01015625
4 0.534375 0.54609375 0.01015625 0.02578125
4 0.50859375 0.90859375 0.01328125 0.0234375
2 0.43046875 0.4046875 0.01328125 0.0296875
2 0.74375 0.34609375 0.02109375 0.021875
2 0.08984375 0.03125 0.01796875 0.021875
2 0.1875 0.05859375 0.025 0.025
2 0.18515625 0.0859375 0.02109375 0.021875
2 0.22421875 0.06953125 0.01640625 0.01875
2 0.2078125 0.0625 0.01640625 0.025
2 0.28984375 0.08828125 0.02109375 0.01640625
2 0.30703125 0.0921875 0.01796875 0.015625
2 0.33671875 0.0984375 0.021875 0.0140625
2 0.33359375 0.05078125 0.01015625 0.0390625
2 0.459375 0.02421875 0.0109375 0.03984375
2 0.409375 0.17890625 0.009375 0.03203125
2 0.4453125 0.16796875 0.0140625 0.02890625
2 0.42421875 0.17578125 0.01796875 0.02109375
2 0.3578125 0.05234375 0.01171875 0.0484375
3 0.46328125 0.146875 0.01171875 0.0390625
2 0.459375 0.21953125 0.01171875 0.04375
0 0.44375 0.23125 0.01328125 0.03125
0 0.5234375 0.0265625 0.01171875 0.03203125
0 0.54921875 0.03515625 0.01171875 0.0296875
0 0.5484375 0.11953125 0.01015625 0.02890625
2 0.228125 0.246875 0.01796875 0.0390625
2 0.61328125 0.00625 0.0234375 0.0125
2 0.6125 0.0234375 0.021875 0.02109375
2 0.6078125 0.046875 0.021875 0.0234375
2 0.58125 0.0484375 0.021875 0.02421875
2 0.575 0.09609375 0.01953125 0.02421875
2 0.5640625 0.1125 0.021875 0.0203125
2 0.5640625 0.12578125 0.02109375 0.01875
2 0.5640625 0.1421875 0.0234375 0.01796875
2 0.56640625 0.1609375 0.025 0.021875
2 0.5640625 0.18359375 0.021875 0.0296875
2 0.56171875 0.2 0.0203125 0.0203125
3 0.5765625 0.25546875 0.0203125 0.046875
2 0.70625 0.28125 0.01171875 0.0359375
2 0.76484375 0.25546875 0.015625 0.04453125
4 0.51484375 0.23828125 0.01015625 0.021875
4 0.540625 0.14609375 0.021875 0.0265625
4 0.51484375 0.27109375 0.00859375 0.021875
4 0.51875 0.38125 0.01328125 0.03125
2 0.7859375 0.17890625 0.01171875 0.03984375
0 0.80546875 0.17578125 0.01484375 0.0265625
0 0.85546875 0.2875 0.01484375 0.02890625
0 0.79296875 0.1984375 0.01015625 0.03828125
2 0.865625 0.13515625 0.0109375 0.03984375
2 0.86328125 0.1734375 0.0109375 0.034375
2 0.86171875 0.21015625 0.01171875 0.04453125
2 0.91171875 0.3234375 0.021875 0.0265625
2 0.8265625 0.51796875 0.02421875 0.03125
2 0.890625 0.5203125 0.01875 0.02109375
4 0.81953125 0.35078125 0.01796875 0.02578125
4 0.790625 0.34609375 0.01171875 0.0265625
4 0.79296875 0.3015625 0.01796875 0.01875
4 0.85859375 0.47890625 0.01953125 0.02109375
4 0.846875 0.48984375 0.01640625 0.021875
4 0.89609375 0.48828125 0.0109375 0.01875
4 0.903125 0.50859375 0.01484375 0.0109375
4 0.9078125 0.47890625 0.015625 0.01796875
4 0.9734375 0.50390625 0.02109375 0.01875
2 0.8109375 0.88046875 0.01171875 0.03515625
2 0.83828125 0.89453125 0.01484375 0.04140625
2 0.803125 0.94296875 0.02109375 0.0203125
2 0.8015625 0.96640625 0.01796875 0.01796875
2 0.8 0.98359375 0.01953125 0.021875
2 0.85 0.9 0.01796875 0.05390625