2 0.440625 0.39609375 0.0265625 0.04140625
4 0.48828125 0.36640625 0.01484375 0.015625
4 0.509375 0.40703125 0.0140625 0.01640625
4 0.51015625 0.39140625 0.01796875 0.01953125
4 0.5359375 0.3765625 0.0203125 0.021875
4 0.553125 0.375 0.01484375 0.02109375
0 0.5140625 0.37890625 0.0203125 0.0296875
0 0.48671875 0.39140625 0.021875 0.02421875
2 0.5953125 0.37734375 0.028125 0.0359375
4 0.59375 0.2984375 0.0140625 0.03203125
4 0.61796875 0.346875 0.01796875 0.01953125
4 0.63671875 0.34765625 0.0140625 0.0203125
4 0.64609375 0.353125 0.01484375 0.01796875
2 0.646875 0.384375 0.02578125 0.02890625
2 0.62578125 0.3640625 0.02578125 0.025
4 0.5765625 0.39609375 0.015625 0.0203125
4 0.5734375 0.40625 0.015625 0.01640625
4 0.546875 0.39609375 0.015625 0.01640625
4 0.54453125 0.409375 0.015625 0.01796875
4 0.55625 0.421875 0.01640625 0.0203125
4 0.56484375 0.41328125 0.01171875 0.01953125
4 0.59296875 0.425 0.015625 0.01875
4 0.6015625 0.4375 0.0140625 0.01796875
4 0.6015625 0.409375 0.0140625 0.02109375
4 0.60546875 0.4015625 0.01875 0.01640625
4 0.6140625 0.41953125 0.0140625 0.01640625
4 0.6203125 0.43046875 0.0140625 0.01640625
4 0.64453125 0.44140625 0.01640625 0.01875
4 0.6296875 0.415625 0.01640625 0.02578125
4 0.6390625 0.4 0.01484375 0.021875
4 0.65078125 0.40546875 0.0203125 0.0234375
4 0.65703125 0.41796875 0.01484375 0.025
4 0.66875 0.42734375 0.01953125 0.01953125
4 0.66953125 0.44765625 0.01875 0.01953125
4 0.66171875 0.3796875 0.015625 0.0203125
2 0.66953125 0.365625 0.02890625 0.03046875
2 0.6984375 0.36328125 0.03203125 0.0296875
2 0.68671875 0.390625 0.028125 0.0265625
2 0.70078125 0.4109375 0.02421875 0.0234375
4 0.66015625 0.4015625 0.01484375 0.01796875
4 0.6765625 0.41171875 0.01796875 0.0203125
4 0.684375 0.41796875 0.015625 0.0234375
2 0.7484375 0.36875 0.02890625 0.025
4 0.70078125 0.378125 0.01796875 0.0234375
4 0.7046875 0.39609375 0.0203125 0.01640625
4 0.71796875 0.4203125 0.01640625 0.01640625
4 0.71953125 0.40859375 0.01875 0.0203125
4 0.73359375 0.4109375 0.01875 0.02109375
2 0.73671875 0.43125 0.034375 0.0296875
6 0.73515625 0.390625 0.04296875 0.03828125
2 0.75546875 0.4140625 0.02890625 0.03203125
2 0.77421875 0.4453125 0.03046875 0.03046875
2 0.803125 0.44296875 0.03046875 0.028125
2 0.8359375 0.43359375 0.028125 0.025
0 0.8015625 0.4234375 0.02578125 0.02109375
0 0.778125 0.42109375 0.0234375 0.0296875
0 0.778125 0.37578125 0.0234375 0.028125
6 0.80625 0.37578125 0.02890625 0.03125
2 0.83125 0.37109375 0.028125 0.02890625
2 0.85546875 0.38046875 0.02890625 0.028125
1 0.803125 0.39921875 0.07578125 0.0359375
1 0.8765625 0.4078125 0.06875 0.0359375
4 0.85078125 0.421875 0.0203125 0.0234375
4 0.8859375 0.44921875 0.0203125 0.0203125
2 0.8703125 0.43671875 0.034375 0.028125
1 0.9359375 0.41015625 0.06015625 0.04140625
2 0.88125 0.3734375 0.028125 0.028125
2 0.90390625 0.37890625 0.03203125 0.0265625
3 0.92734375 0.37421875 0.028125 0.03203125
2 0.94765625 0.3828125 0.02890625 0.028125
2 0.97421875 0.38046875 0.03046875 0.03046875
2 0.9953125 0.384375 0.009375 0.02578125
2 0.99375 0.40703125 0.01171875 0.03515625
2 0.9875 0.43203125 0.025 0.03125
3 0.965625 0.45078125 0.02578125 0.025
2 0.95859375 0.43671875 0.03125 0.021875
2 0.928125 0.4390625 0.02578125 0.02109375
2 0.9734375 0.409375 0.02890625 0.02578125
4 0.86796875 0.39296875 0.01484375 0.01640625
4 0.878125 0.3890625 0.0140625 0.01796875
0 0.53515625 0.79921875 0.01640625 0.03515625
2 0.4515625 0.946875 0.01796875 0.0515625
4 0.30078125 0.58046875 0.01796875 0.01953125
4 0.2984375 0.5890625 0.015625 0.01640625
4 0.29609375 0.5984375 0.015625 0.01953125
5 0.1734375 0.9015625 0.0453125 0.06484375
6 0.34453125 0.409375 0.0234375 0.0265625
4 0.33125 0.41953125 0.0140625 0.0203125
2 0.090625 0.56171875 0.02890625 0.0296875
2 0.04375 0.55625 0.02578125 0.02421875
2 0.0375 0.58515625 0.0296875 0.03125
2 0.03359375 0.66796875 0.0265625 0.03515625
4 0.1140625 0.315625 0.01640625 0.0296875
4 0.17421875 0.11328125 0.01484375 0.02109375
4 0.1140625 0.10859375 0.01796875 0.0265625
0 0.04296875 0.0171875 0.025 0.034375
4 0.0265625 0.046875 0.01640625 0.025
4 0.01484375 0.06328125 0.01875 0.015625
4 0.01328125 0.07578125 0.01640625 0.01875
4 0.23125 0.1546875 0.01875 0.021875
4 0.28515625 0.13828125 0.01640625 0.025
4 0.41484375 0.1671875 0.015625 0.021875
4 0.4 0.18671875 0.015625 0.01640625
2 0.41484375 0.184375 0.025 0.02109375
2 0.4125 0.2 0.02421875 0.0296875
0 0.415625 0.2234375 0.01953125 0.03046875
0 0.40078125 0.22734375 0.01953125 0.03125
0 0.3859375 0.22109375 0.01875 0.021875
2 0.390625 0.20078125 0.03125 0.03359375
2 0.359375 0.19765625 0.025 0.028125
2 0.359375 0.21796875 0.0296875 0.025
4 0.34140625 0.21953125 0.01640625 0.02578125
0 0.50625 0.14921875 0.02421875 0.02421875
2 0.55859375 0.084375 0.01796875 0.03984375
2 0.62421875 0.015625 0.01484375 0.03046875
2 0.53984375 0.01171875 0.0203125 0.0234375
4 0.68125 0.12890625 0.0109375 0.03671875
4 0.69609375 0.128125 0.01015625 0.0234375
4 0.70703125 0.13203125 0.0140625 0.0265625
2 0.7296875 0.2 0.02890625 0.0265625
2 0.7796875 0.15703125 0.01796875 0.04453125
3 0.8046875 0.196875 0.02421875 0.03359375
2 0.8203125 0.03046875 0.01796875 0.046875
3 0.790625 0.26015625 0.03671875 0.040625
2 0.8359375 0.225 0.03359375 0.03046875
2 0.83828125 0.184375 0.03046875 0.03828125
3 0.86640625 0.24140625 0.02109375 0.03203125
0 0.90625 0.2109375 0.0234375 0.03671875
3 0.9265625 0.18046875 0.02578125 0.03203125
2 0.95625 0.221875 0.03515625 0.03125
4 0.91953125 0.26171875 0.01640625 0.0234375
4 0.83671875 0.46640625 0.0234375 0.025
4 0.79609375 0.46328125 0.01953125 0.01875
4 0.88671875 0.52578125 0.01640625 0.02578125