2 0.04296875 0.9578125 0.01953125 0.03125
2 0.04921875 0.97578125 0.01875 0.03046875
2 0.065625 0.97578125 0.01875 0.03125
2 0.1078125 0.91640625 0.01796875 0.0265625
2 0.09453125 0.86953125 0.01796875 0.03046875
2 0.15703125 0.846875 0.01875 0.0265625
2 0.165625 0.81796875 0.01875 0.03203125
2 0.17578125 0.82421875 0.01640625 0.02578125
2 0.190625 0.803125 0.01796875 0.025
2 0.178125 0.7890625 0.01640625 0.02890625
2 0.19453125 0.76796875 0.01640625 0.025
2 0.21328125 0.74453125 0.01640625 0.0265625
2 0.22890625 0.72421875 0.015625 0.0265625
2 0.25078125 0.71640625 0.01796875 0.0265625
2 0.24375 0.69921875 0.01796875 0.02890625
2 0.2640625 0.696875 0.015625 0.025
2 0.25859375 0.684375 0.01796875 0.0265625
2 0.259375 0.65703125 0.01640625 0.02109375
2 0.28203125 0.675 0.01953125 0.02421875
2 0.2984375 0.6578125 0.01640625 0.0234375
2 0.29375 0.6421875 0.01953125 0.025
2 0.31328125 0.64140625 0.01640625 0.025
2 0.33046875 0.61953125 0.01875 0.028125
2 0.3265625 0.60703125 0.01796875 0.0265625
2 0.3453125 0.59375 0.01640625 0.03359375
2 0.40078125 0.5296875 0.01484375 0.03203125
2 0.3296875 0.31640625 0.01484375 0.03203125
2 0.3234375 0.0109375 0.01640625 0.02109375
2 0.33359375 0.009375 0.0171875 0.01875
2 0.3109375 0.03203125 0.015625 0.03125
2 0.32421875 0.06171875 0.0140625 0.0296875
2 0.3390625 0.08359375 0.015625 0.028125
2 0.34609375 0.07421875 0.0140625 0.028125
2 0.35625 0.09609375 0.01640625 0.03125
2 0.34921875 0.11328125 0.015625 0.03203125
2 0.36328125 0.14296875 0.01484375 0.034375
2 0.375 0.1453125 0.0140625 0.02578125
2 0.37578125 0.16953125 0.0140625 0.0296875
2 0.38828125 0.16484375 0.015625 0.0296875
2 0.3984375 0.19296875 0.01640625 0.03125
2 0.396875 0.21171875 0.0140625 0.02890625
2 0.409375 0.234375 0.01640625 0.03125
2 0.4234375 0.23046875 0.01640625 0.0265625
2 0.415625 0.26328125 0.01640625 0.02890625
2 0.42578125 0.25546875 0.0140625 0.028125
2 0.4390625 0.25859375 0.01484375 0.028125
2 0.43671875 0.28671875 0.01640625 0.02890625
2 0.42734375 0.290625 0.01484375 0.0296875
2 0.41796875 0.28984375 0.01328125 0.0265625
2 0.55546875 0.22109375 0.01171875 0.03359375
2 0.584375 0.20078125 0.015625 0.03046875
2 0.56953125 0.14140625 0.01015625 0.028125
2 0.55625 0.0515625 0.01171875 0.034375
2 0.59375 0.06171875 0.01796875 0.02578125
2 0.64140625 0.3109375 0.0203125 0.0265625
2 0.79765625 0.16796875 0.01328125 0.03359375
2 0.809375 0.18046875 0.01796875 0.0296875
2 0.8234375 0.14453125 0.01328125 0.03515625
2 0.871875 0.08515625 0.01953125 0.03359375
2 0.940625 0.0109375 0.0203125 0.021875
2 0.928125 0.22890625 0.01796875 0.0296875
2 0.93828125 0.2140625 0.01640625 0.03203125
2 0.946875 0.20625 0.01640625 0.02890625
2 0.72109375 0.575 0.0140625 0.02890625
2 0.865625 0.74921875 0.01796875 0.03125
2 0.88046875 0.76328125 0.01171875 0.03046875
2 0.90546875 0.778125 0.0140625 0.02890625
2 0.940625 0.825 0.015625 0.03046875
2 0.94921875 0.84375 0.01875 0.028125
2 0.959375 0.86328125 0.02109375 0.0234375
2 0.9703125 0.878125 0.02109375 0.01796875
2 0.97890625 0.90625 0.0203125 0.02578125
2 0.85546875 0.89296875 0.01953125 0.02890625
2 0.8140625 0.84921875 0.01953125 0.028125
2 0.81171875 0.865625 0.01796875 0.02578125
2 0.80390625 0.87578125 0.015625 0.021875
2 0.79609375 0.83046875 0.01796875 0.02890625
2 0.77578125 0.80703125 0.01875 0.02578125
2 0.75859375 0.76796875 0.01796875 0.0234375
2 0.71953125 0.76640625 0.01796875 0.025
2 0.70625 0.76953125 0.01796875 0.02421875
2 0.7109375 0.73359375 0.01640625 0.02578125
2 0.69296875 0.71953125 0.0203125 0.0234375
2 0.68046875 0.753125 0.01875 0.021875
2 0.6 0.70078125 0.01953125 0.0234375
2 0.5515625 0.77890625 0.02109375 0.0296875
2 0.515625 0.78828125 0.0203125 0.0296875
2 0.4703125 0.68671875 0.021875 0.028125
2 0.46640625 0.74609375 0.015625 0.03671875
2 0.4921875 0.8109375 0.02421875 0.03203125
2 0.46796875 0.81171875 0.01875 0.03203125
2 0.44140625 0.86484375 0.01875 0.02578125
2 0.4140625 0.87265625 0.0203125 0.03046875
2 0.35859375 0.9375 0.01484375 0.021875
2 0.371875 0.95859375 0.01640625 0.028125
2 0.321875 0.9859375 0.02109375 0.0265625
2 0.328125 0.95234375 0.01640625 0.02421875
2 0.3234375 0.82421875 0.0203125 0.03359375
2 0.43203125 0.67109375 0.025 0.03203125
2 0.4015625 0.70390625 0.025 0.025
2 0.2296875 0.946875 0.01953125 0.04296875
2 0.20703125 0.9734375 0.0234375 0.04609375
4 0.05390625 0.86015625 0.009375 0.0140625
4 0.06015625 0.87421875 0.00859375 0.01171875
4 0.071875 0.8796875 0.009375 0.015625
4 0.0828125 0.8859375 0.01015625 0.01640625
4 0.08203125 0.91796875 0.0109375 0.0140625
4 0.09453125 0.91796875 0.009375 0.01875
4 0.08046875 0.8484375 0.00625 0.0140625
4 0.084375 0.84453125 0.00703125 0.015625
4 0.0890625 0.840625 0.00546875 0.015625
4 0.09296875 0.8375 0.00625 0.015625
4 0.12421875 0.865625 0.01015625 0.01484375
4 0.10625 0.8265625 0.0046875 0.01796875
4 0.11015625 0.8203125 0.00546875 0.01484375
4 0.115625 0.82109375 0.00390625 0.00703125
4 0.11640625 0.8109375 0.00546875 0.009375
4 0.18671875 0.79453125 0.00703125 0.01328125
4 0.190625 0.784375 0.01015625 0.0109375
4 0.19921875 0.77578125 0.00625 0.0109375
4 0.1953125 0.753125 0.01015625 0.01015625
4 0.20078125 0.73828125 0.00859375 0.01328125
4 0.20625 0.74609375 0.0046875 0.009375
4 0.209375 0.728125 0.00859375 0.01171875
4 0.21171875 0.73515625 0.00546875 0.00859375
4 0.21328125 0.7125 0.00859375 0.0109375
4 0.2171875 0.721875 0.00546875 0.01171875
4 0.2203125 0.72421875 0.00390625 0.0140625
4 0.253125 0.67734375 0.00625 0.01015625
4 0.259375 0.66953125 0.00703125 0.01015625
4 0.2671875 0.6609375 0.00546875 0.00859375
4 0.2734375 0.65390625 0.00703125 0.00859375
4 0.28046875 0.64765625 0.00703125 0.01015625
4 0.3109375 0.628125 0.00859375 0.009375
4 0.303125 0.61875 0.00625 0.00859375
4 0.30703125 0.621875 0.00859375 0.0109375
4 0.315625 0.62109375 0.00703125 0.0109375
4 0.296875 0.6109375 0.00703125 0.009375
4 0.303125 0.61796875 0.00859375 0.01015625
4 0.328125 0.59375 0.00703125 0.0109375
4 0.33359375 0.58046875 0.00859375 0.01328125
4 0.3640625 0.378125 0.00703125 0.01640625
4 0.34921875 0.32421875 0.00703125 0.01484375
4 0.3375 0.278125 0.00859375 0.015625
4 0.24921875 0.084375 0.00859375 0.01484375
4 0.315625 0.0046875 0.00703125 0.009375
4 0.31640625 0.0140625 0.00625 0.01328125
4 0.31328125 0.021875 0.00859375 0.01640625
4 0.31953125 0.0359375 0.00859375 0.01875
4 0.33203125 0.05859375 0.01015625 0.0140625
4 0.3484375 0.0640625 0.01171875 0.01953125
4 0.36953125 0.078125 0.01015625 0.009375
4 0.3703125 0.1 0.00859375 0.0140625
4 0.36640625 0.128125 0.00703125 0.015625
4 0.38203125 0.12265625 0.00703125 0.01484375
4 0.39609375 0.12890625 0.00703125 0.00859375
4 0.3984375 0.14375 0.00703125 0.01171875
4 0.39921875 0.13203125 0.00859375 0.00625
4 0.403125 0.1390625 0.00546875 0.009375
4 0.41015625 0.1328125 0.00625 0.0109375
4 0.40703125 0.146875 0.00859375 0.00703125
4 0.40703125 0.15390625 0.01015625 0.00625
4 0.4109375 0.1609375 0.00625 0.0109375
4 0.41875 0.1515625 0.00546875 0.01171875
4 0.4203125 0.1578125 0.00859375 0.009375
4 0.4140625 0.16953125 0.00625 0.01328125
4 0.41875 0.17421875 0.0046875 0.01484375
4 0.42578125 0.17109375 0.00390625 0.0109375
4 0.43046875 0.17734375 0.00546875 0.01171875
4 0.43671875 0.1859375 0.00703125 0.009375
4 0.38671875 0.17890625 0.00859375 0.01328125
4 0.390625 0.19375 0.00703125 0.01328125
4 0.38671875 0.19921875 0.00703125 0.01640625
4 0.409375 0.20234375 0.00625 0.01484375
4 0.4171875 0.21015625 0.00546875 0.0140625
4 0.45390625 0.28203125 0.00546875 0.01171875
4 0.45078125 0.27578125 0.00703125 0.01171875
4 0.44609375 0.27890625 0.00546875 0.01328125
4 0.4453125 0.2890625 0.00625 0.01171875
4 0.5734375 0.28828125 0.00859375 0.01328125
4 0.6078125 0.05078125 0.009375 0.0140625
4 0.75078125 0.221875 0.00703125 0.01328125
4 0.7546875 0.21875 0.00703125 0.0140625
4 0.78984375 0.19296875 0.00625 0.01484375
4 0.81484375 0.15859375 0.00546875 0.0140625
4 0.684375 0.4484375 0.00703125 0.015625
4 0.684375 0.50546875 0.0046875 0.01484375
4 0.66640625 0.56171875 0.009375 0.01328125
4 0.734375 0.6390625 0.009375 0.01484375
4 0.76796875 0.640625 0.0046875 0.0140625
4 0.8171875 0.7140625 0.003125 0.015625
4 0.81953125 0.71796875 0.0046875 0.0140625
4 0.8234375 0.71875 0.00390625 0.01640625
4 0.83359375 0.73046875 0.00546875 0.01484375
4 0.83671875 0.74296875 0.00703125 0.0109375
4 0.84375 0.73828125 0.00390625 0.01640625
4 0.8484375 0.74375 0.0046875 0.01328125
4 0.91328125 0.840625 0.01015625 0.01171875
4 0.909375 0.79609375 0.00546875 0.0140625
4 0.9734375 0.8640625 0.00859375 0.009375
4 0.98046875 0.85625 0.009375 0.009375
4 0.98359375 0.8765625 0.00546875 0.01484375
4 0.98671875 0.8796875 0.0046875 0.015625
4 0.83828125 0.83671875 0.00546875 0.01171875
4 0.76875 0.815625 0.00859375 0.00859375
4 0.7640625 0.80859375 0.00859375 0.009375
4 0.7296875 0.76015625 0.00859375 0.00625
4 0.72421875 0.75703125 0.00859375 0.00546875
4 0.71875 0.74921875 0.00859375 0.00703125
4 0.69140625 0.75703125 0.00859375 0.00859375
4 0.678125 0.76328125 0.009375 0.01171875
4 0.6765625 0.7375 0.009375 0.0109375
4 0.68046875 0.71796875 0.009375 0.009375
4 0.68203125 0.70859375 0.00859375 0.00859375
4 0.690625 0.7078125 0.00859375 0.00703125
4 0.565625 0.76640625 0.01015625 0.01484375
4 0.35078125 0.95 0.01015625 0.01640625
4 0.4640625 0.765625 0.009375 0.0203125
4 0.45546875 0.66328125 0.00703125 0.01953125
4 0.40625 0.74765625 0.01171875 0.0109375
4 0.39140625 0.73515625 0.01015625 0.01484375
4 0.36953125 0.75625 0.01015625 0.0109375
4 0.3796875 0.78359375 0.0109375 0.01171875
4 0.26328125 0.84140625 0.0109375 0.015625
4 0.2484375 0.85859375 0.01171875 0.015625
4 0.2984375 0.85390625 0.01015625 0.01484375
4 0.2609375 0.90625 0.00625 0.01875
4 0.18671875 0.95546875 0.009375 0.01640625
4 0.42890625 0.559375 0.00703125 0.02890625
4 0.47578125 0.4078125 0.009375 0.01953125
4 0.48828125 0.415625 0.01015625 0.01796875
4 0.59296875 0.4828125 0.00859375 0.01640625
4 0.58671875 0.51328125 0.00703125 0.0203125
4 0.59375 0.53125 0.00703125 0.02109375
0 0.109375 0.8578125 0.01640625 0.025
0 0.27421875 0.66171875 0.0140625 0.0203125
0 0.27421875 0.6421875 0.01484375 0.01796875
0 0.3359375 0.5859375 0.0109375 0.0203125
0 0.3515625 0.7921875 0.0140625 0.02109375
0 0.396875 0.77734375 0.01640625 0.015625
0 0.40703125 0.73046875 0.01171875 0.0203125
0 0.28359375 0.87109375 0.01171875 0.02421875
0 0.4515625 0.70234375 0.01171875 0.02890625
0 0.49140625 0.72890625 0.0140625 0.02109375
0 0.51953125 0.66015625 0.01796875 0.02109375
0 0.37421875 0.390625 0.01171875 0.02421875
0 0.325 0.0265625 0.01328125 0.02109375
0 0.3296875 0.0453125 0.01171875 0.02109375
0 0.371875 0.1203125 0.01171875 0.02109375
0 0.38125 0.13671875 0.01171875 0.01953125
0 0.40546875 0.1859375 0.01328125 0.025
0 0.41015625 0.21328125 0.01171875 0.02109375
0 0.42578125 0.30859375 0.01015625 0.0234375
0 0.60546875 0.28671875 0.01328125 0.02109375
0 0.60546875 0.25859375 0.01171875 0.0265625
0 0.709375 0.27109375 0.01171875 0.02421875
0 0.75625 0.65078125 0.01640625 0.0265625
0 0.87265625 0.76640625 0.01015625 0.02109375
0 0.89609375 0.7734375 0.01015625 0.02109375
0 0.74140625 0.75546875 0.0140625 0.02109375
0 0.6796875 0.72890625 0.01484375 0.01875
3 0.34140625 0.0390625 0.02421875 0.04375
3 0.29921875 0.0109375 0.01484375 0.02109375
3 0.39453125 0.4734375 0.02109375 0.04453125
3 0.8265625 0.91640625 0.02109375 0.03125
3 0.2875 0.6296875 0.01796875 0.021875
3 0.2265625 0.70390625 0.0203125 0.0296875
1 0.31953125 0.5859375 0.040625 0.075
1 0.22109375 0.75625 0.04609375 0.071875
1 0.15703125 0.87734375 0.04296875 0.06171875
1 0.08828125 0.97265625 0.0359375 0.0546875
1 0.36171875 0.1796875 0.03125 0.0609375
1 0.390625 0.2375 0.04140625 0.075
1 0.73359375 0.80390625 0.0609375 0.04921875
1 0.78125 0.84140625 0.05 0.06796875
6 0.7484375 0.7828125 0.03515625 0.03984375
6 0.69921875 0.74453125 0.02890625 0.03828125