4 0.6421875 0.471875 0.01015625 0.01796875
4 0.68125 0.478125 0.01484375 0.01484375
2 0.62578125 0.565625 0.03125 0.025
0 0.77265625 0.64375 0.0109375 0.02421875
0 0.78828125 0.6390625 0.01015625 0.02421875
4 0.78203125 0.65625 0.00703125 0.01875
2 0.7296875 0.69609375 0.01640625 0.0453125
4 0.65546875 0.571875 0.01015625 0.015625
2 0.70625 0.8078125 0.02421875 0.03125
4 0.70546875 0.6296875 0.01484375 0.009375
4 0.70546875 0.63828125 0.01171875 0.01015625
4 0.70625 0.65234375 0.0109375 0.009375
4 0.7015625 0.66015625 0.01171875 0.00703125
4 0.7328125 0.659375 0.01328125 0.01015625
4 0.73203125 0.6671875 0.01328125 0.009375
2 0.73359375 0.459375 0.02890625 0.0296875
4 0.85546875 0.57734375 0.015625 0.0203125
4 0.865625 0.596875 0.0140625 0.01796875
4 0.946875 0.5734375 0.0140625 0.02109375
4 0.96171875 0.58671875 0.01640625 0.01875
4 0.88203125 0.38125 0.00859375 0.0265625
4 0.75078125 0.4265625 0.00546875 0.021875
4 0.76328125 0.3796875 0.009375 0.025
4 0.76484375 0.42421875 0.01015625 0.021875
4 0.77421875 0.37890625 0.00859375 0.0203125
4 0.7796875 0.38984375 0.00859375 0.021875
4 0.79609375 0.42421875 0.00859375 0.021875
4 0.81484375 0.421875 0.00859375 0.021875
4 0.81015625 0.37109375 0.00859375 0.01953125
4 0.7984375 0.37890625 0.00859375 0.02109375
4 0.82578125 0.42421875 0.00859375 0.02109375
4 0.84921875 0.421875 0.00859375 0.01796875
4 0.85546875 0.42109375 0.00625 0.01953125
4 0.53203125 0.41796875 0.0109375 0.025
4 0.5234375 0.38671875 0.01171875 0.01640625
4 0.51171875 0.36796875 0.01015625 0.01640625
0 0.34453125 0.784375 0.02109375 0.03671875
0 0.44609375 0.84453125 0.01328125 0.03515625
0 0.43046875 0.77109375 0.01171875 0.0359375
0 0.4640625 0.80390625 0.01171875 0.034375
2 0.45625 0.7734375 0.01015625 0.028125
4 0.465625 0.771875 0.00703125 0.02578125
4 0.421875 0.95390625 0.009375 0.02421875
4 0.4359375 0.89375 0.01015625 0.01875
0 0.43203125 0.92421875 0.01796875 0.0265625
4 0.19140625 0.56171875 0.01484375 0.01875
4 0.18828125 0.58046875 0.01875 0.0140625
4 0.11796875 0.54140625 0.02578125 0.02421875
2 0.18359375 0.6140625 0.0203125 0.028125
4 0.096875 0.509375 0.015625 0.0203125
4 0.08203125 0.5171875 0.0140625 0.01640625
4 0.0734375 0.52421875 0.01484375 0.01640625
4 0.05390625 0.52890625 0.01328125 0.01875
4 0.0296875 0.50390625 0.01484375 0.01953125
2 0.03046875 0.53671875 0.025 0.028125
2 0.078125 0.55234375 0.025 0.0234375
0 0.0703125 0.36953125 0.025 0.03125
2 0.09453125 0.58046875 0.01953125 0.0265625
2 0.0546875 0.5515625 0.021875 0.0234375
2 0.04375 0.578125 0.01484375 0.03671875
2 0.0578125 0.57890625 0.01484375 0.0359375
2 0.09921875 0.65 0.025 0.02578125
2 0.09296875 0.68125 0.02109375 0.0359375
2 0.08828125 0.725 0.01796875 0.0453125
1 0.29921875 0.51875 0.06796875 0.0453125
1 0.3609375 0.53203125 0.053125 0.03125
4 0.2859375 0.4578125 0.01875 0.01953125
2 0.33515625 0.47109375 0.025 0.0203125
0 0.359375 0.4578125 0.01484375 0.0140625
2 0.38515625 0.46015625 0.02109375 0.01796875
2 0.390625 0.49609375 0.021875 0.01953125
2 0.36640625 0.49453125 0.02421875 0.01796875
2 0.38828125 0.478125 0.02109375 0.01640625
4 0.37109375 0.44453125 0.01171875 0.01015625
4 0.3828125 0.44609375 0.01015625 0.009375
4 0.396875 0.44609375 0.0109375 0.0109375
4 0.3515625 0.4765625 0.00859375 0.0109375
4 0.36171875 0.47109375 0.009375 0.01015625
4 0.3734375 0.4703125 0.009375 0.00859375
4 0.371875 0.48046875 0.009375 0.01015625
4 0.3609375 0.48046875 0.01015625 0.009375
4 0.390625 0.38125 0.00703125 0.02109375
4 0.4015625 0.378125 0.00546875 0.0234375
4 0.4109375 0.378125 0.0046875 0.021875
4 0.42109375 0.34296875 0.00625 0.01484375
4 0.421875 0.37578125 0.0046875 0.01875
4 0.43046875 0.3390625 0.00625 0.01796875
4 0.43359375 0.37265625 0.00546875 0.01953125
4 0.44140625 0.3484375 0.00859375 0.0140625
4 0.45546875 0.34375 0.00859375 0.01640625
4 0.4375 0.3234375 0.01015625 0.0109375
4 0.446875 0.33671875 0.00703125 0.01328125
4 0.459375 0.2859375 0.01171875 0.0109375
4 0.46796875 0.2953125 0.00859375 0.01484375
4 0.4390625 0.3109375 0.009375 0.01171875
0 0.4546875 0.37734375 0.01640625 0.0265625
0 0.49609375 0.3515625 0.01015625 0.028125
0 0.4734375 0.31328125 0.01171875 0.0234375
4 0.4546875 0.3234375 0.009375 0.01015625
4 0.45078125 0.3015625 0.00859375 0.01015625
4 0.51484375 0.2140625 0.00859375 0.01796875
2 0.50390625 0.253125 0.01484375 0.03359375
2 0.49375 0.19296875 0.01171875 0.0359375
4 0.52421875 0.1984375 0.00703125 0.01953125
0 0.5203125 0.17421875 0.01328125 0.028125
0 0.5359375 0.12890625 0.015625 0.03359375
2 0.515625 0.10390625 0.01171875 0.03984375
4 0.52578125 0.09609375 0.009375 0.0203125
4 0.525 0.11640625 0.00703125 0.01796875
4 0.609375 0.4234375 0.01015625 0.0203125
4 0.60078125 0.346875 0.01171875 0.01640625
4 0.60234375 0.36484375 0.00859375 0.01484375
4 0.609375 0.3796875 0.00859375 0.0109375
4 0.61015625 0.359375 0.00859375 0.01875
4 0.56796875 0.3453125 0.00625 0.0203125
4 0.5609375 0.328125 0.00546875 0.01640625
4 0.56171875 0.34453125 0.00625 0.015625
0 0.56953125 0.3234375 0.009375 0.0234375
0 0.57421875 0.29921875 0.01171875 0.021875
0 0.5734375 0.275 0.009375 0.0234375
4 0.57890625 0.25078125 0.00703125 0.0203125
2 0.584375 0.27421875 0.01015625 0.03984375
0 0.60078125 0.203125 0.01015625 0.0234375
0 0.59140625 0.2359375 0.00859375 0.028125
0 0.59140625 0.20546875 0.009375 0.0234375
0 0.5828125 0.22890625 0.00859375 0.02109375
0 0.6078125 0.1578125 0.00859375 0.02578125
0 0.59765625 0.16328125 0.01015625 0.025
0 0.6046875 0.13046875 0.01015625 0.0296875
0 0.61484375 0.0875 0.00859375 0.0265625
0 0.62578125 0.059375 0.01015625 0.0265625
0 0.628125 0.025 0.00859375 0.02421875
4 0.609375 0.11171875 0.00625 0.015625
4 0.6171875 0.1359375 0.00546875 0.01328125
4 0.59140625 0.18515625 0.00859375 0.01328125
6 0.60703125 0.07421875 0.025 0.07890625
6 0.590625 0.15 0.0234375 0.06875
6 0.57421875 0.21953125 0.02578125 0.0734375
6 0.55546875 0.30546875 0.03046875 0.090625
4 0.61640625 0.39609375 0.00703125 0.01171875