0 0.0109375 0.9484375 0.01796875 0.02578125
3 0.10546875 0.8140625 0.04140625 0.03046875
3 0.13359375 0.86328125 0.02109375 0.02578125
4 0.24609375 0.8 0.0234375 0.01640625
0 0.165625 0.61640625 0.0234375 0.02109375
1 0.28828125 0.7453125 0.08125 0.0484375
4 0.25 0.5984375 0.01640625 0.01875
5 0.11640625 0.559375 0.0796875 0.03046875
5 0.196875 0.546875 0.07890625 0.03984375
4 0.3734375 0.709375 0.01484375 0.025
4 0.3890625 0.6609375 0.01875 0.0203125
4 0.45390625 0.7859375 0.01484375 0.02421875
0 0.51015625 0.93515625 0.01640625 0.01875
4 0.48046875 0.565625 0.01640625 0.028125
2 0.553125 0.6015625 0.02578125 0.05390625
2 0.58125 0.73984375 0.02890625 0.03359375
0 0.5734375 0.86171875 0.0234375 0.028125
4 0.63203125 0.809375 0.01484375 0.0203125
4 0.65078125 0.8046875 0.01875 0.0140625
3 0.69609375 0.85546875 0.025 0.0234375
2 0.72421875 0.83046875 0.03359375 0.03359375
4 0.7484375 0.80859375 0.01640625 0.01796875
4 0.778125 0.88125 0.02109375 0.01796875
4 0.696875 0.6046875 0.01640625 0.01171875
4 0.8859375 0.70390625 0.01875 0.01796875
4 0.93515625 0.8703125 0.01640625 0.0140625
2 0.0109375 0.80859375 0.021875 0.02578125
3 0.4640625 0.21640625 0.01640625 0.05546875
4 0.53515625 0.08203125 0.009375 0.02578125