4 0.9515625 0.50703125 0.0140625 0.009375
4 0.77265625 0.41015625 0.01328125 0.0140625
4 0.62890625 0.54921875 0.0140625 0.01640625
4 0.49921875 0.43984375 0.01796875 0.01875
4 0.25859375 0.36953125 0.01484375 0.01171875
4 0.08125 0.56640625 0.01796875 0.0140625
4 0.00703125 0.28125 0.00703125 0.01953125
4 0.03515625 0.28671875 0.00546875 0.01953125
4 0.04375 0.29140625 0.00625 0.01953125
4 0.02109375 0.01875 0.01171875 0.02578125
4 0.01015625 0.0109375 0.0109375 0.021875
2 0.0140625 0.0515625 0.01875 0.05
2 0.06171875 0.10078125 0.01484375 0.04296875
2 0.0453125 0.14140625 0.01796875 0.0484375
2 0.05625 0.159375 0.01171875 0.04921875
2 0.03125 0.19140625 0.015625 0.05078125
2 0.04453125 0.2015625 0.0140625 0.06015625
2 0.01953125 0.24375 0.02109375 0.0515625
2 0.0359375 0.246875 0.015625 0.046875
2 0.00625 0.31484375 0.0125 0.0453125
2 0.153125 0.2640625 0.0265625 0.040625
2 0.49609375 0.36953125 0.02578125 0.02109375
2 0.77421875 0.2546875 0.03046875 0.025
2 0.76484375 0.17109375 0.028125 0.0265625
2 0.97890625 0.3375 0.03203125 0.025
3 0.9296875 0.46953125 0.03671875 0.0265625
3 0.45859375 0.53125 0.02890625 0.021875
6 0.06953125 0.334375 0.02890625 0.07109375
6 0.46484375 0.590625 0.0390625 0.0234375
0 0.0265625 0.28515625 0.01328125 0.02890625
0 0.1921875 0.37890625 0.025 0.01796875