2 0.02734375 0.04453125 0.03046875 0.0296875
4 0.1015625 0.12109375 0.01640625 0.01796875
4 0.13125 0.115625 0.01171875 0.01171875
4 0.16484375 0.1390625 0.01328125 0.01328125
4 0.13671875 0.22578125 0.01171875 0.0140625
2 0.23046875 0.240625 0.02421875 0.021875
2 0.1203125 0.24609375 0.01796875 0.01953125
4 0.24296875 0.0734375 0.01015625 0.01171875
0 0.24921875 0.1234375 0.015625 0.02109375
4 0.321875 0.1296875 0.0140625 0.0140625
2 0.32421875 0.08359375 0.01875 0.01875
2 0.39453125 0.190625 0.0265625 0.0203125
4 0.44765625 0.1640625 0.01171875 0.01171875
0 0.4703125 0.14921875 0.0140625 0.01796875
4 0.49296875 0.2921875 0.015625 0.0140625
2 0.596875 0.20390625 0.03125 0.03046875
2 0.68046875 0.30390625 0.02578125 0.028125
2 0.80546875 0.21796875 0.028125 0.02109375
4 0.74609375 0.16875 0.01171875 0.015625
4 0.8609375 0.1859375 0.01015625 0.01171875
4 0.83046875 0.1859375 0.01171875 0.00859375
4 0.82890625 0.1984375 0.01171875 0.009375
0 0.96328125 0.19453125 0.021875 0.01875
2 0.94296875 0.23203125 0.02109375 0.028125
2 0.903125 0.3 0.03203125 0.021875
4 0.91328125 0.32734375 0.0140625 0.01171875
0 0.43203125 0.0609375 0.01328125 0.015625
0 0.4328125 0.0765625 0.0140625 0.0109375
0 0.415625 0.075 0.01328125 0.01328125
2 0.4265625 0.09375 0.02109375 0.01640625
2 0.5015625 0.05546875 0.01015625 0.03828125
4 0.47890625 0.071875 0.00546875 0.015625
4 0.49765625 0.09140625 0.00546875 0.015625
4 0.48203125 0.103125 0.0046875 0.015625
0 0.48984375 0.09453125 0.00703125 0.0234375
2 0.56484375 0.0828125 0.0140625 0.02890625
2 0.509375 0.3328125 0.01328125 0.03203125
2 0.48671875 0.35078125 0.0109375 0.03125
2 0.47578125 0.37890625 0.009375 0.0359375
2 0.4890625 0.43046875 0.01171875 0.034375
2 0.4734375 0.45078125 0.01015625 0.03515625
2 0.471875 0.5125 0.009375 0.0296875
2 0.48046875 0.484375 0.01015625 0.034375
2 0.48203125 0.52890625 0.009375 0.03671875
2 0.49296875 0.51796875 0.00703125 0.03359375
2 0.47109375 0.55859375 0.0109375 0.03828125
2 0.48359375 0.58203125 0.00859375 0.03125
2 0.49453125 0.60546875 0.00859375 0.0296875
2 0.5171875 0.58984375 0.0109375 0.04140625
2 0.546875 0.5765625 0.009375 0.03359375
2 0.49140625 0.65625 0.01171875 0.03671875
2 0.49140625 0.75859375 0.01015625 0.0390625
2 0.48828125 0.6984375 0.009375 0.0359375
2 0.48046875 0.7140625 0.009375 0.03125
2 0.46796875 0.66953125 0.0109375 0.03125
4 0.47421875 0.60859375 0.00625 0.01640625
4 0.471875 0.7078125 0.00546875 0.01796875
0 0.484375 0.62109375 0.00859375 0.0234375
2 0.465625 0.771875 0.01015625 0.0390625
2 0.4765625 0.80078125 0.01015625 0.03359375
4 0.48203125 0.8875 0.00859375 0.02421875
2 0.484375 0.98203125 0.01171875 0.0359375
2 0.52421875 0.9640625 0.01171875 0.0359375
0 0.5390625 0.978125 0.0109375 0.028125
6 0.540625 0.809375 0.025 0.0765625
4 0.49375 0.54609375 0.00546875 0.0140625
4 0.46328125 0.52421875 0.0046875 0.01484375
4 0.4890625 0.4734375 0.0046875 0.01640625
4 0.52890625 0.50546875 0.0046875 0.01015625
4 0.56640625 0.49375 0.009375 0.009375
0 0.53515625 0.56328125 0.00703125 0.025
0 0.4578125 0.47890625 0.01015625 0.02578125
2 0.61796875 0.47421875 0.0203125 0.01875
3 0.7765625 0.48046875 0.034375 0.02109375
0 0.7015625 0.48125 0.0203125 0.01953125
4 0.53203125 0.34375 0.00546875 0.015625
0 0.5921875 0.35 0.01171875 0.01328125
2 0.57578125 0.34921875 0.01640625 0.01640625
2 0.61015625 0.35 0.021875 0.01796875
2 0.63671875 0.35625 0.01640625 0.015625
2 0.65546875 0.35546875 0.01484375 0.01640625
2 0.63203125 0.3765625 0.0203125 0.015625
2 0.65625 0.378125 0.01796875 0.015625
2 0.68828125 0.35703125 0.02109375 0.01640625
2 0.709375 0.36015625 0.01640625 0.01796875
2 0.73046875 0.3609375 0.01796875 0.01796875
2 0.72421875 0.38359375 0.01796875 0.01796875
2 0.703125 0.38203125 0.02109375 0.01796875
2 0.6765625 0.384375 0.0203125 0.0140625
2 0.665625 0.40078125 0.02109375 0.01328125
2 0.6234375 0.39375 0.01953125 0.0203125
2 0.64453125 0.3953125 0.01796875 0.01875
4 0.68203125 0.396875 0.00859375 0.00859375
4 0.621875 0.3609375 0.009375 0.00703125
4 0.67578125 0.37578125 0.00546875 0.0046875
4 0.56796875 0.375 0.00859375 0.00859375
4 0.5953125 0.39453125 0.00625 0.00703125
4 0.5875 0.39296875 0.00546875 0.00625
4 0.57578125 0.38203125 0.00625 0.00859375
4 0.59296875 0.38671875 0.00859375 0.0046875
4 0.58359375 0.384375 0.00625 0.0046875
0 0.60546875 0.3890625 0.01171875 0.0109375
0 0.9078125 0.409375 0.02578125 0.03359375
2 0.9265625 0.06875 0.01640625 0.040625
2 0.20078125 0.44765625 0.02109375 0.0203125
4 0.15859375 0.45078125 0.01015625 0.01015625
4 0.171875 0.45234375 0.01015625 0.01015625