2 0.5078125 0.4359375 0.02578125 0.03984375
2 0.43828125 0.496875 0.01875 0.03515625
2 0.4046875 0.48359375 0.02109375 0.03359375
2 0.3449176671875 0.4989693828125 0.3577527359375 0.4989693828125 0.3578995515625 0.4535364234375 0.34709310625 0.45064172812500003 0.3449176671875 0.4989693828125
2 0.36328125 0.671875 0.01953125 0.0453125
0 0.3296875 0.840625 0.0140625 0.02890625
0 0.40625 0.7109375 0.01171875 0.0234375
0 0.421875 0.65625 0.0140625 0.021875
0 0.46484375 0.665625 0.01640625 0.01796875
0 0.4453125 0.640625 0.01796875 0.01640625
0 0.33046875 0.54140625 0.01171875 0.02421875
0 0.3890625 0.49609375 0.0140625 0.028125
0 0.18984375 0.09296875 0.01640625 0.02578125
2 0.23203125 0.1828125 0.0234375 0.03671875
3 0.25390625 0.2328125 0.01875 0.0390625
0 0.78828125 0.98125 0.01796875 0.03046875
2 0.74921875 0.159375 0.02890625 0.028125
1 0.621875 0.2359375 0.05703125 0.0609375
0 0.51796875 0.34375 0.0203125 0.0234375
2 0.5515625 0.24453125 0.02578125 0.03203125
2 0.40625 0.1390625 0.021875 0.0359375
0 0.62890625 0.4578125 0.01640625 0.025
0 0.6140625 0.4296875 0.015625 0.0265625
4 0.496875 0.49140625 0.01328125 0.0234375
4 0.52109375 0.50390625 0.00859375 0.01953125
4 0.52890625 0.49609375 0.01015625 0.02109375
4 0.5375 0.528125 0.01171875 0.01796875
4 0.55078125 0.50390625 0.01015625 0.025
4 0.5171875 0.51875 0.01015625 0.01640625
4 0.5046875 0.5109375 0.01015625 0.01640625
4 0.49140625 0.52109375 0.01015625 0.01640625
4 0.47890625 0.56875 0.009375 0.01796875
4 0.46796875 0.5359375 0.01328125 0.01328125
4 0.453125 0.5484375 0.01328125 0.01796875
4 0.4515625 0.57421875 0.0109375 0.0140625
4 0.44296875 0.57421875 0.009375 0.01875
4 0.43125 0.57890625 0.00859375 0.025
4 0.38203125 0.57109375 0.0109375 0.015625
4 0.359375 0.56953125 0.01015625 0.01953125
4 0.33984375 0.56875 0.01171875 0.02109375
4 0.37734375 0.4875 0.009375 0.0203125
4 0.38515625 0.45625 0.009375 0.0234375
4 0.39921875 0.415625 0.01015625 0.0203125
4 0.39921875 0.38125 0.00859375 0.02109375
4 0.409375 0.315625 0.01328125 0.01484375
4 0.390625 0.28203125 0.0109375 0.01875
4 0.3734375 0.2515625 0.01171875 0.01640625
4 0.32578125 0.309375 0.01484375 0.0140625
4 0.31171875 0.271875 0.01171875 0.0203125
4 0.38359375 0.30078125 0.01015625 0.01953125
4 0.4390625 0.39375 0.0140625 0.0140625
4 0.4546875 0.384375 0.01171875 0.015625
4 0.45703125 0.371875 0.0140625 0.01796875
4 0.44296875 0.35546875 0.01171875 0.01796875
4 0.45859375 0.3265625 0.015625 0.01484375
4 0.4921875 0.33203125 0.0140625 0.01484375
4 0.49375 0.3625 0.01328125 0.0140625
4 0.434375 0.3359375 0.01015625 0.01484375
4 0.51171875 0.36484375 0.01171875 0.01171875
0 0.521875 0.409375 0.0203125 0.025
4 0.390625 0.54765625 0.01328125 0.015625
4 0.3859375 0.52109375 0.0109375 0.01796875
4 0.45390625 0.4984375 0.0109375 0.0203125
4 0.4234375 0.471875 0.01015625 0.02109375
4 0.43203125 0.4296875 0.00859375 0.02109375
4 0.4671875 0.39296875 0.01171875 0.015625
4 0.48359375 0.415625 0.01171875 0.01796875
4 0.48828125 0.4421875 0.01015625 0.0234375
4 0.42578125 0.4453125 0.01015625 0.01875
4 0.4171875 0.45703125 0.00859375 0.01796875
4 0.39609375 0.4390625 0.009375 0.01796875
4 0.41953125 0.6296875 0.01328125 0.015625
4 0.45546875 0.60703125 0.01171875 0.0140625
4 0.4765625 0.61796875 0.0109375 0.01484375
4 0.4375 0.59921875 0.0109375 0.0140625
4 0.43671875 0.6125 0.01171875 0.01640625
4 0.40625 0.65703125 0.01171875 0.01484375
4 0.39453125 0.67890625 0.00703125 0.01953125
4 0.39765625 0.69375 0.01171875 0.01484375
4 0.371875 0.70546875 0.009375 0.01796875
4 0.3796875 0.6390625 0.00859375 0.021875
4 0.3515625 0.740625 0.00625 0.02109375
4 0.3609375 0.75703125 0.00859375 0.01796875
4 0.33515625 0.76484375 0.00859375 0.021875
4 0.35234375 0.76953125 0.00703125 0.01953125
4 0.34453125 0.73828125 0.00625 0.02109375
4 0.2859375 0.7296875 0.009375 0.0203125
4 0.334375 0.6265625 0.009375 0.021875
4 0.3484375 0.634375 0.01015625 0.0203125
4 0.3359375 0.64921875 0.009375 0.021875
4 0.27734375 0.796875 0.009375 0.02109375
4 0.26796875 0.86875 0.009375 0.025
4 0.25625 0.8484375 0.01015625 0.02421875
4 0.29453125 0.92734375 0.01015625 0.01796875
4 0.29375 0.94609375 0.009375 0.01796875
4 0.28515625 0.97890625 0.009375 0.021875
4 0.29609375 0.97578125 0.009375 0.021875
4 0.3484375 0.82734375 0.00703125 0.01953125
4 0.3171875 0.8234375 0.009375 0.01875
4 0.3359375 0.45859375 0.009375 0.02421875
4 0.60078125 0.5375 0.01015625 0.01328125
4 0.64296875 0.61171875 0.01328125 0.01953125
4 0.634375 0.69921875 0.01171875 0.01484375
4 0.61171875 0.696875 0.00859375 0.01953125
4 0.5984375 0.71953125 0.01171875 0.02109375
4 0.61640625 0.75390625 0.01328125 0.02109375
4 0.62421875 0.74140625 0.009375 0.021875
4 0.6140625 0.7859375 0.009375 0.021875
4 0.64375 0.80078125 0.01171875 0.0234375
4 0.65390625 0.78828125 0.01328125 0.0140625
4 0.68828125 0.84765625 0.01015625 0.01875
4 0.70234375 0.8359375 0.01171875 0.0203125
4 0.73046875 0.91171875 0.01171875 0.01875
4 0.7640625 0.95078125 0.01328125 0.01640625
4 0.78359375 0.9515625 0.01484375 0.01796875
4 0.821875 0.92265625 0.01171875 0.01796875
4 0.8515625 0.9625 0.01328125 0.021875
4 0.78671875 0.88203125 0.01171875 0.01953125
4 0.7828125 0.85625 0.0109375 0.01953125
4 0.75078125 0.81328125 0.0140625 0.01875
4 0.771875 0.83125 0.01171875 0.01953125
2 0.7234375 0.96171875 0.025 0.0234375
2 0.759375 0.63046875 0.01953125 0.03984375
2 0.86796875 0.2875 0.025 0.03359375
2 0.846875 0.39140625 0.025 0.04296875
4 0.72109375 0.3265625 0.0140625 0.02109375
4 0.7109375 0.31875 0.01171875 0.01484375
4 0.69453125 0.36328125 0.01484375 0.01953125
4 0.7765625 0.28828125 0.015625 0.01875
4 0.703125 0.20703125 0.01171875 0.0140625
4 0.659375 0.1703125 0.01171875 0.01640625
4 0.6484375 0.171875 0.01328125 0.01484375
4 0.68671875 0.21953125 0.009375 0.0140625
4 0.70390625 0.22109375 0.0109375 0.01484375
4 0.740625 0.14140625 0.01171875 0.0140625
2 0.62421875 0.1578125 0.015625 0.04453125
4 0.56953125 0.2890625 0.01171875 0.0140625
4 0.5515625 0.26953125 0.009375 0.015625
4 0.58828125 0.265625 0.0140625 0.01640625
4 0.296875 0.1203125 0.01171875 0.01875
4 0.28984375 0.0859375 0.0109375 0.01796875
4 0.26953125 0.09375 0.01171875 0.0203125
3 0.21484375 0.24453125 0.021875 0.04296875
3 0.19140625 0.2 0.02421875 0.0390625
6 0.19453125 0.2453125 0.0265625 0.05078125
3 0.2328125 0.2796875 0.02890625 0.04375
4 0.91796875 0.04140625 0.01328125 0.015625
4 0.87734375 0.05390625 0.01171875 0.01484375
4 0.8734375 0.040625 0.01484375 0.01796875
4 0.89296875 0.36640625 0.01484375 0.0203125
4 0.871875 0.45390625 0.01171875 0.0203125
4 0.8796875 0.42265625 0.01171875 0.01875
4 0.82109375 0.521875 0.0109375 0.0203125
3 0.72890625 0.67578125 0.021875 0.03828125
3 0.70546875 0.63203125 0.02109375 0.03828125
3 0.69296875 0.609375 0.0203125 0.03125
3 0.68671875 0.5859375 0.0234375 0.04375
3 0.6203125 0.4890625 0.0203125 0.02421875
3 0.6734375 0.58046875 0.015625 0.02890625
3 0.66796875 0.5609375 0.01953125 0.03203125
3 0.6734375 0.43828125 0.02890625 0.03671875
3 0.7359375 0.38671875 0.0296875 0.03359375
3 0.86875 0.33671875 0.03359375 0.05390625
3 0.84140625 0.31015625 0.03203125 0.0453125
3 0.82578125 0.45078125 0.03203125 0.06640625
3 0.8078125 0.50546875 0.01640625 0.028125
3 0.81171875 0.33203125 0.03046875 0.0265625
4 0.53125 0.6546875 0.01171875 0.01640625
4 0.5984375 0.64609375 0.0140625 0.01875
4 0.56640625 0.45546875 0.01171875 0.0234375
4 0.565625 0.4046875 0.01171875 0.01640625
4 0.503125 0.2890625 0.015625 0.01640625
4 0.81015625 0.990625 0.0140625 0.01875
4 0.82421875 0.99140625 0.01015625 0.01640625
6 0.078125 0.02734375 0.03359375 0.0546875
4 0.11796875 0.115625 0.01015625 0.0203125
4 0.14453125 0.17109375 0.009375 0.01953125
4 0.14921875 0.17890625 0.009375 0.01953125
4 0.14921875 0.290625 0.01015625 0.01875
2 0.3296875 0.91328125 0.01640625 0.03515625
4 0.22578125 0.83515625 0.0109375 0.01328125
4 0.22890625 0.82109375 0.0109375 0.01328125
4 0.23671875 0.7921875 0.0109375 0.0109375
4 0.23359375 0.8 0.0109375 0.01171875
4 0.23984375 0.7828125 0.01328125 0.009375
4 0.24453125 0.76875 0.009375 0.0109375
3 0.27890625 0.671875 0.01484375 0.0296875
4 0.30703125 0.51640625 0.0109375 0.01328125
4 0.321875 0.5390625 0.00546875 0.0234375
4 0.30859375 0.58359375 0.009375 0.0203125
4 0.24375 0.2359375 0.00859375 0.01875
4 0.23671875 0.23828125 0.00859375 0.01640625
4 0.409375 0.2609375 0.00859375 0.01953125
4 0.415625 0.2734375 0.00859375 0.01875
4 0.42421875 0.28359375 0.009375 0.01328125
4 0.4390625 0.28671875 0.00703125 0.02109375
4 0.43359375 0.28515625 0.00625 0.01953125
4 0.434375 0.30703125 0.01171875 0.01484375
4 0.446875 0.309375 0.00546875 0.02109375
4 0.45078125 0.29453125 0.00859375 0.015625
4 0.47421875 0.2765625 0.01015625 0.0203125
4 0.51953125 0.2609375 0.01171875 0.01015625
4 0.515625 0.24375 0.00859375 0.01484375
4 0.50546875 0.271875 0.01171875 0.01484375
3 0.52265625 0.21640625 0.0203125 0.02890625
4 0.55390625 0.20703125 0.00703125 0.01796875
4 0.553125 0.18984375 0.00859375 0.01640625
4 0.55625 0.18125 0.00859375 0.01796875
4 0.565625 0.20078125 0.00703125 0.02421875
4 0.57890625 0.2015625 0.00859375 0.01796875
4 0.5921875 0.19609375 0.00625 0.01875
4 0.58515625 0.18359375 0.00625 0.01484375
4 0.59765625 0.175 0.00625 0.01796875
4 0.60546875 0.171875 0.00859375 0.0203125
4 0.6125 0.15625 0.00546875 0.01953125
4 0.6125 0.13125 0.00859375 0.0203125
4 0.63359375 0.14140625 0.00859375 0.01875
4 0.6515625 0.1265625 0.00625 0.01640625
2 0.66171875 0.14921875 0.0234375 0.0234375
4 0.68125 0.1296875 0.009375 0.0140625
4 0.65703125 0.12578125 0.0046875 0.01796875
4 0.6640625 0.1234375 0.00546875 0.01640625
4 0.66953125 0.12421875 0.00546875 0.01796875
4 0.6734375 0.12109375 0.00546875 0.01640625
4 0.68515625 0.1109375 0.00546875 0.01796875
4 0.71171875 0.109375 0.01015625 0.01171875
4 0.734375 0.11953125 0.0109375 0.01875
4 0.7546875 0.18046875 0.0109375 0.01171875
4 0.753125 0.3734375 0.00703125 0.01875
4 0.71171875 0.3890625 0.0140625 0.015625
4 0.64765625 0.45859375 0.009375 0.01328125
3 0.70078125 0.4171875 0.03046875 0.0390625
3 0.62890625 0.54140625 0.01640625 0.0296875
3 0.6296875 0.50546875 0.02109375 0.03359375
4 0.60546875 0.53125 0.009375 0.0140625
4 0.77421875 0.74453125 0.01015625 0.0140625
4 0.78046875 0.7359375 0.009375 0.01328125
4 0.78203125 0.72421875 0.01171875 0.01328125
4 0.78984375 0.709375 0.01171875 0.0109375
4 0.78671875 0.79921875 0.0109375 0.009375
4 0.828125 0.60078125 0.01328125 0.0109375
4 0.8171875 0.63515625 0.01171875 0.0140625
4 0.778125 0.571875 0.01328125 0.009375
4 0.78046875 0.56484375 0.01171875 0.0109375
4 0.78515625 0.55390625 0.01328125 0.0109375
4 0.79140625 0.5453125 0.0109375 0.01171875
4 0.79296875 0.53515625 0.0140625 0.009375
4 0.77421875 0.57890625 0.01328125 0.01171875
4 0.884375 0.44140625 0.00625 0.01953125
4 0.8921875 0.43359375 0.009375 0.01328125
4 0.8953125 0.42578125 0.01171875 0.01015625
4 0.90625 0.39609375 0.009375 0.01953125
4 0.909375 0.3828125 0.00859375 0.01796875
4 0.92265625 0.35078125 0.00703125 0.01796875
4 0.3265625 0.06640625 0.01015625 0.01328125
4 0.3453125 0.0671875 0.009375 0.0140625
4 0.35625 0.04609375 0.00859375 0.01875
4 0.3453125 0.03515625 0.009375 0.02109375
4 0.3640625 0.05703125 0.00859375 0.0203125
4 0.38515625 0.025 0.01015625 0.01796875
4 0.378125 0.078125 0.009375 0.01796875
4 0.36875 0.11328125 0.00625 0.015625
4 0.36171875 0.11328125 0.00703125 0.01640625
4 0.38046875 0.0984375 0.009375 0.01484375
4 0.38515625 0.11328125 0.00859375 0.015625
4 0.37890625 0.11171875 0.00625 0.0109375
4 0.3796875 0.1375 0.00859375 0.01796875
4 0.34375 0.13203125 0.00703125 0.01640625
4 0.34921875 0.13359375 0.00703125 0.01484375
4 0.33359375 0.05625 0.009375 0.01796875
4 0.3140625 0.08359375 0.009375 0.01484375
4 0.3203125 0.09296875 0.00859375 0.01796875
4 0.3265625 0.09375 0.00859375 0.01484375
4 0.3328125 0.0734375 0.00859375 0.01953125
4 0.36015625 0.08359375 0.00859375 0.01796875
4 0.36484375 0.0921875 0.00703125 0.0140625
4 0.3515625 0.090625 0.00859375 0.01875
4 0.34296875 0.09765625 0.00625 0.0140625
4 0.346875 0.1078125 0.00859375 0.0140625
4 0.34140625 0.12265625 0.00859375 0.01796875
4 0.35703125 0.1328125 0.00859375 0.01484375
4 0.41953125 0.09453125 0.009375 0.0140625
4 0.4296875 0.07109375 0.009375 0.01015625
4 0.42578125 0.08046875 0.009375 0.01171875
4 0.36953125 0.0203125 0.00703125 0.01640625
4 0.37578125 0.02890625 0.00625 0.01875
4 0.3828125 0.0390625 0.00703125 0.01875
4 0.38984375 0.21171875 0.0109375 0.01328125
4 0.39921875 0.45078125 0.00859375 0.01796875
4 0.4109375 0.4609375 0.00625 0.01640625