1 0.27734375 0.64453125 0.05546875 0.03203125
1 0.21875 0.6484375 0.05703125 0.02890625
1 0.1109375 0.83671875 0.06171875 0.03515625
2 0.14296875 0.79609375 0.021875 0.01796875
2 0.14140625 0.77421875 0.0234375 0.01953125
2 0.24375 0.8609375 0.021875 0.0203125
2 0.27890625 0.68671875 0.01953125 0.01796875
2 0.31640625 0.790625 0.025 0.021875
2 0.39375 0.7953125 0.025 0.0203125
2 0.4421875 0.79453125 0.0203125 0.01953125
2 0.46796875 0.76875 0.01953125 0.0203125
2 0.48203125 0.796875 0.02109375 0.01796875
2 0.5046875 0.8515625 0.01796875 0.0390625
2 0.5390625 0.825 0.0203125 0.03046875
2 0.5453125 0.7859375 0.0234375 0.025
2 0.55859375 0.7390625 0.021875 0.03828125
2 0.52890625 0.68671875 0.015625 0.03828125
2 0.453125 0.91328125 0.01953125 0.02109375
2 0.90546875 0.8734375 0.02578125 0.02109375
2 0.87421875 0.82890625 0.0234375 0.0234375
2 0.51796875 0.0625 0.01171875 0.03984375
2 0.5171875 0.26953125 0.01015625 0.04296875
2 0.48671875 0.33671875 0.0109375 0.0390625
3 0.765625 0.88515625 0.03125 0.02890625
0 0.50390625 0.93828125 0.01328125 0.01171875
0 0.1359375 0.93671875 0.015625 0.01796875
0 0.528125 0.63671875 0.01015625 0.03046875
0 0.5890625 0.7546875 0.01484375 0.02890625
4 0.53046875 0.07109375 0.0046875 0.02421875
4 0.5359375 0.08828125 0.00390625 0.021875
4 0.47578125 0.1609375 0.00546875 0.01875
4 0.47421875 0.409375 0.0046875 0.01953125
4 0.47578125 0.4796875 0.00546875 0.02109375
4 0.553125 0.709375 0.00859375 0.015625
4 0.63046875 0.6609375 0.00859375 0.0109375
4 0.71328125 0.70390625 0.0109375 0.01015625
4 0.8265625 0.71796875 0.01015625 0.0109375
4 0.8359375 0.740625 0.01171875 0.009375
4 0.92578125 0.81171875 0.0140625 0.01171875
4 0.9953125 0.80625 0.009375 0.01171875
4 0.85703125 0.8828125 0.01484375 0.0140625
4 0.86953125 0.90390625 0.01328125 0.01328125
4 0.63046875 0.853125 0.01328125 0.0109375
4 0.578125 0.8390625 0.0109375 0.015625
4 0.5609375 0.8328125 0.01171875 0.01796875
4 0.53828125 0.765625 0.0109375 0.01015625
4 0.3640625 0.7734375 0.01171875 0.00859375
4 0.38125 0.76328125 0.01171875 0.00859375
4 0.18984375 0.7625 0.01484375 0.00859375
4 0.14609375 0.75625 0.0140625 0.0109375
4 0.01171875 0.85625 0.01328125 0.01015625
4 0.103125 0.93203125 0.01015625 0.01171875
4 0.434375 0.6609375 0.0140625 0.01015625