4 0.1703125 0.94921875 0.00859375 0.01875
2 0.3390625 0.80546875 0.01875 0.03046875
2 0.4046875 0.7578125 0.03515625 0.028125
2 0.4765625 0.7015625 0.0109375 0.03046875
2 0.7828125 0.8609375 0.0234375 0.021875
2 0.940625 0.71953125 0.021875 0.0203125
4 0.74609375 0.67890625 0.009375 0.01796875
2 0.58828125 0.6390625 0.02578125 0.01953125
4 0.96796875 0.609375 0.01171875 0.01328125
4 0.88359375 0.60703125 0.0140625 0.015625
4 0.721875 0.59609375 0.01640625 0.0140625
4 0.61875 0.59453125 0.01484375 0.01484375
4 0.2859375 0.61796875 0.01484375 0.0140625
1 0.12890625 0.59609375 0.0515625 0.03359375
1 0.08046875 0.59296875 0.0515625 0.03203125
1 0.03046875 0.5984375 0.0546875 0.0359375
2 0.0171875 0.45390625 0.028125 0.02109375
0 0.02421875 0.43046875 0.01953125 0.015625
4 0.09921875 0.43359375 0.01328125 0.009375
4 0.096875 0.44296875 0.01171875 0.0109375
2 0.1234375 0.44453125 0.0234375 0.01953125
2 0.13515625 0.4859375 0.02890625 0.0234375
0 0.15703125 0.4265625 0.0203125 0.01484375
4 0.15625 0.45703125 0.015625 0.0109375
4 0.17421875 0.46640625 0.0109375 0.0140625
0 0.1859375 0.42734375 0.01953125 0.01953125
4 0.2171875 0.4375 0.015625 0.01328125
2 0.190625 0.48515625 0.028125 0.0203125
0 0.221875 0.46796875 0.01640625 0.01640625
2 0.2640625 0.42265625 0.02578125 0.021875
2 0.28671875 0.465625 0.028125 0.0234375
4 0.3109375 0.40546875 0.01484375 0.01171875
4 0.33984375 0.4140625 0.01484375 0.01328125
4 0.3578125 0.45859375 0.01171875 0.015625
4 0.3828125 0.45390625 0.01484375 0.0140625
4 0.421875 0.44609375 0.01484375 0.01484375
4 0.41796875 0.46015625 0.0140625 0.0140625
2 0.4265625 0.47578125 0.021875 0.01640625
0 0.46953125 0.39453125 0.01640625 0.01875
4 0.46328125 0.3796875 0.01015625 0.00703125
0 0.44375 0.39375 0.01015625 0.01015625
4 0.5484375 0.46796875 0.009375 0.00859375
3 0.58671875 0.4484375 0.01875 0.01484375
2 0.6703125 0.4703125 0.02578125 0.0234375
2 0.7859375 0.475 0.02421875 0.02421875
3 0.671875 0.39453125 0.01796875 0.0203125
4 0.69296875 0.378125 0.01171875 0.01796875
4 0.73125 0.3875 0.01328125 0.015625
4 0.8 0.45390625 0.01484375 0.0140625
4 0.91015625 0.4484375 0.01328125 0.01328125
4 0.94609375 0.46015625 0.01171875 0.01640625
4 0.9671875 0.47421875 0.0140625 0.01328125
4 0.9953125 0.4515625 0.009375 0.015625
2 0.515625 0.30234375 0.01875 0.021875