4 0.88671875 0.52109375 0.0140625 0.01640625
4 0.63671875 0.53203125 0.01484375 0.01640625
4 0.44609375 0.4109375 0.01796875 0.01484375
4 0.40234375 0.565625 0.0140625 0.01796875
4 0.3484375 0.5703125 0.01796875 0.0140625
4 0.21171875 0.57578125 0.015625 0.01328125
4 0.1890625 0.55390625 0.0140625 0.0140625
4 0.25859375 0.36640625 0.01171875 0.0109375
4 0.0359375 0.28359375 0.00546875 0.021875
4 0.00625 0.2765625 0.00625 0.021875
4 0.04296875 0.2859375 0.00703125 0.01953125
4 0.01953125 0.009375 0.009375 0.01875
4 0.009375 0.00546875 0.00859375 0.0109375
2 0.0140625 0.04375 0.01640625 0.04453125
2 0.06796875 0.046875 0.015625 0.04609375
2 0.07890625 0.07890625 0.01171875 0.03828125
2 0.0625 0.09296875 0.01796875 0.034375
2 0.046875 0.13515625 0.01640625 0.04453125
2 0.05625 0.15390625 0.01171875 0.04140625
2 0.03125 0.18671875 0.01328125 0.04375
2 0.0453125 0.1984375 0.01328125 0.040625
2 0.01953125 0.23828125 0.01796875 0.04921875
2 0.03671875 0.24140625 0.01640625 0.0390625
2 0.00390625 0.309375 0.00703125 0.04140625
2 0.1515625 0.2609375 0.0203125 0.03671875
2 0.13125 0.37421875 0.021875 0.03203125
2 0.4984375 0.36640625 0.0265625 0.0265625
2 0.77578125 0.4984375 0.02890625 0.0265625
2 0.98046875 0.3359375 0.0265625 0.02578125
2 0.76796875 0.17421875 0.0265625 0.03046875
2 0.7765625 0.25390625 0.02890625 0.0296875
0 0.9875 0.490625 0.02421875 0.02421875
0 0.75390625 0.38046875 0.01875 0.025
0 0.19296875 0.375 0.02109375 0.02109375
0 0.02578125 0.2796875 0.0140625 0.0296875
0 0.08359375 0.040625 0.01328125 0.03046875
6 0.06875 0.328125 0.028125 0.071875
6 0.4640625 0.58828125 0.046875 0.02890625
0 0.2875 0.46484375 0.02421875 0.0265625