4 0.46875 0.5359375 0.01328125 0.02421875
4 0.48046875 0.521875 0.01171875 0.03046875
4 0.4734375 0.46171875 0.01171875 0.03046875
0 0.46328125 0.45625 0.0140625 0.034375
0 0.56875 0.5375 0.0203125 0.03984375
4 0.56328125 0.58203125 0.009375 0.0265625
2 0.50234375 0.559375 0.01796875 0.04609375
2 0.5078125 0.47421875 0.01796875 0.05546875
2 0.49375 0.46171875 0.01796875 0.04921875
2 0.51875 0.40390625 0.01953125 0.04453125
3 0.48828125 0.4125 0.01875 0.04921875
2 0.521875 0.7140625 0.01875 0.053125
2 0.52421875 0.8109375 0.02109375 0.05625
2 0.51484375 0.95546875 0.01796875 0.053125
3 0.4734375 0.79921875 0.0203125 0.06875
0 0.51796875 0.36171875 0.015625 0.03828125
2 0.49921875 0.3359375 0.0234375 0.0546875
2 0.54609375 0.32578125 0.021875 0.0546875
2 0.5265625 0.3109375 0.0234375 0.0640625
2 0.56796875 0.27578125 0.0265625 0.0609375
3 0.546875 0.26171875 0.025 0.05
4 0.72578125 0.24296875 0.01796875 0.0203125
3 0.58359375 0.209375 0.021875 0.028125
3 0.6203125 0.20625 0.01953125 0.03515625
4 0.603125 0.21875 0.01640625 0.01796875
4 0.5984375 0.26015625 0.01796875 0.01875
2 0.60625 0.24140625 0.034375 0.03828125
2 0.64609375 0.24140625 0.02890625 0.03359375
2 0.67890625 0.24375 0.0265625 0.03359375
2 0.6984375 0.21328125 0.03203125 0.03828125
4 0.69609375 0.12109375 0.0109375 0.025
4 0.70546875 0.1234375 0.01171875 0.0234375
4 0.67890625 0.121875 0.01171875 0.0296875
2 0.55703125 0.08046875 0.01953125 0.04609375
2 0.53984375 0.0109375 0.01640625 0.021875
2 0.621875 0.01328125 0.01640625 0.0265625
0 0.50390625 0.146875 0.01875 0.02890625
2 0.7421875 0.2296875 0.02578125 0.03359375
2 0.78046875 0.15078125 0.01796875 0.046875
2 0.81953125 0.0234375 0.021875 0.04609375
2 0.83828125 0.171875 0.02890625 0.03203125
2 0.83046875 0.21484375 0.02578125 0.03203125
3 0.884375 0.171875 0.0203125 0.03828125
3 0.92578125 0.16875 0.025 0.03515625
2 0.9234375 0.23203125 0.03515625 0.034375
2 0.971875 0.23359375 0.0296875 0.03359375
2 0.98203125 0.26015625 0.03125 0.03828125
0 0.83515625 0.2390625 0.02421875 0.02890625
2 0.98203125 0.37265625 0.03046875 0.03046875
2 0.9953125 0.37265625 0.009375 0.0359375
2 0.9953125 0.39765625 0.009375 0.03046875
2 0.99609375 0.4296875 0.00703125 0.0359375
2 0.971875 0.43203125 0.03046875 0.025
2 0.97578125 0.39765625 0.03203125 0.03046875
4 0.946875 0.384375 0.01875 0.021875
2 0.94921875 0.371875 0.0265625 0.02890625
1 0.9359375 0.39921875 0.06015625 0.03828125
1 0.80390625 0.39140625 0.0765625 0.03828125
4 0.80703125 0.4328125 0.01796875 0.02421875
4 0.83359375 0.45625 0.01953125 0.021875
3 0.92890625 0.36484375 0.0265625 0.03046875
2 0.921875 0.425 0.03046875 0.02890625
4 0.86953125 0.384375 0.01640625 0.0203125
2 0.85703125 0.36953125 0.0296875 0.02890625
2 0.88125 0.3625 0.02890625 0.0265625
2 0.90703125 0.36875 0.02890625 0.0296875
2 0.83203125 0.36015625 0.0265625 0.03359375
0 0.80625 0.41640625 0.02578125 0.03046875
0 0.78671875 0.41484375 0.025 0.02421875
0 0.77890625 0.36953125 0.0234375 0.0265625
6 0.8078125 0.36875 0.0296875 0.03359375
2 0.75625 0.40859375 0.02890625 0.0359375
2 0.75390625 0.36328125 0.028125 0.02578125
2 0.71171875 0.35859375 0.03046875 0.0296875
6 0.740625 0.384375 0.04609375 0.0390625
2 0.70859375 0.40546875 0.025 0.02578125
4 0.70859375 0.39296875 0.0203125 0.0203125
4 0.70234375 0.375 0.015625 0.02421875
4 0.69140625 0.3671875 0.01640625 0.01875
4 0.71640625 0.41640625 0.01640625 0.02109375
4 0.72890625 0.41328125 0.01484375 0.01875
4 0.72578125 0.4015625 0.01953125 0.02109375
4 0.73671875 0.4046875 0.01640625 0.021875
2 0.68671875 0.43828125 0.028125 0.0265625
0 0.63515625 0.425 0.02421875 0.0203125
0 0.6359375 0.40390625 0.021875 0.01875
2 0.6765625 0.36171875 0.03203125 0.03203125
2 0.6703125 0.38359375 0.02890625 0.03125
2 0.6953125 0.3859375 0.02890625 0.03203125
4 0.63046875 0.34453125 0.015625 0.01953125
4 0.62734375 0.35625 0.01484375 0.0234375
4 0.64375 0.34375 0.0203125 0.02109375
2 0.6484375 0.36015625 0.03359375 0.0265625
2 0.640625 0.38125 0.0296875 0.0265625
4 0.63984375 0.39140625 0.01796875 0.0203125
4 0.65390625 0.39375 0.01875 0.01875
4 0.665625 0.396875 0.01484375 0.01796875
4 0.6703125 0.4015625 0.015625 0.01796875
4 0.68046875 0.40234375 0.01796875 0.01796875
4 0.6890625 0.40859375 0.01796875 0.015625
4 0.68828125 0.41640625 0.01484375 0.01796875
4 0.68046875 0.4234375 0.015625 0.01796875
4 0.67421875 0.41171875 0.0140625 0.021875
4 0.67109375 0.42578125 0.01484375 0.01484375
4 0.6609375 0.42578125 0.01171875 0.0234375
4 0.65078125 0.428125 0.0140625 0.0203125
4 0.6515625 0.41796875 0.0140625 0.01484375
4 0.6609375 0.4140625 0.01484375 0.0203125
4 0.64921875 0.403125 0.01328125 0.01484375
4 0.62890625 0.4453125 0.01171875 0.021875
4 0.584375 0.4875 0.015625 0.025
4 0.61015625 0.45703125 0.01875 0.021875
5 0.17578125 0.90390625 0.03671875 0.06640625
4 0.30078125 0.584375 0.01484375 0.0234375
4 0.2984375 0.59453125 0.01640625 0.015625
4 0.29921875 0.603125 0.01640625 0.0234375
4 0.378125 0.43515625 0.01484375 0.02109375
4 0.33046875 0.42421875 0.0140625 0.0203125
6 0.34453125 0.4140625 0.0296875 0.02890625
2 0.090625 0.5734375 0.028125 0.0296875
2 0.04765625 0.565625 0.03046875 0.02890625
2 0.03828125 0.59296875 0.034375 0.03125
2 0.0375 0.6796875 0.0265625 0.03203125
4 0.13515625 0.17578125 0.015625 0.02421875
2 0.1890625 0.1609375 0.03203125 0.0359375
2 0.08203125 0.103125 0.0203125 0.053125
4 0.084375 0.0640625 0.015625 0.028125
0 0.09296875 0.05390625 0.0203125 0.03828125
0 0.03984375 0.02578125 0.0203125 0.0390625
4 0.02421875 0.05703125 0.01640625 0.0234375
4 0.00703125 0.0734375 0.009375 0.021875
4 0.01328125 0.07578125 0.01640625 0.01640625
4 0.31015625 0.18828125 0.01484375 0.021875
4 0.34140625 0.22421875 0.01484375 0.025
2 0.35859375 0.21953125 0.025 0.02890625
2 0.41328125 0.1859375 0.0234375 0.025
2 0.4140625 0.20234375 0.02890625 0.028125
4 0.4140625 0.16953125 0.01484375 0.0203125
0 0.38359375 0.2234375 0.01875 0.03203125
0 0.3984375 0.2296875 0.02109375 0.0265625
0 0.4140625 0.22421875 0.02109375 0.02421875
4 0.70703125 0.16171875 0.01796875 0.03046875
4 0.63203125 0.41484375 0.0140625 0.01484375
1 0.878125 0.39921875 0.06640625 0.034375