5 0.2203125 0.68671875 0.06171875 0.04296875
5 0.28203125 0.67890625 0.059375 0.05
2 0.12578125 0.8296875 0.03125 0.02890625
2 0.1890625 0.83671875 0.02890625 0.03984375
2 0.26953125 0.88046875 0.028125 0.04921875
2 0.48203125 0.6734375 0.02421875 0.059375
2 0.49453125 0.73359375 0.02578125 0.040625
2 0.52578125 0.77578125 0.02578125 0.04453125
2 0.75 0.7828125 0.028125 0.053125
2 0.65625 0.865625 0.02890625 0.0484375
2 0.59453125 0.86171875 0.034375 0.04609375
2 0.55546875 0.8296875 0.0234375 0.0453125
2 0.27421875 0.7265625 0.040625 0.03515625
6 0.46640625 0.8203125 0.05 0.046875
3 0.34921875 0.69765625 0.025 0.02890625
0 0.50859375 0.64375 0.01875 0.03671875
0 0.46796875 0.41953125 0.01171875 0.04375
2 0.47890625 0.22890625 0.01015625 0.0515625
4 0.4578125 0.11875 0.00859375 0.02109375
4 0.1890625 0.7359375 0.01875 0.01796875
4 0.21171875 0.80078125 0.01796875 0.0234375
4 0.328125 0.80078125 0.01875 0.0265625
4 0.34921875 0.775 0.0109375 0.02421875
4 0.30703125 0.93515625 0.01171875 0.034375
2 0.37265625 0.934375 0.0359375 0.0234375
2 0.88125 0.81953125 0.0296875 0.03203125
2 0.87109375 0.71953125 0.03203125 0.02578125
0 0.80625 0.69921875 0.01796875 0.03359375
4 0.5953125 0.69296875 0.0234375 0.01953125
4 0.52890625 0.88671875 0.021875 0.028125
2 0.0984375 0.93984375 0.0296875 0.028125
4 0.06953125 0.95625 0.0203125 0.01796875