2 0.21796875 0.51953125 0.0203125 0.0140625
2 0.26015625 0.49921875 0.01640625 0.0203125
2 0.2984375 0.490625 0.01796875 0.00703125
2 0.290625 0.515625 0.02421875 0.01484375
2 0.328125 0.5140625 0.0140625 0.03671875
2 0.3578125 0.5890625 0.01640625 0.02890625
2 0.346875 0.62734375 0.00703125 0.03125
2 0.33984375 0.66875 0.01171875 0.03828125
2 0.35078125 0.71328125 0.0234375 0.021875
2 0.33203125 0.71796875 0.0203125 0.034375
2 0.334375 0.7828125 0.02109375 0.021875
2 0.33203125 0.790625 0.015625 0.00625
2 0.3453125 0.77109375 0.01953125 0.028125
2 0.34609375 0.74375 0.01953125 0.0234375
2 0.36171875 0.640625 0.01328125 0.03515625
2 0.36875 0.6890625 0.025 0.0234375
2 0.36875 0.67578125 0.01796875 0.01796875
2 0.36953125 0.6625 0.021875 0.025
0 0.334375 0.62734375 0.009375 0.025
2 0.1234375 0.503125 0.025 0.0203125
2 0.17578125 0.4984375 0.0265625 0.015625
0 0.14921875 0.50546875 0.0140625 0.0203125
4 0.1703125 0.51015625 0.01015625 0.0046875
0 0.21640625 0.49609375 0.01328125 0.02109375
2 0.4640625 0.496875 0.02109375 0.0296875
2 0.49140625 0.53515625 0.01953125 0.01171875
2 0.54296875 0.50078125 0.0203125 0.0203125
2 0.603125 0.49921875 0.01875 0.01875
2 0.63671875 0.4765625 0.0234375 0.0203125
2 0.61875 0.440625 0.02421875 0.0203125
2 0.7015625 0.49375 0.021875 0.015625
2 0.6359375 0.49921875 0.0203125 0.02109375
0 0.66328125 0.475 0.01328125 0.01484375
2 0.37578125 0.36953125 0.01953125 0.03984375
0 0.36875 0.53125 0.0140625 0.02421875
2 0.3140625 0.5421875 0.0140625 0.0265625
2 0.31953125 0.56328125 0.01953125 0.03515625
5 0.39296875 0.49140625 0.02890625 0.03515625
4 0.35703125 0.478125 0.01015625 0.01875
4 0.36875 0.49453125 0.01171875 0.015625
4 0.38203125 0.5703125 0.00859375 0.0296875
4 0.43359375 0.484375 0.01953125 0.0203125
4 0.453125 0.56015625 0.021875 0.01328125
0 0.49453125 0.55859375 0.015625 0.01875
2 0.51953125 0.39453125 0.0140625 0.04140625
2 0.58203125 0.3890625 0.0140625 0.03984375
2 0.7234375 0.45703125 0.01796875 0.025
2 0.79765625 0.484375 0.0203125 0.0203125
2 0.771875 0.53828125 0.0234375 0.021875
2 0.85234375 0.46328125 0.0203125 0.021875
2 0.89921875 0.48203125 0.01953125 0.02109375
4 0.9359375 0.45078125 0.0109375 0.01796875
2 0.68203125 0.40078125 0.0109375 0.03671875
2 0.66640625 0.39453125 0.00859375 0.0234375
5 0.78828125 0.428125 0.01796875 0.0203125
2 0.02734375 0.35859375 0.01640625 0.04296875
2 0.0546875 0.3515625 0.01171875 0.034375
2 0.06328125 0.353125 0.01796875 0.04453125
2 0.0390625 0.46171875 0.0234375 0.015625
4 0.03671875 0.48984375 0.0203125 0.025
2 0.5890625 0.54375 0.0203125 0.025
4 0.66875 0.5484375 0.01328125 0.01015625
4 0.43828125 0.41484375 0.00625 0.01640625
4 0.55078125 0.4265625 0.00546875 0.01640625
4 0.540625 0.38125 0.00390625 0.01875
4 0.54375 0.38125 0.0046875 0.015625
4 0.315625 0.46484375 0.009375 0.00546875
0 0.3140625 0.471875 0.01171875 0.01171875
0 0.18125 0.61328125 0.0140625 0.0109375
0 0.275 0.67734375 0.00703125 0.01953125
4 0.27734375 0.6140625 0.009375 0.01953125
5 0.23203125 0.98203125 0.01328125 0.03515625
4 0.2515625 0.90234375 0.00546875 0.01875
2 0.3328125 0.79765625 0.02109375 0.0359375
2 0.3390625 0.13046875 0.01171875 0.04296875
2 0.4453125 0.08515625 0.028125 0.04296875