2 0.50078125 0.446875 0.01796875 0.01875
2 0.471875 0.415625 0.01953125 0.01953125
0 0.31875 0.44921875 0.0140625 0.01484375
0 0.3984375 0.46015625 0.01171875 0.01171875
4 0.38671875 0.4234375 0.01015625 0.009375
4 0.28828125 0.43125 0.01171875 0.0109375
4 0.43125 0.45078125 0.01171875 0.01171875
0 0.19375 0.35703125 0.0109375 0.02109375
0 0.153125 0.4109375 0.01328125 0.01484375
0 0.57578125 0.65 0.00625 0.0203125
0 0.6984375 0.56875 0.0140625 0.01328125
0 0.696875 0.534375 0.01015625 0.01171875
0 0.70703125 0.51015625 0.01015625 0.01328125
0 0.5640625 0.7796875 0.00703125 0.0203125
0 0.55703125 0.68984375 0.00859375 0.01875
0 0.559375 0.72734375 0.00703125 0.0234375
2 0.5671875 0.671875 0.00703125 0.02578125
2 0.5734375 0.7015625 0.00703125 0.03125
2 0.584375 0.70390625 0.00859375 0.028125
2 0.5859375 0.66875 0.00859375 0.028125
2 0.57421875 0.734375 0.009375 0.0296875
2 0.584375 0.74375 0.009375 0.03125
2 0.5734375 0.78125 0.00859375 0.034375
2 0.584375 0.78515625 0.01015625 0.03046875
2 0.56328125 0.85 0.00859375 0.0390625
2 0.56953125 0.92578125 0.00703125 0.03359375
2 0.57890625 0.934375 0.009375 0.03359375
2 0.578125 0.96953125 0.00859375 0.03125
0 0.5703125 0.97734375 0.00703125 0.0234375
0 0.571875 0.8484375 0.00625 0.02421875
2 0.56328125 0.8125 0.00859375 0.03203125
2 0.5546875 0.834375 0.00859375 0.03203125
2 0.57109375 0.81953125 0.00859375 0.03046875
2 0.58359375 0.81640625 0.009375 0.03359375
4 0.615625 0.9125 0.00703125 0.021875
4 0.56953125 0.65078125 0.0046875 0.015625
4 0.57421875 0.66796875 0.0046875 0.01484375
4 0.58046875 0.67734375 0.003125 0.01484375
4 0.56328125 0.69453125 0.00390625 0.015625
4 0.553125 0.6734375 0.0046875 0.01640625
4 0.55078125 0.65703125 0.00546875 0.01875
4 0.55546875 0.653125 0.0046875 0.01484375
4 0.56015625 0.66171875 0.0046875 0.015625
4 0.5640625 0.71640625 0.00390625 0.01796875
4 0.5609375 0.76171875 0.00546875 0.01640625
4 0.728125 0.54609375 0.01015625 0.01015625
4 0.746875 0.5515625 0.0109375 0.00859375
4 0.70625 0.53984375 0.00859375 0.00703125
4 0.6796875 0.540625 0.009375 0.01015625
4 0.68671875 0.56015625 0.00859375 0.0109375
4 0.6765625 0.56015625 0.01015625 0.01171875
4 0.6953125 0.5578125 0.009375 0.00625
4 0.69375 0.57890625 0.0109375 0.00859375
4 0.7125 0.55390625 0.00859375 0.00625
2 0.6921875 0.51796875 0.0140625 0.01171875
2 0.72109375 0.5140625 0.01796875 0.01171875
2 0.721875 0.53046875 0.01875 0.01640625
2 0.74375 0.53359375 0.01640625 0.01328125
2 0.69453125 0.5484375 0.01796875 0.01328125
2 0.76171875 0.5046875 0.02109375 0.0140625
4 0.79375 0.53359375 0.01171875 0.01015625
4 0.83828125 0.521875 0.01015625 0.01015625
0 0.87890625 0.53515625 0.01484375 0.01328125
0 0.87109375 0.48515625 0.01640625 0.01328125
3 0.884375 0.50546875 0.0234375 0.0203125
3 0.9890625 0.496875 0.02109375 0.01796875
4 0.9859375 0.4765625 0.01171875 0.01015625
4 0.98046875 0.484375 0.01171875 0.00859375
2 0.5140625 0.5828125 0.01484375 0.01875
0 0.565625 0.37578125 0.0109375 0.0140625
0 0.23984375 0.2984375 0.009375 0.01640625
2 0.19453125 0.30859375 0.01171875 0.02890625
4 0.184375 0.38671875 0.00703125 0.0140625
4 0.234375 0.39921875 0.00703125 0.01484375
4 0.17421875 0.4015625 0.01015625 0.0109375
4 0.34921875 0.57578125 0.009375 0.0140625
0 0.65546875 0.37578125 0.01171875 0.01640625
2 0.82890625 0.3421875 0.01875 0.01484375
2 0.78203125 0.33359375 0.00859375 0.02578125