0 0.28203125 0.28125 0.015625 0.028125
0 0.5015625 0.6109375 0.028125 0.025
0 0.51171875 0.6671875 0.02421875 0.028125
0 0.4359375 0.50546875 0.0234375 0.03125
0 0.39609375 0.6484375 0.01875 0.0234375
0 0.41875 0.68125 0.01640625 0.025
0 0.32109375 0.5796875 0.0140625 0.03671875
0 0.384375 0.69921875 0.01484375 0.02109375
0 0.40078125 0.69609375 0.01875 0.0203125
0 0.3984375 0.7125 0.0140625 0.0203125
0 0.384375 0.73828125 0.0109375 0.0265625
2 0.33359375 0.79921875 0.01953125 0.03984375
2 0.21015625 0.94296875 0.015625 0.05078125
3 0.25390625 0.809375 0.02109375 0.04296875
3 0.23515625 0.90703125 0.0203125 0.04375
3 0.43984375 0.58125 0.025 0.02890625
3 0.521875 0.70703125 0.03203125 0.03203125
0 0.6671875 0.79609375 0.01875 0.03203125
2 0.72578125 0.765625 0.0296875 0.03984375
2 0.803125 0.9734375 0.0234375 0.040625
0 0.78984375 0.9875 0.0203125 0.025
0 0.47890625 0.32421875 0.01796875 0.03046875
2 0.5984375 0.21953125 0.0234375 0.03203125
2 0.54921875 0.2484375 0.028125 0.0296875
2 0.515625 0.278125 0.025 0.03671875
2 0.65859375 0.15390625 0.02578125 0.03203125
2 0.2296875 0.19375 0.01953125 0.03515625
2 0.30546875 0.11796875 0.01953125 0.03828125
2 0.403125 0.1484375 0.01875 0.040625
3 0.18671875 0.2125 0.03046875 0.0390625
3 0.253125 0.24375 0.02421875 0.040625
3 0.21171875 0.259375 0.0234375 0.04296875
3 0.23203125 0.29140625 0.025 0.0390625
2 0.32578125 0.3828125 0.01328125 0.046875
3 0.61875 0.49140625 0.021875 0.02578125
3 0.66796875 0.43828125 0.03125 0.03046875
3 0.734375 0.38828125 0.0296875 0.03828125
0 0.7484375 0.91953125 0.0234375 0.03359375
4 0.80390625 0.91796875 0.0109375 0.02109375
4 0.79296875 0.86796875 0.0109375 0.01796875
4 0.81171875 0.90390625 0.01171875 0.01875
4 0.76796875 0.9765625 0.01171875 0.0203125
4 0.721875 0.93515625 0.01484375 0.02109375
2 0.72421875 0.96328125 0.02578125 0.0234375
4 0.68203125 0.89453125 0.01171875 0.01953125
2 0.75703125 0.634375 0.02421875 0.0484375
4 0.634375 0.78359375 0.01328125 0.015625
4 0.6796875 0.715625 0.01171875 0.02109375
4 0.77578125 0.82578125 0.01171875 0.01875
4 0.65703125 0.80625 0.01171875 0.02109375
2 0.63671875 0.75546875 0.0203125 0.03046875
4 0.58515625 0.640625 0.0109375 0.0203125
4 0.609375 0.70390625 0.01328125 0.01953125
4 0.571875 0.5078125 0.01015625 0.0140625
4 0.5578125 0.5515625 0.0109375 0.025
4 0.55078125 0.50390625 0.01171875 0.01796875
4 0.6453125 0.46171875 0.01171875 0.01171875
4 0.54609375 0.31796875 0.01328125 0.01796875
4 0.55078125 0.33515625 0.015625 0.01484375
4 0.55078125 0.40546875 0.00859375 0.02421875
4 0.46796875 0.37734375 0.01328125 0.01875
4 0.45546875 0.428125 0.01328125 0.01171875
4 0.44375 0.415625 0.01171875 0.015625
4 0.42734375 0.4140625 0.0109375 0.01484375
4 0.43203125 0.45546875 0.0109375 0.0140625
4 0.48203125 0.51953125 0.01171875 0.01171875
4 0.50390625 0.521875 0.01484375 0.01640625
4 0.50078125 0.540625 0.01328125 0.01796875
4 0.48125 0.58046875 0.01015625 0.01875
4 0.5109375 0.58671875 0.01015625 0.0109375
4 0.41953125 0.646875 0.01015625 0.01171875
4 0.39921875 0.67578125 0.01015625 0.01484375
4 0.37109375 0.7421875 0.009375 0.01875
4 0.36015625 0.69921875 0.00859375 0.0203125
4 0.36328125 0.6265625 0.009375 0.01796875
4 0.365625 0.56953125 0.009375 0.01796875
4 0.41171875 0.5625 0.01328125 0.015625
4 0.41796875 0.59140625 0.0140625 0.0109375
4 0.3421875 0.61953125 0.009375 0.028125
4 0.34296875 0.55859375 0.009375 0.02421875
4 0.29921875 0.6734375 0.0109375 0.02109375
4 0.30625 0.7109375 0.009375 0.021875
4 0.29375 0.81640625 0.01328125 0.02109375
4 0.32578125 0.84765625 0.01640625 0.01875
4 0.284375 0.99140625 0.009375 0.01640625
4 0.30546875 0.9140625 0.0109375 0.0265625
4 0.26796875 0.87578125 0.01171875 0.0234375
4 0.28671875 0.85703125 0.01015625 0.0234375
4 0.24609375 0.93125 0.01015625 0.02890625
4 0.22421875 0.98046875 0.01015625 0.02109375
4 0.23203125 0.990625 0.0109375 0.01875
4 0.2328125 0.884375 0.01015625 0.01640625
4 0.30703125 0.59453125 0.00859375 0.02421875
4 0.32578125 0.42109375 0.01171875 0.01640625
4 0.303125 0.4390625 0.01171875 0.01953125
4 0.3234375 0.196875 0.01171875 0.01796875
4 0.24921875 0.2140625 0.01015625 0.01875
4 0.1984375 0.16953125 0.009375 0.015625
4 0.196875 0.15703125 0.01015625 0.0109375
4 0.17421875 0.1171875 0.00625 0.02109375
4 0.1796875 0.053125 0.01171875 0.01640625
4 0.265625 0.11328125 0.01171875 0.01875
4 0.278125 0.1078125 0.01015625 0.015625
4 0.2734375 0.084375 0.01015625 0.01875
4 0.2609375 0.04609375 0.009375 0.01640625
4 0.23828125 0.08125 0.00859375 0.01875
4 0.2484375 0.07890625 0.009375 0.01640625
2 0.18828125 0.13203125 0.02109375 0.03125
4 0.14140625 0.0109375 0.01328125 0.021875
6 0.190625 0.259375 0.028125 0.05390625
4 0.41171875 0.4890625 0.009375 0.0203125
4 0.39921875 0.4296875 0.0140625 0.01484375
4 0.390625 0.40625 0.009375 0.01640625
4 0.38671875 0.36328125 0.01015625 0.021875
4 0.38359375 0.29296875 0.01484375 0.0140625
4 0.35859375 0.25390625 0.0109375 0.01953125
4 0.3609375 0.23046875 0.01015625 0.01796875
4 0.33046875 0.1484375 0.009375 0.0234375
4 0.33671875 0.3984375 0.00859375 0.02578125
4 0.628125 0.1453125 0.00703125 0.01953125
2 0.62109375 0.16328125 0.015625 0.046875
4 0.790625 0.265625 0.0140625 0.01875
4 0.85078125 0.2515625 0.01484375 0.0234375
4 0.890625 0.3453125 0.01328125 0.02578125
4 0.86875 0.184375 0.0140625 0.02421875
4 0.83203125 0.11171875 0.0140625 0.0203125
3 0.80859375 0.33125 0.02421875 0.02890625
3 0.834375 0.309375 0.034375 0.0359375
3 0.865625 0.3375 0.03046875 0.06015625
3 0.821875 0.4515625 0.03515625 0.06953125
2 0.84453125 0.38828125 0.02421875 0.04296875
2 0.86484375 0.2890625 0.0265625 0.03515625
4 0.81953125 0.5265625 0.01015625 0.0203125
4 0.77578125 0.64375 0.0109375 0.01640625
4 0.82578125 0.5984375 0.0109375 0.01796875
4 0.7734375 0.74609375 0.01171875 0.01796875
3 0.7265625 0.67578125 0.021875 0.034375
0 0.8046875 0.5046875 0.01640625 0.028125
3 0.628125 0.54453125 0.01640625 0.025
3 0.67109375 0.58203125 0.01484375 0.025
3 0.68359375 0.58984375 0.021875 0.04375
3 0.69140625 0.61171875 0.01953125 0.0359375
3 0.70546875 0.63671875 0.01875 0.04453125
2 0.85234375 0.959375 0.03125 0.04921875
4 0.1453125 0.19375 0.00625 0.01640625
4 0.14296875 0.18671875 0.009375 0.01953125
6 0.0734375 0.04140625 0.0359375 0.06015625
4 0.2703125 0.04296875 0.009375 0.01484375
4 0.2734375 0.0265625 0.009375 0.01171875
4 0.328125 0.06640625 0.00703125 0.015625
4 0.33203125 0.07265625 0.00859375 0.015625
4 0.340625 0.0765625 0.00859375 0.01484375
4 0.35078125 0.05703125 0.009375 0.01875
4 0.3609375 0.06484375 0.00859375 0.01875
4 0.340625 0.046875 0.00859375 0.01953125
4 0.33984375 0.02109375 0.01015625 0.015625
4 0.36953125 0.08203125 0.009375 0.01875
4 0.3859375 0.11171875 0.00546875 0.0203125
4 0.38046875 0.121875 0.00546875 0.01796875
4 0.37421875 0.12578125 0.00546875 0.0203125
4 0.37734375 0.1078125 0.00703125 0.015625
4 0.3609375 0.1015625 0.00625 0.01484375
4 0.35703125 0.09453125 0.00859375 0.01875
4 0.30859375 0.08359375 0.009375 0.01640625
4 0.321875 0.07578125 0.009375 0.01015625
4 0.31796875 0.08125 0.0109375 0.01015625
4 0.31640625 0.103125 0.00703125 0.015625
4 0.33671875 0.1109375 0.00703125 0.01796875
4 0.3484375 0.1015625 0.009375 0.015625
4 0.35703125 0.1234375 0.00859375 0.0109375
4 0.36484375 0.121875 0.00625 0.01953125
4 0.34609375 0.14453125 0.00859375 0.01875
4 0.33671875 0.13203125 0.00859375 0.01640625
4 0.321875 0.10625 0.00625 0.01875
4 0.32578125 0.11171875 0.00859375 0.01796875
4 0.37578125 0.1484375 0.00625 0.01953125
4 0.36953125 0.134375 0.0046875 0.01796875
4 0.41171875 0.27578125 0.00625 0.02109375
4 0.415625 0.2859375 0.00703125 0.02109375
4 0.42109375 0.28828125 0.00625 0.01875
4 0.42578125 0.29609375 0.00546875 0.01875
4 0.4359375 0.29609375 0.0046875 0.0203125
4 0.43046875 0.29296875 0.0046875 0.01796875
4 0.45390625 0.28828125 0.01015625 0.01328125
4 0.46171875 0.2828125 0.0046875 0.01796875
4 0.45625 0.30078125 0.00859375 0.0140625
4 0.47109375 0.28203125 0.00859375 0.01484375
4 0.47578125 0.2734375 0.00703125 0.015625
4 0.48046875 0.29375 0.00703125 0.01640625
4 0.49453125 0.2765625 0.00859375 0.02109375
4 0.51328125 0.2515625 0.00859375 0.015625
4 0.56171875 0.20390625 0.0046875 0.01953125
4 0.5890625 0.19921875 0.00546875 0.01875
4 0.60078125 0.1765625 0.00625 0.01796875
4 0.6078125 0.159375 0.00546875 0.01875
4 0.59375 0.1796875 0.00625 0.01875
4 0.5890625 0.17734375 0.00546875 0.01796875
4 0.58515625 0.18359375 0.00546875 0.01328125
4 0.58203125 0.1890625 0.00625 0.01796875
4 0.578125 0.19453125 0.00625 0.01796875
4 0.57421875 0.196875 0.00625 0.01875
4 0.55390625 0.1875 0.00703125 0.01875
4 0.5484375 0.19375 0.009375 0.01953125
4 0.6078125 0.13359375 0.00703125 0.01953125
4 0.634375 0.14140625 0.0046875 0.01875
4 0.6390625 0.13671875 0.00546875 0.01875
4 0.646875 0.13203125 0.0046875 0.01796875
4 0.653125 0.12890625 0.0046875 0.01796875
4 0.659375 0.128125 0.00546875 0.01875
4 0.6640625 0.12578125 0.0046875 0.015625
4 0.678125 0.13203125 0.01015625 0.0140625
4 0.66875 0.121875 0.00546875 0.01796875
4 0.67421875 0.11640625 0.00546875 0.01953125
4 0.67890625 0.1140625 0.00546875 0.01796875
4 0.6828125 0.11171875 0.00546875 0.0203125
4 0.68671875 0.10703125 0.00546875 0.01796875
4 0.76953125 0.03515625 0.00625 0.0203125
4 0.77578125 0.03046875 0.00703125 0.0203125
3 0.628125 0.5109375 0.021875 0.03828125
3 0.665625 0.56796875 0.01953125 0.034375
3 0.6984375 0.41875 0.02890625 0.03671875
3 0.71640625 0.64921875 0.02578125 0.04296875
4 0.74921875 0.3734375 0.00546875 0.01796875
4 0.80859375 0.64921875 0.01015625 0.01484375
4 0.81640625 0.63515625 0.009375 0.0109375
4 0.771875 0.5796875 0.01015625 0.01171875
4 0.775 0.571875 0.0109375 0.0109375
4 0.77734375 0.56640625 0.0140625 0.009375
4 0.784375 0.5546875 0.01171875 0.009375
4 0.78828125 0.5453125 0.01171875 0.01328125
4 0.790625 0.534375 0.01171875 0.00859375
4 0.7921875 0.52890625 0.01328125 0.00859375
4 0.79375 0.521875 0.01328125 0.009375
4 0.8671875 0.4703125 0.00859375 0.01796875
4 0.86640625 0.48828125 0.01328125 0.0109375
4 0.88828125 0.41328125 0.01171875 0.01640625
4 0.8890625 0.4328125 0.01015625 0.01171875
4 0.89296875 0.42421875 0.0140625 0.01015625
4 0.90234375 0.39375 0.01015625 0.01875
4 0.9140625 0.3640625 0.00859375 0.01484375
4 0.9203125 0.34921875 0.00859375 0.015625
4 0.925 0.3390625 0.00625 0.01875
4 0.93203125 0.33125 0.00859375 0.01484375
4 0.7734375 0.77109375 0.01328125 0.0140625
4 0.78046875 0.7359375 0.01015625 0.01171875
4 0.78359375 0.7265625 0.01015625 0.01015625
4 0.7859375 0.7203125 0.009375 0.009375
4 0.79453125 0.69296875 0.01171875 0.01015625
4 0.78984375 0.7078125 0.01171875 0.01015625
4 0.7078125 0.975 0.015625 0.02109375
6 0.565625 0.95546875 0.04296875 0.0609375
4 0.60546875 0.84453125 0.0046875 0.01796875
4 0.60078125 0.840625 0.00703125 0.01875
4 0.6140625 0.52890625 0.00859375 0.0140625
4 0.30859375 0.5625 0.00703125 0.0203125
4 0.28359375 0.653125 0.00703125 0.01875
3 0.278125 0.68125 0.01484375 0.02890625
4 0.24609375 0.77421875 0.01171875 0.01171875
4 0.22578125 0.84765625 0.0140625 0.00859375
4 0.228125 0.83203125 0.01171875 0.01015625
4 0.234375 0.8125 0.0109375 0.0109375
4 0.2359375 0.803125 0.01328125 0.0109375
4 0.21953125 0.859375 0.009375 0.01328125