1 0.221875 0.6640625 0.05625 0.02890625
1 0.27890625 0.65859375 0.05546875 0.03046875
4 0.27265625 0.6890625 0.01171875 0.01015625
4 0.3390625 0.69296875 0.0109375 0.009375
4 0.37421875 0.66953125 0.01015625 0.00859375
4 0.47265625 0.653125 0.00625 0.015625
4 0.478125 0.6234375 0.00546875 0.015625
0 0.471875 0.5765625 0.009375 0.0234375
2 0.51640625 0.44375 0.01015625 0.03671875
4 0.00703125 0.915625 0.01015625 0.01328125
0 0.065625 0.93125 0.015625 0.01484375
0 0.140625 0.9546875 0.01171875 0.015625
4 0.140625 0.93359375 0.01015625 0.01171875
4 0.11171875 0.88359375 0.0140625 0.00859375
2 0.053125 0.815625 0.021875 0.01796875
4 0.04375 0.79453125 0.01328125 0.0109375
4 0.08046875 0.7921875 0.01328125 0.01015625
4 0.15078125 0.80390625 0.01171875 0.00859375
4 0.2265625 0.78046875 0.0140625 0.0140625
4 0.2625 0.76796875 0.01171875 0.01015625
4 0.2953125 0.79296875 0.01171875 0.0109375
4 0.41171875 0.77734375 0.0109375 0.0109375
4 0.44609375 0.81953125 0.00859375 0.01484375
4 0.46953125 0.8 0.00703125 0.01328125
4 0.49453125 0.7984375 0.00703125 0.01484375
2 0.48203125 0.90703125 0.025 0.021875
4 0.4765625 0.40703125 0.00546875 0.01640625
4 0.53046875 0.47578125 0.00546875 0.01953125
4 0.47421875 0.32578125 0.0046875 0.01875
4 0.51796875 0.28515625 0.0046875 0.01640625
4 0.4734375 0.22109375 0.00703125 0.01875
4 0.4703125 0.16484375 0.00546875 0.0203125
4 0.51796875 0.1484375 0.00546875 0.02109375
3 0.5296875 0.1484375 0.009375 0.03359375
4 0.56328125 0.78984375 0.0109375 0.01328125
4 0.5953125 0.79296875 0.01015625 0.01171875
3 0.625 0.8234375 0.03046875 0.021875
4 0.6421875 0.75390625 0.01015625 0.01015625
4 0.659375 0.859375 0.01171875 0.01171875
4 0.72265625 0.78359375 0.01015625 0.01328125
4 0.75078125 0.76484375 0.00859375 0.00859375
4 0.7515625 0.78984375 0.01015625 0.01015625
4 0.74375 0.80625 0.01015625 0.00859375
4 0.7609375 0.87109375 0.01171875 0.0109375
4 0.9296875 0.80625 0.0109375 0.01015625
4 0.9546875 0.79140625 0.0109375 0.01171875
4 0.92421875 0.86328125 0.01171875 0.01015625
4 0.9203125 0.89921875 0.01328125 0.01171875
2 0.96328125 0.86484375 0.0234375 0.0203125
0 0.703125 0.859375 0.01640625 0.01640625
4 0.76875 0.71640625 0.01171875 0.01328125
4 0.840625 0.734375 0.01328125 0.0109375
4 0.96328125 0.70625 0.0140625 0.0109375