0 0.140625 0.45546875 0.01796875 0.0234375
0 0.178125 0.4234375 0.01875 0.01875
0 0.2421875 0.44765625 0.01875 0.01875
0 0.28359375 0.43359375 0.01640625 0.01875
0 0.28359375 0.49375 0.01953125 0.02578125
4 0.14296875 0.59375 0.01484375 0.01796875
4 0.103125 0.58828125 0.015625 0.01796875
2 0.20234375 0.45234375 0.028125 0.028125
4 0.028125 0.38046875 0.02109375 0.021875
2 0.13046875 0.64609375 0.02421875 0.028125
2 0.36953125 0.4875 0.021875 0.01953125
0 0.46640625 0.47578125 0.01796875 0.03359375
0 0.53515625 0.61796875 0.01640625 0.03671875
0 0.4734375 0.5546875 0.015625 0.0359375
4 0.44296875 0.50390625 0.015625 0.01640625
4 0.5359375 0.50703125 0.00703125 0.034375
4 0.471875 0.3921875 0.01328125 0.0234375
4 0.4953125 0.3875 0.01171875 0.01875
4 0.4515625 0.3390625 0.01015625 0.0203125
4 0.51640625 0.3625 0.01328125 0.01875
4 0.528125 0.33203125 0.009375 0.015625
4 0.45859375 0.51953125 0.00703125 0.02109375
4 0.3640625 0.3640625 0.009375 0.0203125
4 0.378125 0.359375 0.00625 0.02421875
4 0.39921875 0.31875 0.00859375 0.01875
4 0.39453125 0.35546875 0.00390625 0.01953125
4 0.38828125 0.35703125 0.00546875 0.01875
4 0.40625 0.353125 0.0046875 0.02109375
4 0.415625 0.35 0.00625 0.021875
4 0.43046875 0.278125 0.009375 0.01796875
4 0.41953125 0.2796875 0.01015625 0.0109375
4 0.41796875 0.29296875 0.01015625 0.0109375
4 0.4421875 0.246875 0.01171875 0.00859375
4 0.44296875 0.27734375 0.00859375 0.01328125
4 0.4515625 0.259375 0.00859375 0.0109375
6 0.4890625 0.2859375 0.01328125 0.05
4 0.4578125 0.303125 0.0109375 0.0140625
4 0.428125 0.30859375 0.009375 0.01171875
4 0.421875 0.3234375 0.01015625 0.0140625
4 0.409375 0.31015625 0.00625 0.01484375
4 0.4390625 0.29375 0.009375 0.01171875
4 0.49609375 0.1765625 0.00703125 0.01953125
4 0.4703125 0.16328125 0.0109375 0.0109375
4 0.46796875 0.17421875 0.01015625 0.00859375
4 0.44921875 0.20546875 0.00859375 0.01171875
4 0.446875 0.22578125 0.00859375 0.0140625
2 0.48046875 0.13515625 0.015625 0.034375
2 0.5046875 0.03203125 0.01796875 0.040625
4 0.525 0.0859375 0.00859375 0.01875
0 0.50390625 0.13046875 0.01484375 0.03359375
0 0.50703125 0.16875 0.01328125 0.028125
0 0.50625 0.20546875 0.0140625 0.02578125
0 0.4609375 0.27578125 0.015625 0.02109375
0 0.52109375 0.0609375 0.01015625 0.02578125
0 0.51171875 0.05390625 0.00859375 0.02890625
0 0.61171875 0.0625 0.01171875 0.03203125
0 0.5859375 0.09609375 0.01328125 0.03046875
2 0.596875 0.04609375 0.01640625 0.0484375
4 0.59140625 0.115625 0.00703125 0.01796875
6 0.571875 0.16796875 0.034375 0.10703125
1 0.52421875 0.25703125 0.02578125 0.09921875
6 0.55234375 0.2609375 0.02578125 0.08671875
4 0.546875 0.228125 0.00625 0.015625
4 0.54140625 0.24296875 0.00546875 0.015625
4 0.53828125 0.265625 0.0046875 0.01640625
4 0.56796875 0.32734375 0.00859375 0.01640625
4 0.553125 0.30546875 0.00703125 0.01640625
4 0.56328125 0.2671875 0.00859375 0.0140625
4 0.640625 0.42109375 0.009375 0.01953125
4 0.721875 0.38984375 0.00859375 0.01796875
4 0.6078125 0.31328125 0.00625 0.01171875
4 0.61015625 0.33125 0.00625 0.0140625
4 0.61640625 0.315625 0.00703125 0.009375
4 0.61875 0.34765625 0.00546875 0.01015625
4 0.6265625 0.36640625 0.0046875 0.01484375
4 0.603125 0.52265625 0.0109375 0.0140625
4 0.62890625 0.5234375 0.01171875 0.0140625
4 0.6453125 0.49375 0.01015625 0.01171875
4 0.703125 0.49140625 0.01171875 0.00859375
4 0.67421875 0.49609375 0.0140625 0.01015625
4 0.68984375 0.5109375 0.01015625 0.01328125
4 0.6296875 0.56171875 0.01015625 0.009375
4 0.62734375 0.575 0.0109375 0.0109375
4 0.67421875 0.559375 0.01015625 0.01015625
4 0.653125 0.58125 0.00859375 0.00703125
4 0.640625 0.5953125 0.01171875 0.00703125
4 0.63203125 0.5859375 0.0109375 0.00546875
4 0.68125 0.57890625 0.0109375 0.009375
4 0.69609375 0.57890625 0.01015625 0.01015625
2 0.65546875 0.515625 0.02421875 0.01875
2 0.6515625 0.54140625 0.02578125 0.01796875
2 0.653125 0.56171875 0.02578125 0.01796875
2 0.6796875 0.53359375 0.025 0.01875
2 0.6984375 0.55859375 0.02421875 0.0234375
2 0.70703125 0.534375 0.028125 0.02109375
2 0.71796875 0.50703125 0.0234375 0.015625
2 0.73984375 0.53515625 0.02890625 0.02109375
2 0.72890625 0.559375 0.0234375 0.01484375
2 0.759375 0.55546875 0.0234375 0.01640625
2 0.7453125 0.575 0.02421875 0.01640625
0 0.7234375 0.58125 0.01640625 0.01640625
0 0.8265625 0.50703125 0.02109375 0.01953125
0 0.78828125 0.54921875 0.01796875 0.01875
0 0.81328125 0.6421875 0.0109375 0.0296875
0 0.7703125 0.5734375 0.01953125 0.01484375
4 0.74375 0.5984375 0.0109375 0.01171875
4 0.78671875 0.60546875 0.01171875 0.01953125
4 0.79296875 0.56640625 0.00859375 0.01171875
4 0.803125 0.54375 0.009375 0.009375
4 0.834375 0.5875 0.01171875 0.01484375
4 0.8734375 0.58671875 0.0140625 0.015625
4 0.9171875 0.53828125 0.01328125 0.01875
4 0.9234375 0.58828125 0.01328125 0.01484375
4 0.759375 0.59921875 0.01171875 0.0140625
4 0.7359375 0.63125 0.015625 0.01171875
4 0.73671875 0.65859375 0.009375 0.0109375
4 0.728125 0.60625 0.009375 0.01640625
4 0.80390625 0.56171875 0.009375 0.015625
4 0.78828125 0.4796875 0.01171875 0.01953125
4 0.796875 0.3375 0.00625 0.03203125
4 0.809375 0.33359375 0.00625 0.02421875
4 0.83828125 0.3359375 0.00859375 0.0234375
4 0.85234375 0.32578125 0.00625 0.01875
4 0.78125 0.39140625 0.00703125 0.01875
4 0.7890625 0.390625 0.00703125 0.0234375
4 0.834375 0.3875 0.00703125 0.0234375
4 0.85625 0.3859375 0.00546875 0.0203125
4 0.87109375 0.384375 0.00546875 0.02109375
4 0.896875 0.38203125 0.00703125 0.01640625
4 0.93515625 0.33046875 0.009375 0.0234375
4 0.909375 0.32734375 0.00859375 0.01796875
4 0.89296875 0.33046875 0.00859375 0.01328125
2 0.8734375 0.4390625 0.0265625 0.03203125
2 0.7640625 0.43203125 0.02890625 0.0296875
2 0.83515625 0.53515625 0.02578125 0.0234375
2 0.82734375 0.56328125 0.03046875 0.021875
2 0.85703125 0.5640625 0.025 0.025
1 0.78671875 0.5203125 0.05859375 0.0359375
2 0.96640625 0.44296875 0.03828125 0.03671875
2 0.76484375 0.709375 0.02578125 0.0609375
2 0.740625 0.83671875 0.0296875 0.046875