2 0.48046875 0.58046875 0.02890625 0.028125
2 0.4640625 0.38671875 0.0203125 0.03046875
2 0.328125 0.37578125 0.01171875 0.03984375
2 0.38828125 0.39140625 0.01953125 0.0484375
2 0.7484375 0.175 0.03046875 0.03125
0 0.88828125 0.2203125 0.0203125 0.03125
0 0.58359375 0.45859375 0.01640625 0.02890625
0 0.5328125 0.47734375 0.01875 0.02578125
0 0.33828125 0.634375 0.01640625 0.03203125
0 0.39375 0.7171875 0.01796875 0.025
0 0.35078125 0.79765625 0.015625 0.03671875
0 0.2890625 0.9640625 0.01640625 0.03359375
2 0.36015625 0.25078125 0.01953125 0.03984375
3 0.253125 0.796875 0.025 0.03671875
4 0.309375 0.2609375 0.009375 0.0203125
4 0.41171875 0.33046875 0.00859375 0.01640625
4 0.4421875 0.315625 0.01171875 0.01328125
4 0.43671875 0.33203125 0.01484375 0.01640625
4 0.43046875 0.3625 0.009375 0.02421875
4 0.36015625 0.375 0.0140625 0.0203125
4 0.5484375 0.34921875 0.0140625 0.03046875
4 0.59375 0.29453125 0.01640625 0.01484375
4 0.6015625 0.40390625 0.0109375 0.0234375
4 0.50625 0.43828125 0.01171875 0.0203125
4 0.4859375 0.53203125 0.01328125 0.0234375
4 0.4265625 0.553125 0.01171875 0.0203125
4 0.40625 0.49609375 0.0140625 0.02109375
4 0.43125 0.49609375 0.01328125 0.021875
4 0.45859375 0.5234375 0.01328125 0.0203125
4 0.35859375 0.49921875 0.01328125 0.0234375
4 0.36484375 0.565625 0.01171875 0.02578125
4 0.38671875 0.56640625 0.01171875 0.021875
4 0.421875 0.65859375 0.0140625 0.02578125
4 0.53046875 0.625 0.01484375 0.02109375
4 0.5640625 0.57890625 0.01171875 0.0234375
4 0.5484375 0.68671875 0.01171875 0.0265625
4 0.565625 0.70859375 0.0140625 0.021875
4 0.60234375 0.73359375 0.01171875 0.0265625
4 0.50078125 0.6109375 0.01171875 0.03046875
4 0.509375 0.5765625 0.009375 0.028125
4 0.51796875 0.5421875 0.009375 0.0234375
4 0.43671875 0.5484375 0.0109375 0.025
4 0.38203125 0.684375 0.01328125 0.01796875
4 0.315625 0.709375 0.0140625 0.02421875
0 0.3453125 0.728125 0.01328125 0.03671875
4 0.66015625 0.79921875 0.01640625 0.0203125
4 0.6328125 0.77265625 0.01328125 0.01875
4 0.64921875 0.66953125 0.0109375 0.01640625
4 0.67109375 0.690625 0.0109375 0.01875
4 0.63671875 0.66953125 0.01015625 0.01875
4 0.73203125 0.79609375 0.01328125 0.01796875
4 0.746875 0.94140625 0.01171875 0.01796875
4 0.76953125 0.94140625 0.01015625 0.01875
4 0.790625 0.9515625 0.01484375 0.01640625
4 0.7875 0.86953125 0.01328125 0.01875
4 0.69609375 0.86328125 0.01171875 0.01796875
4 0.75390625 0.6734375 0.01328125 0.01953125
4 0.7765625 0.696875 0.01015625 0.02578125
4 0.81875 0.53046875 0.01171875 0.0203125
4 0.853125 0.4453125 0.0140625 0.021875
4 0.9109375 0.33046875 0.01796875 0.02421875
4 0.76484375 0.30546875 0.01171875 0.01796875
4 0.740625 0.3140625 0.01484375 0.01953125
4 0.69453125 0.39375 0.0140625 0.01796875
4 0.63828125 0.38671875 0.0140625 0.01640625
4 0.6109375 0.41875 0.01015625 0.01796875
4 0.67421875 0.20703125 0.01171875 0.01953125
4 0.66875 0.19296875 0.01171875 0.01328125
4 0.70078125 0.19375 0.01171875 0.01875
4 0.70234375 0.16875 0.01328125 0.01796875
4 0.721875 0.16953125 0.015625 0.01875
4 0.78203125 0.128125 0.0140625 0.01796875
4 0.54765625 0.303125 0.0109375 0.0140625
4 0.54765625 0.28515625 0.01328125 0.01640625
4 0.4703125 0.3609375 0.01484375 0.01328125
4 0.51953125 0.459375 0.01171875 0.015625
4 0.5140625 0.484375 0.01015625 0.015625
4 0.53984375 0.50546875 0.00859375 0.01640625
4 0.54453125 0.52734375 0.01015625 0.01640625
4 0.53203125 0.5546875 0.00859375 0.0234375
4 0.56015625 0.5578125 0.01640625 0.01484375
4 0.47890625 0.45625 0.01015625 0.021875
4 0.4484375 0.403125 0.01015625 0.015625
4 0.4390625 0.37890625 0.00859375 0.01953125
4 0.41171875 0.4578125 0.00859375 0.01953125
4 0.43671875 0.478125 0.0140625 0.01484375
4 0.40546875 0.47109375 0.009375 0.01796875
4 0.3953125 0.49609375 0.01015625 0.02109375
4 0.38203125 0.51328125 0.0109375 0.01953125
4 0.403125 0.553125 0.01171875 0.015625
4 0.403125 0.56875 0.015625 0.015625
4 0.31875 0.646875 0.0109375 0.02109375
4 0.33515625 0.7765625 0.00859375 0.01953125
4 0.3453125 0.7671875 0.009375 0.01875
4 0.3234375 0.840625 0.00703125 0.0234375
4 0.31875 0.828125 0.009375 0.01953125
4 0.309375 0.85390625 0.00859375 0.01875
4 0.25546875 0.90859375 0.00859375 0.02421875
4 0.2921875 0.90703125 0.009375 0.02109375
4 0.30078125 0.90390625 0.0109375 0.01796875
4 0.2375 0.934375 0.01015625 0.025
4 0.22109375 0.9140625 0.01015625 0.02421875
4 0.27578125 0.96171875 0.009375 0.02109375
4 0.3234375 0.57421875 0.0109375 0.0234375
4 0.31171875 0.1890625 0.01171875 0.01640625
4 0.3140625 0.16171875 0.0109375 0.02109375
2 0.55078125 0.24375 0.0234375 0.03046875
2 0.51796875 0.27109375 0.0234375 0.03203125
2 0.6609375 0.1484375 0.02109375 0.028125
4 0.86171875 0.05859375 0.01328125 0.015625
4 0.84921875 0.0796875 0.01328125 0.01796875
2 0.721875 0.959375 0.02578125 0.028125
0 0.6203125 0.46328125 0.0140625 0.0234375
2 0.23203125 0.184375 0.02109375 0.034375
2 0.190625 0.121875 0.02109375 0.03203125
2 0.3078125 0.10625 0.02109375 0.03515625
4 0.1734375 0.03203125 0.0109375 0.01875
6 0.565625 0.9515625 0.04296875 0.07109375
4 0.490625 0.6109375 0.01171875 0.01875
2 0.4046875 0.140625 0.02109375 0.0359375
4 0.45546875 0.671875 0.01484375 0.01640625
3 0.51953125 0.703125 0.02890625 0.03515625
3 0.6921875 0.6078125 0.0203125 0.0390625
3 0.70390625 0.63203125 0.0234375 0.0359375
3 0.728125 0.6734375 0.0203125 0.03046875
3 0.6734375 0.57890625 0.01796875 0.025
3 0.6203125 0.4890625 0.015625 0.02578125
3 0.628125 0.53984375 0.0140625 0.02890625
4 0.76484375 0.6953125 0.01171875 0.0203125
4 0.77421875 0.7421875 0.009375 0.01484375
4 0.7984375 0.646875 0.009375 0.01640625
4 0.828125 0.6 0.01015625 0.0140625
2 0.7578125 0.62890625 0.0203125 0.03828125
2 0.846875 0.38828125 0.0234375 0.03984375
2 0.865625 0.28671875 0.0234375 0.028125
4 0.8546875 0.26171875 0.01484375 0.01796875
4 0.65078125 0.253125 0.01328125 0.01484375
4 0.7515625 0.37109375 0.00703125 0.02109375
4 0.646875 0.45859375 0.01328125 0.01015625
3 0.671875 0.43515625 0.028125 0.03359375
3 0.8109375 0.3296875 0.0234375 0.02890625
3 0.8234375 0.44609375 0.03203125 0.0609375
3 0.8671875 0.33671875 0.0296875 0.06328125
3 0.83828125 0.30859375 0.034375 0.03828125
3 0.734375 0.3875 0.028125 0.0359375
3 0.80546875 0.503125 0.01796875 0.0296875
4 0.71875 0.9296875 0.009375 0.021875
4 0.709375 0.92890625 0.01328125 0.01875
4 0.70625 0.96953125 0.01171875 0.01953125
4 0.7515625 0.9921875 0.01328125 0.015625
4 0.603125 0.83984375 0.00703125 0.01640625
4 0.48203125 0.5609375 0.01328125 0.01328125
3 0.1890625 0.203125 0.02421875 0.03359375
3 0.253125 0.23203125 0.01953125 0.03515625
3 0.23359375 0.2828125 0.0265625 0.04375
3 0.21328125 0.2484375 0.0203125 0.0390625
6 0.19140625 0.24921875 0.0296875 0.05390625
3 0.63046875 0.50390625 0.021875 0.0296875
3 0.66796875 0.559375 0.01953125 0.02890625
3 0.68359375 0.58828125 0.02109375 0.04375
3 0.71640625 0.64609375 0.02578125 0.04453125
4 0.78203125 0.72421875 0.009375 0.0109375
4 0.78125 0.73359375 0.009375 0.00703125
4 0.79140625 0.7 0.009375 0.009375
4 0.79921875 0.684375 0.01015625 0.01953125
4 0.8 0.66953125 0.01171875 0.01640625
4 0.8078125 0.6484375 0.009375 0.02421875
4 0.78515625 0.5515625 0.01171875 0.01328125
4 0.78984375 0.54375 0.01171875 0.0140625
4 0.77890625 0.5625 0.01171875 0.01484375
4 0.8265625 0.56796875 0.0109375 0.01484375
4 0.81640625 0.6328125 0.00859375 0.01171875
4 0.865625 0.46953125 0.00859375 0.0234375
4 0.86796875 0.48671875 0.01328125 0.015625
4 0.81171875 0.4828125 0.0109375 0.015625
4 0.90546875 0.396875 0.01015625 0.0234375
4 0.89375 0.42265625 0.01328125 0.01328125
4 0.890625 0.43359375 0.01015625 0.0140625
4 0.790625 0.0328125 0.009375 0.01171875
4 0.78515625 0.0234375 0.00703125 0.021875
4 0.778125 0.02734375 0.00625 0.02109375
4 0.70546875 0.11328125 0.01328125 0.01171875
4 0.69453125 0.103125 0.00703125 0.01953125
4 0.6890625 0.10390625 0.00546875 0.01640625
4 0.6796875 0.12890625 0.0109375 0.01171875
4 0.68359375 0.10859375 0.00625 0.02109375
4 0.671875 0.115625 0.00546875 0.01953125
4 0.66796875 0.121875 0.00546875 0.01953125
4 0.66171875 0.12421875 0.00546875 0.02109375
4 0.65625 0.12421875 0.00703125 0.02109375
4 0.64921875 0.12890625 0.00703125 0.02578125
4 0.64140625 0.13125 0.00625 0.02578125
4 0.63203125 0.1421875 0.00703125 0.02109375
4 0.61015625 0.13046875 0.00703125 0.021875
4 0.6109375 0.15703125 0.00625 0.0203125
4 0.60390625 0.16953125 0.00546875 0.021875
4 0.590625 0.196875 0.00625 0.01875
4 0.596875 0.17578125 0.00703125 0.01875
4 0.590625 0.171875 0.00625 0.01953125
4 0.584375 0.184375 0.00546875 0.01796875
4 0.57734375 0.1828125 0.00703125 0.02109375
4 0.5828125 0.20078125 0.00390625 0.01875
4 0.54921875 0.18671875 0.00859375 0.01953125
4 0.5546875 0.18203125 0.00703125 0.01640625
4 0.5640625 0.1984375 0.00703125 0.01953125
2 0.6234375 0.15703125 0.01484375 0.040625
3 0.521875 0.21640625 0.025 0.0296875
4 0.63828125 0.184375 0.009375 0.015625
4 0.5015625 0.2609375 0.00703125 0.0234375
4 0.5140625 0.24453125 0.00859375 0.01640625
4 0.46328125 0.2796875 0.00625 0.0203125
4 0.47265625 0.278125 0.00859375 0.01953125
4 0.48046875 0.27578125 0.00703125 0.01953125
4 0.4375 0.2890625 0.00546875 0.01953125
4 0.43203125 0.28515625 0.0046875 0.02109375
4 0.4140625 0.27421875 0.00859375 0.01640625
4 0.40859375 0.259375 0.00625 0.01875
4 0.371875 0.24296875 0.01171875 0.0203125
4 0.3859375 0.228125 0.009375 0.015625
4 0.3890625 0.21171875 0.01328125 0.01484375
4 0.390625 0.18984375 0.01015625 0.021875
4 0.4046875 0.24375 0.01171875 0.01328125
4 0.36171875 0.05859375 0.009375 0.01875
4 0.35390625 0.0484375 0.01171875 0.01796875
4 0.34296875 0.03828125 0.01015625 0.021875
4 0.34375 0.06953125 0.01015625 0.01796875
4 0.37578125 0.07890625 0.009375 0.01875
4 0.37890625 0.0984375 0.009375 0.01875
4 0.3828125 0.11328125 0.00546875 0.01484375
4 0.384375 0.1265625 0.00703125 0.01796875
4 0.378125 0.11640625 0.00546875 0.01796875
4 0.3734375 0.12578125 0.00546875 0.01875
4 0.378125 0.13828125 0.00625 0.0203125
4 0.36328125 0.09375 0.00703125 0.01484375
4 0.36015625 0.08515625 0.00625 0.01640625
4 0.35234375 0.10234375 0.0046875 0.01796875
4 0.33046875 0.05625 0.00859375 0.01875
4 0.3234375 0.06484375 0.009375 0.01015625
4 0.32109375 0.071875 0.01171875 0.01015625
4 0.33125 0.075 0.00859375 0.02109375
4 0.3390625 0.1015625 0.00625 0.01640625
4 0.3453125 0.10546875 0.00703125 0.01875
4 0.35078125 0.090625 0.00859375 0.01640625
4 0.36640625 0.1140625 0.00625 0.01640625
4 0.359375 0.11328125 0.00703125 0.01484375
4 0.34921875 0.13671875 0.00703125 0.015625
4 0.35546875 0.13359375 0.00625 0.015625
4 0.3390625 0.12578125 0.009375 0.01875
4 0.23671875 0.240625 0.00859375 0.01171875
4 0.24140625 0.2375 0.00703125 0.01640625
4 0.17578125 0.10859375 0.00859375 0.0203125
4 0.1484375 0.1828125 0.01015625 0.01875
4 0.14375 0.17578125 0.009375 0.01953125
4 0.11640625 0.1171875 0.009375 0.021875
6 0.07421875 0.028125 0.03828125 0.05546875
4 0.225 0.8359375 0.01015625 0.0109375
4 0.2265625 0.8203125 0.01171875 0.0109375
4 0.23515625 0.79296875 0.00859375 0.00859375
4 0.23359375 0.80234375 0.01015625 0.0109375
4 0.24453125 0.7703125 0.009375 0.009375
4 0.23828125 0.784375 0.009375 0.01015625
3 0.278125 0.671875 0.01796875 0.03359375
4 0.246875 0.75859375 0.01171875 0.01015625
4 0.39296875 0.690625 0.009375 0.01953125
4 0.34921875 0.63828125 0.00703125 0.01640625