2 0.00546875 0.546875 0.01015625 0.015625
2 0.3359375 0.53359375 0.01796875 0.01640625
2 0.703125 0.4484375 0.01484375 0.01484375
2 0.7796875 0.428125 0.01484375 0.01796875
2 0.340625 0.29453125 0.01796875 0.01484375
2 0.4015625 0.25859375 0.01171875 0.02109375
2 0.3921875 0.22109375 0.01640625 0.01875
2 0.50625 0.33046875 0.00859375 0.03125
2 0.51796875 0.32890625 0.00859375 0.03515625
2 0.55859375 0.31953125 0.00703125 0.02890625
2 0.56796875 0.31953125 0.00859375 0.025
2 0.9609375 0.865625 0.0109375 0.02578125
2 0.9453125 0.8984375 0.00703125 0.02890625
2 0.97265625 0.915625 0.01015625 0.02421875
2 0.98671875 0.809375 0.015625 0.028125
2 0.9765625 0.85625 0.01171875 0.021875
2 0.71875 0.65390625 0.00859375 0.0234375
6 0.10546875 0.5609375 0.03125 0.02109375
6 0.965625 0.40078125 0.03984375 0.0203125
5 0.9640625 0.5609375 0.0703125 0.02421875
6 0.884375 0.63671875 0.03671875 0.0203125
5 0.7171875 0.3859375 0.04609375 0.01953125
6 0.66171875 0.38671875 0.040625 0.01953125
6 0.27890625 0.64140625 0.03046875 0.01953125
6 0.14609375 0.65078125 0.0390625 0.01953125
6 0.12109375 0.684375 0.0390625 0.025
6 0.721875 0.60546875 0.02890625 0.01640625
0 0.81953125 0.603125 0.01171875 0.01015625
0 0.79453125 0.60390625 0.01328125 0.01484375
3 0.4859375 0.4984375 0.021875 0.01796875
4 0.54765625 0.28203125 0.0046875 0.0140625
4 0.88125 0.39140625 0.00859375 0.01171875
4 0.81953125 0.5765625 0.009375 0.0109375
4 0.928125 0.59921875 0.00859375 0.0109375
3 0.75859375 0.853125 0.021875 0.01796875
3 0.71640625 0.896875 0.01015625 0.03515625
4 0.36328125 0.41640625 0.009375 0.01171875
4 0.98125 0.38515625 0.009375 0.00859375
4 0.52578125 0.28046875 0.003125 0.0140625
4 0.54296875 0.29453125 0.003125 0.01484375
4 0.56796875 0.2859375 0.0046875 0.01484375
4 0.5796875 0.30703125 0.00390625 0.01484375
4 0.5671875 0.24375 0.003125 0.01484375
4 0.53359375 0.23203125 0.00390625 0.0109375
4 0.540625 0.23125 0.0046875 0.01171875
4 0.578125 0.24453125 0.003125 0.01328125
4 0.51796875 0.28125 0.00390625 0.01328125
4 0.41328125 0.27578125 0.00390625 0.01328125
4 0.57421875 0.246875 0.00390625 0.01328125
4 0.53125 0.28359375 0.003125 0.0140625
4 0.53828125 0.3 0.003125 0.01171875
4 0.546875 0.29921875 0.003125 0.0109375
4 0.10546875 0.58359375 0.009375 0.00859375
3 0.14375 0.51640625 0.0203125 0.01640625
2 0.32578125 0.50390625 0.01640625 0.01484375
2 0.634375 0.45625 0.01640625 0.015625
4 0.94296875 0.371875 0.00859375 0.0109375
2 0.89375 0.40703125 0.01484375 0.01484375
3 0.84921875 0.415625 0.01953125 0.01796875
6 0.77421875 0.53515625 0.02890625 0.0203125
0 0.82265625 0.64296875 0.01484375 0.01484375
6 0.49453125 0.625 0.028125 0.0203125
4 0.684375 0.58671875 0.00859375 0.00859375
4 0.709375 0.58828125 0.009375 0.009375
4 0.7296875 0.5859375 0.00859375 0.01015625
0 0.5234375 0.60703125 0.01171875 0.0140625
2 0.68125 0.646875 0.00703125 0.02421875
2 0.67421875 0.63359375 0.00625 0.025
2 0.66640625 0.634375 0.00703125 0.021875
2 0.6734375 0.65625 0.00625 0.01953125
6 0.13125 0.49375 0.04453125 0.025
5 0.215625 0.4703125 0.04609375 0.01953125
1 0.03125 0.61171875 0.03671875 0.0203125
4 0.3015625 0.571875 0.009375 0.00859375
3 0.68515625 0.56953125 0.02421875 0.0203125
2 0.95859375 0.53125 0.01796875 0.01328125
2 0.928125 0.390625 0.0140625 0.01875
3 0.84296875 0.33203125 0.0109375 0.02890625