2 0.74921875 0.6890625 0.01171875 0.034375
2 0.49453125 0.590625 0.021875 0.04609375
0 0.365625 0.42734375 0.015625 0.0203125
2 0.47890625 0.50703125 0.01953125 0.01640625
2 0.51171875 0.49453125 0.02421875 0.02578125
2 0.0296875 0.53828125 0.02578125 0.0265625
2 0.07578125 0.55546875 0.0203125 0.02421875
2 0.08671875 0.7265625 0.01171875 0.03515625
2 0.096875 0.653125 0.015625 0.025
2 0.09296875 0.68671875 0.0140625 0.034375
2 0.18203125 0.61640625 0.0203125 0.01875
2 0.09453125 0.58359375 0.01796875 0.02109375
2 0.05390625 0.55234375 0.0203125 0.03046875
0 0.1828125 0.58125 0.01640625 0.02109375
4 0.0984375 0.54921875 0.01171875 0.01640625
2 0.04375 0.58046875 0.00703125 0.0296875
2 0.0546875 0.584375 0.0109375 0.034375
4 0.240625 0.59921875 0.01328125 0.015625
4 0.25234375 0.59296875 0.0109375 0.01171875
2 0.01328125 0.5671875 0.0234375 0.03359375
4 0.0578125 0.36484375 0.01484375 0.01796875
0 0.11484375 0.39609375 0.021875 0.02421875
2 0.29765625 0.46953125 0.01953125 0.0296875
4 0.31640625 0.46875 0.009375 0.00546875
1 0.35390625 0.53515625 0.05390625 0.03515625
0 0.36484375 0.4671875 0.015625 0.01796875
4 0.36796875 0.4515625 0.0140625 0.02578125
2 0.6890625 0.49453125 0.0203125 0.0234375
2 0.678125 0.53984375 0.0203125 0.01875
2 0.6765625 0.56328125 0.01796875 0.01796875
2 0.73203125 0.46015625 0.0203125 0.015625
2 0.73046875 0.6984375 0.01640625 0.03515625
0 0.76953125 0.64375 0.01015625 0.02109375
4 0.78125 0.659375 0.00546875 0.01953125
0 0.78671875 0.64140625 0.009375 0.02109375
4 0.73203125 0.66796875 0.00859375 0.00859375
4 0.73203125 0.65859375 0.01015625 0.0109375
4 0.734375 0.65078125 0.00625 0.0109375
4 0.70546875 0.6296875 0.01171875 0.00703125
4 0.7046875 0.6390625 0.00859375 0.01015625
4 0.703125 0.65703125 0.0140625 0.00859375
2 0.70546875 0.8109375 0.02890625 0.025
0 0.73046875 0.49375 0.0140625 0.01328125
4 0.76328125 0.47890625 0.01171875 0.01171875
4 0.790625 0.48984375 0.0140625 0.0140625
4 0.86328125 0.590625 0.0109375 0.01640625
0 0.878125 0.634375 0.01796875 0.01484375
2 0.9671875 0.609375 0.02109375 0.0140625
4 0.97890625 0.4859375 0.01328125 0.01015625
4 0.9609375 0.48671875 0.0140625 0.01015625
4 0.87734375 0.47578125 0.01328125 0.015625
4 0.8765625 0.49453125 0.01171875 0.01328125
4 0.89765625 0.49140625 0.0140625 0.009375
4 0.9015625 0.48046875 0.009375 0.009375
1 0.96875 0.46875 0.01875 0.01015625
0 0.81796875 0.61875 0.01015625 0.015625
2 0.42109375 0.9875 0.0078125 0.025
2 0.409375 0.90625 0.0109375 0.046875
2 0.4734375 0.98359375 0.009375 0.03203125
0 0.384375 0.82265625 0.009375 0.0234375
0 0.478125 0.86640625 0.00546875 0.0265625
0 0.48671875 0.865625 0.00859375 0.03046875
0 0.4828125 0.88203125 0.0015625 0.00078125
0 0.421875 0.98671875 0.009375 0.025
4 0.484375 0.984375 0.0046875 0.021875
4 0.49921875 0.9734375 0.009375 0.01171875
4 0.43828125 0.846875 0.0046875 0.021875
0 0.46328125 0.7984375 0.00703125 0.02109375
0 0.45390625 0.8078125 0.00703125 0.0234375
0 0.44375 0.80234375 0.00703125 0.0234375
0 0.465625 0.76484375 0.00859375 0.0203125
0 0.43125 0.79375 0.00546875 0.01953125
0 0.446875 0.7734375 0.00703125 0.0234375
4 0.4359375 0.80390625 0.00390625 0.01953125
4 0.4421875 0.7671875 0.00390625 0.01796875
4 0.428125 0.77421875 0.0046875 0.01171875
4 0.42578125 0.7921875 0.00390625 0.02109375
4 0.396875 0.83671875 0.00546875 0.01953125
0 0.3859375 0.9125 0.01015625 0.00859375
4 0.365625 0.82421875 0.00703125 0.00703125
4 0.36875 0.83515625 0.01015625 0.00703125
0 0.34453125 0.7890625 0.01171875 0.025
4 0.47734375 0.828125 0.00625 0.01953125
0 0.4296875 0.75546875 0.0046875 0.021875
2 0.43671875 0.76328125 0.0046875 0.04296875
4 0.74921875 0.4234375 0.00390625 0.01640625
4 0.75390625 0.4234375 0.003125 0.021875
4 0.75546875 0.375 0.003125 0.01875
4 0.76171875 0.38046875 0.00546875 0.01484375
4 0.7734375 0.37734375 0.00390625 0.01484375
4 0.77890625 0.38828125 0.003125 0.01171875
4 0.7921875 0.421875 0.00078125 0.009375
4 0.79453125 0.4234375 0.00390625 0.01796875
4 0.79765625 0.3765625 0.0046875 0.015625
4 0.81015625 0.37109375 0.00546875 0.01328125
4 0.8015625 0.390625 0.003125 0.0203125
4 0.825 0.42109375 0.00390625 0.015625
4 0.8484375 0.42109375 0.003125 0.0140625
4 0.85390625 0.421875 0.0046875 0.01796875
4 0.8453125 0.3765625 0.00390625 0.0140625
4 0.80625 0.3890625 0.0046875 0.01796875
4 0.8015625 0.39296875 0.0046875 0.01640625
4 0.834375 0.39140625 0.003125 0.01171875
4 0.8484375 0.4375 0.01015625 0.00859375
4 0.64375 0.45859375 0.01796875 0.02421875
0 0.66796875 0.4796875 0.0140625 0.0140625
4 0.5546875 0.465625 0.01171875 0.015625
2 0.54453125 0.49609375 0.0203125 0.01875
0 0.51796875 0.4671875 0.01640625 0.0203125
4 0.490625 0.47265625 0.01015625 0.0109375
4 0.48046875 0.459375 0.01328125 0.01015625
4 0.57265625 0.48671875 0.00859375 0.01015625
4 0.5703125 0.46953125 0.00859375 0.01015625
4 0.578125 0.45546875 0.00703125 0.009375
4 0.5890625 0.45859375 0.00859375 0.009375
4 0.59140625 0.4890625 0.00859375 0.0109375
2 0.603125 0.478125 0.0203125 0.01796875
2 0.61484375 0.496875 0.015625 0.0109375
2 0.625 0.528125 0.01875 0.01328125
2 0.62578125 0.55234375 0.01875 0.01328125
2 0.64921875 0.5515625 0.01796875 0.01328125
4 0.61640625 0.56796875 0.009375 0.00390625
4 0.615625 0.57578125 0.009375 0.00859375
4 0.6265625 0.565625 0.009375 0.00390625
4 0.62578125 0.57734375 0.00703125 0.00546875
4 0.6328125 0.57109375 0.00859375 0.00546875
4 0.6359375 0.58125 0.00625 0.01171875
0 0.62265625 0.5890625 0.01171875 0.00546875
2 0.65234375 0.56875 0.01640625 0.01171875
4 0.65078125 0.584375 0.0109375 0.01015625
4 0.6578125 0.49453125 0.00625 0.00625
4 0.65390625 0.5125 0.00859375 0.00859375
4 0.6625 0.5125 0.00859375 0.0109375
4 0.6703125 0.52578125 0.009375 0.01015625
4 0.621875 0.47109375 0.00859375 0.0109375
0 0.640625 0.490625 0.01328125 0.01171875
0 0.5984375 0.42734375 0.00703125 0.021875
4 0.51875 0.36953125 0.00546875 0.0140625
4 0.5984375 0.34921875 0.00859375 0.0109375
4 0.60703125 0.34921875 0.00546875 0.0109375
4 0.60078125 0.365625 0.00625 0.009375
4 0.60859375 0.3609375 0.00546875 0.00703125
4 0.609375 0.38125 0.00703125 0.00546875
0 0.5765625 0.30390625 0.00625 0.01796875
4 0.56640625 0.32421875 0.003125 0.015625
4 0.5578125 0.334375 0.003125 0.015625
6 0.5427083328125 0.32824074062499997 0.5494791671875 0.3365740734375 0.5536458328125 0.33194444375 0.5694079484375 0.26270428749999997 0.5625367234375 0.2519497171875 0.5597882328125 0.2548827703125 0.5453125 0.3125 0.5427083328125 0.32824074062499997
2 0.5270833328125 0.31805555625 0.5299479171875 0.3231481484375 0.5385416671875001 0.32453703749999996 0.5552083328124999 0.2328703703125 0.5549479171875 0.2296296296875 0.5471354171875 0.225 0.5421875 0.228240740625 0.5270833328125 0.3125 0.5270833328125 0.31805555625
4 0.4984375 0.246875 0.00546875 0.01328125
1 0.5049479171875 0.2379629625 0.5140625 0.241203703125 0.5255208328125 0.1893518515625 0.5252604171875 0.18148148125000002 0.51796875 0.177777778125 0.5119791671875 0.18842592656249998 0.5020833328125 0.23101851875 0.5049479171875 0.2379629625
2 0.48645833281249995 0.1949074078125 0.48828125 0.20277777812500003 0.4921875 0.203240740625 0.49427083281249995 0.20138888906250002 0.4973958328125 0.184722221875 0.4973958328125 0.178240740625 0.49453125 0.175 0.49010416718750005 0.1773148140625 0.48645833281249995 0.1949074078125
4 0.48203125 0.21328125 0.00859375 0.0109375
4 0.46796875 0.35546875 0.00859375 0.0109375
4 0.48203125 0.3203125 0.00546875 0.015625
4 0.38984375 0.38359375 0.00390625 0.015625
4 0.4 0.3796875 0.00390625 0.0203125
4 0.40859375 0.378125 0.003125 0.015625
4 0.41328125 0.37890625 0.003125 0.01875
4 0.41640625 0.378125 0.0015625 0.015625
4 0.41953125 0.3765625 0.00390625 0.01875
4 0.42421875 0.3765625 0.003125 0.015625
4 0.43203125 0.371875 0.0046875 0.01484375
4 0.41843348281250003 0.338912675 0.4168709828125 0.338912675 0.4158293171875 0.3398386015625 0.41556889999999996 0.342153415625 0.41608973281250006 0.34307934218749997 0.419830553125 0.34755602812499997 0.4189543171875 0.3509497125 0.4212980671875 0.3504867484375 0.4218189 0.34863489687500004 0.4218189 0.3412274890625 0.4212980671875 0.3393756375 0.4205168171875 0.3379867484375 0.4189543171875 0.3379867484375 0.41843348281250003 0.338912675
4 0.4375 0.31328125 0.00859375 0.00625
4 0.43515625 0.32421875 0.00859375 0.00859375
4 0.43359375 0.33828125 0.0046875 0.01640625
4 0.42890625 0.33984375 0.0046875 0.01484375
4 0.42421875 0.3421875 0.00390625 0.01171875
4 0.4453125 0.3390625 0.00703125 0.009375
4 0.44289244375000003 0.3537860421875 0.44283476874999994 0.35375526874999996 0.44302090468750005 0.3520999421875 0.4387683671875 0.3421833328125 0.434818146875 0.348589228125 0.442602396875 0.35726817187500004 0.44289244375000003 0.3537860421875
4 0.4453125 0.31171875 0.00625 0.0109375
4 0.44921875 0.303125 0.00546875 0.00625
4 0.44921875 0.29609375 0.00859375 0.00546875
4 0.45703125 0.28828125 0.00703125 0.00625
4 0.46640625 0.2953125 0.00703125 0.01171875
4 0.46171875 0.26796875 0.00703125 0.01015625
4 0.46484375 0.2515625 0.00546875 0.00859375
4 0.453125 0.34609375 0.00625 0.01171875
4 0.45078125 0.33359375 0.00703125 0.00703125
4 0.453125 0.3265625 0.00546875 0.00703125
4 0.45390625 0.31796875 0.00546875 0.01015625
4 0.459375 0.31328125 0.00546875 0.009375
0 0.4760416671875 0.3013888890625 0.4752604171875 0.3 0.47265625 0.3 0.4721354171875 0.29907407343750003 0.47109375 0.29907407343750003 0.4703125 0.30046296250000004 0.46875 0.30601851875 0.46875 0.3078703703125 0.4671875 0.3125 0.4671875 0.315277778125 0.46968816249999995 0.32374999843749996 0.4728402328125 0.3229194484375 0.4741244171875 0.3204277984375 0.47447916718750005 0.316203703125 0.475 0.3125 0.4770833328125 0.30601851875 0.4765625 0.30509259218749996 0.4760416671875 0.3013888890625
4 0.4078125 0.5546875 0.01171875 0.00859375
4 0.3921875 0.50703125 0.00859375 0.009375
2 0.4015625 0.47265625 0.01328125 0.0109375
4 0.425 0.4859375 0.00859375 0.01015625
2 0.4328125 0.51953125 0.01953125 0.02109375
2 0.45078125 0.490625 0.01875 0.01171875
4 0.43515625 0.47109375 0.009375 0.00546875
4 0.46015625 0.47109375 0.009375 0.009375
4 0.44453125 0.36875 0.00703125 0.01015625
4 0.43671875 0.3640625 0.00859375 0.01640625
6 0.565625 0.2236111109375 0.5651041671875 0.23101851875 0.5619662875 0.24834801875 0.5729166671875 0.24305555625 0.5848958328125 0.19398148125 0.5846354171875 0.178703703125 0.58203125 0.1824074078125 0.5768229171875 0.178703703125 0.5739583328125 0.184722221875 0.565625 0.2236111109375
6 0.5916666671875 0.09953703750000001 0.5848958328125 0.13194444375 0.5796875 0.1671296296875 0.5859375 0.1708333328125 0.5890625 0.16805555625 0.5921875 0.1578703703125 0.603125 0.1115740734375 0.6036458328125 0.1041666671875 0.6002604171875 0.1 0.5916666671875 0.09953703750000001
2 0.5140625 0.10625 0.015625 0.03125
6 0.6026041671875 0.04305555625 0.5947916671875 0.0893518515625 0.5966145828125 0.0953703703125 0.6005208328125 0.0976851859375 0.6067708328125 0.09305555625 0.6166666671875001 0.0513888890625 0.6197916671875 0.028240740625 0.61640625 0.019444443750000002 0.6106770828125 0.019444443750000002 0.6026041671875 0.04305555625
0 0.44609375 0.72578125 0.00703125 0.02890625
0 0.44296875 0.696875 0.009375 0.01875
0 0.4578125 0.72421875 0.00703125 0.021875
0 0.46953125 0.69765625 0.00546875 0.03125
4 0.46328125 0.69453125 0.0046875 0.025
2 0.4734375 0.72890625 0.00546875 0.02109375