2 0.03828125 0.53671875 0.0140625 0.0453125
2 0.01875 0.678125 0.028125 0.02109375
2 0.2265625 0.48359375 0.01015625 0.04375
2 0.22421875 0.51640625 0.01171875 0.0296875
2 0.31171875 0.64453125 0.021875 0.0265625
2 0.05859375 0.63828125 0.0203125 0.02578125
2 0.42421875 0.4734375 0.01171875 0.03671875
2 0.46328125 0.46640625 0.01171875 0.040625
2 0.421875 0.51328125 0.009375 0.03828125
2 0.54609375 0.5015625 0.0140625 0.03203125
2 0.56328125 0.4515625 0.02109375 0.0234375
2 0.39375 0.84140625 0.00859375 0.02421875
2 0.39609375 0.8640625 0.01640625 0.01953125
2 0.39375 0.88125 0.015625 0.0203125
2 0.39296875 0.946875 0.01640625 0.02578125
2 0.4578125 0.90859375 0.00859375 0.03125
2 0.3984375 0.7734375 0.0140625 0.03984375
2 0.5453125 0.7375 0.01640625 0.0359375
2 0.54296875 0.76875 0.01796875 0.02890625
2 0.5328125 0.734375 0.0109375 0.03828125
2 0.45625 0.415625 0.01171875 0.03046875
2 0.5671875 0.97421875 0.01640625 0.01796875
2 0.56640625 0.990625 0.01796875 0.01640625
2 0.2375 0.65078125 0.01484375 0.02421875
2 0.53046875 0.84921875 0.009375 0.034375
2 0.5765625 0.49375 0.0203125 0.01875
2 0.215625 0.38671875 0.01484375 0.0390625
2 0.2171875 0.303125 0.01015625 0.03359375
2 0.23359375 0.25234375 0.01171875 0.03359375
2 0.1984375 0.7203125 0.01640625 0.02109375
2 0.5234375 0.34765625 0.01640625 0.025
2 0.4515625 0.20703125 0.009375 0.03671875
0 0.0546875 0.6671875 0.01640625 0.01796875
0 0.22578125 0.67890625 0.01484375 0.0140625
0 0.3984375 0.60546875 0.0109375 0.021875
0 0.39609375 0.709375 0.01796875 0.01796875
0 0.44921875 0.65625 0.015625 0.021875
0 0.440625 0.5015625 0.0109375 0.025
0 0.4515625 0.54140625 0.00859375 0.0296875
0 0.46640625 0.56328125 0.009375 0.02421875
0 0.5234375 0.78203125 0.01015625 0.03046875
0 0.515625 0.85234375 0.01015625 0.0359375
0 0.52890625 0.88828125 0.01015625 0.02421875
0 0.5296875 0.96015625 0.01171875 0.0265625
0 0.540625 0.96015625 0.01171875 0.0296875
0 0.53203125 0.9828125 0.01171875 0.025
0 0.54609375 0.5703125 0.00859375 0.03046875
0 0.53671875 0.796875 0.01015625 0.03125
0 0.5421875 0.81484375 0.01171875 0.02890625
0 0.54453125 0.83671875 0.00859375 0.0234375
0 0.5453125 0.859375 0.00859375 0.03046875
0 0.5453125 0.88203125 0.0109375 0.01953125
0 0.39296875 0.92421875 0.01171875 0.01640625
0 0.37578125 0.621875 0.01171875 0.0140625
2 0.43515625 0.409375 0.01171875 0.0359375
3 0.52734375 0.4328125 0.01328125 0.02578125
0 0.153125 0.69609375 0.01328125 0.01640625
4 0.11484375 0.6453125 0.01328125 0.01171875
4 0.11640625 0.65703125 0.015625 0.0140625
4 0.0296875 0.69296875 0.015625 0.01484375
4 0.15859375 0.67421875 0.015625 0.01015625
4 0.1765625 0.6765625 0.009375 0.01796875
4 0.190625 0.69296875 0.01171875 0.0109375
4 0.2390625 0.69453125 0.0109375 0.0140625
4 0.246875 0.68125 0.009375 0.01953125
4 0.26875 0.67890625 0.0140625 0.015625
4 0.34921875 0.6296875 0.01171875 0.015625
4 0.35546875 0.6015625 0.01171875 0.01328125
4 0.36796875 0.63828125 0.01328125 0.01171875
4 0.384375 0.6359375 0.01328125 0.01640625
4 0.37890625 0.60546875 0.00625 0.01171875
4 0.3859375 0.60625 0.0046875 0.01953125
4 0.41328125 0.61328125 0.00859375 0.0140625
4 0.44296875 0.59140625 0.01015625 0.02578125
4 0.42890625 0.5796875 0.00703125 0.01953125
4 0.45859375 0.4921875 0.00859375 0.01796875
4 0.44453125 0.525 0.00859375 0.0203125
4 0.43828125 0.5515625 0.009375 0.01953125
4 0.44375 0.54921875 0.00859375 0.01796875
4 0.45703125 0.55703125 0.00625 0.02890625
4 0.459375 0.5984375 0.0109375 0.01640625
4 0.4640625 0.61171875 0.009375 0.015625
4 0.46328125 0.64609375 0.00859375 0.0234375
4 0.453125 0.63671875 0.009375 0.0140625
4 0.45390625 0.62109375 0.01171875 0.01015625
4 0.44609375 0.72734375 0.009375 0.025
4 0.45703125 0.74609375 0.00703125 0.021875
4 0.44609375 0.75546875 0.01171875 0.02421875
4 0.43984375 0.775 0.01171875 0.025
4 0.440625 0.878125 0.01171875 0.021875
4 0.446875 0.92890625 0.01328125 0.0234375
4 0.440625 0.94453125 0.009375 0.0265625
3 0.434375 0.95234375 0.0109375 0.02421875
1 0.52109375 0.5859375 0.01484375 0.09609375
2 0.51953125 0.49140625 0.00859375 0.03984375
4 0.321875 0.70546875 0.00859375 0.01171875
4 0.51328125 0.73359375 0.00859375 0.01796875
4 0.51953125 0.7296875 0.0109375 0.02421875
4 0.54140625 0.6109375 0.00859375 0.02578125
4 0.534375 0.6078125 0.009375 0.01953125
4 0.55 0.5234375 0.00859375 0.02421875
4 0.55390625 0.5484375 0.00859375 0.01953125
4 0.55859375 0.52109375 0.00625 0.01875
4 0.5671875 0.51328125 0.01015625 0.0203125
4 0.56015625 0.53203125 0.01015625 0.00859375
4 0.54453125 0.44453125 0.00859375 0.01875
4 0.528125 0.45859375 0.009375 0.0140625
4 0.53671875 0.49296875 0.00625 0.01796875
4 0.54296875 0.4796875 0.00859375 0.01484375
4 0.52890625 0.509375 0.01171875 0.0140625
4 0.52890625 0.52265625 0.01328125 0.01171875
0 0.53828125 0.54140625 0.015625 0.01953125
4 0.44453125 0.63203125 0.009375 0.0234375
4 0.33359375 0.70390625 0.0109375 0.01484375
4 0.5953125 0.45703125 0.009375 0.01328125
4 0.5796875 0.45390625 0.015625 0.015625
4 0.590625 0.503125 0.00859375 0.021875
4 0.57734375 0.4703125 0.01328125 0.01640625
4 0.56953125 0.47109375 0.01015625 0.015625
2 0.04765625 0.215625 0.01328125 0.03671875
2 0.04609375 0.12265625 0.009375 0.040625
2 0.04921875 0.084375 0.00703125 0.03359375
4 0.046875 0.04375 0.00703125 0.01484375
2 0.09453125 0.03203125 0.021875 0.01796875
2 0.18828125 0.08828125 0.01640625 0.02109375
2 0.19609375 0.059375 0.01953125 0.02109375
2 0.21171875 0.065625 0.01796875 0.0203125
2 0.2296875 0.06875 0.01796875 0.01640625
2 0.29609375 0.0921875 0.0203125 0.02109375
2 0.340625 0.103125 0.01875 0.0265625
2 0.33984375 0.05078125 0.009375 0.040625
2 0.309375 0.09296875 0.01875 0.0234375
5 0.2421875 0.0203125 0.0140625 0.02578125
2 0.365625 0.0609375 0.0140625 0.040625
2 0.40859375 0.16640625 0.01171875 0.04375
2 0.41640625 0.1828125 0.01015625 0.0359375
2 0.43046875 0.17890625 0.015625 0.01953125
0 0.4515625 0.24140625 0.0109375 0.0265625
1 0.465625 0.29765625 0.01171875 0.08125
4 0.465625 0.20859375 0.009375 0.021875
4 0.45859375 0.19140625 0.009375 0.0203125
4 0.46484375 0.14765625 0.01171875 0.0234375
4 0.53828125 0.23828125 0.01015625 0.02890625
4 0.46328125 0.375 0.01171875 0.0265625
2 0.61953125 0.009375 0.021875 0.01875
2 0.6203125 0.02578125 0.01875 0.02421875
2 0.6140625 0.05 0.015625 0.021875
2 0.58671875 0.05078125 0.01796875 0.0234375
2 0.58203125 0.09921875 0.01796875 0.01953125
2 0.5703125 0.1140625 0.01875 0.021875
2 0.56796875 0.12890625 0.01796875 0.021875
2 0.56796875 0.14375 0.01953125 0.015625
2 0.57109375 0.1640625 0.0234375 0.0203125
2 0.5703125 0.18671875 0.01640625 0.02109375
2 0.56953125 0.20546875 0.0140625 0.01875
0 0.55546875 0.1234375 0.0109375 0.02578125
0 0.55546875 0.0390625 0.00859375 0.03203125
0 0.57578125 0.028125 0.00859375 0.034375
0 0.5296875 0.1921875 0.00859375 0.02578125
0 0.5296875 0.25703125 0.01171875 0.03125
0 0.64921875 0.31328125 0.015625 0.025
0 0.69296875 0.315625 0.0140625 0.015625
0 0.69609375 0.35234375 0.01640625 0.01875
0 0.79375 0.334375 0.015625 0.01640625
0 0.7984375 0.35234375 0.01875 0.0203125
0 0.86328125 0.29140625 0.01796875 0.028125
2 0.8703125 0.134375 0.0140625 0.03984375
2 0.7921875 0.18671875 0.0140625 0.03828125
2 0.86953125 0.18046875 0.01328125 0.03359375
2 0.86953125 0.21875 0.01796875 0.040625
2 0.92109375 0.33359375 0.0203125 0.0265625
2 0.965625 0.371875 0.0234375 0.02109375
2 0.7125 0.2859375 0.01484375 0.03671875
2 0.771875 0.25859375 0.0140625 0.0390625
3 0.58046875 0.26171875 0.0203125 0.04609375
2 0.646875 0.51328125 0.025 0.028125
2 0.615625 0.51640625 0.021875 0.01953125
2 0.690625 0.515625 0.0234375 0.02109375
2 0.690625 0.5484375 0.01640625 0.03671875
2 0.8328125 0.51953125 0.0203125 0.0296875
2 0.896875 0.5265625 0.025 0.021875
4 0.840625 0.3546875 0.01484375 0.01875
4 0.76171875 0.34296875 0.01171875 0.01328125
4 0.7390625 0.3484375 0.009375 0.01796875
4 0.73125 0.36015625 0.01015625 0.01796875
4 0.62890625 0.34609375 0.01328125 0.01484375
4 0.63359375 0.35859375 0.01796875 0.01328125
4 0.6078125 0.35546875 0.009375 0.01796875
4 0.60546875 0.340625 0.00859375 0.015625
4 0.5890625 0.31640625 0.01171875 0.01484375
4 0.54609375 0.171875 0.01171875 0.01796875
4 0.73828125 0.3078125 0.0140625 0.01640625
4 0.82109375 0.30546875 0.01328125 0.0203125
4 0.971875 0.509375 0.015625 0.01328125
4 0.928125 0.48984375 0.01171875 0.01953125
4 0.859375 0.5109375 0.01640625 0.01484375
4 0.8234375 0.49296875 0.01328125 0.01796875
4 0.81015625 0.48203125 0.0140625 0.028125
4 0.7015625 0.49453125 0.01328125 0.0140625
4 0.66953125 0.47890625 0.01796875 0.01875
4 0.6453125 0.46796875 0.01328125 0.01171875
4 0.6484375 0.484375 0.01328125 0.01328125
4 0.59453125 0.4578125 0.01328125 0.01640625
4 0.6234375 0.49765625 0.00859375 0.01640625
2 0.815625 0.88984375 0.01015625 0.0359375
2 0.8421875 0.90546875 0.0140625 0.03828125
2 0.80625 0.95078125 0.01640625 0.015625
2 0.80546875 0.97109375 0.01875 0.01953125
2 0.80078125 0.98984375 0.015625 0.015625
2 0.853125 0.909375 0.01484375 0.04140625
0 0.54453125 0.90078125 0.009375 0.03046875