2 0.34140625 0.28984375 0.015625 0.01484375
2 0.3921875 0.21953125 0.01484375 0.0140625
2 0.403125 0.25546875 0.0109375 0.01875
2 0.50703125 0.3296875 0.00546875 0.0296875
2 0.51796875 0.3265625 0.00546875 0.0296875
2 0.55859375 0.31640625 0.00703125 0.025
2 0.56796875 0.31875 0.00703125 0.02421875
4 0.584375 0.30078125 0.00390625 0.01328125
4 0.5796875 0.30625 0.0015625 0.01171875
4 0.57890625 0.2953125 0.0015625 0.00859375
4 0.57578125 0.29609375 0.003125 0.00859375
4 0.571875 0.29140625 0.003125 0.01484375
4 0.56875 0.28203125 0.003125 0.01171875
4 0.56875 0.2984375 0.003125 0.01171875
4 0.5484375 0.28125 0.0015625 0.0140625
4 0.546875 0.29375 0.003125 0.01015625
4 0.54296875 0.29375 0.00390625 0.01640625
4 0.5390625 0.2953125 0.003125 0.01171875
4 0.53125 0.2796875 0.0015625 0.0140625
4 0.52890625 0.278125 0.003125 0.01328125
4 0.51875 0.27890625 0.003125 0.01171875
4 0.58125 0.23046875 0.003125 0.00859375
4 0.58203125 0.24140625 0.003125 0.0109375
4 0.57890625 0.240625 0.0015625 0.0140625
4 0.5765625 0.23046875 0.0015625 0.01328125
4 0.57421875 0.24296875 0.00390625 0.0109375
4 0.56796875 0.240625 0.0015625 0.0140625
4 0.56484375 0.23984375 0.003125 0.01484375
4 0.54609375 0.228125 0.003125 0.0140625
4 0.54140625 0.228125 0.003125 0.01171875
4 0.53359375 0.228125 0.0015625 0.009375
4 0.53125 0.22890625 0.003125 0.00859375
4 0.5265625 0.228125 0.003125 0.01015625
4 0.52578125 0.27890625 0.003125 0.01484375
4 0.43359375 0.20546875 0.0046875 0.0109375
4 0.4109375 0.271875 0.003125 0.0140625
4 0.4140625 0.27109375 0.0015625 0.01171875
4 0.5734375 0.40703125 0.00625 0.0109375
5 0.66171875 0.38359375 0.03984375 0.01640625
5 0.71875 0.38359375 0.0453125 0.01796875
0 0.86875 0.38671875 0.0140625 0.01328125
4 0.840625 0.28515625 0.003125 0.0140625
4 0.89375 0.44609375 0.00859375 0.009375
4 0.96796875 0.2390625 0.00703125 0.015625
3 0.99375 0.29375 0.00703125 0.02421875
4 0.84140625 0.1765625 0.0046875 0.0140625
5 0.196875 0.428125 0.03984375 0.01640625
3 0.05078125 0.4203125 0.01875 0.01171875
6 0.01875 0.51328125 0.0375 0.0203125
6 0.1140625 0.4921875 0.03671875 0.01953125
6 0.10078125 0.5578125 0.0359375 0.01875
6 0.20078125 0.53359375 0.03203125 0.0140625
5 0.2296875 0.55546875 0.03828125 0.01796875
2 0.11953125 0.5734375 0.01328125 0.0109375
3 0.27109375 0.5359375 0.015625 0.0109375
5 0.30703125 0.46640625 0.034375 0.01640625
2 0.33671875 0.60625 0.01484375 0.0140625
2 0.590625 0.55390625 0.015625 0.01171875
2 0.540625 0.4609375 0.01484375 0.01796875
6 0.4671875 0.5484375 0.0265625 0.015625
6 0.65859375 0.47421875 0.02890625 0.0203125
6 0.5265625 0.61171875 0.0265625 0.01875
4 0.534375 0.55859375 0.00703125 0.00859375
4 0.51875 0.58515625 0.009375 0.01171875
5 0.6640625 0.5375 0.0515625 0.01640625
6 0.81796875 0.53828125 0.04375 0.0203125
6 0.721875 0.60390625 0.02578125 0.01484375
6 0.88515625 0.6359375 0.0390625 0.01953125
6 0.96484375 0.56015625 0.0703125 0.0203125
3 0.8515625 0.4703125 0.01796875 0.01640625
3 0.74921875 0.5984375 0.0203125 0.01328125
3 0.909375 0.53515625 0.01484375 0.01015625
2 0.903125 0.51875 0.01875 0.0140625
2 0.99609375 0.490625 0.00703125 0.0140625
2 0.99375 0.51875 0.01171875 0.01484375
2 0.9859375 0.80859375 0.01328125 0.02578125
2 0.9765625 0.86015625 0.01171875 0.01953125
2 0.959375 0.86796875 0.009375 0.028125
2 0.97109375 0.91796875 0.00703125 0.0234375
2 0.953125 0.8953125 0.00703125 0.02421875
2 0.94453125 0.9015625 0.00859375 0.02578125
2 0.9359375 0.79609375 0.0109375 0.01484375
2 0.93671875 0.81015625 0.01171875 0.01015625
4 0.84296875 0.74296875 0.00703125 0.01640625
4 0.840625 0.6046875 0.00625 0.01171875
4 0.7890625 0.6234375 0.01015625 0.00859375
2 0.83359375 0.5875 0.01484375 0.01796875
2 0.71953125 0.6515625 0.00703125 0.0234375
2 0.66640625 0.634375 0.00546875 0.0234375
2 0.6734375 0.63046875 0.00546875 0.02890625
2 0.67890625 0.66953125 0.00703125 0.025
3 0.6828125 0.6203125 0.00703125 0.0203125
0 0.75546875 0.66640625 0.01484375 0.01484375
0 0.821875 0.64609375 0.009375 0.01484375
0 0.81953125 0.603125 0.01015625 0.01328125
0 0.79453125 0.6046875 0.0140625 0.015625
3 0.75625 0.85078125 0.0203125 0.01484375
3 0.71640625 0.8953125 0.00859375 0.03203125
6 0.58671875 0.6 0.034375 0.0203125
2 0.578125 0.62421875 0.0109375 0.01171875
5 0.28046875 0.6375 0.0296875 0.01484375
5 0.146875 0.64453125 0.03671875 0.01875
5 0.12109375 0.67890625 0.03671875 0.02421875
5 0.06640625 0.7375 0.0140625 0.0515625
5 0.03515625 0.74921875 0.01015625 0.0515625
5 0.03125 0.93671875 0.01328125 0.04609375
2 0.00390625 0.83125 0.00703125 0.02578125