2 0.0140625 0.04453125 0.01875 0.05
4 0.01875 0.009375 0.01015625 0.01875
2 0.046875 0.1359375 0.0203125 0.04609375
2 0.03125 0.1859375 0.01875 0.05078125
2 0.0453125 0.19765625 0.01796875 0.04296875
2 0.01953125 0.2375 0.01796875 0.05546875
2 0.0359375 0.24140625 0.01796875 0.04609375
4 0.05390625 0.24375 0.00703125 0.0203125
3 0.06640625 0.32890625 0.0265625 0.06875
4 0.00625 0.27734375 0.01015625 0.02421875
0 0.0265625 0.28125 0.01484375 0.03125
4 0.10625 0.340625 0.01328125 0.0265625
2 0.15078125 0.26171875 0.0203125 0.03671875
3 0.0109375 0.51796875 0.0203125 0.0234375
4 0.00625 0.55 0.0125 0.0125
4 0.0171875 0.55859375 0.01328125 0.01484375
2 0.02734375 0.54140625 0.02578125 0.0234375
2 0.04609375 0.51796875 0.02578125 0.0234375
2 0.04375 0.5765625 0.02578125 0.0234375
0 0.06875 0.58515625 0.01875 0.0203125
4 0.0875 0.60078125 0.01328125 0.01328125
2 0.0890625 0.559375 0.028125 0.02890625
2 0.10234375 0.515625 0.0265625 0.025
2 0.115625 0.540625 0.025 0.02421875
2 0.12421875 0.56484375 0.02421875 0.0234375
2 0.16484375 0.53984375 0.028125 0.0234375
3 0.15859375 0.515625 0.025 0.01953125
0 0.1921875 0.3734375 0.01640625 0.01875
4 0.25625 0.36640625 0.01171875 0.0109375
6 0.3484375 0.53828125 0.06328125 0.0265625
4 0.36171875 0.415625 0.01328125 0.0109375
4 0.4515625 0.496875 0.0140625 0.01953125
6 0.4640625 0.5890625 0.0390625 0.02890625
4 0.5078125 0.42578125 0.009375 0.01484375
2 0.496875 0.36796875 0.0234375 0.021875
0 0.61796875 0.43515625 0.015625 0.02109375
4 0.7234375 0.53671875 0.0140625 0.01484375
2 0.80859375 0.49140625 0.02578125 0.02421875
4 0.81796875 0.54140625 0.01328125 0.0140625
2 0.9265625 0.51640625 0.02578125 0.0234375
3 0.89296875 0.39921875 0.0203125 0.01953125
2 0.77578125 0.253125 0.02578125 0.02421875
2 0.7671875 0.17109375 0.02578125 0.0203125