2 0.06640625 0.784375 0.02578125 0.02578125
2 0.128125 0.7984375 0.02890625 0.02890625
2 0.30625 0.875 0.03046875 0.028125
2 0.46484375 0.8859375 0.0296875 0.03203125
4 0.08359375 0.759375 0.01875 0.01953125
4 0.08359375 0.8046875 0.01484375 0.0140625
4 0.20703125 0.76796875 0.01640625 0.01875
4 0.38359375 0.73203125 0.01796875 0.01953125
4 0.34140625 0.896875 0.01484375 0.01953125
4 0.18125 0.90859375 0.01796875 0.0203125
4 0.0984375 0.9234375 0.01171875 0.02109375
4 0.028125 0.8734375 0.015625 0.02109375
6 0.246875 0.85078125 0.04453125 0.0390625
3 0.1484375 0.84453125 0.02421875 0.0265625
4 0.51640625 0.140625 0.01328125 0.03046875
4 0.52890625 0.21484375 0.01015625 0.03125
4 0.4765625 0.3203125 0.01484375 0.04140625
4 0.52890625 0.48984375 0.0109375 0.03828125
4 0.53203125 0.5890625 0.01015625 0.0359375
2 0.53828125 0.6640625 0.01953125 0.0515625
2 0.51640625 0.746875 0.01640625 0.0640625
2 0.59765625 0.85859375 0.028125 0.034375
4 0.54609375 0.8109375 0.01328125 0.0234375
4 0.64375 0.89375 0.0203125 0.02421875
4 0.6796875 0.8484375 0.0203125 0.0234375
4 0.80703125 0.90625 0.015625 0.021875
4 0.68203125 0.75859375 0.01640625 0.02890625
4 0.7609375 0.76484375 0.015625 0.021875
4 0.5609375 0.834375 0.01484375 0.025
4 0.70859375 0.90625 0.021875 0.025
0 0.92421875 0.796875 0.01875 0.02890625
4 0.88125 0.896875 0.01953125 0.03046875
6 0.628125 0.77421875 0.03828125 0.04453125