2 0.3421875 0.29453125 0.01796875 0.0140625
2 0.39296875 0.2234375 0.015625 0.01640625
2 0.40234375 0.2578125 0.0109375 0.01484375
2 0.5078125 0.33125 0.00625 0.028125
2 0.51796875 0.3296875 0.00625 0.02890625
2 0.55859375 0.31875 0.00703125 0.025
2 0.56796875 0.3203125 0.00625 0.025
4 0.584375 0.303125 0.00390625 0.01328125
4 0.57890625 0.3 0.0015625 0.009375
4 0.57578125 0.2984375 0.003125 0.00859375
4 0.57265625 0.2921875 0.00390625 0.01328125
4 0.56875 0.29921875 0.003125 0.0140625
4 0.56875 0.284375 0.003125 0.01171875
4 0.5484375 0.28125 0.003125 0.01328125
4 0.546875 0.29609375 0.003125 0.01484375
4 0.54296875 0.29453125 0.003125 0.01484375
4 0.5390625 0.296875 0.003125 0.01484375
4 0.53203125 0.28203125 0.003125 0.0140625
4 0.52890625 0.28125 0.003125 0.01484375
4 0.52578125 0.28046875 0.00390625 0.0140625
4 0.51875 0.28125 0.003125 0.01328125
4 0.5265625 0.23125 0.003125 0.01015625
4 0.53046875 0.23125 0.0015625 0.01015625
4 0.53359375 0.23125 0.0015625 0.00859375
4 0.54140625 0.23125 0.003125 0.01015625
4 0.54609375 0.23125 0.003125 0.01171875
4 0.565625 0.24296875 0.003125 0.0140625
4 0.57421875 0.24453125 0.003125 0.01328125
4 0.57890625 0.24296875 0.003125 0.01328125
4 0.58203125 0.24296875 0.003125 0.01171875
4 0.4109375 0.27421875 0.003125 0.0140625
4 0.43359375 0.20859375 0.00546875 0.01015625
4 0.56640625 0.41015625 0.00546875 0.00625
5 0.66171875 0.38515625 0.03984375 0.01875
5 0.71796875 0.384375 0.04375 0.015625
2 0.81171875 0.41953125 0.0140625 0.0140625
2 0.8734375 0.4046875 0.01171875 0.0109375
4 0.8171875 0.39140625 0.00703125 0.00625
3 0.84375 0.26171875 0.00859375 0.02421875
3 0.99453125 0.29140625 0.009375 0.02578125
4 0.96796875 0.2359375 0.00546875 0.01171875
4 0.98671875 0.38515625 0.00703125 0.00859375
2 0.98828125 0.4046875 0.015625 0.0109375
3 0.93515625 0.4015625 0.01875 0.01171875
2 0.03203125 0.54609375 0.01484375 0.01171875
2 0.11796875 0.47421875 0.01328125 0.009375
4 0.0515625 0.5859375 0.00625 0.00703125
4 0.08828125 0.578125 0.00625 0.00703125
1 0.1484375 0.609375 0.02890625 0.01484375
6 0.29296875 0.4890625 0.0359375 0.015625
6 0.40078125 0.50390625 0.01875 0.0140625
5 0.40625 0.46328125 0.04296875 0.01484375
2 0.5546875 0.49921875 0.0140625 0.01328125
3 0.5859375 0.56328125 0.01796875 0.01171875
6 0.60703125 0.540625 0.02421875 0.01484375
3 0.70859375 0.490625 0.01796875 0.01640625
2 0.7109375 0.528125 0.01328125 0.0109375
4 0.70703125 0.54921875 0.00546875 0.00703125
4 0.66796875 0.590625 0.00625 0.00390625
4 0.753125 0.5796875 0.00703125 0.00859375
4 0.79140625 0.58828125 0.00546875 0.00546875
4 0.7890625 0.621875 0.00703125 0.00546875
4 0.9484375 0.425 0.00625 0.00703125
4 0.9796875 0.58125 0.00546875 0.00546875
5 0.96484375 0.5578125 0.0703125 0.01875
2 0.93671875 0.79453125 0.01015625 0.01015625
2 0.93828125 0.80859375 0.01015625 0.01484375
2 0.9890625 0.80703125 0.0140625 0.0234375
2 0.978125 0.85703125 0.01171875 0.01953125
2 0.96171875 0.86640625 0.009375 0.02578125
2 0.9734375 0.915625 0.00703125 0.02109375
2 0.95390625 0.89453125 0.00859375 0.0234375
2 0.94609375 0.90078125 0.00703125 0.028125
6 0.884375 0.63671875 0.03671875 0.0203125
0 0.82109375 0.6015625 0.009375 0.01015625
0 0.821875 0.64453125 0.01171875 0.01171875
0 0.7953125 0.60390625 0.01171875 0.01171875
0 0.75703125 0.66640625 0.01484375 0.01171875
2 0.7203125 0.653125 0.00625 0.0203125
2 0.66796875 0.63515625 0.00546875 0.0234375
2 0.675 0.63203125 0.00625 0.021875
2 0.68046875 0.6703125 0.00703125 0.025
3 0.68359375 0.62421875 0.00625 0.021875
4 0.6828125 0.60703125 0.00703125 0.00703125
4 0.68515625 0.59921875 0.00859375 0.00546875
6 0.72265625 0.6046875 0.02578125 0.015625
3 0.75859375 0.85234375 0.01796875 0.0140625
3 0.71875 0.89609375 0.00859375 0.02890625
2 0.57890625 0.62578125 0.0109375 0.00859375
6 0.49609375 0.625 0.0265625 0.01875
0 0.44921875 0.609375 0.009375 0.01328125
5 0.28125 0.64140625 0.03046875 0.015625
5 0.14765625 0.65078125 0.03671875 0.01796875
5 0.121875 0.6859375 0.034375 0.02109375
4 0.128125 0.6359375 0.00703125 0.00859375
2 0.00546875 0.83984375 0.009375 0.01953125
5 0.03671875 0.75625 0.01171875 0.0484375
5 0.0671875 0.74296875 0.01328125 0.05078125
5 0.03359375 0.94453125 0.0109375 0.04453125