2 0.00859375 0.0484375 0.0171875 0.046875
4 0.01484375 0.01328125 0.0109375 0.01875
4 0.0640625 0.10703125 0.01171875 0.0296875
2 0.096875 0.015625 0.0234375 0.03125
2 0.04609375 0.18203125 0.01953125 0.04140625
2 0.021875 0.25 0.0203125 0.0453125
2 0.146875 0.26328125 0.01953125 0.04140625
5 0.0625 0.33046875 0.028125 0.0734375
0 0.18828125 0.3765625 0.0140625 0.01953125
2 0.03203125 0.52421875 0.028125 0.0296875
2 0.03359375 0.55625 0.028125 0.02578125
4 0.23203125 0.553125 0.0140625 0.01640625
4 0.36484375 0.56640625 0.01171875 0.01640625
4 0.4640625 0.55859375 0.01328125 0.01796875
4 0.56328125 0.33828125 0.01640625 0.01796875
2 0.49453125 0.36796875 0.02578125 0.02421875
5 0.815625 0.48359375 0.05546875 0.03515625
4 0.73984375 0.53359375 0.015625 0.01796875
0 0.92890625 0.51875 0.0203125 0.025
2 0.89453125 0.33203125 0.03125 0.03203125
2 0.77421875 0.246875 0.028125 0.0265625
2 0.76328125 0.16640625 0.028125 0.0265625
2 0.98125 0.328125 0.0296875 0.0296875