2 0.071875 0.73515625 0.01796875 0.01875
2 0.0125 0.8140625 0.02421875 0.02578125
2 0.05703125 0.8890625 0.021875 0.02578125
2 0.115625 0.81640625 0.02421875 0.02578125
2 0.21640625 0.86796875 0.02421875 0.0234375
4 0.19375 0.71875 0.01328125 0.01328125
4 0.2875 0.78515625 0.01953125 0.01484375
4 0.35390625 0.79453125 0.01328125 0.01171875
4 0.371875 0.77421875 0.0140625 0.0140625
5 0.21953125 0.67578125 0.0546875 0.03046875
5 0.27890625 0.67421875 0.05546875 0.02890625
0 0.1390625 0.96484375 0.01640625 0.01875
0 0.415625 0.69140625 0.01484375 0.01953125
0 0.45390625 0.79609375 0.01640625 0.0140625
0 0.65 0.78359375 0.01875 0.01953125
0 0.73515625 0.81171875 0.01328125 0.01953125
0 0.8265625 0.80625 0.01484375 0.01796875
2 0.3765625 0.81875 0.021875 0.02578125
2 0.49921875 0.81484375 0.025 0.021875
2 0.5984375 0.81796875 0.02109375 0.02578125
2 0.60078125 0.78046875 0.0203125 0.02421875
2 0.58203125 0.70859375 0.01875 0.02578125
2 0.7140625 0.7265625 0.01875 0.015625
2 0.75703125 0.73125 0.021875 0.021875
2 0.70078125 0.83515625 0.0234375 0.02421875
2 0.78515625 0.82421875 0.02578125 0.025
2 0.68828125 0.921875 0.021875 0.0234375
1 0.5421875 0.90703125 0.06484375 0.0390625
1 0.684375 0.88828125 0.06171875 0.03984375
4 0.50859375 0.8484375 0.00703125 0.0140625
4 0.5203125 0.85078125 0.00703125 0.0140625
4 0.52578125 0.84296875 0.01015625 0.01171875
4 0.53359375 0.83984375 0.009375 0.01328125
4 0.71953125 0.78515625 0.0140625 0.01015625
4 0.7890625 0.725 0.0109375 0.01328125
4 0.83828125 0.82578125 0.01015625 0.01171875
4 0.8734375 0.8265625 0.0109375 0.0109375
4 0.9125 0.82109375 0.0140625 0.01328125
2 0.81640625 0.84453125 0.02109375 0.02109375
4 0.5265625 0.46328125 0.00859375 0.01953125
4 0.47109375 0.240625 0.00546875 0.0203125
4 0.52578125 0.16640625 0.00546875 0.01953125
4 0.5265625 0.221875 0.00625 0.0296875
2 0.52421875 0.084375 0.0140625 0.04609375