4 0.7671875 0.54609375 0.009375 0.01015625
4 0.74140625 0.540625 0.009375 0.01015625
4 0.71640625 0.5515625 0.00859375 0.0109375
4 0.684375 0.54453125 0.01015625 0.009375
4 0.6953125 0.5328125 0.00859375 0.009375
4 0.609375 0.584375 0.00625 0.01640625
4 0.60625 0.52734375 0.00703125 0.01484375
4 0.58203125 0.48046875 0.00859375 0.01328125
4 0.565625 0.64921875 0.0046875 0.015625
2 0.628125 0.73125 0.01015625 0.0359375
2 0.5765625 0.78359375 0.00859375 0.03359375
2 0.57421875 0.8234375 0.00859375 0.0359375
2 0.58359375 0.90234375 0.0109375 0.028125
2 0.5875 0.78828125 0.00859375 0.03125
2 0.578125 0.7390625 0.00859375 0.03046875
2 0.58828125 0.753125 0.00859375 0.03203125
2 0.58984375 0.6734375 0.00859375 0.0296875
2 0.58828125 0.7109375 0.009375 0.03046875
2 0.57734375 0.70390625 0.00859375 0.03125
2 0.58671875 0.515625 0.01484375 0.0265625
2 0.625 0.60390625 0.0109375 0.03125
2 0.6984375 0.521875 0.01640625 0.01484375
2 0.7 0.55078125 0.01640625 0.015625
0 0.70390625 0.5375 0.01171875 0.0109375
0 0.571875 0.37890625 0.01171875 0.01328125
0 0.58046875 0.653125 0.00703125 0.02109375
0 0.61953125 0.64921875 0.00859375 0.02109375
2 0.634375 0.67578125 0.0109375 0.03203125
2 0.5703125 0.6734375 0.00703125 0.0265625
2 0.58828125 0.82109375 0.0109375 0.03359375
4 0.62265625 0.95625 0.00625 0.01484375
4 0.571875 0.95 0.00625 0.015625
4 0.5609375 0.934375 0.0046875 0.01875
4 0.5671875 0.9765625 0.00703125 0.01640625
4 0.571875 0.9921875 0.00625 0.015625
4 0.5671875 0.8234375 0.00546875 0.01875
4 0.56953125 0.76328125 0.00546875 0.01796875
4 0.57109375 0.73046875 0.0046875 0.015625
4 0.56640625 0.709375 0.00390625 0.01796875
4 0.56640625 0.728125 0.00390625 0.01640625
4 0.57421875 0.653125 0.0046875 0.015625
4 0.625 0.6640625 0.00546875 0.0140625
4 0.62109375 0.6890625 0.00546875 0.01484375
4 0.6171875 0.68046875 0.00546875 0.01328125
2 0.7328125 0.4109375 0.01796875 0.01796875
2 0.79921875 0.415625 0.01640625 0.0140625
2 0.93046875 0.37578125 0.01953125 0.01953125
2 0.96953125 0.38125 0.021875 0.01640625
4 0.87421875 0.3921875 0.009375 0.01328125
4 0.88046875 0.51875 0.00859375 0.01015625
4 0.56953125 0.584375 0.00546875 0.015625
2 0.51875 0.55078125 0.01796875 0.0203125
4 0.30546875 0.57109375 0.009375 0.01015625
4 0.24921875 0.415625 0.00859375 0.01328125
4 0.38203125 0.5765625 0.01015625 0.00859375
0 0.63203125 0.89375 0.01015625 0.021875
2 0.78671875 0.3375 0.00859375 0.0296875
2 0.8359375 0.3484375 0.01875 0.01875
2 0.20234375 0.30546875 0.0109375 0.03125
0 0.1984375 0.353125 0.0109375 0.01875
0 0.159375 0.4046875 0.0109375 0.01484375
4 0.18046875 0.396875 0.01015625 0.0109375
4 0.190625 0.38359375 0.00625 0.01484375
2 0.10703125 0.57578125 0.01796875 0.01875
2 0.61328125 0.5140625 0.0140625 0.02578125
4 0.64921875 0.4984375 0.00859375 0.01328125
4 0.6859375 0.5125 0.009375 0.0109375