2 0.11328125 0.7 0.02421875 0.028125
2 0.2265625 0.79140625 0.028125 0.034375
2 0.23203125 0.88984375 0.02890625 0.03515625
2 0.37734375 0.8859375 0.0296875 0.03359375
2 0.42890625 0.7625 0.02578125 0.02890625
2 0.4140625 0.66640625 0.01875 0.0203125
2 0.4515625 0.8421875 0.025 0.03984375
2 0.478125 0.84609375 0.0234375 0.03984375
1 0.44296875 0.80078125 0.06171875 0.04375
0 0.175 0.7609375 0.021875 0.02421875
0 0.090625 0.85078125 0.01953125 0.0203125
4 0.29765625 0.65390625 0.01171875 0.01484375
4 0.05390625 0.87578125 0.01484375 0.0140625
4 0.07890625 0.91015625 0.015625 0.0140625
4 0.3359375 0.87734375 0.01640625 0.0203125
4 0.36015625 0.74453125 0.01640625 0.015625
4 0.43125 0.70078125 0.01171875 0.0203125
4 0.47109375 0.903125 0.015625 0.01796875
4 0.53046875 0.24609375 0.01015625 0.0296875
4 0.5265625 0.74921875 0.01640625 0.01796875
4 0.61484375 0.75390625 0.0140625 0.01640625
2 0.47265625 0.40625 0.01796875 0.046875
0 0.521875 0.396875 0.01484375 0.03203125
0 0.521875 0.48671875 0.01328125 0.03671875
2 0.50390625 0.778125 0.0296875 0.0546875
2 0.55078125 0.83125 0.02578125 0.02890625
2 0.57109375 0.8234375 0.02890625 0.04296875
2 0.6359375 0.78125 0.028125 0.03046875
4 0.56640625 0.64140625 0.0140625 0.0140625
4 0.790625 0.90078125 0.02109375 0.0234375
4 0.81640625 0.88125 0.01640625 0.01796875
4 0.9015625 0.77421875 0.01875 0.021875
2 0.95703125 0.80546875 0.034375 0.0359375