2 0.36796875 0.29375 0.01796875 0.01484375
2 0.42734375 0.25859375 0.01171875 0.02109375
2 0.41796875 0.2234375 0.01640625 0.01875
2 0.5328125 0.33046875 0.00625 0.02890625
2 0.54296875 0.33125 0.00859375 0.0296875
2 0.584375 0.3203125 0.00703125 0.025
2 0.59375 0.32109375 0.00859375 0.02421875
2 0.99453125 0.8796875 0.0109375 0.02578125
2 0.9796875 0.91328125 0.009375 0.0265625
2 0.746875 0.659375 0.00859375 0.0234375
6 0.915625 0.64140625 0.03984375 0.0203125
5 0.74375 0.3859375 0.04609375 0.01953125
6 0.68828125 0.3859375 0.04140625 0.01953125
6 0.30546875 0.6390625 0.03046875 0.01953125
6 0.17578125 0.6484375 0.0390625 0.01953125
6 0.153125 0.68359375 0.0390625 0.025
4 0.57421875 0.28125 0.0046875 0.0140625
3 0.7859375 0.859375 0.021875 0.01796875
3 0.74375 0.90078125 0.01015625 0.03515625
4 0.5515625 0.28203125 0.003125 0.0140625
4 0.56875 0.29609375 0.003125 0.01484375
4 0.59453125 0.28671875 0.0046875 0.01484375
4 0.60625 0.30859375 0.00390625 0.01484375
4 0.59375 0.24296875 0.003125 0.01484375
4 0.559375 0.23125 0.00390625 0.01015625
4 0.5671875 0.23125 0.0046875 0.01171875
4 0.6078125 0.24375 0.003125 0.01328125
4 0.54375 0.28203125 0.00390625 0.01328125
4 0.43984375 0.27578125 0.00390625 0.01328125
4 0.60078125 0.24609375 0.003125 0.01328125
4 0.55703125 0.28359375 0.003125 0.0140625
4 0.5640625 0.2984375 0.00390625 0.01171875
4 0.571875 0.296875 0.003125 0.01171875
0 0.8515625 0.6484375 0.01484375 0.01484375
2 0.70859375 0.653125 0.00546875 0.025
2 0.7015625 0.63671875 0.00625 0.025
2 0.69375 0.63828125 0.00625 0.021875
2 0.70078125 0.66015625 0.00625 0.01953125
0 0.85078125 0.60625 0.01171875 0.00859375
5 0.98125 0.56015625 0.0359375 0.0234375
2 0.696875 0.4046875 0.01484375 0.01171875
4 0.13046875 0.603125 0.009375 0.0109375
2 0.590625 0.62890625 0.0109375 0.01171875
2 0.5265625 0.46796875 0.01484375 0.01171875
3 0.9140625 0.61171875 0.02578125 0.0203125
4 0.23203125 0.49140625 0.01640625 0.01171875
4 0.17890625 0.621875 0.00703125 0.009375
4 0.92578125 0.58515625 0.009375 0.0109375
6 0.51953125 0.628125 0.02890625 0.021875
0 0.2546875 0.415625 0.0109375 0.009375
4 0.66796875 0.428125 0.00703125 0.00859375
6 0.1140625 0.475 0.025 0.01484375
4 0.5890625 0.584375 0.00625 0.00546875
3 0.4328125 0.50390625 0.01875 0.01796875
2 0.13984375 0.565625 0.01796875 0.015625
1 0.6140625 0.58984375 0.02890625 0.01640625
6 0.8546875 0.47265625 0.0296875 0.01875
4 0.378125 0.59453125 0.009375 0.01015625
4 0.58125 0.590625 0.00625 0.00546875
4 0.80703125 0.45546875 0.00703125 0.00859375
2 0.88515625 0.4140625 0.01640625 0.01484375
4 0.4125 0.5984375 0.00546875 0.00859375
6 0.58046875 0.609375 0.02578125 0.01796875
4 0.56484375 0.55078125 0.009375 0.0140625
6 0.54140625 0.56484375 0.01796875 0.01484375
3 0.328125 0.47109375 0.01953125 0.015625
4 0.03203125 0.628125 0.009375 0.01015625
2 0.39609375 0.29453125 0.0109375 0.0265625
4 0.6859375 0.41328125 0.00625 0.01015625
4 0.89609375 0.45078125 0.00859375 0.0109375
5 0.4921875 0.546875 0.0359375 0.01953125
4 0.41953125 0.59140625 0.00546875 0.00859375
6 0.34375 0.5546875 0.03984375 0.03203125
4 0.88125 0.75 0.00390625 0.0140625