5 0.22109375 0.68046875 0.06015625 0.03671875
5 0.28359375 0.678125 0.059375 0.040625
5 0.53359375 0.875 0.06875 0.03046875
6 0.25859375 0.90078125 0.0453125 0.03125
2 0.28125 0.86640625 0.02109375 0.03359375
2 0.36640625 0.87578125 0.0296875 0.03671875
2 0.3734375 0.934375 0.0265625 0.03359375
2 0.4609375 0.9109375 0.021875 0.02890625
2 0.52734375 0.91328125 0.0453125 0.02421875
2 0.6578125 0.8671875 0.0296875 0.03203125
2 0.61640625 0.78046875 0.01796875 0.04453125
2 0.51328125 0.32578125 0.01875 0.053125
4 0.1859375 0.815625 0.01953125 0.02421875
4 0.26796875 0.7859375 0.01875 0.01796875
4 0.4796875 0.640625 0.00703125 0.02890625
4 0.4671875 0.44375 0.009375 0.03359375
4 0.51796875 0.61875 0.01171875 0.034375
4 0.4703125 0.2484375 0.01015625 0.03671875
4 0.50703125 0.01015625 0.0109375 0.0203125
4 0.521875 0.53515625 0.01171875 0.028125
4 0.7609375 0.80078125 0.015625 0.025
4 0.8109375 0.79609375 0.01796875 0.0203125
4 0.8109375 0.89453125 0.01328125 0.028125
4 0.83671875 0.90546875 0.0109375 0.025
4 0.7828125 0.75234375 0.01875 0.0109375
4 0.84296875 0.70703125 0.0203125 0.01796875
4 0.596875 0.67421875 0.01796875 0.01953125
4 0.328125 0.69296875 0.01875 0.0203125
4 0.2140625 0.8265625 0.021875 0.01953125
0 0.43828125 0.871875 0.02578125 0.0203125
0 0.59140625 0.69609375 0.01640625 0.021875
0 0.48046875 0.48203125 0.01171875 0.028125