2 0.365625 0.2890625 0.01796875 0.0140625
2 0.42578125 0.25078125 0.01171875 0.02109375
2 0.415625 0.21640625 0.01640625 0.01875
2 0.53046875 0.325 0.00859375 0.02890625
2 0.54140625 0.32421875 0.00859375 0.0296875
2 0.58203125 0.31484375 0.00703125 0.025
2 0.59140625 0.315625 0.00859375 0.02421875
2 0.99140625 0.87421875 0.0109375 0.02578125
2 0.97578125 0.9078125 0.009375 0.0265625
2 0.74296875 0.65390625 0.00859375 0.0234375
6 0.91328125 0.63671875 0.03984375 0.0203125
5 0.74375 0.3796875 0.04609375 0.01953125
6 0.68671875 0.38046875 0.04140625 0.01953125
6 0.30390625 0.634375 0.03046875 0.01953125
6 0.1734375 0.640625 0.03828125 0.01953125
6 0.1484375 0.675 0.0390625 0.025
4 0.57109375 0.2765625 0.0046875 0.0140625
3 0.78203125 0.853125 0.021875 0.01796875
3 0.74140625 0.89765625 0.01015625 0.03515625
4 0.54921875 0.2765625 0.003125 0.0140625
4 0.56640625 0.28984375 0.003125 0.01484375
4 0.59296875 0.2796875 0.0046875 0.01484375
4 0.60703125 0.2984375 0.00390625 0.01484375
4 0.56796875 0.24296875 0.003125 0.01484375
4 0.53359375 0.23125 0.003125 0.01015625
4 0.54140625 0.23046875 0.0046875 0.01171875
4 0.58125 0.24375 0.00390625 0.01328125
4 0.54140625 0.27734375 0.00390625 0.01328125
4 0.43359375 0.27109375 0.00390625 0.01328125
4 0.57421875 0.24453125 0.003125 0.01328125
4 0.55546875 0.278125 0.003125 0.0140625
4 0.56171875 0.29375 0.003125 0.01171875
4 0.5703125 0.2921875 0.003125 0.01171875
0 0.8484375 0.6453125 0.01484375 0.01484375
2 0.70625 0.64609375 0.00546875 0.025
2 0.6984375 0.63046875 0.00625 0.025
2 0.69140625 0.63203125 0.00625 0.021875
2 0.6984375 0.65546875 0.00625 0.01953125
0 0.8484375 0.6015625 0.01171875 0.00859375
5 0.9796875 0.55859375 0.040625 0.0234375
1 0.75234375 0.58359375 0.028125 0.01484375
6 0.44375 0.60234375 0.02578125 0.01640625
4 0.459375 0.540625 0.00625 0.00859375
4 0.090625 0.57421875 0.00703125 0.00859375
4 0.65859375 0.42265625 0.00703125 0.00859375
2 0.965625 0.40078125 0.01484375 0.01171875
6 0.51640625 0.6203125 0.028125 0.01796875
2 0.05546875 0.603125 0.01328125 0.0109375
6 0.565625 0.44921875 0.02578125 0.01796875
4 0.86328125 0.38515625 0.009375 0.009375
4 0.21875 0.5921875 0.00703125 0.00859375
4 0.58359375 0.58203125 0.00859375 0.01015625
4 0.703125 0.5859375 0.00859375 0.0109375
2 0.94921875 0.58984375 0.01640625 0.01640625
4 0.99296875 0.58203125 0.00625 0.01015625
2 0.3953125 0.3015625 0.00859375 0.02421875
3 0.87578125 0.66328125 0.01328125 0.0390625
6 0.98203125 0.60390625 0.0359375 0.0234375
6 0.9359375 0.53046875 0.03359375 0.01796875
4 0.68046875 0.58203125 0.00859375 0.01328125
4 0.603125 0.5796875 0.00625 0.00859375
4 0.56015625 0.58125 0.00859375 0.00859375
6 0.18203125 0.56796875 0.01953125 0.01640625
0 0.48203125 0.40703125 0.00859375 0.01328125
2 0.5375 0.375 0.0140625 0.01953125
3 0.74140625 0.446875 0.01640625 0.01484375
6 0.78828125 0.43359375 0.0203125 0.01796875
3 0.878125 0.4890625 0.0234375 0.01484375
0 0.87109375 0.83515625 0.00625 0.01953125