5 0.22890625 0.68046875 0.0609375 0.04296875
5 0.28671875 0.6734375 0.05546875 0.04375
2 0.1125 0.746875 0.03515625 0.03046875
2 0.41328125 0.7 0.028125 0.02890625
2 0.3484375 0.884375 0.0265625 0.03828125
2 0.38125 0.93671875 0.0265625 0.02421875
0 0.203125 0.80078125 0.025 0.0265625
4 0.31953125 0.725 0.02109375 0.01796875
4 0.29609375 0.69921875 0.01953125 0.01484375
4 0.38828125 0.80546875 0.01328125 0.03203125
2 0.4703125 0.8 0.01953125 0.04921875
2 0.53359375 0.8328125 0.0234375 0.03203125
2 0.6390625 0.7703125 0.02890625 0.0359375
2 0.63359375 0.81328125 0.025 0.03125
2 0.61953125 0.86328125 0.0234375 0.02578125
2 0.59765625 0.91171875 0.02578125 0.0296875
2 0.59375 0.88359375 0.0203125 0.021875
2 0.58046875 0.796875 0.021875 0.0234375
0 0.57890625 0.83984375 0.0140625 0.02578125
2 0.56015625 0.86171875 0.0234375 0.02890625
2 0.72890625 0.8984375 0.03046875 0.0390625
2 0.76015625 0.81015625 0.03125 0.03203125
4 0.7625 0.865625 0.0109375 0.02578125
2 0.846875 0.828125 0.03125 0.028125
2 0.821875 0.80078125 0.0203125 0.02109375
2 0.971875 0.88671875 0.028125 0.03984375
2 0.93671875 0.73046875 0.02890625 0.034375
2 0.89453125 0.72890625 0.025 0.0296875
2 0.82421875 0.70390625 0.025 0.0203125
4 0.7609375 0.71875 0.0140625 0.02109375
4 0.7015625 0.7046875 0.01796875 0.0203125
4 0.628125 0.696875 0.015625 0.0234375
4 0.81328125 0.8890625 0.01484375 0.025
4 0.67578125 0.7640625 0.01953125 0.01484375
4 0.50234375 0.78359375 0.009375 0.03125
4 0.54609375 0.70078125 0.01484375 0.03359375
4 0.45859375 0.725 0.01171875 0.025
4 0.521875 0.296875 0.01484375 0.02890625
4 0.53125 0.3421875 0.009375 0.03125
0 0.52734375 0.18046875 0.0203125 0.0265625
4 0.53046875 0.04765625 0.0109375 0.04375
4 0.515625 0.74140625 0.00859375 0.02109375
4 0.03359375 0.81484375 0.015625 0.034375
4 0.065625 0.80859375 0.0140625 0.0234375
4 0.1078125 0.796875 0.015625 0.02109375
4 0.1546875 0.7953125 0.01796875 0.01953125