2 0.03828125 0.9890625 0.015625 0.021875
2 0.0484375 0.96171875 0.01796875 0.02578125
2 0.06328125 0.96796875 0.01640625 0.02109375
2 0.0484375 0.98984375 0.015625 0.0203125
2 0.0640625 0.98671875 0.01796875 0.0265625
2 0.08359375 0.965625 0.01875 0.028125
2 0.1125 0.9171875 0.0203125 0.03046875
2 0.10078125 0.89921875 0.01953125 0.0296875
2 0.09765625 0.87578125 0.01796875 0.025
2 0.1265625 0.88046875 0.015625 0.0234375
2 0.13203125 0.853125 0.0203125 0.0296875
2 0.1453125 0.85 0.01875 0.028125
2 0.21328125 0.9796875 0.01875 0.040625
2 0.234375 0.95078125 0.0203125 0.0359375
2 0.14609375 0.87578125 0.01796875 0.0265625
2 0.16953125 0.7921875 0.01796875 0.02890625
2 0.18359375 0.78984375 0.01953125 0.028125
2 0.20078125 0.76328125 0.0203125 0.03046875
2 0.2140625 0.77421875 0.021875 0.03046875
2 0.23046875 0.73203125 0.01875 0.03203125
2 0.2578125 0.7140625 0.01875 0.03125
2 0.26171875 0.68671875 0.01953125 0.0296875
2 0.275 0.659375 0.01640625 0.0265625
2 0.34140625 0.6171875 0.01875 0.03203125
2 0.340625 0.58671875 0.01640625 0.03203125
2 0.365625 0.571875 0.01953125 0.0296875
2 0.33828125 0.54453125 0.01328125 0.03125
2 0.46953125 0.7421875 0.01796875 0.0390625
2 0.478125 0.8015625 0.015625 0.0390625
2 0.33203125 0.9515625 0.01875 0.03046875
2 0.33671875 0.9796875 0.0203125 0.0359375
2 0.378125 0.959375 0.01875 0.02890625
2 0.39375 0.903125 0.02109375 0.03203125
2 0.32734375 0.821875 0.01640625 0.0359375
2 0.55546875 0.77421875 0.021875 0.03203125
2 0.415625 0.4921875 0.01484375 0.02578125
2 0.46796875 0.44921875 0.01796875 0.025
2 0.4390625 0.42109375 0.01640625 0.034375
2 0.5015625 0.36640625 0.021875 0.02421875
2 0.5125 0.38671875 0.02578125 0.02578125
2 0.35859375 0.36875 0.01640625 0.03828125
2 0.3359375 0.2765625 0.015625 0.034375
2 0.33203125 0.31484375 0.0140625 0.03046875
2 0.32421875 0.01015625 0.01640625 0.0203125
2 0.38203125 0.1703125 0.01796875 0.03359375
2 0.42578125 0.2484375 0.01796875 0.03515625
2 0.4390625 0.28203125 0.01953125 0.03203125
2 0.61953125 0.3640625 0.0203125 0.02109375
2 0.55703125 0.2171875 0.0140625 0.040625
2 0.5859375 0.19453125 0.015625 0.03046875
2 0.56796875 0.13125 0.01171875 0.03046875
2 0.5578125 0.0484375 0.0140625 0.03515625
2 0.59453125 0.05625 0.0203125 0.02421875
2 0.64375 0.30390625 0.0203125 0.025
2 0.66953125 0.34609375 0.01796875 0.02421875
2 0.79921875 0.1609375 0.0140625 0.03203125
2 0.82578125 0.13828125 0.01328125 0.0359375
2 0.8734375 0.0765625 0.01640625 0.03671875
2 0.9421875 0.03671875 0.01875 0.02890625
2 0.97109375 0.05390625 0.02109375 0.025
2 0.88828125 0.14609375 0.02109375 0.03203125
2 0.93046875 0.21953125 0.0203125 0.03125
2 0.94140625 0.203125 0.01640625 0.03203125
2 0.95078125 0.196875 0.01796875 0.03046875
2 0.753125 0.3015625 0.0140625 0.0234375
2 0.75859375 0.31796875 0.01328125 0.0203125
2 0.734375 0.325 0.01953125 0.03125
2 0.74453125 0.3359375 0.015625 0.01953125
2 0.74296875 0.35234375 0.01640625 0.02421875
2 0.72890625 0.353125 0.01875 0.0265625
2 0.71328125 0.346875 0.01640625 0.02890625
2 0.71171875 0.37578125 0.01875 0.02890625
2 0.68359375 0.3828125 0.01328125 0.021875
2 0.6875 0.39609375 0.01796875 0.02890625
2 0.6703125 0.40546875 0.01796875 0.03359375
2 0.72421875 0.56875 0.01484375 0.03203125
2 0.871875 0.7421875 0.01875 0.03359375
2 0.8859375 0.75859375 0.01171875 0.03046875
2 0.9109375 0.76953125 0.01640625 0.03515625
2 0.946875 0.815625 0.01796875 0.0359375
2 0.91953125 0.85859375 0.01640625 0.028125
2 0.9390625 0.878125 0.01796875 0.0296875
2 0.965625 0.85390625 0.01875 0.01796875
2 0.9765625 0.86953125 0.01875 0.02109375
2 0.98515625 0.90078125 0.0203125 0.021875
2 0.9671875 0.909375 0.0203125 0.03203125
2 0.8984375 0.928125 0.01796875 0.02578125
2 0.88046875 0.90703125 0.0203125 0.03046875
2 0.86171875 0.88671875 0.01796875 0.0234375
2 0.85078125 0.89921875 0.01796875 0.02109375
2 0.84609375 0.87109375 0.01953125 0.02890625
2 0.83203125 0.88125 0.01953125 0.02578125
2 0.8265625 0.85859375 0.01875 0.0265625
2 0.8140625 0.86328125 0.0203125 0.02109375
2 0.8109375 0.8296875 0.015625 0.0203125
2 0.80703125 0.8421875 0.01640625 0.0203125
2 0.79140625 0.81328125 0.021875 0.025
2 0.778125 0.82265625 0.01640625 0.0203125
2 0.73515625 0.7609375 0.01953125 0.0265625
2 0.71953125 0.784375 0.01875 0.02578125
2 0.71328125 0.75859375 0.01796875 0.025
2 0.71875 0.7453125 0.015625 0.0203125
2 0.70859375 0.72109375 0.01796875 0.02421875
2 0.6984375 0.73046875 0.01796875 0.0234375
2 0.69609375 0.74609375 0.01796875 0.025
2 0.67421875 0.75 0.01796875 0.0234375
2 0.69375 0.76171875 0.01640625 0.01953125
4 0.03828125 0.98046875 0.009375 0.01484375
4 0.090625 0.93359375 0.00703125 0.0109375
4 0.09375 0.91953125 0.00859375 0.01171875
4 0.05390625 0.87734375 0.0140625 0.01171875
4 0.065625 0.8765625 0.009375 0.01015625
4 0.084375 0.8484375 0.00703125 0.02109375
4 0.08828125 0.84375 0.00703125 0.02109375
4 0.09375 0.84140625 0.00546875 0.01875
4 0.09765625 0.8390625 0.00546875 0.0140625
4 0.1109375 0.8265625 0.00859375 0.0140625
4 0.115625 0.82109375 0.00625 0.0140625
4 0.11953125 0.815625 0.00546875 0.01328125
4 0.096875 0.8890625 0.0109375 0.01171875
4 0.10625 0.88046875 0.01015625 0.01328125
4 0.11484375 0.87578125 0.00859375 0.01328125
4 0.12265625 0.878125 0.00703125 0.01015625
4 0.1140625 0.93125 0.00703125 0.0109375
4 0.11953125 0.91796875 0.00703125 0.01171875
4 0.12734375 0.90859375 0.00703125 0.01171875
4 0.13671875 0.896875 0.009375 0.0140625
4 0.12109375 0.8578125 0.00859375 0.01328125
4 0.16015625 0.83125 0.009375 0.01171875
4 0.15859375 0.81953125 0.0109375 0.01484375
4 0.17265625 0.81484375 0.0109375 0.01328125
4 0.21328125 0.72578125 0.01015625 0.01328125
4 0.2890625 0.671875 0.01015625 0.01171875
4 0.3125 0.640625 0.009375 0.01328125
4 0.31171875 0.65390625 0.009375 0.01171875
4 0.3234375 0.62421875 0.00859375 0.015625
4 0.3140625 0.596875 0.00859375 0.0140625
4 0.36640625 0.54375 0.01015625 0.01484375
4 0.42421875 0.55546875 0.00859375 0.01953125
4 0.434375 0.5328125 0.009375 0.015625
4 0.40078125 0.4828125 0.01015625 0.01484375
4 0.42109375 0.465625 0.009375 0.015625
4 0.4546875 0.44296875 0.009375 0.0140625
4 0.4515625 0.43046875 0.009375 0.015625
4 0.41328125 0.21171875 0.00859375 0.0203125
4 0.24375 0.05390625 0.01015625 0.01796875
4 0.37109375 0.0765625 0.009375 0.01015625
4 0.396875 0.1265625 0.00859375 0.0109375
4 0.40078125 0.13046875 0.00703125 0.01015625
4 0.403125 0.134375 0.00625 0.009375
4 0.4109375 0.13046875 0.009375 0.01171875
4 0.40625 0.1390625 0.00859375 0.01015625
4 0.40859375 0.1515625 0.0109375 0.01015625
4 0.4125 0.15703125 0.00625 0.01171875
4 0.41953125 0.1515625 0.00625 0.01328125
4 0.421875 0.15546875 0.00703125 0.0109375
4 0.415625 0.1671875 0.00703125 0.015625
4 0.41875 0.17109375 0.0046875 0.01171875
4 0.53125 0.34921875 0.009375 0.0109375
4 0.5546875 0.40546875 0.01171875 0.01328125
4 0.57578125 0.36328125 0.01171875 0.0109375
4 0.56953125 0.35390625 0.01015625 0.0109375
4 0.57734375 0.30390625 0.00859375 0.01328125
4 0.57421875 0.44609375 0.00859375 0.01484375
4 0.590625 0.44921875 0.01015625 0.01640625
4 0.6234375 0.34140625 0.01171875 0.0140625
4 0.63671875 0.33515625 0.01171875 0.01171875
4 0.6859375 0.31328125 0.01015625 0.0140625
4 0.696875 0.30703125 0.009375 0.01484375
4 0.70703125 0.30234375 0.009375 0.015625
4 0.771875 0.23203125 0.01171875 0.0140625
4 0.753125 0.2140625 0.00859375 0.0109375
4 0.80546875 0.1984375 0.00859375 0.01875
4 0.81640625 0.153125 0.00859375 0.0140625
4 0.815625 0.1390625 0.00703125 0.01171875
4 0.87890625 0.1734375 0.01015625 0.01953125
4 0.746875 0.31953125 0.009375 0.01328125
4 0.72421875 0.37421875 0.009375 0.00859375
4 0.728125 0.3640625 0.00859375 0.01015625
4 0.7328125 0.36875 0.009375 0.01328125
4 0.71953125 0.38359375 0.00859375 0.0140625
4 0.715625 0.3828125 0.009375 0.01328125
4 0.7 0.39140625 0.00859375 0.01171875
4 0.69921875 0.40078125 0.00703125 0.0109375
4 0.6921875 0.403125 0.00859375 0.015625
4 0.68359375 0.4140625 0.00859375 0.01171875
4 0.68671875 0.4171875 0.00859375 0.01328125
4 0.67578125 0.45390625 0.009375 0.0109375
4 0.61796875 0.4890625 0.01015625 0.01640625
4 0.6328125 0.5765625 0.00859375 0.01484375
4 0.70859375 0.6296875 0.01171875 0.01484375
4 0.7484375 0.66875 0.01015625 0.01484375
4 0.82421875 0.75234375 0.01171875 0.01875
4 0.821875 0.70703125 0.00546875 0.01484375
4 0.82578125 0.71171875 0.00390625 0.01484375
4 0.83828125 0.72265625 0.00625 0.015625
4 0.84453125 0.734375 0.00859375 0.01015625
4 0.85546875 0.7390625 0.00390625 0.01328125
4 0.86015625 0.784375 0.0109375 0.01484375
4 0.89609375 0.82109375 0.01328125 0.01640625
4 0.92734375 0.809375 0.01015625 0.021875
4 0.95546875 0.8375 0.01015625 0.0109375
4 0.98671875 0.84609375 0.00703125 0.0109375
4 0.978125 0.85390625 0.01015625 0.01484375
4 0.98359375 0.91328125 0.0109375 0.01484375
4 0.9234375 0.96796875 0.01328125 0.015625
4 0.84609375 0.909375 0.01328125 0.01484375
4 0.809375 0.87578125 0.01171875 0.01015625
4 0.72734375 0.7640625 0.01171875 0.015625
4 0.72109375 0.73515625 0.009375 0.01328125
4 0.70625 0.7640625 0.009375 0.01484375
4 0.6890625 0.7015625 0.01015625 0.0140625
4 0.68515625 0.7234375 0.009375 0.0140625
4 0.68046875 0.73125 0.01015625 0.01328125
4 0.67578125 0.740625 0.01015625 0.01328125
4 0.6640625 0.753125 0.00859375 0.01328125
4 0.56953125 0.6140625 0.01171875 0.015625
4 0.4109375 0.88671875 0.01171875 0.01875
4 0.35625 0.95859375 0.01015625 0.01640625
4 0.34921875 0.75390625 0.01171875 0.0203125
4 0.30390625 0.85546875 0.00859375 0.0203125
0 0.0734375 0.94765625 0.01328125 0.025
0 0.08203125 0.95078125 0.0140625 0.02109375
0 0.0984375 0.92421875 0.01171875 0.01640625
0 0.10546875 0.90703125 0.0140625 0.01953125
0 0.13046875 0.89375 0.01328125 0.01953125
0 0.11484375 0.859375 0.01328125 0.0203125
0 0.1703125 0.81015625 0.01328125 0.021875
0 0.23046875 0.74765625 0.0140625 0.0234375
0 0.2421875 0.7015625 0.01484375 0.0234375
0 0.25859375 0.66796875 0.01328125 0.0234375
0 0.271875 0.64453125 0.01171875 0.0296875
0 0.29140625 0.63359375 0.01484375 0.0234375
0 0.31171875 0.6171875 0.01171875 0.01953125
0 0.3234375 0.59375 0.01171875 0.0234375
0 0.38125 0.5125 0.0140625 0.021875
0 0.3484375 0.4421875 0.009375 0.02109375
0 0.4265625 0.30546875 0.01171875 0.02421875
0 0.47109375 0.415625 0.01328125 0.01875
0 0.509375 0.32890625 0.0140625 0.01640625
0 0.6078125 0.28203125 0.01171875 0.02109375
0 0.60625 0.2515625 0.01328125 0.02421875
0 0.678125 0.296875 0.01171875 0.0203125
0 0.71171875 0.2671875 0.01484375 0.0203125
0 0.90078125 0.1859375 0.0140625 0.02109375
0 0.78203125 0.2984375 0.0109375 0.0203125
0 0.69921875 0.3734375 0.01171875 0.01875
0 0.66953125 0.42890625 0.01171875 0.01953125
0 0.6765625 0.43203125 0.0109375 0.02109375
0 0.7609375 0.64296875 0.01640625 0.02109375
0 0.87734375 0.7609375 0.01171875 0.0203125
0 0.90078125 0.76484375 0.0140625 0.0234375
0 0.79375 0.83046875 0.01640625 0.021875
0 0.69296875 0.71484375 0.01484375 0.01953125
3 0.3421875 0.0359375 0.02578125 0.05078125
3 0.83203125 0.909375 0.0203125 0.02890625
3 0.2984375 0.65 0.015625 0.0265625
1 0.43125 0.496875 0.046875 0.06640625
1 0.50703125 0.41796875 0.0515625 0.04375
1 0.14140625 0.9109375 0.0515625 0.06796875
1 0.28046875 0.84921875 0.03046875 0.06953125
1 0.446875 0.26171875 0.03125 0.05390625
1 0.77265625 0.778125 0.05390625 0.0546875
1 0.75546875 0.79296875 0.0515625 0.0609375
6 0.17109375 0.83359375 0.03828125 0.05625