2 0.40390625 0.5609375 0.01640625 0.028125
0 0.33671875 0.525 0.01484375 0.01875
2 0.21640625 0.7734375 0.01796875 0.03046875
0 0.25546875 0.6875 0.0140625 0.0203125
2 0.33125 0.70859375 0.0203125 0.03125
2 0.38359375 0.6421875 0.01796875 0.02890625
2 0.4765625 0.4921875 0.01328125 0.03125
2 0.6703125 0.23671875 0.01796875 0.03125
2 0.7265625 0.02578125 0.01875 0.03203125
2 0.71328125 0.103125 0.01875 0.0265625
0 0.67265625 0.1484375 0.01171875 0.02421875
2 0.21171875 0.90078125 0.01796875 0.03203125
2 0.24296875 0.85546875 0.01875 0.03125
2 0.22734375 0.67734375 0.0203125 0.03515625
2 0.29921875 0.72890625 0.0203125 0.03359375
2 0.28203125 0.79453125 0.01875 0.0296875
2 0.40078125 0.61875 0.01875 0.028125
2 0.2359375 0.51796875 0.015625 0.03515625
4 0.74609375 0.04140625 0.00859375 0.0234375
2 0.16328125 0.971875 0.0203125 0.028125
2 0.7125 0.18828125 0.015625 0.02890625
1 0.63046875 0.390625 0.04453125 0.0859375
0 0.74296875 0.13359375 0.01328125 0.02421875
2 0.61171875 0.7296875 0.015625 0.0296875
2 0.2015625 0.715625 0.01875 0.03828125
0 0.75703125 0.10390625 0.015625 0.01875
2 0.771875 0.10625 0.01796875 0.03203125
2 0.42265625 0.46953125 0.0109375 0.03359375
4 0.4953125 0.45 0.00859375 0.01875
4 0.51015625 0.3921875 0.00859375 0.01953125
2 0.64921875 0.753125 0.01484375 0.0359375
0 0.78515625 0.9890625 0.01171875 0.021875
2 0.4609375 0.61328125 0.01640625 0.0265625
2 0.409375 0.65390625 0.01875 0.03046875
4 0.13203125 0.97578125 0.009375 0.01171875
2 0.35390625 0.13125 0.01640625 0.034375
2 0.3734375 0.175 0.01484375 0.0296875
2 0.3890625 0.209375 0.01484375 0.03203125
2 0.40703125 0.2046875 0.01484375 0.03515625
0 0.4015625 0.16796875 0.01015625 0.025
0 0.428125 0.2140625 0.009375 0.0234375
2 0.40546875 0.24453125 0.015625 0.03125
4 0.40546875 0.22421875 0.00703125 0.01328125
4 0.42421875 0.23125 0.00625 0.01796875
4 0.41328125 0.19296875 0.00546875 0.01328125
2 0.4140625 0.14609375 0.01875 0.034375
2 0.4265625 0.25859375 0.0140625 0.02890625
2 0.421875 0.27890625 0.01484375 0.02890625
2 0.44296875 0.2984375 0.01640625 0.03359375
2 0.4453125 0.334375 0.01640625 0.03359375
2 0.46796875 0.35859375 0.01328125 0.0265625
2 0.4671875 0.38671875 0.01171875 0.02890625
2 0.48828125 0.38828125 0.0140625 0.028125
2 0.4859375 0.41953125 0.01171875 0.03203125
2 0.4765625 0.440625 0.009375 0.03515625
2 0.509375 0.41640625 0.0140625 0.03125
2 0.5328125 0.4765625 0.01171875 0.028125
4 0.484375 0.509375 0.00703125 0.01640625
2 0.49296875 0.525 0.01484375 0.034375
2 0.46875 0.571875 0.0140625 0.0296875
2 0.44921875 0.58203125 0.01484375 0.03125
4 0.4640625 0.5484375 0.00625 0.01171875
4 0.4765625 0.53203125 0.00703125 0.01484375
2 0.41015625 0.5765625 0.01875 0.0265625
2 0.41875 0.5890625 0.015625 0.0234375
2 0.440625 0.6234375 0.01875 0.02578125
2 0.29375 0.76640625 0.01796875 0.02890625
2 0.265625 0.78125 0.01640625 0.0265625
2 0.26640625 0.82109375 0.01640625 0.028125
2 0.13984375 0.984375 0.01875 0.03046875
2 0.153125 0.946875 0.01875 0.02890625
2 0.1796875 0.9171875 0.01640625 0.03046875
2 0.18828125 0.934375 0.01640625 0.0296875
2 0.2 0.9640625 0.01640625 0.03046875
2 0.23359375 0.91875 0.01796875 0.03125
2 0.2234375 0.8484375 0.01640625 0.0265625
4 0.2 0.88125 0.00625 0.01328125
4 0.19375 0.8765625 0.00546875 0.0140625
4 0.209375 0.85703125 0.009375 0.01484375
4 0.22421875 0.865625 0.00625 0.01171875
4 0.23828125 0.81796875 0.009375 0.0109375
4 0.24453125 0.83359375 0.00625 0.01328125
4 0.25078125 0.8265625 0.00703125 0.015625
4 0.259375 0.81328125 0.0046875 0.01015625
4 0.26796875 0.8015625 0.00703125 0.01171875
4 0.27421875 0.78984375 0.0046875 0.01328125
4 0.28125 0.78046875 0.00625 0.00859375
4 0.25703125 0.840625 0.00625 0.0109375
2 0.28828125 0.86015625 0.01875 0.02890625
2 0.29453125 0.81875 0.01796875 0.02890625
2 0.346875 0.759375 0.01875 0.03125
2 0.31640625 0.74140625 0.01796875 0.0296875
4 0.33046875 0.73125 0.00625 0.01328125
4 0.33671875 0.71875 0.00703125 0.01328125
4 0.34375 0.709375 0.00546875 0.0140625
4 0.31953125 0.68359375 0.00625 0.0140625
4 0.34453125 0.68046875 0.00703125 0.009375
4 0.353125 0.67109375 0.00703125 0.01328125
4 0.359375 0.66015625 0.00625 0.01328125
4 0.365625 0.646875 0.00546875 0.01171875
4 0.371875 0.64453125 0.00546875 0.01328125
4 0.3828125 0.61796875 0.0046875 0.0109375
4 0.3875 0.61015625 0.0046875 0.01015625
4 0.3921875 0.603125 0.0046875 0.00703125
4 0.4 0.59375 0.00390625 0.009375
4 0.3984375 0.60390625 0.0046875 0.00703125
4 0.39375 0.60859375 0.00546875 0.00703125
2 0.3734375 0.609375 0.01484375 0.0265625
2 0.340625 0.6640625 0.01484375 0.025
2 0.365625 0.66640625 0.01640625 0.02578125
2 0.35078125 0.6890625 0.01796875 0.025
2 0.371875 0.7078125 0.01640625 0.0265625
2 0.4859375 0.6453125 0.015625 0.02890625
1 0.69609375 0.915625 0.03359375 0.06875
2 0.72421875 0.925 0.01875 0.04296875
2 0.6671875 0.92734375 0.01796875 0.03671875
2 0.653125 0.89296875 0.01796875 0.0390625
5 0.61953125 0.871875 0.028125 0.05703125
2 0.61953125 0.83828125 0.0140625 0.0296875
2 0.63359375 0.8421875 0.01484375 0.03125
2 0.6203125 0.80859375 0.015625 0.03125
2 0.60078125 0.81484375 0.01640625 0.03203125
2 0.58671875 0.809375 0.01171875 0.028125
2 0.59921875 0.77421875 0.01171875 0.02578125
2 0.5890625 0.73671875 0.0140625 0.03125
2 0.57734375 0.73828125 0.0140625 0.02890625
2 0.55859375 0.74921875 0.015625 0.03125
2 0.56171875 0.7140625 0.01171875 0.02578125
2 0.57421875 0.69140625 0.01484375 0.028125
2 0.55703125 0.66875 0.01640625 0.03828125
2 0.54140625 0.71171875 0.01484375 0.02890625
0 0.55546875 0.72109375 0.01015625 0.01875
0 0.57109375 0.71171875 0.00859375 0.01953125
0 0.54609375 0.69453125 0.0109375 0.02109375
0 0.55390625 0.76484375 0.00859375 0.02421875
0 0.5765625 0.7796875 0.009375 0.01953125
0 0.571875 0.78984375 0.00859375 0.02109375
4 0.5484375 0.74453125 0.00625 0.01328125
4 0.53984375 0.73359375 0.00625 0.01953125
4 0.51875 0.70625 0.00546875 0.015625
4 0.51875 0.684375 0.00703125 0.01875
4 0.528125 0.696875 0.00625 0.0140625
4 0.5234375 0.69921875 0.00625 0.01484375
4 0.5296875 0.71484375 0.00703125 0.01640625
4 0.5328125 0.71640625 0.0046875 0.01171875
4 0.540625 0.678125 0.00703125 0.01640625
4 0.56328125 0.6984375 0.00703125 0.01328125
4 0.56875 0.76875 0.0046875 0.0140625
4 0.5609375 0.778125 0.00703125 0.015625
4 0.584375 0.70859375 0.00703125 0.015625
4 0.6515625 0.80546875 0.00625 0.01796875
2 0.60078125 0.26328125 0.02109375 0.025
2 0.603125 0.2828125 0.02421875 0.02890625
4 0.53515625 0.26796875 0.01015625 0.01484375
0 0.659375 0.15625 0.01171875 0.0203125
0 0.83828125 0.10390625 0.0140625 0.02421875
2 0.890625 0.0859375 0.01640625 0.028125
2 0.79375 0.1671875 0.01796875 0.028125
2 0.7921875 0.22265625 0.02421875 0.034375
2 0.75625 0.209375 0.02109375 0.028125
2 0.75546875 0.18515625 0.01875 0.025
2 0.73203125 0.209375 0.02109375 0.028125
2 0.73671875 0.2296875 0.0203125 0.0296875
0 0.75625 0.25859375 0.01015625 0.01640625
0 0.74609375 0.246875 0.01171875 0.02421875
2 0.7046875 0.24921875 0.01640625 0.021875
2 0.71796875 0.25859375 0.015625 0.025
2 0.73515625 0.27421875 0.01484375 0.028125
2 0.7171875 0.29296875 0.01796875 0.02421875
2 0.68828125 0.27578125 0.015625 0.02890625
3 0.69453125 0.29921875 0.025 0.03828125
2 0.7 0.3140625 0.01796875 0.0265625
4 0.734375 0.25078125 0.00546875 0.009375
4 0.70546875 0.27421875 0.00625 0.01484375
4 0.72109375 0.30859375 0.00703125 0.01484375
4 0.73359375 0.29609375 0.00703125 0.0109375
4 0.74375 0.278125 0.00859375 0.015625
2 0.66796875 0.315625 0.015625 0.028125
4 0.67578125 0.315625 0.00859375 0.01484375
2 0.66875 0.34453125 0.01640625 0.0265625
2 0.6515625 0.33984375 0.0140625 0.02578125
4 0.65703125 0.3484375 0.00703125 0.0109375
4 0.6984375 0.3328125 0.00703125 0.01484375
4 0.696875 0.35625 0.00859375 0.01328125
4 0.68828125 0.353125 0.00625 0.01015625
4 0.68203125 0.33046875 0.00859375 0.01171875
2 0.68203125 0.34453125 0.01640625 0.025
4 0.6765625 0.371875 0.00546875 0.01328125
4 0.68203125 0.36328125 0.00859375 0.01640625
4 0.66640625 0.36640625 0.00703125 0.009375
4 0.659375 0.37109375 0.00625 0.00859375
4 0.653125 0.36875 0.00546875 0.0109375
2 0.61796875 0.44453125 0.0140625 0.028125
0 0.621875 0.46328125 0.01171875 0.01640625
2 0.59609375 0.4515625 0.015625 0.02578125
2 0.6015625 0.471875 0.015625 0.02421875
2 0.60703125 0.48203125 0.01328125 0.0265625
0 0.61171875 0.5109375 0.01015625 0.015625
4 0.60546875 0.43046875 0.00859375 0.01171875
4 0.6234375 0.49609375 0.00859375 0.01328125
4 0.61328125 0.49140625 0.00703125 0.01015625
4 0.615625 0.52890625 0.00703125 0.0109375
4 0.61328125 0.52109375 0.0046875 0.009375
4 0.61953125 0.546875 0.00703125 0.015625
2 0.39296875 0.2890625 0.01328125 0.03671875
2 0.36953125 0.2140625 0.0140625 0.03125
2 0.30078125 0.015625 0.0203125 0.03046875
2 0.3796875 0.08984375 0.01484375 0.03203125
0 0.7765625 0.17109375 0.01171875 0.01953125
4 0.7734375 0.196875 0.00703125 0.015625
4 0.8234375 0.14140625 0.00859375 0.01796875