4 0.03125 0.57578125 0.0109375 0.01015625
2 0.06640625 0.55390625 0.01796875 0.01875
2 0.1 0.53671875 0.01875 0.0140625
4 0.10390625 0.596875 0.01015625 0.01015625
0 0.109375 0.571875 0.015625 0.01171875
2 0.16328125 0.53515625 0.01953125 0.015625
5 0.1296875 0.6765625 0.040625 0.0234375
5 0.1546875 0.64375 0.0390625 0.0203125
6 0.14140625 0.48828125 0.040625 0.02421875
0 0.25390625 0.46875 0.01328125 0.01171875
6 0.2875 0.6390625 0.034375 0.01953125
4 0.29921875 0.59296875 0.009375 0.009375
2 0.35234375 0.29296875 0.0203125 0.015625
0 0.41953125 0.61484375 0.01015625 0.01015625
4 0.48984375 0.56796875 0.00703125 0.00859375
6 0.503125 0.628125 0.02890625 0.01953125
2 0.503125 0.53046875 0.01875 0.01484375
6 0.49375 0.484375 0.03203125 0.021875
2 0.52421875 0.46171875 0.01875 0.01328125
6 0.58046875 0.55 0.03203125 0.02578125
2 0.51640625 0.33203125 0.00859375 0.02890625
2 0.528125 0.33359375 0.00859375 0.02890625
2 0.56796875 0.32578125 0.00859375 0.025
2 0.57734375 0.325 0.00859375 0.0234375
6 0.60703125 0.4140625 0.028125 0.01640625
3 0.58515625 0.63125 0.01328125 0.0140625
2 0.66796875 0.56640625 0.01796875 0.01640625
4 0.69375 0.4640625 0.00859375 0.009375
3 0.70390625 0.4265625 0.0203125 0.01796875
1 0.67109375 0.39296875 0.04140625 0.021875
5 0.72890625 0.3921875 0.04609375 0.02109375
0 0.75546875 0.61640625 0.0140625 0.01640625
2 0.728125 0.66328125 0.01171875 0.02890625
0 0.8296875 0.6140625 0.01328125 0.01796875
5 0.89453125 0.6515625 0.03828125 0.02109375
4 0.8984375 0.6234375 0.00859375 0.0109375
4 0.98671875 0.3859375 0.01015625 0.01484375
3 0.69140625 0.63203125 0.00859375 0.02421875
3 0.67421875 0.64375 0.00859375 0.02109375
2 0.6875 0.68046875 0.00859375 0.0234375