2 0.3140625 0.02890625 0.02109375 0.04921875
4 0.340625 0.00859375 0.01171875 0.01640625
2 0.33828125 0.0328125 0.021875 0.03671875
2 0.3421875 0.0671875 0.02109375 0.03515625
3 0.359375 0.1234375 0.025 0.0453125
2 0.3875 0.153125 0.01875 0.03125
2 0.39296875 0.19765625 0.01875 0.034375
2 0.41484375 0.209375 0.01796875 0.03671875
2 0.415625 0.24609375 0.0203125 0.03359375
2 0.43828125 0.25390625 0.01640625 0.03671875
2 0.43515625 0.2921875 0.02109375 0.03046875
2 0.4640625 0.3109375 0.015625 0.034375
2 0.45859375 0.35078125 0.0109375 0.03046875
4 0.4734375 0.3546875 0.00546875 0.01796875
4 0.41796875 0.36171875 0.00546875 0.015625
4 0.390625 0.3640625 0.00859375 0.01796875
3 0.4015625 0.3421875 0.01484375 0.04140625
2 0.45078125 0.384375 0.01875 0.03046875
2 0.415625 0.44921875 0.01171875 0.03515625
4 0.44921875 0.33046875 0.00703125 0.0109375
4 0.48203125 0.41171875 0.009375 0.02109375
2 0.49296875 0.43671875 0.0109375 0.040625
0 0.528125 0.409375 0.01171875 0.021875
0 0.340625 0.51875 0.015625 0.02109375
4 0.33203125 0.53359375 0.00703125 0.01796875
2 0.23984375 0.5109375 0.015625 0.03359375
2 0.1984375 0.67578125 0.0203125 0.034375
2 0.1703125 0.721875 0.021875 0.03828125
2 0.184375 0.78125 0.01796875 0.02890625
0 0.23125 0.6859375 0.015625 0.021875
2 0.47890625 0.51796875 0.015625 0.04375
2 0.459375 0.56484375 0.01640625 0.034375
2 0.43671875 0.57890625 0.01875 0.03984375
4 0.534375 0.4640625 0.00859375 0.01875
2 0.5484375 0.484375 0.01953125 0.04296875
4 0.403125 0.51796875 0.00859375 0.01328125
4 0.35703125 0.5890625 0.00859375 0.01171875
4 0.3671875 0.5546875 0.009375 0.0109375
4 0.38359375 0.575 0.01015625 0.0140625
4 0.38671875 0.58359375 0.00859375 0.0109375
2 0.38984375 0.5953125 0.01640625 0.025
2 0.3734375 0.609375 0.01640625 0.0296875
3 0.3515625 0.6125 0.01875 0.03046875
2 0.33046875 0.64296875 0.025 0.03046875
2 0.3609375 0.64296875 0.01953125 0.03125
2 0.39921875 0.646875 0.021875 0.040625
2 0.3453125 0.67578125 0.02109375 0.028125
2 0.29609375 0.69921875 0.02109375 0.03359375
2 0.34296875 0.72578125 0.0234375 0.03203125
2 0.3453125 0.75546875 0.021875 0.02890625
6 0.2953125 0.74609375 0.03203125 0.05
2 0.2734375 0.77890625 0.01875 0.03203125
2 0.23203125 0.80390625 0.02421875 0.03359375
2 0.23125 0.84609375 0.0203125 0.03359375
2 0.240625 0.89140625 0.0203125 0.0265625
2 0.196875 0.85546875 0.0203125 0.0296875
2 0.215625 0.86875 0.01796875 0.0359375
2 0.2 0.89921875 0.0203125 0.03046875
2 0.17578125 0.9265625 0.01875 0.03046875
2 0.1421875 0.94140625 0.01953125 0.03203125
2 0.19609375 0.9609375 0.02109375 0.03125
2 0.14296875 0.984375 0.0203125 0.03125
2 0.253125 0.80546875 0.02109375 0.034375
2 0.271875 0.83515625 0.01953125 0.02578125
2 0.28984375 0.83359375 0.01640625 0.0296875
4 0.3484375 0.65234375 0.00703125 0.01328125
4 0.3265625 0.68046875 0.00703125 0.01328125
4 0.31484375 0.65625 0.009375 0.0109375
4 0.30859375 0.66796875 0.00859375 0.01015625
4 0.31640625 0.66796875 0.00859375 0.01328125
4 0.33203125 0.6875 0.00703125 0.009375
4 0.37265625 0.684375 0.00859375 0.01171875
4 0.40546875 0.621875 0.00703125 0.01015625
4 0.41875 0.61015625 0.00859375 0.01015625
4 0.28125 0.70625 0.00859375 0.0109375
4 0.3109375 0.70390625 0.00859375 0.01015625
4 0.31796875 0.69140625 0.00859375 0.01015625
4 0.265625 0.7375 0.01015625 0.0140625
4 0.27421875 0.74609375 0.00859375 0.01171875
4 0.253125 0.76484375 0.00859375 0.01171875
4 0.3265625 0.78984375 0.00703125 0.01171875
4 0.26171875 0.7765625 0.00625 0.01171875
4 0.21171875 0.828125 0.01015625 0.0140625
4 0.1765625 0.88203125 0.01171875 0.015625
4 0.18828125 0.8828125 0.009375 0.01484375
4 0.15703125 0.91171875 0.009375 0.01640625
4 0.1671875 0.90390625 0.009375 0.01328125
4 0.184375 0.9015625 0.009375 0.01171875
2 0.15859375 0.9546875 0.02109375 0.03203125
0 0.56796875 0.6515625 0.01171875 0.025
0 0.55078125 0.68671875 0.01171875 0.021875
0 0.5609375 0.71875 0.0109375 0.02421875
0 0.58359375 0.78046875 0.01015625 0.021875
3 0.54375 0.70703125 0.01875 0.03515625
1 0.59296875 0.72265625 0.03828125 0.08125
2 0.615625 0.77578125 0.01484375 0.02890625
2 0.6265625 0.81875 0.01875 0.040625
2 0.646875 0.853125 0.0203125 0.040625
2 0.65625 0.79140625 0.01796875 0.03046875
4 0.57890625 0.6703125 0.00703125 0.01640625
4 0.54765625 0.646875 0.00703125 0.01171875
4 0.55703125 0.64296875 0.00546875 0.0140625
4 0.559375 0.65703125 0.00703125 0.01328125
4 0.5671875 0.6703125 0.00703125 0.0140625
4 0.56875 0.6859375 0.0046875 0.01328125
4 0.56875 0.703125 0.00625 0.01640625
4 0.5390625 0.66953125 0.00625 0.0140625
4 0.5328125 0.684375 0.00625 0.01796875
0 0.7140625 0.98671875 0.0140625 0.0265625
2 0.6203125 0.94453125 0.02109375 0.02421875
0 0.78359375 0.9890625 0.01484375 0.02109375
2 0.696875 0.66640625 0.01796875 0.0359375
2 0.7078125 0.703125 0.015625 0.03515625
4 0.865625 0.0171875 0.0109375 0.01796875
4 0.80625 0.084375 0.015625 0.01328125
4 0.74609375 0.07890625 0.01015625 0.01796875
4 0.75390625 0.13671875 0.00859375 0.01484375
4 0.753125 0.1984375 0.00859375 0.0203125
4 0.74140625 0.215625 0.009375 0.01171875
2 0.715625 0.0140625 0.01953125 0.028125
2 0.72890625 0.0265625 0.02109375 0.034375
0 0.684375 0.0796875 0.015625 0.02109375
0 0.67109375 0.09140625 0.0140625 0.025
3 0.71953125 0.134375 0.0265625 0.0359375
6 0.83671875 0.13984375 0.03359375 0.03359375
2 0.70625 0.21875 0.01875 0.03203125
2 0.690625 0.2484375 0.0203125 0.028125
2 0.6734375 0.27265625 0.0203125 0.034375
2 0.7265625 0.2328125 0.0140625 0.03203125
2 0.71328125 0.26640625 0.021875 0.03125
0 0.68828125 0.27421875 0.0140625 0.01640625
0 0.6921875 0.290625 0.01328125 0.01640625
0 0.678125 0.3 0.0140625 0.02109375
5 0.653125 0.321875 0.03203125 0.06171875
0 0.68046875 0.321875 0.01328125 0.021875
2 0.6234375 0.375 0.01796875 0.03046875
3 0.64921875 0.371875 0.0203125 0.03125
2 0.63515625 0.4015625 0.015625 0.025
2 0.609375 0.409375 0.01640625 0.03359375
4 0.634375 0.459375 0.00859375 0.00859375
4 0.6171875 0.45078125 0.00546875 0.0109375
4 0.6234375 0.40078125 0.00859375 0.01171875
4 0.6359375 0.38203125 0.00625 0.0109375
4 0.62578125 0.44140625 0.00859375 0.0109375
4 0.62578125 0.4515625 0.00703125 0.01328125
2 0.8765625 0.190625 0.01640625 0.03671875