5 0.21796875 0.68671875 0.06640625 0.03046875
5 0.28203125 0.67578125 0.05703125 0.03203125
6 0.1921875 0.7421875 0.04609375 0.0296875
2 0.0234375 0.83828125 0.03828125 0.04140625
2 0.4765625 0.84921875 0.01875 0.0515625
2 0.6140625 0.8609375 0.01875 0.0515625
2 0.60078125 0.778125 0.028125 0.03125
2 0.65625 0.87265625 0.02890625 0.03671875
2 0.803125 0.815625 0.02890625 0.0359375
2 0.884375 0.81953125 0.02578125 0.0234375
2 0.98203125 0.86328125 0.02890625 0.04453125
2 0.9109375 0.85859375 0.03125 0.02421875
2 0.5140625 0.7109375 0.0203125 0.0515625
2 0.51171875 0.63125 0.021875 0.05625
0 0.03125 0.7359375 0.0234375 0.0234375
0 0.14765625 0.72890625 0.0203125 0.0296875
0 0.459375 0.7 0.01796875 0.03515625
0 0.51796875 0.4703125 0.01796875 0.0453125
0 0.928125 0.884375 0.0265625 0.02578125
4 0.371875 0.709375 0.00859375 0.0203125
4 0.27421875 0.78671875 0.01328125 0.0359375
4 0.28828125 0.82421875 0.0296875 0.015625
4 0.55703125 0.73984375 0.0109375 0.02890625
4 0.52421875 0.775 0.01015625 0.03984375
4 0.55078125 0.853125 0.0140625 0.0203125
4 0.4359375 0.8109375 0.01796875 0.040625
4 0.4046875 0.77109375 0.0140625 0.03125
4 0.653125 0.75546875 0.01796875 0.03359375
4 0.70625 0.790625 0.015625 0.03203125
4 0.75703125 0.903125 0.02890625 0.040625
4 0.8484375 0.85703125 0.0203125 0.0359375
4 0.959375 0.78671875 0.02109375 0.03515625
4 0.8921875 0.78203125 0.015625 0.03671875
4 0.50390625 0.10078125 0.00546875 0.05546875
4 0.515625 0.09921875 0.009375 0.05
2 0.375 0.93671875 0.03359375 0.034375
4 0.70078125 0.70625 0.021875 0.02109375
4 0.7484375 0.71171875 0.01484375 0.02421875