4 0.52421875 0.40546875 0.01484375 0.025
4 0.4703125 0.375 0.01171875 0.0234375
4 0.48046875 0.3640625 0.01796875 0.01875
4 0.44921875 0.396875 0.0109375 0.0140625
4 0.440625 0.3796875 0.01171875 0.0203125
4 0.446875 0.36953125 0.0140625 0.01640625
4 0.453125 0.38515625 0.015625 0.0203125
4 0.54453125 0.3875 0.015625 0.01796875
4 0.55625 0.40703125 0.01328125 0.01875
4 0.56875 0.40078125 0.01484375 0.01640625
4 0.571875 0.41640625 0.0140625 0.01953125
4 0.53671875 0.3546875 0.01640625 0.01640625
4 0.5609375 0.315625 0.015625 0.01640625
4 0.55390625 0.29453125 0.0234375 0.0265625
4 0.58203125 0.2828125 0.01328125 0.03046875
4 0.61484375 0.41328125 0.0140625 0.015625
4 0.61015625 0.428125 0.01484375 0.0203125
4 0.6234375 0.3875 0.0140625 0.01953125
4 0.6234375 0.375 0.01640625 0.01328125
4 0.4265625 0.365625 0.01484375 0.02109375
4 0.4109375 0.371875 0.01171875 0.01796875
4 0.3875 0.3765625 0.015625 0.015625
4 0.39140625 0.3578125 0.01484375 0.01875
4 0.65078125 0.40625 0.01171875 0.0203125
4 0.63515625 0.38828125 0.01796875 0.0203125
4 0.6515625 0.44296875 0.01796875 0.01875
4 0.68125 0.44453125 0.01484375 0.01796875
4 0.68046875 0.40703125 0.01484375 0.01484375
4 0.69296875 0.409375 0.015625 0.01953125
2 0.55390625 0.37109375 0.02578125 0.025
2 0.6015625 0.35625 0.028125 0.02578125
2 0.6015625 0.38125 0.025 0.02421875
2 0.634375 0.359375 0.02890625 0.028125
2 0.68125 0.35703125 0.03046875 0.02578125
1 0.79609375 0.3984375 0.0765625 0.03671875
6 0.6890625 0.384375 0.04140625 0.03203125
2 0.72109375 0.40703125 0.03203125 0.03046875
3 0.7328125 0.371875 0.0203125 0.02421875
3 0.74609375 0.42734375 0.01953125 0.01953125
2 0.76484375 0.44140625 0.02578125 0.0265625
0 0.79921875 0.42578125 0.02109375 0.025
2 0.81484375 0.4359375 0.02578125 0.03203125
2 0.84765625 0.43828125 0.0265625 0.0234375
2 0.89453125 0.43671875 0.03125 0.0296875
2 0.8234375 0.37109375 0.028125 0.0296875
2 0.85546875 0.378125 0.028125 0.034375
6 0.796875 0.3734375 0.03046875 0.03671875
4 0.81328125 0.41875 0.01640625 0.02421875
2 0.88046875 0.371875 0.03359375 0.03125
2 0.90703125 0.3796875 0.03046875 0.02890625
1 0.87421875 0.4109375 0.06953125 0.04140625
1 0.9359375 0.41015625 0.065625 0.04453125
4 0.86875 0.39140625 0.01640625 0.021875
4 0.8796875 0.38828125 0.01640625 0.0265625
0 0.9859375 0.45078125 0.021875 0.0265625
0 0.9140625 0.45078125 0.02578125 0.0265625
3 0.934375 0.45234375 0.0234375 0.02421875
2 0.9265625 0.43203125 0.02890625 0.0265625
2 0.9609375 0.43671875 0.025 0.02109375
2 0.97421875 0.40859375 0.02890625 0.03046875
2 0.94921875 0.384375 0.02109375 0.03203125
3 0.92890625 0.378125 0.0265625 0.03046875
2 0.97578125 0.384375 0.03046875 0.02421875
2 0.99453125 0.409375 0.01015625 0.03671875
2 0.99609375 0.3859375 0.00703125 0.028125
4 0.85703125 0.45078125 0.02109375 0.01875
2 0.7234375 0.4390625 0.0296875 0.0234375
4 0.7359375 0.4515625 0.01796875 0.01953125
2 0.678125 0.4265625 0.03515625 0.0265625
2 0.6640625 0.39921875 0.0296875 0.03359375
4 0.57109375 0.53046875 0.01328125 0.0234375
4 0.56328125 0.5734375 0.01640625 0.0296875
2 0.49375 0.5765625 0.01640625 0.046875
0 0.4546875 0.76640625 0.02109375 0.03203125
4 0.453125 0.83203125 0.0140625 0.034375
5 0.17265625 0.8953125 0.04140625 0.05859375
2 0.03203125 0.665625 0.0234375 0.028125
2 0.0875 0.56171875 0.02578125 0.0265625
2 0.04453125 0.55390625 0.02109375 0.025
2 0.03828125 0.58046875 0.02578125 0.03125
6 0.34453125 0.409375 0.02578125 0.03203125
4 0.33046875 0.41796875 0.01796875 0.0203125
4 0.33828125 0.35 0.01640625 0.01953125
4 0.359375 0.35 0.01640625 0.02109375
4 0.36171875 0.3265625 0.0140625 0.01171875
4 0.315625 0.31953125 0.009375 0.01484375
4 0.30859375 0.30859375 0.0140625 0.01484375
4 0.334375 0.334375 0.01796875 0.01875
0 0.29453125 0.32109375 0.025 0.02109375
0 0.290625 0.34609375 0.01953125 0.02109375
4 0.28515625 0.33125 0.01640625 0.01640625
4 0.3109375 0.33671875 0.01875 0.0265625
2 0.2453125 0.3453125 0.02421875 0.02578125
2 0.40859375 0.33671875 0.02421875 0.02578125
2 0.0140625 0.12734375 0.028125 0.034375
4 0.06953125 0.11484375 0.0203125 0.03671875
4 0.13203125 0.13046875 0.0265625 0.0265625
4 0.09375 0.084375 0.01875 0.03125
4 0.0296875 0.04609375 0.01328125 0.01953125
4 0.0140625 0.06796875 0.028125 0.02578125
0 0.0421875 0.0140625 0.025 0.028125
4 0.25859375 0.146875 0.01640625 0.02421875
4 0.45390625 0.14453125 0.0203125 0.03203125
4 0.415625 0.16640625 0.01640625 0.01875
4 0.4 0.1859375 0.01640625 0.01953125
4 0.359375 0.175 0.01328125 0.02578125
2 0.359375 0.19453125 0.02578125 0.0265625
2 0.4140625 0.2 0.02421875 0.0265625
2 0.41484375 0.18203125 0.02421875 0.0234375
0 0.384375 0.21796875 0.01953125 0.03046875
0 0.4 0.228125 0.021875 0.028125
0 0.4171875 0.22109375 0.02109375 0.03515625
2 0.3609375 0.2171875 0.028125 0.03203125
4 0.34375 0.21796875 0.015625 0.0234375
2 0.38984375 0.196875 0.028125 0.03125
0 0.50625 0.14609375 0.01953125 0.02109375
2 0.559375 0.078125 0.01875 0.0359375
2 0.62578125 0.01484375 0.01875 0.0296875
4 0.671875 0.22890625 0.01484375 0.021875
4 0.69921875 0.1234375 0.00703125 0.03359375
4 0.70859375 0.12890625 0.009375 0.0265625
2 0.77890625 0.15859375 0.01484375 0.0453125
2 0.76640625 0.1921875 0.02421875 0.0296875
3 0.78828125 0.1734375 0.01171875 0.0390625
3 0.80703125 0.20078125 0.021875 0.02578125
2 0.8390625 0.18125 0.0234375 0.025
2 0.821875 0.03359375 0.01328125 0.04375
2 0.4828125 0.34609375 0.0265625 0.0234375
2 0.54296875 0.01015625 0.01640625 0.0203125
4 0.3 0.58046875 0.015625 0.01796875
4 0.296875 0.58671875 0.01796875 0.01328125
4 0.2953125 0.5953125 0.0140625 0.015625
4 0.68203125 0.12890625 0.01015625 0.0296875