5 0.21875 0.68984375 0.0640625 0.03515625
5 0.2796875 0.684375 0.059375 0.03984375
5 0.26796875 0.83828125 0.0796875 0.04921875
2 0.025 0.9421875 0.025 0.028125
2 0.0890625 0.88515625 0.03125 0.0265625
2 0.36875 0.93359375 0.03671875 0.03046875
2 0.69140625 0.86171875 0.0296875 0.03671875
2 0.75625 0.859375 0.03203125 0.03515625
2 0.8 0.8140625 0.03515625 0.025
2 0.8359375 0.71328125 0.03359375 0.03203125
2 0.9109375 0.7 0.03125 0.040625
2 0.9609375 0.72890625 0.0296875 0.03359375
2 0.971875 0.80078125 0.03359375 0.03984375
2 0.87421875 0.85 0.03125 0.0296875
2 0.81171875 0.86640625 0.03125 0.03828125
2 0.84921875 0.8125 0.02578125 0.03984375
4 0.121875 0.809375 0.0203125 0.0234375
4 0.04140625 0.81640625 0.015625 0.03046875
4 0.50859375 0.4234375 0.0109375 0.0515625
4 0.38359375 0.81875 0.02421875 0.02109375
4 0.22421875 0.790625 0.015625 0.03203125
0 0.71640625 0.771875 0.0203125 0.03671875
4 0.9296875 0.85546875 0.01640625 0.0296875
0 0.265625 0.79296875 0.0234375 0.034375
0 0.3796875 0.76796875 0.0265625 0.03125
0 0.471875 0.72421875 0.01796875 0.03515625
4 0.31953125 0.70078125 0.01640625 0.03515625
4 0.55859375 0.7640625 0.01015625 0.03203125
4 0.890625 0.72265625 0.01328125 0.021875
4 0.07109375 0.734375 0.01875 0.015625
4 0.0796875 0.75546875 0.0140625 0.0140625
4 0.4328125 0.8 0.015625 0.02578125
4 0.4984375 0.7796875 0.01171875 0.0234375
4 0.484375 0.821875 0.01171875 0.01796875
4 0.51640625 0.70859375 0.01171875 0.0296875
4 0.60625 0.76640625 0.01796875 0.015625
0 0.63125 0.8734375 0.0140625 0.028125
4 0.5296875 0.67421875 0.01171875 0.015625
4 0.46171875 0.1421875 0.01171875 0.04140625