4 0.5203125 0.4640625 0.00859375 0.009375
2 0.3421875 0.2875 0.01796875 0.0140625
2 0.403125 0.25078125 0.01171875 0.02109375
2 0.3921875 0.21875 0.01640625 0.01875
2 0.50625 0.328125 0.00859375 0.02890625
2 0.51796875 0.32734375 0.00859375 0.0296875
2 0.5578125 0.31796875 0.00703125 0.025
2 0.56796875 0.31953125 0.00859375 0.02421875
2 0.9578125 0.8734375 0.0109375 0.02578125
2 0.9421875 0.90625 0.00859375 0.02890625
2 0.7171875 0.65546875 0.00859375 0.0234375
6 0.8828125 0.640625 0.03984375 0.0203125
5 0.71796875 0.38515625 0.04609375 0.01953125
6 0.6609375 0.3859375 0.04140625 0.01953125
6 0.27734375 0.63359375 0.03046875 0.01953125
6 0.14453125 0.640625 0.03828125 0.01953125
6 0.11953125 0.67421875 0.0390625 0.025
4 0.5484375 0.2796875 0.0046875 0.0140625
3 0.7546875 0.853125 0.021875 0.01796875
3 0.71328125 0.8984375 0.01015625 0.03515625
4 0.52578125 0.27890625 0.003125 0.0140625
4 0.54296875 0.29375 0.003125 0.01484375
4 0.56875 0.28203125 0.0046875 0.01484375
4 0.5796875 0.30703125 0.00390625 0.01484375
4 0.5671875 0.23984375 0.003125 0.01484375
4 0.53359375 0.22734375 0.003125 0.01015625
4 0.54140625 0.228125 0.0046875 0.01171875
4 0.58203125 0.24296875 0.003125 0.01328125
4 0.51875 0.27890625 0.00390625 0.01328125
4 0.4140625 0.2703125 0.00390625 0.01328125
4 0.57421875 0.24375 0.003125 0.01328125
4 0.53203125 0.28046875 0.003125 0.0140625
4 0.53828125 0.29609375 0.003125 0.01328125
4 0.546875 0.2953125 0.003125 0.01171875
0 0.81953125 0.646875 0.01484375 0.01484375
2 0.68046875 0.646875 0.00546875 0.025
2 0.6734375 0.63203125 0.00625 0.025
2 0.66484375 0.63515625 0.00625 0.021875
2 0.67265625 0.65625 0.00625 0.01953125
0 0.81875 0.6046875 0.01171875 0.00859375
2 0.1609375 0.5296875 0.01640625 0.01484375
2 0.96953125 0.92109375 0.00703125 0.0234375
2 0.79296875 0.4515625 0.0140625 0.0140625
6 0.7359375 0.46328125 0.03359375 0.0234375
2 0.4765625 0.521875 0.01484375 0.01171875
6 0.31484375 0.47109375 0.025 0.0140625
2 0.9734375 0.86328125 0.01328125 0.02421875
6 0.83671875 0.49375 0.0296875 0.0140625
0 0.4890625 0.45546875 0.01328125 0.01171875
6 0.20859375 0.55 0.03203125 0.01640625
5 0.96328125 0.56171875 0.07109375 0.0234375
2 0.984375 0.81171875 0.01484375 0.03046875
2 0.996875 0.91484375 0.00546875 0.02109375
0 0.79296875 0.60546875 0.01171875 0.01328125
6 0.7859375 0.5859375 0.03515625 0.01640625
6 0.71953125 0.60625 0.02578125 0.01640625
3 0.7484375 0.6015625 0.02109375 0.01328125
2 0.728125 0.55625 0.01484375 0.01328125
2 0.5984375 0.565625 0.01328125 0.01171875
2 0.7359375 0.4890625 0.01796875 0.0140625
3 0.64921875 0.5484375 0.0203125 0.0140625
6 0.4078125 0.5515625 0.03828125 0.0203125
5 0.28671875 0.54921875 0.05078125 0.01875
4 0.7890625 0.3921875 0.00859375 0.009375
6 0.91328125 0.40859375 0.03671875 0.01875
4 0.8453125 0.4109375 0.00625 0.01171875
6 0.896875 0.521875 0.0359375 0.01640625
2 0.44375 0.5234375 0.01640625 0.0140625
2 0.615625 0.46015625 0.01796875 0.0140625
6 0.11875 0.5515625 0.040625 0.0203125
4 0.021875 0.62109375 0.00703125 0.00859375
2 0.24140625 0.565625 0.01484375 0.01328125
3 0.29140625 0.59296875 0.015625 0.01171875
3 0.10703125 0.53125 0.01875 0.01328125
4 0.09296875 0.571875 0.00703125 0.01015625
2 0.1328125 0.56953125 0.0140625 0.01171875
6 0.20703125 0.4859375 0.03203125 0.01796875
2 0.0234375 0.546875 0.01796875 0.0140625
4 0.2078125 0.61484375 0.00703125 0.00859375
3 0.56171875 0.525 0.0203125 0.015625
4 0.6515625 0.4484375 0.00859375 0.00625
4 0.69140625 0.55390625 0.00703125 0.01015625
4 0.9890625 0.465625 0.00625 0.01171875