1 0.21953125 0.67109375 0.05703125 0.03125
1 0.278125 0.66328125 0.05390625 0.03125
1 0.74765625 0.69453125 0.0546875 0.03125
4 0.00546875 0.8015625 0.009375 0.009375
4 0.05625 0.79296875 0.0140625 0.00859375
4 0.0515625 0.803125 0.0109375 0.009375
4 0.0640625 0.8140625 0.01328125 0.00859375
4 0.103125 0.8 0.01171875 0.00859375
4 0.13046875 0.8234375 0.01171875 0.009375
4 0.1375 0.809375 0.01171875 0.0109375
4 0.159375 0.79375 0.0109375 0.0109375
4 0.1734375 0.7203125 0.01015625 0.009375
4 0.265625 0.71328125 0.01171875 0.009375
4 0.43515625 0.68046875 0.009375 0.00859375
4 0.390625 0.78515625 0.0109375 0.01015625
4 0.4828125 0.77578125 0.01015625 0.0109375
4 0.4609375 0.71171875 0.009375 0.01484375
4 0.47109375 0.69609375 0.00859375 0.0140625
4 0.48125 0.659375 0.0046875 0.01640625
4 0.48984375 0.66171875 0.00625 0.01796875
4 0.4765625 0.640625 0.00546875 0.015625
4 0.5296875 0.58359375 0.00546875 0.0203125
4 0.528125 0.37890625 0.00546875 0.01875
2 0.4828125 0.471875 0.0109375 0.05
4 0.4734375 0.23515625 0.00625 0.01953125
4 0.51796875 0.8328125 0.00859375 0.01484375
4 0.52890625 0.82890625 0.01015625 0.015625
4 0.63515625 0.65703125 0.00859375 0.01015625
4 0.70078125 0.77734375 0.0109375 0.0109375
4 0.77890625 0.7640625 0.01015625 0.01015625
4 0.78125 0.7796875 0.01015625 0.01171875
4 0.71484375 0.7046875 0.01015625 0.0109375
4 0.81328125 0.71484375 0.009375 0.01171875
4 0.84140625 0.72578125 0.01015625 0.0109375
4 0.97890625 0.69140625 0.00625 0.00859375
4 0.85859375 0.775 0.009375 0.01015625
4 0.87421875 0.775 0.0109375 0.01015625
4 0.96171875 0.784375 0.01171875 0.01171875
4 0.24375 0.8015625 0.0109375 0.0140625
4 0.27890625 0.79765625 0.0109375 0.0109375
4 0.309375 0.78828125 0.01015625 0.009375
4 0.0890625 0.8875 0.009375 0.0109375
2 0.26796875 0.8171875 0.02109375 0.01953125
2 0.446875 0.79453125 0.02421875 0.0203125
2 0.45625 0.76875 0.021875 0.01640625
2 0.4984375 0.80390625 0.01875 0.01796875
2 0.86640625 0.79765625 0.02421875 0.0203125
2 0.13828125 0.96796875 0.01328125 0.01640625
0 0.5484375 0.84453125 0.0140625 0.01875
5 0.5703125 0.7984375 0.0296875 0.021875
0 0.30703125 0.6859375 0.01328125 0.01171875
0 0.76171875 0.853125 0.01484375 0.01796875
3 0.0359375 0.8953125 0.01484375 0.01796875
6 0.66484375 0.8140625 0.03984375 0.03046875