2 0.9765625 0.490625 0.03515625 0.03125
2 0.98203125 0.340625 0.0296875 0.0390625
2 0.77890625 0.25703125 0.03515625 0.0296875
2 0.76953125 0.1734375 0.0265625 0.0265625
2 0.7640625 0.5265625 0.0265625 0.03046875
2 0.5 0.36953125 0.02890625 0.0296875
2 0.475 0.525 0.02421875 0.0234375
2 0.2890625 0.54453125 0.0296875 0.03203125
2 0.153125 0.509375 0.02578125 0.0234375
2 0.12421875 0.5140625 0.02421875 0.021875
2 0.1296875 0.540625 0.02421875 0.02421875
2 0.10390625 0.540625 0.021875 0.01875
2 0.10234375 0.57109375 0.025 0.0203125
2 0.07734375 0.54375 0.0265625 0.0203125
2 0.0734375 0.515625 0.028125 0.021875
2 0.04609375 0.52109375 0.0234375 0.01796875
2 0.0453125 0.5515625 0.02578125 0.021875
2 0.04609375 0.57109375 0.02578125 0.01875
2 0.15625 0.2609375 0.02421875 0.04453125
2 0.01953125 0.04296875 0.01875 0.0484375
2 0.03671875 0.18515625 0.01796875 0.04609375
2 0.05078125 0.1984375 0.01640625 0.05
2 0.02265625 0.23671875 0.01875 0.04921875
2 0.040625 0.2453125 0.01640625 0.04921875
2 0.00859375 0.31171875 0.01640625 0.05078125
4 0.03203125 0.01015625 0.00703125 0.01953125
4 0.0234375 0.0078125 0.009375 0.015625
4 0.01484375 0.00546875 0.00703125 0.0109375
4 0.00625 0.06640625 0.00703125 0.021875
4 0.01015625 0.275 0.009375 0.021875
4 0.01640625 0.471875 0.01640625 0.01484375
4 0.03828125 0.50625 0.01328125 0.0109375
4 0.03828125 0.53828125 0.01328125 0.01015625
4 0.0421875 0.5859375 0.009375 0.009375
4 0.0546875 0.58671875 0.01171875 0.01015625
4 0.05234375 0.5984375 0.01171875 0.009375
4 0.06640625 0.5796875 0.01328125 0.009375
4 0.065625 0.56953125 0.01015625 0.00546875
4 0.06328125 0.559375 0.0109375 0.00703125
4 0.09140625 0.55625 0.0140625 0.009375
4 0.10390625 0.55625 0.01171875 0.009375
4 0.2609375 0.36640625 0.0140625 0.01875
4 0.79921875 0.3859375 0.0140625 0.015625
4 0.7953125 0.53515625 0.015625 0.01484375
0 0.44296875 0.5671875 0.01953125 0.0203125
0 0.1953125 0.37109375 0.0234375 0.02578125
0 0.10078125 0.5171875 0.021875 0.02109375
0 0.08359375 0.4515625 0.02578125 0.028125
0 0.0765625 0.5640625 0.01796875 0.02421875
0 0.03046875 0.28046875 0.01875 0.03359375
6 0.46640625 0.58984375 0.0390625 0.02421875
6 0.07109375 0.32578125 0.03125 0.071875