2 0.34140625 0.2890625 0.01796875 0.0140625
2 0.4015625 0.253125 0.01171875 0.02109375
2 0.39296875 0.21875 0.01640625 0.01875
2 0.50703125 0.32421875 0.00859375 0.02890625
2 0.5171875 0.3265625 0.00859375 0.0296875
2 0.5578125 0.31796875 0.00703125 0.025
2 0.5671875 0.31796875 0.00859375 0.02421875
2 0.95859375 0.86640625 0.0109375 0.02578125
2 0.94375 0.9015625 0.00859375 0.02890625
2 0.71953125 0.65390625 0.00859375 0.02421875
6 0.8828125 0.63515625 0.03984375 0.0203125
5 0.7171875 0.38359375 0.04609375 0.01953125
6 0.659375 0.38203125 0.04140625 0.01953125
6 0.2765625 0.63984375 0.03046875 0.01953125
6 0.1453125 0.646875 0.0390625 0.01953125
6 0.1203125 0.67890625 0.0390625 0.025
4 0.546875 0.27890625 0.0046875 0.0140625
3 0.75546875 0.85078125 0.021875 0.01796875
3 0.715625 0.89609375 0.009375 0.03515625
4 0.52578125 0.278125 0.003125 0.0140625
4 0.5421875 0.29140625 0.00390625 0.01484375
4 0.56875 0.28125 0.0046875 0.01484375
4 0.57890625 0.30625 0.00390625 0.01484375
4 0.5671875 0.2390625 0.003125 0.01484375
4 0.5328125 0.228125 0.003125 0.01015625
4 0.54140625 0.228125 0.0046875 0.01171875
4 0.58125 0.24296875 0.00390625 0.01328125
4 0.51796875 0.2796875 0.00390625 0.01328125
4 0.4140625 0.27421875 0.00390625 0.01328125
4 0.57421875 0.24296875 0.00390625 0.01328125
4 0.53125 0.28046875 0.003125 0.0140625
4 0.5375 0.29609375 0.003125 0.01171875
4 0.54609375 0.29453125 0.003125 0.01171875
0 0.81953125 0.64140625 0.01484375 0.01484375
2 0.6796875 0.6515625 0.00546875 0.0234375
2 0.6734375 0.634375 0.00625 0.025
2 0.66484375 0.6359375 0.00625 0.021875
2 0.67109375 0.6578125 0.00625 0.01953125
0 0.81875 0.603125 0.01171875 0.00859375
2 0.9703125 0.91796875 0.00703125 0.0234375
0 0.8640625 0.384375 0.01328125 0.01171875
2 0.9734375 0.85703125 0.01328125 0.02421875
5 0.9625 0.56171875 0.071875 0.0234375
2 0.9859375 0.80703125 0.01484375 0.03046875
0 0.7921875 0.60390625 0.01171875 0.01328125
6 0.72109375 0.60234375 0.02578125 0.01640625
3 0.7484375 0.596875 0.0203125 0.01328125
2 0.496875 0.52421875 0.015625 0.01171875
2 0.5765625 0.62421875 0.01171875 0.01171875
6 0.553125 0.60859375 0.02890625 0.01796875
2 0.46328125 0.603125 0.01640625 0.01484375
2 0.8453125 0.603125 0.01015625 0.028125
4 0.4015625 0.4109375 0.0109375 0.01328125
5 0.865625 0.53359375 0.05546875 0.01875
6 0.984375 0.5984375 0.03046875 0.02578125
6 0.84453125 0.72421875 0.03828125 0.02109375
6 0.03828125 0.43671875 0.0453125 0.01640625
1 0.10546875 0.471875 0.03671875 0.01640625
2 0.28046875 0.478125 0.015625 0.01484375
4 0.40078125 0.459375 0.009375 0.01328125
6 0.459375 0.4765625 0.02890625 0.01953125
6 0.61875 0.4734375 0.01796875 0.01796875
2 0.66171875 0.4890625 0.01875 0.015625
4 0.734375 0.44375 0.00703125 0.01015625
4 0.83984375 0.28671875 0.00546875 0.015625
4 0.70546875 0.5484375 0.00859375 0.0140625
2 0.721875 0.56171875 0.015625 0.01484375
6 0.64375 0.53671875 0.0265625 0.02109375
6 0.6484375 0.58671875 0.04296875 0.01796875
6 0.41171875 0.52421875 0.03046875 0.01796875
5 0.43359375 0.5453125 0.03671875 0.01953125
6 0.31640625 0.55078125 0.03203125 0.01953125
2 0.27421875 0.56875 0.0140625 0.015625
4 0.93203125 0.3859375 0.00859375 0.01328125
4 0.8640625 0.6 0.00859375 0.00859375
4 0.8828125 0.6140625 0.00703125 0.009375
4 0.8453125 0.64453125 0.00546875 0.01484375