4 0.00703125 0.021875 0.01328125 0.025
4 0.0046875 0.0953125 0.00859375 0.02890625
2 0.14609375 0.27421875 0.01875 0.0484375
0 0.1875 0.3859375 0.01875 0.021875
5 0.04296875 0.41015625 0.040625 0.053125
2 0.05 0.55625 0.02578125 0.0234375
2 0.01875 0.54453125 0.025 0.02421875
4 0.0171875 0.5765625 0.01640625 0.01875
2 0.04375 0.58125 0.0265625 0.0265625
4 0.03046875 0.56171875 0.0140625 0.0109375
2 0.77578125 0.24296875 0.02578125 0.0265625
2 0.765625 0.1609375 0.02578125 0.02578125
2 0.89921875 0.32578125 0.02578125 0.0265625
2 0.9828125 0.31328125 0.02578125 0.03203125
2 0.56640625 0.33671875 0.0203125 0.0203125
2 0.4984375 0.36875 0.0296875 0.03125
4 0.09453125 0.39453125 0.0109375 0.0265625
2 0.0078125 0.30703125 0.015625 0.05390625
4 0.82109375 0.52109375 0.02890625 0.02578125
4 0.42421875 0.553125 0.0140625 0.01953125