1 0.221875 0.66328125 0.05546875 0.0296875
1 0.27890625 0.65625 0.0546875 0.02890625
4 0.434375 0.65234375 0.009375 0.00859375
0 0.10234375 0.71015625 0.015625 0.01171875
4 0.06328125 0.7 0.01171875 0.009375
4 0.06953125 0.78515625 0.0140625 0.0109375
2 0.03828125 0.8546875 0.02421875 0.0203125
4 0.1171875 0.878125 0.01015625 0.01015625
4 0.14375 0.79375 0.01171875 0.01015625
4 0.11015625 0.9515625 0.0109375 0.00859375
0 0.1421875 0.9546875 0.0140625 0.01640625
2 0.21875 0.80703125 0.0203125 0.01796875
4 0.26171875 0.78125 0.01015625 0.009375
4 0.30625 0.9359375 0.009375 0.00703125
4 0.3609375 0.86875 0.01171875 0.0109375
2 0.3609375 0.903125 0.01796875 0.01875
4 0.41484375 0.77890625 0.0109375 0.01015625
4 0.45078125 0.75 0.01015625 0.00859375
4 0.47578125 0.7125 0.00546875 0.01875
4 0.4921875 0.7421875 0.00625 0.01796875
2 0.45625 0.915625 0.01953125 0.02109375
2 0.50546875 0.7375 0.01640625 0.03515625
4 0.53125 0.79375 0.00546875 0.01484375
4 0.5390625 0.771875 0.00703125 0.01796875
4 0.54609375 0.809375 0.00859375 0.015625
4 0.58515625 0.7390625 0.009375 0.01171875
4 0.64375 0.75703125 0.01015625 0.0109375
4 0.6390625 0.7953125 0.0109375 0.0109375
4 0.69140625 0.8484375 0.0109375 0.0109375
2 0.71640625 0.79375 0.01953125 0.0203125
2 0.77578125 0.784375 0.021875 0.02109375
2 0.74453125 0.85 0.0203125 0.01875
4 0.80546875 0.79375 0.01015625 0.01015625
2 0.86328125 0.81640625 0.0234375 0.0203125
2 0.90234375 0.81171875 0.0234375 0.021875
0 0.81015625 0.76484375 0.0140625 0.01484375
2 0.9484375 0.81640625 0.0234375 0.0203125
4 0.91015625 0.78828125 0.01171875 0.00859375
4 0.92578125 0.7734375 0.01171875 0.0109375
4 0.93046875 0.796875 0.01015625 0.009375
2 0.97578125 0.78515625 0.0234375 0.0203125
4 0.97890625 0.8609375 0.01171875 0.01015625
4 0.98671875 0.88984375 0.01328125 0.0109375
2 0.47578125 0.6546875 0.01328125 0.03671875
4 0.4921875 0.60546875 0.00546875 0.01640625
4 0.52890625 0.65078125 0.00546875 0.01875
4 0.53125 0.61953125 0.00546875 0.01796875
4 0.5265625 0.57421875 0.00546875 0.01953125
4 0.4921875 0.5359375 0.0046875 0.01953125
4 0.528125 0.49453125 0.00546875 0.01953125
2 0.51171875 0.365625 0.0109375 0.0390625
4 0.4765625 0.31953125 0.00546875 0.01875
2 0.51875 0.05546875 0.0109375 0.04609375
4 0.83828125 0.7265625 0.01015625 0.01015625
4 0.86640625 0.690625 0.01015625 0.0109375