2 0.59609375 0.54609375 0.01796875 0.03125
2 0.69921875 0.40859375 0.0203125 0.015625
2 0.61484375 0.38671875 0.01796875 0.0234375
2 0.68125 0.53046875 0.01796875 0.015625
2 0.79375 0.53125 0.02109375 0.01875
2 0.8578125 0.396875 0.0203125 0.01796875
2 0.8296875 0.35078125 0.01640625 0.01640625
2 0.784375 0.34140625 0.009375 0.02578125
2 0.575 0.6859375 0.00859375 0.034375
2 0.584375 0.68671875 0.00859375 0.02578125
2 0.575 0.6515625 0.00859375 0.03125
2 0.56640625 0.6828125 0.00859375 0.02578125
2 0.57265625 0.7234375 0.00859375 0.03203125
2 0.5828125 0.72421875 0.00859375 0.0296875
2 0.58046875 0.75859375 0.01015625 0.03125
2 0.56328125 0.75078125 0.01171875 0.03125
2 0.42578125 0.5796875 0.01875 0.01484375
4 0.421875 0.41484375 0.009375 0.01015625
4 0.37109375 0.44296875 0.009375 0.00859375
4 0.2515625 0.40546875 0.00703125 0.01328125
4 0.39609375 0.40546875 0.00859375 0.00859375
4 0.48671875 0.415625 0.01171875 0.0109375
0 0.36171875 0.459375 0.01484375 0.0140625
4 0.3921875 0.5453125 0.00859375 0.00859375
4 0.40859375 0.5640625 0.009375 0.01015625
4 0.565625 0.7078125 0.00546875 0.0140625
4 0.5546875 0.65625 0.0046875 0.01640625
4 0.559375 0.659375 0.0046875 0.01484375
4 0.565625 0.6296875 0.0046875 0.01484375
4 0.55234375 0.6109375 0.00703125 0.01640625
0 0.584375 0.66328125 0.009375 0.0234375
0 0.56640625 0.775 0.00859375 0.01875
4 0.5578125 0.8109375 0.00546875 0.01640625
4 0.57265625 0.76953125 0.00546875 0.01640625
4 0.759375 0.425 0.01015625 0.01015625
4 0.7234375 0.39140625 0.01015625 0.0109375
4 0.81875 0.39453125 0.01015625 0.01328125
4 0.60078125 0.4078125 0.00859375 0.01015625
4 0.7421875 0.5484375 0.009375 0.01015625
4 0.68828125 0.5484375 0.00859375 0.00546875
4 0.6875 0.54140625 0.00859375 0.00625
4 0.6796875 0.55078125 0.009375 0.00703125
4 0.68046875 0.51484375 0.01015625 0.00703125
4 0.6796875 0.54296875 0.01015625 0.00625
4 0.1015625 0.5765625 0.00859375 0.009375
2 0.1984375 0.29453125 0.01015625 0.0296875
0 0.56796875 0.3765625 0.01171875 0.01328125
2 0.0703125 0.540625 0.01953125 0.02109375
4 0.21171875 0.28671875 0.00625 0.01875