2 0.128125 0.390625 0.02578125 0.028125
2 0.25390625 0.52578125 0.01328125 0.034375
2 0.290625 0.5515625 0.01640625 0.04140625
4 0.215625 0.50625 0.01015625 0.01640625
2 0.46875 0.6140625 0.025 0.034375
4 0.51328125 0.6515625 0.01015625 0.0234375
4 0.53046875 0.60078125 0.00703125 0.02109375
2 0.553125 0.7046875 0.01484375 0.04140625
2 0.50703125 0.825 0.01171875 0.03984375
2 0.54921875 0.85625 0.01171875 0.03828125
4 0.51796875 0.81640625 0.00625 0.02109375
4 0.5609375 0.8109375 0.00859375 0.02109375
4 0.56015625 0.7671875 0.00625 0.021875
4 0.5546875 0.753125 0.00390625 0.01640625
2 0.5453125 0.74921875 0.01015625 0.034375
2 0.51953125 0.97265625 0.01015625 0.034375
2 0.52734375 0.92421875 0.01328125 0.034375
0 0.49375 0.8609375 0.00859375 0.01953125
4 0.45 0.7609375 0.01171875 0.009375
4 0.453125 0.8578125 0.01015625 0.00703125
4 0.453125 0.86640625 0.009375 0.00546875
4 0.453125 0.896875 0.00859375 0.0046875
4 0.453125 0.90546875 0.00703125 0.00546875
4 0.453125 0.91484375 0.00859375 0.00546875
4 0.51015625 0.49609375 0.0046875 0.01484375
2 0.553125 0.52109375 0.009375 0.03125
0 0.5640625 0.5578125 0.01015625 0.021875
2 0.57890625 0.41953125 0.009375 0.03984375
2 0.54609375 0.31953125 0.009375 0.03515625
2 0.50234375 0.26875 0.01015625 0.034375
2 0.52265625 0.375 0.02109375 0.02421875
0 0.5046875 0.38359375 0.00859375 0.021875
2 0.58046875 0.30546875 0.01328125 0.03203125
0 0.6421875 0.31171875 0.009375 0.02109375
0 0.63984375 0.33046875 0.01171875 0.01328125
2 0.66953125 0.35703125 0.01640625 0.01875
2 0.65078125 0.34921875 0.0203125 0.021875
2 0.640625 0.39609375 0.01796875 0.0234375
2 0.7 0.38125 0.01875 0.0234375
2 0.7265625 0.45625 0.01953125 0.025
4 0.71171875 0.4484375 0.00546875 0.0203125
4 0.68671875 0.33359375 0.0046875 0.015625
2 0.878125 0.29609375 0.01328125 0.0390625
2 0.821875 0.51328125 0.01171875 0.0296875
4 0.57578125 0.11171875 0.00546875 0.01953125
2 0.54375 0.08203125 0.01328125 0.034375
2 0.61171875 0.0453125 0.0203125 0.03203125
2 0.584375 0.146875 0.01015625 0.03515625
2 0.553125 0.18671875 0.01171875 0.04453125
0 0.565625 0.215625 0.00859375 0.028125
0 0.5640625 0.178125 0.00703125 0.02578125
2 0.515625 0.04296875 0.01484375 0.03203125
2 0.5078125 0.0765625 0.0109375 0.0359375
2 0.49921875 0.059375 0.01171875 0.0296875
4 0.659375 0.021875 0.00859375 0.009375
4 0.659375 0.03125 0.00859375 0.00859375
4 0.6546875 0.04921875 0.00703125 0.00703125
4 0.65703125 0.040625 0.00859375 0.00546875
4 0.64296875 0.115625 0.00703125 0.00859375
4 0.65390625 0.05703125 0.00859375 0.00625
4 0.63359375 0.1390625 0.00859375 0.00859375
4 0.628125 0.125 0.00859375 0.00546875
4 0.63046875 0.15234375 0.00859375 0.0046875
4 0.62734375 0.16875 0.00859375 0.00546875
4 0.628125 0.17734375 0.00859375 0.00546875
4 0.62578125 0.1859375 0.00859375 0.00703125
4 0.63046875 0.159375 0.00859375 0.00703125
4 0.62421875 0.13828125 0.00546875 0.009375
4 0.621875 0.14609375 0.00859375 0.0046875
4 0.6203125 0.153125 0.00703125 0.0046875
4 0.61875 0.1640625 0.00625 0.00546875
4 0.61953125 0.15859375 0.00625 0.0046875
4 0.61875 0.171875 0.00859375 0.0046875
4 0.61640625 0.17890625 0.00703125 0.00546875
4 0.61484375 0.19140625 0.00625 0.00546875
4 0.6140625 0.19765625 0.00703125 0.0046875
4 0.6125 0.20390625 0.00546875 0.00546875
4 0.6109375 0.2109375 0.00703125 0.00546875
4 0.615625 0.184375 0.009375 0.00625
2 0.6109375 0.01328125 0.0140625 0.0265625
2 0.98515625 0.6203125 0.01875 0.04296875
2 0.521875 0.0109375 0.0140625 0.021875