2 0.2078125 0.64140625 0.025 0.03125
2 0.453125 0.77578125 0.01484375 0.0515625
2 0.9171875 0.809375 0.03046875 0.03046875
2 0.75859375 0.80625 0.02890625 0.03359375
2 0.73515625 0.76484375 0.03125 0.034375
2 0.515625 0.75625 0.01484375 0.059375
0 0.1421875 0.8734375 0.0234375 0.03046875
0 0.034375 0.8984375 0.01796875 0.021875
0 0.546875 0.853125 0.02109375 0.028125
4 0.465625 0.7234375 0.01015625 0.02890625
4 0.178125 0.89921875 0.0140625 0.015625
4 0.50625 0.55390625 0.0109375 0.0296875
4 0.52109375 0.64296875 0.0109375 0.03828125
4 0.59765625 0.73671875 0.01640625 0.02421875
4 0.59296875 0.790625 0.01484375 0.02421875
4 0.471875 0.78671875 0.01484375 0.02578125
0 0.74140625 0.909375 0.02578125 0.034375
5 0.64296875 0.85625 0.05 0.03359375
4 0.63125 0.778125 0.015625 0.02578125
4 0.590625 0.8578125 0.01796875 0.02578125
4 0.6765625 0.746875 0.01484375 0.0296875
4 0.71640625 0.78671875 0.015625 0.02890625
4 0.5140625 0.028125 0.01328125 0.02890625
2 0.51015625 0.209375 0.01484375 0.05
3 0.521875 0.26484375 0.01640625 0.0546875
4 0.52109375 0.37890625 0.009375 0.0359375
4 0.53125 0.40390625 0.00859375 0.0359375
2 0.51875 0.46171875 0.01640625 0.05703125
4 0.209375 0.74609375 0.01796875 0.02109375