2 0.35546875 0.128125 0.01875 0.0359375
2 0.3734375 0.165625 0.01640625 0.03359375
2 0.38515625 0.15859375 0.01796875 0.040625
2 0.4203125 0.22578125 0.01953125 0.03671875
2 0.409375 0.2359375 0.01640625 0.03359375
2 0.446875 0.31953125 0.015625 0.03125
6 0.34296875 0.678125 0.02578125 0.04296875
2 0.70703125 0.20078125 0.01875 0.0296875
2 0.64921875 0.3140625 0.01875 0.034375
1 0.6203125 0.79453125 0.04453125 0.09140625
2 0.40546875 0.58125 0.01953125 0.02890625
2 0.3390625 0.09296875 0.0203125 0.04375
2 0.35703125 0.09296875 0.01640625 0.03125
0 0.33671875 0.5265625 0.01484375 0.01875
2 0.184375 0.7921875 0.01640625 0.03046875
4 0.3890625 0.59453125 0.00859375 0.01328125
0 0.22890625 0.69375 0.0140625 0.0203125
2 0.3171875 0.72109375 0.01953125 0.03125
2 0.6796875 0.25703125 0.02109375 0.03203125
2 0.3453125 0.040625 0.02109375 0.0390625
4 0.3734375 0.6171875 0.00859375 0.01484375
2 0.315625 0.04140625 0.01953125 0.03984375
3 0.45546875 0.246875 0.01484375 0.034375
2 0.40859375 0.45546875 0.01484375 0.0390625
2 0.365625 0.64453125 0.02109375 0.03046875
2 0.62890625 0.38203125 0.01953125 0.03671875
2 0.6625 0.74453125 0.01796875 0.03515625
2 0.5609375 0.73046875 0.01796875 0.03359375
2 0.58828125 0.746875 0.01875 0.0359375
2 0.58046875 0.775 0.01953125 0.03671875
1 0.5734375 0.67890625 0.03359375 0.07890625
2 0.74375 0.93125 0.02109375 0.03828125
2 0.721875 0.86171875 0.02109375 0.0234375
4 0.5515625 0.6640625 0.00859375 0.01796875
4 0.54140625 0.66953125 0.00625 0.0140625
4 0.54453125 0.690625 0.00859375 0.01640625
4 0.5421875 0.709375 0.01015625 0.01171875
4 0.52890625 0.6953125 0.00703125 0.015625
4 0.54609375 0.70234375 0.00859375 0.01796875
4 0.53671875 0.67578125 0.00859375 0.01640625
4 0.54296875 0.721875 0.00703125 0.01640625
4 0.534375 0.709375 0.00703125 0.01484375
2 0.61875 0.44453125 0.0203125 0.04140625
2 0.7359375 0.165625 0.02109375 0.034375
2 0.83125 0.1375 0.0265625 0.03828125
2 0.72578125 0.03125 0.01875 0.03203125
0 0.68125 0.0765625 0.0140625 0.02421875
0 0.6671875 0.090625 0.0109375 0.021875
2 0.44296875 0.2125 0.015625 0.02578125
2 0.1984375 0.9046875 0.0203125 0.0359375
2 0.23515625 0.84375 0.01875 0.03125
2 0.25546875 0.815625 0.025 0.03984375
2 0.1953125 0.68359375 0.0203125 0.03515625
2 0.2984375 0.74375 0.0203125 0.03359375
2 0.27890625 0.78046875 0.02109375 0.03125
2 0.31484375 0.6671875 0.0203125 0.03046875
2 0.37109375 0.590625 0.01875 0.03046875
2 0.384375 0.615625 0.01875 0.028125
2 0.3859375 0.19140625 0.01875 0.0359375
2 0.4015625 0.196875 0.01875 0.03671875
2 0.4140625 0.19453125 0.01640625 0.040625
3 0.4296875 0.184375 0.01171875 0.021875
4 0.41953125 0.1640625 0.00703125 0.01484375
4 0.4171875 0.17578125 0.00703125 0.0140625
4 0.42578125 0.20078125 0.00625 0.0140625
4 0.40546875 0.1609375 0.00546875 0.01171875
4 0.4 0.14765625 0.00625 0.015625
0 0.41015625 0.14140625 0.01171875 0.0234375
0 0.39609375 0.11953125 0.0109375 0.01875
2 0.3734375 0.12578125 0.01875 0.034375
2 0.38359375 0.1203125 0.01640625 0.0359375
2 0.3765625 0.08125 0.01875 0.034375
2 0.359375 0.071875 0.01875 0.03203125
2 0.321875 0.02578125 0.01953125 0.0296875
2 0.3390625 0.06015625 0.01796875 0.03828125
4 0.44375 0.2765625 0.00625 0.015625
4 0.453125 0.28671875 0.00625 0.0109375
4 0.43984375 0.25859375 0.0046875 0.015625
2 0.43203125 0.28203125 0.02109375 0.03828125
4 0.46328125 0.31875 0.009375 0.01875
0 0.36328125 0.31640625 0.015625 0.021875
2 0.215625 0.8671875 0.01796875 0.03046875
2 0.34375 0.62890625 0.01953125 0.028125
0 0.37578125 0.2640625 0.0140625 0.02421875
2 0.38515625 0.33125 0.01484375 0.03828125
2 0.76328125 0.125 0.01796875 0.0296875
2 0.590625 0.4640625 0.0203125 0.028125
2 0.52578125 0.4703125 0.0203125 0.02421875
0 0.45703125 0.4078125 0.01328125 0.021875
2 0.44453125 0.359375 0.0203125 0.03203125
3 0.153125 0.9578125 0.01875 0.03203125
2 0.4015625 0.53203125 0.01796875 0.0359375
4 0.409375 0.55625 0.009375 0.0140625
2 0.5734375 0.44296875 0.0234375 0.028125
5 0.67421875 0.309375 0.02109375 0.03671875
2 0.5609375 0.76171875 0.01640625 0.03203125
4 0.16171875 0.9171875 0.01015625 0.01640625
2 0.240625 0.51640625 0.015625 0.03515625
4 0.615625 0.53203125 0.009375 0.0203125
2 0.28203125 0.71875 0.02109375 0.03359375
4 0.17890625 0.890625 0.009375 0.01796875
2 0.1765625 0.91328125 0.01875 0.02890625
2 0.53828125 0.52421875 0.0203125 0.028125
2 0.31796875 0.13359375 0.01796875 0.03203125
0 0.32890625 0.01171875 0.0140625 0.0234375
2 0.7171875 0.22421875 0.01953125 0.034375
4 0.671875 0.34375 0.01015625 0.0140625
4 0.63046875 0.3609375 0.009375 0.01875
4 0.64453125 0.39140625 0.00859375 0.015625
2 0.61328125 0.38203125 0.01875 0.03203125
2 0.53359375 0.43828125 0.0234375 0.025
0 0.48671875 0.43046875 0.01484375 0.01953125
4 0.53359375 0.68828125 0.01015625 0.01796875
4 0.41328125 0.3296875 0.009375 0.0203125
0 0.659375 0.3140625 0.01171875 0.01796875
4 0.653125 0.36328125 0.009375 0.01875
4 0.64375 0.365625 0.0109375 0.01328125
2 0.40703125 0.38203125 0.01796875 0.034375
2 0.45390625 0.5859375 0.01953125 0.0296875
4 0.41328125 0.64453125 0.009375 0.015625
2 0.41953125 0.31328125 0.01875 0.0359375
2 0.43046875 0.3734375 0.01640625 0.034375
2 0.46875 0.390625 0.0203125 0.02578125
3 0.490625 0.4625 0.01640625 0.0265625
4 0.54609375 0.465625 0.01015625 0.015625
4 0.559375 0.47421875 0.009375 0.01328125
4 0.5546875 0.48671875 0.009375 0.01328125
0 0.5640625 0.53125 0.01484375 0.02421875
2 0.69375 0.26640625 0.01796875 0.03046875
4 0.63828125 0.3890625 0.00703125 0.01484375
4 0.63125 0.4109375 0.009375 0.01796875
4 0.64375 0.48125 0.00859375 0.02109375
2 0.62578125 0.6140625 0.01171875 0.04296875
4 0.74140625 0.05234375 0.00859375 0.0234375
0 0.6859375 0.159375 0.015625 0.025
4 0.671875 0.18984375 0.0109375 0.015625
2 0.36796875 0.19921875 0.01796875 0.0359375
0 0.29453125 0.05859375 0.01640625 0.03359375
4 0.2734375 0.0453125 0.009375 0.01484375
4 0.28046875 0.06953125 0.00859375 0.0203125
2 0.3703125 0.6984375 0.01640625 0.03515625
2 0.29453125 0.83359375 0.02109375 0.03203125
2 0.2609375 0.85546875 0.01953125 0.03046875
4 0.321875 0.075 0.00625 0.0140625
4 0.259375 0.7484375 0.009375 0.01171875
4 0.2609375 0.765625 0.009375 0.009375
4 0.240625 0.7609375 0.009375 0.0109375
4 0.26328125 0.77578125 0.00703125 0.01484375
2 0.23359375 0.80625 0.01875 0.03046875
4 0.2265625 0.83046875 0.01015625 0.01328125
4 0.196875 0.85390625 0.00859375 0.015625
4 0.19140625 0.87578125 0.009375 0.01796875
2 0.12890625 0.971875 0.0203125 0.0359375
4 0.596875 0.71015625 0.00703125 0.01484375