1 0.22578125 0.6578125 0.0546875 0.02890625
1 0.28203125 0.65078125 0.0546875 0.02890625
1 0.63359375 0.87109375 0.0546875 0.03125
4 0.0234375 0.703125 0.01328125 0.009375
4 0.06875 0.7109375 0.01328125 0.01015625
4 0.1015625 0.7046875 0.0109375 0.01015625
4 0.140625 0.69453125 0.0140625 0.009375
4 0.18828125 0.709375 0.01328125 0.01015625
0 0.37578125 0.68671875 0.0140625 0.0140625
4 0.06015625 0.91328125 0.009375 0.0140625
4 0.203125 0.7796875 0.01171875 0.009375
4 0.24140625 0.878125 0.01171875 0.01171875
4 0.27109375 0.77578125 0.0109375 0.01328125
2 0.3953125 0.79921875 0.0203125 0.0203125
4 0.4296875 0.878125 0.0109375 0.01171875
2 0.45703125 0.909375 0.0203125 0.0234375
2 0.11796875 0.90546875 0.01953125 0.01875
4 0.10625 0.934375 0.00859375 0.00859375
4 0.11328125 0.94375 0.01171875 0.00703125
4 0.18203125 0.92578125 0.01015625 0.009375
0 0.14609375 0.9484375 0.01484375 0.01796875
2 0.55859375 0.828125 0.01953125 0.02578125
2 0.58359375 0.74296875 0.0234375 0.0296875
2 0.5171875 0.73203125 0.01171875 0.0390625
4 0.47890625 0.71953125 0.00625 0.02109375
4 0.4765625 0.375 0.0046875 0.01875
4 0.4703125 0.33046875 0.00546875 0.021875
4 0.4734375 0.2328125 0.00546875 0.01953125
4 0.47109375 0.15546875 0.00625 0.0203125
2 0.48203125 0.1140625 0.01171875 0.03984375
4 0.53046875 0.015625 0.00546875 0.02421875
4 0.640625 0.79375 0.0109375 0.01171875
4 0.665625 0.75234375 0.01171875 0.0109375
4 0.73125 0.803125 0.01171875 0.009375
4 0.740625 0.78828125 0.0109375 0.01015625
4 0.73828125 0.7734375 0.01171875 0.01328125
4 0.76953125 0.784375 0.0109375 0.009375
4 0.76875 0.75078125 0.01015625 0.0109375
4 0.78359375 0.7734375 0.0109375 0.0140625
4 0.78828125 0.84921875 0.01328125 0.01328125
4 0.9109375 0.88046875 0.01328125 0.01015625
4 0.86875 0.79296875 0.01171875 0.0109375
4 0.9109375 0.7734375 0.01015625 0.01328125
4 0.95078125 0.78671875 0.0109375 0.01171875
2 0.98984375 0.8609375 0.0203125 0.02578125
3 0.76328125 0.88046875 0.02890625 0.0234375
2 0.84453125 0.8125 0.02109375 0.01875
4 0.5921875 0.6546875 0.0109375 0.009375
4 0.6109375 0.6546875 0.0109375 0.00859375
0 0.71171875 0.690625 0.015625 0.0140625
4 0.83828125 0.725 0.0109375 0.01171875