2 0.065625 0.50703125 0.03515625 0.03359375
2 0.02578125 0.534375 0.0265625 0.02578125
2 0.0765625 0.5546875 0.0265625 0.021875
2 0.0515625 0.55078125 0.021875 0.01953125
2 0.0421875 0.57890625 0.01171875 0.03125
2 0.05546875 0.5796875 0.01328125 0.03125
2 0.09375 0.5796875 0.02109375 0.01953125
2 0.18125 0.61484375 0.021875 0.025
2 0.096875 0.65 0.01796875 0.0296875
2 0.09140625 0.6859375 0.01953125 0.03671875
2 0.084375 0.72421875 0.01796875 0.03515625
0 0.20390625 0.590625 0.015625 0.02109375
0 0.25859375 0.61953125 0.01484375 0.02421875
0 0.31171875 0.45 0.01640625 0.0203125
0 0.471875 0.96953125 0.0140625 0.034375
0 0.421875 0.821875 0.01015625 0.03046875
0 0.34296875 0.78828125 0.0140625 0.02578125
0 0.44765625 0.69453125 0.0109375 0.0296875
4 0.240625 0.43984375 0.01640625 0.02109375
4 0.19921875 0.459375 0.0203125 0.01640625
4 0.2671875 0.48046875 0.01171875 0.01953125
2 0.384375 0.4578125 0.025 0.02109375
2 0.38671875 0.478125 0.0203125 0.01875
2 0.3890625 0.49765625 0.025 0.01953125
2 0.36171875 0.49609375 0.028125 0.021875
4 0.32578125 0.4765625 0.01328125 0.01328125
4 0.36015625 0.46875 0.01015625 0.0109375
4 0.4515625 0.48125 0.00859375 0.0234375
4 0.371875 0.46796875 0.009375 0.00859375
4 0.36953125 0.4796875 0.0109375 0.00859375
0 0.49296875 0.4265625 0.0109375 0.02578125
0 0.48203125 0.38046875 0.00859375 0.0296875
0 0.49140625 0.3859375 0.009375 0.03515625
0 0.49609375 0.33828125 0.009375 0.02578125
0 0.48828125 0.3140625 0.00859375 0.025
0 0.471875 0.3109375 0.01171875 0.02421875
4 0.38828125 0.38203125 0.009375 0.02109375
4 0.39921875 0.37890625 0.00625 0.021875
4 0.4078125 0.37578125 0.00703125 0.0203125
4 0.41796875 0.340625 0.00859375 0.015625
4 0.41953125 0.3765625 0.0046875 0.025
4 0.43125 0.37109375 0.00546875 0.01640625
4 0.43984375 0.34921875 0.00859375 0.0109375
4 0.43515625 0.325 0.009375 0.0109375
4 0.453125 0.321875 0.01171875 0.01015625
4 0.453125 0.34140625 0.009375 0.0140625
4 0.4578125 0.284375 0.01015625 0.0109375
4 0.44375 0.30859375 0.00859375 0.01171875
4 0.4484375 0.29453125 0.009375 0.009375
4 0.4265625 0.33828125 0.00625 0.0140625
4 0.4546875 0.3703125 0.0109375 0.015625
4 0.490625 0.25859375 0.00625 0.01875
4 0.503125 0.221875 0.00546875 0.021875
4 0.50859375 0.16328125 0.00703125 0.021875
4 0.50859375 0.1890625 0.00703125 0.01796875
4 0.48125 0.2109375 0.009375 0.0140625
4 0.48046875 0.22109375 0.01015625 0.00546875
2 0.48671875 0.1875 0.02109375 0.03515625
2 0.5109375 0.103125 0.01484375 0.03515625
4 0.52890625 0.09453125 0.00859375 0.01640625
4 0.54296875 0.059375 0.009375 0.0203125
0 0.521875 0.1234375 0.00859375 0.034375
0 0.54296875 0.10390625 0.01015625 0.0296875
0 0.53125 0.0609375 0.00859375 0.02578125
0 0.553125 0.02734375 0.01015625 0.02890625
0 0.5109375 0.2109375 0.00859375 0.0265625
0 0.5234375 0.203125 0.00859375 0.03046875
0 0.521875 0.165625 0.01328125 0.0296875
0 0.49921875 0.25546875 0.009375 0.02890625
2 0.5109375 0.26796875 0.0109375 0.05859375
2 0.45859375 0.70546875 0.01171875 0.0390625
1 0.57421875 0.09296875 0.02578125 0.090625
1 0.5515625 0.20078125 0.02578125 0.11015625
1 0.5328125 0.3140625 0.02578125 0.10546875
4 0.51875 0.375 0.00703125 0.021875
4 0.58828125 0.23828125 0.00703125 0.01796875
4 0.578125 0.24296875 0.00703125 0.01640625
4 0.6109375 0.18671875 0.00703125 0.02109375
4 0.56171875 0.34140625 0.00546875 0.015625
4 0.55859375 0.32734375 0.0046875 0.01875
0 0.5671875 0.315625 0.009375 0.0234375
0 0.571875 0.29453125 0.01015625 0.01640625
2 0.5828125 0.26328125 0.01171875 0.03671875
6 0.6078125 0.06015625 0.03359375 0.0765625
4 0.61328125 0.1203125 0.00859375 0.01875
6 0.590625 0.1375 0.02578125 0.0734375
6 0.5734375 0.2140625 0.02421875 0.06875
6 0.55703125 0.29609375 0.0296875 0.09296875
4 0.59765625 0.346875 0.00859375 0.0140625
4 0.59921875 0.36328125 0.00859375 0.01328125
4 0.60703125 0.378125 0.00859375 0.00703125
4 0.6078125 0.3484375 0.009375 0.00859375
4 0.6140625 0.39609375 0.00546875 0.01015625
4 0.60859375 0.35703125 0.00859375 0.01171875
4 0.71953125 0.49296875 0.0140625 0.01640625
4 0.7546875 0.4890625 0.01171875 0.01171875
4 0.821875 0.4640625 0.0109375 0.01171875
4 0.746875 0.421875 0.00546875 0.01953125
4 0.753125 0.36875 0.00625 0.021875
4 0.77109375 0.3765625 0.00546875 0.0234375
4 0.7609375 0.37734375 0.00625 0.021875
4 0.753125 0.42109375 0.00390625 0.021875
2 0.73125 0.45703125 0.021875 0.025
2 0.71953125 0.5609375 0.02578125 0.02109375
2 0.671875 0.53671875 0.0234375 0.01953125
2 0.62421875 0.5234375 0.0234375 0.021875
2 0.6234375 0.5484375 0.02109375 0.01875
2 0.64609375 0.54921875 0.0203125 0.01640625
2 0.67421875 0.5578125 0.0234375 0.015625
2 0.6984375 0.56484375 0.01796875 0.015625
2 0.7265625 0.69140625 0.01875 0.040625
2 0.70390625 0.80546875 0.021875 0.03125
0 0.84296875 0.56640625 0.021875 0.0234375
0 0.759375 0.46875 0.0140625 0.01796875
0 0.78671875 0.63984375 0.01015625 0.0265625
0 0.76953125 0.64296875 0.00859375 0.03046875
0 0.696875 0.54609375 0.021875 0.01640625
0 0.62109375 0.5875 0.01484375 0.01328125
0 0.6359375 0.51015625 0.0140625 0.015625
0 0.6734375 0.5765625 0.01796875 0.01484375
0 0.69296875 0.578125 0.0140625 0.015625
4 0.7296875 0.584375 0.009375 0.01875
4 0.671875 0.51015625 0.01484375 0.01328125
4 0.64921875 0.509375 0.01015625 0.01796875
4 0.609375 0.496875 0.01328125 0.009375
4 0.6234375 0.50625 0.00859375 0.01171875
4 0.61328125 0.51015625 0.009375 0.00703125
4 0.6140625 0.56171875 0.00859375 0.009375
4 0.62578125 0.56328125 0.00703125 0.00625
4 0.546875 0.565625 0.0109375 0.01484375
4 0.61328125 0.57265625 0.01171875 0.00703125
4 0.625 0.5734375 0.00859375 0.00859375
4 0.634375 0.58046875 0.009375 0.00625
4 0.70703125 0.590625 0.01171875 0.009375
4 0.68828125 0.590625 0.009375 0.00703125
4 0.70390625 0.628125 0.0140625 0.00703125
4 0.703125 0.63671875 0.0140625 0.00859375
4 0.7046875 0.64921875 0.01171875 0.00859375
4 0.73203125 0.646875 0.01171875 0.01171875
4 0.7015625 0.659375 0.01015625 0.00546875
4 0.7296875 0.65703125 0.01015625 0.01015625
4 0.66953125 0.521875 0.01328125 0.01015625
4 0.88046875 0.3796875 0.00859375 0.01640625
4 0.859375 0.3734375 0.00625 0.01875
4 0.84453125 0.37421875 0.0046875 0.01484375
4 0.80859375 0.371875 0.00546875 0.0234375
4 0.79609375 0.378125 0.0046875 0.0203125
4 0.778125 0.390625 0.00625 0.02421875
4 0.79375 0.42109375 0.00703125 0.01875
4 0.8171875 0.4234375 0.0046875 0.0203125
4 0.846875 0.41875 0.00390625 0.01875
4 0.87578125 0.41796875 0.0046875 0.01953125
4 0.853125 0.4203125 0.0046875 0.0234375
4 0.8234375 0.4203125 0.00546875 0.02109375
4 0.81171875 0.4234375 0.00546875 0.02421875
4 0.8984375 0.56875 0.015625 0.01171875
4 0.7796875 0.653125 0.00546875 0.021875