2 0.01875 0.04375 0.02421875 0.05859375
4 0.0046875 0.06328125 0.00859375 0.01796875
4 0.0296875 0.0078125 0.00703125 0.015625
2 0.15390625 0.25625 0.021875 0.04140625
3 0.0703125 0.321875 0.025 0.065625
0 0.0296875 0.2765625 0.01640625 0.02890625
4 0.01015625 0.271875 0.0109375 0.01953125
2 0.00703125 0.30390625 0.0140625 0.0453125
0 0.1953125 0.37109375 0.01640625 0.01640625
4 0.25859375 0.365625 0.01171875 0.009375
3 0.45546875 0.4296875 0.02578125 0.02109375
2 0.49921875 0.36640625 0.02421875 0.0234375
4 0.70078125 0.4234375 0.01171875 0.01171875
2 0.77890625 0.25546875 0.02578125 0.02421875
2 0.7703125 0.17421875 0.02578125 0.0234375
4 0.8921875 0.37421875 0.0140625 0.009375
4 0.8921875 0.5359375 0.01328125 0.01484375
4 0.8109375 0.521875 0.0140625 0.01171875
2 0.79375 0.4796875 0.02578125 0.02578125
2 0.42890625 0.52734375 0.0265625 0.0234375
6 0.46640625 0.590625 0.04140625 0.028125
4 0.22421875 0.578125 0.01328125 0.01171875
2 0.1234375 0.5140625 0.02421875 0.0203125
3 0.09921875 0.51484375 0.0203125 0.01796875
2 0.07265625 0.5140625 0.028125 0.0203125
2 0.0453125 0.521875 0.02578125 0.01875
4 0.03671875 0.50390625 0.0140625 0.01015625
2 0.103125 0.53984375 0.02109375 0.0203125
2 0.0765625 0.54140625 0.0296875 0.0203125
2 0.04296875 0.55 0.0296875 0.01875
2 0.0421875 0.57109375 0.028125 0.0203125
0 0.0765625 0.5609375 0.01484375 0.01875
4 0.11328125 0.5546875 0.01328125 0.0109375
4 0.09140625 0.55703125 0.0140625 0.01015625
4 0.07421875 0.59375 0.01328125 0.01015625
4 0.03671875 0.5359375 0.01640625 0.009375
4 0.0390625 0.58515625 0.01484375 0.00859375
4 0.053125 0.58671875 0.01328125 0.009375
4 0.0640625 0.55859375 0.0109375 0.01484375
4 0.0640625 0.56796875 0.0109375 0.01171875
4 0.0640625 0.578125 0.01328125 0.01171875