4 0.89296875 0.54609375 0.0140625 0.01484375
4 0.8703125 0.53046875 0.015625 0.01640625
4 0.82578125 0.53203125 0.015625 0.0203125
4 0.796875 0.4015625 0.0140625 0.01640625
4 0.64375 0.56328125 0.01640625 0.025
4 0.60859375 0.3546875 0.0203125 0.0203125
4 0.42421875 0.4 0.01171875 0.0109375
4 0.2640625 0.35703125 0.0140625 0.01328125
4 0.15390625 0.55078125 0.015625 0.01640625
4 0.0109375 0.05078125 0.009375 0.0265625
2 0.025 0.028125 0.02109375 0.04609375
2 0.02578125 0.253125 0.01875 0.05
2 0.16015625 0.25078125 0.02578125 0.046875
2 0.04921875 0.50703125 0.025 0.02421875
2 0.046875 0.53671875 0.0296875 0.028125
2 0.009375 0.578125 0.01875 0.025
2 0.1390625 0.56953125 0.03125 0.0234375
2 0.17578125 0.53359375 0.0265625 0.021875
2 0.5015625 0.36796875 0.025 0.021875
2 0.621875 0.5296875 0.03046875 0.0265625
2 0.984375 0.3546875 0.02578125 0.02421875
2 0.7734375 0.18125 0.02578125 0.0265625
2 0.78203125 0.26328125 0.03046875 0.02890625
0 0.94375 0.4859375 0.02890625 0.025
0 0.1984375 0.36328125 0.0234375 0.02890625
6 0.07265625 0.309375 0.03515625 0.078125