5 0.05625 0.55625 0.04296875 0.02109375
0 0.128125 0.57421875 0.0140625 0.0140625
5 0.1421875 0.6765625 0.04296875 0.025
5 0.16484375 0.64140625 0.0390625 0.01796875
3 0.24453125 0.55546875 0.01875 0.01953125
6 0.196875 0.484375 0.034375 0.0203125
5 0.29609375 0.6359375 0.034375 0.0203125
4 0.38046875 0.56484375 0.009375 0.01171875
6 0.4234375 0.54921875 0.0265625 0.01953125
3 0.4453125 0.5265625 0.01640625 0.015625
3 0.51796875 0.59609375 0.01953125 0.01953125
6 0.51015625 0.62265625 0.0296875 0.0203125
3 0.59375 0.6265625 0.01171875 0.01171875
2 0.7234375 0.61796875 0.01640625 0.01796875
2 0.73671875 0.65703125 0.00625 0.02421875
4 0.74375 0.59921875 0.00625 0.01015625
4 0.75078125 0.57109375 0.01015625 0.0140625
0 0.765625 0.61015625 0.01171875 0.0140625
5 0.41328125 0.484375 0.040625 0.01875
0 0.4375 0.45859375 0.01328125 0.01015625
4 0.50859375 0.46015625 0.01015625 0.01484375
1 0.59453125 0.5234375 0.04609375 0.0203125
6 0.60703125 0.5453125 0.03203125 0.01953125
1 0.678125 0.3859375 0.0484375 0.02109375
5 0.73671875 0.3859375 0.04453125 0.021875
5 0.78984375 0.475 0.0453125 0.0203125
2 0.8125 0.43359375 0.0203125 0.015625
2 0.859375 0.425 0.01796875 0.01796875
2 0.88984375 0.41171875 0.01796875 0.01484375
6 0.934375 0.40703125 0.0296875 0.0203125
6 0.915625 0.540625 0.03203125 0.0234375
4 0.82890625 0.59609375 0.00703125 0.01015625
0 0.840625 0.60703125 0.0109375 0.01015625
5 0.90625 0.64296875 0.04296875 0.02578125
2 0.9921875 0.5921875 0.015625 0.01796875
4 0.06953125 0.409375 0.01171875 0.01015625
2 0.36015625 0.28984375 0.01953125 0.02109375
2 0.5234375 0.3265625 0.01015625 0.0296875
2 0.5359375 0.328125 0.009375 0.034375
2 0.57578125 0.31875 0.009375 0.02890625
2 0.5859375 0.31953125 0.00859375 0.0265625