4 0.41484375 0.571875 0.01796875 0.028125
2 0.5234375 0.43671875 0.025 0.0296875
2 0.496875 0.36875 0.02578125 0.0296875
4 0.421875 0.409375 0.01953125 0.02109375
3 0.58125 0.4515625 0.0296875 0.0265625
2 0.74375 0.43125 0.02890625 0.03125
2 0.815625 0.41796875 0.03359375 0.0296875
2 0.80859375 0.37734375 0.02578125 0.021875
4 0.7296875 0.4 0.01796875 0.02109375
1 0.66328125 0.42421875 0.05703125 0.04140625
4 0.68828125 0.54453125 0.01796875 0.025
2 0.98359375 0.4546875 0.02578125 0.03125
2 0.90078125 0.40859375 0.02578125 0.0265625
0 0.8390625 0.390625 0.02109375 0.025
2 0.89921875 0.325 0.03203125 0.034375
0 0.9375 0.3828125 0.02578125 0.02578125
2 0.97890625 0.39609375 0.02890625 0.034375
2 0.98125 0.315625 0.03125 0.03125
4 0.56484375 0.3390625 0.01796875 0.0203125
0 0.19140625 0.390625 0.02578125 0.0265625
2 0.1484375 0.278125 0.02421875 0.04921875
2 0.03203125 0.29140625 0.021875 0.05703125
0 0.0359375 0.1984375 0.01875 0.040625
4 0.00546875 0.2859375 0.0109375 0.0203125
2 0.00859375 0.31953125 0.01640625 0.06484375
2 0.08984375 0.58046875 0.03359375 0.02890625
2 0.05390625 0.559375 0.03125 0.02578125
2 0.02109375 0.5484375 0.034375 0.028125
4 0.01953125 0.5796875 0.01640625 0.02109375
4 0.0484375 0.5390625 0.01484375 0.01796875
4 0.03203125 0.53125 0.015625 0.021875
4 0.0328125 0.56640625 0.015625 0.01875
2 0.04375 0.58359375 0.02890625 0.028125
0 0.0796875 0.60078125 0.02109375 0.0203125
2 0.778125 0.24296875 0.0359375 0.03125
2 0.7640625 0.16015625 0.0296875 0.03359375
3 0.6765625 0.375 0.0234375 0.0265625
3 0.02265625 0.06328125 0.01875 0.03984375
3 0.07578125 0.290625 0.02421875 0.0546875
4 0.00390625 0.1 0.00703125 0.03984375
4 0.0046875 0.025 0.00703125 0.028125
3 0.021875 0.06015625 0.0140625 0.028125
3 0.034375 0.19609375 0.0140625 0.034375
3 0.0734375 0.28671875 0.01953125 0.03203125
2 0.03125 0.29296875 0.01875 0.05
4 0.00546875 0.2859375 0.01015625 0.01953125
2 0.00703125 0.31484375 0.0140625 0.0390625
2 0.14609375 0.28046875 0.015625 0.03828125
2 0.04296875 0.58359375 0.0203125 0.01484375
2 0.0890625 0.578125 0.0265625 0.01796875
2 0.01953125 0.54921875 0.0265625 0.01640625
2 0.053125 0.56015625 0.02109375 0.01484375
2 0.49609375 0.36796875 0.0203125 0.0109375
2 0.52265625 0.43671875 0.01796875 0.01640625
2 0.98359375 0.3140625 0.021875 0.0203125
2 0.98046875 0.39296875 0.021875 0.0140625
2 0.984375 0.4515625 0.021875 0.0203125
2 0.9 0.40703125 0.0203125 0.01640625
2 0.8984375 0.32109375 0.025 0.0203125
2 0.74296875 0.42890625 0.0203125 0.01484375
2 0.77421875 0.240625 0.021875 0.0140625
2 0.80859375 0.3765625 0.0203125 0.01484375
2 0.815625 0.41484375 0.02421875 0.0109375
2 0.765625 0.15625 0.0234375 0.01875
3 0.93671875 0.38046875 0.01640625 0.01484375
3 0.8390625 0.38984375 0.0140625 0.0140625
6 0.6765625 0.37109375 0.01640625 0.01875
4 0.72890625 0.40390625 0.01171875 0.01171875
1 0.66171875 0.42421875 0.04921875 0.01875
4 0.68671875 0.5390625 0.01171875 0.015625
6 0.5796875 0.45234375 0.01953125 0.01640625
4 0.56328125 0.33984375 0.0140625 0.015625
4 0.4140625 0.571875 0.01484375 0.015625
4 0.421875 0.40625 0.01015625 0.01953125
0 0.190625 0.38984375 0.01484375 0.01484375
3 0.078125 0.6015625 0.01796875 0.01640625
4 0.0484375 0.5390625 0.0140625 0.01484375
4 0.03203125 0.53203125 0.01015625 0.01171875
4 0.0328125 0.56484375 0.009375 0.0109375
4 0.01953125 0.57890625 0.0140625 0.0203125