1 0.2171875 0.671875 0.05625 0.03046875
1 0.275 0.66640625 0.0546875 0.0296875
4 0.04375 0.73828125 0.01328125 0.01171875
2 0.06796875 0.728125 0.0234375 0.015625
2 0.084375 0.88046875 0.02109375 0.0203125
2 0.12578125 0.790625 0.02109375 0.0234375
2 0.23046875 0.88828125 0.0203125 0.0234375
4 0.04921875 0.9453125 0.01171875 0.01171875
0 0.1359375 0.9625 0.01640625 0.01875
0 0.2296875 0.78203125 0.01640625 0.01796875
4 0.21875 0.81875 0.01328125 0.01171875
2 0.240625 0.71640625 0.021875 0.01796875
4 0.3140625 0.69375 0.0109375 0.0109375
0 0.34140625 0.7015625 0.01484375 0.015625
4 0.34609375 0.89296875 0.01171875 0.0109375
2 0.43828125 0.81875 0.021875 0.0234375
2 0.49609375 0.81875 0.0203125 0.02109375
4 0.4546875 0.70625 0.00703125 0.015625
4 0.4984375 0.725 0.01015625 0.01953125
4 0.515625 0.7546875 0.00625 0.0203125
2 0.534375 0.709375 0.01953125 0.040625
4 0.55078125 0.784375 0.0109375 0.01015625
0 0.5734375 0.86015625 0.01484375 0.01953125
2 0.5921875 0.821875 0.0234375 0.025
4 0.640625 0.7734375 0.0109375 0.015625
5 0.6328125 0.871875 0.03671875 0.03046875
4 0.653125 0.89140625 0.0140625 0.01171875
2 0.7 0.87109375 0.025 0.021875
1 0.771875 0.87578125 0.0640625 0.03828125
4 0.69609375 0.78359375 0.01484375 0.01171875
4 0.8609375 0.80390625 0.0109375 0.01015625
4 0.85625 0.81875 0.01171875 0.0109375
4 0.91640625 0.81796875 0.01171875 0.0109375
4 0.83515625 0.74609375 0.0109375 0.00859375
2 0.89375 0.7390625 0.021875 0.01953125
2 0.8578125 0.88828125 0.02890625 0.0234375
0 0.89921875 0.8859375 0.01953125 0.01796875
2 0.9734375 0.87890625 0.02578125 0.0234375
2 0.51953125 0.64296875 0.01328125 0.0390625
2 0.5140625 0.53984375 0.01328125 0.0390625
4 0.471875 0.60390625 0.00703125 0.0234375
4 0.48046875 0.53359375 0.00703125 0.01796875
4 0.47578125 0.49375 0.00703125 0.0234375