0 0.02421875 0.54296875 0.02421875 0.0265625
0 0.38359375 0.3875 0.02109375 0.025
0 0.35859375 0.40625 0.01875 0.01640625
0 0.33828125 0.44375 0.01484375 0.01875
0 0.34609375 0.465625 0.01328125 0.015625
0 0.365625 0.4640625 0.01484375 0.01796875
0 0.34453125 0.50390625 0.01484375 0.0203125
0 0.36328125 0.50859375 0.01640625 0.02109375
0 0.09453125 0.3875 0.0203125 0.025
2 0.196875 0.4453125 0.0296875 0.03046875
2 0.253125 0.47421875 0.028125 0.0359375
2 0.32734375 0.48671875 0.0234375 0.02109375
2 0.36640625 0.48671875 0.025 0.01953125
2 0.10703125 0.6453125 0.02578125 0.0265625
4 0.0640625 0.40625 0.01796875 0.02109375
4 0.13203125 0.409375 0.01171875 0.021875
4 0.23046875 0.4265625 0.015625 0.015625
4 0.33515625 0.409375 0.0140625 0.01953125
4 0.06953125 0.5640625 0.015625 0.0234375
4 0.04296875 0.5625 0.01484375 0.01953125
4 0.359375 0.38828125 0.01015625 0.015625
4 0.30625 0.4546875 0.01171875 0.009375
4 0.30625 0.46875 0.01015625 0.0109375
4 0.32109375 0.47109375 0.009375 0.009375
4 0.33203125 0.4640625 0.009375 0.0109375
4 0.32421875 0.446875 0.00859375 0.01171875
4 0.31953125 0.45703125 0.0109375 0.009375
4 0.365625 0.421875 0.0140625 0.00859375
4 0.34765625 0.43125 0.009375 0.01015625
4 0.36015625 0.43203125 0.01171875 0.00859375
4 0.375 0.43671875 0.01171875 0.00859375
4 0.35703125 0.44609375 0.0109375 0.00859375
4 0.3703125 0.446875 0.01171875 0.01171875
4 0.32890625 0.50546875 0.00859375 0.01171875
4 0.3484375 0.48203125 0.01015625 0.0140625
4 0.36171875 0.35390625 0.00546875 0.02578125
4 0.375 0.353125 0.0046875 0.0234375
4 0.38046875 0.353125 0.00390625 0.02578125
4 0.38671875 0.35078125 0.00390625 0.0203125
4 0.39296875 0.34921875 0.00390625 0.025
4 0.4 0.34921875 0.00390625 0.021875
4 0.40625 0.3484375 0.0046875 0.021875
4 0.396875 0.309375 0.00546875 0.01953125
4 0.41953125 0.26796875 0.01171875 0.0140625
4 0.41796875 0.284375 0.009375 0.009375
4 0.40859375 0.30390625 0.00859375 0.01796875
4 0.41328125 0.34296875 0.00546875 0.02421875
4 0.4390625 0.309375 0.01015625 0.015625
4 0.43671875 0.29375 0.01015625 0.01328125
4 0.434375 0.25859375 0.00703125 0.01171875
4 0.4453125 0.2390625 0.01171875 0.009375
4 0.44609375 0.26875 0.00625 0.01328125
4 0.4234375 0.3140625 0.00703125 0.01328125
4 0.45546875 0.25078125 0.009375 0.0140625
4 0.43046875 0.26875 0.00703125 0.0140625
4 0.5390625 0.021875 0.00703125 0.02421875
4 0.475 0.1484375 0.015625 0.009375
4 0.471875 0.16171875 0.0140625 0.0140625
4 0.45390625 0.1953125 0.009375 0.01171875
4 0.45078125 0.215625 0.00859375 0.01328125
2 0.48828125 0.1203125 0.015625 0.04140625
0 0.46328125 0.2703125 0.01484375 0.03046875
0 0.44765625 0.76640625 0.01328125 0.04296875
0 0.43125 0.971875 0.01171875 0.0359375
0 0.309375 0.853125 0.0140625 0.03046875
0 0.4359375 0.834375 0.01015625 0.03671875
0 0.4203125 0.81875 0.00859375 0.04609375
4 0.42890625 0.828125 0.0046875 0.03515625
4 0.40546875 0.90234375 0.021875 0.0234375
4 0.4421875 0.98125 0.00859375 0.03515625
4 0.5015625 0.7921875 0.009375 0.02578125
4 0.50546875 0.8296875 0.00703125 0.02421875
4 0.57421875 0.47109375 0.01640625 0.01953125
4 0.5359375 0.33125 0.01796875 0.0234375
4 0.62421875 0.5515625 0.01640625 0.01953125
4 0.70078125 0.540625 0.01171875 0.0265625
4 0.640625 0.57578125 0.01796875 0.01796875
4 0.65546875 0.60078125 0.01328125 0.02109375
4 0.74453125 0.478125 0.0140625 0.01640625
4 0.921875 0.5765625 0.015625 0.015625
4 0.91015625 0.60234375 0.015625 0.01875
4 0.940625 0.59296875 0.01328125 0.01796875
4 0.9578125 0.60625 0.01328125 0.01875
4 0.74921875 0.65546875 0.01796875 0.00703125
4 0.7859375 0.68203125 0.01640625 0.01484375
4 0.78203125 0.70078125 0.015625 0.0140625
4 0.7484375 0.66484375 0.01484375 0.01015625
4 0.7484375 0.68203125 0.01640625 0.00703125
4 0.8015625 0.40390625 0.00390625 0.028125
4 0.8078125 0.4015625 0.00546875 0.0296875
4 0.80859375 0.340625 0.00546875 0.03359375
4 0.81640625 0.34375 0.00546875 0.02421875
4 0.85703125 0.40078125 0.00625 0.025
4 0.83046875 0.346875 0.0046875 0.0234375
4 0.8609375 0.34609375 0.00703125 0.0265625
4 0.83828125 0.35859375 0.00859375 0.0234375
4 0.89453125 0.40078125 0.00546875 0.0265625
4 0.88046875 0.403125 0.0046875 0.02578125
4 0.87578125 0.33671875 0.00546875 0.0203125
4 0.88671875 0.40078125 0.00546875 0.02421875
4 0.92421875 0.4 0.00703125 0.0234375
4 0.95859375 0.45390625 0.0203125 0.01875
4 0.96640625 0.346875 0.00703125 0.02421875
4 0.92109375 0.34375 0.00703125 0.02109375
4 0.9390625 0.33984375 0.00546875 0.021875
4 0.909375 0.35703125 0.00859375 0.02109375
4 0.8703125 0.35546875 0.00546875 0.01640625
2 0.79296875 0.54921875 0.03359375 0.03828125
2 0.78125 0.44609375 0.0296875 0.0296875
2 0.86953125 0.58046875 0.02890625 0.0265625
2 0.77890625 0.7375 0.01796875 0.05
2 0.75078125 0.87265625 0.02578125 0.034375
0 0.83046875 0.67265625 0.01171875 0.03125
0 0.8515625 0.66640625 0.01328125 0.02890625
4 0.8421875 0.6859375 0.00859375 0.0234375
4 0.55625 0.309375 0.01015625 0.015625
4 0.54453125 0.2546875 0.01015625 0.015625
4 0.5390625 0.28203125 0.00703125 0.0203125
4 0.5734375 0.25703125 0.00625 0.0203125
4 0.59296875 0.228125 0.00546875 0.02421875
4 0.63125 0.1140625 0.00546875 0.021875
4 0.60703125 0.078125 0.00625 0.015625
4 0.60859375 0.0984375 0.00625 0.01875
4 0.6015625 0.10625 0.00390625 0.01875
4 0.61875 0.13515625 0.00859375 0.02109375
4 0.60703125 0.17578125 0.00703125 0.0203125
4 0.59921875 0.14609375 0.00546875 0.01640625
2 0.60546875 0.0390625 0.01796875 0.04921875
2 0.5953125 0.18046875 0.0140625 0.04453125
2 0.62265625 0.08359375 0.01796875 0.04921875
0 0.63125 0.040625 0.0109375 0.0296875
0 0.63984375 0.01328125 0.01015625 0.0265625
0 0.5984375 0.0859375 0.00859375 0.03125
0 0.61171875 0.12109375 0.00859375 0.0265625
0 0.621875 0.03828125 0.01015625 0.034375
4 0.621875 0.01171875 0.00546875 0.01640625
4 0.61796875 0.3125 0.00859375 0.01796875
4 0.6203125 0.33203125 0.00703125 0.01484375
4 0.62890625 0.34921875 0.00859375 0.01015625
4 0.62890625 0.3125 0.01015625 0.009375
4 0.63046875 0.32578125 0.00859375 0.01328125
4 0.63828125 0.3703125 0.00625 0.01640625
4 0.63828125 0.35546875 0.01328125 0.01015625
0 0.58046875 0.3890625 0.01015625 0.0296875
0 0.58671875 0.2921875 0.01171875 0.02890625
0 0.59296875 0.25703125 0.01015625 0.028125
0 0.57421875 0.36328125 0.01171875 0.02421875
0 0.58203125 0.26171875 0.00859375 0.0296875
0 0.603125 0.23359375 0.00859375 0.025
0 0.58359375 0.225 0.009375 0.03046875
0 0.60390625 0.19921875 0.009375 0.03125
6 0.5828125 0.159375 0.0390625 0.11015625
6 0.5609375 0.26171875 0.0359375 0.0890625
3 0.55 0.1984375 0.02578125 0.0640625