2 0.02890625 0.54453125 0.01171875 0.05
2 0.2078125 0.38671875 0.01171875 0.05078125
2 0.21796875 0.48203125 0.0140625 0.0390625
2 0.215625 0.51953125 0.009375 0.04140625
2 0.21015625 0.30078125 0.01015625 0.034375
2 0.1921875 0.71953125 0.01796875 0.0234375
2 0.25703125 0.6765625 0.0234375 0.025
2 0.41171875 0.625 0.02421875 0.028125
2 0.4171875 0.515625 0.01640625 0.0390625
2 0.4171875 0.465625 0.00859375 0.03828125
2 0.42578125 0.41015625 0.01171875 0.0296875
2 0.51953125 0.3703125 0.0140625 0.046875
2 0.51796875 0.47890625 0.0140625 0.0453125
2 0.39296875 0.77421875 0.01484375 0.0453125
2 0.3875 0.84140625 0.0140625 0.02890625
2 0.38671875 0.86015625 0.01796875 0.01640625
2 0.3890625 0.88125 0.01796875 0.0234375
2 0.384375 0.94765625 0.01484375 0.02421875
2 0.45546875 0.75703125 0.01171875 0.03828125
2 0.453125 0.81875 0.01171875 0.0359375
2 0.68359375 0.471875 0.01796875 0.02109375
2 0.684375 0.5140625 0.01640625 0.02421875
2 0.68359375 0.5390625 0.01328125 0.040625
2 0.64296875 0.51015625 0.02421875 0.01796875
2 0.6109375 0.5125 0.02109375 0.0203125
2 0.5390625 0.734375 0.015625 0.03125
2 0.53828125 0.76796875 0.01484375 0.03046875
2 0.528125 0.740625 0.01328125 0.0359375
2 0.52578125 0.8484375 0.00703125 0.04140625
2 0.0484375 0.63828125 0.02109375 0.02109375
2 0.70625 0.28046875 0.01484375 0.034375
2 0.74140625 0.32109375 0.0203125 0.03515625
2 0.809375 0.88203125 0.01171875 0.03125
2 0.83671875 0.89921875 0.01328125 0.04140625
2 0.846875 0.90078125 0.01015625 0.0484375
2 0.80078125 0.940625 0.01875 0.025
2 0.7984375 0.965625 0.0203125 0.0203125
2 0.7953125 0.98359375 0.01796875 0.01796875
4 0.015625 0.70546875 0.01171875 0.01484375
4 0.04609375 0.690625 0.01171875 0.02109375
4 0.06640625 0.7046875 0.01328125 0.01953125
4 0.078125 0.68671875 0.0140625 0.015625
4 0.08515625 0.69375 0.01875 0.01171875
4 0.10859375 0.6609375 0.01171875 0.0234375
4 0.13203125 0.68984375 0.015625 0.02109375
4 0.28046875 0.67265625 0.01484375 0.02109375
4 0.296875 0.67890625 0.01171875 0.01796875
4 0.33671875 0.67109375 0.01015625 0.02421875
4 0.3640625 0.6703125 0.01171875 0.0140625
4 0.371875 0.66953125 0.01171875 0.01796875
4 0.34921875 0.6015625 0.01171875 0.0140625
4 0.36171875 0.60546875 0.0109375 0.01171875
4 0.371875 0.60390625 0.0109375 0.021875
4 0.38046875 0.609375 0.01015625 0.01796875
4 0.43671875 0.7625 0.00703125 0.0265625
4 0.453125 0.721875 0.0140625 0.0296875
4 0.4484375 0.49609375 0.00859375 0.0265625
4 0.42890625 0.6 0.0109375 0.01796875
4 0.4359375 0.61171875 0.01171875 0.0140625
4 0.43515625 0.62734375 0.009375 0.0234375
4 0.43828125 0.340625 0.01171875 0.028125
4 0.56953125 0.3640625 0.01328125 0.025
4 0.51875 0.43046875 0.01015625 0.02109375
4 0.51640625 0.39375 0.00859375 0.0234375
4 0.6859375 0.34140625 0.01328125 0.0109375
4 0.690625 0.35390625 0.01328125 0.01640625
4 0.62421875 0.46484375 0.01171875 0.01640625
4 0.5890625 0.49375 0.01328125 0.01640625
4 0.57109375 0.50859375 0.01640625 0.01015625
4 0.5546875 0.47578125 0.01171875 0.021875
4 0.53203125 0.48515625 0.01015625 0.01796875
4 0.52578125 0.53515625 0.01171875 0.0265625
4 0.51640625 0.59453125 0.009375 0.01953125
4 0.5265625 0.60390625 0.01015625 0.025
4 0.5359375 0.58359375 0.009375 0.02890625
4 0.7203125 0.3390625 0.0140625 0.02109375
0 0.51875 0.75078125 0.01015625 0.03125
0 0.53125 0.79140625 0.00859375 0.03203125
0 0.53671875 0.81328125 0.01171875 0.0234375
0 0.5390625 0.83671875 0.01171875 0.0234375
0 0.53984375 0.85546875 0.01171875 0.028125
0 0.5390625 0.8828125 0.01015625 0.02421875
0 0.53984375 0.90546875 0.009375 0.034375
0 0.52421875 0.88359375 0.009375 0.0265625
0 0.52578125 0.95546875 0.009375 0.025
0 0.534375 0.9609375 0.00859375 0.025
0 0.52578125 0.978125 0.00859375 0.02109375
2 0.56171875 0.97421875 0.01796875 0.0203125
2 0.56171875 0.98515625 0.015625 0.01796875
4 0.509375 0.85 0.00703125 0.034375
4 0.50546875 0.88828125 0.00859375 0.021875
4 0.5125 0.878125 0.01171875 0.021875
4 0.51015625 0.98125 0.01171875 0.03359375
1 0.440625 0.90859375 0.01640625 0.09140625
1 0.4484375 0.64453125 0.01171875 0.08828125
1 0.459375 0.5109375 0.01640625 0.0734375
0 0.39375 0.6015625 0.01171875 0.01796875
0 0.46015625 0.59921875 0.00703125 0.025
0 0.3890625 0.70703125 0.01171875 0.025
0 0.4453125 0.7640625 0.009375 0.02890625
0 0.534375 0.646875 0.01171875 0.03203125
0 0.51796875 0.30703125 0.01328125 0.025
0 0.6421875 0.309375 0.01796875 0.025
0 0.6859375 0.3140625 0.01796875 0.02421875
0 0.671875 0.3265625 0.01875 0.021875
0 0.8546875 0.28671875 0.01484375 0.02578125
0 0.778125 0.47421875 0.0203125 0.02890625
0 0.7984375 0.4875 0.01875 0.0203125
0 0.546875 0.121875 0.01171875 0.0390625
2 0.784375 0.18203125 0.01640625 0.03828125
2 0.5765625 0.10234375 0.01875 0.03125
2 0.56328125 0.11171875 0.01875 0.0203125
2 0.559375 0.12734375 0.0234375 0.0234375
2 0.56171875 0.14140625 0.02421875 0.01796875
2 0.5640625 0.1625 0.0234375 0.021875
2 0.5625 0.18359375 0.01796875 0.02421875
2 0.56171875 0.203125 0.0203125 0.0265625
3 0.57421875 0.2578125 0.01640625 0.04375
2 0.7640625 0.2609375 0.01328125 0.03984375
2 0.86328125 0.13671875 0.01171875 0.04140625
2 0.86328125 0.17890625 0.01171875 0.0359375
2 0.8609375 0.20859375 0.009375 0.034375
2 0.91328125 0.328125 0.0234375 0.0265625
2 0.95859375 0.26640625 0.0109375 0.02578125
2 0.97421875 0.29375 0.02421875 0.01640625
2 0.990625 0.48828125 0.01875 0.021875
2 0.82578125 0.515625 0.02109375 0.01953125
2 0.89140625 0.52734375 0.025 0.01953125
2 0.5140625 0.16328125 0.009375 0.04296875
3 0.86171875 0.35390625 0.0203125 0.025
3 0.92890625 0.36796875 0.0203125 0.0265625
0 0.93359375 0.35546875 0.01796875 0.01796875
4 0.52421875 0.11953125 0.0140625 0.02109375
4 0.52890625 0.21015625 0.015625 0.028125
4 0.51640625 0.22421875 0.01015625 0.01953125
4 0.540625 0.25078125 0.0109375 0.0265625
4 0.553125 0.2609375 0.00859375 0.021875
4 0.57109375 0.3359375 0.0140625 0.025
4 0.596875 0.29765625 0.01796875 0.0359375
4 0.73359375 0.35078125 0.01328125 0.015625
4 0.79375 0.34921875 0.01171875 0.01171875
4 0.81640625 0.35234375 0.01328125 0.0234375
4 0.71796875 0.46875 0.009375 0.025
2 0.80546875 0.21640625 0.0140625 0.03359375
4 0.5421875 0.40546875 0.0140625 0.0296875
4 0.44453125 0.03671875 0.01015625 0.028125
0 0.51640625 0.05078125 0.01171875 0.0296875
0 0.546875 0.03671875 0.0140625 0.02890625
0 0.56640625 0.02734375 0.01015625 0.03125
2 0.57890625 0.0546875 0.02578125 0.034375
2 0.60703125 0.05 0.01875 0.025
2 0.6140625 0.02421875 0.01484375 0.025
2 0.6109375 0.00625 0.021875 0.0125
4 0.44921875 0.203125 0.01640625 0.02890625
0 0.4625 0.40390625 0.01640625 0.03125
0 0.46015625 0.24296875 0.00859375 0.02890625
2 0.03828125 0.2171875 0.01171875 0.046875
2 0.03828125 0.08046875 0.01171875 0.04140625
2 0.03671875 0.12109375 0.0109375 0.0390625
2 0.08671875 0.034375 0.02109375 0.02421875
2 0.1859375 0.05703125 0.02109375 0.015625
2 0.18046875 0.0828125 0.01875 0.02109375
2 0.203125 0.0625 0.01953125 0.0234375
2 0.21953125 0.06875 0.015625 0.0234375
2 0.28828125 0.09140625 0.01875 0.021875
2 0.30546875 0.09609375 0.01640625 0.01796875
2 0.33125 0.10078125 0.01875 0.0203125
2 0.403125 0.16640625 0.015625 0.04140625
2 0.4109375 0.1796875 0.009375 0.04375
2 0.4234375 0.1765625 0.01875 0.03125
4 0.45390625 0.1015625 0.009375 0.02109375
4 0.42578125 0.1203125 0.01171875 0.0234375
4 0.45546875 0.13203125 0.01171875 0.02578125
2 0.33359375 0.053125 0.00859375 0.04140625
2 0.35546875 0.05546875 0.01484375 0.04140625
2 0.22421875 0.25234375 0.01171875 0.02890625