5 0.21796875 0.6875 0.06875 0.03984375
5 0.28125 0.68046875 0.05703125 0.03046875
5 0.34296875 0.71640625 0.0734375 0.034375
2 0.07578125 0.75390625 0.025 0.02890625
2 0.1625 0.84140625 0.04375 0.03125
2 0.2015625 0.88203125 0.025 0.03671875
2 0.3734375 0.93515625 0.0265625 0.03203125
6 0.65546875 0.7015625 0.04453125 0.03828125
2 0.48203125 0.684375 0.01796875 0.04140625
2 0.52109375 0.76796875 0.0234375 0.05859375
2 0.47109375 0.81953125 0.0390625 0.01640625
2 0.49765625 0.8734375 0.02109375 0.034375
2 0.71953125 0.87421875 0.025 0.03515625
2 0.66796875 0.79375 0.0359375 0.02890625
0 0.43359375 0.67578125 0.01875 0.02578125
2 0.48125 0.23828125 0.0140625 0.05625
4 0.32265625 0.78671875 0.015625 0.025
4 0.09765625 0.903125 0.02109375 0.0203125
0 0.16328125 0.73203125 0.0265625 0.034375
0 0.534375 0.90625 0.0234375 0.0234375
4 0.5421875 0.71015625 0.015625 0.0390625
4 0.48359375 0.36328125 0.01171875 0.02421875
4 0.4796875 0.4109375 0.01328125 0.021875
4 0.4671875 0.175 0.01171875 0.0265625
4 0.47578125 0.54296875 0.015625 0.02890625
4 0.47109375 0.50859375 0.015625 0.015625
4 0.60078125 0.77578125 0.01796875 0.02890625
4 0.54921875 0.83984375 0.015625 0.02109375
4 0.8140625 0.77890625 0.01953125 0.03125
4 0.9546875 0.81640625 0.01484375 0.0296875
0 0.946875 0.8640625 0.0265625 0.03125
2 0.8015625 0.80625 0.03203125 0.03203125
4 0.4421875 0.78046875 0.0140625 0.0296875
4 0.5390625 0.86953125 0.009375 0.015625
4 0.31640625 0.95859375 0.01015625 0.01796875
4 0.08203125 0.81484375 0.01796875 0.021875
4 0.91875 0.796875 0.01953125 0.0203125
4 0.965625 0.7078125 0.0140625 0.01875
4 0.87421875 0.890625 0.01796875 0.01953125