4 0.025 0.81640625 0.01171875 0.0109375
4 0.09296875 0.8046875 0.015625 0.01171875
4 0.1484375 0.9125 0.01171875 0.01328125
4 0.2 0.7875 0.01015625 0.01328125
4 0.1984375 0.7140625 0.0109375 0.01484375
5 0.21640625 0.68125 0.05625 0.025
5 0.27578125 0.6734375 0.05703125 0.03046875
2 0.13828125 0.94140625 0.02109375 0.0203125
0 0.1375 0.9765625 0.01640625 0.0203125
2 0.24140625 0.828125 0.02421875 0.025
2 0.39609375 0.88515625 0.02578125 0.028125
4 0.446875 0.78671875 0.0109375 0.01484375
4 0.49140625 0.79140625 0.01328125 0.01328125
4 0.4734375 0.896875 0.015625 0.01640625
4 0.51796875 0.90546875 0.01171875 0.015625
4 0.5546875 0.92265625 0.0140625 0.01640625
0 0.509375 0.95703125 0.01953125 0.01640625
4 0.4734375 0.6640625 0.009375 0.021875
4 0.47890625 0.5953125 0.00859375 0.02421875
0 0.4734375 0.553125 0.01015625 0.02578125
4 0.5734375 0.74921875 0.01484375 0.01796875
4 0.5734375 0.79453125 0.01484375 0.01015625
2 0.58203125 0.81875 0.02578125 0.0234375
4 0.621875 0.79453125 0.015625 0.0140625
2 0.67109375 0.82578125 0.02421875 0.02421875
4 0.72109375 0.7953125 0.01171875 0.01796875
0 0.76640625 0.78125 0.01640625 0.02109375
0 0.79921875 0.71796875 0.01484375 0.01953125
4 0.78828125 0.7984375 0.0109375 0.01171875
4 0.81484375 0.80703125 0.01171875 0.0140625
4 0.84921875 0.8890625 0.0140625 0.0140625
4 0.94296875 0.7390625 0.0109375 0.01171875
0 0.4625 0.53671875 0.009375 0.0234375
2 0.47890625 0.49609375 0.01171875 0.0359375
4 0.478125 0.39453125 0.0046875 0.01796875
4 0.48359375 0.40546875 0.0046875 0.01953125
0 0.46796875 0.3890625 0.00859375 0.025
4 0.4671875 0.2203125 0.00625 0.01953125
4 0.50859375 0.21875 0.00703125 0.01953125
4 0.46484375 0.15 0.00625 0.01953125