2 0.9796875 0.33671875 0.02578125 0.021875
2 0.77421875 0.25390625 0.0296875 0.0234375
2 0.76640625 0.17578125 0.02578125 0.0296875
2 0.54453125 0.39609375 0.03125 0.0265625
2 0.496875 0.36875 0.0265625 0.03359375
2 0.3515625 0.565625 0.02890625 0.0234375
2 0.16953125 0.57578125 0.03046875 0.0234375
2 0.153125 0.265625 0.02421875 0.046875
2 0.01640625 0.04609375 0.0203125 0.0453125
2 0.084375 0.08671875 0.0234375 0.05390625
2 0.0515625 0.1109375 0.015625 0.053125
2 0.0609375 0.159375 0.0140625 0.03203125
2 0.03671875 0.190625 0.01953125 0.04375
2 0.0359375 0.240625 0.01328125 0.04140625
2 0.0171875 0.2640625 0.015625 0.04921875
6 0.06796875 0.3265625 0.03125 0.06640625
6 0.08203125 0.0296875 0.034375 0.059375
4 0.015625 0.13515625 0.0140625 0.0359375
4 0.01953125 0.0109375 0.009375 0.02109375
4 0.0109375 0.0109375 0.00703125 0.02109375
0 0.05625 0.13359375 0.00703125 0.0203125
0 0.19375 0.3765625 0.02109375 0.02109375
0 0.33984375 0.53984375 0.01953125 0.0234375
0 0.7953125 0.53046875 0.01796875 0.025
0 0.70859375 0.44140625 0.0203125 0.02109375
4 0.640625 0.546875 0.01171875 0.0140625
4 0.40625 0.55625 0.0140625 0.01484375
4 0.140625 0.56015625 0.01484375 0.01640625
4 0.1765625 0.41171875 0.01171875 0.01484375
4 0.259375 0.36875 0.0140625 0.0109375
6 0.465625 0.59140625 0.046875 0.04375