5 0.215625 0.6890625 0.065625 0.03515625
5 0.27890625 0.6765625 0.05703125 0.040625
2 0.3390625 0.93125 0.03125 0.0234375
2 0.3734375 0.9375 0.021875 0.03046875
2 0.5109375 0.821875 0.03671875 0.025
2 0.48046875 0.75703125 0.0359375 0.0515625
2 0.68828125 0.88359375 0.028125 0.040625
2 0.459375 0.22109375 0.02421875 0.04375
0 0.29375 0.70625 0.03515625 0.01484375
4 0.08125 0.7359375 0.01953125 0.02578125
4 0.203125 0.7203125 0.01328125 0.01796875
4 0.0890625 0.89921875 0.0203125 0.015625
4 0.19609375 0.87421875 0.01484375 0.02578125
4 0.16796875 0.9 0.01015625 0.0203125
4 0.1484375 0.90078125 0.0140625 0.01953125
4 0.06328125 0.96015625 0.015625 0.0203125
4 0.3015625 0.803125 0.01640625 0.015625
4 0.384375 0.77109375 0.01875 0.01953125
4 0.4234375 0.7640625 0.015625 0.0234375
2 0.47265625 0.64375 0.0140625 0.053125
4 0.46796875 0.70859375 0.01640625 0.03125
0 0.553125 0.73125 0.0140625 0.04375
0 0.6125 0.85859375 0.01640625 0.03515625
4 0.553125 0.85546875 0.0140625 0.0203125
4 0.49296875 0.71640625 0.01171875 0.01953125
4 0.51953125 0.66796875 0.01328125 0.01953125
4 0.52578125 0.75625 0.0109375 0.02421875
4 0.5140625 0.73984375 0.00859375 0.01953125
4 0.50859375 0.76171875 0.00859375 0.0203125
4 0.63359375 0.778125 0.01640625 0.0265625
4 0.603125 0.91484375 0.01015625 0.01796875
4 0.8734375 0.69921875 0.01796875 0.015625
4 0.85859375 0.71171875 0.0140625 0.01796875
4 0.84140625 0.72109375 0.01171875 0.01875
4 0.92578125 0.7046875 0.01484375 0.01796875
4 0.91875 0.72890625 0.01171875 0.01171875
4 0.95859375 0.73359375 0.02890625 0.015625
4 0.84921875 0.7859375 0.0109375 0.0296875
4 0.7953125 0.7796875 0.01171875 0.0234375
4 0.79296875 0.80390625 0.0140625 0.01640625
4 0.87890625 0.79375 0.015625 0.02109375
4 0.47890625 0.4671875 0.0109375 0.03125
4 0.51484375 0.49375 0.01015625 0.01875
4 0.02421875 0.81328125 0.01796875 0.01484375
4 0.3828125 0.91171875 0.01796875 0.0140625
4 0.5109375 0.09921875 0.00859375 0.0265625