3 0.11796875 0.603125 0.0234375 0.01875
5 0.13125 0.67421875 0.040625 0.0234375
5 0.15625 0.6390625 0.03984375 0.0234375
5 0.28828125 0.63671875 0.03203125 0.01640625
2 0.28359375 0.55 0.01953125 0.0140625
0 0.23671875 0.465625 0.01328125 0.0109375
1 0.21640625 0.48515625 0.03984375 0.0203125
3 0.225 0.50546875 0.01640625 0.01171875
3 0.25390625 0.503125 0.02109375 0.01328125
6 0.33359375 0.41015625 0.025 0.01875
3 0.38359375 0.428125 0.0203125 0.01796875
2 0.39453125 0.46484375 0.0203125 0.01953125
2 0.43125 0.4859375 0.01875 0.01484375
6 0.4734375 0.55078125 0.02578125 0.01875
6 0.50234375 0.6265625 0.0296875 0.01875
2 0.353125 0.29140625 0.01875 0.01640625
2 0.43125 0.3171875 0.01796875 0.01953125
2 0.5171875 0.33203125 0.01015625 0.02890625
2 0.52890625 0.33203125 0.01015625 0.03359375
2 0.56875 0.3234375 0.00859375 0.0265625
2 0.57890625 0.32421875 0.00859375 0.025
2 0.54609375 0.61328125 0.01796875 0.01640625
3 0.5859375 0.63125 0.01328125 0.0140625
2 0.56171875 0.46640625 0.01796875 0.01640625
4 0.5859375 0.43046875 0.01015625 0.01015625
6 0.60390625 0.503125 0.02578125 0.01640625
0 0.63125 0.56953125 0.0140625 0.0140625
2 0.72890625 0.6640625 0.009375 0.0234375
4 0.68828125 0.58671875 0.01015625 0.0140625
0 0.75625 0.61640625 0.01171875 0.01484375
4 0.68359375 0.46015625 0.01171875 0.009375
1 0.6734375 0.39140625 0.04296875 0.021875
5 0.72890625 0.39375 0.046875 0.0203125
4 0.81328125 0.6046875 0.009375 0.01171875
0 0.83046875 0.615625 0.0140625 0.01171875
2 0.83828125 0.59453125 0.01953125 0.01796875
3 0.86875 0.59375 0.01796875 0.01796875
0 0.88671875 0.60703125 0.0140625 0.01484375
5 0.8953125 0.653125 0.040625 0.0234375
6 0.89609375 0.41796875 0.02890625 0.01484375
0 0.98359375 0.4125 0.0140625 0.01640625
6 0.98359375 0.48671875 0.03203125 0.02421875
2 0.85859375 0.30390625 0.0109375 0.0265625