5 0.215625 0.67890625 0.0640625 0.040625
5 0.27421875 0.66796875 0.05703125 0.0609375
2 0.234375 0.81015625 0.02578125 0.0296875
2 0.31484375 0.81796875 0.028125 0.04453125
2 0.04375 0.9328125 0.025 0.034375
4 0.0140625 0.71640625 0.0140625 0.01953125
4 0.16015625 0.70703125 0.0234375 0.03046875
4 0.39921875 0.67578125 0.01796875 0.0296875
4 0.13046875 0.784375 0.0203125 0.01796875
2 0.36875 0.9265625 0.0265625 0.04453125
4 0.059375 0.71171875 0.01640625 0.03984375
2 0.55546875 0.859375 0.01875 0.04375
2 0.57265625 0.76484375 0.025 0.0484375
0 0.46640625 0.5265625 0.01796875 0.03515625
2 0.47109375 0.08671875 0.01875 0.05859375
4 0.51328125 0.3109375 0.01640625 0.034375
4 0.5171875 0.4109375 0.01328125 0.01953125
4 0.4734375 0.6015625 0.0109375 0.0265625
4 0.5234375 0.67109375 0.0140625 0.03359375
0 0.6109375 0.76328125 0.01796875 0.034375
0 0.66953125 0.8609375 0.01875 0.03046875
4 0.73515625 0.77890625 0.01796875 0.025
4 0.6359375 0.67421875 0.01171875 0.021875
4 0.6796875 0.68203125 0.01796875 0.01953125
4 0.8015625 0.69453125 0.01015625 0.025
4 0.85078125 0.85546875 0.015625 0.0234375
4 0.871875 0.81328125 0.01015625 0.0203125
2 0.9421875 0.82421875 0.02421875 0.02109375
2 0.91875 0.79453125 0.02421875 0.0203125
4 0.4859375 0.63828125 0.01015625 0.03125
4 0.5046875 0.91484375 0.01328125 0.015625
4 0.52890625 0.83984375 0.01171875 0.025
4 0.57578125 0.853125 0.01015625 0.025