2 0.36875 0.16171875 0.01953125 0.0359375
2 0.434375 0.61171875 0.01875 0.034375
6 0.34296875 0.678125 0.02578125 0.04296875
2 0.68359375 0.24609375 0.0203125 0.03515625
2 0.63203125 0.34140625 0.01796875 0.034375
1 0.61796875 0.7984375 0.04453125 0.09140625
2 0.403125 0.5796875 0.01953125 0.02890625
0 0.33515625 0.5234375 0.01484375 0.01875
2 0.184375 0.7921875 0.01640625 0.03046875
4 0.3859375 0.59296875 0.00859375 0.01328125
0 0.22578125 0.690625 0.0140625 0.0203125
2 0.31328125 0.72109375 0.01953125 0.03125
2 0.6640625 0.28203125 0.02109375 0.03203125
2 0.365625 0.64453125 0.02109375 0.03046875
2 0.66328125 0.74375 0.01796875 0.03515625
2 0.55703125 0.72890625 0.01796875 0.03359375
2 0.584375 0.740625 0.01875 0.0359375
2 0.58046875 0.7703125 0.01953125 0.03671875
1 0.5734375 0.67578125 0.03359375 0.07890625
2 0.74296875 0.9265625 0.02109375 0.03828125
2 0.71953125 0.865625 0.02109375 0.0234375
4 0.54921875 0.65859375 0.00859375 0.01796875
4 0.53984375 0.66484375 0.00625 0.0140625
4 0.54140625 0.68828125 0.00859375 0.01640625
4 0.52578125 0.68828125 0.00703125 0.015625
4 0.54609375 0.70234375 0.00859375 0.01796875
4 0.53359375 0.6734375 0.00859375 0.01640625
4 0.54140625 0.71953125 0.00703125 0.01640625
4 0.534375 0.70703125 0.00703125 0.01484375
2 0.703125 0.22109375 0.01796875 0.03125
2 0.82890625 0.1390625 0.0265625 0.03828125
2 0.721875 0.03125 0.01875 0.03203125
0 0.678125 0.08125 0.0140625 0.02421875
0 0.66484375 0.09296875 0.01171875 0.02421875
2 0.31796875 0.12890625 0.01953125 0.04375
2 0.19375 0.90703125 0.0203125 0.0359375
2 0.23203125 0.84609375 0.01875 0.03125
2 0.25546875 0.815625 0.025 0.03984375
2 0.1953125 0.68359375 0.0203125 0.03515625
2 0.29375 0.74453125 0.0203125 0.03359375
2 0.2734375 0.78125 0.02109375 0.03125
2 0.384375 0.615625 0.01875 0.028125
0 0.35859375 0.31328125 0.0140625 0.0234375
2 0.21171875 0.86875 0.01796875 0.03046875
2 0.33671875 0.734375 0.01875 0.03125
2 0.46015625 0.48359375 0.01328125 0.04296875
4 0.39296875 0.578125 0.009375 0.0140625
5 0.6359375 0.38984375 0.02109375 0.03671875
2 0.559375 0.7609375 0.01640625 0.03203125
2 0.2359375 0.51796875 0.015625 0.03515625
4 0.371875 0.621875 0.00546875 0.01171875
2 0.1734375 0.93125 0.01953125 0.03359375
2 0.65078125 0.34140625 0.01953125 0.034375
2 0.61328125 0.38203125 0.01875 0.03203125
4 0.6171875 0.4359375 0.0109375 0.01328125
2 0.48125 0.46796875 0.01171875 0.03359375
4 0.61171875 0.45546875 0.009375 0.01484375
4 0.63125 0.41953125 0.009375 0.01796875
4 0.6 0.44453125 0.00859375 0.02109375
4 0.7421875 0.04453125 0.00859375 0.0234375
2 0.3234375 0.778125 0.01875 0.03125
2 0.16015625 0.96796875 0.0203125 0.03671875
4 0.38046875 0.55 0.00703125 0.01484375
2 0.47265625 0.52890625 0.01875 0.03984375
2 0.65078125 0.3109375 0.01796875 0.034375
4 0.59453125 0.7140625 0.00859375 0.01484375
4 0.53359375 0.72421875 0.00703125 0.01953125
2 0.44609375 0.546875 0.01640625 0.04375
2 0.665625 0.315625 0.01796875 0.03046875
2 0.38125 0.66328125 0.02109375 0.03671875
2 0.48046875 0.4125 0.0140625 0.03984375
2 0.4671875 0.56875 0.01640625 0.034375
2 0.4171875 0.2640625 0.01875 0.03203125
2 0.2484375 0.91171875 0.01875 0.028125
2 0.1734375 0.90078125 0.0203125 0.03359375
2 0.35703125 0.60078125 0.01875 0.03515625
2 0.3046875 0.68203125 0.01875 0.034375
2 0.38046875 0.153125 0.01796875 0.03671875
2 0.49296875 0.5203125 0.01875 0.03984375
0 0.65625 0.18828125 0.01796875 0.02890625
2 0.265625 0.7484375 0.0203125 0.03828125
4 0.37578125 0.596875 0.00859375 0.0140625
2 0.340625 0.1 0.02109375 0.03828125
2 0.415625 0.22890625 0.01796875 0.03125
2 0.4640625 0.29296875 0.01875 0.03515625
4 0.484375 0.5609375 0.00859375 0.02421875
2 0.740625 0.21796875 0.01875 0.0296875
2 0.71640625 0.1890625 0.015625 0.02890625
1 0.69921875 0.29375 0.0484375 0.08984375
2 0.73203125 0.17109375 0.01953125 0.0359375
4 0.6234375 0.4625 0.00703125 0.01328125
4 0.6265625 0.44375 0.00703125 0.0140625
4 0.6234375 0.4234375 0.00703125 0.01328125
4 0.61796875 0.478125 0.00703125 0.01171875
4 0.68203125 0.77890625 0.01015625 0.02109375
2 0.403125 0.48203125 0.01328125 0.03828125
2 0.39140625 0.21328125 0.01796875 0.040625
4 0.828125 0.08125 0.01171875 0.01796875
4 0.78203125 0.1296875 0.01171875 0.01875
4 0.36171875 0.73359375 0.01015625 0.015625
4 0.2875 0.72265625 0.00703125 0.01484375
4 0.3734375 0.5625 0.009375 0.01953125
4 0.4265625 0.54140625 0.0046875 0.021875
2 0.44296875 0.3171875 0.01796875 0.03125
2 0.45859375 0.36640625 0.01640625 0.0359375
4 0.3984375 0.16875 0.009375 0.015625
0 0.425 0.12421875 0.0140625 0.021875
2 0.72421875 0.21171875 0.01875 0.02890625
4 0.71875 0.17109375 0.00859375 0.01640625
4 0.66796875 0.253125 0.00625 0.015625
6 0.62578125 0.87421875 0.03046875 0.05546875
2 0.65 0.903125 0.01875 0.03125
2 0.22109375 0.82578125 0.01875 0.02890625
4 0.19140625 0.8765625 0.01015625 0.01171875
4 0.1515625 0.928125 0.009375 0.02109375
2 0.13828125 0.98515625 0.01875 0.0296875
4 0.4015625 0.54296875 0.00859375 0.01328125
4 0.390625 0.55234375 0.00625 0.01171875
4 0.40703125 0.634375 0.00703125 0.01640625
2 0.49921875 0.44375 0.0109375 0.03515625
4 0.453125 0.3140625 0.00625 0.021875
4 0.4890625 0.39375 0.00859375 0.01875
4 0.46640625 0.4140625 0.009375 0.01796875
2 0.47109375 0.346875 0.01796875 0.03515625
4 0.39296875 0.15078125 0.00703125 0.0140625
2 0.31640625 0.05546875 0.01640625 0.03203125
2 0.66328125 0.81484375 0.0203125 0.0359375
2 0.4015625 0.521875 0.02109375 0.0359375
4 0.61328125 0.49375 0.00859375 0.015625
4 0.80703125 0.1171875 0.00859375 0.01953125
0 0.734375 0.24453125 0.0140625 0.01484375
2 0.74296875 0.18828125 0.0203125 0.028125
2 0.42890625 0.58515625 0.015625 0.03046875
4 0.40546875 0.55625 0.00703125 0.01015625
4 0.34453125 0.60390625 0.00703125 0.009375
2 0.32890625 0.64453125 0.01953125 0.03203125
2 0.403125 0.665625 0.01875 0.03046875
4 0.24296875 0.80859375 0.009375 0.01640625
4 0.24609375 0.88359375 0.00859375 0.0109375
4 0.303125 0.83515625 0.00703125 0.021875
4 0.22890625 0.9046875 0.01015625 0.0140625
4 0.22265625 0.9328125 0.009375 0.0140625
4 0.13828125 0.95078125 0.009375 0.01796875
4 0.44375 0.28828125 0.00859375 0.01484375
0 0.4421875 0.26171875 0.01171875 0.025
2 0.4 0.1890625 0.01640625 0.03515625
4 0.571875 0.490625 0.00859375 0.0203125
4 0.60078125 0.615625 0.00859375 0.01953125
4 0.46796875 0.446875 0.00546875 0.015625
2 0.19609375 0.9828125 0.01640625 0.03203125
4 0.35 0.64375 0.00703125 0.01328125
4 0.3265625 0.6765625 0.0046875 0.0109375
4 0.328125 0.70546875 0.00625 0.0140625
2 0.684375 0.9390625 0.01875 0.03515625
0 0.7078125 0.90390625 0.01640625 0.03125
4 0.640625 0.1984375 0.00859375 0.015625