2 0.73671875 0.103125 0.01796875 0.034375
2 0.7234375 0.0390625 0.0140625 0.02109375
2 0.70546875 0.27265625 0.01171875 0.02109375
2 0.66875 0.3734375 0.01484375 0.02578125
2 0.59140625 0.39140625 0.0140625 0.025
2 0.63984375 0.38828125 0.01328125 0.02421875
2 0.628125 0.41171875 0.01484375 0.025
2 0.6265625 0.4359375 0.015625 0.02578125
2 0.61328125 0.43359375 0.01328125 0.0203125
2 0.60703125 0.4640625 0.0140625 0.02421875
2 0.59921875 0.4578125 0.01171875 0.021875
2 0.60546875 0.4890625 0.0140625 0.025
2 0.58515625 0.48203125 0.0140625 0.0203125
2 0.59453125 0.48671875 0.01484375 0.025
2 0.28203125 0.153125 0.01015625 0.01796875
2 0.41484375 0.23515625 0.01796875 0.015625
2 0.44921875 0.13515625 0.01328125 0.021875
2 0.434375 0.27734375 0.00859375 0.028125
2 0.428125 0.31015625 0.00625 0.0296875
2 0.4015625 0.29921875 0.01328125 0.02421875
2 0.4390625 0.36640625 0.009375 0.03125
2 0.41640625 0.4015625 0.01171875 0.025
2 0.38828125 0.39609375 0.00859375 0.028125
2 0.409375 0.50703125 0.01484375 0.0234375
2 0.42265625 0.54609375 0.0140625 0.025
2 0.43828125 0.5765625 0.01484375 0.02578125
2 0.428125 0.71171875 0.0140625 0.021875
2 0.31171875 0.68828125 0.0140625 0.02421875
2 0.253125 0.7390625 0.015625 0.02578125
2 0.246875 0.51640625 0.0140625 0.025
2 0.07578125 0.81328125 0.01640625 0.0265625
2 0.0453125 0.896875 0.01875 0.028125
2 0.02890625 0.98671875 0.015625 0.02578125
2 0.0421875 0.98203125 0.01640625 0.021875
2 0.2515625 0.9875 0.01484375 0.025
2 0.20625 0.95078125 0.0140625 0.021875
2 0.20546875 0.98203125 0.0140625 0.025
2 0.40625 0.8328125 0.01484375 0.02578125
2 0.72890625 0.86015625 0.0140625 0.02421875
2 0.71640625 0.88984375 0.015625 0.02578125
2 0.70078125 0.89375 0.01484375 0.025
2 0.69921875 0.86796875 0.015625 0.02578125
2 0.68203125 0.83828125 0.0140625 0.0234375
2 0.68046875 0.85546875 0.01328125 0.02109375
2 0.66875 0.8609375 0.0140625 0.0234375
2 0.65546875 0.83828125 0.0140625 0.02890625
2 0.6671875 0.81171875 0.015625 0.0234375
2 0.66171875 0.82734375 0.01328125 0.02421875
2 0.62578125 0.82109375 0.01484375 0.0234375
2 0.64296875 0.8109375 0.0140625 0.02421875
2 0.628125 0.7859375 0.0140625 0.02109375
2 0.6140625 0.78203125 0.01171875 0.02421875
2 0.62421875 0.7625 0.01171875 0.0203125
2 0.59921875 0.7046875 0.01328125 0.0234375
2 0.61328125 0.73125 0.01640625 0.028125
2 0.57109375 0.709375 0.01015625 0.021875
2 0.60703125 0.75078125 0.0140625 0.02421875
2 0.5796875 0.75859375 0.01640625 0.028125
2 0.615625 0.67109375 0.01171875 0.01953125
2 0.5484375 0.659375 0.01640625 0.0296875
2 0.571875 0.59921875 0.015625 0.028125
2 0.54140625 0.58359375 0.01484375 0.01953125
0 0.77421875 0.91171875 0.00859375 0.015625
0 0.69296875 0.746875 0.00859375 0.01484375
0 0.67578125 0.7015625 0.00546875 0.01875
0 0.55078125 0.72421875 0.01015625 0.01328125
0 0.559375 0.6984375 0.00703125 0.01796875
0 0.6 0.765625 0.00859375 0.0140625
0 0.55078125 0.6890625 0.00703125 0.01796875
0 0.59296875 0.73125 0.00859375 0.015625
0 0.596875 0.72109375 0.00859375 0.01875
0 0.4546875 0.78515625 0.00859375 0.015625
0 0.5484375 0.55078125 0.00703125 0.01328125
0 0.58359375 0.53125 0.00859375 0.0140625
0 0.9328125 0.04296875 0.0109375 0.01953125
0 0.4328125 0.19765625 0.00703125 0.01484375
0 0.4265625 0.215625 0.00546875 0.015625
0 0.4328125 0.234375 0.00703125 0.01640625
0 0.43828125 0.30625 0.00625 0.015625
0 0.41953125 0.29453125 0.00546875 0.01640625
0 0.42734375 0.346875 0.00546875 0.01875
0 0.40390625 0.446875 0.00859375 0.015625
0 0.35390625 0.30859375 0.00859375 0.01484375
0 0.296875 0.24375 0.01015625 0.01796875
0 0.290625 0.20390625 0.009375 0.01484375
0 0.26953125 0.18359375 0.009375 0.01484375
0 0.3109375 0.053125 0.00703125 0.0109375
0 0.38046875 0.2390625 0.009375 0.01640625
4 0.29296875 0.0609375 0.00625 0.0109375
4 0.48359375 0.125 0.00546875 0.01015625
4 0.4953125 0.103125 0.00546875 0.009375
5 0.40703125 0.1484375 0.021875 0.04296875
4 0.4265625 0.25625 0.0046875 0.01171875
4 0.42265625 0.27265625 0.00390625 0.01171875
4 0.44375 0.2796875 0.0046875 0.0109375
4 0.41171875 0.284375 0.0046875 0.01328125
4 0.50859375 0.43671875 0.0046875 0.01171875
3 0.45859375 0.509375 0.01953125 0.03359375
4 0.35703125 0.534375 0.0046875 0.01015625
4 0.4734375 0.6203125 0.00625 0.01015625
4 0.290625 0.71015625 0.0046875 0.00703125
4 0.2875 0.78125 0.00625 0.01171875
4 0.0640625 0.8515625 0.00703125 0.01015625
3 0.06171875 0.8921875 0.01796875 0.02890625
0 0.13359375 0.93828125 0.01328125 0.02109375
4 0.3390625 0.96875 0.00625 0.0109375
4 0.3421875 0.8640625 0.0046875 0.01171875
6 0.646875 0.78671875 0.025 0.04453125
4 0.728125 0.903125 0.00625 0.0109375
4 0.7265625 0.94296875 0.00625 0.009375
4 0.715625 0.94375 0.00625 0.01015625
4 0.671875 0.83359375 0.0046875 0.01015625
4 0.64921875 0.71484375 0.00390625 0.00859375
4 0.61796875 0.7640625 0.0046875 0.0109375
4 0.6234375 0.73203125 0.0046875 0.01015625
4 0.6046875 0.76015625 0.00546875 0.0109375
4 0.5984375 0.75078125 0.00390625 0.009375
4 0.59375 0.7515625 0.0046875 0.01015625
4 0.59140625 0.74140625 0.0046875 0.01015625
4 0.58515625 0.73125 0.0046875 0.01015625
4 0.5828125 0.73828125 0.00390625 0.0109375
4 0.5796875 0.74140625 0.0046875 0.00859375
4 0.5859375 0.7515625 0.0046875 0.00859375
4 0.59296875 0.65625 0.00546875 0.009375
4 0.596875 0.64375 0.00546875 0.009375
4 0.553125 0.63515625 0.0046875 0.00859375
4 0.5515625 0.64609375 0.00546875 0.00703125
4 0.54609375 0.671875 0.00546875 0.0109375
4 0.534375 0.65078125 0.00546875 0.009375
4 0.609375 0.49921875 0.00625 0.00859375
4 0.60234375 0.51015625 0.00625 0.00625
4 0.59609375 0.50703125 0.00546875 0.00859375
4 0.590625 0.50859375 0.00546875 0.00859375
4 0.58984375 0.51796875 0.00546875 0.00859375
4 0.59296875 0.52109375 0.00546875 0.00703125
4 0.61328125 0.46953125 0.00703125 0.009375
4 0.68984375 0.3578125 0.0046875 0.009375
4 0.64140625 0.334375 0.00703125 0.01171875
4 0.72578125 0.38671875 0.00625 0.01171875
4 0.85546875 0.0515625 0.00625 0.0109375
4 0.684375 0.0671875 0.00546875 0.0109375
4 0.59921875 0.228125 0.00546875 0.009375
4 0.5734375 0.27421875 0.00546875 0.0109375
4 0.3875 0.2328125 0.00546875 0.009375