4 0.08203125 0.72578125 0.01796875 0.00859375
2 0.0890625 0.746875 0.02109375 0.021875
2 0.07890625 0.88984375 0.02890625 0.02890625
4 0.11953125 0.7984375 0.0140625 0.015625
2 0.13046875 0.83125 0.0234375 0.01953125
4 0.15234375 0.80703125 0.0140625 0.01640625
4 0.18046875 0.9015625 0.01640625 0.015625
0 0.140625 0.97578125 0.015625 0.01640625
4 0.28046875 0.79609375 0.01484375 0.01875
4 0.278125 0.896875 0.01171875 0.01484375
4 0.29140625 0.9109375 0.0109375 0.01875
4 0.3703125 0.79453125 0.01171875 0.0109375
4 0.40390625 0.759375 0.0109375 0.01015625
0 0.5109375 0.95234375 0.0140625 0.01484375
2 0.59921875 0.82109375 0.02421875 0.02109375
4 0.6828125 0.8765625 0.01484375 0.01328125
4 0.69375 0.78125 0.01015625 0.01171875
4 0.72109375 0.75625 0.01171875 0.01328125
4 0.71015625 0.79140625 0.01171875 0.01171875
4 0.8 0.85390625 0.01171875 0.0140625
1 0.8171875 0.890625 0.06328125 0.03671875
4 0.8609375 0.8 0.0109375 0.0109375
4 0.875 0.86015625 0.01328125 0.01015625
4 0.89296875 0.8015625 0.0109375 0.009375
0 0.93359375 0.78515625 0.01484375 0.01640625
4 0.9515625 0.7984375 0.0109375 0.01796875
0 0.984375 0.73828125 0.01953125 0.01796875
4 0.78515625 0.70625 0.01484375 0.015625
5 0.21796875 0.67890625 0.05546875 0.028125
5 0.2765625 0.671875 0.0546875 0.028125
4 0.4109375 0.68046875 0.01328125 0.0109375
4 0.50859375 0.60390625 0.0046875 0.02109375
0 0.46484375 0.53359375 0.009375 0.028125
2 0.5171875 0.4359375 0.0109375 0.0359375
4 0.47109375 0.390625 0.00625 0.01953125
4 0.47421875 0.29296875 0.00625 0.01796875
4 0.521875 0.2609375 0.00703125 0.01953125
0 0.46640625 0.33828125 0.0109375 0.0265625
2 0.4765625 0.1546875 0.01328125 0.03984375
0 0.4640625 0.05390625 0.009375 0.028125
4 0.46953125 0.01015625 0.00625 0.01875