2 0.3515625 0.11796875 0.01484375 0.0390625
2 0.36953125 0.153125 0.01640625 0.03359375
2 0.36328125 0.24453125 0.01640625 0.03359375
0 0.37890625 0.2390625 0.01171875 0.0296875
2 0.409375 0.2359375 0.01640625 0.03359375
0 0.30390625 0.07109375 0.01171875 0.025
6 0.3359375 0.66796875 0.02578125 0.04296875
4 0.63046875 0.46328125 0.00859375 0.01484375
4 0.671875 0.34609375 0.009375 0.01484375
3 0.7671875 0.0515625 0.0234375 0.03203125
2 0.7484375 0.15390625 0.0203125 0.02578125
2 0.7125 0.203125 0.0203125 0.0296875
2 0.68359375 0.18828125 0.0203125 0.03203125
2 0.728125 0.24453125 0.0203125 0.0265625
2 0.69140625 0.2390625 0.02109375 0.03515625
3 0.62578125 0.40546875 0.025 0.04453125
2 0.66484375 0.28046875 0.0203125 0.0359375
3 0.68671875 0.153125 0.01796875 0.021875
1 0.4171875 0.3140625 0.04453125 0.09140625
2 0.80390625 0.0671875 0.021875 0.034375
2 0.396875 0.5734375 0.01953125 0.02890625
2 0.33671875 0.084375 0.01875 0.03515625
0 0.33203125 0.5125 0.01484375 0.01875
2 0.23046875 0.503125 0.01640625 0.03671875
2 0.1734375 0.775 0.01640625 0.03046875
2 0.28671875 0.0171875 0.0203125 0.034375
2 0.57890625 0.46171875 0.021875 0.03203125
4 0.38203125 0.5859375 0.00859375 0.01328125
0 0.221875 0.67734375 0.0140625 0.0203125
2 0.30703125 0.70859375 0.0203125 0.03125
2 0.7484375 0.21796875 0.02109375 0.03203125
2 0.34375 0.02734375 0.02109375 0.0390625
4 0.33046875 0.05625 0.00859375 0.0140625
2 0.55546875 0.50078125 0.0203125 0.021875
4 0.36484375 0.609375 0.00859375 0.01484375
4 0.384375 0.6640625 0.009375 0.01640625
2 0.31328125 0.028125 0.01953125 0.03984375
0 0.434375 0.22890625 0.009375 0.025
3 0.45390625 0.24296875 0.01796875 0.03671875
2 0.403125 0.496875 0.01484375 0.0390625
2 0.36015625 0.6359375 0.02109375 0.03046875
4 0.37421875 0.65625 0.00859375 0.01796875
4 0.40859375 0.6296875 0.009375 0.01640625
4 0.26015625 0.8703125 0.0140625 0.01796875
4 0.29140625 0.81875 0.01171875 0.01953125
4 0.56953125 0.50859375 0.00859375 0.015625
4 0.584375 0.49765625 0.01015625 0.0140625
4 0.58203125 0.484375 0.00859375 0.0140625
2 0.6203125 0.36875 0.01796875 0.03359375
2 0.6015625 0.42109375 0.01796875 0.034375
2 0.765625 0.18359375 0.01953125 0.0296875
2 0.82421875 0.103125 0.021875 0.03828125
2 0.6546875 0.74609375 0.01796875 0.0359375
2 0.578125 0.74296875 0.01875 0.0359375
2 0.5703125 0.7734375 0.01953125 0.03671875
1 0.565625 0.68203125 0.03359375 0.07890625
2 0.7328125 0.934375 0.02109375 0.03828125
2 0.709375 0.86953125 0.02109375 0.0234375
4 0.54296875 0.66015625 0.00859375 0.01796875
4 0.53359375 0.66796875 0.00625 0.0140625
4 0.52578125 0.671875 0.00859375 0.01640625
4 0.51953125 0.69140625 0.00625 0.01484375
4 0.5265625 0.70546875 0.00625 0.01328125
4 0.534375 0.71875 0.00859375 0.01171875
4 0.5359375 0.7 0.00625 0.01171875
4 0.53515625 0.68515625 0.00625 0.01171875
4 0.59609375 0.48671875 0.0140625 0.01171875
4 0.446875 0.37109375 0.009375 0.01328125
4 0.51484375 0.440625 0.01015625 0.0140625
4 0.45078125 0.36171875 0.00859375 0.01484375
4 0.540625 0.45078125 0.00859375 0.01015625
4 0.5515625 0.47265625 0.009375 0.01015625
4 0.465625 0.39140625 0.01328125 0.01171875
4 0.615625 0.4484375 0.00859375 0.01640625
4 0.6234375 0.43671875 0.00703125 0.01796875
4 0.640625 0.39296875 0.00625 0.0109375
2 0.63671875 0.33515625 0.01875 0.0296875
4 0.71328125 0.309375 0.01015625 0.01484375
4 0.72890625 0.2671875 0.009375 0.01484375
0 0.740625 0.20234375 0.01328125 0.0234375
4 0.63984375 0.225 0.00859375 0.01484375
0 0.76796875 0.13203125 0.01328125 0.01875
2 0.7859375 0.103125 0.02109375 0.03125
2 0.834375 0.02578125 0.0203125 0.03125
2 0.8609375 0.06640625 0.02109375 0.03203125
0 0.87890625 0.02734375 0.01640625 0.02421875
4 0.87890625 0.05859375 0.01171875 0.01796875
4 0.81328125 0.14453125 0.009375 0.0140625
2 0.83046875 0.14765625 0.0265625 0.03828125
2 0.72578125 0.03515625 0.01875 0.03203125
0 0.68125 0.08671875 0.0140625 0.02421875
0 0.66640625 0.0953125 0.0109375 0.021875
4 0.74296875 0.078125 0.0109375 0.01875
2 0.5015625 0.1984375 0.021875 0.028125
2 0.4390625 0.209375 0.01875 0.03203125
2 0.53359375 0.490625 0.0203125 0.0296875
4 0.4484375 0.5921875 0.01171875 0.0140625
2 0.153125 0.9375 0.0234375 0.03671875
2 0.18515625 0.8828125 0.01875 0.03359375
2 0.165625 0.8875 0.0203125 0.03125
2 0.140625 0.91328125 0.01875 0.03515625
2 0.11484375 0.9609375 0.021875 0.03203125
2 0.11796875 0.9828125 0.025 0.0265625
2 0.18828125 0.8484375 0.02109375 0.03359375
2 0.2140625 0.80390625 0.021875 0.03046875
2 0.246875 0.8015625 0.025 0.03984375
2 0.25078125 0.746875 0.02109375 0.034375
2 0.18828125 0.66796875 0.0203125 0.03515625
4 0.2546875 0.6375 0.00546875 0.01953125
2 0.271875 0.71875 0.0203125 0.03125
2 0.29296875 0.678125 0.01953125 0.034375
2 0.31640625 0.65078125 0.01796875 0.02890625
2 0.36953125 0.5640625 0.01875 0.03046875
2 0.37890625 0.6078125 0.01875 0.028125
2 0.3859375 0.19140625 0.01875 0.0359375
2 0.409375 0.18203125 0.01640625 0.040625
2 0.440625 0.13828125 0.02109375 0.034375
3 0.42734375 0.178125 0.01171875 0.021875
4 0.41796875 0.159375 0.00703125 0.01484375
4 0.40625 0.1578125 0.00546875 0.01171875
0 0.40703125 0.13359375 0.01328125 0.0234375
0 0.39453125 0.115625 0.0109375 0.01875
0 0.39375 0.14921875 0.0109375 0.0234375
2 0.38125 0.1109375 0.01640625 0.0359375
2 0.38203125 0.059375 0.01640625 0.03125
2 0.359375 0.0609375 0.01875 0.03203125
0 0.41328125 0.0984375 0.01640625 0.021875
4 0.31640625 0.0546875 0.00859375 0.015625
2 0.27109375 0.028125 0.01484375 0.0390625
4 0.31640625 0.103125 0.00703125 0.01640625
2 0.3140625 0.13046875 0.01796875 0.0296875
4 0.44453125 0.27265625 0.00625 0.0109375
4 0.45390625 0.29921875 0.009375 0.01875
2 0.5890625 0.2296875 0.02578125 0.02890625
2 0.3765625 0.31796875 0.0140625 0.04453125
4 0.365625 0.3390625 0.01015625 0.025
4 0.43203125 0.39765625 0.0109375 0.01640625
4 0.43828125 0.37890625 0.009375 0.01484375
0 0.48046875 0.4328125 0.015625 0.021875
0 0.5109375 0.50625 0.01328125 0.0234375
4 0.35859375 0.68828125 0.009375 0.0140625
4 0.3734375 0.703125 0.009375 0.0140625
4 0.3484375 0.70625 0.00859375 0.01484375
4 0.3359375 0.74296875 0.009375 0.0140625
4 0.31953125 0.74296875 0.00859375 0.015625
4 0.265625 0.746875 0.00859375 0.009375
4 0.19609375 0.828125 0.01015625 0.01015625
4 0.1796875 0.978125 0.0109375 0.01796875
2 0.340625 0.6109375 0.01953125 0.028125
0 0.38828125 0.4515625 0.01171875 0.028125
2 0.6484375 0.365625 0.01875 0.03359375
2 0.66875 0.32421875 0.01875 0.02890625
4 0.6609375 0.3625 0.00859375 0.01171875
2 0.6953125 0.30703125 0.01796875 0.03203125
0 0.69296875 0.28515625 0.01328125 0.0203125
0 0.70546875 0.2734375 0.0140625 0.0203125
0 0.7234375 0.22109375 0.0109375 0.02421875
4 0.734375 0.18359375 0.009375 0.015625
2 0.7828125 0.15390625 0.01953125 0.0359375
3 0.84296875 0.10078125 0.01640625 0.034375
3 0.84921875 0.04453125 0.025 0.03828125
4 0.6703125 0.1796875 0.01015625 0.01328125
0 0.86328125 0.0125 0.015625 0.02109375
4 0.5953125 0.4671875 0.00859375 0.01484375
2 0.5484375 0.73515625 0.01640625 0.025