2 0.0171875 0.04140625 0.01796875 0.04140625
4 0.03046875 0.0109375 0.00703125 0.02109375
4 0.0234375 0.01015625 0.00859375 0.0203125
4 0.01484375 0.009375 0.00703125 0.01875
4 0.00546875 0.06328125 0.00703125 0.03125
0 0.00859375 0.16640625 0.01484375 0.02890625
2 0.03671875 0.1859375 0.015625 0.046875
2 0.04921875 0.19296875 0.01484375 0.040625
2 0.02421875 0.2359375 0.01953125 0.05
2 0.040625 0.240625 0.01796875 0.046875
0 0.03046875 0.28125 0.01484375 0.02890625
4 0.01015625 0.27421875 0.0109375 0.025
2 0.00703125 0.31328125 0.01328125 0.053125
3 0.071875 0.328125 0.0265625 0.075
2 0.153125 0.26015625 0.02109375 0.04140625
4 0.065625 0.425 0.01484375 0.01171875
4 0.09609375 0.44921875 0.015625 0.01484375
0 0.19609375 0.37421875 0.01953125 0.01875
4 0.21953125 0.440625 0.01796875 0.0140625
0 0.29921875 0.44453125 0.01953125 0.01953125
4 0.25859375 0.36796875 0.01484375 0.0140625
2 0.5 0.3703125 0.02421875 0.021875
2 0.77109375 0.1734375 0.028125 0.02578125
2 0.77890625 0.2578125 0.02890625 0.0265625
2 0.60625 0.50703125 0.028125 0.025
2 0.52890625 0.53515625 0.021875 0.0234375
4 0.53046875 0.55859375 0.0140625 0.0109375
6 0.4640625 0.590625 0.04453125 0.03046875
2 0.2703125 0.5359375 0.02421875 0.02109375
0 0.28046875 0.575 0.01796875 0.02109375
2 0.15234375 0.51328125 0.0265625 0.02578125
2 0.1234375 0.515625 0.02578125 0.0234375
3 0.10078125 0.51875 0.01953125 0.01796875
2 0.071875 0.5171875 0.02890625 0.025
2 0.046875 0.52421875 0.025 0.01875
4 0.03828125 0.50703125 0.01484375 0.01015625
4 0.0390625 0.53671875 0.015625 0.0140625
2 0.04296875 0.553125 0.0265625 0.01796875
2 0.04375 0.57265625 0.0265625 0.01875
4 0.03359375 0.590625 0.0140625 0.01328125
4 0.04296875 0.58828125 0.009375 0.01171875
4 0.05390625 0.5890625 0.0109375 0.01328125
4 0.0625 0.56015625 0.01171875 0.009375
4 0.06484375 0.57109375 0.0109375 0.0109375
4 0.0671875 0.58203125 0.01328125 0.01015625
2 0.07734375 0.54609375 0.0265625 0.025
2 0.103125 0.54140625 0.0203125 0.021875
2 0.12890625 0.54375 0.02109375 0.0203125
4 0.09140625 0.55859375 0.0140625 0.0109375
4 0.10390625 0.55703125 0.015625 0.0109375
3 0.0765625 0.56484375 0.01796875 0.015625
2 0.103125 0.57421875 0.02890625 0.01953125
2 0.14375 0.5609375 0.025 0.01640625