2 0.05078125 0.55234375 0.01875 0.01484375
2 0.08984375 0.54921875 0.01796875 0.01796875
2 0.16484375 0.55390625 0.015625 0.015625
2 0.2046875 0.5640625 0.01953125 0.015625
2 0.2796875 0.56875 0.01640625 0.01640625
2 0.30625 0.55390625 0.01875 0.015625
2 0.36328125 0.5515625 0.01953125 0.015625
2 0.4015625 0.565625 0.01484375 0.01328125
2 0.32890625 0.42109375 0.01875 0.0140625
2 0.3359375 0.434375 0.01796875 0.0140625
2 0.33125 0.44921875 0.01796875 0.01484375
2 0.3046875 0.4546875 0.01640625 0.0140625
2 0.35625 0.4421875 0.0203125 0.01328125
2 0.34921875 0.41640625 0.01796875 0.01640625
2 0.36796875 0.4125 0.01484375 0.01171875
2 0.38203125 0.42265625 0.01796875 0.015625
2 0.40625 0.4109375 0.01953125 0.01953125
2 0.41953125 0.421875 0.015625 0.01484375
2 0.4015625 0.43671875 0.01875 0.01328125
2 0.38359375 0.44375 0.015625 0.01328125
2 0.36796875 0.45703125 0.01796875 0.01484375
2 0.3890625 0.46171875 0.01875 0.01796875
2 0.45078125 0.40546875 0.01953125 0.0140625
2 0.4515625 0.44296875 0.01484375 0.01171875
2 0.43359375 0.45859375 0.015625 0.01171875
2 0.409375 0.46328125 0.015625 0.0140625
2 0.49140625 0.4515625 0.01640625 0.01484375
2 0.48671875 0.42578125 0.015625 0.0140625
2 0.471875 0.4578125 0.01796875 0.0140625
2 0.4515625 0.4625 0.015625 0.0140625
2 0.56953125 0.41171875 0.01796875 0.0140625
2 0.60546875 0.4234375 0.01640625 0.01484375
2 0.68125 0.42890625 0.01640625 0.0140625
2 0.70546875 0.38359375 0.01796875 0.01953125
2 0.6234375 0.553125 0.01640625 0.01328125
2 0.57890625 0.83359375 0.00859375 0.0296875
2 0.565625 0.7890625 0.00859375 0.02890625
2 0.58515625 0.7859375 0.00859375 0.02890625
2 0.584375 0.7515625 0.00859375 0.0265625
2 0.57421875 0.70234375 0.00859375 0.03125
2 0.58515625 0.7109375 0.00859375 0.02890625
2 0.58828125 0.67265625 0.00859375 0.0296875
2 0.83203125 0.34921875 0.01640625 0.01875
2 0.7859375 0.3390625 0.00859375 0.028125
2 0.8421875 0.39453125 0.01796875 0.01953125
2 0.20078125 0.30390625 0.00859375 0.02890625
2 0.23125 0.296875 0.009375 0.03046875
2 0.2390625 0.41171875 0.01796875 0.0296875
1 0.17421875 0.51953125 0.05078125 0.0203125
1 0.071875 0.51640625 0.0515625 0.02109375
4 0.009375 0.41796875 0.01171875 0.01015625
4 0.04296875 0.42109375 0.01171875 0.00703125
4 0.0046875 0.55625 0.00859375 0.00703125
4 0.0109375 0.56640625 0.009375 0.00859375
4 0.17578125 0.57109375 0.0109375 0.00703125
4 0.21171875 0.57734375 0.01171875 0.009375
4 0.23046875 0.571875 0.01015625 0.00859375
4 0.2296875 0.58046875 0.01015625 0.00703125
4 0.21640625 0.58671875 0.0109375 0.009375
4 0.18828125 0.38203125 0.00625 0.0140625
4 0.17890625 0.3953125 0.009375 0.00859375
4 0.26171875 0.43203125 0.009375 0.00703125
4 0.22109375 0.28125 0.00625 0.01484375
4 0.24375 0.21875 0.0046875 0.0140625
4 0.346875 0.5765625 0.009375 0.00859375
4 0.3640625 0.57109375 0.00859375 0.00859375
4 0.36953125 0.58203125 0.00859375 0.01015625
4 0.4109375 0.58125 0.009375 0.00859375
4 0.4296875 0.565625 0.00859375 0.00859375
4 0.43359375 0.40625 0.009375 0.00859375
4 0.4390625 0.39453125 0.00859375 0.009375
4 0.45 0.42578125 0.01015625 0.00703125
4 0.49453125 0.39609375 0.00859375 0.00859375
4 0.490625 0.409375 0.00703125 0.00546875
4 0.50546875 0.440625 0.009375 0.0109375
4 0.42578125 0.45 0.00859375 0.00703125
4 0.35703125 0.43203125 0.00859375 0.00703125
4 0.31953125 0.41171875 0.00859375 0.009375
4 0.31875 0.4484375 0.00859375 0.009375
4 0.32109375 0.459375 0.01015625 0.0046875
4 0.35546875 0.45390625 0.009375 0.00546875
4 0.3546875 0.46015625 0.01015625 0.0046875
4 0.36015625 0.46875 0.009375 0.00546875
0 0.15703125 0.40078125 0.01328125 0.01328125
0 0.21171875 0.2921875 0.00625 0.01953125
0 0.24453125 0.29296875 0.00859375 0.01953125
0 0.25078125 0.13671875 0.01015625 0.01796875
0 0.31796875 0.5703125 0.01015625 0.0140625
0 0.325 0.46640625 0.009375 0.01171875
0 0.365625 0.428125 0.0140625 0.0140625
0 0.415625 0.4484375 0.01171875 0.01015625
0 0.4359375 0.4453125 0.01171875 0.01171875
0 0.46640625 0.43203125 0.01328125 0.0109375
0 0.48046875 0.3984375 0.01171875 0.01171875
0 0.4921875 0.4390625 0.01328125 0.01015625
0 0.47109375 0.44375 0.0109375 0.01171875
2 0.50625 0.57578125 0.01953125 0.01796875
2 0.515625 0.5578125 0.01796875 0.01171875
4 0.62578125 0.73359375 0.00703125 0.01484375
4 0.56875 0.90390625 0.00546875 0.01953125
4 0.5625 0.63671875 0.0046875 0.01484375
4 0.56796875 0.64765625 0.00390625 0.01484375
4 0.571875 0.64765625 0.0046875 0.01640625
4 0.57890625 0.66953125 0.00546875 0.0140625
4 0.56796875 0.69765625 0.00390625 0.01640625
4 0.58203125 0.678125 0.003125 0.0140625
4 0.60390625 0.53671875 0.00859375 0.01015625
4 0.58203125 0.54375 0.009375 0.009375
4 0.57578125 0.56328125 0.00859375 0.0109375
4 0.6140625 0.57421875 0.009375 0.00859375
4 0.63671875 0.41796875 0.00859375 0.009375
4 0.6453125 0.39453125 0.0109375 0.00859375
4 0.771875 0.5140625 0.00859375 0.00859375
4 0.77890625 0.528125 0.00859375 0.00859375
4 0.82890625 0.4171875 0.009375 0.01015625
4 0.828125 0.37890625 0.00859375 0.009375
0 0.578125 0.6515625 0.00859375 0.0203125