2 0.01953125 0.46875 0.0296875 0.01953125
0 0.05625 0.44609375 0.02109375 0.02109375
0 0.00703125 0.55859375 0.01328125 0.021875
4 0.03125 0.53828125 0.0109375 0.01484375
4 0.03359375 0.56171875 0.01484375 0.01640625
4 0.06953125 0.56796875 0.01796875 0.01171875
4 0.115625 0.5625 0.0109375 0.01328125
4 0.1421875 0.54375 0.015625 0.01484375
4 0.14140625 0.55703125 0.01171875 0.0140625
4 0.1828125 0.55703125 0.01171875 0.0203125
4 0.23203125 0.54609375 0.015625 0.015625
4 0.25078125 0.540625 0.01171875 0.01640625
4 0.2796875 0.55546875 0.01171875 0.01484375
4 0.13359375 0.4484375 0.01484375 0.01328125
4 0.121875 0.43515625 0.0140625 0.01484375
4 0.1609375 0.43203125 0.0140625 0.0140625
4 0.18203125 0.446875 0.0109375 0.01484375
4 0.203125 0.43515625 0.0140625 0.0140625
6 0.2140625 0.46640625 0.05078125 0.03671875
1 0.2984375 0.5296875 0.05 0.03203125
4 0.309375 0.45390625 0.01640625 0.0140625
4 0.34375 0.53046875 0.01171875 0.0234375
4 0.38828125 0.54375 0.01015625 0.01484375
0 0.34140625 0.434375 0.0203125 0.034375
4 0.41875 0.44140625 0.01171875 0.01796875
4 0.43984375 0.41875 0.0140625 0.0140625
4 0.4390625 0.4609375 0.01328125 0.01953125
4 0.46875 0.43828125 0.01484375 0.02421875
4 0.48984375 0.4265625 0.0109375 0.021875
4 0.43359375 0.56015625 0.015625 0.021875
4 0.4453125 0.54453125 0.0109375 0.01640625
4 0.4734375 0.53828125 0.01328125 0.01171875
4 0.47109375 0.55 0.015625 0.01015625
0 0.3828125 0.56484375 0.01796875 0.01953125
2 0.40859375 0.52421875 0.0265625 0.0203125
2 0.45625 0.525 0.02109375 0.01640625
4 0.50625 0.52421875 0.01015625 0.01796875
4 0.53125 0.52578125 0.009375 0.01015625
0 0.54296875 0.5375 0.01484375 0.01484375
0 0.6484375 0.54140625 0.015625 0.01640625
4 0.56015625 0.53671875 0.01171875 0.01171875
4 0.56015625 0.5484375 0.01171875 0.01015625
4 0.57421875 0.55625 0.00859375 0.01015625
4 0.5875 0.54140625 0.01015625 0.00703125
4 0.59296875 0.5515625 0.01484375 0.01171875
4 0.621875 0.55390625 0.01171875 0.0109375
4 0.62109375 0.528125 0.01171875 0.01640625
6 0.58828125 0.5203125 0.02578125 0.02109375
4 0.55703125 0.4546875 0.01171875 0.0109375
4 0.58203125 0.42421875 0.0109375 0.01484375
4 0.65703125 0.45078125 0.01484375 0.0140625
4 0.65625 0.41328125 0.01171875 0.009375
4 0.67890625 0.446875 0.01171875 0.0140625
0 0.653125 0.4296875 0.01796875 0.01953125
0 0.72578125 0.4265625 0.01796875 0.01640625
0 0.75546875 0.54296875 0.01640625 0.01796875
4 0.70390625 0.553125 0.01171875 0.015625
4 0.72890625 0.5109375 0.0109375 0.01875
4 0.73828125 0.52578125 0.01171875 0.01328125
4 0.74453125 0.559375 0.0140625 0.01171875
4 0.81796875 0.440625 0.0140625 0.01953125
4 0.8375 0.51328125 0.015625 0.01484375
4 0.81875 0.5375 0.009375 0.01484375
4 0.80859375 0.546875 0.01171875 0.01328125
4 0.88828125 0.55078125 0.015625 0.01171875
4 0.91640625 0.52890625 0.009375 0.01328125
4 0.89140625 0.44296875 0.0140625 0.01953125
4 0.93203125 0.45390625 0.01171875 0.01484375
4 0.97578125 0.3984375 0.015625 0.0109375
4 0.97578125 0.4234375 0.015625 0.02578125
4 0.9734375 0.4109375 0.01328125 0.01328125
4 0.9859375 0.55390625 0.01484375 0.015625
0 0.94453125 0.434375 0.01953125 0.01640625
4 0.08125 0.45390625 0.0203125 0.0265625
4 0.6484375 0.528125 0.01640625 0.01796875
0 0.5359375 0.56171875 0.0234375 0.01875
4 0.6171875 0.46484375 0.0109375 0.0140625