2 0.98125 0.309375 0.0265625 0.02421875
2 0.8140625 0.4140625 0.02421875 0.01953125
2 0.8984375 0.31484375 0.028125 0.01953125
6 0.74375 0.3953125 0.0265625 0.02109375
2 0.77421875 0.23828125 0.028125 0.021875
2 0.7640625 0.1546875 0.02890625 0.0140625
4 0.78046875 0.14453125 0.00859375 0.01015625
4 0.5828125 0.4203125 0.01640625 0.01953125
4 0.5640625 0.3359375 0.0140625 0.01875
4 0.553125 0.55390625 0.01484375 0.01640625
2 0.559375 0.44609375 0.02109375 0.01953125
2 0.55390625 0.49296875 0.02578125 0.02109375
2 0.44375 0.44375 0.021875 0.01484375
2 0.49609375 0.3703125 0.02578125 0.01484375
2 0.32109375 0.58046875 0.02421875 0.02109375
2 0.259375 0.459375 0.02578125 0.01875
2 0.184375 0.45625 0.02578125 0.0203125
2 0.1453125 0.28203125 0.01640625 0.0359375
2 0.11328125 0.60859375 0.025 0.025
2 0.16484375 0.55625 0.0265625 0.01796875
2 0.1359375 0.565625 0.01953125 0.015625
2 0.13515625 0.5390625 0.02578125 0.01953125
2 0.10546875 0.5515625 0.025 0.01328125
2 0.10625 0.578125 0.01953125 0.0234375
2 0.07890625 0.56171875 0.02109375 0.01328125
2 0.07890625 0.5828125 0.021875 0.01953125
2 0.06640625 0.60703125 0.02421875 0.01328125
2 0.01875 0.55390625 0.02421875 0.015625
2 0.05703125 0.54375 0.02109375 0.01171875
2 0.04921875 0.56328125 0.01640625 0.01640625
2 0.04140625 0.58828125 0.02578125 0.01640625
2 0.07734375 0.07109375 0.0140625 0.04453125
2 0.02265625 0.06796875 0.01484375 0.04140625
2 0.0296875 0.1984375 0.01484375 0.04375
2 0.028125 0.296875 0.0140625 0.04296875
2 0.02265625 0.2546875 0.01484375 0.03671875
2 0.00390625 0.31484375 0.0078125 0.0296875
4 0.26953125 0.56953125 0.0140625 0.0234375
4 0.23359375 0.5734375 0.01015625 0.01640625
4 0.09375 0.40078125 0.009375 0.02109375
4 0.09375 0.6015625 0.015625 0.01796875
4 0.03125 0.6265625 0.01484375 0.01328125
4 0.07578125 0.5484375 0.015625 0.015625
4 0.03828125 0.54375 0.01796875 0.01875
4 0.03125 0.571875 0.01328125 0.01328125
4 0.08984375 0.61484375 0.0140625 0.01015625
4 0.01328125 0.5859375 0.01015625 0.01953125
4 0.02578125 0.5359375 0.01015625 0.01171875
4 0.0328125 0.61484375 0.009375 0.00625
3 0.03359375 0.6046875 0.015625 0.01015625
3 0.01328125 0.290625 0.01015625 0.0203125
4 0.0359375 0.253125 0.01015625 0.0203125
4 0.00625 0.28203125 0.00625 0.021875
4 0.01640625 0.15859375 0.009375 0.0140625
4 0.01015625 0.14296875 0.0109375 0.01796875
4 0.0015625 0.290625 0.003125 0.01640625
3 0.2359375 0.5890625 0.0140625 0.01484375
0 0.18828125 0.39140625 0.015625 0.0140625