5 0.121875 0.67890625 0.0390625 0.025
5 0.146875 0.64375 0.03828125 0.0203125
6 0.02890625 0.41796875 0.0296875 0.015625
5 0.28046875 0.63828125 0.03359375 0.01875
6 0.24375 0.53203125 0.02578125 0.01796875
5 0.2703125 0.5546875 0.03828125 0.021875
2 0.3453125 0.29140625 0.01875 0.01875
0 0.4046875 0.45859375 0.015625 0.0109375
2 0.4140625 0.534375 0.01796875 0.01640625
2 0.45546875 0.60625 0.015625 0.01015625
6 0.49609375 0.62578125 0.03046875 0.01796875
4 0.53125 0.61015625 0.009375 0.0109375
3 0.48203125 0.553125 0.0203125 0.01796875
3 0.57890625 0.62890625 0.0140625 0.01171875
2 0.49453125 0.42109375 0.015625 0.0140625
2 0.509375 0.33125 0.00859375 0.0296875
2 0.52109375 0.33046875 0.009375 0.028125
2 0.5609375 0.3203125 0.01015625 0.02421875
2 0.57109375 0.321875 0.009375 0.025
4 0.5859375 0.40390625 0.00859375 0.0109375
5 0.653125 0.48359375 0.03984375 0.025
1 0.665625 0.38828125 0.04296875 0.02109375
5 0.721875 0.3890625 0.0484375 0.02109375
2 0.72109375 0.6609375 0.01015625 0.028125
0 0.71953125 0.60078125 0.01171875 0.01328125
0 0.7359375 0.56640625 0.0109375 0.009375
0 0.7484375 0.61328125 0.01015625 0.0109375
4 0.76953125 0.56875 0.009375 0.01015625
0 0.82265625 0.609375 0.01171875 0.0140625
2 0.725 0.44921875 0.0140625 0.0140625
2 0.78125 0.44921875 0.01796875 0.01640625
2 0.81328125 0.4296875 0.01484375 0.01484375
5 0.8890625 0.6453125 0.04296875 0.028125
1 0.87578125 0.3984375 0.034375 0.03359375
0 0.915625 0.41640625 0.01796875 0.01875
4 0.95546875 0.46640625 0.00859375 0.009375
2 0.97421875 0.5984375 0.021875 0.01875