0 0.77890625 0.30859375 0.025 0.02421875
0 0.56640625 0.48359375 0.01484375 0.0296875
0 0.4890625 0.5359375 0.015625 0.0203125
0 0.45546875 0.6203125 0.01171875 0.0234375
0 0.37109375 0.63984375 0.0140625 0.03515625
0 0.41640625 0.5109375 0.0140625 0.034375
0 0.421875 0.4265625 0.01484375 0.0296875
0 0.7078125 0.73359375 0.01796875 0.02578125
2 0.96953125 0.1234375 0.03203125 0.03671875
2 0.496875 0.4234375 0.025 0.03046875
2 0.51640625 0.271875 0.02578125 0.034375
2 0.55078125 0.24453125 0.0234375 0.03203125
2 0.3609375 0.37734375 0.0234375 0.0390625
2 0.23203125 0.184375 0.02421875 0.0359375
2 0.30859375 0.11015625 0.01796875 0.0359375
2 0.54609375 0.52578125 0.0203125 0.0359375
2 0.75390625 0.90703125 0.0265625 0.03671875
4 0.8203125 0.94296875 0.01171875 0.02109375
4 0.778125 0.94375 0.0140625 0.01796875
4 0.75390625 0.8421875 0.01015625 0.021875
4 0.77578125 0.8359375 0.01171875 0.0203125
4 0.78984375 0.86796875 0.0109375 0.0203125
4 0.80078125 0.8890625 0.01171875 0.021875
4 0.784375 0.88984375 0.0109375 0.02109375
4 0.82265625 0.91796875 0.0140625 0.01875
4 0.859375 0.965625 0.01484375 0.02578125
4 0.81953125 0.990625 0.015625 0.01875
4 0.79609375 0.9890625 0.01640625 0.02109375
4 0.75703125 0.94375 0.01484375 0.0203125
4 0.72265625 0.90390625 0.01640625 0.025
4 0.68671875 0.84140625 0.01640625 0.025
4 0.6578125 0.78125 0.00859375 0.01953125
4 0.675 0.7109375 0.0109375 0.01875
4 0.58203125 0.65390625 0.0140625 0.01796875
4 0.56953125 0.6859375 0.0140625 0.015625
4 0.53828125 0.67109375 0.01484375 0.01640625
4 0.52109375 0.62890625 0.01328125 0.0234375
4 0.51640625 0.58828125 0.01640625 0.02109375
4 0.54296875 0.553125 0.01796875 0.01796875
4 0.453125 0.51796875 0.0140625 0.021875
4 0.49296875 0.471875 0.0140625 0.021875
4 0.4984375 0.51640625 0.01171875 0.01875
4 0.45078125 0.54296875 0.01171875 0.01796875
4 0.465625 0.55234375 0.01015625 0.01640625
4 0.43515625 0.56796875 0.015625 0.01640625
4 0.42109375 0.58828125 0.01484375 0.021875
4 0.41953125 0.615625 0.01484375 0.01796875
4 0.38203125 0.54765625 0.0109375 0.028125
4 0.378125 0.5265625 0.0140625 0.02109375
4 0.396875 0.50546875 0.009375 0.0203125
4 0.3765625 0.48203125 0.01640625 0.02109375
4 0.403125 0.453125 0.0109375 0.0203125
4 0.39609375 0.41640625 0.01171875 0.0234375
4 0.45546875 0.38828125 0.0140625 0.01796875
4 0.47890625 0.36640625 0.01875 0.0203125
4 0.43515625 0.33828125 0.009375 0.025
4 0.4015625 0.38203125 0.0109375 0.01953125
4 0.378125 0.39375 0.009375 0.01953125
4 0.3546875 0.40859375 0.009375 0.021875
4 0.36328125 0.43828125 0.00859375 0.0203125
4 0.384375 0.4515625 0.00859375 0.02109375
4 0.271875 0.8140625 0.01015625 0.0234375
4 0.253125 0.9234375 0.0140625 0.01953125
4 0.3578125 0.7265625 0.009375 0.01875
4 0.3515625 0.75703125 0.0109375 0.01875
4 0.39609375 0.69375 0.00859375 0.0203125
4 0.38203125 0.72265625 0.01171875 0.02109375
4 0.3515625 0.25 0.009375 0.01875
4 0.365625 0.2390625 0.0140625 0.021875
4 0.35078125 0.19921875 0.01328125 0.015625
4 0.3296875 0.175 0.01171875 0.02421875
4 0.3046875 0.15234375 0.009375 0.021875
4 0.35390625 0.32890625 0.01171875 0.01953125
4 0.92109375 0.21953125 0.01796875 0.0234375
4 0.81640625 0.14375 0.015625 0.01953125
4 0.82421875 0.08125 0.01171875 0.01640625
4 0.83828125 0.1015625 0.0140625 0.01640625
4 0.84921875 0.1140625 0.01171875 0.01875
4 0.90078125 0.03046875 0.015625 0.0203125
4 0.96171875 0.1640625 0.0203125 0.01875
4 0.6265625 0.25625 0.0140625 0.01640625
4 0.64453125 0.171875 0.01484375 0.0109375
4 0.57578125 0.2515625 0.015625 0.01953125
4 0.55703125 0.340625 0.009375 0.01875
4 0.60546875 0.45078125 0.01484375 0.01875
4 0.646875 0.459375 0.01328125 0.01171875
4 0.68359375 0.34609375 0.015625 0.01640625
4 0.7515625 0.3734375 0.00859375 0.01796875
4 0.503125 0.34296875 0.01328125 0.01328125
4 0.49921875 0.31015625 0.01328125 0.01484375
4 0.45703125 0.321875 0.009375 0.01875
4 0.44453125 0.32421875 0.009375 0.02109375
4 0.4625 0.396875 0.01171875 0.015625
4 0.47265625 0.403125 0.009375 0.0140625
4 0.3859375 0.3671875 0.00859375 0.01875
4 0.38984375 0.378125 0.0140625 0.01328125
4 0.38984375 0.315625 0.01015625 0.01484375
4 0.39609375 0.30546875 0.009375 0.01875
4 0.35078125 0.23125 0.01171875 0.015625
4 0.26171875 0.18046875 0.01015625 0.01796875
4 0.28671875 0.2109375 0.01171875 0.0203125
4 0.303125 0.43125 0.009375 0.01953125
4 0.4125 0.471875 0.01015625 0.015625
4 0.41640625 0.4859375 0.01328125 0.015625
4 0.45078125 0.5890625 0.00859375 0.0140625
4 0.4515625 0.603125 0.009375 0.01640625
4 0.459375 0.64140625 0.00859375 0.0203125
4 0.5 0.61796875 0.0109375 0.01796875
4 0.509375 0.546875 0.009375 0.01484375
4 0.49765625 0.553125 0.01015625 0.015625
4 0.39609375 0.28203125 0.01171875 0.01875
4 0.36796875 0.278125 0.00859375 0.015625
4 0.371875 0.259375 0.009375 0.01484375
4 0.4484375 0.2984375 0.01015625 0.01796875
2 0.32578125 0.37421875 0.0140625 0.03984375
4 0.3234375 0.5765625 0.00859375 0.02109375
4 0.31328125 0.69296875 0.01171875 0.0234375
4 0.36875 0.75234375 0.01171875 0.01640625
4 0.22578125 0.96015625 0.0140625 0.02578125
4 0.23515625 0.98046875 0.01328125 0.0203125
4 0.21328125 0.953125 0.01171875 0.021875
3 0.25078125 0.79765625 0.01796875 0.04453125
3 0.2515625 0.23359375 0.0203125 0.03125
3 0.2125 0.24921875 0.02421875 0.0390625
3 0.23203125 0.2796875 0.02890625 0.0453125
6 0.190625 0.25078125 0.02578125 0.0515625
4 0.17421875 0.10859375 0.009375 0.0203125
4 0.06171875 0.171875 0.01171875 0.01640625
4 0.146875 0.18125 0.00625 0.01953125
2 0.190625 0.12265625 0.021875 0.034375
3 0.1890625 0.20546875 0.025 0.03515625
4 0.28828125 0.4828125 0.0109375 0.01484375
4 0.31953125 0.44765625 0.00859375 0.01640625
4 0.3140625 0.57890625 0.00703125 0.01953125
4 0.2890625 0.64453125 0.00859375 0.01796875
2 0.32578125 0.91640625 0.01640625 0.03671875
6 0.56328125 0.9515625 0.0359375 0.06328125
4 0.63046875 0.78203125 0.01171875 0.01640625
4 0.63671875 0.7703125 0.01015625 0.0203125
4 0.615625 0.7140625 0.00859375 0.021875
4 0.596875 0.83671875 0.009375 0.01640625
4 0.7140625 0.6984375 0.0109375 0.0109375
4 0.71484375 0.709375 0.01328125 0.01015625
4 0.775 0.7 0.01171875 0.02109375
4 0.778125 0.6421875 0.009375 0.01953125
4 0.7078125 0.92890625 0.0109375 0.01640625
4 0.6984375 0.91171875 0.00859375 0.01875
4 0.71875 0.93203125 0.00859375 0.025
4 0.70625 0.97421875 0.0140625 0.01796875
2 0.7234375 0.96171875 0.02578125 0.0203125
2 0.75703125 0.63125 0.0203125 0.0390625
2 0.86484375 0.2890625 0.02421875 0.0296875
2 0.8453125 0.3890625 0.02578125 0.0453125
2 0.659375 0.15 0.02109375 0.028125
2 0.6234375 0.15703125 0.0140625 0.0453125
2 0.40234375 0.14140625 0.01953125 0.03828125
3 0.61875 0.48984375 0.01796875 0.0265625
3 0.628125 0.54140625 0.01796875 0.0265625
3 0.67109375 0.57890625 0.01640625 0.02578125
3 0.6703125 0.4390625 0.02890625 0.03125
3 0.73515625 0.3875 0.0265625 0.03203125
3 0.809375 0.33203125 0.02421875 0.03125
3 0.83671875 0.3125 0.03125 0.03515625
3 0.86640625 0.33671875 0.0296875 0.05703125
3 0.82421875 0.44921875 0.03515625 0.06484375
3 0.7265625 0.6734375 0.021875 0.03515625
3 0.69140625 0.609375 0.021875 0.03125
3 0.8046875 0.50390625 0.01640625 0.028125
4 0.7734375 0.74453125 0.01171875 0.0140625
4 0.8265625 0.6015625 0.01171875 0.01328125
4 0.87734375 0.45078125 0.01171875 0.01640625
4 0.90390625 0.39453125 0.01015625 0.025
4 0.21640625 0.85234375 0.01015625 0.01953125
4 0.2234375 0.8375 0.0109375 0.0109375
4 0.2265625 0.8234375 0.01171875 0.0109375
4 0.23828125 0.7875 0.009375 0.01015625
4 0.2421875 0.771875 0.01015625 0.01015625
4 0.30625 0.58828125 0.00625 0.0203125
3 0.278125 0.6734375 0.01796875 0.03125
3 0.628125 0.50625 0.0234375 0.03515625
3 0.66640625 0.5625 0.01796875 0.028125
3 0.6828125 0.5875 0.01875 0.03828125
3 0.7046875 0.63125 0.01953125 0.034375
3 0.71640625 0.64609375 0.02578125 0.0390625
4 0.7734375 0.76875 0.01015625 0.01328125
4 0.76328125 0.77109375 0.01015625 0.02578125
4 0.78046875 0.72421875 0.00859375 0.01015625
4 0.77890625 0.734375 0.01171875 0.00703125
4 0.784375 0.71875 0.01015625 0.009375
4 0.7890625 0.70703125 0.0109375 0.01015625
4 0.80859375 0.65 0.01328125 0.0140625
4 0.80078125 0.6703125 0.01171875 0.0109375
4 0.796875 0.6828125 0.01015625 0.01640625
4 0.815625 0.63515625 0.00859375 0.01171875
4 0.78828125 0.54296875 0.01328125 0.009375
4 0.78359375 0.55390625 0.01015625 0.01171875
4 0.778125 0.5640625 0.01171875 0.0109375
4 0.771875 0.57890625 0.009375 0.0109375
4 0.86640625 0.4890625 0.01171875 0.01171875
4 0.865625 0.47265625 0.00859375 0.01875
4 0.8890625 0.434375 0.00859375 0.01328125
4 0.89296875 0.425 0.01015625 0.0109375
4 0.778125 0.028125 0.00625 0.0203125
4 0.771875 0.034375 0.00703125 0.01953125
4 0.70625 0.11328125 0.0109375 0.01328125
4 0.68828125 0.10703125 0.00546875 0.01875
4 0.68203125 0.1109375 0.00546875 0.01953125
4 0.67890625 0.1296875 0.01171875 0.01328125
4 0.67578125 0.1140625 0.00703125 0.01953125
4 0.671875 0.11953125 0.00703125 0.01796875
4 0.66640625 0.12265625 0.00546875 0.01640625
4 0.6484375 0.1296875 0.00859375 0.01796875
4 0.640625 0.1328125 0.00859375 0.01953125
4 0.63125 0.14140625 0.00703125 0.0203125
4 0.609375 0.1296875 0.00859375 0.02109375
4 0.609375 0.15546875 0.00703125 0.01953125
4 0.65546875 0.12578125 0.00703125 0.01953125
4 0.6609375 0.1234375 0.00546875 0.01796875
4 0.58203125 0.2 0.00546875 0.021875
4 0.590625 0.196875 0.00546875 0.01796875
4 0.603125 0.171875 0.00625 0.0203125
4 0.59453125 0.1765625 0.00546875 0.01796875
4 0.5828125 0.184375 0.0046875 0.01640625
4 0.56328125 0.19921875 0.00546875 0.0203125
4 0.55546875 0.18359375 0.00546875 0.01953125
4 0.5484375 0.1890625 0.00546875 0.01953125
3 0.52109375 0.21875 0.025 0.03515625
4 0.48359375 0.26328125 0.00546875 0.01796875
4 0.48046875 0.2765625 0.00546875 0.01796875
4 0.4625 0.278125 0.00390625 0.01640625
4 0.471875 0.28046875 0.00703125 0.01875
4 0.43671875 0.2875 0.0046875 0.01640625
4 0.43125 0.2859375 0.0046875 0.01875
4 0.4140625 0.27421875 0.00859375 0.01796875
4 0.40859375 0.259375 0.00703125 0.01953125
4 0.39296875 0.22890625 0.009375 0.01796875
4 0.38671875 0.21328125 0.009375 0.0109375
4 0.3765625 0.13984375 0.0046875 0.01640625
4 0.38359375 0.128125 0.00703125 0.01640625
6 0.0734375 0.03203125 0.040625 0.059375
4 0.34296875 0.06875 0.009375 0.01640625
4 0.34296875 0.0375 0.009375 0.015625
4 0.34296875 0.0109375 0.0109375 0.0140625
4 0.36015625 0.0609375 0.00859375 0.01640625
4 0.35390625 0.0484375 0.009375 0.015625
4 0.37578125 0.08046875 0.00625 0.01484375
4 0.37109375 0.075 0.00703125 0.015625
4 0.3578125 0.08671875 0.00703125 0.01953125
4 0.3625 0.0953125 0.00703125 0.015625
4 0.334375 0.0640625 0.00625 0.01796875
4 0.33046875 0.05859375 0.00625 0.01953125
4 0.32421875 0.06875 0.009375 0.0109375
4 0.32109375 0.07421875 0.01015625 0.01328125
4 0.3296875 0.07890625 0.00625 0.01484375
4 0.38828125 0.1046875 0.00546875 0.0203125
4 0.38203125 0.11484375 0.00625 0.015625
4 0.3796875 0.10078125 0.00859375 0.01796875
4 0.36640625 0.1171875 0.00859375 0.01640625
4 0.37109375 0.1265625 0.00546875 0.0203125
4 0.37578125 0.1171875 0.00625 0.01796875
4 0.353125 0.10078125 0.00546875 0.015625
4 0.35 0.09296875 0.00859375 0.01484375
4 0.34453125 0.109375 0.00703125 0.01875
4 0.3390625 0.10390625 0.00703125 0.01640625
4 0.33828125 0.125 0.00703125 0.01484375
4 0.3421875 0.1359375 0.00703125 0.01484375
4 0.3484375 0.134375 0.00625 0.01640625
4 0.359375 0.11640625 0.00625 0.01796875
4 0.31796875 0.09453125 0.00703125 0.015625
4 0.31171875 0.084375 0.00859375 0.01484375
4 0.3234375 0.09765625 0.00625 0.015625
4 0.11484375 0.11875 0.00859375 0.025