0 0.08984375 0.70625 0.015625 0.01484375
0 0.078125 0.765625 0.01328125 0.015625
0 0.1171875 0.746875 0.0140625 0.01484375
0 0.30625 0.67578125 0.01171875 0.01171875
4 0.3703125 0.53671875 0.009375 0.01328125
0 0.27109375 0.75390625 0.01640625 0.01484375
0 0.23671875 0.57421875 0.0109375 0.0203125
0 0.30703125 0.5015625 0.01171875 0.01796875
4 0.49296875 0.45546875 0.01328125 0.01875
2 0.59140625 0.4390625 0.0203125 0.02890625
0 0.596875 0.71328125 0.01171875 0.015625
2 0.55859375 0.66640625 0.01484375 0.0234375
0 0.46328125 0.45 0.01015625 0.02109375
0 0.50546875 0.52578125 0.01484375 0.01796875
4 0.57578125 0.51484375 0.00859375 0.0234375
0 0.72890625 0.1640625 0.01171875 0.0203125
0 0.7953125 0.29296875 0.0109375 0.02109375
4 0.8515625 0.1875 0.009375 0.02421875
0 0.75078125 0.109375 0.0140625 0.0296875
4 0.5717873015625 0.4930137859375 0.56585809375 0.4874804453125 0.5605217984374999 0.50355348125 0.5640793265624999 0.508559840625 0.5717873015625 0.4930137859375
4 0.16875 0.6640625 0.01015625 0.009375
4 0.2125 0.66328125 0.0109375 0.01171875
4 0.0640625 0.75546875 0.0109375 0.009375
4 0.11015625 0.7734375 0.0109375 0.01484375
4 0.31953125 0.403125 0.01015625 0.01484375
4 0.46640625 0.4984375 0.01015625 0.0140625
4 0.4265625 0.51875 0.01171875 0.01328125
4 0.503125 0.44296875 0.00859375 0.0140625
0 0.50703125 0.50703125 0.01328125 0.01484375
4 0.440625 0.39921875 0.009375 0.01796875
4 0.19921875 0.35859375 0.00859375 0.01484375
4 0.2515625 0.259375 0.0109375 0.01171875
4 0.19765625 0.33125 0.0109375 0.01796875
4 0.303125 0.5984375 0.01171875 0.0140625
4 0.36171875 0.5078125 0.0109375 0.015625
2 0.21796875 0.41484375 0.01953125 0.0296875
2 0.08671875 0.1359375 0.021875 0.02421875
4 0.55078125 0.41484375 0.01171875 0.0140625
0 0.5015625 0.49375 0.01328125 0.01640625
4 0.634375 0.71328125 0.0140625 0.01328125
4 0.76953125 0.6984375 0.0109375 0.01640625
4 0.69765625 0.66796875 0.0109375 0.015625
4 0.48671875 0.4359375 0.01328125 0.01328125
4 0.69375 0.26328125 0.01328125 0.01171875
0 0.5890625 0.56328125 0.01328125 0.0234375
4 0.98671875 0.95390625 0.01171875 0.01875
4 0.8265625 0.93125 0.01171875 0.01328125
4 0.578125 0.625 0.00859375 0.01171875
0 0.60859375 0.32421875 0.01015625 0.021875
0 0.7734375 0.42109375 0.00859375 0.01875
4 0.75546875 0.4078125 0.00703125 0.015625
4 0.775 0.34609375 0.0109375 0.01171875
3 0.6734375 0.5015625 0.01171875 0.0109375
0 0.7546875 0.49765625 0.0109375 0.02421875
0 0.63984375 0.31875 0.0140625 0.0203125
2 0.19453125 0.809375 0.0203125 0.015625
4 0.171875 0.64453125 0.015625 0.01328125
4 0.38203125 0.54765625 0.0140625 0.009375
4 0.78046875 0.71953125 0.009375 0.01640625
3 0.69296875 0.82421875 0.01484375 0.01953125
4 0.57421875 0.67265625 0.01796875 0.00859375
2 0.45703125 0.66796875 0.01953125 0.0140625
4 0.52578125 0.58046875 0.0109375 0.015625
4 0.60703125 0.68359375 0.01328125 0.01328125
4 0.56953125 0.47578125 0.00859375 0.01171875
4 0.62109375 0.696875 0.01171875 0.015625
4 0.5984375 0.66953125 0.00703125 0.01953125
0 0.6359375 0.596875 0.01328125 0.0203125
4 0.42578125 0.49140625 0.01328125 0.0140625
4 0.44453125 0.5390625 0.01171875 0.0140625
4 0.45625 0.471875 0.01015625 0.01640625
4 0.4015625 0.62421875 0.009375 0.01015625
4 0.5234375 0.55390625 0.0109375 0.0109375
0 0.17578125 0.38203125 0.0109375 0.01328125
1 0.153125 0.35625 0.01953125 0.0234375
2 0.296875 0.25546875 0.01953125 0.02109375
3 0.1640625 0.30625 0.01953125 0.021875
0 0.6578125 0.2765625 0.01328125 0.0140625
4 0.67734375 0.2671875 0.0109375 0.01328125
4 0.6828125 0.246875 0.0140625 0.015625
2 0.78415704375 0.30332112499999997 0.7800122078125 0.29787535468750004 0.7701006609375 0.3241431796875 0.7747861171875 0.32990929687500004 0.78415704375 0.30332112499999997
0 0.7646279218750001 0.3463193828125 0.75940184375 0.34375665781250003 0.7530944953125001 0.368102440625 0.7577065671875001 0.36785273749999997 0.7646279218750001 0.3463193828125
4 0.745051471875 0.35777880781250004 0.741447271875 0.3510516859375 0.7333378234375 0.3635449234375 0.7360997234375 0.3693716234375 0.745051471875 0.35777880781250004
4 0.80546875 0.21484375 0.01015625 0.0109375
4 0.80390625 0.21640625 0.00546875 0.02109375
0 0.705952146875 0.488362603125 0.6995100625 0.4835044296875 0.6924823109375 0.5015490687499999 0.6967059828125 0.5055569515625 0.705952146875 0.488362603125
0 0.487780096875 0.6315505265625 0.48871398125 0.6221434953125 0.47844123749999995 0.6232502 0.47931005937500004 0.63074235 0.487780096875 0.6315505265625
0 0.4680148984375 0.6489833625 0.45914298750000004 0.6456632296875 0.45852039375000003 0.65534694375 0.466614078125 0.6561769749999999 0.4680148984375 0.6489833625
2 0.8343436484375 0.20662969687500002 0.82745590625 0.19607486875 0.8134428625 0.2256283890625 0.8200096109375 0.2332646578125 0.8343436484375 0.20662969687500002
4 0.76015625 0.7109375 0.01484375 0.015625
2 0.5484375 0.49140625 0.01640625 0.015625
4 0.68046875 0.65625 0.01171875 0.01328125
2 0.86015625 0.8203125 0.015625 0.01796875
2 0.75546875 0.86328125 0.01640625 0.01953125
4 0.72421875 0.69296875 0.009375 0.01484375
4 0.5765625 0.490625 0.009375 0.01171875
0 0.66640625 0.24609375 0.009375 0.025
0 0.446875 0.45859375 0.0140625 0.01484375
0 0.65625 0.58359375 0.01484375 0.01171875
0 0.4734375 0.47109375 0.01171875 0.01328125
4 0.23515625 0.36875 0.01328125 0.0140625
4 0.32890625 0.56484375 0.01171875 0.01015625
4 0.4765625 0.42421875 0.0109375 0.01171875
2 0.45390625 0.62890625 0.01640625 0.015625
0 0.38515625 0.640625 0.0140625 0.01796875
4 0.5015625 0.64140625 0.0140625 0.0140625
4 0.80625 0.89375 0.00703125 0.01640625
4 0.796875 0.890625 0.009375 0.01953125
4 0.709375 0.66640625 0.01171875 0.01484375
2 0.53125 0.646875 0.0203125 0.0296875
2 0.28828125 0.54765625 0.01875 0.025
4 0.6359375 0.28671875 0.0140625 0.0203125
4 0.51328125 0.4234375 0.01015625 0.015625
2 0.5515625 0.6171875 0.021875 0.02109375
3 0.70546875 0.44140625 0.00859375 0.01875
0 0.7140625 0.453125 0.00625 0.02890625
0 0.721875 0.475 0.00859375 0.01484375
0 0.715625 0.5 0.00859375 0.02421875
0 0.6765625 0.53671875 0.01796875 0.021875
2 0.59453125 0.6890625 0.01640625 0.0234375
2 0.63515625 0.74765625 0.01796875 0.02890625
4 0.6015625 0.609375 0.01015625 0.01328125
4 0.58671875 0.62578125 0.00859375 0.01171875
4 0.51171875 0.6640625 0.01328125 0.01328125
0 0.24453125 0.62265625 0.01640625 0.01640625
3 0.19921875 0.775 0.01796875 0.01796875
3 0.23828125 0.4015625 0.01640625 0.01640625
4 0.18828125 0.20703125 0.009375 0.009375
4 0.19375 0.2234375 0.01171875 0.0140625
4 0.1640625 0.25546875 0.01171875 0.01484375
4 0.06953125 0.23671875 0.01171875 0.01484375
4 0.14140625 0.15546875 0.0109375 0.01796875
0 0.17578125 0.18125 0.01484375 0.021875
0 0.27734375 0.29609375 0.01953125 0.0234375
0 0.340625 0.33671875 0.01484375 0.01640625
2 0.340625 0.35859375 0.01796875 0.021875
0 0.578125 0.41796875 0.00859375 0.028125
0 0.609375 0.371875 0.01171875 0.0140625
2 0.72578125 0.38671875 0.01171875 0.03046875
2 0.75703125 0.325 0.01015625 0.03125
4 0.765625 0.37421875 0.00859375 0.0140625
4 0.73828125 0.39453125 0.01171875 0.01484375
4 0.76875 0.3953125 0.00859375 0.01171875
4 0.7234375 0.425 0.01015625 0.01796875
4 0.7546875 0.43359375 0.01015625 0.01484375
0 0.69140625 0.46875 0.00546875 0.0234375
3 0.86015625 0.83359375 0.01640625 0.015625
4 0.84609375 0.76875 0.01171875 0.0140625
4 0.86640625 0.8046875 0.009375 0.01796875
4 0.896875 0.828125 0.0109375 0.01328125
4 0.90625 0.8859375 0.01015625 0.0203125
4 0.84609375 0.9234375 0.015625 0.01796875
5 0.877337021875 0.9967772484375 0.880694575 0.9822826906250001 0.8586306828125 0.95670406875 0.85071645 0.97162493125 0.877337021875 0.9967772484375
4 0.5234375 0.596875 0.01015625 0.01875
4 0.521875 0.61484375 0.01015625 0.01171875
4 0.534375 0.60625 0.00625 0.01875
4 0.56171875 0.6359375 0.00859375 0.01640625
0 0.57109375 0.6203125 0.0140625 0.01875
5 0.49296875 0.60703125 0.03671875 0.04453125
0 0.821875 0.790625 0.01796875 0.03125
3 0.50859375 0.46875 0.025 0.02890625
1 0.62421875 0.51875 0.04375 0.0796875
1 0.678125 0.42421875 0.0453125 0.08203125
5 0.6296875 0.37421875 0.04296875 0.0609375
3 0.528125 0.49609375 0.01875 0.03359375
2 0.6359375 0.55546875 0.01796875 0.0296875
2 0.65546875 0.55390625 0.01640625 0.02890625
2 0.70078125 0.6109375 0.02109375 0.04453125
2 0.7203125 0.63125 0.01640625 0.0390625
0 0.740625 0.684375 0.01796875 0.025
0 0.80078125 0.7328125 0.015625 0.0234375
0 0.8078125 0.7609375 0.01328125 0.02890625
3 0.740625 0.81875 0.02578125 0.03046875
0 0.68125 0.76875 0.0140625 0.03125
3 0.6828125 0.50078125 0.01328125 0.0296875