2 0.38125 0.3140625 0.015625 0.0296875
2 0.42109375 0.34375 0.015625 0.02421875
2 0.36171875 0.1765625 0.0140625 0.02421875
2 0.36484375 0.40703125 0.01484375 0.01875
2 0.371875 0.24296875 0.01328125 0.02421875
2 0.3859375 0.2765625 0.01640625 0.02890625
2 0.40546875 0.303125 0.0140625 0.02578125
2 0.40234375 0.23359375 0.0140625 0.02421875
2 0.3765625 0.20859375 0.0140625 0.02890625
2 0.378125 0.159375 0.015625 0.025
2 0.346875 0.19765625 0.01015625 0.02421875
2 0.359375 0.19921875 0.0140625 0.02421875
2 0.340625 0.14140625 0.01484375 0.02578125
2 0.3359375 0.1515625 0.0140625 0.02421875
2 0.33046875 0.16640625 0.01484375 0.0296875
2 0.315625 0.14140625 0.0140625 0.02421875
2 0.3203125 0.12421875 0.0140625 0.025
2 0.3234375 0.109375 0.01484375 0.0265625
2 0.33046875 0.09765625 0.01484375 0.02421875
2 0.29375 0.04453125 0.01640625 0.0265625
2 0.2828125 0.05 0.01171875 0.025
2 0.2859375 0.08828125 0.01328125 0.02421875
2 0.303125 0.0734375 0.0109375 0.01796875
2 0.27109375 0.05859375 0.01484375 0.028125
2 0.42421875 0.278125 0.015625 0.028125
2 0.2796875 0.11796875 0.01484375 0.02890625
2 0.478125 0.45625 0.015625 0.02421875
2 0.61171875 0.47890625 0.0140625 0.028125
2 0.22578125 0.80390625 0.0140625 0.025
2 0.38984375 0.5171875 0.01640625 0.03125
2 0.396875 0.53046875 0.01484375 0.02890625
2 0.3859375 0.5578125 0.01484375 0.01640625
2 0.3671875 0.57109375 0.01171875 0.01640625
2 0.359375 0.5421875 0.01484375 0.0234375
2 0.35078125 0.59609375 0.01484375 0.01953125
2 0.340625 0.62421875 0.0140625 0.01953125
2 0.3953125 0.53046875 0.01640625 0.02109375
2 0.32578125 0.6546875 0.01484375 0.02421875
2 0.30859375 0.684375 0.01796875 0.02421875
2 0.4234375 0.68828125 0.01171875 0.0234375
2 0.359375 0.80390625 0.015625 0.0234375
2 0.27890625 0.83046875 0.01484375 0.0234375
2 0.034375 0.97578125 0.0234375 0.03359375
2 0.159375 0.715625 0.01953125 0.0296875
2 0.20234375 0.9765625 0.0203125 0.0265625
2 0.18125 0.9859375 0.01796875 0.028125
2 0.0734375 0.80625 0.01796875 0.028125
2 0.11328125 0.7796875 0.01171875 0.02109375
2 0.2265625 0.70703125 0.01875 0.03359375
2 0.24765625 0.5140625 0.015625 0.01796875
2 0.59296875 0.48046875 0.01484375 0.01875
2 0.55546875 0.4609375 0.015625 0.0234375
2 0.6453125 0.390625 0.0203125 0.0296875
2 0.59296875 0.321875 0.0203125 0.0234375
2 0.72890625 0.1640625 0.01796875 0.0265625
2 0.70703125 0.29453125 0.0140625 0.02578125
2 0.55078125 0.3796875 0.01953125 0.040625
2 0.52421875 0.4359375 0.01328125 0.02890625
2 0.6640625 0.16875 0.015625 0.02890625
2 0.453125 0.13828125 0.01640625 0.028125
2 0.62109375 0.634375 0.01640625 0.03359375
2 0.596875 0.71015625 0.01640625 0.028125
2 0.59375 0.73125 0.01796875 0.028125
2 0.61171875 0.734375 0.01640625 0.0234375
2 0.60859375 0.75703125 0.01796875 0.021875
2 0.73671875 0.88671875 0.01796875 0.02578125
2 0.6484375 0.78671875 0.01796875 0.021875
2 0.51171875 0.790625 0.01796875 0.028125
2 0.73046875 0.984375 0.01640625 0.0265625
4 0.26640625 0.82890625 0.009375 0.01640625
4 0.36171875 0.35625 0.00703125 0.01171875
4 0.32890625 0.6046875 0.01015625 0.01484375
4 0.1796875 0.95390625 0.009375 0.0140625
4 0.37890625 0.540625 0.01796875 0.025
4 0.38046875 0.5359375 0.00703125 0.009375
4 0.37578125 0.54375 0.00859375 0.01171875
4 0.40703125 0.51328125 0.00703125 0.0109375
4 0.49609375 0.446875 0.009375 0.0140625
4 0.534375 0.715625 0.00859375 0.0140625
4 0.384375 0.865625 0.00546875 0.01171875
4 0.31171875 0.95546875 0.01171875 0.01875
4 0.60859375 0.77890625 0.00859375 0.0140625
4 0.5953125 0.75390625 0.00703125 0.01328125
4 0.81953125 0.85859375 0.00859375 0.01484375
4 0.59453125 0.7734375 0.00859375 0.0109375
4 0.5984375 0.78125 0.00859375 0.01484375
4 0.57734375 0.70078125 0.01015625 0.01171875
4 0.575 0.71796875 0.00859375 0.01171875
4 0.571875 0.66328125 0.00859375 0.01640625
4 0.5984375 0.7578125 0.00859375 0.01796875
4 0.58671875 0.7359375 0.00703125 0.01328125
4 0.44453125 0.78828125 0.00546875 0.009375
4 0.7390625 0.00703125 0.01171875 0.0140625
4 0.4453125 0.32421875 0.01484375 0.0234375
4 0.484375 0.08046875 0.00703125 0.01484375
4 0.59140625 0.2640625 0.015625 0.0203125
4 0.546875 0.35078125 0.009375 0.01953125
4 0.25625 0.09609375 0.009375 0.01796875
4 0.3546875 0.33046875 0.01015625 0.01953125
4 0.453125 0.34453125 0.00859375 0.01484375
4 0.440625 0.1765625 0.00625 0.0140625
4 0.3609375 0.20625 0.01171875 0.01171875
4 0.34921875 0.184375 0.01015625 0.01328125
4 0.3859375 0.20546875 0.0140625 0.0265625
4 0.38828125 0.20703125 0.00703125 0.02421875
4 0.4046875 0.221875 0.00703125 0.01015625
4 0.38359375 0.24140625 0.009375 0.015625
4 0.384375 0.2578125 0.00703125 0.01015625
4 0.39296875 0.30078125 0.00625 0.0109375
4 0.39375 0.27421875 0.01015625 0.01953125
4 0.40859375 0.271875 0.00703125 0.0109375
4 0.39921875 0.25234375 0.01171875 0.0203125
4 0.41484375 0.2609375 0.0109375 0.0109375
0 0.421875 0.31328125 0.0140625 0.028125
0 0.2734375 0.18046875 0.01484375 0.025
0 0.29921875 0.2421875 0.0140625 0.0234375
0 0.3421875 0.2671875 0.01484375 0.03203125
0 0.33125 0.2953125 0.02109375 0.0296875
0 0.7375 0.27578125 0.01171875 0.01953125
0 0.934375 0.05625 0.015625 0.01796875
0 0.6734375 0.70703125 0.0140625 0.02109375
0 0.45546875 0.7890625 0.01171875 0.0203125
0 0.0984375 0.80546875 0.0140625 0.025
0 0.346875 0.16796875 0.00703125 0.01328125
0 0.36484375 0.23046875 0.009375 0.02109375
0 0.38671875 0.2296875 0.00859375 0.015625
0 0.26640625 0.13046875 0.00703125 0.0203125
0 0.378125 0.50703125 0.00546875 0.01796875
0 0.36796875 0.525 0.01015625 0.01015625
0 0.36328125 0.55234375 0.01015625 0.01484375
0 0.37578125 0.578125 0.01171875 0.0140625
0 0.34765625 0.56953125 0.01171875 0.01796875
2 0.459375 0.5359375 0.01953125 0.03203125
2 0.45625 0.52734375 0.01171875 0.01875
2 0.34296875 0.596875 0.01171875 0.0234375
2 0.44765625 0.390625 0.01640625 0.0265625
2 0.41171875 0.43671875 0.01484375 0.01640625
2 0.340625 0.40234375 0.01640625 0.01953125
2 0.3515625 0.2515625 0.01484375 0.02890625
6 0.35625 0.12890625 0.021875 0.040625
6 0.41171875 0.1515625 0.02109375 0.0359375
6 0.0609375 0.88671875 0.02109375 0.02421875