3 0.1859375 0.753125 0.0203125 0.0203125
2 0.11640625 0.6765625 0.0203125 0.01875
4 0.03125 0.7125 0.01640625 0.0140625
4 0.0828125 0.75390625 0.01328125 0.01171875
4 0.07578125 0.6875 0.015625 0.01484375
0 0.01875 0.70078125 0.01328125 0.015625
0 0.25390625 0.73828125 0.015625 0.01484375
0 0.321875 0.53203125 0.0140625 0.01484375
4 0.259375 0.66796875 0.0140625 0.01484375
4 0.16171875 0.31953125 0.01328125 0.01171875
0 0.43046875 0.3359375 0.015625 0.0140625
0 0.29375 0.6734375 0.01484375 0.01328125
2 0.36015625 0.49296875 0.0109375 0.0203125
0 0.46640625 0.44609375 0.01171875 0.01953125
0 0.584375 0.50703125 0.01328125 0.01875
0 0.521875 0.64140625 0.01171875 0.015625
4 0.521875 0.59609375 0.01015625 0.015625
0 0.6140625 0.32578125 0.01171875 0.0140625
0 0.61171875 0.2765625 0.01015625 0.02109375
0 0.6640625 0.2328125 0.01484375 0.01796875
4 0.659375 0.2640625 0.0109375 0.01484375
0 0.71171875 0.3609375 0.0140625 0.0265625
3 0.7421875 0.06796875 0.0109375 0.02109375
0 0.67578125 0.16796875 0.0140625 0.01484375
4 0.78046875 0.21875 0.00859375 0.02421875
0 0.6894053687499999 0.1943705875 0.6849584640625 0.18198644218749999 0.6689495984375 0.19911344687500002 0.6727049109375 0.2112609984375 0.6894053687499999 0.1943705875
2 0.0181260296875 0.7549761828125 0.0024843796875 0.75971801875 0.0036969109375000002 0.7717881578125 0.0194598171875 0.767046321875 0.0181260296875 0.7549761828125
4 0.103125 0.69296875 0.0140625 0.01015625
4 0.4796875 0.621875 0.01015625 0.009375
4 0.30859375 0.6515625 0.0109375 0.01171875
4 0.3765625 0.62421875 0.009375 0.01171875
0 0.20390625 0.62578125 0.01171875 0.01328125
4 0.23046875 0.60703125 0.0109375 0.009375
4 0.49296875 0.53671875 0.0109375 0.01484375
4 0.35078125 0.35859375 0.01015625 0.01484375
4 0.48515625 0.40390625 0.01015625 0.0140625
2 0.38046875 0.36640625 0.01640625 0.0203125
0 0.471875 0.34453125 0.01484375 0.01484375
4 0.50390625 0.56640625 0.01171875 0.01484375
4 0.49609375 0.44140625 0.01015625 0.01796875
4 0.16953125 0.2984375 0.00859375 0.01484375
2 0.27890625 0.23203125 0.02109375 0.028125
4 0.1359375 0.259375 0.0109375 0.01796875
0 0.29296875 0.4859375 0.01171875 0.0140625
0 0.1546875 0.353125 0.0109375 0.015625
4 0.1015625 0.2625 0.0109375 0.0140625
2 0.1984375 0.390625 0.01953125 0.0296875
0 0.61796875 0.5625 0.01328125 0.01640625
0 0.578125 0.62109375 0.01015625 0.01875
0 0.6109375 0.5265625 0.0140625 0.01328125
4 0.59453125 0.53125 0.0109375 0.01640625
4 0.55078125 0.62734375 0.0109375 0.015625
4 0.6015625 0.51640625 0.01328125 0.01328125
4 0.5734375 0.47578125 0.01328125 0.01171875
2 0.64140625 0.73359375 0.01875 0.028125
0 0.5859375 0.484375 0.01015625 0.015625
4 0.634375 0.378125 0.009375 0.01171875
4 0.71796875 0.6515625 0.01015625 0.01875
4 0.80703125 0.771875 0.01171875 0.01953125
2 0.684375 0.5921875 0.01796875 0.0234375
4 0.7162404171875 0.814919821875 0.7193604578125 0.8086804078125001 0.7118579953124999 0.8001986531249999 0.708830325 0.8066006 0.7162404171875 0.814919821875
0 0.8265625 0.73828125 0.01796875 0.0265625
4 0.8328125 0.903125 0.01015625 0.0203125
4 0.84453125 0.8140625 0.01015625 0.0140625
4 0.8671875 0.8359375 0.01171875 0.0140625
4 0.8390625 0.9375 0.0109375 0.01796875
4 0.80703125 0.7515625 0.01171875 0.01875
4 0.8875 0.86484375 0.00859375 0.01875
3 0.7421875 0.8484375 0.01953125 0.0203125
4 0.87890625 0.94921875 0.01171875 0.01328125
0 0.67578125 0.78203125 0.01328125 0.0140625
0 0.6796875 0.5015625 0.01015625 0.021875
0 0.665625 0.50546875 0.009375 0.01953125
0 0.7359375 0.47109375 0.00859375 0.01875
4 0.68515625 0.42109375 0.00703125 0.015625
4 0.82109375 0.1734375 0.0109375 0.01171875
0 0.67890625 0.7015625 0.01015625 0.0203125
4 0.49453125 0.41640625 0.01171875 0.0109375
0 0.67578125 0.46171875 0.0109375 0.02421875
2 0.1703125 0.340625 0.01953125 0.02421875
2 0.48671875 0.65078125 0.0203125 0.025
0 0.51171875 0.6515625 0.01015625 0.02421875
0 0.43984375 0.46640625 0.0109375 0.02421875
4 0.51171875 0.51953125 0.01015625 0.0203125
0 0.4984375 0.6078125 0.01484375 0.01796875
4 0.50859375 0.54140625 0.0109375 0.02109375
4 0.46171875 0.628125 0.009375 0.01484375
4 0.5328125 0.653125 0.01015625 0.0109375
4 0.53671875 0.4359375 0.00859375 0.0203125
4 0.56640625 0.4875 0.00703125 0.01640625
4 0.565625 0.440625 0.00703125 0.01796875
4 0.51796875 0.39140625 0.009375 0.01015625
4 0.553125 0.44375 0.0109375 0.0109375
2 0.50625 0.49921875 0.01875 0.021875
4 0.7875 0.853125 0.01171875 0.01328125
3 0.6765625 0.8046875 0.0140625 0.01953125
0 0.6296875 0.75546875 0.015625 0.0140625
4 0.596875 0.56796875 0.01015625 0.015625
2 0.54609375 0.690625 0.01953125 0.01875
4 0.5671875 0.721875 0.01171875 0.01328125
0 0.5421875 0.67109375 0.01328125 0.015625
0 0.58671875 0.64296875 0.01015625 0.01484375
4 0.640625 0.609375 0.00859375 0.0140625
4 0.62734375 0.5375 0.00859375 0.015625
4 0.63203125 0.56640625 0.01328125 0.01171875
4 0.4390625 0.5359375 0.00703125 0.01328125
4 0.33515625 0.5375 0.00859375 0.01484375
0 0.33671875 0.4765625 0.015625 0.01875
2 0.27421875 0.29609375 0.01875 0.02421875
2 0.134375 0.33203125 0.02109375 0.0234375
2 0.27578125 0.52421875 0.025 0.01640625
0 0.21953125 0.55 0.0109375 0.0203125
0 0.36328125 0.61796875 0.0140625 0.02109375
6 0.284375 0.64375 0.03515625 0.0359375
3 0.5140625 0.48046875 0.01640625 0.01796875
0 0.4046875 0.3671875 0.0109375 0.01875
2 0.4234375 0.634375 0.01796875 0.021875
4 0.503125 0.51796875 0.01015625 0.0109375
0 0.59609375 0.30234375 0.00859375 0.01796875
0 0.6234375 0.47265625 0.015625 0.0109375
4 0.534375 0.390625 0.0109375 0.015625
4 0.48515625 0.38828125 0.01171875 0.0109375
4 0.51640625 0.40703125 0.01015625 0.01484375
3 0.529649671875 0.6188050281249999 0.5067632984375 0.60462210625 0.5042437046875 0.6158191421875 0.527465896875 0.6348170640624999 0.529649671875 0.6188050281249999
0 0.45234375 0.4359375 0.01171875 0.021875
0 0.60546875 0.4359375 0.01328125 0.021875
2 0.584375 0.42578125 0.009375 0.03125
4 0.6265625 0.2953125 0.01015625 0.015625
4 0.78515625 0.87734375 0.01328125 0.0203125
3 0.5484375 0.45625 0.01484375 0.01875
5 0.7173725625 0.1461253609375 0.709774371875 0.139536853125 0.6955046281249999 0.171491109375 0.7034578859375 0.1788442671875 0.7173725625 0.1461253609375
5 0.39676204375 0.41387725 0.394957171875 0.4340896703125 0.4243765921875 0.4421104734375 0.425279028125 0.42446470625000005 0.39676204375 0.41387725
4 0.64609375 0.57578125 0.01484375 0.01796875
4 0.65390625 0.60078125 0.01796875 0.0203125
0 0.50703125 0.45703125 0.01328125 0.01953125
0 0.51875 0.44140625 0.01171875 0.01953125
1 0.45078125 0.6 0.0515625 0.04140625
1 0.565625 0.5796875 0.05703125 0.06953125
1 0.70078125 0.31796875 0.04140625 0.0953125
1 0.6234375 0.665625 0.046875 0.0640625
2 0.59453125 0.6828125 0.01796875 0.02890625
6 0.58046875 0.70078125 0.040625 0.040625
2 0.70390625 0.6109375 0.01796875 0.034375
2 0.53125 0.46171875 0.021875 0.02109375
2 0.534375 0.48125 0.0203125 0.025
3 0.55546875 0.49375 0.0203125 0.03203125
2 0.578125 0.52578125 0.015625 0.025
2 0.58046875 0.49921875 0.01953125 0.02421875
2 0.440625 0.38359375 0.02109375 0.028125
2 0.42109375 0.4046875 0.0234375 0.02890625
2 0.45625 0.40546875 0.021875 0.0265625