4 0.71953125 0.52890625 0.0140625 0.01875
4 0.7234375 0.5734375 0.01171875 0.01484375
4 0.73828125 0.59296875 0.015625 0.0140625
4 0.715625 0.5953125 0.01484375 0.01171875
4 0.6359375 0.575 0.015625 0.015625
4 0.62578125 0.484375 0.01484375 0.02578125
4 0.93671875 0.57265625 0.0140625 0.01875
4 0.9203125 0.6125 0.01328125 0.01171875
4 0.834375 0.68046875 0.00703125 0.01875
4 0.7796875 0.67578125 0.0140625 0.01640625
4 0.7765625 0.6953125 0.0140625 0.0140625
4 0.74375 0.6484375 0.01484375 0.01171875
4 0.74296875 0.675 0.015625 0.00859375
4 0.74296875 0.6609375 0.0140625 0.01015625
4 0.73984375 0.68828125 0.0140625 0.0109375
4 0.84921875 0.4015625 0.00859375 0.02109375
4 0.8234375 0.3484375 0.00625 0.01953125
4 0.81171875 0.3515625 0.00703125 0.02109375
4 0.8015625 0.34375 0.00703125 0.01953125
4 0.8015625 0.40390625 0.00859375 0.021875
4 0.7953125 0.40390625 0.0046875 0.02421875
4 0.87109375 0.4015625 0.00546875 0.02421875
4 0.86640625 0.34140625 0.00625 0.0203125
4 0.853125 0.34921875 0.00546875 0.01953125
4 0.8984375 0.3578125 0.00546875 0.01640625
4 0.88515625 0.40234375 0.0046875 0.02109375
4 0.878125 0.40234375 0.0046875 0.02109375
4 0.9140625 0.4 0.00625 0.01875
4 0.91953125 0.3984375 0.00390625 0.01640625
4 0.95390625 0.34921875 0.00703125 0.01953125
4 0.928125 0.34765625 0.00546875 0.01875
4 0.9109375 0.34765625 0.00625 0.0203125
4 0.94140625 0.39453125 0.00546875 0.025
4 0.9484375 0.39296875 0.00546875 0.021875
2 0.7765625 0.446875 0.03046875 0.03046875
2 0.66484375 0.528125 0.034375 0.02109375
2 0.690625 0.5546875 0.02578125 0.01953125
2 0.91015625 0.5890625 0.03046875 0.03359375
2 0.7734375 0.72890625 0.021875 0.053125
2 0.74609375 0.86328125 0.02890625 0.03046875
0 0.82265625 0.665625 0.01328125 0.03515625
0 0.84296875 0.66171875 0.01328125 0.0296875
0 0.98203125 0.5828125 0.02421875 0.01875
0 0.55859375 0.44609375 0.01640625 0.034375
0 0.56328125 0.4890625 0.0140625 0.03359375
0 0.3140625 0.8421875 0.01015625 0.03359375
0 0.3734375 0.9 0.0140625 0.03203125
0 0.4546875 0.79296875 0.01171875 0.0296875
0 0.43828125 0.82578125 0.00859375 0.03125
0 0.42421875 0.81328125 0.00859375 0.03671875
4 0.43203125 0.81796875 0.00390625 0.02890625
4 0.415625 0.9328125 0.0140625 0.02421875
4 0.38515625 0.96328125 0.01484375 0.02109375
4 0.4296875 0.7015625 0.009375 0.0234375
4 0.46953125 0.70078125 0.00703125 0.0234375
4 0.5109375 0.65078125 0.009375 0.01796875
4 0.54296875 0.65546875 0.0140625 0.01953125
4 0.509375 0.45859375 0.01328125 0.028125
4 0.5078125 0.43046875 0.009375 0.01875
4 0.49296875 0.39609375 0.00625 0.025
4 0.50234375 0.39296875 0.00859375 0.01796875
4 0.50390625 0.4125 0.01015625 0.01484375
4 0.62578125 0.3984375 0.01328125 0.01953125
4 0.559375 0.35625 0.00859375 0.02109375
0 0.2796875 0.4234375 0.01953125 0.01640625
0 0.3453125 0.446875 0.01875 0.01640625
0 0.3515625 0.46484375 0.01484375 0.0140625
0 0.37109375 0.46484375 0.01484375 0.01640625
0 0.35 0.50546875 0.01484375 0.015625
0 0.36875 0.50859375 0.01640625 0.01640625
2 0.03125 0.4109375 0.03203125 0.0296875
2 0.159375 0.41171875 0.03203125 0.0359375
2 0.1234375 0.640625 0.0234375 0.02890625
2 0.01875 0.5984375 0.021875 0.025
2 0.02421875 0.684375 0.01875 0.03125
2 0.01875 0.72421875 0.01953125 0.040625
2 0.0140625 0.77109375 0.02109375 0.046875
2 0.27578125 0.4625 0.0265625 0.02578125
2 0.30546875 0.48671875 0.025 0.01953125
2 0.33515625 0.48828125 0.01953125 0.01640625
2 0.3703125 0.48671875 0.02421875 0.0203125
4 0.259375 0.44375 0.01640625 0.01171875
4 0.14453125 0.6125 0.015625 0.01171875
4 0.34453125 0.4046875 0.0109375 0.00703125
4 0.35078125 0.41796875 0.009375 0.009375
4 0.36953125 0.42578125 0.01015625 0.009375
4 0.353125 0.4359375 0.0109375 0.0109375
4 0.36640625 0.434375 0.01015625 0.00859375
4 0.3796875 0.4390625 0.01015625 0.009375
4 0.36328125 0.44921875 0.009375 0.009375
4 0.3765625 0.45078125 0.01015625 0.009375
4 0.3140625 0.45703125 0.009375 0.01328125
4 0.328125 0.47421875 0.01015625 0.0109375
4 0.31328125 0.46953125 0.01171875 0.00859375
4 0.3296875 0.4484375 0.009375 0.009375
4 0.33828125 0.46640625 0.009375 0.00859375
4 0.3265625 0.459375 0.01015625 0.0109375
4 0.35546875 0.4765625 0.00859375 0.009375
4 0.3359375 0.50703125 0.009375 0.0109375
4 0.36796875 0.36328125 0.009375 0.025
4 0.38046875 0.35859375 0.0046875 0.02890625
4 0.38671875 0.3578125 0.0046875 0.025
4 0.39296875 0.35625 0.00390625 0.025
4 0.396875 0.35546875 0.00390625 0.025
4 0.4015625 0.35546875 0.00390625 0.0265625
4 0.409375 0.35390625 0.0046875 0.025
4 0.40390625 0.31484375 0.00625 0.01640625
4 0.41953125 0.3484375 0.00546875 0.0203125
4 0.4421875 0.3765625 0.01328125 0.01015625
4 0.4140625 0.3078125 0.00703125 0.02109375
4 0.42421875 0.27734375 0.0109375 0.0109375
4 0.421875 0.29140625 0.01015625 0.0109375
4 0.43203125 0.30703125 0.009375 0.01015625
4 0.4484375 0.246875 0.01171875 0.00859375
4 0.4390625 0.25859375 0.0109375 0.00625
4 0.43359375 0.275 0.01015625 0.015625
4 0.44921875 0.2765625 0.009375 0.01328125
4 0.44296875 0.290625 0.00859375 0.009375
4 0.478125 0.27734375 0.00859375 0.01640625
4 0.42578125 0.3203125 0.00703125 0.00859375
4 0.44296875 0.3140625 0.009375 0.01171875
4 0.42578125 0.340625 0.00859375 0.01640625
4 0.50703125 0.23046875 0.00703125 0.021875
4 0.453125 0.221875 0.00625 0.01015625
4 0.47578125 0.15703125 0.01640625 0.01328125
4 0.47421875 0.17109375 0.01171875 0.0109375
2 0.4890625 0.13125 0.01171875 0.03984375
2 0.51171875 0.03125 0.0265625 0.04375
0 0.490625 0.22578125 0.01328125 0.03203125
0 0.471875 0.3140625 0.01484375 0.03046875
0 0.46640625 0.275 0.01171875 0.0234375
4 0.45859375 0.2578125 0.009375 0.0109375
0 0.45390625 0.67890625 0.01015625 0.04140625
0 0.628125 0.02421875 0.00703125 0.03125
0 0.61640625 0.059375 0.009375 0.02890625
0 0.59609375 0.09453125 0.01015625 0.03203125
0 0.59921875 0.22109375 0.0109375 0.0265625
0 0.61015625 0.1359375 0.00859375 0.0265625
0 0.62890625 0.05703125 0.00859375 0.03125
0 0.6375 0.02578125 0.00859375 0.02890625
0 0.5734375 0.37734375 0.01015625 0.02421875
0 0.5734375 0.33125 0.009375 0.028125
0 0.5859375 0.30234375 0.01171875 0.0265625
0 0.56796875 0.29765625 0.01328125 0.03046875
0 0.59765625 0.2703125 0.01015625 0.034375
2 0.60546875 0.05078125 0.01796875 0.0453125
2 0.6203125 0.09609375 0.015625 0.04453125
2 0.59453125 0.19140625 0.015625 0.0453125
4 0.60546875 0.09765625 0.00625 0.01640625
4 0.596875 0.12265625 0.00703125 0.01328125
4 0.6078125 0.17265625 0.00546875 0.01953125
4 0.6296875 0.1265625 0.00546875 0.0203125
4 0.60625 0.1140625 0.00546875 0.015625
4 0.59609375 0.15703125 0.00703125 0.01484375
4 0.58203125 0.2640625 0.00703125 0.01875
4 0.603125 0.19375 0.00546875 0.01953125
4 0.61484375 0.31484375 0.00859375 0.021875
4 0.6265625 0.31796875 0.00859375 0.01171875
4 0.61796875 0.33671875 0.00859375 0.01640625
4 0.628125 0.35546875 0.00703125 0.01640625
4 0.640625 0.3859375 0.00390625 0.01953125
6 0.578125 0.1859375 0.0390625 0.11484375
6 0.54296875 0.315625 0.03515625 0.08984375
3 0.546875 0.23828125 0.0234375 0.06484375