4 0.0140625 0.63671875 0.015625 0.01484375
4 0.17109375 0.85546875 0.02109375 0.01953125
0 0.32578125 0.8734375 0.0203125 0.02578125
0 0.359375 0.8546875 0.015625 0.02890625
0 0.009375 0.95390625 0.01875 0.0296875
0 0.5109375 0.93828125 0.01796875 0.01640625
5 0.1171875 0.55703125 0.0796875 0.03125
5 0.19921875 0.5484375 0.07890625 0.040625
3 0.4765625 0.81484375 0.03125 0.04453125
3 0.58828125 0.759375 0.03203125 0.03203125
4 0.53125 0.7859375 0.01328125 0.01953125
4 0.559375 0.7859375 0.0140625 0.0234375
2 0.6953125 0.76015625 0.0296875 0.025
2 0.7046875 0.84296875 0.02890625 0.021875
3 0.70546875 0.8765625 0.02421875 0.0234375
4 0.728125 0.69921875 0.01328125 0.01171875
2 0.78046875 0.84609375 0.02890625 0.025
2 0.7984375 0.728125 0.02890625 0.03359375
4 0.859375 0.8140625 0.01796875 0.01640625
3 0.86875 0.8515625 0.04375 0.03515625
4 0.94140625 0.82421875 0.01640625 0.01640625
4 0.8953125 0.6390625 0.0140625 0.0203125
4 0.48671875 0.6390625 0.009375 0.0234375
4 0.46640625 0.046875 0.0109375 0.028125
4 0.540625 0.046875 0.009375 0.03515625