5 0.23046875 0.68359375 0.05703125 0.0390625
5 0.2890625 0.67265625 0.0546875 0.03671875
2 0.17265625 0.721875 0.0296875 0.02890625
2 0.01640625 0.746875 0.03203125 0.025
1 0.015625 0.83515625 0.03046875 0.02890625
2 0.09296875 0.88359375 0.0296875 0.02578125
2 0.09296875 0.925 0.02578125 0.01953125
4 0.04453125 0.92890625 0.0140625 0.01640625
4 0.0234375 0.89453125 0.01328125 0.01484375
4 0.021875 0.94140625 0.01328125 0.01484375
4 0.1765625 0.8609375 0.01640625 0.01640625
4 0.2640625 0.890625 0.01796875 0.0203125
0 0.18359375 0.9453125 0.015625 0.02109375
2 0.38046875 0.93125 0.0265625 0.025
2 0.31875 0.9015625 0.025 0.02421875
4 0.3984375 0.90078125 0.01953125 0.01796875
4 0.371875 0.77890625 0.01328125 0.01171875
2 0.46328125 0.778125 0.03359375 0.025
0 0.559375 0.84296875 0.01640625 0.028125
0 0.5359375 0.81953125 0.025 0.02890625
5 0.70234375 0.903125 0.03984375 0.034375
4 0.6734375 0.86171875 0.01796875 0.02109375
0 0.6265625 0.784375 0.01640625 0.015625
4 0.62890625 0.809375 0.01640625 0.015625
4 0.5765625 0.846875 0.01015625 0.01484375
4 0.6046875 0.859375 0.01015625 0.01875
4 0.63671875 0.859375 0.0140625 0.0140625
4 0.61953125 0.86484375 0.009375 0.015625
0 0.784375 0.79140625 0.01640625 0.01953125
2 0.82109375 0.8953125 0.04453125 0.028125
4 0.7609375 0.8609375 0.01484375 0.01171875
4 0.534375 0.2484375 0.00625 0.01640625
2 0.51640625 0.0203125 0.015625 0.040625
4 0.09140625 0.94453125 0.009375 0.0109375
5 0.959375 0.86875 0.04921875 0.04296875
4 0.54921875 0.7 0.01328125 0.025