4 0.00859375 0.35859375 0.01484375 0.0140625
4 0.00703125 0.3859375 0.01328125 0.0125
4 0.03359375 0.37890625 0.015625 0.01328125
4 0.01953125 0.31953125 0.01484375 0.01171875
4 0.0375 0.290625 0.0125 0.0125
4 0.04453125 0.3921875 0.01484375 0.0140625
4 0.08125 0.35234375 0.0125 0.009375
4 0.096875 0.35703125 0.0140625 0.0109375
4 0.09921875 0.3734375 0.01328125 0.0109375
4 0.1375 0.36171875 0.015625 0.01171875
4 0.13046875 0.3765625 0.01875 0.0109375
4 0.1234375 0.4015625 0.0140625 0.0125
4 0.165625 0.38515625 0.01328125 0.0125
4 0.178125 0.3984375 0.01328125 0.01171875
4 0.2296875 0.38828125 0.015625 0.0140625
4 0.11171875 0.52421875 0.01484375 0.009375
4 0.1296875 0.51640625 0.01171875 0.0109375
0 0.2234375 0.53203125 0.0140625 0.015625
0 0.2203125 0.3078125 0.015625 0.01484375
4 0.2546875 0.484375 0.01328125 0.015625
4 0.28125 0.3921875 0.01328125 0.01171875
4 0.28046875 0.365625 0.0140625 0.0109375
4 0.29609375 0.37578125 0.0125 0.0125
4 0.31328125 0.384375 0.01328125 0.01015625
4 0.34375 0.365625 0.0125 0.0125
4 0.3578125 0.38046875 0.0140625 0.015625
4 0.371875 0.3953125 0.0140625 0.0125
4 0.39140625 0.36328125 0.01328125 0.0125
4 0.43125 0.3703125 0.0109375 0.0109375
4 0.4578125 0.36015625 0.0109375 0.01171875
4 0.46953125 0.37578125 0.0109375 0.01328125
4 0.4859375 0.38359375 0.01484375 0.0125
4 0.49765625 0.36640625 0.01171875 0.01328125
4 0.43671875 0.48125 0.0125 0.01484375
4 0.521875 0.396875 0.01015625 0.01171875
4 0.5671875 0.37109375 0.0109375 0.0125
4 0.5921875 0.4 0.0125 0.0109375
4 0.60390625 0.3546875 0.01171875 0.0125
4 0.6484375 0.3734375 0.01171875 0.01171875
4 0.6453125 0.38828125 0.01328125 0.009375
4 0.67265625 0.36640625 0.0125 0.01171875
4 0.684375 0.39140625 0.01015625 0.0109375
4 0.721875 0.359375 0.01171875 0.0078125
4 0.71796875 0.38515625 0.0125 0.0125
4 0.72734375 0.37265625 0.01328125 0.0125
4 0.734375 0.38671875 0.0125 0.0125
4 0.7484375 0.35234375 0.0125 0.01171875
4 0.77734375 0.38046875 0.015625 0.0109375
4 0.78984375 0.3609375 0.0125 0.0109375
4 0.8328125 0.3625 0.01484375 0.0125
4 0.825 0.38046875 0.0109375 0.01484375
4 0.8484375 0.39921875 0.0140625 0.01328125
4 0.85546875 0.35390625 0.0125 0.0109375
4 0.878125 0.3671875 0.0125 0.0125
4 0.85859375 0.31484375 0.0125 0.01171875
4 0.82890625 0.2671875 0.01015625 0.009375
4 0.7921875 0.309375 0.01328125 0.0109375
4 0.77578125 0.265625 0.0109375 0.009375
4 0.74921875 0.27734375 0.0125 0.0125
4 0.90859375 0.31796875 0.015625 0.00859375
4 0.89765625 0.3578125 0.01171875 0.0140625
4 0.8953125 0.378125 0.01171875 0.01015625
4 0.89296875 0.39375 0.01328125 0.01015625
4 0.909375 0.36796875 0.01171875 0.01015625
4 0.9125 0.38359375 0.0140625 0.009375
4 0.92109375 0.35234375 0.01171875 0.01171875
4 0.9265625 0.36328125 0.0109375 0.01171875
4 0.93984375 0.37109375 0.01171875 0.00859375
4 0.96640625 0.3734375 0.0125 0.01328125
4 0.9796875 0.35546875 0.01171875 0.01015625
4 0.74609375 0.5234375 0.01171875 0.00703125
4 0.68125 0.5265625 0.01015625 0.009375
4 0.65859375 0.53046875 0.0125 0.0109375
4 0.6390625 0.53828125 0.0109375 0.01171875
4 0.5390625 0.5328125 0.0046875 0.01953125
4 0.5234375 0.57578125 0.00625 0.01796875
4 0.5015625 0.528125 0.01015625 0.01640625
4 0.49375 0.5890625 0.00625 0.01953125
4 0.48671875 0.63203125 0.00546875 0.01953125
4 0.4703125 0.74375 0.0046875 0.0234375
4 0.503125 0.7140625 0.00703125 0.0171875
4 0.503125 0.73671875 0.00625 0.01796875
4 0.4953125 0.7703125 0.0078125 0.01796875
4 0.5171875 0.6546875 0.00625 0.0171875
4 0.525 0.528125 0.00546875 0.02109375
4 0.0078125 0.47734375 0.01171875 0.01640625
0 0.03828125 0.52109375 0.01640625 0.01484375
0 0.08515625 0.5203125 0.0171875 0.01796875
0 0.125 0.54453125 0.01640625 0.01640625
0 0.3328125 0.4546875 0.02421875 0.01328125
0 0.29375 0.5359375 0.01640625 0.01640625
0 0.353125 0.58828125 0.0125 0.0234375
4 0.35859375 0.56875 0.0140625 0.0171875
4 0.4515625 0.54609375 0.01328125 0.015625
0 0.59296875 0.53515625 0.01328125 0.01328125
0 0.6328125 0.48671875 0.01875 0.015625
3 0.328125 0.40625 0.0234375 0.01953125
3 0.28984375 0.31640625 0.0140625 0.01171875
0 0.32265625 0.3140625 0.0125 0.01328125
0 0.34765625 0.315625 0.01484375 0.0171875
0 0.3921875 0.31796875 0.0140625 0.01171875
0 0.44140625 0.32890625 0.015625 0.0125
4 0.4671875 0.31953125 0.01328125 0.01328125
0 0.528125 0.7265625 0.0140625 0.01875
0 0.5125 0.7671875 0.01015625 0.0296875
0 0.5078125 0.8109375 0.01171875 0.02421875
0 0.484375 0.8359375 0.0140625 0.046875
4 0.425 0.846875 0.00703125 0.0171875
4 0.421875 0.75859375 0.0078125 0.02109375
4 0.4296875 0.7703125 0.0078125 0.02109375
4 0.44453125 0.75390625 0.0078125 0.02421875
4 0.4328125 0.83671875 0.00859375 0.021875
0 0.07734375 0.28828125 0.021875 0.01328125
0 0.09375 0.3140625 0.01796875 0.015625
0 0.040625 0.31015625 0.01875 0.015625
3 0.1078125 0.2640625 0.01953125 0.01796875
0 0.2515625 0.29453125 0.01796875 0.0140625
4 0.22421875 0.328125 0.01328125 0.0109375
4 0.24375 0.3265625 0.0109375 0.01171875