2 0.9796875 0.309375 0.02890625 0.0203125
2 0.77421875 0.234375 0.028125 0.0234375
2 0.76328125 0.15234375 0.02890625 0.01953125
2 0.89921875 0.31484375 0.028125 0.02890625
2 0.8390625 0.478125 0.02578125 0.0265625
4 0.728125 0.521875 0.0203125 0.0265625
3 0.6484375 0.53828125 0.021875 0.01953125
4 0.56328125 0.334375 0.0109375 0.01796875
4 0.465625 0.4265625 0.01796875 0.01953125
4 0.4703125 0.56875 0.009375 0.01640625
4 0.034375 0.5890625 0.0109375 0.0140625
3 0.11015625 0.44375 0.015625 0.01484375
2 0.14375 0.278125 0.01171875 0.03046875
2 0.06328125 0.09609375 0.01484375 0.04453125
2 0.04140625 0.13046875 0.0109375 0.03671875
2 0.0484375 0.1796875 0.01328125 0.04453125
2 0.04140625 0.22265625 0.01328125 0.03046875
2 0.028125 0.19453125 0.01171875 0.03671875
2 0.02109375 0.25234375 0.01328125 0.04453125
2 0.02421875 0.303125 0.01015625 0.0390625
3 0.03984375 0.2734375 0.01484375 0.0234375
4 0.00625 0.1609375 0.009375 0.021875
4 0.046875 0.25078125 0.01015625 0.01640625
4 0.03125 0.2609375 0.00546875 0.01171875
4 0.00703125 0.25703125 0.00859375 0.01484375
4 0.00546875 0.2765625 0.00859375 0.01484375
0 0.18671875 0.38984375 0.0140625 0.01640625