2 0.97890625 0.30390625 0.03046875 0.01953125
2 0.896875 0.31015625 0.0234375 0.01640625
2 0.7734375 0.23125 0.02578125 0.01640625
2 0.76328125 0.15 0.021875 0.015625
4 0.78671875 0.51171875 0.01484375 0.01171875
4 0.64609375 0.49609375 0.01484375 0.01328125
4 0.56171875 0.33359375 0.01484375 0.00859375
4 0.084375 0.59609375 0.01328125 0.0140625
4 0.028125 0.59609375 0.0140625 0.01328125
2 0.046875 0.57578125 0.0203125 0.01875
0 0.1875 0.3890625 0.0140625 0.0140625
2 0.14296875 0.27890625 0.0140625 0.040625
2 0.0375 0.2140625 0.015625 0.040625
2 0.01640625 0.25 0.01328125 0.0484375
2 0.0046875 0.32734375 0.009375 0.021875
2 0.0046875 0.053125 0.009375 0.03828125