2 0.00859375 0.046875 0.01640625 0.05
4 0.01484375 0.0140625 0.01015625 0.01875
2 0.05078125 0.1609375 0.015625 0.04375
2 0.14765625 0.26484375 0.0203125 0.0515625
5 0.01640625 0.2375 0.0328125 0.084375
5 0.06171875 0.334375 0.0296875 0.078125
6 0.07109375 0.55546875 0.05078125 0.03046875
2 0.196875 0.446875 0.0265625 0.021875
2 0.21328125 0.546875 0.02421875 0.02421875
2 0.11953125 0.60078125 0.02578125 0.02421875
2 0.11875 0.56484375 0.025 0.02421875
2 0.090625 0.5234375 0.03046875 0.025
2 0.11953125 0.51953125 0.0234375 0.02109375
2 0.12890625 0.54296875 0.0265625 0.01796875
2 0.0328125 0.5234375 0.028125 0.01953125
2 0.0609375 0.51875 0.02421875 0.02109375
2 0.03359375 0.55625 0.02578125 0.0203125
0 0.0140625 0.59453125 0.01796875 0.01875
0 0.04296875 0.59140625 0.01796875 0.01875
0 0.08828125 0.5859375 0.01953125 0.0203125
0 0.33984375 0.56953125 0.01796875 0.0234375
0 0.1890625 0.37890625 0.01796875 0.01796875
0 0.14609375 0.51875 0.028125 0.0203125
4 0.13671875 0.57890625 0.0140625 0.009375
4 0.0578125 0.59140625 0.01328125 0.009375
4 0.0328125 0.57109375 0.01328125 0.009375
4 0.046875 0.578125 0.009375 0.0109375
4 0.05546875 0.58125 0.01015625 0.009375
4 0.25390625 0.58359375 0.0140625 0.01796875
4 0.21640625 0.40703125 0.01484375 0.01875
2 0.278125 0.446875 0.02578125 0.02421875
2 0.30546875 0.47109375 0.0265625 0.0234375
2 0.33125 0.425 0.02109375 0.0203125
2 0.2984375 0.54609375 0.0296875 0.0234375
2 0.490625 0.50390625 0.0265625 0.02578125
2 0.49453125 0.3671875 0.02421875 0.02421875
0 0.5859375 0.41953125 0.01796875 0.02109375
0 0.48046875 0.56640625 0.01796875 0.01875
4 0.50390625 0.53203125 0.01171875 0.015625
4 0.50703125 0.54921875 0.01328125 0.01484375
4 0.59609375 0.55703125 0.01171875 0.0203125
4 0.6171875 0.51796875 0.01328125 0.01796875
4 0.56328125 0.3390625 0.0109375 0.01171875
4 0.62578125 0.3734375 0.01171875 0.0140625
4 0.88515625 0.37421875 0.0109375 0.0203125
4 0.953125 0.3859375 0.01484375 0.01484375
2 0.74375 0.41328125 0.0234375 0.025
2 0.79375 0.43203125 0.0234375 0.025
2 0.93046875 0.42421875 0.0234375 0.02421875
2 0.85390625 0.41015625 0.0234375 0.02109375
2 0.89765625 0.3359375 0.02578125 0.021875
2 0.97890625 0.33203125 0.03125 0.025
5 0.9734375 0.3984375 0.02578125 0.0234375
0 0.7421875 0.528125 0.0203125 0.02109375
0 0.79921875 0.38203125 0.01875 0.01640625
0 0.79140625 0.40546875 0.02109375 0.01875
4 0.78203125 0.54296875 0.01171875 0.0203125
4 0.7734375 0.25078125 0.02890625 0.02890625
4 0.7640625 0.16875 0.02890625 0.0265625