2 0.08828125 0.509375 0.0203125 0.0140625
2 0.37578125 0.4984375 0.01640625 0.01640625
2 0.59765625 0.565625 0.015625 0.01484375
2 0.73828125 0.4390625 0.01640625 0.01953125
2 0.340625 0.2890625 0.01796875 0.0140625
2 0.40078125 0.2546875 0.01171875 0.02109375
2 0.390625 0.21875 0.01640625 0.01875
2 0.50546875 0.3265625 0.00859375 0.03125
2 0.51640625 0.3265625 0.00859375 0.03515625
2 0.55625 0.31796875 0.00703125 0.02890625
2 0.565625 0.31953125 0.00859375 0.025
2 0.86796875 0.58046875 0.015625 0.0203125
2 0.85078125 0.60390625 0.01640625 0.01484375
2 0.95546875 0.86875 0.0109375 0.02578125
2 0.940625 0.90390625 0.00703125 0.02890625
2 0.9671875 0.91875 0.01015625 0.02421875
2 0.99609375 0.91015625 0.00703125 0.02578125
2 0.9828125 0.809375 0.015625 0.028125
2 0.97109375 0.85859375 0.01171875 0.021875
2 0.84140625 0.94453125 0.01015625 0.03125
2 0.71640625 0.65390625 0.00859375 0.02421875
6 0.11328125 0.48984375 0.04140625 0.01875
6 0.28828125 0.48203125 0.03984375 0.01640625
6 0.54140625 0.475 0.03203125 0.01875
6 0.59375 0.49375 0.03125 0.0203125
6 0.6390625 0.528125 0.03203125 0.021875
6 0.75078125 0.47421875 0.03984375 0.0203125
6 0.70546875 0.53828125 0.03125 0.0203125
5 0.9609375 0.56171875 0.0703125 0.0234375
6 0.88125 0.6390625 0.03671875 0.0203125
5 0.71640625 0.38515625 0.0453125 0.01796875
6 0.659375 0.3859375 0.040625 0.01953125
6 0.27734375 0.63671875 0.03046875 0.01953125
6 0.14375 0.64453125 0.0390625 0.01953125
6 0.11953125 0.678125 0.0390625 0.025
6 0.67109375 0.578125 0.03125 0.0234375
6 0.71953125 0.6046875 0.028125 0.0203125
3 0.74765625 0.59921875 0.0203125 0.0140625
3 0.846875 0.58828125 0.01796875 0.0140625
0 0.81640625 0.603125 0.01171875 0.01015625
0 0.79140625 0.60546875 0.01328125 0.01484375
3 0.6609375 0.45078125 0.02109375 0.015625
4 0.54609375 0.28203125 0.0046875 0.0140625
4 0.603125 0.5515625 0.00859375 0.00703125
4 0.75859375 0.56953125 0.009375 0.0109375
4 0.796875 0.58125 0.00859375 0.0109375
4 0.80625 0.56640625 0.00859375 0.01171875
3 0.753125 0.8515625 0.021875 0.01796875
3 0.7125 0.8953125 0.01015625 0.03515625
3 0.12109375 0.559375 0.01796875 0.01484375
4 0.20078125 0.40625 0.009375 0.009375
4 0.9140625 0.40390625 0.009375 0.00703125
4 0.52421875 0.28046875 0.003125 0.0140625
4 0.54140625 0.29453125 0.003125 0.01484375
4 0.56640625 0.284375 0.0046875 0.01484375
4 0.578125 0.30625 0.00390625 0.01484375
4 0.56640625 0.2421875 0.003125 0.01484375
4 0.53203125 0.22890625 0.00390625 0.01015625
4 0.53984375 0.2296875 0.0046875 0.01171875
4 0.5765625 0.24375 0.003125 0.01328125
4 0.51640625 0.28046875 0.00390625 0.01328125
4 0.4125 0.271875 0.00390625 0.01328125
4 0.53046875 0.28359375 0.003125 0.0109375
4 0.5734375 0.24609375 0.003125 0.01171875
4 0.5453125 0.29765625 0.003125 0.01171875
4 0.53671875 0.2984375 0.003125 0.0109375
0 0.81796875 0.6453125 0.01484375 0.01328125
2 0.67890625 0.646875 0.00625 0.0203125
2 0.67109375 0.63203125 0.00703125 0.0234375
2 0.66328125 0.634375 0.00859375 0.02421875
2 0.67109375 0.65703125 0.00625 0.02421875