2 0.0203125 0.03671875 0.01796875 0.046875
4 0.00546875 0.04296875 0.01015625 0.015625
4 0.0078125 0.06171875 0.00859375 0.01796875
4 0.065625 0.07421875 0.009375 0.01953125
0 0.06015625 0.15078125 0.01484375 0.03046875
3 0.07109375 0.31953125 0.028125 0.0734375
2 0.009375 0.3046875 0.01640625 0.05078125
2 0.15703125 0.25703125 0.0234375 0.04453125
2 0.01328125 0.44140625 0.02421875 0.025
2 0.08828125 0.43359375 0.03046875 0.025
2 0.07578125 0.465625 0.03203125 0.02109375
2 0.046875 0.51875 0.02421875 0.021875
2 0.04375 0.5453125 0.028125 0.021875
2 0.04296875 0.565625 0.02890625 0.01640625
4 0.03984375 0.5828125 0.0109375 0.0140625
4 0.053125 0.58359375 0.0109375 0.01484375
4 0.06640625 0.575 0.0140625 0.0140625
4 0.06484375 0.55625 0.0109375 0.01171875
4 0.0640625 0.4984375 0.01171875 0.009375
2 0.07421875 0.5125 0.02890625 0.01875
2 0.07734375 0.5390625 0.028125 0.0234375
3 0.1015625 0.51328125 0.01875 0.01953125
2 0.10546875 0.53671875 0.021875 0.01875
4 0.14375 0.4140625 0.01171875 0.0140625
2 0.17109375 0.459375 0.0265625 0.028125
0 0.19609375 0.36953125 0.01796875 0.0140625
4 0.2 0.39921875 0.01640625 0.01171875
4 0.20859375 0.4390625 0.0140625 0.01171875
4 0.2078125 0.45078125 0.015625 0.0109375
2 0.23046875 0.41953125 0.0265625 0.02109375
0 0.2546875 0.43515625 0.01484375 0.01484375
4 0.2609375 0.36171875 0.01171875 0.01171875
2 0.2859375 0.46484375 0.025 0.02109375
2 0.31328125 0.43671875 0.025 0.025
2 0.353125 0.4609375 0.0265625 0.02109375
4 0.3390625 0.42109375 0.0140625 0.01328125
0 0.309375 0.53046875 0.02109375 0.01640625
2 0.4140625 0.45703125 0.0265625 0.0265625
4 0.4046875 0.540625 0.015625 0.01484375
2 0.46796875 0.5484375 0.02578125 0.021875
4 0.434375 0.4015625 0.01328125 0.01640625
2 0.45390625 0.440625 0.0265625 0.02421875
2 0.5015625 0.36953125 0.02421875 0.02109375
4 0.49921875 0.39296875 0.0140625 0.01171875
4 0.49765625 0.42890625 0.015625 0.01328125
4 0.5140625 0.40546875 0.0140625 0.01015625
0 0.58046875 0.4234375 0.0203125 0.0203125
4 0.60859375 0.35625 0.0140625 0.01484375
4 0.65703125 0.38828125 0.0140625 0.01484375
4 0.68515625 0.41953125 0.01796875 0.01171875
2 0.703125 0.44375 0.02578125 0.02421875
4 0.73828125 0.3984375 0.01328125 0.01640625
4 0.80625 0.4203125 0.01640625 0.0109375
4 0.90625 0.43515625 0.0140625 0.01484375
4 0.97421875 0.421875 0.01484375 0.0140625
2 0.7796875 0.259375 0.0296875 0.021875
2 0.771875 0.178125 0.02578125 0.02109375
2 0.76875 0.48828125 0.0265625 0.021875
4 0.78359375 0.5265625 0.01640625 0.01171875
6 0.80546875 0.54921875 0.04296875 0.0265625
4 0.8421875 0.50546875 0.01171875 0.01484375
2 0.859375 0.48203125 0.02890625 0.02421875
4 0.903125 0.52109375 0.0140625 0.01796875