4 0.165625 0.55703125 0.015625 0.01171875
4 0.29453125 0.42890625 0.01328125 0.01484375
4 0.31328125 0.41640625 0.01171875 0.01484375
4 0.34765625 0.44453125 0.01484375 0.01640625
4 0.35390625 0.53515625 0.01328125 0.01484375
4 0.3421875 0.55546875 0.0140625 0.0109375
4 0.41640625 0.55 0.01171875 0.01171875
4 0.403125 0.45859375 0.009375 0.01015625
4 0.4109375 0.4453125 0.0109375 0.0109375
4 0.4203125 0.41953125 0.01171875 0.01640625
4 0.38671875 0.4328125 0.01640625 0.01328125
4 0.38671875 0.41875 0.01328125 0.01640625
4 0.42578125 0.45859375 0.01171875 0.01484375
4 0.4609375 0.4453125 0.01328125 0.01484375
4 0.05703125 0.465625 0.0140625 0.01484375
4 0.0296875 0.46953125 0.0140625 0.009375
4 0.0171875 0.5328125 0.009375 0.01875
2 0.0375 0.5203125 0.0265625 0.02109375
0 0.0578125 0.4265625 0.01953125 0.0203125
0 0.0296875 0.425 0.0203125 0.01875
0 0.22890625 0.54453125 0.01640625 0.0140625
0 0.184375 0.54296875 0.01640625 0.021875
1 0.0234375 0.44453125 0.0453125 0.0296875
4 0.19921875 0.4125 0.0140625 0.01875
4 0.49921875 0.43203125 0.015625 0.0203125
4 0.51171875 0.44375 0.0140625 0.01484375
4 0.46796875 0.428125 0.01171875 0.01171875
6 0.43515625 0.525 0.04140625 0.03671875
0 0.46875 0.54921875 0.01640625 0.0203125
0 0.5515625 0.42421875 0.01640625 0.025
0 0.5734375 0.43828125 0.01953125 0.01953125
0 0.603125 0.43359375 0.01953125 0.0234375
4 0.4765625 0.53515625 0.01484375 0.01953125
4 0.55859375 0.51953125 0.0140625 0.01953125
4 0.578125 0.4609375 0.015625 0.01484375
2 0.5265625 0.45859375 0.02578125 0.02421875
4 0.60390625 0.53046875 0.0140625 0.01640625
4 0.6109375 0.55234375 0.01015625 0.01953125
4 0.74140625 0.44921875 0.01328125 0.01796875
4 0.7796875 0.4390625 0.009375 0.01953125
4 0.81875 0.540625 0.01171875 0.01171875
4 0.83359375 0.5453125 0.01171875 0.0140625
4 0.84921875 0.53046875 0.01875 0.02109375
4 0.8609375 0.54453125 0.015625 0.015625
4 0.8421875 0.56328125 0.015625 0.01484375
4 0.74609375 0.51953125 0.0140625 0.0140625
2 0.74921875 0.5359375 0.0296875 0.0234375
6 0.66953125 0.5265625 0.034375 0.03046875
1 0.6359375 0.459375 0.053125 0.03359375
2 0.80546875 0.525 0.0234375 0.0234375
2 0.93359375 0.52109375 0.03125 0.02578125
0 0.89609375 0.540625 0.0203125 0.021875
4 0.865625 0.44296875 0.01796875 0.01875
4 0.88359375 0.446875 0.015625 0.01640625
4 0.9515625 0.415625 0.01953125 0.01640625
4 0.88046875 0.52734375 0.0109375 0.021875
4 0.89921875 0.52578125 0.015625 0.01171875
4 0.9359375 0.53984375 0.015625 0.01640625
4 0.96953125 0.55078125 0.015625 0.0140625
4 0.9765625 0.51796875 0.01328125 0.0234375
4 0.93984375 0.55703125 0.01640625 0.01640625
4 0.99296875 0.53046875 0.0140625 0.0203125
4 0.49453125 0.55390625 0.0203125 0.02578125
0 0.66953125 0.55703125 0.021875 0.02109375
0 0.54296875 0.54375 0.021875 0.02890625
0 0.80546875 0.42578125 0.021875 0.0296875