5 0.05859375 0.490625 0.053125 0.03203125
5 0.10078125 0.5546875 0.05703125 0.02109375
5 0.1265625 0.67734375 0.0359375 0.02578125
5 0.1515625 0.64140625 0.03828125 0.0203125
5 0.28515625 0.63515625 0.03515625 0.01875
0 0.2359375 0.571875 0.01875 0.01171875
4 0.26953125 0.5609375 0.01171875 0.009375
0 0.2828125 0.5359375 0.015625 0.0140625
5 0.321875 0.5515625 0.0390625 0.01875
2 0.31328125 0.528125 0.01796875 0.0140625
5 0.315625 0.48203125 0.040625 0.0234375
4 0.13671875 0.40859375 0.009375 0.00625
4 0.3203125 0.60546875 0.00703125 0.0109375
4 0.2796875 0.61796875 0.00859375 0.00546875
4 0.50078125 0.603125 0.00859375 0.00859375
6 0.49921875 0.62265625 0.02890625 0.01796875
4 0.534375 0.61328125 0.00859375 0.0046875
2 0.53984375 0.6 0.0140625 0.01171875
3 0.58203125 0.62578125 0.01171875 0.0140625
3 0.57890625 0.58671875 0.01484375 0.01328125
4 0.6109375 0.60625 0.00546875 0.00859375
2 0.7109375 0.61640625 0.0140625 0.01484375
4 0.72265625 0.590625 0.00859375 0.00546875
0 0.73203125 0.6 0.01015625 0.01015625
4 0.784375 0.59453125 0.00859375 0.00703125
0 0.8265625 0.60625 0.0109375 0.00859375
4 0.80703125 0.54609375 0.009375 0.01171875
0 0.9734375 0.60859375 0.01328125 0.01484375
4 0.78359375 0.453125 0.00859375 0.01015625
5 0.6546875 0.459375 0.0296875 0.01640625
4 0.61484375 0.40625 0.01015625 0.01171875
1 0.66796875 0.38515625 0.04375 0.0203125
5 0.72421875 0.384375 0.0453125 0.01875
0 0.45703125 0.45625 0.01171875 0.0109375
0 0.45546875 0.46953125 0.01015625 0.009375
6 0.49921875 0.47578125 0.03046875 0.01484375
6 0.51640625 0.54140625 0.02890625 0.01640625
4 0.56640625 0.55 0.00625 0.00546875
2 0.58203125 0.5234375 0.01484375 0.015625
2 0.51328125 0.32578125 0.00859375 0.0296875
2 0.52421875 0.328125 0.00859375 0.03125
2 0.5640625 0.3203125 0.00859375 0.03203125
2 0.57421875 0.31953125 0.00859375 0.03203125
2 0.4984375 0.26953125 0.0109375 0.03203125
1 0.61171875 0.21328125 0.015625 0.053125