4 0.94453125 0.4359375 0.01484375 0.0203125
4 0.8390625 0.4140625 0.01875 0.01796875
4 0.86953125 0.51875 0.01953125 0.02421875
4 0.80078125 0.50625 0.01484375 0.01484375
4 0.76484375 0.52890625 0.015625 0.02109375
4 0.76953125 0.3984375 0.01796875 0.0203125
4 0.72109375 0.41875 0.01796875 0.01484375
4 0.684375 0.38984375 0.015625 0.01875
4 0.6078125 0.35625 0.0109375 0.01484375
4 0.54140625 0.40390625 0.01171875 0.015625
4 0.521875 0.39296875 0.01484375 0.01484375
4 0.521875 0.42890625 0.0140625 0.021875
4 0.4609375 0.40390625 0.0140625 0.01484375
4 0.36796875 0.4234375 0.0140625 0.01484375
4 0.38203125 0.54140625 0.01796875 0.0203125
4 0.26171875 0.36328125 0.0140625 0.01953125
4 0.22265625 0.4 0.0140625 0.01796875
4 0.2421875 0.43984375 0.015625 0.01484375
4 0.23046875 0.45 0.01640625 0.01875
4 0.16796875 0.41328125 0.01796875 0.01953125
4 0.059375 0.5 0.0140625 0.01171875
4 0.06484375 0.55703125 0.01484375 0.01796875
4 0.0671875 0.57578125 0.01484375 0.01484375
4 0.05546875 0.58515625 0.0140625 0.01953125
4 0.04140625 0.58359375 0.01484375 0.00859375
4 0.0609375 0.09375 0.01015625 0.025
4 0.00859375 0.0609375 0.01171875 0.028125
2 0.021875 0.03671875 0.021875 0.0484375
2 0.0109375 0.30234375 0.02109375 0.0734375
2 0.15625 0.25078125 0.0203125 0.0515625
2 0.03984375 0.4390625 0.02578125 0.03125
2 0.1203125 0.4328125 0.03515625 0.03359375
2 0.10546875 0.465625 0.03125 0.0296875
2 0.07421875 0.51328125 0.0296875 0.02578125
2 0.078125 0.5390625 0.0296875 0.021875
2 0.10546875 0.5375 0.02578125 0.02578125
2 0.04609375 0.51640625 0.028125 0.02578125
2 0.0453125 0.5453125 0.0296875 0.02109375
2 0.04609375 0.565625 0.02578125 0.01796875
2 0.2015625 0.46015625 0.0296875 0.02890625
2 0.2578125 0.415625 0.0296875 0.025
2 0.31796875 0.4640625 0.02890625 0.025
2 0.346875 0.43828125 0.025 0.02421875
2 0.38203125 0.459375 0.0265625 0.02890625
2 0.4390625 0.55078125 0.028125 0.0234375
2 0.44453125 0.45546875 0.0296875 0.02890625
2 0.4953125 0.44296875 0.02890625 0.0234375
2 0.5015625 0.36640625 0.02421875 0.025
2 0.74765625 0.44140625 0.0265625 0.02890625
2 0.72578125 0.4890625 0.03125 0.0265625
2 0.81328125 0.48203125 0.0296875 0.03046875
2 0.9828125 0.34453125 0.028125 0.03203125
2 0.78046875 0.25859375 0.03046875 0.0265625
2 0.77109375 0.17890625 0.03046875 0.03203125
0 0.60859375 0.42109375 0.021875 0.028125
0 0.284375 0.534375 0.01953125 0.025
0 0.28125 0.4359375 0.01875 0.0203125
0 0.19609375 0.36953125 0.021875 0.0234375
0 0.1015625 0.5109375 0.0234375 0.025
0 0.05625 0.16640625 0.02109375 0.04296875
6 0.07109375 0.31640625 0.03359375 0.08125
6 0.7921875 0.5515625 0.046875 0.03046875