0 0.29921875 0.578125 0.01328125 0.01171875
0 0.071875 0.65625 0.015625 0.01484375
0 0.27109375 0.7484375 0.01640625 0.01484375
0 0.38046875 0.56953125 0.01015625 0.015625
4 0.70234375 0.490625 0.01171875 0.0140625
4 0.64375 0.60625 0.0109375 0.01484375
0 0.60546875 0.553125 0.00859375 0.01875
2 0.484375 0.4453125 0.02109375 0.02421875
0 0.25625 0.70703125 0.01484375 0.01328125
4 0.33359375 0.665625 0.0109375 0.01484375
2 0.3 0.246875 0.0203125 0.0203125
2 0.30546875 0.30234375 0.02890625 0.03359375
2 0.21953125 0.40625 0.01953125 0.0296875
2 0.7453125 0.5890625 0.015625 0.03671875
4 0.5921875 0.63828125 0.00859375 0.01875
4 0.63046875 0.41171875 0.00859375 0.01796875
0 0.4984375 0.6078125 0.01796875 0.02109375
0 0.75703125 0.49765625 0.00859375 0.01875
0 0.7734375 0.421875 0.0109375 0.02421875
4 0.765625 0.16484375 0.0109375 0.01875
4 0.6015625 0.6203125 0.00859375 0.015625
4 0.48046875 0.41640625 0.00859375 0.01484375
4 0.034375 0.78203125 0.01015625 0.015625
3 0.20078125 0.7640625 0.0140625 0.02109375
4 0.59921875 0.56796875 0.009375 0.0109375
4 0.5796875 0.3515625 0.0109375 0.015625
0 0.70078125 0.2171875 0.01171875 0.01484375
4 0.86875 0.83125 0.01171875 0.01640625
2 0.19921875 0.740625 0.01328125 0.0140625
2 0.54140625 0.47421875 0.0234375 0.02890625
4 0.58984375 0.50078125 0.00859375 0.01171875
4 0.58515625 0.63359375 0.00546875 0.01875
4 0.45078125 0.57421875 0.009375 0.0140625
4 0.56328125 0.6921875 0.00703125 0.01328125
0 0.76015625 0.4234375 0.01328125 0.01875
4 0.74375 0.11328125 0.0140625 0.0265625
4 0.803125 0.23359375 0.01171875 0.01484375
3 0.25859375 0.6890625 0.01875 0.01796875
2 0.17421875 0.12421875 0.02109375 0.02890625
4 0.4375 0.64140625 0.01171875 0.01953125
4 0.65625 0.49453125 0.00859375 0.01875
4 0.39453125 0.5265625 0.009375 0.01328125
0 0.5265625 0.49296875 0.01171875 0.01796875
0 0.36640625 0.5015625 0.0140625 0.01953125
0 0.28828125 0.5640625 0.01484375 0.0140625
0 0.32578125 0.58046875 0.01015625 0.01953125
0 0.91328125 0.04296875 0.00859375 0.025
2 0.4609375 0.409375 0.0203125 0.02109375
2 0.728125 0.696875 0.0203125 0.02890625
4 0.81328125 0.903125 0.00703125 0.015625
4 0.74609375 0.70859375 0.009375 0.01640625
4 0.859375 0.83828125 0.01015625 0.01015625
2 0.721875 0.6390625 0.01953125 0.0234375
0 0.8265625 0.7671875 0.01328125 0.01953125
4 0.48828125 0.62265625 0.0109375 0.01953125
6 0.6359375 0.73359375 0.02421875 0.03671875
2 0.3984375 0.3859375 0.01875 0.0296875
0 0.52109375 0.6 0.015625 0.0140625
4 0.60703125 0.6390625 0.00703125 0.01484375
2 0.09609375 0.128125 0.0203125 0.025
4 0.60859375 0.50390625 0.00859375 0.01015625
4 0.521875 0.51796875 0.00859375 0.01171875
4 0.75078125 0.36953125 0.01015625 0.0140625
0 0.70390625 0.7 0.01953125 0.025
4 0.39453125 0.62265625 0.009375 0.0140625
4 0.6046875 0.53671875 0.01015625 0.01484375
4 0.6796875 0.2859375 0.01640625 0.03125
0 0.22890625 0.59140625 0.01015625 0.01640625
4 0.37265625 0.5265625 0.01484375 0.0109375
0 0.284375 0.471875 0.01171875 0.01484375
4 0.63046875 0.621875 0.00703125 0.01875
4 0.66640625 0.6640625 0.00703125 0.01640625
4 0.6828125 0.53046875 0.01328125 0.01953125
3 0.69375 0.828125 0.01796875 0.0296875
2 0.571875 0.67421875 0.01953125 0.025
3 0.3953125 0.5484375 0.015625 0.02109375
4 0.65625 0.28359375 0.01015625 0.02109375
4 0.8484375 0.13828125 0.009375 0.01640625
4 0.70859375 0.23671875 0.01171875 0.02109375
4 0.7078125 0.25390625 0.0109375 0.01953125
0 0.4078125 0.49453125 0.01328125 0.021875
4 0.703125 0.18671875 0.01171875 0.0140625
4 0.665625 0.24296875 0.01015625 0.01875
4 0.65234375 0.26796875 0.009375 0.01875
4 0.62109375 0.3046875 0.01015625 0.0140625
4 0.51328125 0.484375 0.01015625 0.01484375
4 0.746875 0.68984375 0.00703125 0.0140625
0 0.753125 0.6734375 0.01328125 0.021875
0 0.721875 0.671875 0.0140625 0.02421875
4 0.29140625 0.6671875 0.01171875 0.0140625
0 0.39375 0.65625 0.01171875 0.025
2 0.73203125 0.3859375 0.01484375 0.040625
0 0.62265625 0.6109375 0.009375 0.028125
2 0.53203125 0.43203125 0.0203125 0.03125
0 0.246875 0.4171875 0.01953125 0.02109375
4 0.23671875 0.3734375 0.01171875 0.01328125
4 0.27265625 0.40703125 0.009375 0.025
4 0.646875 0.34765625 0.00703125 0.02578125
0 0.63046875 0.33671875 0.01484375 0.01875
0 0.51953125 0.559375 0.0109375 0.0234375
4 0.75546875 0.73125 0.00625 0.01796875
4 0.76015625 0.715625 0.00703125 0.015625
4 0.76796875 0.73359375 0.0109375 0.01640625
4 0.78125 0.72578125 0.00703125 0.01640625
4 0.7890625 0.7390625 0.00703125 0.01875
3 0.78515625 0.75625 0.01484375 0.02578125
2 0.809375 0.778125 0.0234375 0.03359375
2 0.88984375 0.87421875 0.0234375 0.03203125
0 0.93671875 0.9109375 0.01640625 0.03046875
3 0.9796875 0.94296875 0.025 0.03515625
4 0.703125 0.7859375 0.01015625 0.0140625
4 0.703125 0.8015625 0.009375 0.01328125
0 0.68359375 0.77734375 0.01484375 0.03046875
0 0.74375 0.853125 0.01875 0.021875
2 0.740625 0.82421875 0.021875 0.03359375
4 0.79609375 0.89765625 0.009375 0.01796875
4 0.7609375 0.87890625 0.01171875 0.015625
4 0.76953125 0.8765625 0.009375 0.015625
0 0.63984375 0.4609375 0.009375 0.028125
0 0.6484375 0.4953125 0.00859375 0.021875
3 0.65625 0.5515625 0.01875 0.0265625
0 0.04609375 0.0609375 0.01953125 0.025
4 0.06953125 0.1109375 0.01015625 0.01875
4 0.12578125 0.26796875 0.01171875 0.015625
4 0.109375 0.2546875 0.01328125 0.01875
4 0.04453125 0.76328125 0.01796875 0.01796875
0 0.771875 0.31875 0.0109375 0.028125
4 0.75703125 0.32734375 0.01015625 0.01875
4 0.771875 0.3421875 0.009375 0.01796875
2 0.74609375 0.34609375 0.0109375 0.02421875
4 0.8109375 0.0578125 0.009375 0.01640625
4 0.82578125 0.0546875 0.0140625 0.01796875
0 0.840625 0.0140625 0.01796875 0.0234375
2 0.721875 0.19140625 0.01875 0.02578125
2 0.71796875 0.16328125 0.01640625 0.021875
2 0.44296875 0.4359375 0.025 0.03515625
0 0.56875 0.38984375 0.01171875 0.028125
2 0.53515625 0.50625 0.01796875 0.03046875
2 0.57421875 0.50703125 0.025 0.03515625
2 0.61796875 0.5375 0.0234375 0.04453125
6 0.603125 0.590625 0.04453125 0.04921875
2 0.70078125 0.61640625 0.0234375 0.03671875
3 0.7140625 0.83046875 0.021875 0.053125
4 0.91484375 0.88203125 0.01171875 0.01875
3 0.86171875 0.778125 0.03203125 0.04140625
0 0.62421875 0.37109375 0.0203125 0.0265625
3 0.58203125 0.409375 0.021875 0.03125
0 0.49296875 0.47578125 0.0140625 0.01796875
2 0.2921875 0.54140625 0.02421875 0.02421875
3 0.26875 0.2859375 0.01796875 0.03359375
3 0.20703125 0.34296875 0.01640625 0.03046875
0 0.12109375 0.6859375 0.01484375 0.0140625
2 0.77421875 0.85625 0.02421875 0.03515625
0 0.684375 0.4125 0.01484375 0.02421875