5 0.215625 0.68671875 0.0703125 0.0546875
5 0.28125 0.68046875 0.053125 0.06171875
2 0.08671875 0.896875 0.025 0.03125
2 0.24140625 0.87578125 0.03046875 0.03125
2 0.31796875 0.8796875 0.02890625 0.03671875
2 0.3734375 0.93828125 0.03046875 0.02890625
2 0.59609375 0.696875 0.03046875 0.03671875
2 0.54140625 0.815625 0.02421875 0.03671875
2 0.6015625 0.81953125 0.028125 0.03828125
2 0.70078125 0.68828125 0.0234375 0.02890625
2 0.74375 0.71015625 0.03203125 0.0234375
2 0.70546875 0.81796875 0.0484375 0.02890625
4 0.4046875 0.78046875 0.01875 0.03671875
2 0.47265625 0.16015625 0.01796875 0.05078125
4 0.50703125 0.11640625 0.0140625 0.0296875
4 0.47109375 0.33359375 0.0140625 0.0515625
4 0.515625 0.44296875 0.009375 0.04453125
4 0.51328125 0.39140625 0.01796875 0.034375
4 0.6328125 0.77265625 0.01796875 0.01796875
4 0.83203125 0.784375 0.01484375 0.021875
4 0.1765625 0.82421875 0.01640625 0.02421875
4 0.2859375 0.90390625 0.01640625 0.0234375
4 0.096875 0.83359375 0.01875 0.0234375
4 0.83125 0.85546875 0.01796875 0.0234375
4 0.96015625 0.77890625 0.01953125 0.01953125
2 0.953125 0.85703125 0.0359375 0.0296875
4 0.471875 0.53125 0.00859375 0.046875
4 0.56484375 0.87578125 0.01875 0.02890625
0 0.7734375 0.878125 0.0203125 0.025
5 0.06640625 0.9484375 0.06328125 0.03828125
0 0.02421875 0.81953125 0.025 0.034375
4 0.5171875 0.30703125 0.01328125 0.0296875
4 0.53046875 0.66796875 0.01328125 0.02578125
0 0.571875 0.75390625 0.02578125 0.02109375
4 0.5046875 0.75703125 0.01171875 0.04609375
0 0.17890625 0.79609375 0.025 0.01796875
4 0.66640625 0.6984375 0.01328125 0.021875
4 0.91171875 0.78125 0.01953125 0.01796875
4 0.21640625 0.90625 0.01328125 0.0234375
4 0.02421875 0.7421875 0.01875 0.0296875
4 0.06796875 0.8703125 0.0109375 0.01875
6 0.98671875 0.71015625 0.02578125 0.03125