1 0.4935952671875 0.622274840625 0.5557265 0.703586184375 0.5713569953125 0.6667528625 0.5077139140625 0.584573171875 0.4935952671875 0.622274840625
0 0.39453125 0.4390625 0.0140625 0.02890625
0 0.48359375 0.34140625 0.01796875 0.02578125
0 0.5890625 0.4859375 0.01640625 0.03046875
0 0.62421875 0.4296875 0.021875 0.034375
0 0.7890625 0.98515625 0.01796875 0.028125
0 0.840625 0.2515625 0.02421875 0.0296875
3 0.272265190625 0.1103637765625 0.296687871875 0.15446756718750002 0.3064569234375 0.139098078125 0.2827874984375 0.09475296093749999 0.272265190625 0.1103637765625
2 0.32421875 0.37890625 0.01171875 0.04296875
2 0.18984375 0.12734375 0.0234375 0.0359375
2 0.23125 0.1859375 0.028125 0.03203125
3 0.2515625 0.2359375 0.01796875 0.03515625
0 0.28359375 0.27578125 0.01640625 0.02890625
0 0.378125 0.49296875 0.01640625 0.0265625
0 0.421875 0.6453125 0.01796875 0.028125
2 0.3484375 0.81328125 0.01640625 0.04296875
2 0.28046875 0.95625 0.0203125 0.04375
2 0.721875 0.965625 0.02578125 0.025
4 0.528125 0.48671875 0.01171875 0.02421875
4 0.43828125 0.3875 0.009375 0.0140625
4 0.46171875 0.3984375 0.01640625 0.01640625
4 0.47578125 0.4265625 0.01171875 0.01484375
4 0.50234375 0.4390625 0.01328125 0.01953125
4 0.52109375 0.3765625 0.0109375 0.01796875
4 0.5171875 0.35625 0.009375 0.015625
4 0.503125 0.38046875 0.0140625 0.01796875
4 0.4890625 0.37578125 0.01328125 0.015625
4 0.484375 0.35703125 0.0109375 0.01015625
4 0.42734375 0.34375 0.0109375 0.01640625
4 0.38046875 0.26328125 0.00703125 0.01953125
4 0.37265625 0.26953125 0.009375 0.01875
4 0.32578125 0.3140625 0.01015625 0.02109375
4 0.27578125 0.23359375 0.009375 0.0203125
3 0.30859375 0.18515625 0.01640625 0.0296875
2 0.30703125 0.11171875 0.01875 0.03828125
2 0.40390625 0.14375 0.02109375 0.03359375
4 0.25078125 0.09140625 0.01015625 0.01875
4 0.34140625 0.44609375 0.01171875 0.01484375
4 0.36328125 0.4484375 0.0140625 0.01484375
4 0.421875 0.54609375 0.01171875 0.02421875
4 0.41171875 0.4484375 0.01015625 0.02109375
4 0.41484375 0.4046875 0.01171875 0.01796875
4 0.45625 0.58125 0.0140625 0.01796875
4 0.4765625 0.59453125 0.01484375 0.01953125
4 0.571875 0.50546875 0.01015625 0.02421875
4 0.546875 0.4875 0.0140625 0.01953125
4 0.59140625 0.596875 0.01328125 0.021875
4 0.59921875 0.5765625 0.01171875 0.02109375
4 0.5203125 0.66953125 0.009375 0.02109375
4 0.5328125 0.68828125 0.01171875 0.0203125
4 0.57890625 0.7109375 0.01484375 0.02109375
4 0.59609375 0.71328125 0.01171875 0.01953125
4 0.5875 0.73515625 0.0109375 0.01875
4 0.62578125 0.7515625 0.0109375 0.015625
4 0.62578125 0.77109375 0.0109375 0.015625
4 0.6390625 0.79375 0.01015625 0.01875
4 0.65859375 0.7890625 0.0109375 0.01953125
4 0.68125 0.8359375 0.01328125 0.0203125
4 0.70625 0.8734375 0.0109375 0.0140625
4 0.70390625 0.8859375 0.01015625 0.01640625
4 0.7171875 0.934375 0.01171875 0.02421875
4 0.75 0.92109375 0.0140625 0.01640625
4 0.77109375 0.93046875 0.01171875 0.01875
4 0.84453125 0.9796875 0.01171875 0.01875
4 0.746875 0.81171875 0.01171875 0.02421875
4 0.75546875 0.73359375 0.01328125 0.0203125
4 0.771875 0.74609375 0.0140625 0.01484375
4 0.7984375 0.59453125 0.01328125 0.01953125
4 0.834375 0.225 0.01171875 0.01875
4 0.8609375 0.05234375 0.01640625 0.02109375
4 0.86953125 0.08828125 0.01171875 0.01875
4 0.91171875 0.04609375 0.01171875 0.0140625
4 0.746875 0.10859375 0.01875 0.02109375
4 0.753125 0.1296875 0.01171875 0.01484375
4 0.68671875 0.1609375 0.01171875 0.0140625
4 0.5765625 0.2921875 0.01171875 0.015625
4 0.5984375 0.2734375 0.01171875 0.01640625
4 0.62734375 0.39375 0.01484375 0.01953125
4 0.59609375 0.41875 0.00859375 0.0140625
4 0.559375 0.3359375 0.01328125 0.01640625
4 0.54296875 0.29453125 0.01171875 0.01640625
4 0.4640625 0.31953125 0.01171875 0.0109375
4 0.41796875 0.32578125 0.01171875 0.0140625
4 0.334375 0.15390625 0.009375 0.01796875
4 0.36953125 0.5890625 0.0140625 0.02421875
4 0.321875 0.59375 0.0109375 0.025
4 0.30546875 0.74296875 0.00859375 0.028125
4 0.290625 0.70078125 0.01171875 0.02109375
4 0.25703125 0.76953125 0.00625 0.02578125
4 0.328125 0.834375 0.009375 0.0234375
4 0.32421875 0.87578125 0.00859375 0.02109375
4 0.30390625 0.91015625 0.0140625 0.0265625
4 0.3359375 0.8578125 0.01015625 0.021875
4 0.334375 0.8015625 0.01015625 0.0203125
4 0.32109375 0.809375 0.00703125 0.01796875
4 0.26171875 0.9171875 0.009375 0.0234375
3 0.24921875 0.80546875 0.015625 0.04296875
3 0.18828125 0.20703125 0.0234375 0.04453125
3 0.2109375 0.25078125 0.02109375 0.0390625
6 0.190625 0.25625 0.0265625 0.05703125
3 0.6703125 0.440625 0.02890625 0.03359375
3 0.73359375 0.38828125 0.02578125 0.03359375
3 0.8109375 0.33359375 0.0234375 0.028125
3 0.8359375 0.3140625 0.034375 0.040625
3 0.865625 0.33984375 0.02890625 0.05625
3 0.8234375 0.453125 0.034375 0.0640625
3 0.7265625 0.6734375 0.0203125 0.0359375
3 0.68984375 0.61328125 0.01875 0.03671875
3 0.665625 0.56484375 0.01953125 0.03359375
3 0.62890625 0.50625 0.0203125 0.0296875
2 0.8640625 0.2921875 0.0265625 0.02890625
2 0.84453125 0.390625 0.025 0.04609375
2 0.75625 0.63515625 0.021875 0.04140625
2 0.5484375 0.24921875 0.02109375 0.034375
2 0.515625 0.275 0.025 0.03046875
2 0.6578125 0.15234375 0.0234375 0.02890625
2 0.62109375 0.159375 0.01796875 0.05
6 0.56171875 0.94921875 0.0390625 0.0640625
6 0.0734375 0.03125 0.040625 0.0625
3 0.23125 0.284375 0.02578125 0.04140625
3 0.2171875 0.27734375 0.0203125 0.03515625
3 0.61796875 0.4921875 0.01796875 0.021875
3 0.628125 0.54375 0.01796875 0.02578125
3 0.68203125 0.58828125 0.0234375 0.040625
3 0.7171875 0.65078125 0.02890625 0.0390625
3 0.703125 0.634375 0.0234375 0.034375
3 0.80234375 0.50703125 0.015625 0.02578125
3 0.69921875 0.41875 0.0265625 0.03828125
4 0.64453125 0.46171875 0.01171875 0.01171875
4 0.615625 0.56640625 0.01171875 0.0203125
4 0.778125 0.73671875 0.01171875 0.009375
4 0.78046875 0.7265625 0.01171875 0.00859375
4 0.7828125 0.721875 0.01015625 0.01171875
4 0.78671875 0.709375 0.01171875 0.01171875
4 0.74140625 0.66015625 0.0046875 0.01484375
4 0.80625 0.6515625 0.01015625 0.01796875
4 0.825 0.60234375 0.0109375 0.01640625
4 0.815625 0.63828125 0.01171875 0.0109375
4 0.77421875 0.575 0.01015625 0.01015625
4 0.7765625 0.56640625 0.01328125 0.00703125
4 0.78203125 0.55625 0.0109375 0.01328125
4 0.70546875 0.9765625 0.0109375 0.01796875
4 0.78671875 0.546875 0.0109375 0.01484375
4 0.79296875 0.53125 0.0109375 0.01015625
4 0.80859375 0.4859375 0.01015625 0.01484375
4 0.86484375 0.49140625 0.0109375 0.0109375
4 0.890625 0.43671875 0.0109375 0.0140625
4 0.89296875 0.4265625 0.01328125 0.01171875
4 0.903125 0.396875 0.01015625 0.01953125
4 0.94921875 0.1546875 0.015625 0.0203125
4 0.83125 0.1234375 0.01171875 0.01796875
4 0.7703125 0.03671875 0.00625 0.0203125
4 0.7765625 0.03125 0.00703125 0.01953125
4 0.72578125 0.09296875 0.00703125 0.0203125
4 0.68046875 0.11328125 0.00390625 0.02109375
4 0.6765625 0.13046875 0.01328125 0.015625
4 0.67578125 0.11640625 0.00546875 0.01640625
4 0.68359375 0.11328125 0.0046875 0.01875
4 0.68671875 0.10859375 0.0046875 0.01875
4 0.6921875 0.1078125 0.00546875 0.0203125
4 0.66953125 0.121875 0.00625 0.0203125
4 0.665625 0.12578125 0.0046875 0.01796875
4 0.66015625 0.1265625 0.00546875 0.01796875
4 0.65390625 0.12890625 0.00546875 0.01875
4 0.6484375 0.13203125 0.00703125 0.01875
4 0.64140625 0.1375 0.00703125 0.01875
4 0.63515625 0.140625 0.0046875 0.01875
4 0.6296875 0.14375 0.00859375 0.02109375
4 0.60859375 0.13359375 0.00859375 0.02109375
4 0.60859375 0.16015625 0.00625 0.01953125
4 0.603125 0.17578125 0.00703125 0.01875
4 0.5953125 0.1796875 0.00859375 0.01640625
4 0.5890625 0.19921875 0.00546875 0.0203125
4 0.578125 0.1921875 0.00625 0.01953125
4 0.57421875 0.19453125 0.00625 0.0203125
4 0.5828125 0.18828125 0.00546875 0.01953125
4 0.54921875 0.19296875 0.00625 0.0203125
4 0.56171875 0.2015625 0.00546875 0.01796875
4 0.55390625 0.18671875 0.00703125 0.02109375
3 0.52109375 0.21953125 0.0203125 0.0265625
4 0.471875 0.28125 0.00859375 0.01640625
4 0.478125 0.27890625 0.00703125 0.01796875
4 0.471875 0.29765625 0.0109375 0.01328125
4 0.46171875 0.28125 0.00625 0.015625
4 0.4203125 0.284375 0.00625 0.0203125
4 0.43046875 0.2890625 0.0046875 0.01640625
4 0.42578125 0.29140625 0.00390625 0.01796875
4 0.384375 0.23203125 0.00859375 0.01015625
4 0.3859375 0.215625 0.01171875 0.01484375
4 0.3984375 0.11328125 0.00859375 0.01640625
4 0.3875 0.10859375 0.0046875 0.01953125
4 0.3828125 0.12890625 0.00625 0.015625
4 0.38125 0.1171875 0.0046875 0.0140625
4 0.3765625 0.103125 0.00625 0.01640625
4 0.37578125 0.1203125 0.00625 0.01796875
4 0.3765625 0.14296875 0.00625 0.01875
4 0.3703125 0.1296875 0.00546875 0.01796875
4 0.365625 0.11875 0.00703125 0.01640625
4 0.36171875 0.096875 0.00625 0.01484375
4 0.36015625 0.06015625 0.00625 0.01953125
4 0.34140625 0.040625 0.009375 0.01875
4 0.35234375 0.05078125 0.009375 0.01640625
4 0.3421875 0.0703125 0.009375 0.015625
4 0.33046875 0.0609375 0.00703125 0.01953125
4 0.3234375 0.0703125 0.01015625 0.0109375
4 0.31953125 0.0765625 0.01171875 0.01328125
4 0.3109375 0.08828125 0.009375 0.0140625
4 0.33828125 0.10625 0.00859375 0.021875
4 0.34375 0.11171875 0.00703125 0.01640625
4 0.33828125 0.128125 0.0109375 0.015625
4 0.3578125 0.11796875 0.00703125 0.01875
4 0.328125 0.10625 0.009375 0.0203125
4 0.3171875 0.09765625 0.009375 0.015625
4 0.34765625 0.09765625 0.00859375 0.0203125
4 0.22421875 0.2328125 0.0109375 0.009375
4 0.234375 0.24296875 0.009375 0.0109375
4 0.240625 0.24140625 0.00625 0.01875
4 0.21484375 0.88359375 0.009375 0.021875
4 0.22578125 0.8390625 0.01171875 0.0109375
4 0.2265625 0.82578125 0.01015625 0.01015625
4 0.23828125 0.7890625 0.009375 0.00859375
4 0.23359375 0.796875 0.01015625 0.0109375
4 0.2515625 0.76953125 0.00703125 0.01796875
3 0.2765625 0.67578125 0.01484375 0.0296875
4 0.30625 0.5890625 0.00625 0.015625
4 0.14609375 0.1859375 0.009375 0.01953125
4 0.17421875 0.1109375 0.009375 0.01953125
4 0.1140625 0.11953125 0.009375 0.0203125