4 0.08359375 0.51796875 0.01796875 0.0234375
4 0.11015625 0.52421875 0.0234375 0.01953125
4 0.1734375 0.55859375 0.01953125 0.02578125
4 0.2140625 0.54375 0.015625 0.01875
4 0.26171875 0.56171875 0.0109375 0.01484375
4 0.28203125 0.45390625 0.01875 0.0203125
4 0.265625 0.43046875 0.01875 0.01484375
4 0.2390625 0.4609375 0.01328125 0.01640625
4 0.14140625 0.4234375 0.01640625 0.02109375
4 0.12578125 0.44296875 0.01171875 0.0140625
4 0.153125 0.453125 0.0140625 0.0234375
4 0.16875 0.46484375 0.01328125 0.01171875
4 0.18828125 0.46484375 0.01640625 0.00859375
4 0.165625 0.440625 0.01328125 0.01875
4 0.02421875 0.44453125 0.01171875 0.01171875
4 0.028125 0.45546875 0.01484375 0.01484375
4 0.09921875 0.41640625 0.0140625 0.0140625
4 0.35078125 0.525 0.01328125 0.01875
4 0.3515625 0.55390625 0.0109375 0.01640625
4 0.49296875 0.4171875 0.0140625 0.01484375
4 0.52109375 0.428125 0.01484375 0.01875
4 0.47578125 0.51796875 0.0140625 0.015625
4 0.540625 0.54453125 0.0109375 0.0140625
4 0.5875 0.55703125 0.01484375 0.0140625
4 0.58125 0.54453125 0.01171875 0.0140625
4 0.61171875 0.546875 0.01484375 0.01953125
4 0.6125 0.53046875 0.01328125 0.01953125
4 0.62578125 0.51875 0.0140625 0.01796875
4 0.63203125 0.53984375 0.015625 0.0203125
4 0.60390625 0.44609375 0.01171875 0.01640625
4 0.58984375 0.4234375 0.01484375 0.01796875
4 0.6140625 0.43125 0.01484375 0.01328125
4 0.61015625 0.415625 0.0109375 0.01015625
4 0.66171875 0.43828125 0.01171875 0.01484375
4 0.67890625 0.446875 0.01328125 0.00859375
4 0.68203125 0.459375 0.015625 0.00859375
4 0.671875 0.5609375 0.0140625 0.01796875
4 0.70078125 0.5390625 0.0140625 0.0109375
4 0.709375 0.55703125 0.01328125 0.01484375
4 0.72421875 0.521875 0.01171875 0.0203125
4 0.734375 0.54375 0.01796875 0.01015625
4 0.75625 0.55703125 0.01328125 0.0140625
4 0.71953125 0.44375 0.01328125 0.01640625
4 0.703125 0.42578125 0.01484375 0.0203125
4 0.7359375 0.43125 0.01875 0.01953125
4 0.76796875 0.43828125 0.01796875 0.01484375
4 0.82265625 0.44296875 0.0140625 0.01640625
4 0.7984375 0.54921875 0.01796875 0.01796875
4 0.81328125 0.534375 0.01171875 0.0109375
4 0.8296875 0.52109375 0.01328125 0.01796875
4 0.8359375 0.55390625 0.015625 0.015625
4 0.85390625 0.54453125 0.01484375 0.01484375
0 0.03515625 0.5390625 0.02109375 0.01640625
0 0.109375 0.43203125 0.015625 0.01796875
0 0.00859375 0.43359375 0.0171875 0.0203125
0 0.17578125 0.421875 0.01875 0.01484375
0 0.21328125 0.41953125 0.01796875 0.0203125
0 0.2421875 0.421875 0.01796875 0.01953125
0 0.24140625 0.54609375 0.01640625 0.0234375
1 0.19921875 0.44296875 0.0515625 0.0296875
2 0.06328125 0.45703125 0.02578125 0.02421875
6 0.19453125 0.521875 0.03828125 0.0296875
6 0.4375 0.5359375 0.034375 0.03125
2 0.52109375 0.5234375 0.02578125 0.028125
2 0.571875 0.5234375 0.028125 0.01875
2 0.67578125 0.52109375 0.02421875 0.0203125
2 0.7578125 0.45625 0.028125 0.025
2 0.78046875 0.51953125 0.02890625 0.021875
0 0.68203125 0.54375 0.01953125 0.01953125
0 0.7796875 0.42109375 0.01640625 0.021875
0 0.81171875 0.428125 0.01953125 0.015625
0 0.85 0.42421875 0.01953125 0.01640625
0 0.8859375 0.55546875 0.01796875 0.01640625
0 0.91953125 0.534375 0.0203125 0.01953125
0 0.9859375 0.5453125 0.02109375 0.01953125
1 0.8578125 0.45859375 0.05859375 0.03125
4 0.9875 0.528125 0.01484375 0.01875
4 0.99375 0.565625 0.01171875 0.01875
6 0.08046875 0.43203125 0.02421875 0.02578125
4 0.01328125 0.56015625 0.01796875 0.01953125
4 0.29453125 0.52734375 0.0140625 0.025
0 0.315625 0.546875 0.01953125 0.025
4 0.26328125 0.546875 0.01484375 0.01796875
0 0.50625 0.5515625 0.021875 0.0203125