2 0.02578125 0.0265625 0.01796875 0.040625
4 0.0125 0.04921875 0.00703125 0.01953125
4 0.00859375 0.03203125 0.01171875 0.01015625
4 0.00390625 0.05 0.0078125 0.015625
2 0.15859375 0.2484375 0.0203125 0.03671875
2 0.0265625 0.23984375 0.01875 0.04453125
2 0.03125 0.275 0.01796875 0.03671875
2 0.00859375 0.29296875 0.01640625 0.0390625
3 0.07421875 0.309375 0.021875 0.06484375
0 0.1984375 0.36171875 0.01640625 0.0140625
4 0.26328125 0.35859375 0.0109375 0.01015625
2 0.50078125 0.36875 0.021875 0.01953125
4 0.6078125 0.359375 0.01015625 0.00859375
2 0.7796875 0.26796875 0.02578125 0.01875
2 0.77265625 0.184375 0.0234375 0.01953125
4 0.81171875 0.4171875 0.0109375 0.009375
2 0.98125 0.35859375 0.025 0.0203125
2 0.07578125 0.52890625 0.0265625 0.0203125
2 0.01640625 0.52890625 0.021875 0.01796875
2 0.0328125 0.5609375 0.02578125 0.0203125
4 0.19609375 0.56796875 0.01171875 0.00859375
0 0.984375 0.54140625 0.01875 0.01875
4 0.9875 0.51328125 0.01328125 0.0140625