2 0.171875 0.51640625 0.0203125 0.028125
2 0.12109375 0.46015625 0.02890625 0.0265625
2 0.1234375 0.278125 0.0140625 0.0296875
4 0.10625 0.30546875 0.01484375 0.0296875
0 0.07109375 0.46875 0.02578125 0.02109375
2 0.06328125 0.4890625 0.03359375 0.0234375
0 0.20390625 0.51328125 0.0203125 0.02109375
2 0.40703125 0.51328125 0.025 0.025
2 0.45859375 0.49453125 0.02421875 0.0203125
0 0.6796875 0.48359375 0.01875 0.02890625
2 0.67421875 0.59140625 0.0265625 0.01953125
2 0.859375 0.50625 0.0265625 0.02578125
2 0.9671875 0.59375 0.01875 0.025
2 0.94375 0.59453125 0.01875 0.02421875
2 0.04921875 0.60078125 0.021875 0.03203125
2 0.015625 0.603125 0.021875 0.0203125
2 0.0265625 0.66484375 0.009375 0.04140625
2 0.00703125 0.65625 0.0140625 0.040625
2 0.1140625 0.60625 0.02578125 0.028125
2 0.0859375 0.54296875 0.02578125 0.03203125
4 0.13515625 0.50546875 0.01484375 0.0203125
0 0.0453125 0.5078125 0.02109375 0.01796875
2 0.02578125 0.4640625 0.02109375 0.0234375
2 0.00703125 0.46640625 0.0140625 0.021875
2 0.040625 0.36484375 0.0265625 0.02578125
2 0.2046875 0.19609375 0.01953125 0.034375
2 0.22578125 0.21875 0.0203125 0.03828125
2 0.87578125 0.97578125 0.01640625 0.040625
2 0.88046875 0.92890625 0.0203125 0.028125
0 0.88046875 0.7359375 0.01796875 0.03046875
4 0.696875 0.55546875 0.0203125 0.01328125
4 0.76171875 0.56171875 0.01875 0.021875
4 0.7484375 0.5171875 0.01328125 0.03046875
5 0.74140625 0.4953125 0.01328125 0.034375
4 0.6984375 0.48359375 0.01484375 0.01484375
4 0.75078125 0.453125 0.0234375 0.02109375
4 0.80859375 0.48359375 0.0203125 0.01953125