4 0.0234375 0.7296875 0.01796875 0.015625
4 0.0265625 0.80234375 0.0140625 0.0109375
4 0.03671875 0.81953125 0.0140625 0.01875
4 0.08671875 0.953125 0.01328125 0.01484375
4 0.14609375 0.815625 0.0109375 0.0140625
0 0.14453125 0.97578125 0.01328125 0.0203125
4 0.196875 0.78984375 0.0140625 0.01484375
1 0.21171875 0.90234375 0.0609375 0.04375
5 0.2234375 0.6859375 0.05703125 0.0265625
5 0.28125 0.68203125 0.05546875 0.03125
2 0.2765625 0.7265625 0.02109375 0.02578125
2 0.30703125 0.8890625 0.02421875 0.02578125
2 0.35 0.78984375 0.021875 0.02578125
4 0.41640625 0.69609375 0.0140625 0.0140625
2 0.43984375 0.8125 0.02109375 0.02421875
1 0.3890625 0.88125 0.06328125 0.0390625
4 0.4546875 0.734375 0.01171875 0.0140625
4 0.47578125 0.67578125 0.01015625 0.02421875
4 0.5359375 0.69453125 0.0109375 0.0203125
0 0.57421875 0.6796875 0.015625 0.0203125
0 0.61171875 0.69453125 0.01640625 0.01640625
2 0.77421875 0.83828125 0.0234375 0.02578125
2 0.6203125 0.828125 0.02421875 0.0203125
2 0.73203125 0.72578125 0.0203125 0.0234375
2 0.76640625 0.803125 0.01796875 0.0203125
2 0.8484375 0.7390625 0.02109375 0.021875
2 0.87109375 0.83125 0.0234375 0.025
2 0.86171875 0.88203125 0.021875 0.0234375
2 0.90546875 0.89296875 0.01796875 0.0203125
0 0.8140625 0.790625 0.01484375 0.01796875
0 0.73984375 0.70546875 0.0140625 0.0140625
0 0.94296875 0.89609375 0.01875 0.0234375
2 0.93828125 0.7515625 0.02109375 0.0203125
2 0.9765625 0.7515625 0.021875 0.02109375
4 0.9671875 0.80625 0.0109375 0.0140625
3 0.7546875 0.9078125 0.03203125 0.03125
4 0.74453125 0.87421875 0.01171875 0.01640625
0 0.659375 0.796875 0.01796875 0.01796875
4 0.62890625 0.78359375 0.01640625 0.01171875
4 0.5234375 0.51953125 0.009375 0.025
4 0.52890625 0.55546875 0.00625 0.0234375
2 0.5234375 0.446875 0.0109375 0.04609375
2 0.50859375 0.3109375 0.01015625 0.0390625
0 0.52421875 0.271875 0.0109375 0.0296875
4 0.5265625 0.0234375 0.00625 0.0234375
0 0.50859375 0.96171875 0.015625 0.015625