0 0.35703125 0.5390625 0.01484375 0.01875
2 0.21640625 0.7765625 0.01640625 0.03046875
0 0.25859375 0.68671875 0.0140625 0.0203125
2 0.31640625 0.7421875 0.01875 0.03125
2 0.35078125 0.64921875 0.01640625 0.028125
2 0.68828125 0.21640625 0.01796875 0.03125
0 0.66171875 0.16015625 0.01171875 0.02421875
2 0.21171875 0.8984375 0.01796875 0.03125
2 0.22890625 0.67734375 0.0203125 0.03515625
2 0.29609375 0.76796875 0.01875 0.03203125
2 0.26796875 0.53046875 0.015625 0.03515625
2 0.690625 0.27890625 0.0203125 0.03125
2 0.190625 0.9328125 0.01640625 0.03046875
2 0.66953125 0.31328125 0.01796875 0.03046875
4 0.36796875 0.6484375 0.009375 0.0109375
2 0.734375 0.21171875 0.01953125 0.03125
4 0.6359375 0.2609375 0.00859375 0.015625
2 0.171875 0.9609375 0.01875 0.0296875
4 0.32109375 0.68203125 0.00703125 0.015625
4 0.390625 0.58046875 0.00703125 0.01171875
0 0.74765625 0.25078125 0.0109375 0.01953125
2 0.20390625 0.71796875 0.01953125 0.03359375
2 0.78046875 0.0984375 0.02109375 0.03515625
4 0.8015625 0.16015625 0.00859375 0.01796875
4 0.6765625 0.2515625 0.00703125 0.01328125
4 0.659375 0.37265625 0.00703125 0.01171875
2 0.2828125 0.7953125 0.01875 0.0359375
2 0.4515625 0.29921875 0.01640625 0.04140625
0 0.6734375 0.14921875 0.01171875 0.01796875
2 0.41640625 0.26640625 0.01640625 0.03125
2 0.40078125 0.23046875 0.01796875 0.034375
2 0.3015625 0.72734375 0.01640625 0.03046875
2 0.8140625 0.0375 0.01875 0.034375
2 0.41484375 0.39140625 0.01328125 0.0390625
2 0.4234375 0.48359375 0.01171875 0.03515625
2 0.4234375 0.234375 0.01640625 0.03515625
2 0.365625 0.13203125 0.01953125 0.03671875
2 0.3828125 0.1921875 0.01875 0.03828125
4 0.26171875 0.78671875 0.0046875 0.01484375
2 0.15703125 0.94296875 0.0203125 0.03515625
2 0.58359375 0.28046875 0.02421875 0.0296875
0 0.8171875 0.153125 0.0109375 0.0203125
4 0.84453125 0.11640625 0.00859375 0.01875
4 0.8171875 0.13203125 0.009375 0.01484375
4 0.39921875 0.596875 0.00703125 0.0109375
4 0.35390625 0.671875 0.00703125 0.0109375
2 0.15546875 0.984375 0.01640625 0.028125
4 0.315625 0.14140625 0.0109375 0.02421875
2 0.35625 0.20625 0.0140625 0.025
2 0.4359375 0.309375 0.0140625 0.03046875
4 0.44375 0.334375 0.00546875 0.01796875
2 0.4546875 0.34921875 0.01484375 0.0265625
2 0.48125 0.38984375 0.01796875 0.03515625
2 0.4765625 0.42421875 0.01328125 0.03984375
2 0.48671875 0.48828125 0.009375 0.03359375
2 0.47578125 0.4859375 0.009375 0.034375
2 0.48125 0.5328125 0.01328125 0.034375
2 0.46796875 0.53515625 0.01328125 0.0359375
2 0.48359375 0.57734375 0.01328125 0.0296875
2 0.46796875 0.584375 0.01640625 0.0296875
2 0.4515625 0.58125 0.01484375 0.03203125
2 0.45546875 0.62109375 0.01640625 0.01875
2 0.4828125 0.6390625 0.0140625 0.0296875
2 0.42578125 0.64609375 0.01796875 0.0265625
4 0.41875 0.63359375 0.00625 0.01171875
4 0.40703125 0.64921875 0.00625 0.0140625
4 0.3984375 0.6859375 0.00859375 0.01171875
2 0.36640625 0.7171875 0.01640625 0.028125
2 0.33125 0.7859375 0.01796875 0.03046875
2 0.29609375 0.82578125 0.01640625 0.02890625
2 0.24140625 0.90625 0.01875 0.028125
2 0.20078125 0.97578125 0.01953125 0.0296875
4 0.2015625 0.8734375 0.009375 0.01015625
2 0.21953125 0.85 0.01640625 0.0265625
2 0.24453125 0.853125 0.01953125 0.03203125
2 0.2421875 0.821875 0.01796875 0.02890625
4 0.26015625 0.81328125 0.00859375 0.01640625
2 0.2703125 0.81796875 0.01171875 0.02109375
4 0.2703125 0.7640625 0.00703125 0.01328125
4 0.26953125 0.79921875 0.00859375 0.01171875
4 0.284375 0.74296875 0.00859375 0.01328125
2 0.3765625 0.6109375 0.0203125 0.03125
2 0.40703125 0.55703125 0.01484375 0.0265625
2 0.41953125 0.5890625 0.01484375 0.02109375
2 0.303125 0.01640625 0.01953125 0.03203125
4 0.3515625 0.02890625 0.00703125 0.01953125
2 0.51328125 0.2453125 0.025 0.02890625
0 0.496875 0.37421875 0.01015625 0.021875
0 0.521875 0.44453125 0.01015625 0.0203125
4 0.4875 0.36953125 0.00625 0.015625
2 0.3328125 0.7109375 0.01875 0.028125
2 0.353125 0.68984375 0.01640625 0.025
2 0.36796875 0.66796875 0.015625 0.02421875
2 0.38359375 0.64140625 0.01796875 0.02890625
2 0.40078125 0.61875 0.01953125 0.03046875
3 0.66796875 0.93125 0.01484375 0.03203125
3 0.64296875 0.90390625 0.01640625 0.03359375
6 0.6203125 0.8734375 0.02578125 0.05703125
2 0.6203125 0.81015625 0.015625 0.03359375
2 0.60078125 0.81640625 0.01484375 0.03203125
2 0.58671875 0.81171875 0.0140625 0.02421875
2 0.60078125 0.77734375 0.0140625 0.02890625
4 0.60703125 0.7671875 0.00625 0.0140625
4 0.60234375 0.753125 0.00703125 0.01171875
2 0.5890625 0.73046875 0.00859375 0.021875
2 0.578125 0.74140625 0.0140625 0.028125
0 0.5765625 0.78125 0.01015625 0.0203125
4 0.5609375 0.7796875 0.00703125 0.01328125
4 0.56953125 0.77109375 0.00703125 0.01484375
2 0.55859375 0.74921875 0.0140625 0.02890625
4 0.54453125 0.74609375 0.00625 0.0109375
2 0.5421875 0.7140625 0.01328125 0.028125
4 0.53046875 0.715625 0.00546875 0.0140625
4 0.5296875 0.696875 0.00625 0.0140625
4 0.52109375 0.70859375 0.00859375 0.015625
4 0.51953125 0.68828125 0.00546875 0.01328125
3 0.56328125 0.71640625 0.01171875 0.02421875
2 0.55859375 0.671875 0.015625 0.03515625
2 0.57421875 0.6921875 0.01171875 0.02890625
4 0.5859375 0.70703125 0.00703125 0.01640625
4 0.54140625 0.67734375 0.00703125 0.01015625
2 0.59609375 0.65625 0.01484375 0.02890625
2 0.62421875 0.74375 0.01484375 0.028125
2 0.65078125 0.753125 0.01796875 0.03203125
4 0.6109375 0.67734375 0.00625 0.015625
2 0.72421875 0.92578125 0.01796875 0.03984375
1 0.63203125 0.39296875 0.04140625 0.078125
4 0.678125 0.37421875 0.00546875 0.01328125
4 0.66953125 0.38046875 0.00546875 0.01015625
4 0.66875 0.36953125 0.00546875 0.0109375
4 0.66875 0.390625 0.00703125 0.009375
4 0.6828125 0.36171875 0.00703125 0.01171875
4 0.6890625 0.35390625 0.00546875 0.01328125
4 0.6953125 0.3515625 0.00546875 0.01015625
4 0.69453125 0.3421875 0.00703125 0.009375
4 0.7015625 0.3328125 0.00703125 0.01015625
4 0.70859375 0.321875 0.00703125 0.01171875
4 0.6828125 0.33125 0.00703125 0.01171875
2 0.715625 0.103125 0.01640625 0.028125
0 0.771875 0.18359375 0.01171875 0.0203125
2 0.75625 0.1875 0.01875 0.028125
2 0.76328125 0.22265625 0.01796875 0.028125
2 0.79296875 0.22578125 0.02578125 0.03671875
0 0.76953125 0.24765625 0.01171875 0.02421875
4 0.75859375 0.26015625 0.00703125 0.0140625
2 0.70546875 0.25078125 0.01640625 0.025
4 0.73671875 0.253125 0.00703125 0.01484375
2 0.7359375 0.27890625 0.01640625 0.02890625
4 0.746875 0.28515625 0.00546875 0.0140625
2 0.71875 0.29609375 0.01796875 0.02421875
4 0.70703125 0.2765625 0.00859375 0.01484375
2 0.70078125 0.315625 0.0203125 0.0265625
2 0.66875 0.346875 0.01640625 0.03125
0 0.62265625 0.46484375 0.01171875 0.01953125
2 0.5984375 0.45390625 0.0140625 0.0234375
2 0.609375 0.4859375 0.0140625 0.02578125
4 0.63203125 0.4890625 0.00859375 0.01171875
4 0.6234375 0.5 0.009375 0.01171875
4 0.61015625 0.503125 0.00703125 0.00859375
0 0.6140625 0.51171875 0.01015625 0.01875
0 0.63828125 0.52890625 0.00703125 0.02109375
4 0.615625 0.53046875 0.00859375 0.01328125
2 0.61640625 0.83203125 0.009375 0.01328125