4 0.03046875 0.75625 0.02421875 0.02578125
4 0.02578125 0.92578125 0.01484375 0.01796875
4 0.109375 0.8625 0.01640625 0.02578125
4 0.30625 0.84453125 0.015625 0.01875
4 0.4515625 0.89296875 0.01484375 0.021875
4 0.47734375 0.59453125 0.01328125 0.0265625
4 0.5203125 0.6015625 0.00859375 0.0265625
4 0.5328125 0.64609375 0.01328125 0.02890625
4 0.52890625 0.47421875 0.01171875 0.03359375
4 0.521875 0.43828125 0.01171875 0.02578125
0 0.46484375 0.5453125 0.01796875 0.03515625
4 0.465625 0.396875 0.01484375 0.0359375
2 0.53828125 0.703125 0.028125 0.0546875
2 0.57265625 0.784375 0.028125 0.0484375
2 0.5484375 0.83828125 0.0296875 0.040625
2 0.6109375 0.85546875 0.02890625 0.0296875
2 0.66015625 0.8609375 0.0265625 0.03515625
3 0.6328125 0.7640625 0.02109375 0.03359375
5 0.50703125 0.775 0.0390625 0.06640625
4 0.4390625 0.8484375 0.015625 0.02890625
0 0.01875 0.86953125 0.01875 0.021875
4 0.51171875 0.73125 0.01328125 0.0203125
4 0.6609375 0.759375 0.01640625 0.02890625
4 0.63671875 0.89921875 0.0203125 0.0265625
2 0.74296875 0.79296875 0.03125 0.03828125
2 0.76015625 0.89140625 0.0296875 0.03125
2 0.94609375 0.8984375 0.03203125 0.0359375
4 0.8390625 0.85859375 0.02109375 0.0203125
3 0.51171875 0.26171875 0.01328125 0.05625
2 0.5203125 0.3328125 0.01328125 0.0515625
2 0.46484375 0.29453125 0.0140625 0.05859375
4 0.50390625 0.209375 0.0140625 0.02890625
4 0.5203125 0.2171875 0.00859375 0.02578125
4 0.528125 0.20703125 0.0140625 0.03359375