2 0.33828125 0.29140625 0.01796875 0.01484375
2 0.3984375 0.25703125 0.01171875 0.02109375
2 0.3890625 0.2203125 0.01640625 0.01875
2 0.50390625 0.32890625 0.00625 0.02890625
2 0.51484375 0.32890625 0.00859375 0.0296875
2 0.55546875 0.31953125 0.00703125 0.025
2 0.56484375 0.31875 0.00859375 0.02421875
2 0.95625 0.86640625 0.0109375 0.02578125
2 0.94140625 0.90078125 0.00859375 0.0265625
2 0.71640625 0.6515625 0.00859375 0.0234375
6 0.88125 0.63671875 0.03984375 0.0203125
5 0.71328125 0.384375 0.04609375 0.01953125
6 0.65859375 0.38515625 0.04140625 0.01953125
6 0.2765625 0.63984375 0.03046875 0.01953125
6 0.14296875 0.64921875 0.0390625 0.01953125
6 0.11875 0.68203125 0.03828125 0.02421875
4 0.54453125 0.27890625 0.0046875 0.0140625
3 0.7515625 0.85234375 0.021875 0.01796875
3 0.71328125 0.8984375 0.009375 0.03515625
4 0.52265625 0.28046875 0.003125 0.0140625
4 0.53984375 0.29375 0.003125 0.01484375
4 0.56484375 0.28359375 0.0046875 0.01484375
4 0.5765625 0.30625 0.00390625 0.01484375
4 0.56171875 0.240625 0.003125 0.01484375
4 0.53046875 0.2296875 0.00390625 0.0109375
4 0.53828125 0.22890625 0.0046875 0.01171875
4 0.57890625 0.24296875 0.003125 0.01328125
4 0.51484375 0.28046875 0.00390625 0.01328125
4 0.4109375 0.27421875 0.00390625 0.01328125
4 0.57109375 0.24453125 0.00390625 0.01328125
4 0.52890625 0.28125 0.003125 0.0140625
4 0.53515625 0.29609375 0.003125 0.01328125
4 0.54375 0.29609375 0.00390625 0.01171875
0 0.81796875 0.64375 0.01484375 0.01484375
2 0.678125 0.64921875 0.00546875 0.02421875
2 0.6703125 0.63125 0.00625 0.02421875
2 0.66171875 0.634375 0.00703125 0.021875
2 0.66875 0.65625 0.00625 0.01953125
0 0.815625 0.6015625 0.01171875 0.00859375
5 0.96171875 0.56015625 0.07578125 0.0234375
6 0.71875 0.60390625 0.0265625 0.015625
4 0.671875 0.584375 0.00859375 0.01171875
3 0.74609375 0.59921875 0.0203125 0.01484375
6 0.7234375 0.49140625 0.04140625 0.01796875
2 0.17578125 0.57109375 0.01484375 0.0140625
2 0.5734375 0.625 0.0109375 0.01171875
0 0.78984375 0.60390625 0.01015625 0.0109375
2 0.971875 0.85625 0.01171875 0.0203125
2 0.9828125 0.80625 0.01328125 0.02578125
2 0.96875 0.91484375 0.00859375 0.0234375
2 0.5453125 0.4671875 0.01484375 0.01171875
2 0.5078125 0.48203125 0.01484375 0.01484375
4 0.89296875 0.57890625 0.00859375 0.0109375
2 0.20078125 0.471875 0.01484375 0.0140625
6 0.13984375 0.56015625 0.04296875 0.0203125
6 0.2015625 0.61796875 0.03671875 0.01875
3 0.42265625 0.475 0.01796875 0.01328125
2 0.2515625 0.565625 0.01328125 0.01328125
2 0.8765625 0.584375 0.00703125 0.0109375
6 0.73046875 0.5765625 0.03203125 0.02578125
6 0.49140625 0.62421875 0.028125 0.021875
3 0.18046875 0.53671875 0.01953125 0.01484375
3 0.68828125 0.403125 0.01484375 0.01171875
2 0.05859375 0.48359375 0.015625 0.0140625
4 0.4609375 0.58984375 0.00625 0.01171875
2 0.334375 0.54921875 0.01640625 0.0140625
2 0.02578125 0.5734375 0.01484375 0.01171875
4 0.54140625 0.55859375 0.009375 0.01328125
6 0.73671875 0.4125 0.0390625 0.01875
4 0.38359375 0.590625 0.009375 0.01015625
4 0.32890625 0.59375 0.009375 0.009375
6 0.83359375 0.459375 0.04296875 0.01953125
2 0.9859375 0.46953125 0.01484375 0.01484375
6 0.71015625 0.47109375 0.0296875 0.01796875
4 0.721875 0.44453125 0.00859375 0.01015625
4 0.309375 0.571875 0.00703125 0.0109375
2 0.996875 0.90703125 0.00625 0.02578125
2 0.78671875 0.56484375 0.0140625 0.01796875
0 0.76328125 0.57890625 0.01171875 0.01171875
6 0.646875 0.5609375 0.03203125 0.02109375
4 0.46796875 0.46015625 0.009375 0.0140625
4 0.5578125 0.4515625 0.01015625 0.0140625
6 0.65078125 0.4890625 0.03203125 0.0203125
4 0.840625 0.23515625 0.00390625 0.0140625