2 0.290625 0.45 0.01640625 0.01796875
2 0.3328125 0.44765625 0.01875 0.0140625
5 0.44140625 0.425 0.02890625 0.01953125
2 0.20703125 0.4390625 0.01328125 0.01015625
2 0.24453125 0.4578125 0.02421875 0.01484375
2 0.34296875 0.47109375 0.015625 0.02109375
2 0.38671875 0.47265625 0.01953125 0.015625
0 0.36875 0.4484375 0.015625 0.0203125
0 0.29921875 0.40390625 0.01171875 0.0140625
0 0.44453125 0.4515625 0.01015625 0.015625
0 0.528125 0.4265625 0.01328125 0.015625
0 0.23203125 0.43984375 0.01796875 0.01328125
0 0.21953125 0.35859375 0.015625 0.02109375
0 0.22734375 0.31953125 0.009375 0.0234375
0 0.18828125 0.45078125 0.01171875 0.01875
0 0.2484375 0.578125 0.01328125 0.02578125
0 0.2125 0.79140625 0.0140625 0.02578125
0 0.34921875 0.53984375 0.0109375 0.02109375
2 0.315625 0.4984375 0.01953125 0.0109375
2 0.2609375 0.50625 0.02890625 0.01640625
2 0.2765625 0.51171875 0.01640625 0.01640625
2 0.278125 0.52890625 0.0203125 0.02109375
2 0.2984375 0.51328125 0.0234375 0.02578125
2 0.29609375 0.496875 0.01875 0.01796875
2 0.315625 0.496875 0.02109375 0.025
2 0.334375 0.50234375 0.01796875 0.01484375
2 0.35390625 0.4984375 0.01640625 0.01875
2 0.3734375 0.496875 0.01953125 0.01875
2 0.3953125 0.4984375 0.01875 0.01640625
2 0.42109375 0.49609375 0.01484375 0.01484375
2 0.43671875 0.4984375 0.015625 0.0140625
2 0.37890625 0.51953125 0.0234375 0.02109375
2 0.36171875 0.51953125 0.0234375 0.01953125
2 0.3421875 0.51875 0.021875 0.01953125
2 0.29765625 0.51171875 0.01875 0.01875
2 0.31875 0.51328125 0.01875 0.02578125
2 0.41953125 0.51640625 0.01484375 0.01875
2 0.221875 0.28125 0.009375 0.03671875
2 0.2078125 0.26640625 0.01015625 0.028125
2 0.2015625 0.31015625 0.009375 0.03046875
2 0.20390625 0.35546875 0.01171875 0.034375
2 0.2109375 0.30859375 0.009375 0.03203125
2 0.21875 0.321875 0.009375 0.03203125
2 0.4046875 0.45234375 0.021875 0.01640625
2 0.21953125 0.46875 0.01953125 0.02421875
2 0.56171875 0.46953125 0.0234375 0.0234375
2 0.515625 0.53203125 0.02578125 0.02578125
2 0.46015625 0.51875 0.01953125 0.01796875
6 0.4734375 0.50234375 0.03359375 0.03203125
2 0.40078125 0.5203125 0.01796875 0.01875
2 0.440625 0.5234375 0.01953125 0.01640625
2 0.43125 0.5484375 0.02421875 0.015625
2 0.19140625 0.5765625 0.02578125 0.02890625
2 0.15390625 0.44453125 0.03359375 0.0484375
2 0.13046875 0.50078125 0.021875 0.03984375
2 0.15234375 0.10546875 0.03046875 0.0484375
0 0.1703125 0.23828125 0.01796875 0.0203125
5 0.10703125 0.73828125 0.025 0.05078125
2 0.0515625 0.73046875 0.0140625 0.03125
2 0.0921875 0.734375 0.009375 0.03125
2 0.07578125 0.90703125 0.01953125 0.03671875
2 0.09375 0.978125 0.0140625 0.03828125
2 0.02109375 0.928125 0.025 0.03125
2 0.0109375 0.82421875 0.015625 0.02421875
2 0.05703125 0.6140625 0.01875 0.0453125
2 0.61953125 0.53671875 0.0203125 0.02421875
2 0.5953125 0.4734375 0.02890625 0.02890625
2 0.6359375 0.46875 0.02890625 0.0265625
2 0.69453125 0.521875 0.02109375 0.034375
2 0.71875 0.471875 0.02421875 0.02890625
1 0.9515625 0.52109375 0.0515625 0.03671875
2 0.85546875 0.47734375 0.03125 0.0265625
2 0.77421875 0.42109375 0.0265625 0.04296875
2 0.82421875 0.43828125 0.021875 0.02578125
2 0.796875 0.47109375 0.02109375 0.0203125
2 0.83828125 0.5109375 0.0203125 0.0203125
0 0.81796875 0.52890625 0.01640625 0.0296875
2 0.978125 0.44140625 0.021875 0.0359375
2 0.9796875 0.48984375 0.03046875 0.02421875
2 0.925 0.75625 0.02890625 0.03984375
2 0.609375 0.4234375 0.02578125 0.01953125
4 0.92890625 0.56328125 0.01484375 0.01015625
4 0.859375 0.5484375 0.0109375 0.01640625
4 0.903125 0.54609375 0.009375 0.015625
4 0.83359375 0.54296875 0.0140625 0.01015625
0 0.88671875 0.484375 0.01796875 0.01484375
4 0.878125 0.46640625 0.009375 0.01015625
4 0.884375 0.45625 0.00859375 0.00703125
2 0.95546875 0.390625 0.009375 0.03125
4 0.53828125 0.4484375 0.00859375 0.01640625
4 0.42421875 0.44921875 0.009375 0.01171875
5 0.278125 0.46796875 0.021875 0.01640625
2 0.315625 0.5359375 0.021875 0.01796875
2 0.2984375 0.53203125 0.01875 0.01796875
4 0.240625 0.5265625 0.00703125 0.01171875
4 0.2640625 0.54140625 0.01015625 0.01015625
4 0.25703125 0.54140625 0.009375 0.0109375
4 0.24921875 0.54140625 0.00859375 0.009375
2 0.20625 0.66015625 0.009375 0.02578125
2 0.19375 0.6578125 0.01484375 0.03828125
4 0.18828125 0.75859375 0.0140625 0.02578125
0 0.1984375 0.83125 0.0109375 0.02421875
4 0.1890625 0.86484375 0.009375 0.0203125
4 0.1515625 0.72421875 0.01171875 0.025
4 0.09375 0.4421875 0.009375 0.01875
4 0.08515625 0.46328125 0.0140625 0.034375
4 0.26796875 0.44453125 0.01171875 0.01484375
4 0.1890625 0.48125 0.01171875 0.02109375
4 0.18515625 0.53828125 0.00546875 0.01171875
4 0.196875 0.54296875 0.00859375 0.00703125
4 0.246875 0.528125 0.00859375 0.0140625
4 0.23046875 0.47890625 0.01171875 0.01328125
4 0.2625 0.48828125 0.00703125 0.01171875