2 0.06953125 0.771875 0.028125 0.0234375
2 0.19296875 0.6453125 0.02578125 0.02578125
0 0.25078125 0.67109375 0.021875 0.01484375
0 0.35390625 0.64453125 0.02109375 0.0203125
4 0.14609375 0.86171875 0.01796875 0.025
4 0.1765625 0.90546875 0.01484375 0.01953125
4 0.28046875 0.83828125 0.0140625 0.01953125
4 0.2734375 0.89140625 0.01484375 0.0203125
4 0.30859375 0.88046875 0.0140625 0.0234375
4 0.33984375 0.8953125 0.01484375 0.0234375
2 0.1234375 0.696875 0.021875 0.0234375
2 0.3375 0.86328125 0.02421875 0.02578125
2 0.38203125 0.790625 0.02421875 0.025
2 0.40625 0.73828125 0.0265625 0.03359375
2 0.45859375 0.70078125 0.01875 0.05
2 0.5109375 0.6875 0.02109375 0.04609375
2 0.48828125 0.86640625 0.03046875 0.034375
0 0.3859375 0.84453125 0.02109375 0.01953125
4 0.43046875 0.7546875 0.01875 0.01953125
4 0.4828125 0.69609375 0.0140625 0.02578125
4 0.51640625 0.7546875 0.00859375 0.02578125
4 0.49453125 0.728125 0.01328125 0.025
4 0.4984375 0.7 0.0109375 0.0234375
4 0.4765625 0.71484375 0.01171875 0.0234375
2 0.45390625 0.78984375 0.01875 0.04375
4 0.46796875 0.83203125 0.01640625 0.0234375
4 0.5953125 0.84453125 0.01796875 0.015625
4 0.6046875 0.90625 0.01640625 0.0234375
4 0.515625 0.17890625 0.0109375 0.034375
2 0.509375 0.353125 0.01484375 0.03984375
4 0.5109375 0.54140625 0.01171875 0.03125
2 0.69375 0.80078125 0.0296875 0.02578125
2 0.79765625 0.78671875 0.02890625 0.02578125
2 0.8734375 0.81484375 0.02578125 0.0265625
2 0.8921875 0.78359375 0.025 0.02890625
4 0.928125 0.76796875 0.01875 0.01953125
4 0.95703125 0.8890625 0.01953125 0.02109375
4 0.86953125 0.91171875 0.01484375 0.0234375
4 0.76953125 0.89453125 0.01640625 0.02109375
4 0.70546875 0.90546875 0.01796875 0.02421875
2 0.6765625 0.86953125 0.02578125 0.02578125
4 0.671875 0.89609375 0.02109375 0.02578125
4 0.53203125 0.046875 0.0140625 0.034375
3 0.01328125 0.79375 0.0265625 0.02421875
2 0.01015625 0.90859375 0.0203125 0.03203125
4 0.36640625 0.6671875 0.01484375 0.015625