2 0.33984375 0.290625 0.01484375 0.01171875
2 0.4015625 0.25625 0.009375 0.01640625
2 0.390625 0.2203125 0.01484375 0.0109375
2 0.50625 0.33046875 0.00546875 0.025
2 0.51640625 0.3296875 0.00546875 0.025
2 0.55625 0.31953125 0.00703125 0.02421875
2 0.565625 0.32109375 0.00703125 0.021875
4 0.5828125 0.30390625 0.00390625 0.01328125
4 0.578125 0.30546875 0.003125 0.015625
4 0.57421875 0.2984375 0.0015625 0.00703125
4 0.57109375 0.29375 0.0015625 0.01015625
4 0.5671875 0.3 0.003125 0.0140625
4 0.5671875 0.28515625 0.003125 0.01171875
4 0.54453125 0.2953125 0.003125 0.01484375
4 0.54609375 0.28125 0.003125 0.0109375
4 0.540625 0.29453125 0.003125 0.01171875
4 0.53671875 0.296875 0.003125 0.01171875
4 0.53046875 0.28125 0.003125 0.01328125
4 0.52734375 0.28125 0.003125 0.0140625
4 0.52421875 0.28125 0.003125 0.0140625
4 0.51640625 0.28046875 0.003125 0.01328125
4 0.409375 0.271875 0.003125 0.009375
4 0.4125 0.271875 0.003125 0.009375
4 0.4328125 0.20703125 0.0046875 0.01015625
4 0.525 0.23046875 0.0015625 0.00703125
4 0.52890625 0.23046875 0.0015625 0.009375
4 0.53203125 0.23125 0.0015625 0.00859375
4 0.54453125 0.23046875 0.0015625 0.01328125
4 0.56328125 0.24296875 0.0015625 0.0140625
4 0.56640625 0.24296875 0.003125 0.01328125
4 0.5734375 0.24453125 0.003125 0.01171875
4 0.57734375 0.24375 0.003125 0.01171875
4 0.58046875 0.24375 0.003125 0.01328125
5 0.659375 0.38671875 0.0390625 0.01875
5 0.715625 0.3859375 0.04375 0.01484375
4 0.83046875 0.36328125 0.00390625 0.01171875
3 0.853125 0.4140625 0.01953125 0.0109375
0 0.86328125 0.38984375 0.01015625 0.009375
4 0.8640625 0.38046875 0.00703125 0.00625
4 0.965625 0.24375 0.00625 0.01015625
3 0.99140625 0.296875 0.00703125 0.025
4 0.06796875 0.6015625 0.00703125 0.00625
4 0.15078125 0.46640625 0.00703125 0.00625
6 0.18046875 0.55546875 0.02890625 0.015625
4 0.271875 0.571875 0.00625 0.00859375
4 0.39296875 0.56484375 0.00703125 0.00859375
6 0.35625 0.54921875 0.02890625 0.01796875
6 0.4640625 0.48203125 0.0359375 0.01640625
6 0.60703125 0.6046875 0.0265625 0.01953125
2 0.5234375 0.52578125 0.01328125 0.01171875
2 0.5953125 0.56796875 0.01171875 0.01171875
2 0.65390625 0.55390625 0.0140625 0.0109375
2 0.6859375 0.58828125 0.0140625 0.01015625
2 0.71171875 0.49453125 0.01640625 0.01171875
6 0.66328125 0.47578125 0.03515625 0.01640625
5 0.9609375 0.5640625 0.06875 0.01875
2 0.9921875 0.4921875 0.015625 0.0125
6 0.9828125 0.60546875 0.034375 0.0203125
6 0.88046875 0.63984375 0.03828125 0.01875
4 0.99296875 0.74375 0.00546875 0.0140625
2 0.98359375 0.81171875 0.0140625 0.0234375
2 0.93203125 0.79921875 0.009375 0.0109375
2 0.9328125 0.8140625 0.0109375 0.01328125
2 0.95703125 0.87109375 0.00703125 0.02578125
2 0.940625 0.90625 0.00625 0.0234375
2 0.9484375 0.8984375 0.00703125 0.021875
2 0.96796875 0.9203125 0.00859375 0.021875
2 0.97265625 0.86171875 0.01015625 0.01875
2 0.996875 0.9109375 0.00546875 0.02109375
2 0.8421875 0.715625 0.00625 0.021875
2 0.71640625 0.6546875 0.00625 0.0203125
2 0.6640625 0.63671875 0.00625 0.02109375
2 0.67109375 0.63359375 0.00546875 0.02421875
2 0.6765625 0.67109375 0.00703125 0.0234375
0 0.81875 0.64765625 0.01015625 0.01171875
0 0.79140625 0.60625 0.01015625 0.0109375
0 0.81796875 0.6046875 0.00859375 0.009375
0 0.753125 0.66953125 0.015625 0.01328125
4 0.78671875 0.6265625 0.00859375 0.00546875
3 0.74609375 0.60078125 0.0203125 0.0140625
3 0.68046875 0.6234375 0.00703125 0.0234375
3 0.71328125 0.8984375 0.00703125 0.03046875
3 0.75390625 0.8546875 0.01953125 0.0140625
6 0.71953125 0.60625 0.025 0.01484375
2 0.57578125 0.625 0.0109375 0.01015625
5 0.278125 0.6390625 0.0296875 0.01484375
5 0.14296875 0.64453125 0.034375 0.01796875
5 0.11875 0.6796875 0.034375 0.01875
5 0.06328125 0.73671875 0.01328125 0.0546875
5 0.03359375 0.75 0.0140625 0.046875
5 0.02890625 0.93828125 0.01015625 0.04375
2 0.003125 0.83203125 0.00546875 0.0203125