1 0.23359375 0.67890625 0.05625 0.03125
1 0.2890625 0.66953125 0.05390625 0.03125
4 0.33046875 0.67578125 0.009375 0.009375
4 0.18671875 0.715625 0.01328125 0.01015625
4 0.11015625 0.73125 0.01328125 0.01015625
2 0.11171875 0.890625 0.0203125 0.0203125
0 0.15859375 0.96796875 0.0140625 0.01640625
4 0.15859375 0.9484375 0.00859375 0.00625
4 0.16328125 0.79921875 0.01328125 0.01015625
0 0.3109375 0.90078125 0.01171875 0.01640625
4 0.36640625 0.7703125 0.0109375 0.01171875
2 0.40390625 0.859375 0.02109375 0.0203125
4 0.409375 0.9 0.01171875 0.01015625
4 0.44296875 0.8859375 0.01171875 0.01171875
4 0.48359375 0.9046875 0.0109375 0.0109375
4 0.39921875 0.94453125 0.01015625 0.0140625
3 0.46328125 0.8140625 0.0265625 0.02109375
4 0.4625 0.71015625 0.009375 0.0140625
4 0.51015625 0.72421875 0.00625 0.01796875
4 0.51953125 0.71875 0.00625 0.01484375
2 0.49765625 0.75390625 0.0140625 0.02890625
4 0.515625 0.76484375 0.00546875 0.01875
3 0.53359375 0.78359375 0.021875 0.04453125
2 0.5359375 0.81640625 0.01796875 0.03125
4 0.565625 0.71640625 0.009375 0.01640625
4 0.57421875 0.825 0.01015625 0.0140625
3 0.56640625 0.88203125 0.02890625 0.025
2 0.67109375 0.84921875 0.0203125 0.01953125
2 0.715625 0.77578125 0.0234375 0.02109375
2 0.80390625 0.78515625 0.0265625 0.02109375
2 0.83046875 0.80546875 0.01796875 0.01953125
2 0.82109375 0.8734375 0.02421875 0.01953125
0 0.79140625 0.85 0.01484375 0.015625
0 0.83828125 0.7703125 0.0140625 0.0140625
4 0.76796875 0.79375 0.01171875 0.01015625
4 0.80625 0.8359375 0.01171875 0.009375
4 0.7390625 0.88984375 0.01171875 0.0109375
2 0.93125 0.79453125 0.0234375 0.0203125
4 0.903125 0.83828125 0.0140625 0.01171875
4 0.9609375 0.83671875 0.01328125 0.0109375
4 0.96875 0.76953125 0.0109375 0.009375
4 0.9734375 0.68125 0.01015625 0.01015625
4 0.83984375 0.71875 0.01171875 0.009375
4 0.61796875 0.68046875 0.01015625 0.01015625
4 0.58359375 0.65859375 0.01015625 0.01015625
2 0.490625 0.55625 0.009375 0.03515625
0 0.47890625 0.46015625 0.009375 0.02578125
2 0.471875 0.09921875 0.0109375 0.0359375