4 0.01015625 0.67109375 0.009375 0.00546875
2 0.01171875 0.69375 0.01796875 0.01484375
6 0.12734375 0.6703125 0.03984375 0.02109375
6 0.08359375 0.60078125 0.04140625 0.0234375
1 0.13671875 0.6984375 0.0390625 0.01796875
2 0.13359375 0.721875 0.01640625 0.0140625
2 0.17578125 0.7234375 0.01640625 0.0140625
6 0.26015625 0.6984375 0.04140625 0.01875
6 0.25859375 0.72578125 0.03203125 0.015625
6 0.40703125 0.71875 0.03203125 0.021875
6 0.44140625 0.64765625 0.0296875 0.0390625
6 0.45703125 0.69140625 0.03671875 0.01953125
2 0.471875 0.721875 0.01640625 0.01171875
5 0.53359375 0.703125 0.05859375 0.0203125
2 0.51015625 0.72421875 0.015625 0.01171875
1 0.5515625 0.72578125 0.04375 0.01796875
0 0.5359375 0.68046875 0.009375 0.009375
3 0.56328125 0.671875 0.0203125 0.015625
6 0.61171875 0.725 0.034375 0.02109375
5 0.6453125 0.7015625 0.05859375 0.0203125
2 0.70234375 0.72421875 0.01328125 0.0109375
2 0.7765625 0.725 0.0203125 0.01640625
3 0.71171875 0.68359375 0.01640625 0.01328125
4 0.7234375 0.69453125 0.00859375 0.00625
0 0.81875 0.6734375 0.01171875 0.01015625
2 0.8234375 0.725 0.01796875 0.01484375
2 0.8703125 0.73125 0.0203125 0.01796875
5 0.88828125 0.70390625 0.05078125 0.0203125
4 0.9234375 0.67890625 0.00859375 0.00703125
4 0.94453125 0.671875 0.00859375 0.00703125
2 0.921875 0.72734375 0.0234375 0.015625
2 0.0609375 0.79453125 0.01484375 0.01328125
4 0.14921875 0.825 0.00859375 0.00625
3 0.26953125 0.82578125 0.02421875 0.02109375
4 0.3703125 0.83125 0.00625 0.00703125
4 0.4046875 0.809375 0.00859375 0.00703125
4 0.4578125 0.8359375 0.00859375 0.00703125
4 0.54453125 0.834375 0.00703125 0.00625
4 0.56875 0.84765625 0.00859375 0.00703125
4 0.59921875 0.82109375 0.00859375 0.00703125
2 0.690625 0.86328125 0.01796875 0.01484375
2 0.73046875 0.80546875 0.01796875 0.015625
4 0.75859375 0.84140625 0.00859375 0.00625
2 0.84140625 0.815625 0.01796875 0.01484375
4 0.8640625 0.7953125 0.0484375 0.02109375
2 0.9640625 0.796875 0.021875 0.01484375
3 0.953125 0.81875 0.0265625 0.01953125
2 0.96796875 0.60078125 0.01953125 0.01328125
2 0.9046875 0.565625 0.015625 0.01328125
2 0.9078125 0.48203125 0.00859375 0.02578125
3 0.86328125 0.52265625 0.00859375 0.02578125
3 0.78203125 0.60078125 0.01796875 0.01328125
2 0.67421875 0.59921875 0.01328125 0.01015625
2 0.6390625 0.621875 0.01640625 0.015625
2 0.60625 0.6296875 0.01484375 0.01328125
2 0.61171875 0.59140625 0.015625 0.01640625
2 0.54375 0.56796875 0.0140625 0.0203125
0 0.5421875 0.5484375 0.00859375 0.015625
6 0.515625 0.58515625 0.01484375 0.05078125
6 0.53671875 0.60546875 0.0234375 0.06640625
6 0.475 0.55078125 0.01796875 0.05546875
0 0.446875 0.54375 0.00703125 0.01796875
4 0.26953125 0.62421875 0.00859375 0.00546875
2 0.284375 0.59375 0.01796875 0.01875
2 0.30703125 0.59609375 0.01875 0.01328125
3 0.26875 0.5140625 0.02109375 0.01328125
2 0.33671875 0.421875 0.01171875 0.0109375
2 0.33671875 0.440625 0.01171875 0.01328125
0 0.43828125 0.4890625 0.01171875 0.0109375
0 0.45078125 0.490625 0.009375 0.0140625
0 0.45078125 0.5046875 0.00625 0.015625
2 0.484375 0.47578125 0.009375 0.03203125
2 0.51171875 0.51015625 0.00859375 0.02890625
2 0.5484375 0.45625 0.00546875 0.0234375
3 0.534375 0.42890625 0.00859375 0.034375
0 0.515625 0.42890625 0.0046875 0.01796875
2 0.53125 0.378125 0.00703125 0.0265625
2 0.5390625 0.35625 0.01015625 0.025
6 0.53203125 0.14765625 0.0140625 0.07421875
6 0.490625 0.03359375 0.01171875 0.0609375
2 0.44375 0.0453125 0.00625 0.028125
3 0.43359375 0.04296875 0.00703125 0.0296875
3 0.42109375 0.1171875 0.015625 0.01640625
2 0.46953125 0.13515625 0.00703125 0.0265625
2 0.434375 0.15625 0.01484375 0.01328125
4 0.434375 0.1265625 0.00625 0.0046875
2 0.44375 0.18046875 0.01796875 0.01796875
2 0.43046875 0.19140625 0.01484375 0.01640625
2 0.4609375 0.22109375 0.00703125 0.02890625
2 0.44453125 0.24453125 0.01484375 0.01953125
2 0.44453125 0.27109375 0.01484375 0.01796875
2 0.440625 0.290625 0.0140625 0.01640625
0 0.45078125 0.19921875 0.009375 0.01484375
4 0.46484375 0.3078125 0.00390625 0.01328125
4 0.47421875 0.3609375 0.00390625 0.0140625
4 0.43984375 0.30703125 0.00703125 0.00625
4 0.42265625 0.265625 0.00625 0.00703125
4 0.42578125 0.24296875 0.00546875 0.00625
4 0.42109375 0.225 0.00625 0.009375
4 0.4328125 0.31953125 0.00390625 0.01328125
4 0.44140625 0.32578125 0.00703125 0.00703125
4 0.42578125 0.325 0.00625 0.00546875
4 0.4234375 0.309375 0.00625 0.0109375
2 0.45234375 0.32109375 0.00625 0.0234375
3 0.45625 0.36171875 0.00703125 0.0359375
4 0.459375 0.43515625 0.0046875 0.01328125