5 0.2203125 0.69140625 0.059375 0.04296875
5 0.2859375 0.6765625 0.06484375 0.03515625
5 0.53828125 0.8171875 0.06171875 0.0515625
3 0.71640625 0.89140625 0.03671875 0.03828125
2 0.37421875 0.9359375 0.0265625 0.0515625
2 0.578125 0.8625 0.03203125 0.03359375
2 0.61640625 0.86328125 0.025 0.034375
2 0.64609375 0.85546875 0.0234375 0.04609375
2 0.6859375 0.85546875 0.02578125 0.03671875
2 0.915625 0.78828125 0.021875 0.04375
4 0.0640625 0.8109375 0.01953125 0.0234375
4 0.36484375 0.7078125 0.01796875 0.0203125
4 0.28046875 0.790625 0.015625 0.0265625
4 0.4359375 0.9046875 0.01796875 0.02421875
4 0.371875 0.79140625 0.01953125 0.03359375
4 0.6109375 0.76015625 0.015625 0.028125
4 0.65703125 0.80703125 0.01640625 0.0203125
4 0.7515625 0.7625 0.021875 0.03203125
0 0.87578125 0.89296875 0.028125 0.021875
0 0.46875 0.6484375 0.01328125 0.0515625
4 0.51796875 0.33203125 0.02109375 0.0515625
4 0.50625 0.63203125 0.01484375 0.04921875
0 0.4640625 0.48671875 0.0140625 0.02890625
4 0.478125 0.54296875 0.00546875 0.02421875
0 0.4765625 0.790625 0.01796875 0.0203125
4 0.58828125 0.76640625 0.0140625 0.01875
4 0.465625 0.8484375 0.009375 0.0234375
4 0.42578125 0.753125 0.01484375 0.03203125
4 0.51953125 0.76328125 0.01484375 0.02421875