6 0.0265625 0.490625 0.03359375 0.01796875
4 0.02578125 0.4734375 0.009375 0.00859375
2 0.09453125 0.43359375 0.02109375 0.02109375
5 0.12578125 0.678125 0.03671875 0.0234375
5 0.15078125 0.64453125 0.0359375 0.01953125
2 0.16171875 0.61796875 0.0140625 0.01640625
6 0.28359375 0.63828125 0.03203125 0.01484375
4 0.27109375 0.61796875 0.00859375 0.00859375
6 0.34609375 0.41484375 0.03203125 0.01875
4 0.415625 0.56796875 0.009375 0.0140625
0 0.45546875 0.56796875 0.0140625 0.01640625
6 0.49921875 0.6265625 0.03203125 0.0203125
0 0.5703125 0.61171875 0.009375 0.01328125
3 0.58203125 0.63125 0.0140625 0.0140625
2 0.346875 0.29375 0.01796875 0.01640625
2 0.51171875 0.334375 0.01015625 0.02890625
2 0.5234375 0.33359375 0.009375 0.03125
2 0.56328125 0.32421875 0.009375 0.025
2 0.5734375 0.325 0.00703125 0.025
2 0.65703125 0.5625 0.0203125 0.01796875
2 0.71953125 0.5296875 0.01640625 0.01484375
2 0.7234375 0.66328125 0.01171875 0.02578125
0 0.75078125 0.61484375 0.0109375 0.01328125
4 0.803125 0.58125 0.009375 0.01015625
0 0.825 0.61328125 0.01015625 0.0109375
1 0.66796875 0.39140625 0.0453125 0.021875
5 0.7234375 0.38984375 0.046875 0.0234375
4 0.76328125 0.4015625 0.0109375 0.01484375
0 0.75859375 0.44140625 0.01796875 0.0140625
2 0.83671875 0.528125 0.01796875 0.01796875
4 0.88984375 0.57109375 0.01171875 0.01328125
5 0.88984375 0.65078125 0.04296875 0.0234375
3 0.87109375 0.403125 0.0234375 0.021875
2 0.94921875 0.41484375 0.01953125 0.01484375