1 0.221875 0.66171875 0.05859375 0.0296875
1 0.28125 0.65546875 0.05625 0.03125
6 0.26796875 0.88359375 0.040625 0.03984375
3 0.4578125 0.80859375 0.0234375 0.0546875
0 0.98671875 0.74375 0.01640625 0.01796875
0 0.734375 0.69375 0.01640625 0.0203125
0 0.71015625 0.78828125 0.01484375 0.0234375
0 0.13984375 0.9578125 0.01953125 0.02421875
0 0.51171875 0.94609375 0.015625 0.01328125
0 0.48359375 0.1 0.009375 0.0296875
0 0.48046875 0.17578125 0.00859375 0.0265625
2 0.48046875 0.340625 0.01328125 0.040625
2 0.49453125 0.503125 0.01171875 0.04140625
2 0.521875 0.609375 0.01171875 0.04453125
2 0.50703125 0.71640625 0.015625 0.0390625
2 0.5828125 0.8140625 0.01953125 0.0234375
2 0.80390625 0.821875 0.02421875 0.0234375
2 0.0390625 0.8015625 0.02109375 0.021875
4 0.32109375 0.6734375 0.01171875 0.0140625
4 0.2734375 0.67890625 0.01015625 0.00703125
4 0.10625 0.953125 0.0109375 0.01015625
4 0.39609375 0.75390625 0.0140625 0.0109375
4 0.5296875 0.7796875 0.01171875 0.01640625
4 0.56328125 0.846875 0.01171875 0.01484375
4 0.63671875 0.6640625 0.01015625 0.01015625
4 0.70546875 0.86015625 0.0140625 0.01640625
4 0.7328125 0.78125 0.01171875 0.0140625
4 0.84296875 0.740625 0.0109375 0.01171875
4 0.89921875 0.79140625 0.01171875 0.01484375
4 0.903125 0.80703125 0.0109375 0.009375
4 0.9015625 0.9 0.01484375 0.0140625
4 0.95078125 0.82734375 0.01484375 0.015625
4 0.534375 0.61875 0.00703125 0.0203125
4 0.5359375 0.559375 0.00546875 0.01953125
4 0.490625 0.58046875 0.00546875 0.0203125
4 0.48046875 0.55859375 0.00703125 0.02109375
4 0.4765625 0.4765625 0.00625 0.0234375
4 0.48828125 0.2140625 0.00546875 0.025