2 0.03046875 0.540625 0.01015625 0.04609375
2 0.2109375 0.38203125 0.0140625 0.03984375
2 0.21875 0.48359375 0.01640625 0.04609375
2 0.21796875 0.51953125 0.0140625 0.03671875
2 0.21171875 0.30625 0.0109375 0.04375
2 0.22890625 0.25390625 0.015625 0.034375
2 0.0515625 0.6328125 0.0296875 0.021875
3 0.0140625 0.70390625 0.028125 0.02421875
2 0.19140625 0.721875 0.01796875 0.01796875
2 0.44375 0.56640625 0.01171875 0.040625
2 0.415625 0.5125 0.01484375 0.03359375
2 0.41796875 0.46953125 0.00859375 0.02421875
2 0.45859375 0.321875 0.009375 0.040625
2 0.53984375 0.3328125 0.01875 0.01953125
2 0.57890625 0.32421875 0.02109375 0.03125
2 0.6484375 0.346875 0.0203125 0.025
2 0.52890625 0.35390625 0.01796875 0.028125
2 0.51796875 0.390625 0.015625 0.03046875
2 0.5390625 0.42578125 0.0203125 0.03828125
2 0.3921875 0.775 0.01171875 0.03125
2 0.453125 0.7328125 0.01328125 0.03671875
2 0.459375 0.68125 0.00859375 0.03125
2 0.5203125 0.56875 0.0140625 0.03671875
2 0.45390625 0.64140625 0.009375 0.03125
2 0.45078125 0.7984375 0.009375 0.03359375
2 0.446875 0.87421875 0.015625 0.03984375
2 0.52578125 0.84921875 0.0140625 0.04296875
2 0.528125 0.746875 0.01015625 0.0359375
2 0.540625 0.73828125 0.01953125 0.03671875
2 0.53828125 0.76953125 0.015625 0.0265625
2 0.51875 0.93359375 0.0140625 0.04296875
2 0.38828125 0.84609375 0.0109375 0.021875
2 0.39140625 0.8671875 0.01484375 0.01796875
2 0.38671875 0.884375 0.01640625 0.021875
2 0.3859375 0.95234375 0.0140625 0.0265625
2 0.53046875 0.2734375 0.015625 0.034375
2 0.521875 0.29453125 0.0140625 0.03828125
3 0.5765625 0.2609375 0.01875 0.04375
2 0.70703125 0.28203125 0.01171875 0.03671875
2 0.68125 0.4734375 0.0234375 0.02421875
2 0.628125 0.48046875 0.02109375 0.02109375
2 0.67109375 0.50703125 0.0234375 0.021875
2 0.684375 0.52265625 0.0203125 0.02109375
2 0.6859375 0.546875 0.01640625 0.03359375
2 0.61015625 0.5203125 0.0140625 0.01953125
2 0.56171875 0.975 0.01796875 0.02421875
2 0.56328125 0.990625 0.01796875 0.01875
2 0.81328125 0.890625 0.01015625 0.03828125
2 0.834375 0.90703125 0.0140625 0.0359375
2 0.8484375 0.9140625 0.0140625 0.04296875
2 0.803125 0.953125 0.01796875 0.028125
2 0.8015625 0.97421875 0.01796875 0.025
2 0.79765625 0.990625 0.0140625 0.01875
2 0.82421875 0.5234375 0.0234375 0.01796875
2 0.89296875 0.528125 0.01796875 0.01953125
2 0.8515625 0.30390625 0.01796875 0.03828125
2 0.91640625 0.33359375 0.01640625 0.02421875
2 0.84609375 0.2421875 0.01796875 0.034375
2 0.8265625 0.27265625 0.01796875 0.03671875
0 0.73671875 0.4859375 0.0203125 0.025
0 0.58046875 0.49375 0.015625 0.01328125
0 0.56328125 0.5015625 0.01015625 0.015625
0 0.565625 0.4578125 0.00859375 0.02109375
0 0.553125 0.4890625 0.0140625 0.02109375
0 0.52109375 0.41875 0.01796875 0.01953125
2 0.4296875 0.4109375 0.0109375 0.028125
0 0.68671875 0.31640625 0.015625 0.01953125
0 0.76796875 0.271875 0.01015625 0.025
0 0.896875 0.34609375 0.01640625 0.025
0 0.7203125 0.5140625 0.01953125 0.02421875
0 0.5375 0.64921875 0.0109375 0.02890625
0 0.5265625 0.6484375 0.01015625 0.02421875
0 0.53125 0.79375 0.01171875 0.01875
0 0.53671875 0.815625 0.0140625 0.03046875
0 0.5390625 0.8375 0.00546875 0.0265625
0 0.53984375 0.86328125 0.0109375 0.03046875
0 0.540625 0.8859375 0.00859375 0.03125
0 0.540625 0.903125 0.0140625 0.02109375
0 0.534375 0.96328125 0.00546875 0.034375
0 0.52578125 0.965625 0.01015625 0.01875
0 0.5234375 0.98359375 0.0109375 0.01796875
0 0.46171875 0.60234375 0.01015625 0.03359375
0 0.434375 0.53671875 0.01640625 0.021875
0 0.4203125 0.6 0.01015625 0.01953125
0 0.40859375 0.59375 0.01171875 0.01328125
0 0.39296875 0.6046875 0.0140625 0.02421875
0 0.390625 0.709375 0.01171875 0.01484375
0 0.3546875 0.690625 0.01796875 0.02421875
0 0.528125 0.31640625 0.01015625 0.01484375
4 0.04375 0.6859375 0.0140625 0.01484375
4 0.16640625 0.68046875 0.01328125 0.02109375
4 0.18046875 0.65390625 0.015625 0.021875
4 0.190625 0.6484375 0.015625 0.025
4 0.209375 0.64296875 0.01171875 0.01875
4 0.1984375 0.6546875 0.01015625 0.02421875
4 0.21875 0.68046875 0.01875 0.01875
4 0.21015625 0.68671875 0.00625 0.01953125
4 0.24453125 0.6859375 0.01796875 0.009375
4 0.25703125 0.66953125 0.01171875 0.01953125
4 0.26328125 0.68203125 0.01015625 0.01328125
4 0.29609375 0.66640625 0.01328125 0.015625
4 0.29140625 0.68203125 0.01015625 0.01484375
4 0.3015625 0.69609375 0.0140625 0.01328125
4 0.33046875 0.671875 0.01015625 0.0265625
4 0.29765625 0.63671875 0.01171875 0.01484375
4 0.3484375 0.67109375 0.01171875 0.01328125
4 0.340625 0.68046875 0.009375 0.01015625
4 0.33203125 0.69140625 0.01015625 0.01875
4 0.3828125 0.6625 0.0140625 0.01875
4 0.36953125 0.68046875 0.01640625 0.015625
4 0.42578125 0.684375 0.00859375 0.021875
4 0.421875 0.65625 0.009375 0.015625
4 0.43828125 0.6453125 0.01171875 0.02109375
4 0.446875 0.6640625 0.00625 0.015625
4 0.42578125 0.7484375 0.00859375 0.02890625
4 0.4484375 0.75703125 0.00703125 0.021875
4 0.43828125 0.809375 0.0109375 0.02109375
4 0.4390625 0.83984375 0.009375 0.02109375
4 0.43046875 0.8765625 0.01171875 0.01875
4 0.35078125 0.60703125 0.01171875 0.01328125
4 0.45078125 0.46328125 0.009375 0.02890625
4 0.4453125 0.428125 0.01953125 0.021875
4 0.465625 0.396875 0.01015625 0.01875
4 0.44609375 0.346875 0.01171875 0.02109375
4 0.4453125 0.30390625 0.01171875 0.021875
4 0.4515625 0.27734375 0.009375 0.028125
2 0.4515625 0.19921875 0.01171875 0.03828125
2 0.41171875 0.18125 0.01015625 0.03984375
2 0.421875 0.17421875 0.01875 0.028125
2 0.403125 0.1671875 0.0140625 0.03359375
2 0.52421875 0.22734375 0.009375 0.03125
2 0.5234375 0.15390625 0.0140625 0.040625
2 0.56328125 0.20703125 0.01484375 0.021875
2 0.5640625 0.18203125 0.01953125 0.01953125
2 0.56484375 0.1609375 0.02421875 0.01953125
2 0.5625 0.1484375 0.021875 0.01875
2 0.56328125 0.13203125 0.01640625 0.015625
4 0.446875 0.61796875 0.01171875 0.02109375
4 0.41875 0.61953125 0.01015625 0.01171875
4 0.40859375 0.61796875 0.0109375 0.02109375
4 0.3984375 0.625 0.0109375 0.009375
4 0.4 0.63828125 0.00859375 0.009375
4 0.4546875 0.56796875 0.01171875 0.025
4 0.52421875 0.52265625 0.0109375 0.01328125
4 0.54375 0.52265625 0.01171875 0.03125
4 0.5234375 0.46328125 0.01328125 0.01953125
4 0.52578125 0.54296875 0.01015625 0.01484375
4 0.51640625 0.60703125 0.0109375 0.02421875
4 0.5203125 0.6734375 0.00859375 0.02109375
4 0.51484375 0.7265625 0.00546875 0.0265625
6 0.50859375 0.7625 0.01015625 0.05625
4 0.55390625 0.38828125 0.00546875 0.03046875
4 0.5453125 0.384375 0.00546875 0.025
4 0.54296875 0.35859375 0.0140625 0.01875
4 0.54296875 0.27421875 0.00859375 0.0359375
4 0.6765625 0.3359375 0.0109375 0.02421875
4 0.7484375 0.3546875 0.015625 0.0265625
4 0.809375 0.35625 0.0203125 0.03359375
4 0.86171875 0.365625 0.025 0.025
4 0.9453125 0.36328125 0.01171875 0.01953125
4 0.9640625 0.378125 0.01796875 0.01484375
4 0.9859375 0.3703125 0.015625 0.01875
4 0.76796875 0.46875 0.01484375 0.01953125
4 0.70390625 0.4625 0.0140625 0.01171875
4 0.70078125 0.48203125 0.01015625 0.01796875
4 0.715625 0.4921875 0.01796875 0.01875
4 0.6484375 0.46875 0.01796875 0.01171875
4 0.64453125 0.496875 0.015625 0.02421875
4 0.52890625 0.11640625 0.00859375 0.02109375
4 0.515625 0.1140625 0.01328125 0.034375
4 0.5328125 0.07890625 0.01484375 0.021875
4 0.51953125 0.04140625 0.0046875 0.01484375
4 0.53046875 0.04140625 0.0109375 0.021875
2 0.57734375 0.10078125 0.015625 0.02109375
2 0.58203125 0.0515625 0.02109375 0.01875
2 0.56640625 0.1171875 0.01953125 0.021875
2 0.609375 0.05078125 0.01953125 0.0265625
2 0.6171875 0.02578125 0.0203125 0.021875
2 0.61484375 0.009375 0.025 0.01875
2 0.35703125 0.05703125 0.01171875 0.03671875
4 0.97421875 0.4984375 0.015625 0.01796875
0 0.534375 0.159375 0.01171875 0.03828125
0 0.5515625 0.12578125 0.00859375 0.02890625
0 0.54921875 0.040625 0.01328125 0.025
0 0.57109375 0.03203125 0.00703125 0.02421875
0 0.8640625 0.1625 0.0140625 0.01875
4 0.596875 0.4765625 0.01640625 0.01796875
4 0.59453125 0.49453125 0.01015625 0.01015625
4 0.60390625 0.4921875 0.0109375 0.01328125
4 0.6109375 0.46953125 0.00859375 0.015625
2 0.54375 0.4484375 0.01640625 0.02421875
4 0.6265625 0.51328125 0.0109375 0.01328125
2 0.334375 0.1015625 0.0234375 0.01328125
2 0.3359375 0.05078125 0.0109375 0.0359375
2 0.2890625 0.09140625 0.01875 0.02109375
2 0.30625 0.09609375 0.02109375 0.021875
2 0.2265625 0.06875 0.02109375 0.03125
2 0.184375 0.084375 0.0234375 0.02109375
2 0.190625 0.05859375 0.01953125 0.02109375
2 0.090625 0.03203125 0.02109375 0.01875
2 0.04375 0.07890625 0.0140625 0.04921875
2 0.0421875 0.1265625 0.00859375 0.03828125
2 0.04296875 0.21171875 0.0140625 0.03984375
4 0.54375 0.59296875 0.01328125 0.01875