2 0.3609375 0.290625 0.015625 0.01328125
2 0.5109375 0.26796875 0.009375 0.0234375
2 0.5265625 0.328125 0.00703125 0.028125
2 0.53671875 0.3265625 0.00625 0.028125
2 0.57734375 0.31640625 0.00859375 0.02421875
2 0.5859375 0.31796875 0.00703125 0.02109375
4 0.60078125 0.2390625 0.003125 0.01484375
4 0.5984375 0.2390625 0.003125 0.01328125
4 0.59375 0.24140625 0.003125 0.01328125
4 0.58671875 0.2390625 0.003125 0.01328125
4 0.584375 0.2390625 0.003125 0.01328125
4 0.5953125 0.2296875 0.003125 0.009375
4 0.565625 0.2265625 0.003125 0.0140625
4 0.56015625 0.22734375 0.003125 0.01015625
4 0.553125 0.228125 0.003125 0.00859375
4 0.58828125 0.28125 0.003125 0.01484375
4 0.58828125 0.296875 0.003125 0.01328125
4 0.59921875 0.30390625 0.0015625 0.01171875
4 0.603125 0.29921875 0.00390625 0.0140625
4 0.59140625 0.28828125 0.0015625 0.01171875
4 0.565625 0.29296875 0.003125 0.01484375
4 0.5671875 0.27890625 0.003125 0.01171875
4 0.56171875 0.29140625 0.003125 0.0140625
4 0.55703125 0.29453125 0.003125 0.0140625
4 0.55078125 0.27890625 0.0015625 0.01171875
4 0.54765625 0.2765625 0.003125 0.0140625
4 0.54453125 0.27734375 0.003125 0.01484375
4 0.53671875 0.278125 0.003125 0.0140625
4 0.42890625 0.27109375 0.003125 0.01171875
5 0.68203125 0.38359375 0.040625 0.01953125
5 0.7390625 0.38203125 0.04375 0.01796875
3 0.8390625 0.415625 0.0140625 0.01171875
0 0.87109375 0.3515625 0.00703125 0.01640625
4 0.9953125 0.23203125 0.00625 0.0109375
4 0.946875 0.3734375 0.00703125 0.00703125
5 0.0140625 0.49375 0.028125 0.01640625
0 0.0875 0.4734375 0.0109375 0.009375
6 0.140625 0.5546875 0.02890625 0.01484375
5 0.16171875 0.571875 0.03984375 0.0140625
4 0.17109375 0.5546875 0.00703125 0.00625
4 0.1671875 0.5984375 0.00703125 0.009375
6 0.253125 0.55390625 0.03515625 0.01796875
2 0.30234375 0.55625 0.0140625 0.01171875
4 0.30703125 0.56953125 0.00546875 0.009375
4 0.28984375 0.60703125 0.00625 0.00625
4 0.35234375 0.56171875 0.00703125 0.00859375
6 0.43828125 0.5453125 0.0296875 0.01875
2 0.428125 0.60546875 0.0140625 0.01328125
2 0.5328125 0.46015625 0.01484375 0.01328125
2 0.59609375 0.62421875 0.01171875 0.00859375
3 0.61484375 0.475 0.0140625 0.0109375
2 0.63828125 0.49296875 0.01328125 0.01171875
2 0.71328125 0.49140625 0.01484375 0.0140625
3 0.79609375 0.49296875 0.0234375 0.015625
5 0.8265625 0.46953125 0.0515625 0.02109375
2 0.81875 0.5734375 0.0140625 0.0140625
4 0.8671875 0.57578125 0.00625 0.00546875
0 0.890625 0.54609375 0.01015625 0.009375
5 0.97734375 0.56015625 0.0453125 0.0203125
6 0.90703125 0.6390625 0.03828125 0.015625
2 0.96171875 0.80078125 0.0109375 0.0140625
2 0.96171875 0.815625 0.01015625 0.01171875
2 0.98671875 0.87421875 0.00859375 0.028125
2 0.97890625 0.90234375 0.00703125 0.021875
2 0.9703125 0.90859375 0.00703125 0.028125
3 0.778125 0.8546875 0.02109375 0.01484375
3 0.73671875 0.8984375 0.00859375 0.03203125
0 0.8609375 0.59609375 0.01015625 0.01328125
0 0.8421875 0.603125 0.01015625 0.01171875
0 0.84375 0.64609375 0.01171875 0.0109375
3 0.8390625 0.5890625 0.01796875 0.01328125
0 0.7765625 0.66875 0.01640625 0.015625
2 0.73984375 0.65390625 0.00703125 0.0203125
2 0.6984375 0.6703125 0.00859375 0.0234375
2 0.69453125 0.63125 0.00703125 0.0234375
2 0.6859375 0.634375 0.00859375 0.0234375
3 0.703125 0.621875 0.00703125 0.0203125
0 0.7 0.57890625 0.01015625 0.01015625
4 0.7390625 0.58203125 0.00703125 0.00703125
4 0.54609375 0.60625 0.00859375 0.00703125
4 0.50625 0.60703125 0.00859375 0.00625
6 0.5140625 0.621875 0.0296875 0.01640625
5 0.29921875 0.63515625 0.0296875 0.01953125
5 0.16640625 0.64453125 0.03359375 0.0203125
5 0.11640625 0.7359375 0.01328125 0.04453125
5 0.0890625 0.73515625 0.01328125 0.04921875
5 0.05703125 0.746875 0.0109375 0.05078125
5 0.05625 0.934375 0.01015625 0.04609375
2 0.02890625 0.82890625 0.009375 0.021875