3 0.028125 0.5765625 0.01796875 0.0140625
3 0.69375 0.446875 0.0234375 0.01484375
3 0.703125 0.62109375 0.00625 0.0203125
3 0.97109375 0.6046875 0.028125 0.01796875
3 0.87109375 0.70703125 0.01015625 0.03046875
3 0.77890625 0.8546875 0.01875 0.01328125
3 0.73671875 0.8984375 0.00703125 0.03125
1 0.078125 0.74609375 0.0109375 0.03203125
1 0.81640625 0.58125 0.0265625 0.015625
2 0.0125 0.50859375 0.01640625 0.01171875
2 0.14140625 0.5046875 0.01484375 0.0109375
2 0.2 0.60078125 0.01328125 0.0109375
2 0.596875 0.6234375 0.0109375 0.01015625
2 0.97109375 0.58671875 0.015625 0.01171875
2 0.96171875 0.8140625 0.0109375 0.01171875
2 0.96171875 0.7984375 0.01015625 0.01171875
2 0.9859375 0.8734375 0.00859375 0.02421875
2 0.978125 0.90078125 0.00703125 0.0203125
2 0.9703125 0.90859375 0.00859375 0.02578125
2 0.996875 0.921875 0.00546875 0.0234375
2 0.73984375 0.653125 0.00703125 0.021875
2 0.69921875 0.66953125 0.00703125 0.0234375
2 0.7015625 0.6453125 0.00625 0.02109375
2 0.68671875 0.634375 0.00625 0.025
2 0.69453125 0.63203125 0.00703125 0.02421875
2 0.02890625 0.82734375 0.009375 0.021875
2 0.39140625 0.3015625 0.00859375 0.0265625
2 0.3609375 0.2890625 0.01484375 0.01171875
2 0.51484375 0.32578125 0.00859375 0.02421875
2 0.5265625 0.32578125 0.00546875 0.028125
2 0.5375 0.32578125 0.00546875 0.0265625
2 0.578125 0.315625 0.00859375 0.0234375
2 0.58671875 0.31640625 0.00703125 0.02109375
4 0.6015625 0.2390625 0.003125 0.0140625
4 0.5984375 0.2390625 0.003125 0.01328125
4 0.59375 0.240625 0.003125 0.01328125
4 0.5875 0.23828125 0.003125 0.01328125
4 0.584375 0.23828125 0.003125 0.0140625
4 0.58828125 0.29609375 0.0015625 0.01171875
4 0.59921875 0.30390625 0.003125 0.01328125
4 0.60390625 0.29921875 0.0015625 0.0109375
4 0.58828125 0.28125 0.0015625 0.01171875
4 0.56796875 0.2796875 0.0015625 0.009375
4 0.565625 0.29140625 0.0015625 0.0140625
4 0.56171875 0.29140625 0.003125 0.01171875
4 0.5578125 0.29375 0.0015625 0.01171875
4 0.5484375 0.278125 0.0015625 0.01171875
4 0.5453125 0.278125 0.0015625 0.0140625
4 0.5375 0.27734375 0.0015625 0.01171875
4 0.55078125 0.27890625 0.0015625 0.01015625
4 0.553125 0.22734375 0.0015625 0.009375
4 0.5609375 0.22578125 0.0015625 0.01015625
4 0.4296875 0.26953125 0.0015625 0.01015625
4 0.25703125 0.55 0.00625 0.00859375
4 0.30703125 0.58984375 0.00546875 0.00546875
4 0.5484375 0.584375 0.00625 0.00625
4 0.59296875 0.58359375 0.00625 0.00625
4 0.66328125 0.58125 0.00625 0.00546875
4 0.73046875 0.5859375 0.00625 0.00859375
4 0.76171875 0.590625 0.00625 0.00703125
4 0.978125 0.384375 0.00625 0.00625
4 0.9953125 0.234375 0.00625 0.00859375
3 0.87578125 0.4109375 0.01796875 0.01171875
3 0.83359375 0.42109375 0.01640625 0.01328125
5 0.73828125 0.38203125 0.04375 0.01796875
5 0.68203125 0.38203125 0.03984375 0.01875
4 0.60703125 0.421875 0.00625 0.00546875
0 0.56796875 0.403125 0.00859375 0.00703125
5 0.059375 0.746875 0.0109375 0.04921875
5 0.11640625 0.73515625 0.01171875 0.04921875
5 0.14296875 0.6765625 0.03359375 0.01953125
5 0.1671875 0.64375 0.03203125 0.01640625
5 0.29921875 0.6359375 0.0296875 0.015625
3 0.3828125 0.60625 0.02109375 0.01328125
6 0.5140625 0.621875 0.0265625 0.015625
4 0.6140625 0.58359375 0.00625 0.00625
0 0.77734375 0.66875 0.015625 0.01328125
0 0.8421875 0.6015625 0.009375 0.00859375
0 0.84375 0.64453125 0.0109375 0.009375
4 0.8109375 0.62265625 0.00546875 0.00546875
4 0.85703125 0.64765625 0.003125 0.01015625
4 0.928125 0.57890625 0.00546875 0.00546875
5 0.903125 0.59453125 0.04140625 0.028125
5 0.90859375 0.6375 0.03671875 0.01796875
5 0.05625 0.93203125 0.01171875 0.04375