1 0.21796875 0.68046875 0.05703125 0.03125
1 0.2765625 0.671875 0.05546875 0.03359375
4 0.36328125 0.68671875 0.01328125 0.01015625
2 0.02421875 0.75078125 0.021875 0.021875
4 0.0515625 0.73125 0.015625 0.009375
2 0.03828125 0.834375 0.025 0.01875
4 0.071875 0.8015625 0.01328125 0.01171875
4 0.09375 0.809375 0.01484375 0.0140625
2 0.15078125 0.88515625 0.02578125 0.02578125
4 0.234375 0.7984375 0.0140625 0.0109375
4 0.246875 0.90078125 0.015625 0.0140625
4 0.296875 0.80390625 0.01171875 0.01484375
4 0.3328125 0.89921875 0.0140625 0.01171875
4 0.35078125 0.9125 0.0109375 0.01171875
4 0.3640625 0.76796875 0.0140625 0.0109375
2 0.51796875 0.81953125 0.02109375 0.025
4 0.63671875 0.78359375 0.01171875 0.01171875
4 0.65859375 0.79453125 0.0140625 0.0140625
4 0.68046875 0.75859375 0.01328125 0.01328125
4 0.7171875 0.87890625 0.0140625 0.01484375
4 0.7921875 0.79296875 0.0140625 0.015625
4 0.8296875 0.79921875 0.01015625 0.0140625
4 0.85859375 0.85546875 0.0140625 0.01640625
1 0.890625 0.88984375 0.06484375 0.0359375
2 0.9015625 0.81875 0.028125 0.0203125
4 0.8953125 0.80078125 0.0109375 0.009375
4 0.9453125 0.86328125 0.0140625 0.01171875
2 0.96796875 0.821875 0.0234375 0.02421875
0 0.89609375 0.784375 0.01484375 0.01640625
4 0.83984375 0.73203125 0.01171875 0.0109375
4 0.99453125 0.79375 0.0109375 0.01484375
0 0.953125 0.73515625 0.015625 0.01875
4 0.73515625 0.7046875 0.0140625 0.01484375
0 0.1390625 0.97421875 0.01640625 0.01875
4 0.50859375 0.54609375 0.00546875 0.021875
0 0.46484375 0.5359375 0.0109375 0.025
4 0.471875 0.4515625 0.00625 0.02109375
4 0.484375 0.39921875 0.00703125 0.01953125
0 0.46796875 0.3953125 0.01015625 0.0296875
2 0.5171875 0.31171875 0.0140625 0.03984375
2 0.478125 0.2359375 0.01328125 0.03984375
0 0.46484375 0.13671875 0.009375 0.03359375
4 0.47578125 0.109375 0.00625 0.01796875
4 0.51953125 0.134375 0.00703125 0.0234375