2 0.03671875 0.98671875 0.01640625 0.0265625
2 0.046875 0.95625 0.01640625 0.0265625
2 0.05859375 0.96640625 0.01953125 0.02578125
2 0.0453125 0.9875 0.01875 0.025
2 0.06015625 0.98515625 0.01875 0.028125
2 0.08203125 0.9609375 0.01796875 0.02890625
2 0.10546875 0.92265625 0.01875 0.0296875
2 0.08515625 0.91640625 0.01796875 0.01796875
2 0.10078125 0.88828125 0.01953125 0.02578125
2 0.09609375 0.86875 0.015625 0.02578125
2 0.115625 0.89453125 0.015625 0.028125
2 0.1328125 0.865625 0.015625 0.02890625
2 0.13125 0.84609375 0.015625 0.028125
2 0.14921875 0.8359375 0.01875 0.0296875
2 0.14296875 0.87421875 0.015625 0.02578125
2 0.165625 0.809375 0.02109375 0.03203125
2 0.1828125 0.78828125 0.0203125 0.034375
2 0.18828125 0.80859375 0.01640625 0.03203125
2 0.215625 0.765625 0.015625 0.0265625
2 0.20703125 0.75234375 0.01796875 0.0234375
2 0.21953125 0.72578125 0.015625 0.025
2 0.23671875 0.7375 0.01796875 0.02890625
2 0.25390625 0.715625 0.01953125 0.028125
2 0.253125 0.69296875 0.01640625 0.02890625
2 0.26953125 0.675 0.01875 0.028125
2 0.2546875 0.6625 0.0140625 0.02578125
2 0.2734375 0.6890625 0.01484375 0.025
2 0.28671875 0.66953125 0.01640625 0.021875
2 0.26953125 0.64765625 0.01640625 0.02890625
2 0.28515625 0.62890625 0.01484375 0.02578125
2 0.29921875 0.61171875 0.01796875 0.034375
2 0.3078125 0.62109375 0.01640625 0.02890625
2 0.32109375 0.59921875 0.0203125 0.0265625
2 0.35078125 0.58203125 0.015625 0.0265625
2 0.33203125 0.31328125 0.01484375 0.02890625
2 0.32578125 0.009375 0.0140625 0.01875
2 0.38828125 0.16328125 0.015625 0.03046875
2 0.3953125 0.19921875 0.01640625 0.0265625
2 0.54140625 0.340625 0.0203125 0.01953125
2 0.5609375 0.3234375 0.0203125 0.028125
2 0.55625 0.21796875 0.0140625 0.034375
2 0.565625 0.190625 0.01484375 0.03515625
2 0.5859375 0.19453125 0.01640625 0.03046875
2 0.56875 0.1328125 0.01171875 0.034375
2 0.55859375 0.046875 0.01171875 0.034375
2 0.59609375 0.05703125 0.0203125 0.0265625
2 0.64453125 0.303125 0.01953125 0.02421875
2 0.79921875 0.1609375 0.01484375 0.040625
2 0.82578125 0.13828125 0.01328125 0.03515625
2 0.87421875 0.078125 0.01640625 0.03359375
2 0.9015625 0.14375 0.0234375 0.03203125
2 0.8390625 0.22578125 0.021875 0.0265625
2 0.93046875 0.221875 0.01953125 0.03203125
2 0.9484375 0.19921875 0.01875 0.03046875
2 0.93984375 0.2046875 0.01875 0.03515625
2 0.7578125 0.31875 0.01484375 0.01953125
2 0.7328125 0.3265625 0.01953125 0.03046875
2 0.74375 0.33828125 0.01640625 0.0234375
2 0.71328125 0.34921875 0.0203125 0.0296875
2 0.728125 0.35390625 0.01796875 0.02578125
2 0.71171875 0.3765625 0.01875 0.0265625
2 0.6828125 0.3828125 0.015625 0.02421875
2 0.66953125 0.40625 0.01640625 0.02890625
2 0.6859375 0.396875 0.01796875 0.028125
2 0.653125 0.54921875 0.01875 0.03203125
2 0.6515625 0.571875 0.01796875 0.03203125
2 0.67578125 0.6 0.02109375 0.03515625
2 0.70703125 0.62421875 0.0203125 0.03203125
0 0.74296875 0.65859375 0.01328125 0.02421875
0 0.76015625 0.64609375 0.01171875 0.0234375
2 0.83125 0.753125 0.01796875 0.0265625
2 0.8515625 0.7859375 0.01875 0.0296875
2 0.86953125 0.74375 0.01796875 0.02578125
2 0.884375 0.75546875 0.00859375 0.03828125
2 0.909375 0.77109375 0.01484375 0.03203125
2 0.94453125 0.8171875 0.01796875 0.03671875
2 0.96328125 0.85625 0.01875 0.0234375
2 0.9734375 0.8703125 0.0203125 0.01953125
2 0.98203125 0.8984375 0.02109375 0.03125
2 0.89609375 0.928125 0.01875 0.03125
2 0.8765625 0.90703125 0.01953125 0.03046875
2 0.86015625 0.890625 0.01953125 0.02890625
2 0.84765625 0.90078125 0.01640625 0.025
2 0.84375 0.8734375 0.01875 0.02890625
2 0.83046875 0.88203125 0.0203125 0.0265625
2 0.82578125 0.859375 0.01875 0.028125
2 0.8109375 0.86328125 0.01875 0.02421875
2 0.80546875 0.84375 0.01796875 0.021875
2 0.809375 0.82890625 0.01640625 0.02421875
2 0.78828125 0.81328125 0.0203125 0.028125
2 0.7765625 0.82578125 0.01796875 0.02578125
2 0.7328125 0.75859375 0.01796875 0.0234375
2 0.71796875 0.78359375 0.01953125 0.0265625
2 0.71171875 0.7578125 0.01875 0.02578125
2 0.7171875 0.74609375 0.0140625 0.0234375
2 0.70703125 0.7203125 0.01796875 0.02421875
2 0.69921875 0.7328125 0.02421875 0.028125
2 0.69375 0.74609375 0.02109375 0.02421875
2 0.690625 0.759375 0.01796875 0.025
2 0.671875 0.7515625 0.01796875 0.02421875
2 0.56171875 0.67890625 0.01953125 0.03828125
2 0.52421875 0.7625 0.02421875 0.0546875
2 0.55625 0.77578125 0.025 0.03671875
2 0.375 0.95546875 0.01875 0.03359375
2 0.33046875 0.946875 0.01796875 0.02890625
2 0.3328125 0.96953125 0.02109375 0.03203125
2 0.325 0.81953125 0.021875 0.03828125
2 0.2234375 0.89765625 0.021875 0.03984375
2 0.23203125 0.94375 0.01796875 0.05078125
2 0.21171875 0.97109375 0.01796875 0.04375
4 0.071875 0.921875 0.00859375 0.015625
4 0.08125 0.9296875 0.00859375 0.0109375
4 0.0828125 0.8984375 0.00703125 0.0140625
4 0.07578125 0.87734375 0.009375 0.01328125
4 0.0640625 0.87109375 0.00703125 0.01328125
4 0.0546875 0.871875 0.01015625 0.00859375
4 0.05703125 0.85859375 0.01171875 0.0109375
4 0.08359375 0.84453125 0.00703125 0.01640625
4 0.0875 0.84140625 0.00546875 0.0140625
4 0.09140625 0.8390625 0.0046875 0.015625
4 0.0953125 0.834375 0.00703125 0.015625
4 0.096875 0.90234375 0.009375 0.0109375
4 0.11328125 0.925 0.00703125 0.01171875
4 0.1203125 0.91328125 0.00546875 0.0109375
4 0.12578125 0.9046875 0.00703125 0.01171875
4 0.1328125 0.89375 0.00859375 0.009375
4 0.1140625 0.878125 0.00625 0.01484375
4 0.140625 0.86484375 0.00703125 0.0109375
4 0.2328125 0.753125 0.00625 0.0109375
4 0.22578125 0.746875 0.00625 0.0109375
4 0.2203125 0.75078125 0.01015625 0.01328125
4 0.21875 0.73984375 0.00625 0.01015625
4 0.21328125 0.7359375 0.00859375 0.0140625
4 0.24609375 0.69140625 0.00546875 0.0109375
4 0.2515625 0.68125 0.00625 0.01171875
4 0.2640625 0.69140625 0.00703125 0.0109375
4 0.27890625 0.653125 0.00703125 0.01015625
4 0.284375 0.64296875 0.009375 0.01328125
4 0.309375 0.6046875 0.00859375 0.01015625
4 0.3265625 0.584375 0.00859375 0.0109375
4 0.33828125 0.57578125 0.00859375 0.01171875
4 0.33046875 0.5671875 0.00859375 0.01171875
4 0.3328125 0.55625 0.00859375 0.01171875
4 0.3390625 0.55703125 0.00625 0.01328125
4 0.34375 0.56171875 0.00625 0.01171875
4 0.34921875 0.56875 0.00859375 0.01015625
4 0.35078125 0.59609375 0.00703125 0.009375
4 0.36640625 0.553125 0.00859375 0.0109375
4 0.3625 0.54140625 0.00859375 0.01640625
4 0.27265625 0.128125 0.009375 0.01953125
4 0.3390625 0.05 0.009375 0.0203125
4 0.34375 0.0796875 0.01015625 0.015625
4 0.371875 0.075 0.009375 0.00859375
4 0.3984375 0.1234375 0.009375 0.0109375
4 0.3984375 0.13203125 0.00625 0.0140625
4 0.403125 0.13515625 0.0046875 0.01484375
4 0.41015625 0.12890625 0.009375 0.01171875
4 0.40703125 0.14765625 0.01484375 0.0109375
4 0.41328125 0.15546875 0.009375 0.01171875
4 0.41953125 0.16796875 0.00390625 0.01484375
4 0.41953125 0.15 0.00625 0.01015625
4 0.47109375 0.30703125 0.01015625 0.01875
4 0.50625 0.34140625 0.01328125 0.01796875
4 0.52578125 0.38828125 0.01015625 0.01015625
4 0.6671875 0.31953125 0.00859375 0.01328125
4 0.75390625 0.21640625 0.00859375 0.0140625
4 0.815625 0.15546875 0.00859375 0.0109375
4 0.75078125 0.346875 0.01015625 0.01484375
4 0.74609375 0.31953125 0.01015625 0.01953125
4 0.734375 0.36015625 0.0109375 0.00859375
4 0.74296875 0.36875 0.00859375 0.01328125
4 0.7234375 0.3734375 0.009375 0.01171875
4 0.7140625 0.38203125 0.00859375 0.01484375
4 0.715625 0.40078125 0.01171875 0.01640625
4 0.6984375 0.38984375 0.00703125 0.01328125
4 0.69140625 0.40390625 0.00859375 0.01640625
4 0.68515625 0.41953125 0.00859375 0.0109375
4 0.65546875 0.50078125 0.01015625 0.01328125
4 0.6671875 0.5109375 0.01171875 0.01640625
4 0.69609375 0.59296875 0.00859375 0.01328125
4 0.7234375 0.60625 0.00859375 0.01796875
4 0.715625 0.6203125 0.01015625 0.01328125
4 0.796875 0.71640625 0.00859375 0.01015625
4 0.809375 0.72265625 0.01015625 0.0109375
4 0.81796875 0.73671875 0.009375 0.01015625
4 0.8203125 0.70859375 0.00390625 0.01484375
4 0.82421875 0.7125 0.00390625 0.015625
4 0.8359375 0.7234375 0.00546875 0.01640625
4 0.84296875 0.734375 0.00546875 0.01640625
4 0.84609375 0.7328125 0.0046875 0.015625
4 0.8515625 0.7375 0.0046875 0.01484375
4 0.91328125 0.78828125 0.00703125 0.01953125
4 0.92421875 0.81015625 0.00859375 0.0234375
4 0.98671875 0.86953125 0.0046875 0.01640625
4 0.98203125 0.84609375 0.01015625 0.01171875
4 0.978125 0.85703125 0.00703125 0.009375
4 0.96875 0.9140625 0.009375 0.0140625
4 0.83046875 0.89609375 0.01171875 0.01328125
4 0.809375 0.878125 0.0109375 0.015625
4 0.725 0.765625 0.01015625 0.0140625
4 0.72578125 0.740625 0.01015625 0.01171875
4 0.703125 0.76171875 0.01171875 0.01640625
4 0.70078125 0.771875 0.01015625 0.0140625
4 0.68671875 0.69921875 0.01015625 0.0140625
4 0.6828125 0.7234375 0.009375 0.0109375
4 0.67890625 0.73046875 0.01015625 0.01171875
4 0.6765625 0.7421875 0.01171875 0.01875
4 0.55546875 0.73671875 0.01640625 0.025
4 0.43359375 0.85625 0.01171875 0.021875
4 0.37421875 0.93125 0.01171875 0.01484375
4 0.346875 0.978125 0.0046875 0.0109375
4 0.259375 0.9171875 0.01171875 0.01640625
4 0.30234375 0.85078125 0.01015625 0.0203125
0 0.071875 0.94375 0.01015625 0.01875
0 0.08046875 0.94765625 0.01328125 0.01875
0 0.0921875 0.921875 0.015625 0.01640625
0 0.09921875 0.90859375 0.01640625 0.01796875
0 0.11015625 0.8609375 0.01328125 0.02109375
0 0.121875 0.87109375 0.01015625 0.0234375
0 0.128125 0.890625 0.0140625 0.0203125
0 0.20078125 0.7890625 0.0140625 0.0234375
0 0.2015625 0.74375 0.0140625 0.01640625
0 0.20859375 0.728125 0.01328125 0.02109375
0 0.21875 0.7109375 0.01015625 0.0203125
0 0.228125 0.70390625 0.01328125 0.01875
0 0.23828125 0.69140625 0.01171875 0.0203125
0 0.2390625 0.7140625 0.01171875 0.015625
0 0.25859375 0.671875 0.01171875 0.01796875
0 0.29140625 0.640625 0.0109375 0.01875
0 0.3484375 0.43984375 0.01015625 0.0234375
0 0.365625 0.11953125 0.01171875 0.02421875
0 0.40625 0.2390625 0.009375 0.02421875
0 0.6078125 0.28359375 0.01171875 0.0234375
0 0.60703125 0.25390625 0.01328125 0.02578125
0 0.6765625 0.29609375 0.01875 0.02109375
0 0.7109375 0.26640625 0.0140625 0.021875
0 0.90078125 0.1890625 0.015625 0.01875
0 0.6984375 0.371875 0.01171875 0.01875
0 0.66796875 0.4296875 0.009375 0.021875
0 0.80625 0.74140625 0.0140625 0.0203125
0 0.87578125 0.76015625 0.0109375 0.025
0 0.89765625 0.7640625 0.0140625 0.0265625
0 0.7921875 0.83203125 0.015625 0.0203125
0 0.6890625 0.7125 0.0203125 0.021875
0 0.484375 0.81875 0.015625 0.02109375
3 0.34296875 0.0359375 0.025 0.05
3 0.2265625 0.73359375 0.01640625 0.03125
3 0.83046875 0.91171875 0.0203125 0.03203125
1 0.88203125 0.809375 0.040625 0.05703125
1 0.771875 0.78125 0.05390625 0.05078125
1 0.7515625 0.79296875 0.0515625 0.0515625
1 0.43046875 0.2265625 0.034375 0.06171875
1 0.33203125 0.71953125 0.04296875 0.03671875
1 0.32578125 0.646875 0.04609375 0.06875
1 0.3171875 0.6234375 0.0453125 0.06640625
6 0.159375 0.84140625 0.034375 0.05390625