1 0.22109375 0.66875 0.05546875 0.03046875
1 0.27890625 0.66328125 0.0546875 0.03046875
4 0.29609375 0.6875 0.01171875 0.01015625
2 0.35390625 0.69140625 0.01796875 0.015625
4 0.0140625 0.71328125 0.0109375 0.0109375
4 0.01953125 0.80625 0.0140625 0.01171875
4 0.01171875 0.87421875 0.01171875 0.01171875
2 0.06796875 0.81953125 0.02421875 0.01875
4 0.146875 0.8015625 0.01171875 0.01015625
4 0.15078125 0.7890625 0.01171875 0.01015625
0 0.1421875 0.96015625 0.015625 0.01640625
4 0.1921875 0.896875 0.01015625 0.01328125
2 0.25078125 0.784375 0.01875 0.015625
4 0.265625 0.81953125 0.01171875 0.0109375
4 0.3703125 0.76484375 0.01171875 0.0109375
4 0.40390625 0.8015625 0.01171875 0.01015625
4 0.4640625 0.7890625 0.01328125 0.0109375
4 0.46875 0.66640625 0.00703125 0.01796875
4 0.43671875 0.90703125 0.01171875 0.0109375
0 0.5046875 0.85859375 0.01640625 0.01640625
4 0.51171875 0.825 0.00546875 0.01796875
4 0.5234375 0.79375 0.00703125 0.01640625
4 0.5296875 0.83671875 0.0109375 0.015625
4 0.5484375 0.83515625 0.0109375 0.0140625
2 0.56640625 0.88046875 0.0234375 0.0234375
4 0.58046875 0.7515625 0.00859375 0.0140625
4 0.60390625 0.8515625 0.0109375 0.0109375
4 0.65703125 0.909375 0.01015625 0.01171875
4 0.68125 0.85390625 0.01015625 0.01171875
4 0.71640625 0.815625 0.01015625 0.0140625
4 0.73671875 0.80234375 0.01015625 0.01328125
4 0.84609375 0.79921875 0.0109375 0.01171875
4 0.85625 0.784375 0.01015625 0.009375
4 0.884375 0.7140625 0.01171875 0.01015625
4 0.840625 0.73359375 0.0109375 0.00859375
4 0.75703125 0.703125 0.01015625 0.01171875
4 0.74453125 0.68515625 0.01015625 0.01640625
2 0.6328125 0.88828125 0.021875 0.02109375
2 0.6359375 0.8609375 0.02109375 0.0203125
2 0.621875 0.81171875 0.01875 0.0203125
2 0.69140625 0.79296875 0.02109375 0.0234375
1 0.74765625 0.88203125 0.0609375 0.03515625
3 0.8109375 0.89609375 0.034375 0.0265625
3 0.55078125 0.70546875 0.015625 0.02578125
0 0.5296875 0.59921875 0.0109375 0.02578125
0 0.46640625 0.53046875 0.00859375 0.025
4 0.48125 0.51171875 0.00546875 0.0203125
4 0.528125 0.49453125 0.00546875 0.0203125
4 0.47265625 0.12265625 0.00625 0.02109375
0 0.52421875 0.02890625 0.00859375 0.0296875