0 0.19921875 0.8171875 0.00859375 0.01953125
2 0.18046875 0.95078125 0.01328125 0.03515625
2 0.5296875 0.85859375 0.025 0.0234375
2 0.30546875 0.66015625 0.015625 0.03984375
4 0.3359375 0.621875 0.01015625 0.00859375
2 0.34765625 0.653125 0.0203125 0.01640625
2 0.378125 0.65390625 0.0203125 0.01953125
3 0.4234375 0.64375 0.0265625 0.01953125
2 0.478125 0.65234375 0.0234375 0.01875
4 0.36484375 0.6890625 0.00625 0.01484375
4 0.36953125 0.68984375 0.0046875 0.015625
4 0.38046875 0.6890625 0.0046875 0.01640625
4 0.384375 0.6890625 0.0046875 0.01640625
4 0.3890625 0.68828125 0.00546875 0.015625
4 0.40390625 0.68828125 0.0046875 0.01484375
4 0.421875 0.6859375 0.00703125 0.01875
4 0.4375 0.68359375 0.0046875 0.01484375
4 0.44296875 0.684375 0.00546875 0.01640625
4 0.4515625 0.6859375 0.0046875 0.01796875
4 0.45625 0.684375 0.00390625 0.01484375
4 0.46171875 0.68359375 0.0046875 0.01484375
4 0.46640625 0.61796875 0.01015625 0.01015625
4 0.471875 0.68046875 0.0046875 0.015625
4 0.4765625 0.67890625 0.0046875 0.015625
4 0.484375 0.67734375 0.00703125 0.01875
4 0.5046875 0.69453125 0.00390625 0.01796875
4 0.50078125 0.69453125 0.0046875 0.015625
2 0.5390625 0.65078125 0.02109375 0.02109375
2 0.56328125 0.65234375 0.0234375 0.01953125
4 0.534375 0.68671875 0.0046875 0.01484375
4 0.53828125 0.6859375 0.0046875 0.01640625
4 0.54296875 0.68515625 0.00546875 0.01484375
4 0.55859375 0.68515625 0.00546875 0.01640625
4 0.5640625 0.684375 0.0046875 0.01640625
4 0.58203125 0.68203125 0.00546875 0.01796875
4 0.590625 0.68125 0.00625 0.01484375
4 0.59765625 0.68046875 0.0046875 0.01640625
2 0.61015625 0.6484375 0.0203125 0.0203125
2 0.62578125 0.62890625 0.0203125 0.0203125
0 0.65078125 0.6265625 0.015625 0.01484375
4 0.63125 0.6796875 0.00625 0.015625
4 0.64140625 0.67890625 0.00390625 0.0140625
4 0.64453125 0.67890625 0.0046875 0.01796875
4 0.65078125 0.67890625 0.00625 0.01640625
4 0.65859375 0.67578125 0.00546875 0.015625
4 0.67109375 0.67578125 0.003125 0.01640625
4 0.67578125 0.67578125 0.0046875 0.01875
4 0.67890625 0.6765625 0.00390625 0.01875
4 0.684375 0.67890625 0.0046875 0.01796875
4 0.6890625 0.684375 0.00703125 0.01875
4 0.69296875 0.69140625 0.00703125 0.01640625
4 0.69921875 0.6984375 0.00859375 0.0203125
4 0.70703125 0.715625 0.00625 0.015625
4 0.7109375 0.70390625 0.00703125 0.01328125
4 0.71796875 0.71796875 0.00546875 0.01171875
4 0.71015625 0.721875 0.00703125 0.0109375
2 0.72734375 0.74375 0.01953125 0.021875
2 0.7734375 0.76171875 0.01796875 0.03984375
0 0.7703125 0.87890625 0.0109375 0.015625
0 0.77421875 0.98125 0.015625 0.0203125
2 0.75859375 0.9421875 0.021875 0.01875
4 0.76015625 0.91640625 0.009375 0.01015625
4 0.759375 0.92421875 0.00859375 0.01015625
4 0.78046875 0.92109375 0.00703125 0.01875
2 0.93203125 0.96484375 0.0140625 0.0359375
2 0.93359375 0.90625 0.0140625 0.04609375
2 0.9421875 0.8265625 0.01796875 0.0484375
4 0.9734375 0.8609375 0.009375 0.01328125
4 0.9734375 0.871875 0.009375 0.00703125
4 0.97421875 0.88046875 0.01015625 0.00703125
4 0.9734375 0.915625 0.009375 0.0109375
4 0.971875 0.93671875 0.01015625 0.009375
4 0.971875 0.953125 0.0109375 0.01015625
4 0.97109375 0.97265625 0.01171875 0.0109375
4 0.97109375 0.98828125 0.01171875 0.01015625
4 0.95 0.915625 0.01171875 0.01015625
4 0.9484375 0.94296875 0.0109375 0.0109375
2 0.93046875 0.78125 0.01328125 0.0390625
2 0.94375 0.78203125 0.01484375 0.03984375
4 0.9734375 0.78203125 0.01015625 0.00703125
4 0.97421875 0.775 0.01015625 0.00703125
4 0.9734375 0.76875 0.009375 0.00625
4 0.9734375 0.7625 0.0109375 0.00859375
4 0.97421875 0.75546875 0.01171875 0.00703125
4 0.953125 0.771875 0.01015625 0.009375
4 0.953125 0.7609375 0.01015625 0.00859375
4 0.95390625 0.753125 0.01015625 0.00859375
4 0.953125 0.74375 0.01171875 0.00546875
4 0.9546875 0.71328125 0.0109375 0.00859375
4 0.9546875 0.72578125 0.01171875 0.009375
4 0.95390625 0.73203125 0.01015625 0.00546875
4 0.953125 0.7375 0.0109375 0.00546875
4 0.75859375 0.8984375 0.009375 0.00625
2 0.83984375 0.846875 0.0140625 0.04453125
2 0.83984375 0.803125 0.01328125 0.034375
1 0.81875 0.759375 0.021875 0.0984375
2 0.83046875 0.7671875 0.01171875 0.04453125
2 0.83984375 0.76015625 0.00703125 0.0140625
2 0.83359375 0.721875 0.01171875 0.0359375
2 0.81484375 0.68671875 0.0140625 0.0390625
2 0.83046875 0.6828125 0.01796875 0.04375
4 0.80390625 0.640625 0.00625 0.01796875
2 0.815625 0.63984375 0.0109375 0.040625
2 0.828125 0.6390625 0.0140625 0.040625
4 0.053125 0.58671875 0.0140625 0.01328125
4 0.02578125 0.53828125 0.01171875 0.01171875
4 0.06796875 0.53515625 0.015625 0.0109375
4 0.08984375 0.5515625 0.01171875 0.01015625
4 0.26328125 0.56796875 0.0140625 0.01328125
4 0.590625 0.553125 0.01484375 0.01171875
3 0.7203125 0.51953125 0.03515625 0.03046875
4 0.72890625 0.54609375 0.01484375 0.0140625
2 0.76953125 0.5140625 0.02890625 0.0265625
0 0.91484375 0.45078125 0.0234375 0.028125
2 0.94453125 0.40390625 0.02890625 0.03046875
4 0.065625 0.40703125 0.0140625 0.01328125
4 0.07421875 0.38984375 0.01171875 0.0140625
4 0.07578125 0.4015625 0.01328125 0.009375
4 0.09921875 0.396875 0.0140625 0.01484375
0 0.15546875 0.39609375 0.0234375 0.01875
4 0.296875 0.42890625 0.01328125 0.01484375
4 0.31328125 0.42109375 0.0140625 0.0140625
4 0.34921875 0.41953125 0.01328125 0.01171875
2 0.3515625 0.44921875 0.03046875 0.03046875
2 0.4 0.4515625 0.025 0.02421875
4 0.42890625 0.4234375 0.01484375 0.015625
4 0.459375 0.41640625 0.01484375 0.0140625
2 0.565625 0.4453125 0.02890625 0.021875
3 0.60859375 0.4109375 0.01953125 0.01796875
2 0.66875 0.4265625 0.02578125 0.021875
4 0.67421875 0.39375 0.01171875 0.0109375
4 0.83828125 0.43125 0.0046875 0.0140625
4 0.96328125 0.43125 0.0140625 0.01171875
2 0.8765625 0.33125 0.0265625 0.02578125
4 0.896875 0.30625 0.01171875 0.01484375
4 0.90078125 0.29296875 0.01328125 0.01328125
4 0.93515625 0.271875 0.01171875 0.01171875
2 0.946875 0.28828125 0.03359375 0.028125
2 0.95859375 0.359375 0.02578125 0.025
4 0.975 0.24375 0.0109375 0.01171875
4 0.97734375 0.69453125 0.01015625 0.01015625
4 0.9609375 0.628125 0.01015625 0.00859375
4 0.978125 0.6296875 0.01015625 0.00703125
4 0.97734375 0.6234375 0.01171875 0.00546875
4 0.978125 0.61796875 0.01171875 0.00625
4 0.978125 0.61171875 0.01171875 0.00625
4 0.97734375 0.60625 0.01328125 0.00703125
3 0.94140625 0.475 0.021875 0.01796875
4 0.93671875 0.48984375 0.01484375 0.01015625
2 0.96328125 0.46328125 0.025 0.02109375
2 0.990625 0.45078125 0.01875 0.025
2 0.26328125 0.378125 0.021875 0.03125
4 0.34296875 0.36875 0.01484375 0.01484375
0 0.42421875 0.37421875 0.0203125 0.01953125
4 0.496875 0.36328125 0.01171875 0.01484375
2 0.58828125 0.38671875 0.021875 0.01484375
2 0.61328125 0.38515625 0.02109375 0.01484375
2 0.63359375 0.36328125 0.0203125 0.0234375
3 0.65078125 0.32578125 0.01796875 0.02109375
4 0.640625 0.3484375 0.00859375 0.01015625
4 0.65078125 0.3484375 0.009375 0.01015625
3 0.66171875 0.35390625 0.01796875 0.01796875
4 0.64453125 0.3796875 0.01171875 0.01015625
2 0.67109375 0.36953125 0.01875 0.01796875
0 0.67890625 0.340625 0.0140625 0.01953125
4 0.68359375 0.32109375 0.009375 0.01328125
4 0.68828125 0.3515625 0.01171875 0.009375
4 0.6859375 0.36171875 0.01015625 0.009375
4 0.75859375 0.31328125 0.01015625 0.01015625
2 0.778125 0.23203125 0.01484375 0.034375
2 0.79453125 0.26328125 0.01875 0.0359375
2 0.76015625 0.10546875 0.01640625 0.046875
2 0.70546875 0.01484375 0.01640625 0.02890625
0 0.71953125 0.01328125 0.0140625 0.0265625
0 0.74453125 0.01953125 0.01484375 0.0390625
4 0.81875 0.17890625 0.00625 0.02109375
0 0.97734375 0.159375 0.01640625 0.01953125
0 0.9609375 0.1640625 0.01875 0.021875
1 0.8609375 0.053125 0.03203125 0.10390625
4 0.8796875 0.12578125 0.00546875 0.021875
4 0.8734375 0.128125 0.00546875 0.0203125
4 0.86875 0.1296875 0.00390625 0.01953125
4 0.9125 0.0203125 0.00859375 0.01875
4 0.9046875 0.02109375 0.009375 0.0140625
4 0.928125 0.01015625 0.00546875 0.01171875
4 0.93671875 0.05234375 0.00703125 0.0203125
4 0.9421875 0.0484375 0.00703125 0.02109375
4 0.92890625 0.05703125 0.00703125 0.01875
4 0.9234375 0.0578125 0.00859375 0.01640625
0 0.86328125 0.12421875 0.00859375 0.03046875
0 0.85546875 0.125 0.01015625 0.025
4 0.84921875 0.09453125 0.00546875 0.015625
2 0.8359375 0.1375 0.01484375 0.040625
2 0.8234375 0.134375 0.01328125 0.03984375
2 0.8109375 0.12421875 0.01171875 0.0390625
4 0.83359375 0.0890625 0.0046875 0.01640625
2 0.84296875 0.10390625 0.01171875 0.0359375
4 0.83359375 0.10703125 0.00390625 0.01640625
4 0.82890625 0.10390625 0.00390625 0.015625
4 0.82421875 0.1078125 0.00546875 0.01484375
4 0.81171875 0.15703125 0.00703125 0.0203125
4 0.803125 0.115625 0.00625 0.01640625
4 0.8015625 0.09609375 0.00546875 0.01796875
4 0.80703125 0.0984375 0.00625 0.015625
2 0.81328125 0.08359375 0.01171875 0.03984375
2 0.821875 0.0703125 0.0140625 0.04296875
4 0.83046875 0.07421875 0.00546875 0.015625
2 0.834375 0.05859375 0.01328125 0.03515625
2 0.8453125 0.06796875 0.01171875 0.03359375
0 0.840625 0.03359375 0.009375 0.021875
0 0.81171875 0.04140625 0.00859375 0.02421875
4 0.82734375 0.05546875 0.0046875 0.01640625
4 0.80078125 0.06953125 0.00546875 0.01953125
4 0.79453125 0.05859375 0.00703125 0.02109375
4 0.79140625 0.03671875 0.00625 0.01640625
4 0.8015625 0.05546875 0.00859375 0.01796875
4 0.80703125 0.0546875 0.00625 0.01875
4 0.8234375 0.0390625 0.00546875 0.01796875
4 0.81875 0.03359375 0.00546875 0.01640625
4 0.81484375 0.01796875 0.0046875 0.01640625
4 0.809375 0.01953125 0.00546875 0.01875
4 0.80078125 0.03671875 0.00546875 0.01875
4 0.80625 0.0359375 0.0046875 0.01875
2 0.82734375 0.01328125 0.0140625 0.02578125
2 0.80078125 0.01171875 0.0109375 0.0234375