2 0.33828125 0.278125 0.01796875 0.01484375
2 0.39921875 0.24375 0.01171875 0.02109375
2 0.3890625 0.20625 0.01640625 0.01875
2 0.5046875 0.321875 0.00625 0.02890625
2 0.51484375 0.3203125 0.00859375 0.0296875
2 0.55625 0.3109375 0.00703125 0.025
2 0.565625 0.3125 0.00859375 0.02421875
2 0.95859375 0.87421875 0.0109375 0.02578125
2 0.94296875 0.909375 0.00859375 0.0265625
2 0.71640625 0.6515625 0.00859375 0.0234375
6 0.88359375 0.63984375 0.03984375 0.0203125
5 0.71796875 0.38046875 0.04609375 0.01953125
6 0.66171875 0.38046875 0.04140625 0.01953125
6 0.271875 0.62890625 0.03046875 0.01953125
6 0.1359375 0.6359375 0.03828125 0.01953125
6 0.11171875 0.665625 0.0390625 0.025
4 0.54609375 0.271875 0.0046875 0.0140625
3 0.75390625 0.85546875 0.021875 0.01796875
3 0.7109375 0.8984375 0.01015625 0.03515625
4 0.5234375 0.271875 0.003125 0.0140625
4 0.540625 0.28671875 0.003125 0.01484375
4 0.56640625 0.27578125 0.0046875 0.01484375
4 0.578125 0.29921875 0.00390625 0.01484375
4 0.56328125 0.234375 0.003125 0.01484375
4 0.53125 0.2203125 0.003125 0.01015625
4 0.5390625 0.22109375 0.0046875 0.01171875
4 0.58046875 0.234375 0.003125 0.01328125
4 0.51640625 0.271875 0.00390625 0.01328125
4 0.4109375 0.26328125 0.00390625 0.01328125
4 0.57265625 0.23515625 0.00390625 0.01328125
4 0.52890625 0.271875 0.003125 0.0140625
4 0.5359375 0.28828125 0.003125 0.01171875
4 0.54453125 0.2890625 0.003125 0.0109375
0 0.8203125 0.646875 0.01484375 0.01484375
2 0.678125 0.646875 0.00546875 0.025
2 0.671875 0.62890625 0.00625 0.02421875
2 0.6640625 0.6328125 0.00703125 0.021875
2 0.66953125 0.6546875 0.00625 0.01953125
0 0.81796875 0.603125 0.01171875 0.00859375
5 0.96328125 0.56015625 0.071875 0.0234375
0 0.15625 0.609375 0.009375 0.0109375
2 0.5734375 0.62109375 0.0109375 0.01171875
6 0.48125 0.48515625 0.0390625 0.01796875
6 0.9609375 0.59453125 0.02890625 0.0234375
2 0.85390625 0.59921875 0.01171875 0.01640625
0 0.75859375 0.39375 0.00703125 0.00859375
6 0.13671875 0.459375 0.04296875 0.01875
6 0.6859375 0.49296875 0.03046875 0.01640625
4 0.29453125 0.55625 0.009375 0.01015625
2 0.80625 0.384375 0.01640625 0.01484375
2 0.565625 0.58203125 0.015625 0.0140625
6 0.328125 0.40078125 0.02421875 0.01640625
4 0.1234375 0.60703125 0.009375 0.01015625
4 0.56640625 0.39609375 0.00625 0.01015625
6 0.64609375 0.46328125 0.040625 0.01953125
2 0.35703125 0.58671875 0.0140625 0.01484375
6 0.58046875 0.46640625 0.0296875 0.015625
5 0.2921875 0.47421875 0.0453125 0.02109375
0 0.0171875 0.5640625 0.01796875 0.01328125
6 0.67578125 0.44453125 0.03125 0.01953125
6 0.7375 0.43359375 0.0296875 0.02421875
6 0.78203125 0.43125 0.040625 0.0296875
6 0.79609375 0.4734375 0.03125 0.0203125
6 0.846875 0.41484375 0.034375 0.02109375
3 0.84921875 0.3703125 0.01171875 0.02890625
2 0.90859375 0.38828125 0.015625 0.01484375
5 0.95390625 0.38359375 0.046875 0.0203125
2 0.98515625 0.81484375 0.01796875 0.02578125
2 0.97421875 0.86640625 0.0109375 0.02109375
2 0.96875 0.9234375 0.01015625 0.0234375
2 0.990625 0.8859375 0.01171875 0.02890625
2 0.99765625 0.915625 0.0046875 0.025
0 0.79140625 0.60390625 0.01171875 0.01171875
2 0.8234375 0.571875 0.0140625 0.01796875
3 0.76171875 0.56640625 0.01484375 0.01328125
3 0.74765625 0.60078125 0.01953125 0.01640625
6 0.71875 0.60390625 0.0296875 0.021875
6 0.7578125 0.534375 0.03984375 0.02578125
4 0.78828125 0.56171875 0.00859375 0.0140625
4 0.7703125 0.584375 0.00859375 0.00859375
4 0.65703125 0.5484375 0.01328125 0.01640625
2 0.59765625 0.56328125 0.0140625 0.0140625
6 0.61875 0.5390625 0.0234375 0.0234375
6 0.82421875 0.52109375 0.02578125 0.0234375
5 0.95078125 0.5234375 0.06015625 0.025