2 0.03671875 0.53515625 0.01015625 0.0359375
2 0.21328125 0.38359375 0.01015625 0.04921875
2 0.22421875 0.48125 0.01484375 0.0390625
2 0.22265625 0.515625 0.009375 0.03671875
2 0.30703125 0.69453125 0.0234375 0.0203125
2 0.42265625 0.46875 0.01171875 0.03984375
2 0.46171875 0.41640625 0.01015625 0.03828125
2 0.465625 0.35703125 0.01171875 0.04296875
2 0.4546875 0.50625 0.0109375 0.0453125
2 0.4609375 0.553125 0.01171875 0.03515625
2 0.41796875 0.51171875 0.0109375 0.03984375
2 0.43125 0.590625 0.01015625 0.03828125
2 0.46171875 0.62890625 0.01015625 0.02578125
2 0.44921875 0.64375 0.009375 0.0359375
2 0.46171875 0.69921875 0.01171875 0.0453125
2 0.3953125 0.7734375 0.01171875 0.03984375
2 0.39140625 0.84296875 0.01328125 0.0234375
2 0.390625 0.865625 0.01484375 0.01796875
2 0.390625 0.88359375 0.0109375 0.021875
2 0.38671875 0.94609375 0.01171875 0.02421875
2 0.1984375 0.721875 0.01796875 0.02421875
2 0.05625 0.634375 0.02109375 0.02421875
2 0.52421875 0.34765625 0.01484375 0.0265625
2 0.5703125 0.35 0.0203125 0.03828125
2 0.5265625 0.4078125 0.0140625 0.040625
2 0.5515625 0.41640625 0.009375 0.03671875
2 0.53828125 0.45625 0.01953125 0.025
2 0.521875 0.53203125 0.015625 0.02578125
2 0.51953125 0.66171875 0.01484375 0.03671875
2 0.54296875 0.7390625 0.01640625 0.0359375
2 0.53125 0.74296875 0.01484375 0.03671875
2 0.54140625 0.76875 0.01796875 0.03984375
2 0.521875 0.93046875 0.01015625 0.03671875
2 0.44140625 0.92734375 0.01015625 0.03515625
2 0.528125 0.8578125 0.0109375 0.0296875
2 0.56484375 0.97421875 0.01796875 0.01796875
2 0.5640625 0.9890625 0.0140625 0.01328125
2 0.81171875 0.89140625 0.0140625 0.03203125
2 0.83671875 0.90859375 0.01328125 0.04375
2 0.84921875 0.909375 0.01015625 0.03671875
2 0.8046875 0.95390625 0.01796875 0.01484375
2 0.80234375 0.96953125 0.01640625 0.02578125
2 0.7984375 0.98515625 0.0140625 0.028125
2 0.83046875 0.528125 0.0234375 0.02421875
2 0.896875 0.53125 0.02578125 0.028125
2 0.68984375 0.46953125 0.0234375 0.02578125
2 0.67578125 0.5109375 0.0203125 0.0234375
2 0.68984375 0.52109375 0.01484375 0.01796875
2 0.68828125 0.546875 0.0140625 0.02890625
2 0.72734375 0.475 0.0234375 0.01953125
3 0.58203125 0.2609375 0.01796875 0.040625
2 0.53828125 0.25 0.01171875 0.04921875
2 0.709375 0.28203125 0.01171875 0.02890625
2 0.7953125 0.2265625 0.00859375 0.03359375
2 0.8109375 0.2265625 0.01328125 0.02578125
2 0.83046875 0.27578125 0.00546875 0.03046875
2 0.91640625 0.3359375 0.01796875 0.01875
2 0.98046875 0.30546875 0.02421875 0.025
2 0.5265625 0.25078125 0.00703125 0.04296875
2 0.53671875 0.1921875 0.01015625 0.04609375
2 0.56796875 0.1890625 0.01796875 0.02890625
2 0.56640625 0.20625 0.01796875 0.02421875
2 0.56640625 0.14921875 0.02421875 0.01640625
2 0.56640625 0.13125 0.01875 0.01484375
2 0.56875 0.115625 0.01796875 0.02421875
2 0.58046875 0.10234375 0.01796875 0.01796875
2 0.565625 0.071875 0.0203125 0.02109375
2 0.5875 0.05625 0.02109375 0.021875
2 0.61328125 0.05078125 0.0203125 0.01953125
2 0.61953125 0.0140625 0.0203125 0.0265625
2 0.6203125 0.02734375 0.01875 0.01796875
1 0.54140625 0.02265625 0.01796875 0.0453125
0 0.52734375 0.146875 0.01171875 0.028125
2 0.46484375 0.26875 0.0109375 0.03203125
2 0.46171875 0.309375 0.009375 0.0453125
2 0.415625 0.18203125 0.00859375 0.03984375
2 0.4296875 0.17421875 0.0140625 0.021875
2 0.40859375 0.16953125 0.01171875 0.02890625
2 0.36171875 0.05625 0.01015625 0.03125
2 0.33984375 0.053125 0.01171875 0.0359375
2 0.3421875 0.1015625 0.01875 0.01796875
2 0.29609375 0.09453125 0.01484375 0.015625
2 0.23046875 0.06953125 0.01640625 0.01640625
2 0.1890625 0.0859375 0.01640625 0.021875
2 0.1953125 0.06015625 0.015625 0.01640625
2 0.20859375 0.06171875 0.01796875 0.01875
2 0.096875 0.03046875 0.02109375 0.01484375
2 0.0484375 0.07890625 0.0140625 0.0453125
2 0.04921875 0.11875 0.009375 0.03125
2 0.046875 0.2109375 0.01015625 0.04296875
2 0.23359375 0.25078125 0.00859375 0.03125
2 0.2171875 0.30078125 0.01484375 0.03359375
2 0.43125 0.41171875 0.009375 0.02421875
3 0.45859375 0.05078125 0.01171875 0.028125
0 0.465625 0.05859375 0.00859375 0.02890625
0 0.52578125 0.059375 0.01015625 0.03046875
0 0.55546875 0.04375 0.01015625 0.02578125
0 0.575 0.0328125 0.00859375 0.0265625
0 0.5546875 0.12734375 0.009375 0.025
0 0.4625 0.14296875 0.01171875 0.03359375
0 0.51640625 0.259375 0.00859375 0.02109375
0 0.5171875 0.2796875 0.01015625 0.0265625
0 0.4484375 0.278125 0.01171875 0.0265625
0 0.4546875 0.259375 0.0109375 0.01953125
0 0.63671875 0.346875 0.01875 0.02109375
0 0.69375 0.32109375 0.01796875 0.0234375
3 0.70625 0.309375 0.0203125 0.02421875
0 0.78125 0.2484375 0.009375 0.02421875
0 0.76953125 0.2734375 0.01171875 0.01953125
0 0.87109375 0.18359375 0.01796875 0.03125
0 0.7234375 0.51875 0.01640625 0.01875
0 0.97578125 0.49453125 0.0203125 0.01875
0 0.52109375 0.446875 0.01015625 0.0265625
0 0.534375 0.79453125 0.00859375 0.02421875
0 0.540625 0.8140625 0.0109375 0.0234375
0 0.54140625 0.840625 0.00703125 0.02421875
0 0.54140625 0.859375 0.00859375 0.021875
0 0.54296875 0.88125 0.00859375 0.01875
0 0.54140625 0.903125 0.00859375 0.028125
0 0.52578125 0.83125 0.00859375 0.01796875
0 0.51953125 0.85859375 0.0109375 0.0203125
0 0.51796875 0.90078125 0.01015625 0.021875
0 0.5375 0.9609375 0.00703125 0.01875
0 0.52734375 0.9640625 0.00859375 0.0234375
0 0.528125 0.97734375 0.01171875 0.01796875
0 0.540625 0.6484375 0.00859375 0.0234375
0 0.44375 0.559375 0.01015625 0.02421875
0 0.44296875 0.60703125 0.00859375 0.021875
0 0.39296875 0.70625 0.01328125 0.01953125
0 0.39921875 0.60390625 0.01015625 0.0203125
0 0.3703125 0.69921875 0.015625 0.01953125
0 0.103125 0.66171875 0.01796875 0.01328125
2 0.61484375 0.521875 0.01796875 0.0203125
4 0.00859375 0.69453125 0.015625 0.01640625
4 0.03359375 0.69140625 0.015625 0.009375
4 0.05703125 0.69453125 0.01796875 0.01796875
4 0.115625 0.68828125 0.02109375 0.01484375
4 0.1734375 0.68515625 0.01640625 0.01640625
4 0.34453125 0.62734375 0.015625 0.01640625
4 0.37421875 0.6109375 0.009375 0.01484375
4 0.41953125 0.60078125 0.009375 0.01875
4 0.4421875 0.69453125 0.009375 0.021875
4 0.39453125 0.6859375 0.009375 0.01484375
4 0.446875 0.7609375 0.00859375 0.01953125
4 0.43984375 0.815625 0.01015625 0.02421875
4 0.528125 0.56875 0.01796875 0.01796875
4 0.53671875 0.52890625 0.00859375 0.02578125
4 0.54375 0.53515625 0.01015625 0.02421875
4 0.54296875 0.51015625 0.00859375 0.02109375
4 0.54453125 0.49296875 0.00703125 0.02890625
4 0.528125 0.48359375 0.0109375 0.01953125
4 0.515625 0.63359375 0.00859375 0.021875
4 0.51328125 0.69453125 0.0109375 0.02890625
4 0.45078125 0.690625 0.00625 0.02421875
4 0.4578125 0.65859375 0.01015625 0.0203125
4 0.40078125 0.621875 0.0140625 0.0140625
4 0.54140625 0.56953125 0.01171875 0.028125
4 0.571875 0.515625 0.01171875 0.0203125
4 0.56171875 0.51015625 0.00859375 0.02109375
4 0.5609375 0.44921875 0.0140625 0.0140625
4 0.60625 0.47890625 0.01328125 0.01640625
4 0.50859375 0.93671875 0.00703125 0.02578125
4 0.51328125 0.85625 0.00703125 0.021875
4 0.44296875 0.7296875 0.0109375 0.01796875
4 0.8265625 0.34453125 0.01015625 0.01640625
4 0.73125 0.353125 0.01171875 0.02109375
4 0.6859375 0.34609375 0.01328125 0.028125
4 0.7609375 0.46953125 0.01171875 0.021875
4 0.8359375 0.50078125 0.0203125 0.021875
4 0.93203125 0.51640625 0.01171875 0.02421875
4 0.940625 0.5 0.01328125 0.01875
4 0.5296875 0.31953125 0.01328125 0.028125
4 0.5359375 0.346875 0.015625 0.028125
4 0.453125 0.19296875 0.009375 0.021875
4 0.45546875 0.21796875 0.01875 0.01640625
4 0.453125 0.31796875 0.00859375 0.01328125
4 0.44921875 0.3359375 0.01328125 0.0265625
4 0.5234375 0.11953125 0.01015625 0.02421875
4 0.5203125 0.09296875 0.01484375 0.02421875
4 0.521875 0.18359375 0.0109375 0.02890625
4 0.73515625 0.3109375 0.01484375 0.021875
4 0.6296875 0.49453125 0.01171875 0.0265625
4 0.68359375 0.48828125 0.009375 0.01640625