2 0.10390625 0.96953125 0.015625 0.03828125
4 0.11328125 0.9171875 0.01015625 0.02578125
0 0.04609375 0.7453125 0.015625 0.028125
0 0.065625 0.6953125 0.01484375 0.03046875
2 0.11875 0.80546875 0.01640625 0.034375
4 0.13828125 0.740625 0.0140625 0.01875
2 0.06171875 0.61640625 0.01640625 0.03984375
2 0.08046875 0.56953125 0.015625 0.03671875
2 0.08671875 0.63125 0.0140625 0.0390625
0 0.109375 0.5734375 0.015625 0.0296875
4 0.0734375 0.49296875 0.015625 0.01875
2 0.1046875 0.525 0.02421875 0.03828125
0 0.11796875 0.446875 0.01796875 0.01953125
2 0.10859375 0.47890625 0.0203125 0.03359375
2 0.13046875 0.51328125 0.021875 0.03984375
2 0.1390625 0.46796875 0.021875 0.03046875
3 0.16171875 0.44453125 0.021875 0.02109375
3 0.1703125 0.50703125 0.01015625 0.0234375
0 0.19375 0.434375 0.015625 0.01640625
2 0.16953125 0.41796875 0.0203125 0.01953125
2 0.128125 0.4078125 0.025 0.0234375
4 0.1015625 0.41953125 0.01328125 0.01171875
2 0.215625 0.47109375 0.02890625 0.0234375
2 0.23046875 0.4421875 0.0203125 0.01875
0 0.196875 0.39140625 0.02109375 0.02109375
4 0.21640625 0.42734375 0.01171875 0.00625
4 0.21875 0.41796875 0.01171875 0.009375
0 0.25546875 0.42578125 0.01484375 0.01328125
4 0.25625 0.44375 0.0109375 0.009375
2 0.26328125 0.46796875 0.02421875 0.02109375
0 0.278125 0.44609375 0.01484375 0.0140625
0 0.271875 0.43203125 0.01484375 0.01171875
4 0.29609375 0.446875 0.01015625 0.0109375
4 0.31640625 0.421875 0.01171875 0.015625
0 0.31953125 0.446875 0.015625 0.015625
2 0.3265625 0.371875 0.01328125 0.03671875
2 0.35859375 0.4703125 0.021875 0.0203125
2 0.36328125 0.4421875 0.02421875 0.01875
4 0.36171875 0.42578125 0.01015625 0.009375
2 0.38515625 0.46015625 0.021875 0.015625
2 0.38203125 0.38828125 0.02109375 0.01796875
4 0.4015625 0.4140625 0.01171875 0.01171875
4 0.396875 0.43046875 0.01171875 0.01328125
4 0.42421875 0.44140625 0.01015625 0.00859375
4 0.4515625 0.46640625 0.01015625 0.0109375
4 0.43125 0.45234375 0.009375 0.01015625
2 0.490625 0.459375 0.02421875 0.02109375
0 0.5015625 0.41953125 0.01484375 0.0140625
4 0.515625 0.40625 0.009375 0.00859375
4 0.52109375 0.3953125 0.009375 0.01015625
4 0.5453125 0.41328125 0.01484375 0.01796875
0 0.571875 0.4296875 0.0203125 0.01796875
2 0.634375 0.4390625 0.0234375 0.02109375
2 0.64921875 0.39453125 0.0234375 0.0234375
4 0.71015625 0.41640625 0.0109375 0.01015625
4 0.7078125 0.434375 0.01015625 0.01015625
2 0.73671875 0.4484375 0.02578125 0.0234375
3 0.73671875 0.38671875 0.01796875 0.01875
4 0.759375 0.37890625 0.00859375 0.0109375
4 0.77578125 0.378125 0.0109375 0.009375
4 0.61640625 0.6 0.0203125 0.021875
1 0.56171875 0.57109375 0.04609375 0.03203125
1 0.5140625 0.56796875 0.04453125 0.0265625
1 0.46328125 0.57265625 0.0453125 0.02578125
1 0.4140625 0.5734375 0.04453125 0.0265625
4 0.45703125 0.62578125 0.0109375 0.01015625
2 0.43046875 0.5984375 0.0203125 0.01953125
2 0.403125 0.5984375 0.01953125 0.01875
2 0.31171875 0.63515625 0.02421875 0.01953125
2 0.365625 0.56875 0.0203125 0.01875
3 0.315625 0.57890625 0.0234375 0.025
2 0.290625 0.56953125 0.01875 0.01953125
2 0.26953125 0.5859375 0.0203125 0.01640625
2 0.278125 0.603125 0.01796875 0.01171875
2 0.93828125 0.44140625 0.0234375 0.0203125
4 0.940625 0.41796875 0.01328125 0.01171875
4 0.9578125 0.4109375 0.01015625 0.01171875
4 0.97890625 0.41796875 0.01015625 0.01015625
4 0.97890625 0.43203125 0.01171875 0.0109375
4 0.99453125 0.409375 0.01015625 0.0140625
2 0.90859375 0.67578125 0.015625 0.03515625
4 0.021875 0.38828125 0.015625 0.01328125
4 0.0484375 0.38671875 0.0140625 0.0109375
0 0.08671875 0.39765625 0.01796875 0.0140625