2 0.340625 0.29296875 0.015625 0.01171875
2 0.50625 0.33125 0.00546875 0.025
2 0.51640625 0.33046875 0.00625 0.02578125
2 0.55703125 0.32109375 0.00703125 0.0234375
2 0.56640625 0.321875 0.00703125 0.021875
4 0.58046875 0.24296875 0.003125 0.01640625
4 0.578125 0.24375 0.003125 0.01328125
4 0.5734375 0.24609375 0.003125 0.0140625
4 0.56640625 0.24375 0.003125 0.015625
4 0.5640625 0.24296875 0.003125 0.015625
4 0.54453125 0.23125 0.003125 0.015625
4 0.53203125 0.23125 0.003125 0.0109375
4 0.5171875 0.28125 0.00390625 0.01484375
4 0.52421875 0.28125 0.003125 0.01640625
4 0.546875 0.28203125 0.003125 0.01484375
4 0.5453125 0.2984375 0.003125 0.01171875
4 0.54140625 0.296875 0.003125 0.0140625
4 0.5375 0.2984375 0.003125 0.01484375
4 0.528125 0.28125 0.003125 0.01640625
4 0.56796875 0.2859375 0.003125 0.015625
4 0.56796875 0.3015625 0.00390625 0.01328125
4 0.578125 0.30625 0.003125 0.01640625
4 0.5828125 0.30390625 0.00390625 0.01328125
4 0.615625 0.40234375 0.00546875 0.00703125
5 0.66015625 0.38828125 0.03984375 0.01875
5 0.71640625 0.38671875 0.04375 0.01484375
5 0.7609375 0.45390625 0.034375 0.01484375
4 0.84296875 0.3984375 0.00625 0.00703125
2 0.903125 0.40859375 0.01484375 0.01171875
0 0.98046875 0.38515625 0.01328125 0.01015625
4 0.96640625 0.24296875 0.00546875 0.009375
6 0.5421875 0.42265625 0.03515625 0.01484375
3 0.3515625 0.4109375 0.0140625 0.01171875
6 0.125 0.49453125 0.03125 0.015625
2 0.128125 0.51484375 0.0140625 0.01171875
4 0.1265625 0.47578125 0.00625 0.00546875
2 0.20625 0.5 0.015625 0.0140625
6 0.2390625 0.51015625 0.03203125 0.01640625
5 0.271875 0.48515625 0.04140625 0.01796875
6 0.49609375 0.48125 0.034375 0.015625
6 0.5171875 0.5015625 0.034375 0.015625
5 0.9625 0.56328125 0.06875 0.01953125
3 0.940625 0.5234375 0.02109375 0.01171875
2 0.853125 0.52265625 0.01328125 0.01171875
2 0.86328125 0.58203125 0.01171875 0.01171875
2 0.878125 0.59921875 0.015625 0.0140625
5 0.78515625 0.540625 0.04140625 0.01640625
6 0.79453125 0.59140625 0.03125 0.01640625
2 0.753125 0.52109375 0.01328125 0.0109375
4 0.80078125 0.57421875 0.00703125 0.00546875
0 0.81875 0.60546875 0.00859375 0.009375
3 0.7484375 0.603125 0.01875 0.01171875
0 0.79296875 0.6078125 0.009375 0.0109375
6 0.7203125 0.60703125 0.025 0.0140625
4 0.7875 0.62578125 0.00625 0.0046875
4 0.71640625 0.6296875 0.00703125 0.00546875
2 0.6203125 0.56171875 0.01171875 0.01171875
2 0.6203125 0.52890625 0.01171875 0.01171875
2 0.58828125 0.54140625 0.0140625 0.0109375
6 0.559375 0.546875 0.03203125 0.015625
6 0.57890625 0.52578125 0.0265625 0.01640625
3 0.484375 0.5484375 0.01171875 0.01171875
4 0.50546875 0.56875 0.00546875 0.00703125
2 0.35546875 0.534375 0.015625 0.01328125
6 0.33359375 0.55546875 0.0390625 0.01875
5 0.17890625 0.54375 0.053125 0.01640625
2 0.14609375 0.571875 0.01171875 0.01015625
6 0.0578125 0.56640625 0.02578125 0.01484375
4 0.0265625 0.58515625 0.00625 0.00546875
5 0.0328125 0.7546875 0.01015625 0.05078125
5 0.06328125 0.740625 0.01328125 0.0515625
5 0.0296875 0.94453125 0.01171875 0.0453125
2 0.003125 0.8375 0.00546875 0.0234375
5 0.11953125 0.6828125 0.03515625 0.01796875
5 0.14296875 0.64921875 0.034375 0.015625
5 0.27734375 0.64296875 0.0296875 0.01953125
4 0.32109375 0.5953125 0.00859375 0.00859375
6 0.49609375 0.603125 0.034375 0.01796875
6 0.49296875 0.62578125 0.0265625 0.01953125
2 0.57578125 0.6265625 0.0109375 0.01015625
4 0.63671875 0.603125 0.00546875 0.009375
3 0.68125 0.625 0.00703125 0.021875
2 0.6734375 0.634375 0.00625 0.0234375
2 0.665625 0.63671875 0.00859375 0.021875
2 0.67265625 0.65859375 0.00703125 0.02109375
2 0.71796875 0.65625 0.00546875 0.0203125
0 0.8203125 0.6484375 0.009375 0.01015625
0 0.75390625 0.67109375 0.015625 0.0140625
6 0.8828125 0.63984375 0.03671875 0.0203125
2 0.934375 0.79921875 0.01015625 0.01328125
2 0.93515625 0.8140625 0.01015625 0.01484375
2 0.984375 0.81171875 0.01328125 0.0234375
2 0.97421875 0.86171875 0.01015625 0.02109375
2 0.95859375 0.87109375 0.009375 0.025
2 0.9703125 0.92109375 0.00859375 0.0234375
2 0.95078125 0.8984375 0.00703125 0.0234375
2 0.94296875 0.90546875 0.00859375 0.0265625
3 0.75546875 0.85546875 0.01953125 0.01171875
3 0.715625 0.89921875 0.00703125 0.0296875