1 0.1140625 0.53203125 0.05703125 0.03203125
4 0.0734375 0.459375 0.01640625 0.01484375
4 0.07109375 0.4515625 0.0140625 0.01484375
4 0.08203125 0.4359375 0.01171875 0.00859375
4 0.1359375 0.42578125 0.0140625 0.01328125
4 0.1296875 0.440625 0.015625 0.01328125
4 0.11875 0.471875 0.015625 0.01875
4 0.1578125 0.528125 0.01171875 0.01484375
4 0.08671875 0.56640625 0.01484375 0.01875
4 0.02421875 0.56171875 0.015625 0.01640625
0 0.16796875 0.45859375 0.02578125 0.0234375
0 0.29375 0.4390625 0.01484375 0.01953125
0 0.346875 0.5484375 0.01171875 0.01484375
0 0.43828125 0.53671875 0.01328125 0.01796875
2 0.3171875 0.46484375 0.03125 0.01953125
2 0.19765625 0.53046875 0.0234375 0.01796875
2 0.2390625 0.52890625 0.01953125 0.0203125
4 0.21875 0.546875 0.0109375 0.0109375
4 0.23203125 0.546875 0.009375 0.01484375
4 0.2234375 0.565625 0.0109375 0.01171875
4 0.25390625 0.5546875 0.01328125 0.01640625
4 0.26171875 0.53671875 0.0140625 0.01171875
4 0.27421875 0.5484375 0.01484375 0.009375
4 0.3359375 0.43125 0.01171875 0.00859375
4 0.3484375 0.446875 0.0140625 0.00859375
4 0.39296875 0.428125 0.0140625 0.01328125
4 0.421875 0.43359375 0.01171875 0.01484375
4 0.47734375 0.4328125 0.01328125 0.01328125
4 0.36796875 0.54453125 0.0109375 0.009375
4 0.38046875 0.540625 0.0109375 0.01328125
4 0.38359375 0.55625 0.01328125 0.00859375
4 0.39453125 0.546875 0.009375 0.009375
4 0.4046875 0.5625 0.0140625 0.01015625
4 0.403125 0.53203125 0.00703125 0.00859375
4 0.41953125 0.5265625 0.00859375 0.0109375
4 0.42421875 0.553125 0.01015625 0.00859375
4 0.4625 0.5171875 0.0109375 0.0109375
4 0.471875 0.52890625 0.01484375 0.0140625
4 0.48828125 0.55390625 0.0140625 0.01484375
4 0.534375 0.52109375 0.01484375 0.01328125
4 0.57578125 0.53671875 0.01171875 0.0140625
4 0.5703125 0.55 0.0109375 0.01484375
4 0.62890625 0.5390625 0.01328125 0.01328125
4 0.65546875 0.55546875 0.01171875 0.0140625
4 0.5515625 0.56328125 0.0140625 0.01015625
0 0.525 0.54609375 0.01796875 0.0203125
0 0.55 0.42890625 0.015625 0.021875
4 0.54296875 0.45546875 0.01484375 0.0109375
4 0.61953125 0.4140625 0.01640625 0.0203125
4 0.68828125 0.43203125 0.01328125 0.01796875
4 0.73359375 0.41328125 0.00859375 0.01484375
4 0.71953125 0.43046875 0.01171875 0.01171875
4 0.72890625 0.446875 0.0140625 0.01640625
4 0.74609375 0.52109375 0.015625 0.009375
4 0.76015625 0.55703125 0.01328125 0.01171875
4 0.81640625 0.44609375 0.015625 0.01484375
4 0.83359375 0.4140625 0.01484375 0.01171875
4 0.89609375 0.40703125 0.01484375 0.01640625
4 0.91875 0.45078125 0.0109375 0.015625
4 0.94296875 0.43984375 0.015625 0.0109375
4 0.971875 0.44453125 0.01796875 0.0140625
0 0.97109375 0.421875 0.01953125 0.01796875
0 0.93984375 0.41875 0.0203125 0.01484375
4 0.87421875 0.553125 0.01328125 0.01484375
4 0.97421875 0.528125 0.0140625 0.0203125
4 0.959375 0.53984375 0.01484375 0.01796875
4 0.93671875 0.51015625 0.01640625 0.01328125
0 0.15546875 0.565625 0.02109375 0.025
6 0.3765625 0.52265625 0.02578125 0.02578125
0 0.3609375 0.559375 0.01875 0.02421875
6 0.4390625 0.459375 0.04296875 0.03984375
4 0.74140625 0.459375 0.01171875 0.01484375
6 0.88515625 0.51953125 0.0359375 0.034375
2 0.98515625 0.50859375 0.02109375 0.02578125