2 0.01640625 0.79609375 0.02421875 0.021875
0 0.14140625 0.9609375 0.01484375 0.01640625
2 0.18828125 0.88515625 0.02578125 0.02421875
4 0.115625 0.70703125 0.01328125 0.0109375
2 0.1234375 0.72890625 0.01953125 0.01484375
5 0.22109375 0.66875 0.05546875 0.0234375
5 0.278125 0.66484375 0.05546875 0.021875
4 0.21640625 0.77109375 0.0140625 0.01484375
4 0.21171875 0.80859375 0.01015625 0.01484375
4 0.22109375 0.85546875 0.0109375 0.01875
4 0.26796875 0.8609375 0.01171875 0.0109375
4 0.29921875 0.7984375 0.0109375 0.01328125
4 0.33984375 0.89453125 0.0109375 0.01171875
4 0.37109375 0.76484375 0.01171875 0.0140625
2 0.4140625 0.81015625 0.01796875 0.0203125
4 0.48046875 0.809375 0.0140625 0.01796875
4 0.52890625 0.7890625 0.01484375 0.01796875
4 0.453125 0.70859375 0.01171875 0.01328125
0 0.509375 0.94609375 0.01484375 0.01484375
4 0.51640625 0.69453125 0.00859375 0.0203125
4 0.53359375 0.70703125 0.00703125 0.01953125
4 0.52578125 0.59140625 0.00703125 0.01953125
0 0.4671875 0.53046875 0.009375 0.0265625
3 0.5296875 0.52890625 0.01171875 0.03203125
4 0.46796875 0.36875 0.00703125 0.0203125
0 0.52734375 0.37421875 0.00859375 0.025
4 0.47890625 0.29921875 0.00625 0.01875
4 0.52421875 0.21875 0.00546875 0.01953125
2 0.55859375 0.76015625 0.021875 0.02890625
0 0.56171875 0.86015625 0.01484375 0.01796875
4 0.56328125 0.840625 0.0109375 0.0140625
4 0.58125 0.85859375 0.01328125 0.0140625
4 0.61328125 0.7953125 0.01484375 0.01328125
4 0.58984375 0.66796875 0.009375 0.01484375
4 0.65625 0.69140625 0.01171875 0.0109375
4 0.66484375 0.77734375 0.01171875 0.0109375
4 0.61875 0.91015625 0.0109375 0.0109375
4 0.69375 0.85703125 0.01171875 0.01015625
2 0.7296875 0.86328125 0.021875 0.02109375
2 0.765625 0.878125 0.0234375 0.02109375
4 0.778125 0.9 0.0109375 0.0109375
4 0.80078125 0.85546875 0.01484375 0.01171875
2 0.821875 0.890625 0.021875 0.02109375
4 0.88359375 0.8 0.01328125 0.0109375
4 0.89296875 0.78515625 0.01171875 0.01171875
4 0.94296875 0.80546875 0.0109375 0.01328125
4 0.9703125 0.7890625 0.0140625 0.01015625
3 0.93125 0.83125 0.03125 0.01953125
1 0.98203125 0.87578125 0.03515625 0.03203125