2 0.35703125 0.28671875 0.01796875 0.01484375
2 0.41640625 0.25234375 0.01171875 0.02109375
2 0.40703125 0.21640625 0.01640625 0.01875
2 0.521875 0.32421875 0.00625 0.02890625
2 0.5328125 0.3234375 0.00859375 0.0296875
2 0.5734375 0.31328125 0.00703125 0.025
2 0.5828125 0.31484375 0.00859375 0.02421875
2 0.98125 0.86953125 0.0109375 0.02578125
2 0.965625 0.903125 0.009375 0.0265625
2 0.73515625 0.65078125 0.00859375 0.0234375
6 0.90390625 0.634375 0.03984375 0.0203125
5 0.73515625 0.3796875 0.04609375 0.01953125
6 0.678125 0.38203125 0.04140625 0.01953125
6 0.29453125 0.6359375 0.03046875 0.01953125
6 0.1625 0.64296875 0.0390625 0.01953125
6 0.1390625 0.67578125 0.0390625 0.025
4 0.56328125 0.27578125 0.0046875 0.0140625
3 0.77421875 0.85078125 0.021875 0.01796875
3 0.73203125 0.896875 0.01015625 0.03515625
4 0.540625 0.275 0.00390625 0.0140625
4 0.55703125 0.2890625 0.003125 0.01484375
4 0.58359375 0.278125 0.0046875 0.01484375
4 0.5953125 0.303125 0.00390625 0.01484375
4 0.5828125 0.2359375 0.00390625 0.01484375
4 0.5484375 0.225 0.003125 0.01015625
4 0.55625 0.22421875 0.0046875 0.01171875
4 0.596875 0.23828125 0.003125 0.01328125
4 0.5328125 0.275 0.00390625 0.01328125
4 0.42890625 0.27109375 0.00390625 0.01328125
4 0.58984375 0.2390625 0.003125 0.01328125
4 0.54609375 0.27578125 0.003125 0.0140625
4 0.55390625 0.29140625 0.00390625 0.01171875
4 0.56171875 0.290625 0.003125 0.01171875
0 0.83984375 0.64375 0.01484375 0.01484375
2 0.696875 0.64609375 0.00546875 0.025
2 0.690625 0.628125 0.00625 0.025
2 0.68203125 0.63203125 0.00625 0.021875
2 0.690625 0.65390625 0.00625 0.01953125
0 0.8375 0.60078125 0.01171875 0.00859375
5 0.97421875 0.55625 0.05078125 0.0234375
2 0.2984375 0.46875 0.01796875 0.01328125
2 0.59296875 0.621875 0.0109375 0.01171875
6 0.51015625 0.6203125 0.02890625 0.021875
2 0.38828125 0.4984375 0.01484375 0.015625
6 0.60390625 0.48828125 0.0234375 0.015625
2 0.4953125 0.49609375 0.01484375 0.015625
2 0.50703125 0.26484375 0.00859375 0.02421875
6 0.5984375 0.53671875 0.03046875 0.01796875
2 0.73046875 0.5796875 0.0140625 0.01484375
0 0.74921875 0.59140625 0.0109375 0.0109375
2 0.99296875 0.91875 0.01015625 0.025
4 0.815625 0.58828125 0.00703125 0.009375
4 0.7828125 0.5734375 0.00859375 0.009375
6 0.2734375 0.55078125 0.02890625 0.01640625
3 0.44140625 0.4796875 0.0140625 0.01328125
3 0.7171875 0.44296875 0.015625 0.0140625
5 0.68359375 0.46953125 0.053125 0.021875
4 0.58359375 0.29375 0.003125 0.0140625
4 0.59921875 0.296875 0.003125 0.01171875
4 0.5609375 0.225 0.00390625 0.0140625
0 0.8640625 0.26171875 0.00703125 0.01796875
0 0.959375 0.38203125 0.0109375 0.01171875
3 0.8875 0.5953125 0.01796875 0.0140625
0 0.90703125 0.603125 0.01171875 0.01015625
4 0.4921875 0.553125 0.00703125 0.00859375
4 0.30234375 0.5515625 0.00859375 0.00859375
2 0.51796875 0.59921875 0.01484375 0.01484375
4 0.59140625 0.60390625 0.00625 0.01171875
4 0.565625 0.60546875 0.00703125 0.00859375
4 0.434375 0.5640625 0.009375 0.0109375
6 0.41796875 0.54296875 0.034375 0.01796875
6 0.2765625 0.56953125 0.040625 0.01796875
2 0.45625 0.5515625 0.01640625 0.01484375