1 0.22578125 0.67421875 0.05703125 0.03125
1 0.2828125 0.66640625 0.05546875 0.03125
2 0.31953125 0.778125 0.0203125 0.01953125
2 0.3984375 0.8140625 0.02109375 0.0234375
2 0.4296875 0.75546875 0.02109375 0.02421875
2 0.8765625 0.81328125 0.02578125 0.0234375
3 0.696875 0.86328125 0.02890625 0.0234375
5 0.78125 0.8671875 0.04453125 0.0296875
4 0.19921875 0.7859375 0.0109375 0.01015625
4 0.346875 0.89140625 0.009375 0.01171875
4 0.43984375 0.809375 0.009375 0.0109375
4 0.3609375 0.7640625 0.009375 0.01171875
4 0.51640625 0.7546875 0.00703125 0.01796875
4 0.5640625 0.72890625 0.00859375 0.015625
4 0.47109375 0.678125 0.00625 0.01796875
4 0.47890625 0.6296875 0.00546875 0.0203125
4 0.49140625 0.6515625 0.00625 0.015625
4 0.5375 0.64375 0.00546875 0.01875
4 0.4859375 0.58515625 0.00546875 0.01796875
4 0.53515625 0.534375 0.0046875 0.01875
4 0.65625 0.76484375 0.009375 0.01015625
4 0.690625 0.78203125 0.0109375 0.01171875
4 0.7359375 0.78046875 0.01171875 0.01015625
4 0.79453125 0.7890625 0.0109375 0.01015625
4 0.81953125 0.77578125 0.0109375 0.00859375
4 0.87109375 0.7734375 0.01015625 0.009375
4 0.91640625 0.7890625 0.0109375 0.01015625
4 0.93125 0.846875 0.0109375 0.01015625
4 0.9734375 0.7828125 0.0109375 0.01015625
4 0.99140625 0.7953125 0.01328125 0.01015625
4 0.84609375 0.72578125 0.0109375 0.00859375
4 0.63984375 0.65859375 0.01015625 0.00859375
4 0.07890625 0.9515625 0.01015625 0.01015625
4 0.1125 0.96796875 0.01015625 0.009375
0 0.43125 0.8984375 0.0140625 0.01796875
0 0.5 0.72578125 0.009375 0.02421875
0 0.50859375 0.70390625 0.009375 0.025
2 0.53046875 0.50078125 0.00859375 0.0265625
0 0.47578125 0.2234375 0.00703125 0.02421875
0 0.4140625 0.69375 0.0140625 0.01953125
0 0.23671875 0.70390625 0.01953125 0.01796875
0 0.14609375 0.9703125 0.01640625 0.02421875
4 0.653125 0.85078125 0.01171875 0.00703125