0 0.34921875 0.51640625 0.01484375 0.01875
2 0.209375 0.75625 0.01640625 0.03046875
0 0.24921875 0.66640625 0.0140625 0.0203125
2 0.3265625 0.68828125 0.01875 0.03125
0 0.64921875 0.13359375 0.01171875 0.02421875
2 0.21171875 0.871875 0.01796875 0.03125
2 0.22109375 0.66171875 0.0203125 0.03515625
4 0.36328125 0.61328125 0.00703125 0.01484375
2 0.26328125 0.50546875 0.015625 0.03515625
4 0.38046875 0.59296875 0.00546875 0.01171875
2 0.17578125 0.9265625 0.01953125 0.03359375
2 0.64296875 0.3171875 0.01640625 0.0296875
2 0.67890625 0.25078125 0.0203125 0.03125
2 0.19453125 0.9 0.01640625 0.03046875
2 0.65859375 0.28828125 0.01796875 0.03046875
2 0.1578125 0.953125 0.01875 0.0296875
4 0.39296875 0.5734375 0.00703125 0.01171875
2 0.19921875 0.696875 0.01953125 0.03359375
4 0.65 0.34921875 0.00703125 0.01171875
4 0.659375 0.3546875 0.00859375 0.01171875
2 0.27890625 0.7765625 0.01875 0.0359375
0 0.6640625 0.121875 0.01171875 0.01796875
2 0.1421875 0.98125 0.01640625 0.028125
2 0.51171875 0.51953125 0.01328125 0.03515625
2 0.159375 0.91484375 0.01875 0.03125
2 0.2390625 0.834375 0.01953125 0.03203125
2 0.3515625 0.7109375 0.01796875 0.02890625
4 0.240625 0.8140625 0.009375 0.01171875
4 0.2234375 0.8421875 0.00859375 0.0109375
2 0.26328125 0.803125 0.01875 0.03203125
2 0.4109375 0.56796875 0.01796875 0.02890625
2 0.34609375 0.66875 0.01796875 0.03046875
2 0.35859375 0.6453125 0.01640625 0.025
2 0.378125 0.62109375 0.015625 0.02421875
2 0.3921875 0.596875 0.01796875 0.03125
2 0.58125 0.74921875 0.01640625 0.034375
2 0.5828125 0.715625 0.01640625 0.03359375
2 0.57109375 0.671875 0.01484375 0.03359375
2 0.534375 0.6203125 0.01328125 0.03203125
2 0.64609375 0.72734375 0.01796875 0.03359375
1 0.62109375 0.36796875 0.04296875 0.08046875
4 0.678125 0.328125 0.00859375 0.01484375
4 0.69140625 0.303125 0.00703125 0.01171875
4 0.671875 0.30546875 0.00859375 0.01484375
2 0.70546875 0.0765625 0.01875 0.03203125
2 0.6953125 0.22421875 0.01640625 0.025
2 0.70859375 0.23671875 0.01484375 0.02578125
2 0.70703125 0.26875 0.01796875 0.02421875
3 0.684375 0.2734375 0.02578125 0.03671875
4 0.696875 0.25 0.00859375 0.01484375
2 0.690625 0.2890625 0.0203125 0.0265625
2 0.6734375 0.31796875 0.0140625 0.0234375
5 0.659375 0.31796875 0.01640625 0.03125
2 0.6109375 0.42265625 0.01796875 0.02890625
0 0.6140625 0.4390625 0.01171875 0.01953125
2 0.58828125 0.428125 0.0140625 0.0234375
2 0.59296875 0.44453125 0.0140625 0.02578125
2 0.6 0.46171875 0.0140625 0.02578125
2 0.421875 0.4359375 0.01875 0.03046875
2 0.31015625 0.76953125 0.01796875 0.02890625
0 0.77578125 0.10859375 0.0140625 0.02109375
0 0.60546875 0.4890625 0.01171875 0.01953125
2 0.14140625 0.95546875 0.01875 0.03203125
2 0.22421875 0.928125 0.01875 0.034375
2 0.309375 0.72109375 0.01796875 0.03203125
2 0.26171875 0.853125 0.01796875 0.03046875
2 0.39921875 0.63203125 0.01640625 0.02890625
2 0.4328125 0.5921875 0.01640625 0.03359375
2 0.48125 0.5015625 0.0140625 0.03125
4 0.6671875 0.34609375 0.00859375 0.01328125
4 0.69765625 0.30625 0.00546875 0.01171875
4 0.690625 0.31328125 0.00625 0.00859375
4 0.6828125 0.31640625 0.00859375 0.0140625
4 0.6984375 0.29296875 0.00625 0.0140625
4 0.71171875 0.278125 0.009375 0.009375
2 0.721875 0.253125 0.01796875 0.0296875
0 0.71796875 0.24140625 0.01015625 0.01875
0 0.7359375 0.2234375 0.0109375 0.01640625
2 0.78046875 0.19765625 0.02109375 0.03515625
2 0.72109375 0.184375 0.02109375 0.028125
2 0.7265625 0.20546875 0.01796875 0.02421875
2 0.74609375 0.1828125 0.01953125 0.025
2 0.74765625 0.20390625 0.01796875 0.028125
2 0.74453125 0.16015625 0.01640625 0.0265625
0 0.76015625 0.15859375 0.01328125 0.01875
2 0.7609375 0.12890625 0.0203125 0.0296875
4 0.321875 0.02421875 0.0109375 0.02109375
2 0.4515625 0.33984375 0.015625 0.03125
2 0.49453125 0.4875 0.01640625 0.03671875
4 0.26875 0.76640625 0.00703125 0.01328125
4 0.32578125 0.70859375 0.00703125 0.0140625
2 0.765625 0.18203125 0.01953125 0.03203125
2 0.7765625 0.13125 0.01640625 0.02890625
2 0.7171875 0.8984375 0.0203125 0.034375
2 0.36328125 0.12421875 0.01640625 0.0390625
2 0.403125 0.55390625 0.01640625 0.03046875
4 0.340625 0.68984375 0.00703125 0.0109375
2 0.28984375 0.746875 0.01796875 0.03046875
2 0.2390625 0.79375 0.01640625 0.0296875
2 0.44921875 0.3765625 0.01640625 0.03828125
0 0.471875 0.453125 0.00859375 0.0203125
2 0.26328125 0.75859375 0.015625 0.02578125
4 0.346875 0.65 0.00703125 0.01171875
4 0.36171875 0.62578125 0.00546875 0.0109375
2 0.3859375 0.67890625 0.01953125 0.03046875
2 0.30390625 0.7 0.015625 0.0265625
2 0.28125 0.72109375 0.01640625 0.03125
4 0.4578125 0.42578125 0.009375 0.01796875
2 0.4984375 0.53359375 0.01484375 0.0359375
2 0.51640625 0.57265625 0.0140625 0.03359375
4 0.49609375 0.621875 0.00625 0.01640625
0 0.50546875 0.59375 0.01171875 0.02109375
0 0.49921875 0.56171875 0.01015625 0.02421875
0 0.515625 0.67109375 0.01015625 0.02421875
4 0.61953125 0.46640625 0.009375 0.01328125
4 0.61171875 0.4609375 0.00703125 0.00859375
4 0.60546875 0.4671875 0.00546875 0.01015625
4 0.61171875 0.4734375 0.00546875 0.00859375
4 0.61875 0.52265625 0.00546875 0.0140625
4 0.640625 0.52421875 0.00625 0.015625
4 0.62109375 0.49296875 0.00625 0.015625
4 0.60625 0.50546875 0.00859375 0.01484375
4 0.6109375 0.521875 0.00859375 0.01640625
4 0.60078125 0.478125 0.009375 0.01171875
4 0.6578125 0.34375 0.00625 0.0109375
4 0.6578125 0.365625 0.00703125 0.01171875
0 0.77890625 0.14921875 0.0109375 0.01640625
4 0.1984375 0.8796875 0.009375 0.0109375
4 0.4796875 0.45546875 0.00625 0.0203125
2 0.3296875 0.66328125 0.0203125 0.02890625
2 0.19453125 0.94609375 0.01796875 0.03046875
4 0.4828125 0.53359375 0.00703125 0.01796875
4 0.5171875 0.5515625 0.00703125 0.01640625
4 0.528125 0.56953125 0.00859375 0.0140625
2 0.521875 0.62421875 0.01171875 0.03203125
2 0.54921875 0.6203125 0.01640625 0.03046875
0 0.53515625 0.6890625 0.01171875 0.0234375
2 0.55546875 0.66171875 0.01484375 0.03125
4 0.59921875 0.7453125 0.00859375 0.01484375
2 0.6328125 0.83203125 0.01640625 0.03671875
2 0.43671875 0.296875 0.02109375 0.03828125
4 0.4734375 0.4390625 0.00703125 0.01875
4 0.453125 0.4421875 0.009375 0.01640625
0 0.44609375 0.41171875 0.01015625 0.0234375
4 0.428125 0.39921875 0.00546875 0.01328125
4 0.4234375 0.3765625 0.00703125 0.01640625
4 0.4390625 0.42890625 0.00859375 0.01953125
4 0.45703125 0.46953125 0.00625 0.015625
4 0.46171875 0.453125 0.00625 0.015625
4 0.46640625 0.47109375 0.00703125 0.015625
4 0.453125 0.48125 0.00703125 0.0140625
4 0.453125 0.49453125 0.00859375 0.01328125
0 0.47109375 0.5359375 0.01015625 0.02421875
0 0.47109375 0.50703125 0.0109375 0.021875
0 0.48671875 0.56953125 0.009375 0.02578125
4 0.49375 0.60234375 0.00859375 0.025
4 0.50546875 0.61953125 0.00859375 0.01640625
6 0.55703125 0.70390625 0.02578125 0.05625
4 0.54296875 0.65 0.00859375 0.01953125
4 0.52890625 0.65625 0.0046875 0.01875
0 0.60390625 0.778125 0.0109375 0.01953125
4 0.60546875 0.765625 0.00703125 0.01484375
4 0.6265625 0.8671875 0.00859375 0.01875
4 0.6515625 0.8984375 0.01015625 0.01875
2 0.59296875 0.365625 0.01484375 0.03046875
3 0.4703125 0.41640625 0.01484375 0.028125
2 0.41640625 0.31328125 0.01484375 0.0296875
2 0.41796875 0.26015625 0.01953125 0.0359375
2 0.38203125 0.1859375 0.01953125 0.0296875
4 0.39609375 0.26640625 0.009375 0.0203125
4 0.3953125 0.32109375 0.009375 0.0234375
4 0.39296875 0.28828125 0.009375 0.0140625
4 0.38359375 0.2859375 0.00703125 0.01875
4 0.40546875 0.328125 0.009375 0.015625
4 0.41484375 0.33828125 0.00546875 0.009375
0 0.4265625 0.35234375 0.0109375 0.01953125
0 0.353125 0.0265625 0.01171875 0.0203125
0 0.40625 0.11875 0.01171875 0.02109375
0 0.5140625 0.221875 0.01328125 0.02109375
2 0.58046875 0.24609375 0.02109375 0.0234375
4 0.553125 0.23671875 0.00859375 0.015625
4 0.37421875 0.33828125 0.00859375 0.02109375
2 0.340625 0.62890625 0.01484375 0.021875
4 0.3 0.6796875 0.00703125 0.01484375
2 0.21640625 0.8265625 0.015625 0.025
2 0.18125 0.884375 0.015625 0.02578125
0 0.609375 0.53828125 0.01328125 0.01328125
4 0.61796875 0.5078125 0.00546875 0.01015625
4 0.64296875 0.49921875 0.00625 0.015625
2 0.796875 0.13984375 0.015625 0.028125
2 0.79609375 0.08359375 0.01796875 0.0265625
2 0.7984375 0.109375 0.01640625 0.0265625
4 0.78671875 0.1109375 0.00625 0.01328125
4 0.8453125 0.04296875 0.00859375 0.01484375
4 0.87109375 0.0390625 0.00859375 0.0140625
4 0.71796875 0.121875 0.00859375 0.015625