3 0.4046875 0.46953125 0.03046875 0.046875
3 0.33046875 0.534375 0.02109375 0.04296875
6 0.56171875 0.95234375 0.03203125 0.06015625
0 0.359375 0.75546875 0.01171875 0.025
0 0.3046875 0.70390625 0.01328125 0.028125
0 0.38515625 0.5765625 0.01796875 0.02578125
0 0.48671875 0.3234375 0.01953125 0.01953125
0 0.2828125 0.2796875 0.01875 0.021875
2 0.2296875 0.19609375 0.02890625 0.03359375
2 0.18671875 0.13046875 0.0203125 0.0296875
2 0.30546875 0.115625 0.02421875 0.03359375
4 0.17421875 0.06640625 0.0140625 0.01953125
4 0.196875 0.09453125 0.01328125 0.01796875
4 0.21953125 0.13203125 0.0140625 0.01640625
4 0.26796875 0.0890625 0.015625 0.02578125
2 0.34296875 0.34296875 0.02109375 0.03984375
2 0.32421875 0.38125 0.01171875 0.0390625
0 0.48671875 0.55390625 0.01484375 0.0296875
2 0.72265625 0.96328125 0.02578125 0.0203125
4 0.76953125 0.965625 0.0140625 0.0203125
4 0.7484375 0.94140625 0.0109375 0.02109375
4 0.73125 0.9 0.01484375 0.01796875
4 0.75390625 0.82265625 0.01171875 0.015625
4 0.734375 0.80546875 0.01015625 0.03046875
4 0.67890625 0.72109375 0.01328125 0.01875
4 0.6578125 0.8265625 0.01171875 0.02109375
4 0.634375 0.778125 0.015625 0.025
4 0.64765625 0.67109375 0.01015625 0.025
4 0.6609375 0.671875 0.0140625 0.0234375
4 0.62578125 0.70234375 0.01171875 0.0265625
4 0.8015625 0.91328125 0.01640625 0.0203125
4 0.84921875 0.95390625 0.01328125 0.0203125
4 0.82109375 0.91171875 0.01171875 0.0265625
4 0.71796875 0.928125 0.015625 0.0265625
4 0.6171875 0.65078125 0.01484375 0.02421875
4 0.5984375 0.62265625 0.0140625 0.02421875
4 0.58046875 0.53046875 0.01171875 0.03671875
4 0.5703125 0.47421875 0.01796875 0.02421875
4 0.53984375 0.4265625 0.00859375 0.02421875
4 0.51875 0.47421875 0.0140625 0.02578125
4 0.475 0.4328125 0.01328125 0.01796875
4 0.41875 0.5796875 0.01015625 0.01953125
4 0.3734375 0.5234375 0.01171875 0.03125
4 0.36015625 0.559375 0.009375 0.03203125
4 0.3328125 0.6109375 0.01171875 0.02890625
4 0.38046875 0.65625 0.00859375 0.0296875
0 0.3984375 0.65390625 0.01328125 0.03671875
4 0.41640625 0.61015625 0.0109375 0.0234375
4 0.434375 0.5328125 0.0109375 0.015625
4 0.44609375 0.55390625 0.015625 0.0203125
4 0.46328125 0.490625 0.01796875 0.021875
4 0.47265625 0.4 0.01875 0.025
4 0.44609375 0.41875 0.01484375 0.0203125
4 0.39140625 0.35234375 0.01171875 0.0203125
4 0.44453125 0.33046875 0.015625 0.01484375
4 0.42109375 0.30859375 0.01328125 0.01796875
4 0.40703125 0.30859375 0.009375 0.01875
4 0.36953125 0.271875 0.00703125 0.0203125
4 0.35625 0.2578125 0.009375 0.01640625
4 0.36171875 0.27890625 0.01171875 0.01171875
2 0.3796875 0.30390625 0.01640625 0.053125
2 0.4015625 0.14921875 0.0203125 0.0359375
2 0.546875 0.25078125 0.02578125 0.0265625
2 0.51484375 0.278125 0.021875 0.03046875
4 0.59140625 0.25859375 0.0109375 0.021875
4 0.6078125 0.2859375 0.0140625 0.01640625
4 0.5703125 0.32578125 0.0140625 0.01796875
4 0.56015625 0.29453125 0.01328125 0.015625
4 0.5359375 0.30625 0.01171875 0.015625
4 0.54140625 0.32578125 0.009375 0.01796875
4 0.55 0.35625 0.01015625 0.01328125
4 0.5359375 0.36875 0.009375 0.0234375
4 0.50703125 0.37890625 0.01328125 0.01796875
3 0.5234375 0.36328125 0.0203125 0.040625
2 0.6578125 0.1515625 0.02578125 0.03359375
2 0.61875 0.16171875 0.015625 0.04453125
4 0.703125 0.325 0.01328125 0.021875
4 0.640625 0.3890625 0.0203125 0.0203125
2 0.75625 0.63359375 0.02578125 0.046875
3 0.72421875 0.6734375 0.02421875 0.02890625
3 0.7140625 0.64609375 0.025 0.0390625
3 0.70390625 0.63046875 0.0203125 0.03828125
3 0.61796875 0.4921875 0.0203125 0.0296875
3 0.73359375 0.38984375 0.03046875 0.03828125
3 0.809375 0.3328125 0.02890625 0.03359375
2 0.84296875 0.38984375 0.02578125 0.04609375
2 0.86171875 0.29140625 0.02578125 0.03359375
3 0.80390625 0.50625 0.02109375 0.034375
3 0.6890625 0.60859375 0.02109375 0.0359375
3 0.66953125 0.58046875 0.01484375 0.02578125
3 0.62578125 0.54375 0.01953125 0.0359375
2 0.28046875 0.8296875 0.01796875 0.03828125
2 0.31953125 0.71875 0.01484375 0.034375
3 0.253125 0.80625 0.02109375 0.04140625
2 0.2109375 0.94296875 0.01796875 0.0390625
3 0.8640625 0.3359375 0.03203125 0.0640625
4 0.62109375 0.8453125 0.00859375 0.0265625
4 0.5109375 0.6375 0.01171875 0.01328125
4 0.48359375 0.621875 0.01171875 0.01484375
4 0.48046875 0.603125 0.01484375 0.01015625
4 0.48984375 0.5921875 0.01796875 0.01328125
4 0.46171875 0.55703125 0.00703125 0.01875
4 0.3234375 0.43359375 0.0140625 0.01328125
4 0.3234375 0.4171875 0.0140625 0.015625
4 0.3015625 0.43671875 0.009375 0.021875
3 0.2515625 0.24140625 0.0234375 0.034375
3 0.1859375 0.2125 0.021875 0.0390625
6 0.190625 0.2609375 0.034375 0.05703125
3 0.215625 0.28125 0.0203125 0.040625
4 0.32890625 0.83984375 0.01171875 0.025
4 0.31171875 0.8640625 0.0140625 0.0234375
4 0.25859375 0.89140625 0.009375 0.01953125
4 0.265625 0.8328125 0.01171875 0.02421875
4 0.259375 0.92578125 0.0140625 0.025
4 0.28125 0.94453125 0.01015625 0.025
4 0.23046875 0.9015625 0.00703125 0.03203125
2 0.3265625 0.92109375 0.01328125 0.03515625
4 0.903125 0.3234375 0.0140625 0.02421875
4 0.64453125 0.46015625 0.0140625 0.0140625
4 0.6484375 0.6234375 0.01171875 0.01640625
3 0.5203125 0.709375 0.03203125 0.0359375
3 0.66875 0.4359375 0.0265625 0.03515625
4 0.7234375 0.69765625 0.015625 0.01796875
4 0.6359375 0.69296875 0.009375 0.0109375
3 0.82109375 0.44921875 0.03046875 0.0640625
3 0.83515625 0.309375 0.034375 0.04296875
0 0.8234375 0.10390625 0.021875 0.02421875
2 0.5609375 0.2640625 0.01875 0.025
3 0.209375 0.25625 0.025 0.04296875
3 0.27734375 0.68203125 0.01796875 0.034375
3 0.51875 0.22109375 0.02109375 0.03046875
3 0.6984375 0.41796875 0.03046875 0.03828125
3 0.665625 0.5640625 0.01796875 0.03359375
3 0.68203125 0.58828125 0.025 0.04375
3 0.628125 0.5078125 0.01953125 0.03046875
4 0.546875 0.19296875 0.00703125 0.01953125
4 0.559375 0.2015625 0.00546875 0.01953125
4 0.571875 0.1953125 0.00390625 0.0203125
4 0.58671875 0.20078125 0.00625 0.01796875
4 0.6 0.17578125 0.0046875 0.01796875
4 0.59296875 0.18125 0.00703125 0.01875
4 0.58671875 0.17578125 0.0046875 0.0203125
4 0.58046875 0.1890625 0.00859375 0.015625
4 0.60703125 0.13671875 0.00625 0.0203125
4 0.628125 0.14375 0.00703125 0.0203125
4 0.6328125 0.1390625 0.00703125 0.01796875
4 0.63828125 0.13515625 0.00625 0.01484375
4 0.6453125 0.13046875 0.00546875 0.01640625
4 0.6515625 0.128125 0.00703125 0.01953125
4 0.65703125 0.12734375 0.00546875 0.01640625
4 0.6640625 0.1265625 0.00546875 0.01484375
4 0.67421875 0.13359375 0.009375 0.01328125
4 0.6734375 0.11484375 0.00625 0.01640625
4 0.678125 0.1140625 0.00546875 0.01796875
4 0.6859375 0.11015625 0.00546875 0.01796875
4 0.7671875 0.03515625 0.00546875 0.0203125
4 0.7734375 0.02890625 0.00625 0.0234375
4 0.9015625 0.39296875 0.01015625 0.0234375
4 0.89140625 0.425 0.01171875 0.01328125
4 0.88671875 0.43046875 0.0140625 0.01328125
4 0.865625 0.48671875 0.01171875 0.0109375
4 0.865625 0.46953125 0.01015625 0.01953125
4 0.825 0.603125 0.01328125 0.01484375
4 0.80546875 0.6484375 0.01015625 0.0203125
4 0.7984375 0.671875 0.01171875 0.01484375
4 0.815625 0.63515625 0.009375 0.01015625
4 0.7890625 0.69921875 0.01171875 0.0109375
4 0.78671875 0.7046875 0.0140625 0.0109375
4 0.78046875 0.72578125 0.0140625 0.01015625
4 0.778125 0.734375 0.0140625 0.01015625
4 0.7734375 0.74453125 0.01171875 0.01171875
4 0.7859375 0.54375 0.01328125 0.01171875
4 0.78203125 0.55390625 0.01015625 0.01015625
4 0.7765625 0.5640625 0.0109375 0.00859375
4 0.77109375 0.5796875 0.01171875 0.01015625
4 0.22421875 0.84453125 0.01015625 0.009375
4 0.2265625 0.82890625 0.00859375 0.00703125
4 0.2171875 0.88671875 0.00703125 0.015625
4 0.24453125 0.7703125 0.01015625 0.01171875
4 0.3015625 0.7421875 0.01015625 0.01640625
4 0.23515625 0.80234375 0.01015625 0.009375
4 0.28203125 0.6515625 0.009375 0.01796875
4 0.30703125 0.590625 0.00859375 0.01953125
4 0.30703125 0.56015625 0.00625 0.01875
4 0.11328125 0.12578125 0.00703125 0.01875
4 0.17265625 0.11640625 0.00859375 0.0234375
4 0.1953125 0.15546875 0.0109375 0.0109375
4 0.196875 0.16875 0.01015625 0.01484375
4 0.14609375 0.19140625 0.009375 0.01875
4 0.1421875 0.1859375 0.009375 0.01875
6 0.07109375 0.0359375 0.0359375 0.05859375
2 0.16328125 0.0140625 0.0203125 0.028125
4 0.34140625 0.07578125 0.01015625 0.01640625
4 0.3265625 0.06484375 0.00625 0.01640625
4 0.340625 0.0453125 0.00703125 0.0203125
4 0.3515625 0.05390625 0.00859375 0.0203125
4 0.359375 0.06640625 0.009375 0.02421875
4 0.35546875 0.0921875 0.00703125 0.01640625
4 0.371875 0.08984375 0.009375 0.01875
4 0.36015625 0.10078125 0.009375 0.01875
4 0.3640625 0.12109375 0.00703125 0.01640625
4 0.34921875 0.10625 0.00859375 0.01875
4 0.35703125 0.1203125 0.00703125 0.01484375
4 0.3359375 0.109375 0.00859375 0.01953125
4 0.321875 0.07421875 0.009375 0.0109375
4 0.31640625 0.07890625 0.00859375 0.01171875
4 0.33515625 0.1328125 0.00859375 0.01796875
4 0.34453125 0.14453125 0.009375 0.0203125
4 0.37421875 0.146875 0.009375 0.01640625
4 0.37578125 0.10625 0.009375 0.01484375
4 0.3859375 0.10859375 0.00859375 0.0234375
4 0.378125 0.1234375 0.00625 0.01640625
4 0.30703125 0.08125 0.009375 0.01875
4 0.42890625 0.29296875 0.00546875 0.0203125
4 0.41953125 0.28671875 0.00703125 0.015625
4 0.38671875 0.19453125 0.009375 0.0203125
4 0.34921875 0.25546875 0.009375 0.01953125
4 0.478125 0.27890625 0.00703125 0.021875
4 0.46953125 0.2828125 0.00625 0.01875