2 0.0640625 0.9203125 0.02890625 0.0296875
4 0.084375 0.8734375 0.01796875 0.02578125
4 0.25390625 0.875 0.01640625 0.021875
4 0.45625 0.78515625 0.01640625 0.0203125
4 0.43046875 0.82578125 0.01171875 0.0234375
2 0.378125 0.79296875 0.0296875 0.03046875
4 0.4875 0.6671875 0.009375 0.0265625
4 0.5015625 0.7046875 0.01015625 0.034375
4 0.53046875 0.63203125 0.01171875 0.03515625
2 0.56328125 0.7203125 0.025 0.03828125
0 0.49296875 0.76953125 0.02109375 0.03515625
2 0.65078125 0.88984375 0.03046875 0.028125
4 0.615625 0.83984375 0.0265625 0.02578125
0 0.734375 0.86171875 0.01875 0.01796875
2 0.77109375 0.7421875 0.03125 0.02421875
2 0.79921875 0.80234375 0.02890625 0.02890625
2 0.78203125 0.846875 0.0265625 0.03046875
2 0.8625 0.8734375 0.02890625 0.03671875
4 0.8765625 0.77265625 0.01640625 0.02421875
0 0.7609375 0.7703125 0.01875 0.01953125
4 0.79609375 0.75859375 0.01328125 0.0234375
2 0.4609375 0.134375 0.01484375 0.05625
6 0.47734375 0.2171875 0.025 0.078125
4 0.52578125 0.06953125 0.0109375 0.04375
4 0.5234375 0.2921875 0.0109375 0.03671875
4 0.459375 0.27109375 0.00859375 0.03203125
4 0.4640625 0.37578125 0.01171875 0.03203125
4 0.45625 0.4234375 0.01015625 0.0296875