2 0.33828125 0.09140625 0.02109375 0.040625
2 0.35703125 0.1234375 0.01796875 0.0390625
2 0.36953125 0.1609375 0.01640625 0.03671875
2 0.38828125 0.19609375 0.01796875 0.03984375
2 0.40078125 0.19296875 0.01640625 0.03828125
2 0.41171875 0.2421875 0.01953125 0.03671875
2 0.42265625 0.23046875 0.0203125 0.0390625
2 0.43046875 0.278125 0.02109375 0.04140625
3 0.45625 0.24609375 0.01640625 0.03046875
4 0.446875 0.278125 0.00625 0.015625
4 0.45546875 0.30390625 0.00859375 0.01875
2 0.44609375 0.3203125 0.01796875 0.03515625
2 0.4375 0.37109375 0.01640625 0.034375
4 0.371875 0.2515625 0.01328125 0.025
2 0.36484375 0.640625 0.021875 0.034375
6 0.34296875 0.67265625 0.02578125 0.04296875
2 0.2734375 0.77109375 0.01875 0.03671875
2 0.18203125 0.775 0.02421875 0.03203125
2 0.22890625 0.81640625 0.01953125 0.02890625
4 0.23515625 0.79296875 0.01015625 0.01171875
2 0.378125 0.56875 0.01875 0.03203125
2 0.384375 0.61015625 0.02109375 0.03125
2 0.4796875 0.4328125 0.0203125 0.028125
4 0.61171875 0.46171875 0.01015625 0.01015625
4 0.6578125 0.49921875 0.00859375 0.01796875
4 0.6484375 0.46953125 0.00859375 0.01796875
4 0.62890625 0.43125 0.00703125 0.0140625
4 0.634375 0.4625 0.01015625 0.01015625
4 0.64140625 0.38828125 0.00859375 0.01328125
4 0.628125 0.34765625 0.00859375 0.01796875
4 0.63671875 0.3359375 0.009375 0.009375
4 0.6734375 0.35078125 0.00859375 0.01015625
4 0.68359375 0.34375 0.009375 0.0140625
4 0.69453125 0.3234375 0.00625 0.0109375
4 0.703125 0.315625 0.00859375 0.0109375
4 0.71328125 0.28671875 0.00625 0.0109375
4 0.72578125 0.2703125 0.01015625 0.01171875
4 0.7109375 0.30234375 0.00859375 0.01171875
4 0.68984375 0.1921875 0.00859375 0.0109375
0 0.6546875 0.371875 0.01015625 0.0203125
4 0.8484375 0.03203125 0.00859375 0.01171875
2 0.84296875 0.0140625 0.0203125 0.028125
2 0.8296875 0.04375 0.0203125 0.03125
2 0.8265625 0.0765625 0.01875 0.034375
2 0.8265625 0.1109375 0.01875 0.03046875
2 0.78984375 0.09375 0.01796875 0.0296875
2 0.77578125 0.1453125 0.0203125 0.03203125
2 0.796875 0.14375 0.0203125 0.03984375
2 0.83359375 0.14375 0.02578125 0.0359375
2 0.778125 0.16875 0.01796875 0.028125
2 0.74375 0.165625 0.01953125 0.025
2 0.75390625 0.17578125 0.01796875 0.02890625
2 0.7171875 0.19765625 0.01796875 0.02578125
2 0.7390625 0.11640625 0.0203125 0.034375
2 0.73203125 0.20546875 0.01796875 0.03046875
2 0.74765625 0.22890625 0.01796875 0.028125
2 0.72421875 0.25546875 0.01953125 0.0234375
2 0.70546875 0.27890625 0.01640625 0.03046875
2 0.69140625 0.24375 0.015625 0.0296875
3 0.678125 0.2953125 0.02578125 0.04140625
2 0.65234375 0.31953125 0.01953125 0.03125
2 0.6234375 0.37578125 0.01875 0.0296875
2 0.46328125 0.3859375 0.01875 0.02578125
2 0.45625 0.45078125 0.0203125 0.02890625
0 0.528125 0.4828125 0.01484375 0.02109375
1 0.57265625 0.68203125 0.03671875 0.0765625
2 0.659375 0.74921875 0.02109375 0.0453125
2 0.74140625 0.93671875 0.025 0.0359375
4 0.5234375 0.5703125 0.0109375 0.0140625
4 0.54921875 0.553125 0.01015625 0.01953125
4 0.53125 0.5828125 0.0109375 0.01953125
0 0.68125 0.084375 0.01171875 0.01875
0 0.66953125 0.0953125 0.0109375 0.02109375
2 0.728125 0.0328125 0.02109375 0.03203125
0 0.8078125 0.0640625 0.01171875 0.025
0 0.78828125 0.12109375 0.01171875 0.021875
0 0.8078125 0.11640625 0.0140625 0.01796875
2 0.8609375 0.04921875 0.01640625 0.028125
0 0.75859375 0.2015625 0.0140625 0.0234375
1 0.57890625 0.453125 0.0515625 0.0703125
0 0.396875 0.15390625 0.0140625 0.021875
4 0.53984375 0.67109375 0.009375 0.01875
4 0.54921875 0.665625 0.009375 0.0203125
0 0.49453125 0.42421875 0.0140625 0.025
2 0.86640625 0.01328125 0.0203125 0.02578125
2 0.4015625 0.5734375 0.01953125 0.02890625
2 0.40546875 0.38046875 0.01484375 0.03984375
2 0.38671875 0.1140625 0.01484375 0.0296875
0 0.3359375 0.5203125 0.01484375 0.01875
2 0.23828125 0.5171875 0.01796875 0.03671875
0 0.2265625 0.678125 0.01640625 0.02421875
0 0.675 0.1828125 0.0140625 0.02421875
2 0.6984375 0.1609375 0.025 0.03359375
2 0.8796875 0.0484375 0.01875 0.0296875
2 0.44296875 0.21171875 0.02109375 0.03203125
4 0.42578125 0.19921875 0.009375 0.02109375
4 0.41953125 0.18046875 0.00859375 0.015625
4 0.546875 0.5 0.009375 0.01796875
2 0.36328125 0.06328125 0.01796875 0.03125
0 0.3828125 0.084375 0.01171875 0.0234375
2 0.21015625 0.82578125 0.01640625 0.02890625
2 0.1578125 0.89921875 0.02421875 0.0296875
2 0.6453125 0.35703125 0.02109375 0.03203125
0 0.61796875 0.21875 0.01640625 0.0203125
2 0.31796875 0.0265625 0.025 0.04921875
4 0.48828125 0.58046875 0.01015625 0.015625
4 0.4859375 0.46640625 0.01015625 0.01328125
4 0.53359375 0.53515625 0.01171875 0.01484375
4 0.53046875 0.46171875 0.01171875 0.015625
2 0.5984375 0.5046875 0.0203125 0.02890625
4 0.56015625 0.57421875 0.00859375 0.01484375
4 0.61484375 0.5390625 0.01171875 0.01640625
4 0.52421875 0.50390625 0.0109375 0.01484375
4 0.60859375 0.81796875 0.0109375 0.01484375
4 0.53046875 0.6890625 0.01015625 0.01875
4 0.53203125 0.675 0.009375 0.0203125
2 0.32265625 0.64140625 0.02109375 0.01875
2 0.253125 0.803125 0.0203125 0.03671875
4 0.1921875 0.87109375 0.009375 0.01640625
2 0.18125 0.90625 0.01875 0.03828125
2 0.2484375 0.76796875 0.02109375 0.03671875
4 0.3046875 0.68125 0.01171875 0.01640625
4 0.3578125 0.72109375 0.009375 0.0140625
4 0.7453125 0.08125 0.00859375 0.0140625
2 0.921875 0.015625 0.01875 0.03125
2 0.365625 0.02578125 0.021875 0.04296875
2 0.34140625 0.0546875 0.01875 0.03203125
2 0.271875 0.0359375 0.01875 0.03359375
4 0.409375 0.3296875 0.00703125 0.01875
4 0.4328125 0.33359375 0.00703125 0.01796875
4 0.44140625 0.40234375 0.01015625 0.015625
4 0.3765625 0.3109375 0.00703125 0.01875
4 0.39296875 0.25546875 0.009375 0.01953125
2 0.415625 0.4609375 0.01171875 0.0453125
4 0.453125 0.40546875 0.009375 0.01796875
4 0.41171875 0.50390625 0.009375 0.01875
4 0.40078125 0.49296875 0.00859375 0.0140625
2 0.31328125 0.70703125 0.01875 0.0296875
2 0.58359375 0.74453125 0.021875 0.03828125
2 0.68046875 0.81328125 0.0203125 0.034375
2 0.71484375 0.86953125 0.025 0.034375
4 0.70390625 0.30546875 0.00703125 0.0109375
4 0.634375 0.4046875 0.01015625 0.01328125
4 0.60390625 0.40625 0.00703125 0.01875
4 0.61328125 0.40234375 0.00625 0.01328125
4 0.621875 0.39921875 0.009375 0.01015625
4 0.6265625 0.4140625 0.00703125 0.01328125
4 0.61875 0.43046875 0.00859375 0.01484375
4 0.61015625 0.4390625 0.00703125 0.01796875
2 0.57578125 0.7765625 0.01875 0.034375
4 0.59375 0.7796875 0.009375 0.01953125
4 0.55546875 0.73828125 0.00859375 0.01640625
4 0.5609375 0.778125 0.00859375 0.01875
4 0.2921875 0.03046875 0.0109375 0.01875
4 0.27890625 0.02109375 0.0140625 0.028125
2 0.3453125 0.02890625 0.01796875 0.02890625
4 0.3984375 0.05703125 0.00859375 0.01796875
4 0.38828125 0.05859375 0.00859375 0.01875
4 0.40625 0.08671875 0.00859375 0.01640625
0 0.409375 0.13046875 0.01484375 0.025
4 0.41328125 0.15703125 0.00546875 0.01640625
4 0.421875 0.1640625 0.00703125 0.01484375
2 0.42890625 0.121875 0.01875 0.03515625
2 0.52578125 0.20390625 0.0234375 0.02890625
2 0.4140625 0.296875 0.01953125 0.03359375
2 0.1546875 0.9484375 0.0203125 0.0296875
2 0.8015625 0.0203125 0.02421875 0.034375
2 0.84453125 0.07421875 0.015625 0.0203125
4 0.403125 0.63046875 0.01015625 0.015625
4 0.4171875 0.640625 0.00859375 0.01875
4 0.334375 0.75078125 0.009375 0.01796875
2 0.27890625 0.7171875 0.01953125 0.03203125
2 0.19375 0.66875 0.01953125 0.03359375
0 0.35 0.603125 0.01171875 0.02109375
4 0.3625 0.57734375 0.00703125 0.0140625
4 0.36953125 0.60859375 0.00859375 0.01640625
4 0.384375 0.30234375 0.009375 0.01875