2 0.01015625 0.05078125 0.0203125 0.04609375
4 0.01484375 0.01484375 0.01484375 0.0234375
4 0.0234375 0.253125 0.01171875 0.0234375
5 0.0625 0.334375 0.0296875 0.06953125
2 0.1484375 0.26640625 0.025 0.053125
2 0.17890625 0.40546875 0.0296875 0.0296875
0 0.11328125 0.4515625 0.02109375 0.01953125
4 0.0703125 0.428125 0.01328125 0.01484375
4 0.06171875 0.4515625 0.0140625 0.015625
4 0.12265625 0.41640625 0.0140625 0.01875
4 0.11328125 0.43359375 0.015625 0.0140625
4 0.15546875 0.44921875 0.0140625 0.01875
4 0.16640625 0.43203125 0.01796875 0.0140625
4 0.20859375 0.440625 0.01484375 0.01953125
4 0.240625 0.43515625 0.01640625 0.01875
0 0.190625 0.37578125 0.01796875 0.021875
4 0.32109375 0.4140625 0.0140625 0.01484375
2 0.4953125 0.36640625 0.021875 0.01953125
2 0.03359375 0.52421875 0.0265625 0.01796875
2 0.09296875 0.51875 0.02578125 0.0234375
2 0.121875 0.58515625 0.03359375 0.0234375
2 0.23203125 0.51875 0.0265625 0.02890625
2 0.034375 0.55625 0.025 0.0203125
0 0.01328125 0.59375 0.01796875 0.01796875
0 0.04296875 0.60625 0.021875 0.01875
4 0.0484375 0.5796875 0.01328125 0.0140625
4 0.01640625 0.61171875 0.01484375 0.0140625
5 0.071875 0.55390625 0.05 0.02890625
4 0.42109375 0.565625 0.01328125 0.01953125
4 0.60078125 0.5234375 0.01484375 0.015625
0 0.790625 0.4921875 0.0203125 0.02421875
4 0.81640625 0.51953125 0.01171875 0.0203125
2 0.83828125 0.3984375 0.02578125 0.028125
2 0.89609375 0.32890625 0.03203125 0.03203125
2 0.0328125 0.58125 0.01171875 0.01171875
4 0.56328125 0.3375 0.01171875 0.01171875
2 0.97890625 0.32578125 0.02578125 0.02421875
2 0.77421875 0.246875 0.02578125 0.02421875
2 0.76484375 0.165625 0.02578125 0.025