0 0.4828125 0.54140625 0.0140625 0.02421875
0 0.51953125 0.5265625 0.01640625 0.02578125
0 0.60390625 0.4828125 0.01171875 0.03125
0 0.7390625 0.79296875 0.01640625 0.02890625
0 0.365625 0.746875 0.009375 0.02421875
0 0.3578125 0.7984375 0.01171875 0.02578125
0 0.38828125 0.72578125 0.0140625 0.01953125
0 0.371875 0.71171875 0.0109375 0.02421875
0 0.40625 0.69296875 0.01484375 0.02421875
3 0.39375 0.68203125 0.02421875 0.03359375
3 0.52109375 0.709375 0.03125 0.03984375
2 0.53671875 0.503125 0.01171875 0.04921875
2 0.453125 0.5140625 0.02421875 0.03046875
2 0.39921875 0.434375 0.01953125 0.0390625
2 0.3234375 0.684375 0.015625 0.04453125
2 0.3515625 0.7234375 0.01953125 0.0359375
6 0.34375 0.784375 0.028125 0.07421875
3 0.2546875 0.80703125 0.01640625 0.03828125
2 0.80703125 0.97578125 0.02578125 0.03984375
2 0.59765625 0.21875 0.0203125 0.03359375
2 0.30625 0.11796875 0.01953125 0.03828125
0 0.353125 0.22890625 0.01796875 0.028125
0 0.53515625 0.29140625 0.015625 0.02109375
2 0.21328125 0.94609375 0.01640625 0.04140625
2 0.7265625 0.96171875 0.02421875 0.021875
3 0.2515625 0.24140625 0.02109375 0.03203125
4 0.378125 0.60234375 0.00703125 0.0296875
4 0.40703125 0.63203125 0.0109375 0.01328125
4 0.42109375 0.6234375 0.01328125 0.015625
4 0.43671875 0.6203125 0.01328125 0.01640625
4 0.44140625 0.64375 0.009375 0.02109375
4 0.46484375 0.67421875 0.01171875 0.0140625
4 0.43203125 0.65390625 0.00859375 0.01796875
4 0.4265625 0.64140625 0.009375 0.01484375
4 0.39375 0.64375 0.01328125 0.01328125
4 0.396875 0.65546875 0.009375 0.015625
4 0.3515625 0.62109375 0.00859375 0.02109375
4 0.346875 0.57265625 0.009375 0.02421875
4 0.32578125 0.5921875 0.009375 0.02421875
4 0.33515625 0.63125 0.01171875 0.021875
4 0.36953125 0.653125 0.00625 0.01875
4 0.37578125 0.6625 0.009375 0.01796875
4 0.38046875 0.67109375 0.00859375 0.02109375
4 0.3765625 0.68828125 0.00859375 0.015625
4 0.315625 0.6109375 0.00859375 0.02109375
4 0.415625 0.58359375 0.01484375 0.01328125
4 0.421875 0.55546875 0.01171875 0.01640625
4 0.434375 0.56484375 0.0109375 0.0140625
4 0.42890625 0.58671875 0.0109375 0.0140625
4 0.51015625 0.58125 0.01328125 0.01484375
4 0.53671875 0.59609375 0.01015625 0.02109375
4 0.5265625 0.5359375 0.00703125 0.021875
4 0.471875 0.5265625 0.009375 0.015625
4 0.46328125 0.534375 0.00859375 0.01796875
4 0.46015625 0.56171875 0.01015625 0.01640625
4 0.47421875 0.57890625 0.01328125 0.015625
4 0.4734375 0.59375 0.01328125 0.01484375
4 0.4578125 0.58671875 0.0109375 0.015625
4 0.44296875 0.58671875 0.0109375 0.0140625
4 0.44140625 0.571875 0.009375 0.0140625
4 0.3890625 0.48984375 0.0140625 0.015625
4 0.3734375 0.49140625 0.01328125 0.01796875
4 0.3734375 0.52109375 0.0109375 0.0203125
4 0.3515625 0.52421875 0.009375 0.0234375
4 0.3859375 0.4484375 0.01171875 0.01640625
4 0.4296875 0.44453125 0.00703125 0.02421875
4 0.415625 0.38125 0.01015625 0.0140625
4 0.3609375 0.37578125 0.01171875 0.01875
4 0.3609375 0.39375 0.01171875 0.01953125
4 0.37734375 0.4234375 0.0109375 0.01875
4 0.33828125 0.396875 0.009375 0.02421875
4 0.3234375 0.44375 0.00859375 0.0203125
4 0.3671875 0.69765625 0.0046875 0.02109375
4 0.3578125 0.68203125 0.00859375 0.01875
4 0.26015625 0.84296875 0.009375 0.02109375
4 0.24921875 0.84296875 0.009375 0.0234375
4 0.3140625 0.9484375 0.00859375 0.021875
4 0.240625 0.9609375 0.00859375 0.021875
2 0.33046875 0.9234375 0.01328125 0.03828125
4 0.30703125 0.61796875 0.00859375 0.0234375
4 0.3046875 0.4390625 0.0109375 0.02109375
4 0.3140625 0.28828125 0.01171875 0.01953125
4 0.35078125 0.24765625 0.01171875 0.01953125
4 0.31875 0.18828125 0.01171875 0.01640625
4 0.31953125 0.1609375 0.01484375 0.0203125
4 0.2140625 0.13203125 0.015625 0.01796875
4 0.1734375 0.11875 0.00859375 0.01875
4 0.19609375 0.171875 0.01015625 0.01640625
4 0.196875 0.15703125 0.0109375 0.0140625
2 0.18828125 0.13359375 0.02109375 0.03359375
4 0.14609375 0.19453125 0.00625 0.01875
4 0.14140625 0.18828125 0.00625 0.02109375
4 0.23515625 0.0421875 0.0109375 0.01875
4 0.271875 0.27421875 0.009375 0.0234375
3 0.18828125 0.2140625 0.021875 0.03671875
3 0.21328125 0.2609375 0.02578125 0.0390625
6 0.190625 0.2625 0.02578125 0.05390625
4 0.39296875 0.4703125 0.01171875 0.01796875
4 0.55859375 0.59921875 0.01171875 0.01875
4 0.621875 0.60625 0.0109375 0.01875
4 0.49609375 0.50859375 0.009375 0.0203125
4 0.490625 0.47890625 0.00859375 0.02109375
4 0.4890625 0.45703125 0.01171875 0.01796875
4 0.4453125 0.34375 0.01171875 0.015625
4 0.46953125 0.36953125 0.01640625 0.01484375
4 0.459375 0.37890625 0.01171875 0.01796875
4 0.4953125 0.3890625 0.01328125 0.01796875
4 0.503125 0.36328125 0.01171875 0.01484375
4 0.51640625 0.38203125 0.015625 0.01640625
4 0.53359375 0.36875 0.01015625 0.01875
4 0.53203125 0.35078125 0.0140625 0.01640625
4 0.540625 0.3328125 0.0140625 0.0140625
4 0.54296875 0.31796875 0.01171875 0.01875
4 0.534375 0.3109375 0.01171875 0.01875
4 0.57109375 0.3015625 0.01171875 0.01640625
4 0.58203125 0.31015625 0.01171875 0.02109375
4 0.5453125 0.2734375 0.0140625 0.01796875
4 0.58828125 0.4203125 0.01328125 0.015625
4 0.559375 0.46796875 0.01484375 0.01796875
4 0.621875 0.26796875 0.0140625 0.01796875
4 0.62421875 0.24375 0.01328125 0.0203125
4 0.6046875 0.27734375 0.01015625 0.01484375
4 0.6125 0.2890625 0.01171875 0.01484375
4 0.671875 0.209375 0.01328125 0.015625
4 0.71796875 0.27890625 0.01171875 0.01875
4 0.82109375 0.12421875 0.0140625 0.01640625
4 0.871875 0.20859375 0.01484375 0.01796875
4 0.759375 0.13125 0.0140625 0.0203125
4 0.88359375 0.06484375 0.01953125 0.0203125
4 0.9390625 0.27578125 0.01328125 0.01796875
4 0.9734375 0.25703125 0.01484375 0.02109375
4 0.99140625 0.23359375 0.0140625 0.0203125
4 0.98984375 0.16875 0.015625 0.01953125
4 0.959375 0.12109375 0.01640625 0.0203125
4 0.63046875 0.4640625 0.01328125 0.01796875
4 0.66875 0.696875 0.01328125 0.01640625
4 0.6921875 0.74296875 0.01171875 0.02109375
4 0.5953125 0.6328125 0.01171875 0.01953125
4 0.5640625 0.66953125 0.01328125 0.01953125
4 0.5609375 0.6859375 0.0140625 0.01484375
4 0.5859375 0.72109375 0.01640625 0.01796875
4 0.60390625 0.75703125 0.01015625 0.01796875
4 0.640625 0.77890625 0.01328125 0.01953125
4 0.6984375 0.840625 0.01484375 0.02421875
4 0.77734375 0.853125 0.01328125 0.01796875
4 0.8234375 0.9109375 0.009375 0.01875
4 0.7734375 0.80078125 0.01171875 0.021875
4 0.809375 0.55078125 0.0140625 0.0234375
3 0.80625 0.5015625 0.01484375 0.02890625
3 0.62109375 0.48984375 0.01875 0.025
3 0.62890625 0.54296875 0.01640625 0.03203125
3 0.69296875 0.61015625 0.0203125 0.03515625
3 0.70703125 0.63203125 0.0234375 0.040625
3 0.7296875 0.6734375 0.021875 0.03125
2 0.75859375 0.628125 0.021875 0.04140625
2 0.865625 0.284375 0.02578125 0.0296875
2 0.846875 0.38359375 0.02890625 0.04921875
3 0.671875 0.43828125 0.03046875 0.040625
3 0.7359375 0.3859375 0.02890625 0.0359375
3 0.8109375 0.328125 0.0234375 0.03359375
2 0.65703125 0.1484375 0.0234375 0.02890625
2 0.55078125 0.24609375 0.021875 0.02890625
2 0.515625 0.27578125 0.02578125 0.03046875
2 0.403125 0.146875 0.01875 0.03671875
4 0.4046875 0.33671875 0.0140625 0.01875
3 0.44921875 0.39375 0.021875 0.0296875
3 0.8234375 0.4484375 0.03828125 0.0640625
3 0.8671875 0.328125 0.03203125 0.0640625
3 0.83671875 0.30546875 0.03125 0.04375
4 0.709375 0.97265625 0.01171875 0.01640625
4 0.70625 0.9140625 0.01328125 0.01875
4 0.7765625 0.74140625 0.009375 0.009375
4 0.78203125 0.73203125 0.01015625 0.01171875
4 0.784375 0.72265625 0.01015625 0.00859375
4 0.790625 0.70390625 0.0109375 0.00859375
4 0.78671875 0.715625 0.009375 0.0109375
4 0.803125 0.66796875 0.0109375 0.01171875
4 0.79921875 0.6765625 0.01015625 0.01171875
4 0.79609375 0.68828125 0.01171875 0.00859375
4 0.828125 0.596875 0.01171875 0.0140625
4 0.81796875 0.63125 0.01015625 0.00859375
4 0.81015625 0.64296875 0.01171875 0.009375
4 0.7859375 0.55078125 0.009375 0.01171875
4 0.790625 0.54140625 0.0109375 0.01171875
4 0.78046875 0.5625 0.01015625 0.01015625
4 0.7734375 0.57578125 0.0109375 0.01171875
3 0.7171875 0.646875 0.02578125 0.03984375
3 0.6859375 0.58671875 0.01953125 0.0390625
3 0.6734375 0.57890625 0.01640625 0.02578125
3 0.665625 0.5640625 0.021875 0.0359375
4 0.65078125 0.58125 0.00859375 0.01328125
3 0.6296875 0.50625 0.021875 0.03046875
3 0.69921875 0.415625 0.03203125 0.03671875
3 0.5203125 0.22109375 0.021875 0.03046875
3 0.2171875 0.284375 0.01796875 0.03515625
3 0.23125 0.29375 0.025 0.0453125
6 0.07265625 0.0390625 0.03515625 0.05859375
4 0.23359375 0.25 0.00859375 0.01484375
4 0.2234375 0.24140625 0.01015625 0.009375
4 0.240625 0.24765625 0.00703125 0.015625
4 0.29296875 0.65546875 0.009375 0.01484375
4 0.2984375 0.6109375 0.00859375 0.0140625
4 0.28515625 0.653125 0.00625 0.01640625
3 0.27890625 0.68203125 0.015625 0.03125
4 0.24765625 0.775 0.0109375 0.0140625
4 0.23046875 0.834375 0.01171875 0.01171875
4 0.2375 0.80390625 0.01015625 0.0109375
4 0.2359375 0.81328125 0.01171875 0.01015625
4 0.540625 0.38671875 0.00703125 0.01796875
4 0.50078125 0.30703125 0.01171875 0.015625
4 0.5046875 0.2609375 0.00546875 0.01640625
4 0.49921875 0.2765625 0.00546875 0.01796875
4 0.49453125 0.27421875 0.00546875 0.0234375
4 0.47109375 0.28125 0.00703125 0.01484375
4 0.46328125 0.28125 0.00625 0.01796875
4 0.453125 0.3 0.009375 0.009375
4 0.4453125 0.29140625 0.0046875 0.01640625
4 0.440625 0.29140625 0.00390625 0.01640625
4 0.43671875 0.29453125 0.0046875 0.01953125
4 0.43046875 0.29296875 0.0046875 0.01953125
4 0.43984375 0.31171875 0.00859375 0.01171875
4 0.4484375 0.309375 0.01171875 0.015625
4 0.3984375 0.2390625 0.00859375 0.01953125
4 0.40078125 0.253125 0.00859375 0.01875
4 0.40703125 0.2625 0.00859375 0.015625
4 0.41171875 0.27421875 0.00859375 0.01953125
4 0.41640625 0.28203125 0.00625 0.01796875
4 0.37578125 0.14609375 0.0046875 0.01875
4 0.38125 0.11953125 0.00859375 0.01484375
4 0.378125 0.10625 0.00859375 0.01640625
4 0.36953125 0.08203125 0.0109375 0.01875
4 0.359375 0.06640625 0.00859375 0.01640625
4 0.35234375 0.05390625 0.009375 0.01640625
4 0.340625 0.0453125 0.009375 0.01796875
4 0.340625 0.0765625 0.00703125 0.015625
4 0.328125 0.06640625 0.00859375 0.015625
4 0.33203125 0.071875 0.00703125 0.01640625
4 0.321875 0.07578125 0.01015625 0.01171875
4 0.31796875 0.08046875 0.01171875 0.0140625
4 0.30859375 0.08359375 0.00859375 0.01796875
4 0.33828125 0.11015625 0.00859375 0.015625
4 0.3484375 0.10078125 0.009375 0.01171875
4 0.35078125 0.109375 0.00859375 0.015625
4 0.35703125 0.121875 0.00859375 0.01640625
4 0.36484375 0.12109375 0.00703125 0.015625
4 0.3609375 0.10078125 0.00859375 0.015625
4 0.35703125 0.09296875 0.00703125 0.0140625
4 0.36953125 0.13359375 0.00546875 0.01796875
4 0.30078125 0.17265625 0.009375 0.01953125
4 0.6078125 0.1328125 0.00546875 0.01796875
4 0.6296875 0.1421875 0.00703125 0.02109375
4 0.63984375 0.13359375 0.00703125 0.015625
4 0.63359375 0.1390625 0.00859375 0.01875
4 0.646875 0.12890625 0.00546875 0.01875
4 0.653125 0.128125 0.0046875 0.0203125
4 0.66015625 0.1234375 0.0046875 0.021875
4 0.66484375 0.121875 0.00546875 0.01796875
4 0.678125 0.13046875 0.00859375 0.015625
4 0.66875 0.1203125 0.0046875 0.02109375
4 0.67421875 0.1140625 0.0046875 0.01875
4 0.67890625 0.1109375 0.00625 0.01875
4 0.6875 0.10546875 0.00546875 0.01640625
4 0.6015625 0.17265625 0.00546875 0.02109375
4 0.5890625 0.196875 0.00546875 0.01953125
4 0.57421875 0.19453125 0.00625 0.0203125
4 0.56796875 0.19921875 0.00625 0.01953125
4 0.5609375 0.20390625 0.00625 0.01875
4 0.5484375 0.19140625 0.00703125 0.01953125
4 0.55390625 0.1859375 0.00625 0.01875
4 0.578125 0.19140625 0.0046875 0.01875
4 0.58125 0.18671875 0.00546875 0.01796875
4 0.59453125 0.178125 0.00625 0.01640625
4 0.5984375 0.19140625 0.00859375 0.009375
2 0.621875 0.15859375 0.015625 0.04375