2 0.28828125 0.0515625 0.01953125 0.03359375
3 0.3296875 0.06015625 0.02578125 0.05
2 0.353125 0.10546875 0.01875 0.03671875
2 0.334375 0.1203125 0.01640625 0.03203125
2 0.378125 0.121875 0.01875 0.03203125
2 0.39140625 0.1921875 0.01796875 0.03125
0 0.40546875 0.14296875 0.01171875 0.02421875
2 0.41796875 0.2140625 0.01875 0.0359375
2 0.45078125 0.22734375 0.02109375 0.0390625
2 0.3984375 0.28828125 0.01640625 0.034375
4 0.415625 0.24609375 0.00546875 0.01328125
4 0.43046875 0.24375 0.00859375 0.01484375
2 0.42890625 0.27265625 0.01875 0.0296875
2 0.4484375 0.27109375 0.01953125 0.034375
2 0.45078125 0.315625 0.01875 0.034375
2 0.47109375 0.33203125 0.01875 0.04140625
2 0.48828125 0.39375 0.01484375 0.0390625
2 0.4734375 0.4171875 0.01328125 0.040625
2 0.5015625 0.44296875 0.01015625 0.03984375
2 0.5296875 0.49296875 0.015625 0.03203125
4 0.47109375 0.484375 0.00546875 0.01484375
4 0.4640625 0.5046875 0.00625 0.01875
4 0.453125 0.534375 0.00546875 0.01484375
2 0.46640625 0.54140625 0.01640625 0.0390625
2 0.44140625 0.57421875 0.0203125 0.03828125
4 0.43359375 0.2140625 0.00859375 0.015625
4 0.421875 0.184375 0.00859375 0.015625
2 0.24140625 0.5125 0.01796875 0.0359375
0 0.340625 0.5203125 0.0140625 0.015625
4 0.33359375 0.53359375 0.00859375 0.01484375
0 0.2328125 0.6828125 0.01640625 0.01875
2 0.19921875 0.67265625 0.01953125 0.03828125
2 0.17421875 0.71875 0.01796875 0.03671875
2 0.18671875 0.78046875 0.01796875 0.03125
4 0.1609375 0.73046875 0.00625 0.01015625
4 0.1609375 0.72109375 0.00390625 0.00859375
4 0.415625 0.365625 0.00625 0.009375
3 0.54921875 0.21328125 0.0234375 0.02578125
3 0.4015625 0.53359375 0.01953125 0.03515625
2 0.46640625 0.5859375 0.01875 0.02890625
2 0.421875 0.628125 0.01875 0.0265625
4 0.3828125 0.56875 0.00859375 0.01328125
4 0.38671875 0.57890625 0.00703125 0.009375
4 0.38828125 0.5859375 0.00703125 0.00625
4 0.40078125 0.59921875 0.00703125 0.00859375
2 0.36171875 0.596875 0.01953125 0.02578125
2 0.37421875 0.6125 0.01640625 0.02578125
2 0.36328125 0.64453125 0.01796875 0.02890625
4 0.346875 0.64609375 0.00703125 0.00859375
4 0.35 0.65390625 0.00859375 0.009375
4 0.3390625 0.63125 0.009375 0.01328125
4 0.325 0.64609375 0.00703125 0.0109375
4 0.31875 0.628125 0.00546875 0.01015625
4 0.33984375 0.60625 0.009375 0.01015625
4 0.33671875 0.6640625 0.00625 0.00703125
4 0.3421875 0.66015625 0.00546875 0.009375
4 0.33203125 0.678125 0.0046875 0.00625
4 0.33984375 0.66875 0.00546875 0.0046875
4 0.33203125 0.6890625 0.00625 0.00625
4 0.3359375 0.68203125 0.00546875 0.00546875
4 0.321875 0.6890625 0.0046875 0.00859375
4 0.31796875 0.69375 0.00390625 0.00546875
4 0.3046875 0.7140625 0.00859375 0.0109375
2 0.303125 0.69375 0.01953125 0.028125
4 0.25859375 0.753125 0.00859375 0.01015625
4 0.25625 0.78671875 0.009375 0.0109375
2 0.36953125 0.6890625 0.01796875 0.0265625
2 0.39296875 0.65 0.01875 0.0296875
2 0.33203125 0.746875 0.021875 0.03203125
2 0.29609375 0.79921875 0.0203125 0.0296875
4 0.3015625 0.81640625 0.009375 0.01015625
4 0.284375 0.85703125 0.00859375 0.0109375
4 0.26328125 0.878125 0.009375 0.01015625
2 0.246875 0.8765625 0.01875 0.03046875
6 0.29609375 0.74296875 0.03046875 0.05
2 0.2734375 0.778125 0.01953125 0.03203125
2 0.23515625 0.80546875 0.01875 0.03203125
2 0.25546875 0.80859375 0.0203125 0.02890625
4 0.21953125 0.815625 0.009375 0.01015625
4 0.20234375 0.846875 0.0109375 0.01328125
4 0.18828125 0.86640625 0.009375 0.01171875
2 0.2328125 0.84453125 0.0203125 0.03046875
2 0.21640625 0.871875 0.01796875 0.0265625
2 0.20078125 0.89765625 0.01796875 0.0265625
2 0.18046875 0.89140625 0.021875 0.034375
4 0.159375 0.9125 0.0109375 0.01484375
2 0.178125 0.92578125 0.01953125 0.02890625
2 0.14140625 0.94296875 0.01875 0.0296875
4 0.24921875 0.77109375 0.01171875 0.0109375
4 0.22578125 0.93984375 0.00859375 0.01328125
2 0.16171875 0.953125 0.0203125 0.03515625
2 0.14453125 0.98359375 0.0203125 0.02890625
4 0.11875 0.9703125 0.009375 0.01328125
4 0.128125 0.97890625 0.009375 0.01328125
4 0.11328125 0.990625 0.009375 0.015625
4 0.103125 0.996875 0.009375 0.00546875
2 0.19765625 0.98359375 0.015625 0.02890625
4 0.43828125 0.62578125 0.00625 0.01171875
4 0.5359375 0.678125 0.00625 0.01640625
4 0.540625 0.671875 0.00546875 0.01328125
4 0.5453125 0.66875 0.00546875 0.0140625
4 0.54921875 0.65078125 0.00546875 0.01484375
4 0.58046875 0.671875 0.00703125 0.01640625
4 0.56875 0.703125 0.00625 0.02109375
4 0.55703125 0.64453125 0.00625 0.0140625
0 0.56953125 0.65546875 0.0109375 0.021875
0 0.5609375 0.72109375 0.0109375 0.0234375
2 0.5578125 0.6765625 0.01640625 0.03671875
3 0.5453125 0.709375 0.01640625 0.0359375
4 0.571875 0.7484375 0.00625 0.01328125
1 0.59453125 0.7265625 0.03515625 0.078125
0 0.58359375 0.7828125 0.0140625 0.021875
2 0.61640625 0.7765625 0.01484375 0.03359375
5 0.6265625 0.821875 0.01953125 0.03984375
2 0.64765625 0.85546875 0.01875 0.04140625
2 0.6984375 0.66875 0.01796875 0.03671875
2 0.709375 0.70390625 0.01484375 0.028125
3 0.6515625 0.22109375 0.028125 0.0265625
4 0.6046875 0.3015625 0.01015625 0.01171875
0 0.6765625 0.18125 0.01640625 0.02109375
0 0.68671875 0.084375 0.015625 0.02109375
0 0.7890625 0.1625 0.01484375 0.02578125
2 0.61015625 0.41171875 0.01796875 0.03359375
2 0.61953125 0.434375 0.01953125 0.03203125
2 0.62578125 0.3765625 0.01640625 0.03203125
3 0.6515625 0.3734375 0.01875 0.0359375
2 0.6359375 0.403125 0.01640625 0.0265625
4 0.62265625 0.46015625 0.00859375 0.01484375
4 0.6359375 0.384375 0.00859375 0.009375
5 0.65546875 0.32734375 0.03203125 0.06015625
4 0.69296875 0.346875 0.009375 0.01328125
0 0.68046875 0.303125 0.01171875 0.01640625
0 0.69296875 0.29296875 0.01328125 0.01640625
2 0.6765625 0.278125 0.01796875 0.028125
2 0.7140625 0.26953125 0.0203125 0.03203125
0 0.68125 0.32578125 0.01328125 0.01953125
2 0.69140625 0.2515625 0.01875 0.028125
2 0.70703125 0.22265625 0.01875 0.028125
2 0.728125 0.2375 0.01640625 0.0296875
4 0.746875 0.21640625 0.009375 0.01328125
4 0.75546875 0.19921875 0.00625 0.0140625
4 0.765625 0.1953125 0.00703125 0.01640625
4 0.80546875 0.11171875 0.009375 0.01953125
6 0.8390625 0.14296875 0.03359375 0.034375
4 0.7609375 0.0609375 0.0140625 0.01328125
2 0.878125 0.196875 0.01875 0.03203125
2 0.7171875 0.0171875 0.0203125 0.0296875
2 0.73203125 0.0328125 0.021875 0.0296875
0 0.67265625 0.09609375 0.015625 0.02421875
4 0.71328125 0.05390625 0.01015625 0.01484375