4 0.03984375 0.87890625 0.0109375 0.0140625
4 0.0265625 0.88671875 0.0109375 0.0140625
0 0.1359375 0.96015625 0.01484375 0.01875
4 0.1609375 0.790625 0.0140625 0.01796875
4 0.21953125 0.78203125 0.0140625 0.01484375
4 0.225 0.69140625 0.01015625 0.0109375
5 0.21640625 0.66640625 0.05546875 0.02421875
5 0.2734375 0.6609375 0.05546875 0.03125
4 0.31796875 0.76484375 0.009375 0.0109375
2 0.36953125 0.69921875 0.01640625 0.015625
4 0.246875 0.94609375 0.015625 0.0109375
0 0.50625 0.95078125 0.01171875 0.01328125
1 0.48359375 0.8953125 0.05546875 0.046875
2 0.478125 0.815625 0.01953125 0.01875
4 0.49296875 0.73671875 0.00703125 0.01796875
4 0.4875 0.7890625 0.0109375 0.01484375
4 0.53125 0.6890625 0.0140625 0.021875
2 0.5578125 0.74375 0.021875 0.03515625
4 0.62578125 0.67890625 0.01171875 0.0140625
4 0.56953125 0.86171875 0.01328125 0.01484375
4 0.60078125 0.85859375 0.0109375 0.01328125
4 0.634375 0.86171875 0.01171875 0.01171875
2 0.6640625 0.9 0.0203125 0.0234375
4 0.70390625 0.78671875 0.01328125 0.01875
2 0.74140625 0.90546875 0.021875 0.0265625
4 0.9640625 0.73671875 0.01328125 0.015625
4 0.896875 0.79375 0.01796875 0.0140625
4 0.9453125 0.80703125 0.01171875 0.01171875
4 0.959375 0.80546875 0.0109375 0.01328125
6 0.92890625 0.87578125 0.040625 0.03359375
0 0.8546875 0.86953125 0.0203125 0.0234375
0 0.46796875 0.403125 0.009375 0.025
4 0.525 0.40390625 0.00859375 0.01796875
4 0.51953125 0.43359375 0.01015625 0.021875
4 0.4890625 0.55859375 0.00859375 0.0234375
4 0.4796875 0.03046875 0.00703125 0.021875
0 0.47109375 0.065625 0.01015625 0.02890625
2 0.5140625 0.121875 0.01484375 0.040625
2 0.5109375 0.2203125 0.01171875 0.04453125
4 0.52578125 0.2109375 0.00859375 0.025