2 0.01171875 0.0515625 0.01875 0.04609375
4 0.0171875 0.01640625 0.01328125 0.02109375
4 0.00625 0.0109375 0.009375 0.02109375
3 0.06484375 0.33359375 0.028125 0.06875
2 0.1484375 0.26640625 0.02421875 0.0453125
0 0.01953125 0.446875 0.02109375 0.0203125
4 0.01953125 0.465625 0.01328125 0.009375
0 0.19140625 0.3796875 0.01953125 0.015625
4 0.25546875 0.37109375 0.01484375 0.01171875
4 0.36484375 0.41171875 0.015625 0.015625
2 0.49453125 0.3703125 0.02421875 0.0203125
4 0.55859375 0.39921875 0.01328125 0.01796875
3 0.80546875 0.41875 0.02578125 0.02109375
2 0.76484375 0.16875 0.02578125 0.0203125
2 0.7734375 0.2515625 0.03046875 0.0203125
2 0.89375 0.33828125 0.028125 0.02578125
3 0.9734375 0.4078125 0.02578125 0.021875
4 0.90859375 0.51015625 0.01640625 0.01640625
2 0.721875 0.5234375 0.0265625 0.025
2 0.703125 0.496875 0.02578125 0.0203125
2 0.5734375 0.51875 0.025 0.0234375
2 0.53828125 0.49609375 0.02578125 0.025
4 0.43046875 0.5640625 0.0140625 0.0140625
2 0.37421875 0.53203125 0.0265625 0.025
2 0.3578125 0.5046875 0.021875 0.02109375
0 0.2765625 0.5484375 0.01796875 0.0203125
2 0.16953125 0.5234375 0.02578125 0.0234375
2 0.146875 0.5515625 0.028125 0.0234375
2 0.15625 0.5859375 0.02578125 0.0203125
2 0.0796875 0.55546875 0.02578125 0.021875
4 0.07890625 0.578125 0.01328125 0.01171875
2 0.0109375 0.603125 0.02109375 0.021875
2 0.05859375 0.51875 0.02421875 0.01875
2 0.0609375 0.53828125 0.0234375 0.01875
0 0.03125 0.51875 0.0203125 0.01640625
2 0.0328125 0.53828125 0.02890625 0.0234375
2 0.053125 0.56015625 0.0265625 0.01796875
0 0.0546875 0.578125 0.01875 0.01796875
4 0.02578125 0.565625 0.0140625 0.01328125
4 0.03046875 0.57578125 0.0140625 0.01171875
4 0.0375 0.584375 0.0140625 0.00859375