2 0.0484375 0.0109375 0.01953125 0.021875
4 0.06015625 0.021875 0.00859375 0.01640625
2 0.01640625 0.04375 0.01875 0.04140625
2 0.03515625 0.10546875 0.0203125 0.04453125
4 0.0296875 0.01015625 0.009375 0.01875
4 0.01953125 0.009375 0.00859375 0.01875
4 0.00390625 0.065625 0.00703125 0.02109375
2 0.03515625 0.18671875 0.01484375 0.04609375
2 0.05078125 0.19140625 0.0203125 0.04375
2 0.0234375 0.2359375 0.01875 0.0515625
2 0.0390625 0.2390625 0.01875 0.04453125
3 0.0703125 0.32578125 0.025 0.06953125
0 0.02890625 0.2796875 0.01640625 0.02421875
4 0.01015625 0.275 0.0140625 0.01875
2 0.0078125 0.309375 0.015625 0.04921875
2 0.15390625 0.26015625 0.0203125 0.040625
2 0.0859375 0.45859375 0.028125 0.021875
4 0.15078125 0.44296875 0.01484375 0.0140625
0 0.19375 0.371875 0.01953125 0.01953125
4 0.24921875 0.38515625 0.01171875 0.01328125
4 0.259375 0.3671875 0.0109375 0.009375
4 0.27890625 0.4390625 0.0140625 0.01171875
2 0.4390625 0.453125 0.025 0.02109375
2 0.49921875 0.36796875 0.02578125 0.02109375
2 0.59921875 0.4515625 0.028125 0.02421875
4 0.64453125 0.428125 0.01171875 0.01171875
4 0.79375 0.40859375 0.0140625 0.01484375
2 0.76875 0.17109375 0.02578125 0.02421875
2 0.778125 0.2546875 0.02890625 0.02890625
0 0.928125 0.415625 0.01640625 0.01796875
6 0.465625 0.5890625 0.03984375 0.0265625
2 0.18671875 0.53515625 0.025 0.02109375
2 0.16953125 0.559375 0.0234375 0.0203125
2 0.15234375 0.509375 0.02578125 0.02109375
2 0.15390625 0.5390625 0.0234375 0.0203125
2 0.12421875 0.51484375 0.025 0.02109375
2 0.12890625 0.53984375 0.02421875 0.0203125
2 0.12890625 0.5609375 0.02578125 0.021875
3 0.10078125 0.51640625 0.01953125 0.01796875
2 0.07265625 0.515625 0.02578125 0.025
2 0.0765625 0.54375 0.02421875 0.021875
2 0.103125 0.540625 0.02109375 0.01953125
4 0.10390625 0.55625 0.01015625 0.01015625
4 0.090625 0.55859375 0.0109375 0.009375
2 0.10078125 0.571875 0.02578125 0.0203125
0 0.12578125 0.58359375 0.01953125 0.01796875
0 0.07578125 0.56328125 0.01484375 0.0140625
2 0.04609375 0.5234375 0.0234375 0.0203125
2 0.04453125 0.5515625 0.025 0.0203125
2 0.0453125 0.571875 0.02578125 0.0203125
4 0.0375 0.50625 0.01015625 0.01015625
4 0.03671875 0.53671875 0.01171875 0.009375
4 0.03125 0.58828125 0.0109375 0.01015625
4 0.0421875 0.58671875 0.009375 0.01015625
4 0.053125 0.58671875 0.009375 0.00859375
4 0.0640625 0.5609375 0.0109375 0.00859375
4 0.065625 0.5703125 0.00859375 0.00859375
4 0.06640625 0.57890625 0.01328125 0.0109375
4 0.07890625 0.60078125 0.01171875 0.0109375