2 0.54453125 0.49296875 0.02578125 0.02578125
2 0.571875 0.54609375 0.02578125 0.02578125
2 0.9125 0.47109375 0.03046875 0.02578125
4 0.93359375 0.4953125 0.0203125 0.01640625
2 0.89609375 0.31640625 0.0296875 0.0296875
2 0.9796875 0.30859375 0.03046875 0.02421875
2 0.7609375 0.1546875 0.02578125 0.0265625
2 0.771875 0.234375 0.02890625 0.03046875
4 0.5609375 0.334375 0.01328125 0.01875
2 0.2796875 0.55859375 0.02890625 0.028125
2 0.21171875 0.5359375 0.03046875 0.03203125
0 0.18671875 0.39296875 0.0203125 0.0203125
4 0.11328125 0.446875 0.01875 0.02421875
4 0.0609375 0.61328125 0.01875 0.021875
4 0.028125 0.596875 0.01796875 0.0203125
4 0.059375 0.59296875 0.01875 0.01875
2 0.0453125 0.57578125 0.02421875 0.0234375
0 0.0296875 0.21171875 0.0203125 0.03515625
2 0.00859375 0.05625 0.01640625 0.05078125
2 0.01328125 0.128125 0.02578125 0.046875
2 0.14296875 0.28046875 0.02421875 0.0484375
2 0.00703125 0.3171875 0.0140625 0.0625