4 0.025 0.53984375 0.015625 0.01640625
4 0.01796875 0.54921875 0.01484375 0.01328125
4 0.00703125 0.53359375 0.0140625 0.0171875
4 0.04140625 0.51328125 0.0203125 0.0109375
4 0.0390625 0.528125 0.01796875 0.0109375
4 0.0765625 0.43125 0.01953125 0.01640625
4 0.07421875 0.41953125 0.01796875 0.01171875
4 0.10859375 0.4453125 0.01796875 0.021875
4 0.1390625 0.54921875 0.0140625 0.021875
4 0.14921875 0.5390625 0.01328125 0.01640625
4 0.16640625 0.53359375 0.009375 0.01015625
4 0.1640625 0.55078125 0.01484375 0.015625
4 0.17109375 0.56171875 0.01640625 0.0109375
4 0.18046875 0.53828125 0.0140625 0.01796875
4 0.20546875 0.5421875 0.01328125 0.01484375
4 0.23984375 0.51171875 0.01484375 0.01640625
4 0.265625 0.5140625 0.01015625 0.015625
4 0.2765625 0.51171875 0.01171875 0.0109375
4 0.28984375 0.51484375 0.0109375 0.01328125
4 0.3015625 0.52421875 0.0140625 0.009375
4 0.28984375 0.553125 0.0140625 0.01796875
4 0.334375 0.53046875 0.01484375 0.01796875
4 0.346875 0.5234375 0.01171875 0.01640625
4 0.359375 0.51640625 0.01328125 0.0203125
0 0.31171875 0.5390625 0.01640625 0.01796875
0 0.35390625 0.5484375 0.0140625 0.0203125
0 0.4453125 0.5421875 0.01875 0.02109375
0 0.1921875 0.4265625 0.01953125 0.01875
2 0.16796875 0.44375 0.0234375 0.01953125
2 0.24375 0.45390625 0.0296875 0.021875
4 0.20234375 0.4484375 0.01484375 0.02109375
2 0.159375 0.51796875 0.02421875 0.015625
0 0.12421875 0.52890625 0.01640625 0.01796875
0 0.23125 0.55078125 0.01640625 0.0234375
0 0.2625 0.5328125 0.01953125 0.021875
4 0.06953125 0.53046875 0.01171875 0.01796875
4 0.2796875 0.41953125 0.0140625 0.015625
4 0.33359375 0.42890625 0.01640625 0.01796875
2 0.39453125 0.51796875 0.0265625 0.0203125
4 0.40078125 0.43046875 0.01328125 0.01484375
4 0.44921875 0.434375 0.01171875 0.0140625
4 0.4953125 0.43125 0.01328125 0.01328125
2 0.46328125 0.51796875 0.0203125 0.0234375
4 0.43828125 0.525 0.009375 0.0140625
4 0.40703125 0.53671875 0.01484375 0.01328125
4 0.4015625 0.55078125 0.01328125 0.01171875
4 0.490625 0.54921875 0.0140625 0.01328125
4 0.49921875 0.528125 0.0109375 0.00859375
4 0.50703125 0.5171875 0.01171875 0.01015625
4 0.534375 0.44140625 0.01328125 0.01171875
4 0.53828125 0.4203125 0.01015625 0.01171875
4 0.58125 0.440625 0.01015625 0.01484375
4 0.5984375 0.43125 0.01328125 0.01875
4 0.59609375 0.4140625 0.01171875 0.01640625
4 0.57578125 0.53046875 0.01015625 0.0140625
4 0.52734375 0.55703125 0.01171875 0.01484375
4 0.59375 0.52578125 0.01484375 0.01484375
4 0.61015625 0.51640625 0.01171875 0.01484375
4 0.63671875 0.5296875 0.01171875 0.01171875
4 0.61640625 0.55 0.01171875 0.0140625
4 0.63828125 0.56328125 0.01328125 0.0140625
4 0.67890625 0.54375 0.01328125 0.01328125
4 0.6265625 0.4453125 0.0109375 0.01015625
4 0.6421875 0.43828125 0.0140625 0.009375
0 0.63125 0.425 0.01796875 0.01484375
4 0.67421875 0.4234375 0.0109375 0.01484375
4 0.70078125 0.44140625 0.0140625 0.01015625
2 0.71640625 0.45703125 0.021875 0.01796875
6 0.7109375 0.428125 0.021875 0.01953125
0 0.75859375 0.434375 0.0203125 0.01640625
4 0.69609375 0.51953125 0.01171875 0.015625
4 0.71953125 0.53359375 0.0109375 0.01796875
4 0.72578125 0.5203125 0.0140625 0.01484375
4 0.734375 0.559375 0.015625 0.0140625
4 0.79140625 0.515625 0.01171875 0.01953125
4 0.8109375 0.54609375 0.01484375 0.01328125
4 0.81875 0.56171875 0.0140625 0.015625
4 0.79921875 0.446875 0.0140625 0.01171875
4 0.796875 0.43125 0.0140625 0.0140625
4 0.778125 0.41875 0.009375 0.0109375
4 0.853125 0.45 0.0140625 0.01484375
4 0.83359375 0.4609375 0.01171875 0.01328125
4 0.88125 0.5390625 0.02109375 0.01953125
4 0.89375 0.55859375 0.0140625 0.01484375
4 0.9203125 0.54609375 0.015625 0.01484375
4 0.89296875 0.44609375 0.01484375 0.01171875
4 0.87265625 0.45 0.01171875 0.0109375
4 0.9046875 0.41015625 0.01484375 0.0140625
4 0.9453125 0.41328125 0.01328125 0.00859375
4 0.946875 0.434375 0.0140625 0.021875
0 0.91171875 0.42578125 0.01796875 0.01953125
0 0.87265625 0.4265625 0.0234375 0.02109375
0 0.84140625 0.43359375 0.01640625 0.01484375
0 0.603125 0.54296875 0.01796875 0.0234375
2 0.55 0.45546875 0.025 0.028125
0 0.98828125 0.55390625 0.021875 0.0234375
1 0.9765625 0.45703125 0.046875 0.02890625
0 0.0734375 0.55546875 0.0203125 0.021875
4 0.096875 0.53984375 0.01484375 0.01640625
4 0.11484375 0.54375 0.0109375 0.0203125
2 0.00703125 0.43125 0.0140625 0.034375
4 0.37421875 0.54140625 0.01640625 0.01953125
0 0.3734375 0.41171875 0.02421875 0.03046875
4 0.62890625 0.51328125 0.0140625 0.01640625
2 0.65078125 0.45390625 0.0296875 0.025