2 0.9765625 0.30859375 0.0296875 0.01796875
2 0.9015625 0.48125 0.03671875 0.01796875
2 0.90078125 0.315625 0.02890625 0.02109375
2 0.8109375 0.390625 0.0234375 0.021875
2 0.7734375 0.2359375 0.025 0.02578125
2 0.76484375 0.15234375 0.021875 0.0234375
2 0.6359375 0.36875 0.021875 0.01953125
2 0.51796875 0.49609375 0.02890625 0.01796875
4 0.56328125 0.3359375 0.0140625 0.01328125
2 0.21328125 0.55625 0.02109375 0.01328125
0 0.18828125 0.39140625 0.0140625 0.01484375
2 0.0234375 0.609375 0.02109375 0.015625
4 0.0609375 0.09453125 0.009375 0.0203125
2 0.04140625 0.13203125 0.01796875 0.03984375
2 0.0484375 0.17734375 0.0109375 0.03203125
2 0.040625 0.2265625 0.009375 0.03671875
2 0.02890625 0.196875 0.015625 0.03671875
2 0.021875 0.2546875 0.01328125 0.03515625
2 0.0265625 0.2984375 0.01015625 0.040625
2 0.00390625 0.315625 0.00703125 0.034375
3 0.040625 0.275 0.0140625 0.0265625
3 0.01328125 0.28671875 0.009375 0.0234375
4 0.03203125 0.26171875 0.00546875 0.01640625
4 0.0046875 0.284375 0.009375 0.02109375