0 0.00859375 0.71015625 0.0171875 0.0203125
4 0.1265625 0.71484375 0.01640625 0.0140625
3 0.0296875 0.78671875 0.0265625 0.02109375
2 0.05703125 0.8140625 0.02421875 0.01953125
4 0.109375 0.78984375 0.015625 0.01640625
4 0.04296875 0.92109375 0.009375 0.00859375
0 0.14140625 0.9546875 0.01640625 0.015625
4 0.2390625 0.8890625 0.0109375 0.01171875
5 0.221875 0.66640625 0.05546875 0.0234375
5 0.28046875 0.66484375 0.05390625 0.02578125
4 0.2234375 0.6984375 0.01171875 0.009375
2 0.29765625 0.78828125 0.02421875 0.0203125
2 0.30703125 0.81328125 0.01953125 0.01796875
4 0.35859375 0.6984375 0.01171875 0.01484375
2 0.37109375 0.88203125 0.025 0.021875
0 0.50390625 0.95078125 0.01640625 0.01484375
6 0.51171875 0.80625 0.03046875 0.0546875
4 0.48125 0.74375 0.00703125 0.0203125
4 0.5515625 0.72421875 0.009375 0.01484375
4 0.59296875 0.91953125 0.0140625 0.01484375
4 0.64453125 0.89609375 0.0140625 0.0140625
0 0.48984375 0.68125 0.009375 0.02578125
2 0.55625 0.86015625 0.0234375 0.025
1 0.609375 0.8703125 0.05859375 0.03984375
0 0.659375 0.87109375 0.015625 0.01796875
2 0.64765625 0.80390625 0.02109375 0.0234375
2 0.61640625 0.70234375 0.01953125 0.01640625
0 0.65625 0.68359375 0.01796875 0.01484375
2 0.69453125 0.78828125 0.02109375 0.0203125
4 0.71640625 0.725 0.01015625 0.01328125
2 0.73828125 0.71796875 0.01953125 0.01640625
2 0.73203125 0.828125 0.021875 0.01796875
4 0.70703125 0.83203125 0.01171875 0.01171875
2 0.684375 0.86640625 0.0203125 0.0234375
2 0.71484375 0.8703125 0.021875 0.0203125
2 0.7109375 0.89609375 0.0109375 0.00859375
0 0.7296875 0.91171875 0.0140625 0.015625
4 0.759375 0.89375 0.0140625 0.009375
4 0.790625 0.8796875 0.0140625 0.01328125
4 0.82578125 0.871875 0.01484375 0.01328125
4 0.828125 0.9015625 0.01484375 0.009375
4 0.859375 0.86875 0.01328125 0.009375
0 0.865625 0.88359375 0.01796875 0.015625
4 0.88515625 0.87109375 0.01171875 0.0109375
4 0.89296875 0.73828125 0.0140625 0.01171875
4 0.83671875 0.7140625 0.0109375 0.01171875
4 0.528125 0.04453125 0.00703125 0.02578125
4 0.4796875 0.1140625 0.0046875 0.02109375
2 0.51171875 0.178125 0.01171875 0.0515625
4 0.528125 0.2671875 0.009375 0.0234375
4 0.4734375 0.33515625 0.01015625 0.021875
4 0.52578125 0.41875 0.00703125 0.025
0 0.52421875 0.46171875 0.009375 0.025
0 0.4765625 0.5265625 0.01015625 0.02890625
4 0.46953125 0.63671875 0.00390625 0.01953125
4 0.521875 0.553125 0.00625 0.01796875
2 0.4828125 0.60703125 0.0109375 0.03515625