2 0.03203125 0.54609375 0.01015625 0.03984375
2 0.209375 0.38984375 0.01328125 0.03515625
2 0.21953125 0.48515625 0.0140625 0.04296875
2 0.21953125 0.51953125 0.01328125 0.03515625
2 0.41953125 0.4703125 0.01171875 0.03359375
2 0.41796875 0.5125 0.01015625 0.03515625
2 0.4515625 0.76328125 0.01171875 0.046875
2 0.39296875 0.77578125 0.0109375 0.03984375
2 0.3890625 0.84453125 0.0140625 0.021875
2 0.39140625 0.865625 0.0140625 0.0140625
2 0.39140625 0.88359375 0.01640625 0.0265625
2 0.38828125 0.94609375 0.01015625 0.0265625
2 0.546875 0.43515625 0.015625 0.03203125
2 0.5265625 0.39765625 0.01328125 0.03515625
2 0.51328125 0.6171875 0.0109375 0.0359375
2 0.528125 0.715625 0.01171875 0.04453125
2 0.54140625 0.7359375 0.01796875 0.034375
2 0.540625 0.76796875 0.01796875 0.03359375
2 0.528125 0.846875 0.01015625 0.03359375
2 0.565625 0.96875 0.01171875 0.01484375
2 0.56484375 0.98203125 0.01875 0.01953125
0 0.39609375 0.60390625 0.01171875 0.01875
0 0.32421875 0.64140625 0.01796875 0.01875
0 0.31640625 0.68828125 0.01640625 0.01875
0 0.28515625 0.70546875 0.01640625 0.0140625
0 0.40859375 0.66484375 0.01796875 0.021875
0 0.3921875 0.70859375 0.0140625 0.02109375
0 0.50859375 0.78984375 0.00859375 0.03359375
0 0.3890625 0.92890625 0.0140625 0.01640625
0 0.52890625 0.9234375 0.00859375 0.0296875
0 0.52734375 0.95625 0.01015625 0.02421875
0 0.528125 0.97890625 0.00859375 0.03125
0 0.53828125 0.9578125 0.00859375 0.02890625
0 0.521875 0.53359375 0.00703125 0.02421875
0 0.51328125 0.56015625 0.00859375 0.03125
0 0.540625 0.571875 0.009375 0.02578125
0 0.534375 0.5296875 0.00859375 0.0234375
0 0.60546875 0.4875 0.0140625 0.0203125
0 0.4375 0.9609375 0.00859375 0.02578125
0 0.51875 0.96640625 0.0109375 0.03515625
2 0.428125 0.4078125 0.01171875 0.03515625
2 0.05234375 0.63671875 0.0203125 0.025
2 0.45078125 0.4890625 0.0109375 0.03515625
2 0.465625 0.4609375 0.00859375 0.034375
4 0.0421875 0.671875 0.01640625 0.0234375
4 0.028125 0.703125 0.0109375 0.01796875
4 0.06171875 0.703125 0.015625 0.015625
4 0.096875 0.665625 0.01171875 0.01875
4 0.11796875 0.66171875 0.015625 0.01796875
4 0.15703125 0.665625 0.009375 0.01015625
4 0.18515625 0.69296875 0.01171875 0.015625
4 0.2078125 0.709375 0.0140625 0.01875
4 0.21015625 0.68359375 0.01171875 0.01796875
4 0.43671875 0.546875 0.009375 0.0234375
4 0.29296875 0.66796875 0.01484375 0.01796875
4 0.2625 0.68359375 0.01484375 0.01640625
4 0.24609375 0.678125 0.01484375 0.0140625
4 0.36171875 0.671875 0.009375 0.01640625
4 0.3734375 0.67890625 0.015625 0.01796875
4 0.39609375 0.67578125 0.01171875 0.01484375
4 0.44296875 0.703125 0.00625 0.01953125
4 0.4515625 0.671875 0.00546875 0.025
4 0.43203125 0.64140625 0.009375 0.02578125
4 0.428125 0.65078125 0.009375 0.02421875
4 0.37578125 0.603125 0.009375 0.01796875
4 0.38203125 0.60625 0.00859375 0.01875
4 0.446875 0.5296875 0.00859375 0.0234375
4 0.46015625 0.446875 0.00625 0.02109375
4 0.5484375 0.49375 0.01171875 0.01875
4 0.4328125 0.87421875 0.00859375 0.03125
4 0.44609375 0.95546875 0.01015625 0.0203125
4 0.35546875 0.69296875 0.01328125 0.01953125
4 0.303125 0.678125 0.01171875 0.01640625
4 0.21171875 0.64296875 0.015625 0.01875
4 0.37109375 0.69140625 0.01171875 0.01484375
4 0.2765625 0.69140625 0.01484375 0.01328125
3 0.21640625 0.65859375 0.0203125 0.02109375
4 0.51796875 0.88125 0.00859375 0.03515625
4 0.5203125 0.83828125 0.00859375 0.02421875
0 0.53359375 0.790625 0.01171875 0.0265625
0 0.53828125 0.815625 0.01015625 0.02421875
0 0.54140625 0.8359375 0.01171875 0.02578125
0 0.54140625 0.85625 0.0109375 0.025
0 0.54296875 0.88046875 0.00859375 0.0234375
0 0.54140625 0.90546875 0.00859375 0.0265625
4 0.515625 0.69375 0.00859375 0.0234375
4 0.5375 0.596875 0.0046875 0.0234375
4 0.5359375 0.55546875 0.00703125 0.021875
4 0.53671875 0.509375 0.00859375 0.0234375
4 0.52421875 0.51484375 0.01328125 0.01953125
4 0.540625 0.53828125 0.01015625 0.01640625
4 0.56171875 0.48515625 0.009375 0.021875
4 0.553125 0.46328125 0.01328125 0.01796875
4 0.53828125 0.465625 0.01171875 0.01328125
4 0.52421875 0.51328125 0.0109375 0.01640625
4 0.4390625 0.521875 0.00859375 0.01953125
2 0.04140625 0.21875 0.0109375 0.040625
4 0.040625 0.2546875 0.00859375 0.02890625
4 0.0234375 0.32109375 0.00703125 0.02578125
4 0.0234375 0.28359375 0.00703125 0.0203125
2 0.22578125 0.253125 0.01015625 0.03828125
2 0.21171875 0.3015625 0.01328125 0.0390625
2 0.040625 0.08046875 0.01171875 0.04296875
2 0.040625 0.125 0.009375 0.03515625
2 0.08828125 0.03125 0.02421875 0.02578125
2 0.18828125 0.05625 0.015625 0.01796875
2 0.18359375 0.08671875 0.01640625 0.025
2 0.221875 0.06796875 0.01640625 0.02109375
2 0.20390625 0.0609375 0.01640625 0.0203125
2 0.334375 0.0515625 0.01171875 0.04609375
2 0.3359375 0.1015625 0.01953125 0.02109375
2 0.30546875 0.09765625 0.01796875 0.01640625
2 0.43203125 0.125 0.01875 0.02890625
2 0.35625 0.05703125 0.0140625 0.04453125
2 0.403125 0.165625 0.01171875 0.0390625
2 0.28671875 0.08984375 0.01796875 0.01875
2 0.4109375 0.18125 0.009375 0.040625
2 0.42578125 0.17421875 0.0140625 0.01875
2 0.46015625 0.2890625 0.01171875 0.0359375
3 0.44921875 0.35078125 0.01484375 0.03671875
2 0.515625 0.30390625 0.0109375 0.03984375
2 0.515625 0.35390625 0.0109375 0.04140625
2 0.58515625 0.353125 0.01796875 0.021875
2 0.61171875 0.00859375 0.0171875 0.0171875
2 0.61484375 0.02421875 0.01875 0.015625
2 0.609375 0.0484375 0.021875 0.02421875
2 0.58203125 0.05078125 0.02109375 0.0234375
2 0.57578125 0.096875 0.01640625 0.01953125
2 0.5609375 0.12578125 0.0203125 0.015625
2 0.56171875 0.14296875 0.02109375 0.01953125
2 0.5640625 0.16015625 0.02578125 0.025
2 0.56328125 0.18359375 0.0203125 0.02578125
2 0.5625 0.2015625 0.01640625 0.01640625
3 0.57578125 0.25546875 0.01875 0.04140625
0 0.57578125 0.315625 0.01328125 0.01484375
0 0.5859375 0.33359375 0.01796875 0.02109375
0 0.453125 0.16796875 0.01171875 0.02890625
0 0.44375 0.184375 0.01171875 0.02421875
0 0.5484375 0.121875 0.00625 0.02890625
0 0.55078125 0.040625 0.01171875 0.0296875
0 0.56875 0.0265625 0.00859375 0.02578125
0 0.53046875 0.571875 0.00859375 0.02890625
4 0.4484375 0.078125 0.01015625 0.025
4 0.446875 0.28515625 0.00859375 0.02421875
4 0.4609375 0.23046875 0.00859375 0.03125
4 0.440625 0.24296875 0.009375 0.02109375
4 0.521875 0.27109375 0.00859375 0.021875
4 0.53203125 0.34296875 0.00703125 0.0234375
4 0.54609375 0.3671875 0.009375 0.0109375
4 0.53671875 0.3515625 0.009375 0.01796875
4 0.5359375 0.29921875 0.00703125 0.02109375
4 0.5296875 0.29453125 0.00703125 0.01640625
4 0.5390625 0.12265625 0.00703125 0.01953125
4 0.6046875 0.36640625 0.01171875 0.01328125
4 0.590625 0.36953125 0.0109375 0.01171875
4 0.65078125 0.4578125 0.01171875 0.01484375
4 0.671875 0.4609375 0.01171875 0.01171875
4 0.69296875 0.48828125 0.0140625 0.00859375
4 0.76640625 0.49140625 0.01484375 0.01796875
4 0.77265625 0.48046875 0.01484375 0.01640625
4 0.79296875 0.46953125 0.0140625 0.01640625
4 0.8109375 0.48984375 0.01640625 0.015625
4 0.840625 0.47421875 0.01171875 0.015625
4 0.95625 0.5109375 0.01328125 0.0109375
4 0.709375 0.3265625 0.01328125 0.02109375
2 0.70703125 0.27734375 0.01171875 0.03203125
2 0.76484375 0.25390625 0.01171875 0.04453125
2 0.80625 0.21171875 0.009375 0.02890625
2 0.8640625 0.13359375 0.01484375 0.03671875
2 0.86328125 0.17578125 0.0140625 0.03203125
2 0.86171875 0.21015625 0.0140625 0.0359375
0 0.85625 0.2859375 0.01484375 0.0265625
0 0.815625 0.24140625 0.0203125 0.01953125
2 0.7859375 0.18125 0.01171875 0.0390625
0 0.803125 0.1734375 0.01171875 0.02578125
0 0.79296875 0.19765625 0.009375 0.01953125
2 0.91328125 0.328125 0.01953125 0.02578125
2 0.728125 0.465625 0.028125 0.025
2 0.8265625 0.5140625 0.0203125 0.02578125
2 0.89140625 0.52109375 0.02109375 0.01953125
2 0.6875 0.51171875 0.02109375 0.01953125
2 0.68671875 0.540625 0.01171875 0.03203125
2 0.64453125 0.5078125 0.025 0.01640625
2 0.61171875 0.5125 0.0203125 0.01640625
4 0.73828125 0.48515625 0.01796875 0.0203125
4 0.54921875 0.35078125 0.01328125 0.01875
2 0.81328125 0.88359375 0.01796875 0.040625
2 0.80390625 0.9453125 0.01875 0.01796875
2 0.8015625 0.965625 0.0203125 0.021875
2 0.7984375 0.98046875 0.01953125 0.01796875
2 0.8359375 0.8984375 0.01328125 0.04375
2 0.85 0.8984375 0.0140625 0.03359375