2 0.6328125 0.6640625 0.01484375 0.03125
2 0.59921875 0.53203125 0.01640625 0.01640625
2 0.67578125 0.53671875 0.01796875 0.015625
2 0.68203125 0.55390625 0.0140625 0.01484375
2 0.70078125 0.5765625 0.01875 0.01484375
2 0.73359375 0.571875 0.01640625 0.01484375
2 0.71328125 0.5390625 0.01796875 0.0140625
2 0.7171875 0.51171875 0.01796875 0.01484375
2 0.740625 0.5296875 0.01875 0.01796875
2 0.7421875 0.5078125 0.01796875 0.01484375
2 0.73359375 0.40703125 0.01640625 0.0140625
2 0.78203125 0.33671875 0.009375 0.02421875
2 0.82890625 0.34453125 0.01640625 0.01640625
2 0.828125 0.49609375 0.01640625 0.015625
2 0.828125 0.51796875 0.01875 0.0140625
2 0.84765625 0.503125 0.01796875 0.01796875
2 0.8484375 0.51875 0.0203125 0.015625
2 0.87578125 0.52421875 0.021875 0.01640625
2 0.86328125 0.540625 0.01875 0.015625
2 0.80390625 0.5578125 0.0203125 0.01640625
2 0.8984375 0.51640625 0.0203125 0.01875
2 0.91953125 0.5234375 0.0203125 0.015625
2 0.91796875 0.484375 0.021875 0.01484375
1 0.884375 0.49609375 0.0546875 0.025
1 0.784375 0.50859375 0.0515625 0.02109375
1 0.784375 0.5296875 0.0515625 0.0234375
2 0.73046875 0.55078125 0.01796875 0.015625
2 0.48828125 0.44921875 0.01640625 0.0140625
2 0.47421875 0.41484375 0.015625 0.01328125
2 0.4578125 0.4109375 0.01484375 0.01484375
2 0.43125 0.403125 0.01875 0.01484375
2 0.47265625 0.43125 0.01640625 0.01484375
2 0.46796875 0.45703125 0.015625 0.01328125
2 0.44921875 0.459375 0.01484375 0.01328125
2 0.4484375 0.44140625 0.0140625 0.01171875
2 0.378125 0.42109375 0.01640625 0.015625
2 0.3984375 0.4359375 0.01875 0.0140625
2 0.39921875 0.4109375 0.01875 0.01953125
2 0.41484375 0.41953125 0.01796875 0.01328125
2 0.40703125 0.459375 0.01640625 0.01328125
2 0.43046875 0.45703125 0.015625 0.01484375
2 0.3484375 0.44140625 0.0203125 0.01328125
2 0.328125 0.44921875 0.01640625 0.0140625
2 0.3109375 0.44375 0.01953125 0.01484375
2 0.290625 0.45546875 0.0203125 0.01484375
2 0.36328125 0.45703125 0.01640625 0.01484375
2 0.36953125 0.44140625 0.01796875 0.0109375
2 0.38671875 0.4609375 0.01875 0.01171875
2 0.19609375 0.303125 0.01015625 0.03203125
2 0.196875 0.57109375 0.015625 0.015625
0 0.553125 0.98203125 0.00859375 0.021875
0 0.56953125 0.784375 0.00859375 0.0234375
0 0.5609375 0.740625 0.00859375 0.0203125
0 0.565625 0.3765625 0.01328125 0.0140625
0 0.4890625 0.43671875 0.0109375 0.01015625
0 0.45546875 0.42890625 0.01171875 0.009375
0 0.4609375 0.440625 0.0109375 0.01328125
0 0.43203125 0.44296875 0.01171875 0.01015625
0 0.41171875 0.446875 0.0140625 0.01171875
0 0.3515625 0.415625 0.01171875 0.0109375
0 0.31328125 0.42890625 0.0140625 0.01171875
0 0.28671875 0.41328125 0.0140625 0.01484375
0 0.36484375 0.41015625 0.0109375 0.01328125
0 0.278125 0.471875 0.0140625 0.01015625
3 0.3265625 0.4140625 0.01484375 0.01796875
0 0.153125 0.40234375 0.01171875 0.01328125
2 0.96875 0.49453125 0.02109375 0.021875
0 0.90546875 0.53828125 0.0140625 0.01328125
0 0.7921875 0.54609375 0.01171875 0.01171875
0 0.74453125 0.55703125 0.01015625 0.0140625
0 0.81640625 0.3859375 0.01328125 0.01171875
2 0.9875 0.51953125 0.02421875 0.02109375
4 0.9390625 0.51015625 0.01171875 0.009375
4 0.92109375 0.51015625 0.009375 0.0109375
4 0.97890625 0.4703125 0.01015625 0.009375
4 0.95078125 0.503125 0.01171875 0.01328125
4 0.8859375 0.534375 0.01015625 0.01171875
4 0.84453125 0.48828125 0.00859375 0.00703125
4 0.81171875 0.49375 0.00859375 0.00703125
4 0.81328125 0.5390625 0.00859375 0.00703125
4 0.82578125 0.53125 0.009375 0.00703125
4 0.83984375 0.54296875 0.01015625 0.00703125
4 0.834375 0.54921875 0.009375 0.00625
4 0.7734375 0.55859375 0.0109375 0.00859375
4 0.7578125 0.5515625 0.009375 0.00703125
4 0.75078125 0.54453125 0.00859375 0.00703125
4 0.76171875 0.56328125 0.01015625 0.01015625
4 0.715625 0.55078125 0.00859375 0.00703125
4 0.7 0.5609375 0.00859375 0.00703125
4 0.69140625 0.5640625 0.00703125 0.009375
4 0.66484375 0.57734375 0.009375 0.009375
0 0.65546875 0.61171875 0.01015625 0.01640625
4 0.63203125 0.5609375 0.00859375 0.009375
4 0.6265625 0.58359375 0.009375 0.01328125
4 0.64453125 0.53203125 0.009375 0.0109375
4 0.5859375 0.56640625 0.009375 0.00703125
4 0.58671875 0.54453125 0.00859375 0.00703125
4 0.5984375 0.54609375 0.00859375 0.00703125
4 0.6 0.55625 0.00859375 0.00859375
4 0.61171875 0.56875 0.00859375 0.00859375
4 0.56875 0.55078125 0.00859375 0.009375
4 0.56796875 0.5640625 0.00859375 0.01015625
4 0.571875 0.58359375 0.009375 0.00703125
4 0.53125 0.55859375 0.00859375 0.00546875
4 0.49375 0.56328125 0.01015625 0.00859375
4 0.4296875 0.56328125 0.00703125 0.00859375
4 0.45703125 0.5515625 0.009375 0.009375
2 0.02578125 0.584375 0.01875 0.0140625
4 0.02578125 0.60703125 0.0109375 0.00625
4 0.17421875 0.39453125 0.00859375 0.01015625
4 0.3515625 0.459375 0.00859375 0.00625
4 0.35703125 0.4671875 0.009375 0.00703125
4 0.396875 0.46953125 0.009375 0.00625
4 0.421875 0.4484375 0.00703125 0.00703125
4 0.41796875 0.40390625 0.00703125 0.00859375
4 0.340625 0.4 0.009375 0.00859375
4 0.434375 0.4140625 0.00859375 0.00703125
4 0.44375 0.421875 0.009375 0.009375
4 0.4453125 0.40859375 0.009375 0.009375
4 0.459375 0.38671875 0.009375 0.00859375
4 0.46875 0.39140625 0.009375 0.009375
4 0.47578125 0.38203125 0.00859375 0.00703125
4 0.465625 0.38046875 0.00859375 0.00546875
4 0.48828125 0.39453125 0.00859375 0.01171875
4 0.47734375 0.40390625 0.009375 0.00703125
4 0.4734375 0.39765625 0.00859375 0.00703125
4 0.46328125 0.42109375 0.00859375 0.00859375
4 0.51015625 0.384375 0.00859375 0.00625
4 0.503125 0.3984375 0.009375 0.00703125
4 0.50078125 0.4375 0.00859375 0.00703125
4 0.9359375 0.371875 0.0109375 0.0109375
4 0.8734375 0.35625 0.01015625 0.01015625
4 0.85078125 0.3765625 0.01015625 0.009375
4 0.78046875 0.36953125 0.00859375 0.009375
4 0.70390625 0.42265625 0.00859375 0.01015625
4 0.5859375 0.43828125 0.009375 0.01171875
4 0.6375 0.40625 0.00703125 0.00859375
4 0.646875 0.39609375 0.00859375 0.00859375
0 0.659375 0.38359375 0.009375 0.01484375
4 0.56796875 0.940625 0.00390625 0.015625