2 0.365625 0.43046875 0.01015625 0.03203125
0 0.34765625 0.44140625 0.00859375 0.021875
4 0.35703125 0.5203125 0.00859375 0.015625
0 0.38046875 0.50625 0.01015625 0.01484375
4 0.39609375 0.45078125 0.00859375 0.01953125
4 0.40703125 0.45859375 0.00859375 0.01484375
0 0.428125 0.42890625 0.0109375 0.01875
2 0.40859375 0.4765625 0.01484375 0.02421875
2 0.4203125 0.48203125 0.01484375 0.021875
2 0.434375 0.29609375 0.0140625 0.0265625
2 0.44375 0.2859375 0.0140625 0.0265625
2 0.43828125 0.25546875 0.0140625 0.02890625
4 0.4265625 0.2484375 0.009375 0.01875
4 0.45078125 0.2765625 0.00625 0.01171875
4 0.45859375 0.2796875 0.00859375 0.021875
4 0.45625 0.39296875 0.009375 0.01796875
4 0.47734375 0.39140625 0.009375 0.01328125
2 0.5515625 0.33359375 0.015625 0.02109375
0 0.55078125 0.30625 0.00859375 0.0203125
4 0.52421875 0.36875 0.01015625 0.00859375
4 0.503125 0.3765625 0.00859375 0.00859375
4 0.49296875 0.40859375 0.00859375 0.009375
4 0.4953125 0.38828125 0.00859375 0.009375
2 0.47421875 0.4109375 0.01875 0.01953125
4 0.446875 0.44453125 0.00625 0.0140625
4 0.4390625 0.4640625 0.00859375 0.01015625
2 0.45625 0.44921875 0.015625 0.01875
2 0.4765625 0.44375 0.01484375 0.021875
3 0.4984375 0.43203125 0.02109375 0.025
2 0.52109375 0.41171875 0.015625 0.015625
2 0.51875 0.38828125 0.01953125 0.01796875
2 0.546875 0.421875 0.01875 0.01796875
4 0.56875 0.4390625 0.00859375 0.01015625
2 0.5609375 0.38671875 0.01796875 0.015625
4 0.59453125 0.3796875 0.009375 0.009375
4 0.5765625 0.35859375 0.00859375 0.00859375
4 0.58671875 0.36171875 0.00859375 0.01015625
4 0.59140625 0.3515625 0.00859375 0.01015625
4 0.5953125 0.34140625 0.0109375 0.01015625
0 0.60625 0.28515625 0.01171875 0.0203125
0 0.6046875 0.25546875 0.01015625 0.01796875
2 0.64296875 0.30859375 0.01796875 0.01875
4 0.671875 0.31328125 0.00703125 0.01015625
0 0.7125 0.296875 0.009375 0.015625
2 0.74296875 0.3296875 0.01796875 0.02421875
4 0.73984375 0.3640625 0.00859375 0.01328125
4 0.71953125 0.3875 0.01015625 0.0140625
4 0.67109375 0.46328125 0.00703125 0.01328125
4 0.66640625 0.4453125 0.00625 0.01171875
2 0.6609375 0.4234375 0.015625 0.021875
2 0.67578125 0.42421875 0.015625 0.025
2 0.678125 0.39375 0.01640625 0.02421875
2 0.69453125 0.3890625 0.015625 0.0265625
4 0.690625 0.4109375 0.00703125 0.01328125
4 0.6984375 0.40703125 0.0046875 0.015625
4 0.6078125 0.44453125 0.00859375 0.01328125
2 0.60078125 0.46796875 0.01796875 0.0265625
4 0.66171875 0.559375 0.009375 0.01328125
4 0.68046875 0.58125 0.01015625 0.01171875
4 0.71015625 0.60625 0.00859375 0.015625
0 0.75859375 0.64765625 0.0140625 0.01953125
4 0.7734375 0.70546875 0.01015625 0.01328125
4 0.78828125 0.721875 0.01015625 0.00859375
4 0.80078125 0.71875 0.01015625 0.0109375
4 0.80703125 0.7421875 0.00859375 0.0140625
4 0.82421875 0.75546875 0.00859375 0.01328125
2 0.83671875 0.75390625 0.01640625 0.01953125
0 0.83046875 0.77109375 0.01171875 0.0140625
6 0.890625 0.82890625 0.03125 0.040625
2 0.91953125 0.81328125 0.01484375 0.01875
2 0.915625 0.85859375 0.01796875 0.02421875
2 0.940625 0.87890625 0.01796875 0.02421875
2 0.94296875 0.81875 0.015625 0.0296875
2 0.95078125 0.8390625 0.01796875 0.021875
2 0.9609375 0.85625 0.01953125 0.01875
2 0.97265625 0.87421875 0.01875 0.0203125
2 0.98125 0.90078125 0.01875 0.02421875
6 0.98359375 0.93359375 0.03203125 0.0453125
4 0.91171875 0.978125 0.01015625 0.01640625
4 0.87109375 0.9015625 0.00859375 0.01171875
2 0.8578125 0.89140625 0.0140625 0.021875
0 0.8484375 0.159375 0.0140625 0.01484375
4 0.81015625 0.196875 0.009375 0.015625
2 0.79765625 0.165625 0.01171875 0.03203125
2 0.809375 0.17578125 0.01796875 0.02578125
2 0.8234375 0.14375 0.009375 0.03828125
2 0.87265625 0.08203125 0.0140625 0.02890625
4 0.9109375 0.075 0.00859375 0.01484375
3 0.9296875 0.03359375 0.01875 0.02890625
2 0.584375 0.1984375 0.0140625 0.03203125
2 0.55625 0.05078125 0.01171875 0.03671875
2 0.59453125 0.05859375 0.01640625 0.025
4 0.60859375 0.04921875 0.00859375 0.01953125
4 0.31171875 0.02421875 0.009375 0.01796875
3 0.34140625 0.040625 0.0234375 0.04453125
4 0.3484375 0.09140625 0.00703125 0.01328125
4 0.35703125 0.0984375 0.00859375 0.0140625
2 0.35546875 0.11640625 0.01640625 0.03125
2 0.40703125 0.18515625 0.01796875 0.0234375
2 0.33203125 0.31484375 0.01875 0.03203125
4 0.41484375 0.54921875 0.009375 0.01171875
4 0.42421875 0.540625 0.00703125 0.01796875
4 0.43046875 0.52421875 0.00703125 0.01796875
2 0.0453125 0.9609375 0.015625 0.02421875
0 0.0609375 0.96875 0.01328125 0.02109375
2 0.0914326125 0.95601718125 0.08685564999999999 0.9473363578124999 0.073588446875 0.9665332421875 0.07854485156249999 0.97541506875 0.0914326125 0.95601718125
2 0.09420288125000001 0.9342615359374999 0.0896259171875 0.9249376874999999 0.0768416390625 0.943720721875 0.0813753453125 0.9528020609375 0.09420288125000001 0.9342615359374999
0 0.1152326328125 0.9276169578125 0.11035455624999999 0.9176500828125 0.09898143125 0.932635765625 0.10336866874999999 0.9432638703125 0.1152326328125 0.9276169578125
0 0.0924603390625 0.9195791546875001 0.0878231578125 0.9114341828124999 0.0768416390625 0.92781621875 0.0814997234375 0.9368336312500001 0.0924603390625 0.9195791546875001
6 0.1204344875 0.8987416671874999 0.1132077015625 0.8854790687499999 0.0875048859375 0.920908203125 0.0948998546875 0.9368944234375001 0.1204344875 0.8987416671874999
0 0.11308725625 0.8823711171875 0.10941364218750001 0.8716540531250001 0.09726446718750001 0.8833161921875 0.10080172968750001 0.895445940625 0.11308725625 0.8823711171875
0 0.119716246875 0.8530756859374999 0.11519950781249999 0.8455737359375 0.10494561875 0.8614671312500001 0.1097794234375 0.8711875250000001 0.119716246875 0.8530756859374999
3 0.1448121796875 0.8865916578125 0.1387296359375 0.8736240078125 0.11931389218749999 0.8995415484375 0.1256612109375 0.913384321875 0.1448121796875 0.8865916578125
2 0.1422272140625 0.8634764609375001 0.13656623437499998 0.851473346875 0.120850121875 0.8741586031249999 0.12638851874999998 0.8858751296875 0.1422272140625 0.8634764609375001
2 0.15836702656249999 0.8624047546875 0.152645821875 0.8511518359375 0.1392848875 0.8709455734375 0.1446963625 0.8815883 0.15836702656249999 0.8624047546875
2 0.179144021875 0.832849884375 0.1746272828125 0.8228830125 0.1618765109375 0.8404217796875001 0.1666175984375 0.8511760671875 0.179144021875 0.832849884375
2 0.16059528125 0.8310279812499999 0.15517519375 0.8200965734375 0.13991745312499998 0.8415463390625 0.1449372578125 0.853319478125 0.16059528125 0.8310279812499999
0 0.14797418125 0.8269565390625001 0.142734765625 0.817739865625 0.1329592328125 0.8339957171875 0.1378566875 0.8433536500000001 0.14797418125 0.8269565390625001
4 0.134375 0.85 0.00703125 0.0109375
2 0.1839151359375 0.805169309375 0.17839651406249998 0.793998246875 0.16264958125 0.8160005328125 0.168118071875 0.8261610875000001 0.1839151359375 0.805169309375
2 0.20076119218750002 0.8003362468749999 0.1957944296875 0.7902700109375 0.182109565625 0.8101119328124999 0.18668869999999999 0.820591471875 0.20076119218750002 0.8003362468749999
2 0.20690065781250003 0.77406583125 0.2008301703125 0.7628947687500001 0.18666403125 0.7839812687500001 0.19227630625 0.795303128125 0.20690065781250003 0.77406583125
2 0.2260778765625 0.7652271875000001 0.221249084375 0.755038196875 0.20850475781250002 0.77330818125 0.21345402343750003 0.7832727515625 0.2260778765625 0.7652271875000001
2 0.2340849015625 0.7356224203124999 0.228359325 0.7238375625 0.21399081718750002 0.7429450859375 0.21952952812499998 0.7544045374999999 0.2340849015625 0.7356224203124999
2 0.24609375 0.728125 0.015625 0.02421875
2 0.22890625 0.71015625 0.015625 0.025
2 0.2546875 0.684375 0.015625 0.0265625
4 0.26796875 0.6765625 0.00703125 0.0140625
4 0.27890625 0.65859375 0.00859375 0.01328125
4 0.2890625 0.6484375 0.00859375 0.01484375
2 0.2984375 0.6265625 0.01484375 0.025
2 0.31953125 0.6234375 0.01484375 0.0203125
2 0.33046875 0.59609375 0.0140625 0.021875
4 0.34765625 0.5640625 0.009375 0.01484375
4 0.35703125 0.57421875 0.0109375 0.01171875
4 0.33046875 0.56328125 0.00859375 0.015625
4 0.3609375 0.56328125 0.01015625 0.009375
4 0.37109375 0.52265625 0.00625 0.01171875
0 0.17578125 0.9921875 0.0140625 0.015625
2 0.2140625 0.97890625 0.01796875 0.03203125
2 0.23203125 0.95078125 0.0140625 0.03125
1 0.2277860109375 0.93490159375 0.219596553125 0.9150074437500001 0.18322220312499998 0.9592688890625001 0.1922983609375 0.9802417374999999 0.2277860109375 0.93490159375
2 0.2390625 0.86953125 0.015625 0.021875
0 0.284375 0.87265625 0.01015625 0.01953125
2 0.2671875 0.82421875 0.015625 0.02578125
2 0.2859375 0.8234375 0.01484375 0.0234375
2 0.32578125 0.82578125 0.01640625 0.02421875
2 0.31875 0.79296875 0.01640625 0.021875
0 0.2890625 0.80390625 0.01484375 0.01640625
0 0.3546875 0.79296875 0.01171875 0.01875
0 0.37890625 0.790625 0.015625 0.01640625
0 0.39921875 0.77890625 0.0140625 0.0203125
2 0.378125 0.73671875 0.01640625 0.0265625
4 0.2140625 0.73515625 0.009375 0.01171875
0 0.1609375 0.803125 0.01328125 0.01875
4 0.17578125 0.78828125 0.01015625 0.01328125
4 0.18828125 0.75625 0.00859375 0.01171875
3 0.1921875 0.7625 0.0140625 0.01640625
2 0.3839010140625 0.549017453125 0.378441375 0.538145078125 0.3644288359375 0.5577144703125 0.370121934375 0.5696055734375001 0.3839010140625 0.549017453125
2 0.3849414265625 0.5266705109375 0.37985813125 0.51569665 0.3667926078125 0.5344798171875 0.371941528125 0.54505914375 0.3849414265625 0.5266705109375
2 0.3994413140625 0.51999721875 0.3949413484375 0.50946824375 0.38429861875000004 0.52669936875 0.38919139375 0.5361614203125 0.3994413140625 0.51999721875
1 0.45066184531250003 0.4827750734375 0.4430785765625 0.4682421234375 0.41293345156249994 0.5069147968750001 0.42157874375000004 0.5245943734375 0.45066184531250003 0.4827750734375
2 0.55703125 0.78203125 0.01796875 0.02578125
4 0.52890625 0.7640625 0.01328125 0.0234375
0 0.4640625 0.71953125 0.01171875 0.03046875
4 0.31796875 0.9640625 0.00703125 0.0203125
2 0.33046875 0.95234375 0.015625 0.02109375
4 0.36015625 0.9359375 0.00859375 0.0140625
4 0.37109375 0.940625 0.00703125 0.01015625
2 0.3765625 0.95859375 0.01796875 0.03125
4 0.40390625 0.75390625 0.00859375 0.01640625
4 0.4234375 0.75546875 0.00546875 0.01796875
0 0.4375 0.75234375 0.01328125 0.01328125
4 0.49609375 0.63828125 0.01015625 0.015625
1 0.371202040625 0.59825204375 0.3621059265625 0.5820649609374999 0.32411761875 0.63444473125 0.33390794218750003 0.6536118515625 0.371202040625 0.59825204375
1 0.410574775 0.5376113546875 0.4034105421875 0.5224944828125 0.3744625078125 0.5649671484375001 0.382224890625 0.5798657406250001 0.410574775 0.5376113546875
1 0.3099839359375 0.6526084109375 0.30159154843749997 0.6358747390625 0.261739821875 0.6913749078125 0.27047831875 0.7090690109375 0.3099839359375 0.6526084109375
4 0.059375 0.94921875 0.00703125 0.0140625
4 0.065625 0.93671875 0.00703125 0.01328125
4 0.07109375 0.94921875 0.00859375 0.01640625
4 0.07421875 0.93046875 0.00703125 0.01953125
4 0.08515625 0.9109375 0.00703125 0.01484375
4 0.12109375 0.86953125 0.01015625 0.01484375
4 0.16328125 0.83515625 0.00859375 0.01484375
2 0.6889813625000001 0.7592886265625001 0.6912426765624999 0.7483429734375 0.6748707781250001 0.73820215 0.671976303125 0.7512403515625 0.6724335828125 0.7492898875 0.6889813625000001 0.7592886265625001
6 0.716840725 0.7452846328125 0.6916949359375 0.727739396875 0.6879063875 0.744222771875 0.712589453125 0.7629908328125 0.716840725 0.7452846328125
2 0.7174756984374999 0.76846365625 0.702731953125 0.7542986984375 0.6979501375 0.7673867359375001 0.7141289625 0.78134089375 0.7174756984374999 0.76846365625
2 0.7320385500000001 0.76524434375 0.7170234390625 0.7497916625000001 0.7115058359375 0.7618640703125 0.727515921875 0.7774777234375 0.7320385500000001 0.76524434375
2 0.7054434296875 0.716972909375 0.688619271875 0.705222434375 0.68478468125 0.71864589375 0.7020062312500001 0.7308159390625 0.7054434296875 0.716972909375
2 0.7206394421875 0.7317817328125 0.7080665484375 0.7171338796875 0.7029720125 0.7299865859375 0.716659528125 0.744498 0.7206394421875 0.7317817328125
6 0.7659201875 0.785838825 0.7382417343750001 0.7597624234375 0.732288903125 0.77752096875 0.7613975671875 0.8030621312499999 0.7659201875 0.785838825
0 0.749548296875 0.7531628375 0.7379703765625 0.7439878078125 0.7355463359375001 0.7550808796874999 0.7464729109375 0.764269453125 0.749548296875 0.7531628375
2 0.7704428156249999 0.7660400765625 0.754794534375 0.7496216 0.750476234375 0.7623196171875 0.7663724546874999 0.778273446875 0.7704428156249999 0.7660400765625
1 0.762392540625 0.8083739890625001 0.7209653171875 0.7734444828125 0.7154588359375 0.791998446875 0.756151321875 0.82801176875 0.762392540625 0.8083739890625001
2 0.785875296875 0.8059529187500001 0.771041096875 0.7909831328125 0.767442028125 0.8028565546875001 0.782257203125 0.8170595359374999 0.785875296875 0.8059529187500001
2 0.8079997406249999 0.8309700234375 0.7920801109375 0.8113322359374999 0.78657944375 0.8248140625 0.8028439515624999 0.8436862906249999 0.8079997406249999 0.8309700234375
2 0.8270852124999999 0.8491591218749999 0.8108037687499999 0.83000423125 0.8055811328125 0.8431521999999999 0.823195753125 0.8612315296874999 0.8270852124999999 0.8491591218749999
2 0.8238321640624999 0.8660269218750001 0.8080934375 0.8462281718750001 0.8039524171875 0.8583535515625 0.8203949734375 0.8764896703125 0.8238321640624999 0.8660269218750001
2 0.79642506875 0.8714997437499999 0.8104451984375001 0.8859866328124999 0.81532963125 0.87504098125 0.8012378890624999 0.8585948421875 0.79642506875 0.8714997437499999
2 0.8412936875 0.9143871484374999 0.8232936437499999 0.89668095625 0.8184751374999999 0.9104724703124999 0.8367710578124999 0.9288740390625 0.8412936875 0.9143871484374999
2 0.8418364015625001 0.8849304734375 0.8273640062500001 0.8652926937500001 0.8215968421875001 0.8805523515625 0.8367710578124999 0.8968419187500001 0.8418364015625001 0.8849304734375
0 0.8279067187500001 0.8899204062500001 0.8175951390625 0.878813790625 0.8149462515625 0.8880323812500001 0.8251026906250001 0.8978077109375 0.8279067187500001 0.8899204062500001
0 0.8399369 0.897485778125 0.8279971749999999 0.8878278515625 0.8262115390625 0.897442740625 0.83695196875 0.908109496875 0.8399369 0.897485778125
0 0.7358357421874999 0.74498654375 0.7224487749999999 0.7293728984375 0.7181733625 0.74205115 0.7315844703125001 0.7575418484374999 0.7358357421874999 0.74498654375
0 0.6882577453125001 0.7259926234375 0.67740345 0.7155298671875 0.673247940625 0.7280562546875 0.6844587421874999 0.7377430984375 0.6882577453125001 0.7259926234375
4 0.67421875 0.75703125 0.01015625 0.00859375
2 0.86875 0.7453125 0.0140625 0.02890625
0 0.8734375 0.76328125 0.01015625 0.01484375
2 0.8828125 0.7609375 0.01015625 0.02890625
0 0.896875 0.7671875 0.01015625 0.0234375
2 0.9078125 0.77109375 0.0140625 0.0296875