6 0.02109375 0.5421875 0.028125 0.021875
2 0.07421875 0.534375 0.01796875 0.01484375
5 0.08828125 0.55625 0.03984375 0.02109375
5 0.12109375 0.678125 0.03984375 0.025
5 0.1453125 0.64296875 0.03984375 0.0203125
6 0.18515625 0.4140625 0.03203125 0.0140625
3 0.21171875 0.54296875 0.0203125 0.0203125
6 0.2796875 0.6390625 0.034375 0.01953125
2 0.29921875 0.61015625 0.01640625 0.021875
2 0.3015625 0.42578125 0.0140625 0.015625
4 0.41328125 0.61484375 0.01171875 0.02109375
2 0.34296875 0.29140625 0.01796875 0.01875
2 0.50703125 0.33125 0.0109375 0.0265625
2 0.51953125 0.33203125 0.009375 0.03125
2 0.559375 0.32109375 0.00859375 0.0265625
2 0.56875 0.3234375 0.00859375 0.025
6 0.49453125 0.6265625 0.03359375 0.02421875
0 0.59453125 0.4609375 0.01953125 0.021875
0 0.60546875 0.565625 0.009375 0.01015625
4 0.6046875 0.55390625 0.00859375 0.00859375
0 0.61796875 0.61015625 0.00859375 0.009375
1 0.66171875 0.390625 0.04609375 0.02421875
5 0.71953125 0.38984375 0.04375 0.01640625
4 0.69609375 0.4046875 0.00703125 0.00625
2 0.71875 0.6609375 0.00859375 0.021875
0 0.74609375 0.61328125 0.00859375 0.01015625
0 0.81953125 0.6109375 0.0109375 0.0109375
2 0.83359375 0.58515625 0.01640625 0.01484375
5 0.884375 0.646875 0.03828125 0.02109375
4 0.92890625 0.60546875 0.025 0.02109375
4 0.9890625 0.56953125 0.01484375 0.01796875
5 0.88359375 0.48125 0.04140625 0.0234375
2 0.83828125 0.4234375 0.01796875 0.01640625
2 0.88828125 0.41640625 0.01953125 0.01484375
2 0.92578125 0.41171875 0.015625 0.0140625
3 0.97265625 0.3890625 0.02578125 0.01875
1 0.975 0.41328125 0.03125 0.01796875