2 0.978125 0.30625 0.03515625 0.01953125
2 0.89453125 0.31796875 0.03203125 0.0265625
2 0.7734375 0.23515625 0.02890625 0.0234375
2 0.76328125 0.15390625 0.02890625 0.0265625
4 0.7921875 0.50703125 0.01875 0.0234375
2 0.58203125 0.51640625 0.0234375 0.01953125
4 0.56171875 0.3359375 0.00859375 0.00625
4 0.28984375 0.425 0.0109375 0.00703125
2 0.23515625 0.53359375 0.0265625 0.0203125
2 0.28828125 0.58203125 0.0203125 0.0265625
2 0.10859375 0.575 0.02578125 0.01953125
2 0.059375 0.553125 0.02578125 0.0203125
2 0.04609375 0.57578125 0.02109375 0.01484375
2 0.00546875 0.0515625 0.0109375 0.0390625
4 0.0359375 0.16875 0.01015625 0.0234375
2 0.14375 0.28203125 0.0140625 0.040625
4 0.028125 0.3109375 0.0140625 0.02578125
4 0.0421875 0.59375 0.01171875 0.0140625
4 0.02890625 0.596875 0.0140625 0.01328125
4 0.03046875 0.6109375 0.01171875 0.01484375
0 0.1859375 0.39375 0.021875 0.0234375