2 0.34140625 0.284375 0.01640625 0.01484375
2 0.3921875 0.21328125 0.0140625 0.0140625
2 0.403125 0.25078125 0.009375 0.01953125
2 0.50703125 0.32421875 0.00546875 0.025
2 0.51796875 0.3234375 0.00625 0.0265625
2 0.5578125 0.315625 0.00703125 0.0234375
2 0.5671875 0.315625 0.00703125 0.02109375
4 0.58359375 0.29921875 0.003125 0.01171875
4 0.57890625 0.3 0.003125 0.01953125
4 0.57578125 0.29296875 0.0015625 0.009375
4 0.571875 0.2875 0.0015625 0.0140625
4 0.56875 0.28046875 0.003125 0.0140625
4 0.56875 0.2953125 0.003125 0.01328125
4 0.5484375 0.2765625 0.003125 0.01171875
4 0.54609375 0.290625 0.003125 0.0140625
4 0.54296875 0.290625 0.003125 0.0140625
4 0.53828125 0.29296875 0.003125 0.0140625
4 0.53125 0.2765625 0.0015625 0.01171875
4 0.52890625 0.27578125 0.003125 0.0140625
4 0.52578125 0.27578125 0.003125 0.015625
4 0.51875 0.275 0.003125 0.0140625
4 0.58125 0.228125 0.0015625 0.00859375
4 0.58203125 0.23984375 0.003125 0.0109375
4 0.57890625 0.2390625 0.0015625 0.01171875
4 0.5765625 0.22890625 0.0015625 0.0109375
4 0.57421875 0.240625 0.0015625 0.0109375
4 0.56796875 0.23828125 0.0015625 0.01484375
4 0.56484375 0.23828125 0.003125 0.01484375
4 0.54609375 0.22578125 0.00390625 0.0140625
4 0.54140625 0.225 0.003125 0.0109375
4 0.53359375 0.22421875 0.003125 0.0109375
4 0.53125 0.22421875 0.003125 0.01015625
4 0.5265625 0.22421875 0.003125 0.01171875
4 0.434375 0.20078125 0.00546875 0.01015625
4 0.41015625 0.265625 0.0015625 0.01171875
4 0.4140625 0.265625 0.0015625 0.0109375
4 0.4765625 0.4015625 0.00625 0.00546875
5 0.6609375 0.38203125 0.040625 0.01796875
5 0.7171875 0.38359375 0.04296875 0.015625
6 0.69296875 0.40078125 0.0234375 0.015625
6 0.79140625 0.42890625 0.03125 0.01875
6 0.84921875 0.415625 0.03046875 0.01953125
6 0.90234375 0.409375 0.03046875 0.01640625
5 0.95625 0.40625 0.04375 0.01640625
2 0.88046875 0.390625 0.01328125 0.01171875
0 0.8984375 0.3859375 0.00859375 0.00859375
3 0.99296875 0.29609375 0.00703125 0.02578125
4 0.9671875 0.24140625 0.00703125 0.01171875
4 0.8390625 0.16328125 0.003125 0.01328125
4 0.94296875 0.3859375 0.00703125 0.00625
6 0.05703125 0.4796875 0.03671875 0.015625
6 0.14375 0.5328125 0.0234375 0.01484375
6 0.18671875 0.5484375 0.021875 0.0140625
2 0.1203125 0.49140625 0.0140625 0.01328125
2 0.32578125 0.54609375 0.01484375 0.01171875
6 0.26875 0.54453125 0.0359375 0.01796875
0 0.24921875 0.56171875 0.01171875 0.009375
0 0.29140625 0.559375 0.00625 0.00625
5 0.31640625 0.525 0.0515625 0.015625
2 0.37421875 0.52109375 0.0140625 0.0109375
2 0.4015625 0.46015625 0.01328125 0.01171875
2 0.4125 0.5234375 0.01171875 0.01171875
3 0.425 0.5390625 0.01484375 0.0109375
3 0.43046875 0.55703125 0.01328125 0.01328125
6 0.54453125 0.49140625 0.03984375 0.01484375
0 0.540625 0.4546875 0.009375 0.009375
2 0.59921875 0.56328125 0.01171875 0.01015625
2 0.62421875 0.4765625 0.0140625 0.01171875
2 0.675 0.48828125 0.01328125 0.01171875
2 0.65 0.584375 0.01328125 0.01015625
6 0.62265625 0.54296875 0.021875 0.01484375
4 0.621875 0.55703125 0.00625 0.00625
4 0.625 0.446875 0.00703125 0.00625
6 0.66953125 0.4515625 0.03203125 0.015625
6 0.715625 0.5203125 0.04140625 0.01796875
3 0.64609375 0.52578125 0.0140625 0.01015625
3 0.7484375 0.59921875 0.01953125 0.01328125
3 0.68046875 0.621875 0.00703125 0.0234375
2 0.73125 0.4859375 0.015625 0.01328125
2 0.790625 0.58125 0.015625 0.0109375
6 0.80859375 0.471875 0.03984375 0.01796875
5 0.90703125 0.53828125 0.0453125 0.01796875
5 0.96171875 0.56328125 0.06796875 0.01796875
2 0.95546875 0.59140625 0.01484375 0.0109375
4 0.86328125 0.58203125 0.00625 0.00703125
4 0.82890625 0.60546875 0.00546875 0.01171875
2 0.98359375 0.81171875 0.0140625 0.0234375
2 0.9328125 0.7984375 0.01171875 0.0109375
2 0.93359375 0.81328125 0.0140625 0.009375
2 0.9734375 0.86015625 0.01171875 0.01796875
2 0.9890625 0.88125 0.0140625 0.021875
2 0.996875 0.91171875 0.00546875 0.02109375
2 0.96796875 0.9203125 0.00703125 0.0234375
2 0.95625 0.8703125 0.00703125 0.025
2 0.9484375 0.8984375 0.00703125 0.0234375
2 0.940625 0.90390625 0.00703125 0.0265625
6 0.88125 0.63984375 0.03671875 0.0203125
6 0.71953125 0.60390625 0.02578125 0.01484375
0 0.79296875 0.60390625 0.01015625 0.009375
0 0.81796875 0.603125 0.009375 0.01015625
0 0.81875 0.6453125 0.01171875 0.01015625
0 0.753125 0.66796875 0.01484375 0.01484375
4 0.77265625 0.58984375 0.00625 0.00625
2 0.71640625 0.6515625 0.00546875 0.01953125
2 0.6640625 0.63203125 0.00546875 0.021875
2 0.671875 0.63125 0.00625 0.021875
2 0.6765625 0.66796875 0.00703125 0.02578125
2 0.575 0.62109375 0.01171875 0.01171875
6 0.4234375 0.59140625 0.03203125 0.015625
4 0.434375 0.609375 0.00703125 0.00625
5 0.2765625 0.63046875 0.03046875 0.01796875
5 0.14375 0.6359375 0.0359375 0.01484375
5 0.11953125 0.66953125 0.03515625 0.01796875
5 0.03359375 0.7390625 0.01484375 0.05
5 0.0625 0.72890625 0.01171875 0.0546875
5 0.028125 0.928125 0.009375 0.04375
4 0.21875 0.61171875 0.01015625 0.01015625
3 0.71328125 0.89453125 0.00859375 0.03125