2 0.984375 0.35546875 0.02890625 0.0265625
2 0.7734375 0.18125 0.03046875 0.03125
2 0.78046875 0.26328125 0.0296875 0.03125
2 0.5015625 0.36796875 0.028125 0.0265625
2 0.35859375 0.5296875 0.03203125 0.034375
2 0.15859375 0.24921875 0.02578125 0.0484375
2 0.02421875 0.02578125 0.01875 0.0515625
2 0.07578125 0.05625 0.02109375 0.0515625
2 0.06484375 0.10390625 0.02421875 0.0484375
2 0.05390625 0.1515625 0.01796875 0.046875
2 0.0359375 0.190625 0.02109375 0.04453125
2 0.04140625 0.234375 0.0234375 0.05078125
2 0.00859375 0.28984375 0.0171875 0.0515625
6 0.075 0.31328125 0.03203125 0.08046875
4 0.0109375 0.05078125 0.00859375 0.021875
4 0.0109375 0.36640625 0.009375 0.0265625
4 0.003125 0.41640625 0.00546875 0.0265625
4 0.2265625 0.40546875 0.01875 0.01796875
4 0.26171875 0.35859375 0.015625 0.0140625
4 0.60703125 0.35703125 0.015625 0.021875
4 0.7296875 0.37421875 0.01015625 0.009375
4 0.7265625 0.38984375 0.01015625 0.009375
0 0.1984375 0.365625 0.02578125 0.021875