4 0.7515625 0.54609375 0.01484375 0.01875
4 0.6640625 0.5453125 0.01484375 0.01953125
4 0.5734375 0.42421875 0.01640625 0.01640625
4 0.434375 0.41640625 0.01484375 0.01875
4 0.41171875 0.5015625 0.01875 0.01953125
4 0.26171875 0.36875 0.02109375 0.01953125
4 0.0640625 0.6046875 0.015625 0.0140625
4 0.065625 0.2765625 0.01171875 0.028125
4 0.00703125 0.278125 0.0109375 0.028125
4 0.02109375 0.0109375 0.009375 0.021875
4 0.00859375 0.00859375 0.0078125 0.0171875
2 0.015625 0.046875 0.021875 0.04921875
2 0.04609375 0.1375 0.0203125 0.053125
2 0.03125 0.1890625 0.01640625 0.046875
2 0.04375 0.19921875 0.01484375 0.04375
2 0.01796875 0.23984375 0.01796875 0.046875
2 0.034375 0.24375 0.015625 0.04453125
2 0.00546875 0.30859375 0.01015625 0.0453125
2 0.153125 0.2609375 0.028125 0.04921875
2 0.00625 0.540625 0.0125 0.021875
2 0.02421875 0.5171875 0.02421875 0.02578125
2 0.02578125 0.5796875 0.0265625 0.02890625
2 0.06640625 0.55703125 0.0296875 0.0265625
2 0.08125 0.51953125 0.0265625 0.028125
2 0.1046875 0.54375 0.0234375 0.025
2 0.109375 0.56953125 0.021875 0.02578125
2 0.15390625 0.54296875 0.0265625 0.0234375
2 0.496875 0.36875 0.02578125 0.02421875
2 0.71796875 0.49921875 0.03046875 0.02578125
2 0.8734375 0.51875 0.0265625 0.02578125
2 0.98203125 0.334375 0.02421875 0.0296875
2 0.76796875 0.1734375 0.02578125 0.02578125
2 0.775 0.25390625 0.02890625 0.03125
3 0.93828125 0.39609375 0.02109375 0.021875
3 0.32578125 0.54375 0.065625 0.0390625
3 0.140625 0.5171875 0.0296875 0.02890625
0 0.0265625 0.284375 0.01796875 0.0296875
0 0.1921875 0.3734375 0.021875 0.025
0 0.0515625 0.58828125 0.01796875 0.02421875
0 0.675 0.43828125 0.021875 0.03671875
6 0.46640625 0.5859375 0.04140625 0.03671875
6 0.06953125 0.33203125 0.0296875 0.0765625