6 0.08828125 0.59765625 0.04375 0.01875
6 0.21875 0.66953125 0.03671875 0.0234375
6 0.275 0.71640625 0.0390625 0.0203125
5 0.334375 0.678125 0.0609375 0.021875
6 0.25625 0.82578125 0.03515625 0.0203125
2 0.0265625 0.7984375 0.01640625 0.015625
2 0.0671875 0.821875 0.015625 0.01328125
2 0.13203125 0.77421875 0.015625 0.01328125
2 0.12421875 0.803125 0.015625 0.0140625
2 0.20546875 0.7796875 0.01484375 0.01640625
2 0.26328125 0.77890625 0.01640625 0.01328125
2 0.31484375 0.7984375 0.015625 0.0140625
2 0.2875 0.5953125 0.01875 0.015625
2 0.3109375 0.59453125 0.01953125 0.01875
2 0.2234375 0.47265625 0.00625 0.0265625
2 0.25078125 0.415625 0.0140625 0.025
2 0.340625 0.421875 0.0140625 0.0140625
2 0.340625 0.43984375 0.0109375 0.0140625
3 0.27265625 0.51328125 0.0234375 0.01484375
2 0.4484375 0.04765625 0.00859375 0.0265625
2 0.4484375 0.18046875 0.01953125 0.01953125
2 0.434375 0.19296875 0.01640625 0.01796875
2 0.4484375 0.2453125 0.01484375 0.01875
2 0.44921875 0.271875 0.01796875 0.01640625
2 0.44453125 0.29140625 0.015625 0.01640625
2 0.45546875 0.321875 0.00703125 0.02421875
2 0.46796875 0.32421875 0.00859375 0.02578125
2 0.46875 0.17265625 0.00859375 0.02578125
2 0.43984375 0.15625 0.0140625 0.01328125
2 0.54296875 0.35625 0.01015625 0.02890625
2 0.534375 0.37890625 0.009375 0.03046875
2 0.47265625 0.39296875 0.00703125 0.03046875
2 0.471875 0.4609375 0.009375 0.0359375
2 0.49140625 0.5125 0.01328125 0.0296875
2 0.55078125 0.4578125 0.00859375 0.0234375
2 0.54296875 0.5390625 0.01328125 0.03359375
2 0.61484375 0.59375 0.01640625 0.01953125
2 0.64296875 0.63125 0.01875 0.01484375
2 0.678125 0.60234375 0.0140625 0.01171875
2 0.68046875 0.69140625 0.01640625 0.0140625
2 0.846875 0.60859375 0.01640625 0.015625
2 0.971875 0.60703125 0.01875 0.01328125
2 0.9078125 0.57109375 0.01484375 0.0140625
2 0.91171875 0.48984375 0.009375 0.02578125
2 0.86640625 0.52734375 0.00859375 0.02890625
6 0.8734375 0.61328125 0.025 0.015625
3 0.81796875 0.63828125 0.01640625 0.01484375
3 0.7859375 0.60546875 0.01953125 0.01171875
3 0.45078125 0.83828125 0.01875 0.015625
2 0.490625 0.78203125 0.015625 0.01171875
2 0.53515625 0.784375 0.0140625 0.01484375
2 0.57578125 0.7265625 0.015625 0.0140625
2 0.546875 0.8 0.01875 0.01796875
2 0.59453125 0.8203125 0.015625 0.01484375
2 0.67421875 0.82890625 0.0203125 0.015625
2 0.69296875 0.86484375 0.01875 0.0140625
6 0.503125 0.80859375 0.03046875 0.021875
1 0.44140625 0.7859375 0.04296875 0.02109375
6 0.78125 0.81640625 0.053125 0.02578125
1 0.7484375 0.66953125 0.05390625 0.0234375
1 0.7265625 0.6953125 0.053125 0.03828125
0 0.83203125 0.78984375 0.01328125 0.0140625
2 0.91796875 0.796875 0.01875 0.01484375
2 0.990625 0.8421875 0.01875 0.015625
3 0.59140625 0.63046875 0.01953125 0.0140625
3 0.53671875 0.56015625 0.015625 0.03671875
3 0.5015625 0.72578125 0.02109375 0.015625
6 0.4765625 0.6078125 0.028125 0.059375
1 0.4375 0.61640625 0.04296875 0.040625
6 0.43203125 0.6609375 0.04375 0.03359375
6 0.5453125 0.66171875 0.03046875 0.053125
3 0.165625 0.80390625 0.021875 0.015625
3 0.309375 0.77890625 0.0203125 0.015625
3 0.459375 0.3640625 0.009375 0.0359375
3 0.42578125 0.11796875 0.01640625 0.01640625
6 0.503125 0.16953125 0.01171875 0.06796875
6 0.53671875 0.14921875 0.015625 0.0765625
3 0.4390625 0.04453125 0.00703125 0.0296875
6 0.48359375 0.36171875 0.01171875 0.065625
4 0.4703125 0.35234375 0.00390625 0.01328125
4 0.47734375 0.41953125 0.0046875 0.01484375
4 0.484375 0.4265625 0.00390625 0.01484375
4 0.503125 0.53515625 0.00546875 0.0140625
4 0.5328125 0.503125 0.00859375 0.00625
4 0.0921875 0.69140625 0.009375 0.00625
4 0.13125 0.82890625 0.00625 0.00625
4 0.3234375 0.8140625 0.00859375 0.0046875
4 0.27890625 0.84140625 0.00546875 0.00625
4 0.3609375 0.81875 0.00703125 0.00625
4 0.3515625 0.83046875 0.00859375 0.009375
4 0.38984375 0.8015625 0.00859375 0.00625
4 0.4265625 0.8234375 0.00703125 0.00703125
0 0.309375 0.65703125 0.0109375 0.01328125
4 0.553125 0.8296875 0.00703125 0.00625
4 0.59453125 0.71484375 0.00625 0.00703125
4 0.65078125 0.69140625 0.00859375 0.00625
4 0.75546875 0.73359375 0.00625 0.00703125
4 0.96640625 0.71015625 0.00703125 0.00703125
4 0.89921875 0.853125 0.00859375 0.00703125
0 0.640625 0.59921875 0.009375 0.01171875
0 0.53125 0.521875 0.00859375 0.01875
6 0.48828125 0.82421875 0.02421875 0.02109375
0 0.4421875 0.48984375 0.01171875 0.01171875
0 0.45390625 0.48984375 0.009375 0.0140625
0 0.4546875 0.50625 0.00625 0.01953125
0 0.45078125 0.54609375 0.00546875 0.01875