2 0.34296875 0.290625 0.01796875 0.0140625
2 0.4015625 0.25546875 0.01171875 0.02109375
2 0.39296875 0.21875 0.01640625 0.01875
2 0.5078125 0.3296875 0.00859375 0.02890625
2 0.51875 0.3296875 0.00859375 0.0296875
2 0.559375 0.31953125 0.00703125 0.025
2 0.56796875 0.32109375 0.00859375 0.02421875
2 0.96015625 0.87109375 0.0109375 0.02578125
2 0.9453125 0.90703125 0.00859375 0.02890625
2 0.71953125 0.65390625 0.00859375 0.02421875
6 0.88359375 0.6390625 0.03984375 0.0203125
5 0.7171875 0.3859375 0.04609375 0.01953125
6 0.6609375 0.38671875 0.04140625 0.01953125
6 0.2765625 0.63984375 0.03046875 0.01953125
6 0.1453125 0.646875 0.0390625 0.01953125
6 0.1203125 0.67890625 0.0390625 0.025
4 0.5484375 0.28125 0.0046875 0.0140625
3 0.75546875 0.85390625 0.021875 0.01796875
3 0.715625 0.89609375 0.009375 0.03515625
4 0.5265625 0.2796875 0.003125 0.0140625
4 0.54375 0.29453125 0.00390625 0.01484375
4 0.56875 0.28515625 0.0046875 0.01484375
4 0.58046875 0.30859375 0.00390625 0.01484375
4 0.565625 0.24140625 0.003125 0.01484375
4 0.534375 0.2296875 0.003125 0.0109375
4 0.54296875 0.23046875 0.0046875 0.01171875
4 0.5828125 0.24375 0.00390625 0.01328125
4 0.51953125 0.28125 0.00390625 0.01328125
4 0.4140625 0.27421875 0.00390625 0.01328125
4 0.575 0.24609375 0.003125 0.01328125
4 0.53203125 0.28203125 0.003125 0.0140625
4 0.5390625 0.2984375 0.003125 0.01171875
4 0.54765625 0.29609375 0.003125 0.01171875
0 0.81953125 0.64375 0.01484375 0.01484375
2 0.6796875 0.6515625 0.00546875 0.0234375
2 0.6734375 0.634375 0.00625 0.025
2 0.66484375 0.6359375 0.00625 0.021875
2 0.67109375 0.6578125 0.00625 0.01953125
0 0.81875 0.60390625 0.01171875 0.00859375
2 0.971875 0.91953125 0.00703125 0.0234375
0 0.8640625 0.3890625 0.01328125 0.01171875
2 0.97421875 0.86015625 0.01328125 0.02421875
5 0.9625 0.56171875 0.071875 0.0234375
2 0.9859375 0.81171875 0.01484375 0.03046875
0 0.7921875 0.60546875 0.01171875 0.01328125
6 0.71953125 0.6046875 0.02578125 0.01640625
3 0.74765625 0.60078125 0.0203125 0.01171875
2 0.59296875 0.5890625 0.01328125 0.01171875
2 0.5265625 0.56171875 0.015625 0.01171875
2 0.57578125 0.6265625 0.01171875 0.01328125
6 0.59609375 0.60703125 0.02890625 0.01796875
5 0.88515625 0.47109375 0.03984375 0.02109375
2 0.44609375 0.54453125 0.01796875 0.01484375
6 0.66484375 0.4765625 0.03828125 0.01875
4 0.64453125 0.5609375 0.00859375 0.01328125
2 0.8484375 0.640625 0.00703125 0.0265625
4 0.2109375 0.596875 0.01015625 0.01015625
6 0.14453125 0.5578125 0.03203125 0.01640625
4 0.0609375 0.575 0.00859375 0.0140625
4 0.090625 0.5640625 0.00703125 0.0140625
4 0.3703125 0.45546875 0.0109375 0.01328125
3 0.978125 0.4015625 0.0203125 0.01796875
6 0.90859375 0.51953125 0.03671875 0.02109375
5 0.884375 0.540625 0.0390625 0.01875
6 0.865625 0.590625 0.03828125 0.02578125
6 0.80625 0.5390625 0.03828125 0.02109375
2 0.940625 0.603125 0.01796875 0.01328125
4 0.9671875 0.60546875 0.01015625 0.0109375
2 0.11171875 0.53671875 0.0140625 0.01328125
5 0.07890625 0.496875 0.0203125 0.015625
6 0.01328125 0.4890625 0.02578125 0.025