4 0.0484375 0.66953125 0.01640625 0.01953125
4 0.12109375 0.68515625 0.01015625 0.0140625
4 0.15546875 0.68359375 0.01015625 0.01484375
4 0.18359375 0.68515625 0.01328125 0.0203125
4 0.22890625 0.65546875 0.01328125 0.01875
0 0.071875 0.70390625 0.01640625 0.021875
2 0.3015625 0.68359375 0.02109375 0.01796875
4 0.053125 0.71953125 0.01015625 0.01171875
2 0.06015625 0.6421875 0.0203125 0.0203125
4 0.21328125 0.7234375 0.00390625 0.015625
2 0.2015625 0.7265625 0.015625 0.015625
2 0.32890625 0.63984375 0.01875 0.01796875
2 0.3671875 0.6390625 0.01953125 0.015625
0 0.3359375 0.68203125 0.01171875 0.0140625
0 0.29296875 0.70859375 0.01171875 0.01796875
0 0.39765625 0.709375 0.01328125 0.01796875
0 0.39140625 0.63125 0.01171875 0.01484375
0 0.4015625 0.60703125 0.0109375 0.01484375
0 0.41796875 0.60078125 0.01171875 0.01953125
0 0.421875 0.62734375 0.0109375 0.015625
4 0.31640625 0.6734375 0.009375 0.00703125
2 0.40078125 0.7765625 0.01328125 0.03359375
4 0.38125 0.70625 0.00703125 0.01171875
2 0.22578125 0.525 0.01015625 0.03515625
2 0.228125 0.4890625 0.01015625 0.04140625
2 0.21640625 0.39453125 0.01328125 0.03515625
2 0.21796875 0.30859375 0.0109375 0.028125
2 0.23359375 0.25859375 0.01171875 0.03359375
2 0.4625 0.30625 0.01171875 0.03671875
2 0.51953125 0.2390625 0.009375 0.03515625
2 0.56640625 0.20546875 0.01484375 0.0203125
2 0.56953125 0.1859375 0.01640625 0.02421875
2 0.56953125 0.1609375 0.0203125 0.02109375
4 0.37109375 0.61328125 0.00859375 0.00859375
4 0.36328125 0.62578125 0.009375 0.00859375
4 0.37421875 0.62578125 0.009375 0.00859375
4 0.38515625 0.6140625 0.00859375 0.01015625
4 0.38203125 0.62109375 0.00859375 0.00703125
4 0.41328125 0.61796875 0.00859375 0.01015625
4 0.4 0.67421875 0.01015625 0.009375
4 0.43515625 0.77265625 0.00625 0.015625
4 0.453125 0.759375 0.00390625 0.01796875
4 0.45703125 0.69765625 0.00625 0.01796875
4 0.4484375 0.66484375 0.00859375 0.01015625
4 0.41796875 0.66875 0.00859375 0.009375
4 0.44453125 0.63671875 0.00390625 0.015625
4 0.45703125 0.62578125 0.00390625 0.01640625
4 0.46171875 0.653125 0.009375 0.009375
4 0.45390625 0.609375 0.00625 0.01484375
4 0.465625 0.60859375 0.00546875 0.01484375
4 0.446875 0.62265625 0.00859375 0.01484375
4 0.41171875 0.71875 0.00625 0.01328125
4 0.43359375 0.9359375 0.00546875 0.01796875
2 0.39453125 0.9484375 0.01171875 0.02578125
2 0.396875 0.8640625 0.0140625 0.015625
2 0.39609375 0.88046875 0.015625 0.01953125
2 0.42421875 0.47265625 0.00859375 0.03125
2 0.4234375 0.51484375 0.00859375 0.0296875
4 0.45390625 0.5015625 0.00546875 0.01875
4 0.44453125 0.59375 0.0046875 0.015625
4 0.428125 0.5984375 0.00625 0.0109375
4 0.45859375 0.59765625 0.0046875 0.01328125
4 0.4578125 0.51640625 0.0046875 0.01484375
4 0.453125 0.44140625 0.00546875 0.01796875
4 0.45703125 0.384375 0.00546875 0.01796875
4 0.46640625 0.36328125 0.00546875 0.01484375
4 0.4609375 0.34609375 0.0046875 0.01796875
4 0.45546875 0.34765625 0.00546875 0.01875
4 0.44375 0.38046875 0.00546875 0.01796875
4 0.434375 0.35625 0.0046875 0.015625
4 0.4546875 0.271875 0.0046875 0.01640625
0 0.459375 0.24453125 0.00859375 0.02421875
0 0.44921875 0.24453125 0.009375 0.021875
3 0.46015625 0.20234375 0.009375 0.02578125
2 0.040625 0.54921875 0.009375 0.03359375
3 0.03046875 0.33046875 0.00703125 0.01640625
3 0.03125 0.290625 0.009375 0.01171875
3 0.04921875 0.2640625 0.00703125 0.01484375
2 0.0484375 0.2265625 0.009375 0.034375
2 0.046875 0.1359375 0.00625 0.03515625
2 0.0484375 0.09609375 0.00859375 0.03828125
2 0.0953125 0.04296875 0.01640625 0.0203125
0 0.18203125 0.04140625 0.015625 0.01796875
2 0.19453125 0.06875 0.015625 0.015625
2 0.1890625 0.0953125 0.01953125 0.01796875
2 0.2109375 0.07109375 0.0140625 0.01328125
2 0.228125 0.0765625 0.01640625 0.0140625
0 0.24140625 0.02421875 0.009375 0.021875
0 0.3265625 0.03671875 0.00859375 0.021875
2 0.29453125 0.0984375 0.01640625 0.01484375
2 0.31015625 0.10234375 0.015625 0.01015625
2 0.3390625 0.05859375 0.00859375 0.03671875
4 0.334375 0.084375 0.01015625 0.0140625
2 0.36171875 0.0609375 0.0109375 0.03671875
4 0.4515625 0.09140625 0.00859375 0.01640625
4 0.46328125 0.034375 0.00703125 0.01875
4 0.4625 0.06953125 0.00546875 0.01484375
4 0.44140625 0.140625 0.00859375 0.01796875
4 0.44921875 0.1796875 0.0046875 0.015625
4 0.45390625 0.17265625 0.00625 0.0140625
4 0.45546875 0.27265625 0.00859375 0.01640625
4 0.44296875 0.20078125 0.00625 0.01484375
4 0.440625 0.190625 0.00859375 0.01875
2 0.415625 0.18203125 0.00859375 0.03203125
2 0.4296875 0.18046875 0.01484375 0.01796875
2 0.409375 0.16875 0.009375 0.03125
2 0.3390625 0.10703125 0.01640625 0.01484375
4 0.4375 0.284375 0.00625 0.01640625
4 0.36171875 0.60625 0.009375 0.0140625
4 0.315625 0.60859375 0.0109375 0.01015625
4 0.34921875 0.70703125 0.01171875 0.01171875
4 0.33359375 0.709375 0.01015625 0.01015625
0 0.428125 0.8015625 0.00703125 0.01953125
4 0.31171875 0.71640625 0.00859375 0.01015625
2 0.4328125 0.4140625 0.00703125 0.02421875
4 0.515625 0.065625 0.00625 0.015625
4 0.52890625 0.096875 0.00625 0.01640625
0 0.53203125 0.12109375 0.00859375 0.02421875
4 0.5359375 0.18359375 0.0046875 0.01796875
4 0.51796875 0.1734375 0.00546875 0.015625
0 0.553125 0.03984375 0.00859375 0.025
0 0.5734375 0.03046875 0.00703125 0.02421875
2 0.584375 0.0515625 0.021875 0.01875
2 0.61171875 0.04921875 0.01875 0.01796875
2 0.58046875 0.1 0.01484375 0.01796875
2 0.56875 0.1140625 0.01640625 0.0203125
2 0.5671875 0.1453125 0.01796875 0.01484375
2 0.56484375 0.12890625 0.01640625 0.0140625
0 0.55234375 0.12421875 0.00703125 0.02421875
3 0.58046875 0.26015625 0.015625 0.04140625
2 0.61796875 0.02578125 0.01796875 0.015625
2 0.61796875 0.009375 0.01640625 0.01640625
2 0.5359375 0.24921875 0.009375 0.028125
4 0.5296875 0.31171875 0.00625 0.01875
4 0.5890625 0.325 0.00859375 0.0140625
4 0.571875 0.365625 0.00703125 0.01640625
4 0.534375 0.346875 0.00546875 0.01796875
4 0.5296875 0.3109375 0.00546875 0.015625
0 0.63359375 0.31875 0.01015625 0.02109375
0 0.6484375 0.3109375 0.01328125 0.015625
0 0.69140625 0.3140625 0.01171875 0.01640625
0 0.6109375 0.359375 0.01484375 0.01796875
0 0.52578125 0.35078125 0.00859375 0.02578125
3 0.55625 0.34296875 0.01640625 0.015625
0 0.56171875 0.41328125 0.009375 0.02578125
0 0.59140625 0.490625 0.015625 0.01484375
0 0.67890625 0.49296875 0.01484375 0.01484375
0 0.54375 0.95859375 0.00859375 0.0234375
0 0.53359375 0.959375 0.00859375 0.021875
0 0.53359375 0.98046875 0.00703125 0.01953125
0 0.5359375 0.8859375 0.00859375 0.01875
0 0.546875 0.83515625 0.00859375 0.01875
0 0.51328125 0.79375 0.00625 0.021875
2 0.79765625 0.12421875 0.01171875 0.03046875
2 0.80703125 0.14765625 0.0203125 0.03359375
2 0.77109375 0.2546875 0.00859375 0.03125
2 0.78671875 0.21171875 0.0140625 0.03203125
2 0.71171875 0.28125 0.01171875 0.034375
2 0.86796875 0.17265625 0.0140625 0.03984375
2 0.86796875 0.21015625 0.01328125 0.0359375
2 0.86171875 0.31171875 0.01796875 0.02578125
2 0.88828125 0.3625 0.021875 0.02109375
2 0.83203125 0.51640625 0.021875 0.0234375
2 0.69140625 0.51328125 0.01640625 0.021875
0 0.61796875 0.515625 0.01875 0.01953125
0 0.80546875 0.340625 0.015625 0.0265625
0 0.75078125 0.48359375 0.01640625 0.01875
0 0.77578125 0.4671875 0.01875 0.01640625
0 0.890625 0.48671875 0.01640625 0.01953125
4 0.828125 0.3390625 0.01171875 0.02421875
4 0.75859375 0.3421875 0.01171875 0.01015625
4 0.784375 0.346875 0.01171875 0.01171875
4 0.7390625 0.3046875 0.0109375 0.01796875
4 0.7046875 0.4640625 0.0140625 0.01015625
4 0.84296875 0.4828125 0.01328125 0.01328125
4 0.84921875 0.4734375 0.01328125 0.01640625
4 0.8515625 0.49296875 0.0140625 0.01171875
4 0.85859375 0.51171875 0.0109375 0.015625
4 0.95078125 0.4890625 0.0109375 0.01640625
4 0.840625 0.34765625 0.01484375 0.01953125
4 0.63203125 0.490625 0.01015625 0.01015625
4 0.56796875 0.46171875 0.01171875 0.0203125
4 0.53046875 0.5140625 0.01171875 0.025
4 0.934375 0.31640625 0.0109375 0.01640625
4 0.671875 0.53203125 0.009375 0.01640625
4 0.6609375 0.50859375 0.0140625 0.01875
4 0.73046875 0.5234375 0.01015625 0.015625
0 0.80859375 0.175 0.0140625 0.021875
0 0.8609375 0.2859375 0.01796875 0.0234375
2 0.896875 0.52265625 0.0203125 0.02421875
2 0.69140625 0.54375 0.01328125 0.03515625
2 0.51953125 0.51953125 0.00859375 0.03515625
4 0.890625 0.34375 0.01484375 0.0109375
0 0.81953125 0.28359375 0.01875 0.01796875
4 0.65859375 0.53125 0.009375 0.01953125
2 0.81875 0.8859375 0.01015625 0.034375
2 0.84453125 0.8984375 0.01171875 0.0390625
2 0.85546875 0.90390625 0.009375 0.04140625
2 0.8109375 0.946875 0.01640625 0.01640625
2 0.80859375 0.9625 0.01796875 0.01796875
2 0.80546875 0.98125 0.01171875 0.01328125
2 0.5734375 0.98359375 0.01484375 0.0140625
2 0.56953125 0.97109375 0.01484375 0.01640625
2 0.528125 0.93125 0.00859375 0.03125
2 0.5703125 0.896875 0.015625 0.04140625
2 0.534375 0.740625 0.01171875 0.03203125
2 0.546875 0.73515625 0.015625 0.034375
4 0.5609375 0.50390625 0.01171875 0.015625
4 0.54296875 0.5859375 0.00859375 0.0109375
4 0.55546875 0.5640625 0.00859375 0.01953125
4 0.55546875 0.54609375 0.00859375 0.01953125
4 0.5609375 0.5390625 0.00703125 0.0203125
4 0.53125 0.634375 0.009375 0.01640625
4 0.52421875 0.65703125 0.00859375 0.01875
4 0.5203125 0.6921875 0.00859375 0.01796875
4 0.52421875 0.7140625 0.00625 0.015625
0 0.52109375 0.571875 0.01171875 0.028125
0 0.53828125 0.79375 0.01171875 0.021875
0 0.54453125 0.81328125 0.009375 0.02109375
0 0.546875 0.859375 0.00859375 0.01640625
0 0.540625 0.83515625 0.009375 0.02890625
0 0.5484375 0.8796875 0.00859375 0.021875
0 0.546875 0.9015625 0.009375 0.0234375
2 0.53359375 0.8484375 0.0109375 0.03359375
4 0.51328125 0.8734375 0.009375 0.01953125
4 0.5234375 0.8953125 0.00703125 0.01875
4 0.51796875 0.9015625 0.01015625 0.0203125