0 0.05625 0.76171875 0.01328125 0.01171875
0 0.071875 0.65625 0.015625 0.01484375
0 0.27109375 0.7484375 0.01640625 0.01484375
0 0.36875 0.509375 0.01171875 0.015625
0 0.57421875 0.51328125 0.01015625 0.015625
4 0.634375 0.38671875 0.01171875 0.0140625
4 0.62578125 0.30859375 0.0109375 0.01484375
0 0.75625 0.36953125 0.0109375 0.021875
4 0.57734375 0.5 0.0109375 0.01171875
0 0.13359375 0.67578125 0.01484375 0.01328125
4 0.4140625 0.53671875 0.0109375 0.01484375
2 0.3 0.246875 0.0203125 0.0203125
4 0.08046875 0.23046875 0.0109375 0.015625
2 0.21953125 0.40625 0.01953125 0.0296875
0 0.7234375 0.40546875 0.01328125 0.01328125
4 0.82421875 0.7578125 0.00859375 0.01171875
4 0.63515625 0.7515625 0.00859375 0.01875
0 0.67109375 0.55078125 0.01171875 0.0203125
0 0.6234375 0.5703125 0.01484375 0.0203125
2 0.7640625 0.66015625 0.01640625 0.03125
0 0.6859375 0.55 0.01015625 0.021875
4 0.66796875 0.51484375 0.009375 0.01953125
0 0.75703125 0.49765625 0.00859375 0.01875
0 0.7734375 0.41953125 0.0109375 0.02421875
4 0.77578125 0.15234375 0.009375 0.01015625
0 0.6 0.334375 0.0109375 0.0109375
4 0.696875 0.66796875 0.01171875 0.01328125
4 0.62578125 0.7359375 0.00859375 0.015625
4 0.33046875 0.34140625 0.00859375 0.01484375
4 0.39765625 0.6234375 0.009375 0.015625
3 0.20078125 0.7640625 0.0140625 0.02109375
0 0.2359375 0.60546875 0.01171875 0.015625
4 0.5609375 0.46953125 0.01015625 0.0109375
4 0.74140625 0.37109375 0.00859375 0.01796875
4 0.565625 0.378125 0.0109375 0.015625
4 0.671875 0.2640625 0.01015625 0.015625
4 0.728125 0.18203125 0.01171875 0.01484375
2 0.67890625 0.76171875 0.02578125 0.04921875
4 0.80234375 0.73671875 0.009375 0.0140625
4 0.353125 0.65859375 0.01015625 0.01328125
4 0.5578125 0.5046875 0.01015625 0.01953125
0 0.60078125 0.55703125 0.01171875 0.02109375
4 0.57421875 0.6265625 0.00546875 0.01875
0 0.61171875 0.51171875 0.01171875 0.021875
4 0.6421875 0.56328125 0.00703125 0.01328125
0 0.87890625 0.125 0.01171875 0.01875
0 0.72578125 0.1515625 0.01171875 0.015625
0 0.765625 0.31796875 0.01796875 0.015625
0 0.0734375 0.74453125 0.015625 0.01484375
2 0.17421875 0.12421875 0.02109375 0.02890625
0 0.6453125 0.5953125 0.0140625 0.0234375
4 0.7484375 0.434375 0.01328125 0.01640625
4 0.1668463421875 0.748744821875 0.16678856875 0.7483290296875 0.1553501625 0.7366675781249999 0.1508084328125 0.751319146875 0.16090115 0.765671721875 0.1668463421875 0.748744821875
4 0.60703125 0.36796875 0.00859375 0.01875
4 0.37421875 0.48125 0.009375 0.01171875
4 0.1734375 0.65390625 0.01171875 0.01171875
4 0.53515625 0.453125 0.01015625 0.01328125
0 0.51953125 0.42265625 0.01171875 0.01328125
4 0.34765625 0.34921875 0.009375 0.01796875
0 0.090625 0.7515625 0.015625 0.0109375
4 0.05390625 0.7765625 0.009375 0.009375
0 0.48046875 0.60078125 0.01015625 0.01953125
0 0.82109375 0.2234375 0.0140625 0.02578125
4 0.7640625 0.05546875 0.00546875 0.0203125
0 0.759375 0.11328125 0.00859375 0.025
4 0.49140625 0.45703125 0.00859375 0.01484375
0 0.5265625 0.584375 0.009375 0.0296875
4 0.7640625 0.7125 0.00859375 0.01328125
4 0.79140625 0.7390625 0.00703125 0.015625
4 0.79921875 0.7640625 0.00703125 0.01328125
4 0.81328125 0.75703125 0.01015625 0.01015625
4 0.7921875 0.771875 0.01015625 0.01171875
0 0.82578125 0.78203125 0.01328125 0.01953125
4 0.49609375 0.640625 0.01328125 0.009375
0 0.60703125 0.53359375 0.01171875 0.021875
4 0.86484375 0.12109375 0.01015625 0.015625
4 0.84921875 0.14453125 0.01171875 0.01484375
0 0.51640625 0.44921875 0.01796875 0.02109375
2 0.38046875 0.44296875 0.01875 0.0296875
4 0.29140625 0.6046875 0.01171875 0.0109375
4 0.20390625 0.6640625 0.009375 0.01328125
4 0.32890625 0.6890625 0.00703125 0.01484375
4 0.1265625 0.1265625 0.00859375 0.01640625
0 0.1015625 0.115625 0.01171875 0.01796875
2 0.0609375 0.16796875 0.0203125 0.0265625
4 0.36953125 0.35390625 0.0109375 0.01171875
4 0.340625 0.33125 0.01171875 0.0140625
4 0.415625 0.3609375 0.00859375 0.01015625
4 0.39453125 0.3765625 0.009375 0.01171875
4 0.378125 0.4015625 0.00625 0.0109375
4 0.4734375 0.3921875 0.01015625 0.01171875
2 0.03671875 0.753125 0.01953125 0.01796875
0 0.47109375 0.628125 0.0140625 0.01640625
4 0.7962225187499999 0.269799840625 0.7902942937499999 0.26453085 0.783378046875 0.2750687984375 0.791035328125 0.285606746875 0.7907883234375 0.2816550125 0.7962225187499999 0.269799840625
4 0.75390625 0.3421875 0.01015625 0.0140625
4 0.7703125 0.36015625 0.009375 0.01640625
4 0.73203125 0.371875 0.00859375 0.01953125
4 0.784375 0.70078125 0.01171875 0.01875
4 0.75234375 0.60546875 0.01015625 0.0234375
5 0.53359375 0.36953125 0.04296875 0.03515625
3 0.665625 0.31328125 0.01640625 0.0296875
0 0.628125 0.55234375 0.01328125 0.0234375
2 0.70546875 0.61875 0.021875 0.04375
2 0.72265625 0.634375 0.01640625 0.028125
3 0.74609375 0.67421875 0.0265625 0.04609375
3 0.7484375 0.72578125 0.03828125 0.053125
3 0.68125 0.71640625 0.0140625 0.03359375
3 0.58046875 0.70234375 0.02890625 0.040625
2 0.55078125 0.62109375 0.02421875 0.03203125
3 0.58828125 0.60078125 0.02109375 0.03125
3 0.8609375 0.77890625 0.0265625 0.04140625
3 0.871875 0.84296875 0.0203125 0.02890625
2 0.92578125 0.90546875 0.0203125 0.03671875
4 0.978125 0.94296875 0.01015625 0.021875
3 0.97109375 0.9640625 0.01640625 0.0359375
2 0.834375 0.8109375 0.0203125 0.03828125
2 0.7515625 0.85234375 0.02421875 0.034375
2 0.69453125 0.81328125 0.01875 0.03046875
0 0.70703125 0.796875 0.01484375 0.0296875
2 0.6859375 0.49609375 0.01875 0.04296875
0 0.45703125 0.64921875 0.01875 0.02109375
2 0.29296875 0.534375 0.025 0.03359375
2 0.13046875 0.15546875 0.0265625 0.03515625
0 0.29453125 0.2640625 0.0140625 0.021875