2 0.340625 0.29375 0.01640625 0.01171875
2 0.3921875 0.22265625 0.01484375 0.0140625
2 0.4015625 0.25703125 0.0109375 0.01796875
2 0.50703125 0.33046875 0.00625 0.0265625
2 0.51796875 0.3296875 0.00625 0.028125
2 0.55859375 0.31953125 0.00703125 0.02421875
2 0.56640625 0.32109375 0.00625 0.021875
4 0.58359375 0.30234375 0.003125 0.015625
4 0.57890625 0.30390625 0.00390625 0.01875
4 0.575 0.296875 0.003125 0.01171875
4 0.571875 0.29375 0.003125 0.01171875
4 0.56796875 0.284375 0.003125 0.0140625
4 0.56875 0.30078125 0.003125 0.01328125
4 0.546875 0.2953125 0.003125 0.01484375
4 0.54296875 0.2953125 0.003125 0.0140625
4 0.53828125 0.296875 0.003125 0.01484375
4 0.53125 0.28125 0.0015625 0.01328125
4 0.528125 0.28125 0.003125 0.0140625
4 0.52578125 0.28046875 0.003125 0.0140625
4 0.54765625 0.28046875 0.003125 0.01171875
4 0.58125 0.24296875 0.003125 0.01328125
4 0.578125 0.24296875 0.0015625 0.0140625
4 0.57421875 0.24375 0.003125 0.015625
4 0.5671875 0.24296875 0.003125 0.0140625
4 0.56484375 0.24296875 0.003125 0.0140625
4 0.54609375 0.23046875 0.003125 0.0140625
4 0.54140625 0.2296875 0.003125 0.01171875
4 0.53359375 0.2296875 0.003125 0.01171875
4 0.5296875 0.2296875 0.003125 0.01171875
4 0.5265625 0.23046875 0.003125 0.01015625
4 0.41015625 0.27578125 0.00390625 0.0140625
4 0.4140625 0.27421875 0.003125 0.01015625
4 0.43359375 0.21015625 0.00625 0.01484375
4 0.3171875 0.41796875 0.00859375 0.0109375
4 0.8609375 0.40078125 0.00859375 0.009375
4 0.975 0.3703125 0.00703125 0.0109375
4 0.96796875 0.23671875 0.01015625 0.01328125
3 0.99375 0.29140625 0.009375 0.0265625
4 0.95625 0.3859375 0.00546875 0.00859375
6 0.94765625 0.403125 0.040625 0.01875
2 0.90703125 0.39375 0.01328125 0.0109375
2 0.87734375 0.409375 0.01484375 0.0109375
2 0.84140625 0.35 0.01015625 0.025
3 0.83125 0.42265625 0.02109375 0.015625
2 0.7578125 0.434375 0.01328125 0.01171875
2 0.678125 0.4515625 0.0140625 0.01171875
5 0.71796875 0.384375 0.04375 0.01796875
5 0.66171875 0.38515625 0.03984375 0.01875
4 0.02421875 0.6328125 0.00703125 0.009375
2 0.06328125 0.54453125 0.01484375 0.01171875
6 0.09453125 0.496875 0.03984375 0.01640625
6 0.1484375 0.56171875 0.03125 0.01640625
5 0.171875 0.471875 0.0453125 0.01796875
5 0.14609375 0.65 0.03515625 0.01953125
5 0.12109375 0.684375 0.03671875 0.021875
3 0.08671875 0.51953125 0.0203125 0.01640625
5 0.28046875 0.64296875 0.03203125 0.015625
2 0.27578125 0.50703125 0.01484375 0.01328125
2 0.4015625 0.53203125 0.015625 0.01484375
4 0.3484375 0.571875 0.00625 0.009375
4 0.61796875 0.60390625 0.00703125 0.009375
0 0.53671875 0.609375 0.0109375 0.0140625
6 0.49453125 0.62421875 0.02578125 0.01953125
3 0.43671875 0.5015625 0.01640625 0.0140625
3 0.68359375 0.621875 0.00703125 0.02109375
3 0.7015625 0.57578125 0.02109375 0.01875
2 0.578125 0.625 0.0109375 0.0109375
2 0.66796875 0.63515625 0.00625 0.02109375
2 0.67421875 0.63203125 0.00546875 0.025
2 0.6796875 0.67109375 0.00625 0.02421875
2 0.71953125 0.6546875 0.00703125 0.021875
6 0.72265625 0.60546875 0.02578125 0.01796875
4 0.6734375 0.58203125 0.00703125 0.00859375
4 0.73984375 0.58671875 0.00703125 0.00703125
4 0.840625 0.5859375 0.009375 0.01015625
6 0.8109375 0.5359375 0.0265625 0.01640625
6 0.88515625 0.63671875 0.0390625 0.01796875
0 0.79453125 0.603125 0.0109375 0.01171875
0 0.821875 0.64453125 0.01171875 0.00859375
0 0.75625 0.66640625 0.0140625 0.015625
0 0.8203125 0.60078125 0.009375 0.01171875
4 0.9765625 0.58046875 0.00703125 0.00859375
5 0.9640625 0.56015625 0.07109375 0.0203125
2 0.93671875 0.7953125 0.01015625 0.0140625
2 0.9375 0.81015625 0.01015625 0.01328125
2 0.98828125 0.80703125 0.01484375 0.02578125
2 0.97734375 0.85625 0.0109375 0.0203125
2 0.96171875 0.8671875 0.01015625 0.02578125
2 0.9734375 0.915625 0.00859375 0.02109375
2 0.95390625 0.8953125 0.00703125 0.0234375
2 0.94453125 0.903125 0.00703125 0.0296875
3 0.71796875 0.8953125 0.00859375 0.03203125
3 0.7578125 0.853125 0.01796875 0.0140625