1 0.21953125 0.6703125 0.05546875 0.028125
1 0.2765625 0.665625 0.05546875 0.02890625
2 0.30078125 0.696875 0.01953125 0.01796875
4 0.35625 0.70625 0.0109375 0.00859375
4 0.296875 0.778125 0.01171875 0.01171875
4 0.15546875 0.896875 0.01328125 0.01171875
0 0.1046875 0.91640625 0.01796875 0.01640625
0 0.13828125 0.959375 0.0140625 0.01796875
2 0.35 0.77890625 0.01953125 0.01796875
0 0.40859375 0.75859375 0.01484375 0.015625
4 0.4734375 0.80859375 0.01328125 0.0109375
4 0.4921875 0.87109375 0.009375 0.01484375
0 0.5171875 0.83828125 0.0140625 0.0203125
6 0.56171875 0.865625 0.03515625 0.040625
2 0.58359375 0.90859375 0.02421875 0.0234375
2 0.615625 0.87109375 0.02421875 0.021875
1 0.67578125 0.87421875 0.06015625 0.03828125
0 0.73359375 0.878125 0.01640625 0.01640625
2 0.7671875 0.871875 0.0234375 0.02109375
2 0.7265625 0.8265625 0.021875 0.0234375
2 0.79765625 0.828125 0.0203125 0.0203125
2 0.81640625 0.875 0.0234375 0.0203125
2 0.828125 0.903125 0.028125 0.02421875
4 0.79453125 0.803125 0.01171875 0.01015625
4 0.82890625 0.79140625 0.0109375 0.01328125
4 0.834375 0.746875 0.0109375 0.00859375
4 0.96484375 0.81328125 0.01171875 0.0140625
2 0.93984375 0.8390625 0.025 0.0234375
4 0.9140625 0.87578125 0.0140625 0.0109375
4 0.56796875 0.68359375 0.0140625 0.01015625
4 0.64140625 0.68359375 0.01171875 0.01171875
2 0.590625 0.778125 0.021875 0.025
2 0.5578125 0.75703125 0.01953125 0.034375
2 0.534375 0.72109375 0.01796875 0.03671875
4 0.4671875 0.6609375 0.00625 0.015625
4 0.48203125 0.50625 0.00703125 0.02109375
4 0.46640625 0.3609375 0.00625 0.01796875
4 0.52265625 0.375 0.00625 0.01875
4 0.471875 0.10078125 0.0046875 0.02109375
4 0.478125 0.05625 0.00625 0.0203125
4 0.5296875 0.01015625 0.00546875 0.0203125
0 0.5265625 0.04140625 0.00859375 0.0265625