2 0.04140625 0.96484375 0.02109375 0.034375
2 0.06328125 0.97734375 0.02109375 0.0359375
2 0.0953125 0.8765625 0.0203125 0.02578125
2 0.209375 0.98046875 0.01875 0.034375
2 0.23125 0.95546875 0.01875 0.040625
2 0.2890625 0.83359375 0.01484375 0.03515625
2 0.3234375 0.8265625 0.01640625 0.03125
2 0.328125 0.95390625 0.01484375 0.03046875
2 0.371875 0.959375 0.01640625 0.0359375
2 0.240625 0.703125 0.01796875 0.0265625
2 0.24921875 0.71953125 0.01796875 0.03359375
2 0.2578125 0.68671875 0.01875 0.02890625
2 0.265625 0.70234375 0.0140625 0.0265625
2 0.28203125 0.67890625 0.01328125 0.028125
2 0.296875 0.66015625 0.015625 0.025
2 0.29296875 0.64609375 0.0140625 0.02421875
2 0.31328125 0.64453125 0.01640625 0.02890625
2 0.32421875 0.60859375 0.01640625 0.02890625
2 0.32890625 0.6234375 0.01640625 0.0296875
2 0.34375 0.596875 0.01640625 0.0296875
2 0.50078125 0.63359375 0.01953125 0.0234375
2 0.39140625 0.46015625 0.01484375 0.03515625
2 0.378125 0.38359375 0.01640625 0.03203125
2 0.34921875 0.29609375 0.01484375 0.0296875
2 0.33046875 0.26171875 0.01640625 0.03515625
2 0.3078125 0.196875 0.01875 0.040625
2 0.28046875 0.14296875 0.01640625 0.03359375
2 0.32109375 0.01328125 0.01640625 0.02578125
2 0.33125 0.01171875 0.015625 0.0234375
2 0.3765625 0.1609375 0.015625 0.03828125
2 0.4140625 0.265625 0.015625 0.03046875
2 0.421875 0.25546875 0.01796875 0.03125
2 0.4375 0.25703125 0.01484375 0.0296875
2 0.43515625 0.290625 0.01484375 0.03203125
2 0.42578125 0.29375 0.01484375 0.034375
2 0.415625 0.29296875 0.01328125 0.03046875
2 0.46328125 0.4390625 0.01796875 0.0265625
2 0.5546875 0.221875 0.0140625 0.04140625
2 0.58125 0.20078125 0.015625 0.03125
2 0.565625 0.1390625 0.01484375 0.034375
2 0.553125 0.053125 0.0140625 0.03359375
2 0.590625 0.0625 0.0203125 0.0234375
2 0.640625 0.31171875 0.02109375 0.025
2 0.79453125 0.16640625 0.01328125 0.0359375
2 0.80859375 0.17578125 0.02109375 0.025
2 0.81953125 0.14296875 0.0140625 0.03359375
2 0.86953125 0.08203125 0.0203125 0.0359375
2 0.85546875 0.1828125 0.01953125 0.03125
2 0.9359375 0.009375 0.02109375 0.01875
2 0.94453125 0.203125 0.01640625 0.03359375
2 0.93515625 0.2109375 0.02109375 0.02890625
2 0.92421875 0.2265625 0.0203125 0.03359375
2 0.81953125 0.2515625 0.02109375 0.03046875
2 0.80078125 0.2625 0.01796875 0.03125
2 0.78515625 0.28515625 0.01796875 0.03125
2 0.7484375 0.30546875 0.01484375 0.025
2 0.753125 0.3265625 0.0140625 0.01640625
2 0.7390625 0.34296875 0.01640625 0.01953125
2 0.72890625 0.33203125 0.01875 0.03125
2 0.70859375 0.3515625 0.01875 0.03125
2 0.7234375 0.35859375 0.01484375 0.0234375
2 0.73828125 0.359375 0.01640625 0.01953125
2 0.70859375 0.38203125 0.01796875 0.025
2 0.68359375 0.403125 0.01875 0.0265625
2 0.6796875 0.390625 0.01796875 0.01875
2 0.665625 0.41171875 0.01640625 0.0296875
2 0.71953125 0.57109375 0.01484375 0.03203125
2 0.865625 0.74609375 0.01796875 0.0296875
2 0.88046875 0.759375 0.01328125 0.03203125
2 0.90390625 0.77421875 0.0140625 0.025
2 0.940625 0.81953125 0.015625 0.034375
2 0.94921875 0.83984375 0.02109375 0.0296875
2 0.959375 0.85859375 0.02109375 0.025
2 0.9703125 0.87421875 0.02109375 0.025
2 0.978125 0.90390625 0.02421875 0.02578125
2 0.925 0.97421875 0.0203125 0.034375
2 0.86796875 0.9125 0.0203125 0.02109375
2 0.85703125 0.88828125 0.0234375 0.028125
2 0.8109375 0.8625 0.01953125 0.028125
2 0.7171875 0.76796875 0.01875 0.02421875
2 0.68671875 0.740625 0.0203125 0.025
2 0.659375 0.72890625 0.02421875 0.0234375
2 0.6765625 0.75625 0.01796875 0.0203125
2 0.6265625 0.721875 0.02109375 0.02109375
2 0.6109375 0.6984375 0.01796875 0.0203125
2 0.615625 0.6859375 0.0203125 0.0234375
2 0.590625 0.64375 0.01484375 0.03515625
2 0.565625 0.63515625 0.015625 0.03359375
2 0.58359375 0.684375 0.02109375 0.0265625
2 0.58359375 0.7015625 0.0203125 0.021875
2 0.59609375 0.7234375 0.02421875 0.0234375
2 0.55625 0.6890625 0.02109375 0.01875
2 0.52421875 0.6671875 0.0203125 0.028125
2 0.55078125 0.778125 0.021875 0.02890625
4 0.1140625 0.9015625 0.01015625 0.01484375
4 0.05390625 0.865625 0.0109375 0.01484375
4 0.05859375 0.88046875 0.01171875 0.01484375
4 0.06796875 0.871875 0.0109375 0.01015625
4 0.08046875 0.85546875 0.00703125 0.015625
4 0.08359375 0.85078125 0.00625 0.01796875
4 0.08828125 0.84609375 0.00625 0.01875
4 0.09296875 0.84453125 0.00625 0.015625
4 0.10703125 0.8328125 0.00703125 0.0140625
4 0.109375 0.8265625 0.00703125 0.01484375
4 0.115625 0.821875 0.00703125 0.01484375
4 0.24921875 0.934375 0.00546875 0.01484375
4 0.26171875 0.9125 0.00703125 0.01796875
4 0.225 0.72890625 0.0109375 0.01875
4 0.31875 0.78203125 0.0109375 0.01953125
4 0.2984375 0.859375 0.009375 0.01484375
4 0.27578125 0.63984375 0.009375 0.01484375
4 0.28046875 0.6515625 0.009375 0.01484375
4 0.30703125 0.6265625 0.009375 0.0109375
4 0.31484375 0.62421875 0.00703125 0.0109375
4 0.328125 0.5953125 0.00703125 0.0140625
4 0.33359375 0.5828125 0.00703125 0.015625
4 0.36796875 0.76953125 0.00703125 0.01484375
4 0.459375 0.7484375 0.0046875 0.01640625
4 0.41328125 0.50390625 0.0140625 0.015625
4 0.3640625 0.37578125 0.00859375 0.01640625
4 0.3734375 0.4046875 0.00859375 0.015625
4 0.35390625 0.3765625 0.00625 0.01796875
4 0.35625 0.33515625 0.00859375 0.01484375
4 0.346875 0.33203125 0.00859375 0.01953125
4 0.3359375 0.3015625 0.00703125 0.01796875
4 0.32421875 0.26875 0.00625 0.01484375
4 0.275 0.15390625 0.00859375 0.015625
4 0.2765625 0.16875 0.00859375 0.01328125
4 0.25859375 0.11484375 0.009375 0.0203125
4 0.26328125 0.10859375 0.00859375 0.01796875
4 0.3328125 0.053125 0.00859375 0.01484375
4 0.36875 0.08125 0.00859375 0.009375
4 0.38515625 0.13359375 0.01171875 0.01171875
4 0.39296875 0.15078125 0.0109375 0.01171875
4 0.39375 0.1328125 0.009375 0.0109375
4 0.396875 0.134375 0.00546875 0.00703125
4 0.3984375 0.1390625 0.00546875 0.009375
4 0.4015625 0.14296875 0.0046875 0.0109375
4 0.40390625 0.15546875 0.00546875 0.01171875
4 0.40703125 0.13359375 0.00390625 0.01328125
4 0.409375 0.16171875 0.00625 0.0109375
4 0.41171875 0.171875 0.00625 0.01015625
4 0.41640625 0.17734375 0.0046875 0.0140625
4 0.415625 0.15546875 0.00703125 0.0109375
4 0.41796875 0.159375 0.00703125 0.01015625
4 0.4234375 0.1734375 0.00546875 0.0109375
4 0.4265625 0.1796875 0.00625 0.01328125
4 0.4359375 0.19609375 0.009375 0.01015625
4 0.43359375 0.1890625 0.009375 0.0140625
4 0.425 0.271875 0.00859375 0.01328125
4 0.44375 0.2921875 0.00703125 0.0109375
4 0.44609375 0.2859375 0.00859375 0.0140625
4 0.49921875 0.3359375 0.01015625 0.01328125
4 0.55625 0.321875 0.009375 0.01953125
4 0.54453125 0.40625 0.0109375 0.01640625
4 0.55859375 0.3921875 0.01328125 0.01640625
4 0.5734375 0.259375 0.00546875 0.02109375
4 0.5828125 0.2390625 0.00859375 0.01328125
4 0.55546875 0.1765625 0.00859375 0.02578125
4 0.62421875 0.35625 0.00703125 0.01640625
4 0.7109375 0.31015625 0.01015625 0.0109375
4 0.7484375 0.22109375 0.00703125 0.0140625
4 0.75390625 0.21875 0.00859375 0.0140625
4 0.81171875 0.159375 0.00859375 0.00625
4 0.809375 0.14609375 0.00859375 0.01484375
4 0.95390625 0.084375 0.0109375 0.01796875
4 0.9265625 0.134375 0.009375 0.01328125
4 0.89375 0.16328125 0.009375 0.0203125
4 0.89140625 0.184375 0.00859375 0.01328125
4 0.8703125 0.19453125 0.01015625 0.015625
4 0.83125 0.25078125 0.00859375 0.01484375
4 0.75 0.34609375 0.009375 0.01171875
4 0.7421875 0.3265625 0.00859375 0.015625
4 0.721875 0.37109375 0.00859375 0.0109375
4 0.728125 0.37421875 0.00546875 0.0140625
4 0.71640625 0.37890625 0.009375 0.01015625
4 0.71953125 0.38359375 0.00859375 0.00703125
4 0.71796875 0.39296875 0.00859375 0.00859375
4 0.71015625 0.3890625 0.00859375 0.0140625
4 0.69453125 0.396875 0.00703125 0.0140625
4 0.70078125 0.3984375 0.00859375 0.009375
4 0.70390625 0.4046875 0.009375 0.0109375
4 0.69375 0.40625 0.00625 0.01171875
4 0.6890625 0.40859375 0.00859375 0.01484375
4 0.69296875 0.421875 0.00703125 0.01015625
4 0.67890625 0.41875 0.00859375 0.0109375
4 0.68203125 0.4234375 0.00859375 0.01171875
4 0.68515625 0.4296875 0.00625 0.009375
4 0.69140625 0.43984375 0.0046875 0.01484375
4 0.68125 0.440625 0.00546875 0.01171875
4 0.6765625 0.44921875 0.00703125 0.0109375
4 0.66875 0.4609375 0.00859375 0.009375
4 0.68359375 0.50390625 0.00546875 0.0140625
4 0.8171875 0.71328125 0.0046875 0.01171875
4 0.81953125 0.715625 0.00546875 0.01484375
4 0.821875 0.71875 0.00390625 0.0109375
4 0.83359375 0.72890625 0.0046875 0.0109375
4 0.8390625 0.7390625 0.00546875 0.009375
4 0.84296875 0.7390625 0.0046875 0.0140625
4 0.84921875 0.74140625 0.0046875 0.01328125
4 0.853125 0.746875 0.00546875 0.0140625
4 0.9046875 0.8265625 0.00859375 0.01171875
4 0.921875 0.8234375 0.01015625 0.01328125
4 0.91015625 0.7921875 0.00546875 0.01328125
4 0.96953125 0.91796875 0.009375 0.01015625
4 0.9734375 0.8609375 0.00859375 0.009375
4 0.98046875 0.8515625 0.00859375 0.01015625
4 0.984375 0.87578125 0.00390625 0.01171875
4 0.9078125 0.9765625 0.0109375 0.01328125
4 0.89140625 0.9265625 0.0109375 0.0140625
4 0.8765625 0.93046875 0.00859375 0.01640625
4 0.828125 0.89453125 0.01171875 0.01484375
4 0.790625 0.828125 0.0109375 0.01640625
4 0.68203125 0.74921875 0.009375 0.01015625
4 0.66796875 0.76640625 0.009375 0.01171875
4 0.6421875 0.7078125 0.00859375 0.0109375
4 0.63125 0.703125 0.01015625 0.009375
4 0.63671875 0.715625 0.00859375 0.01171875
4 0.63671875 0.734375 0.01171875 0.01171875
4 0.61484375 0.73359375 0.01015625 0.01015625
4 0.57890625 0.73203125 0.009375 0.009375
4 0.578125 0.71171875 0.009375 0.01328125
4 0.56171875 0.7109375 0.0109375 0.01015625
4 0.58046875 0.66015625 0.00625 0.0140625
4 0.5734375 0.65078125 0.00546875 0.0203125
4 0.56015625 0.665625 0.009375 0.0140625
4 0.54296875 0.62890625 0.009375 0.01640625
4 0.509375 0.67421875 0.01171875 0.01875
4 0.50546875 0.71875 0.01640625 0.01796875
4 0.52421875 0.746875 0.01015625 0.021875
4 0.5328125 0.7359375 0.009375 0.01171875
0 0.10859375 0.86328125 0.015625 0.0234375
0 0.2734375 0.6671875 0.01328125 0.021875
0 0.39609375 0.78125 0.0140625 0.01953125
0 0.46796875 0.74140625 0.01328125 0.025
0 0.334375 0.59140625 0.01328125 0.01953125
0 0.346875 0.48828125 0.01484375 0.028125
0 0.34453125 0.4453125 0.01015625 0.03046875
0 0.4234375 0.30859375 0.01171875 0.02890625
0 0.60390625 0.28828125 0.01171875 0.01953125
0 0.6015625 0.25625 0.01171875 0.025
0 0.70625 0.29453125 0.01640625 0.01796875
0 0.70859375 0.26875 0.01484375 0.025
0 0.6640625 0.4359375 0.01171875 0.0203125
0 0.671875 0.4390625 0.015625 0.021875
0 0.69609375 0.37890625 0.0109375 0.01796875
0 0.7609375 0.33125 0.009375 0.01796875
0 0.89609375 0.19296875 0.01484375 0.02421875
0 0.665625 0.56484375 0.015625 0.021875
0 0.75546875 0.6484375 0.015625 0.0234375
0 0.87265625 0.76171875 0.01484375 0.03046875
0 0.53828125 0.7234375 0.0140625 0.01875
0 0.5484375 0.70078125 0.015625 0.01875
0 0.540625 0.6640625 0.0140625 0.01484375
0 0.54140625 0.61953125 0.01171875 0.015625
3 0.3484375 0.615625 0.021875 0.0390625
3 0.28828125 0.63671875 0.01640625 0.0234375
3 0.82578125 0.9140625 0.021875 0.0265625
3 0.340625 0.0421875 0.0265625 0.05078125
1 0.6515625 0.5734375 0.03046875 0.06328125
1 0.69296875 0.725 0.05703125 0.05546875
1 0.7609375 0.8140625 0.05546875 0.0703125
1 0.478125 0.6703125 0.0453125 0.0359375
1 0.409375 0.69609375 0.05546875 0.03671875
1 0.2203125 0.7609375 0.046875 0.065625
1 0.228125 0.89375 0.05078125 0.071875
1 0.31875 0.58984375 0.04296875 0.078125
1 0.7953125 0.21328125 0.03984375 0.0515625