2 0.9828125 0.34140625 0.028125 0.028125
2 0.78125 0.5046875 0.028125 0.02109375
2 0.76953125 0.17421875 0.02890625 0.0296875
2 0.778125 0.25703125 0.0296875 0.025
2 0.49921875 0.36953125 0.028125 0.02890625
2 0.59140625 0.52109375 0.02890625 0.02890625
2 0.15625 0.26171875 0.02578125 0.04921875
2 0.18359375 0.5390625 0.0296875 0.0265625
2 0.15546875 0.51015625 0.028125 0.028125
2 0.12578125 0.51640625 0.02578125 0.02421875
2 0.1046875 0.540625 0.021875 0.021875
2 0.10390625 0.57109375 0.02578125 0.0203125
2 0.075 0.5140625 0.0265625 0.02578125
2 0.04765625 0.52265625 0.025 0.021875
2 0.07890625 0.54375 0.025 0.02109375
2 0.04609375 0.55078125 0.02578125 0.01875
2 0.04609375 0.57109375 0.025 0.02109375
2 0.08359375 0.059375 0.021875 0.05625
2 0.01953125 0.04453125 0.01875 0.046875
2 0.0359375 0.1890625 0.01953125 0.04921875
2 0.0515625 0.19375 0.01796875 0.04375
2 0.04140625 0.24296875 0.01796875 0.0453125
2 0.0078125 0.3109375 0.015625 0.05
4 0.03203125 0.009375 0.0078125 0.01875
4 0.025 0.00859375 0.00703125 0.01640625
4 0.015625 0.00546875 0.00703125 0.0109375
4 0.00703125 0.06875 0.00625 0.0203125
4 0.00546875 0.04375 0.00703125 0.01953125
4 0.01171875 0.27421875 0.01015625 0.0234375
4 0.0390625 0.50625 0.0109375 0.0109375
4 0.03828125 0.53515625 0.01171875 0.01171875
4 0.0421875 0.58671875 0.0140625 0.0140625
4 0.05546875 0.5875 0.01171875 0.01171875
4 0.0671875 0.57890625 0.0109375 0.00859375
4 0.06640625 0.56953125 0.009375 0.00546875
4 0.06484375 0.559375 0.0109375 0.00859375
4 0.09140625 0.55546875 0.01484375 0.01015625
4 0.10390625 0.55390625 0.0109375 0.0109375
4 0.1859375 0.584375 0.0140625 0.01328125
4 0.2609375 0.3671875 0.01171875 0.0140625
4 0.5359375 0.39921875 0.0140625 0.01484375
3 0.9265625 0.40703125 0.02890625 0.02578125
0 0.65078125 0.55546875 0.02109375 0.021875
0 0.19609375 0.375 0.02421875 0.02421875
0 0.1015625 0.515625 0.0203125 0.01953125
0 0.078125 0.56328125 0.01796875 0.0203125
0 0.03125 0.28046875 0.015625 0.03046875
6 0.0703125 0.32578125 0.0296875 0.06796875
6 0.46796875 0.58984375 0.04453125 0.0359375