2 0.29375 0.5203125 0.025 0.0203125
2 0.33203125 0.603125 0.02421875 0.0203125
2 0.38046875 0.515625 0.02421875 0.021875
5 0.35546875 0.503125 0.01953125 0.0203125
2 0.38046875 0.4671875 0.025 0.0234375
2 0.21328125 0.58515625 0.02578125 0.021875
4 0.18359375 0.509375 0.01640625 0.01953125
4 0.215625 0.484375 0.015625 0.01328125
4 0.2453125 0.45390625 0.01015625 0.01484375
4 0.2609375 0.44140625 0.01640625 0.028125
2 0.2453125 0.56953125 0.02421875 0.01796875
2 0.4109375 0.4890625 0.01953125 0.015625
2 0.46015625 0.465625 0.02421875 0.01875
2 0.48203125 0.46328125 0.021875 0.01875
2 0.5015625 0.46796875 0.02109375 0.0203125
2 0.521875 0.46875 0.015625 0.01875
2 0.5421875 0.4640625 0.02109375 0.02890625
2 0.56328125 0.46953125 0.01484375 0.01796875
2 0.596875 0.46328125 0.01484375 0.01171875
2 0.61640625 0.46640625 0.01796875 0.021875
2 0.6390625 0.4640625 0.015625 0.01953125
2 0.77265625 0.465625 0.01796875 0.01875
2 0.79296875 0.46796875 0.02109375 0.01875
2 0.8109375 0.45625 0.01796875 0.03671875
2 0.88203125 0.43046875 0.02578125 0.0390625
2 0.8203125 0.5140625 0.01796875 0.021875
2 0.86484375 0.52421875 0.02578125 0.021875
4 0.890625 0.5765625 0.01484375 0.0296875
0 0.8296875 0.58046875 0.01953125 0.01875
0 0.49453125 0.93671875 0.01015625 0.02578125
4 0.5390625 0.81875 0.00703125 0.0390625
4 0.534375 0.8859375 0.01171875 0.0234375
4 0.52578125 0.80390625 0.01015625 0.01015625
4 0.553125 0.5984375 0.0109375 0.01875
4 0.5734375 0.7140625 0.00859375 0.02421875
2 0.55546875 0.6484375 0.01953125 0.03125
2 0.59296875 0.6453125 0.02109375 0.03828125
2 0.55703125 0.76171875 0.01328125 0.03203125
2 0.5390625 0.7640625 0.01640625 0.0359375
2 0.53359375 0.97578125 0.02421875 0.03125
2 0.68046875 0.5703125 0.02421875 0.02890625
2 0.7328125 0.59921875 0.0203125 0.034375
2 0.759375 0.5984375 0.0203125 0.0296875
2 0.71328125 0.65546875 0.01796875 0.03046875
2 0.715625 0.7234375 0.01875 0.0640625
2 0.740625 0.72421875 0.01640625 0.04921875
2 0.79921875 0.6078125 0.02421875 0.021875
2 0.8328125 0.60859375 0.01953125 0.0296875
2 0.4390625 0.571875 0.03359375 0.015625
2 0.45703125 0.6046875 0.02421875 0.0265625
2 0.48671875 0.60078125 0.02421875 0.04140625
2 0.3546875 0.64921875 0.021875 0.0390625
2 0.31484375 0.646875 0.015625 0.03359375
2 0.3296875 0.71640625 0.01171875 0.03046875
2 0.35078125 0.71328125 0.01171875 0.025
2 0.340625 0.7140625 0.01171875 0.03671875
2 0.30234375 0.69296875 0.02109375 0.02421875
2 0.29453125 0.66953125 0.025 0.01796875
2 0.30703125 0.71328125 0.01171875 0.034375
2 0.90546875 0.52421875 0.02109375 0.021875
2 0.5546875 0.525 0.03515625 0.03359375
0 0.53203125 0.49921875 0.02578125 0.021875
2 0.45078125 0.51640625 0.02109375 0.01796875
2 0.4234375 0.60546875 0.021875 0.015625
2 0.43984375 0.6078125 0.01484375 0.01796875
2 0.50546875 0.60625 0.015625 0.0203125
2 0.51953125 0.60390625 0.01484375 0.01796875
2 0.546875 0.6890625 0.015625 0.0203125
2 0.54453125 0.70390625 0.01796875 0.0265625
2 0.55859375 0.72109375 0.01640625 0.0453125
2 0.54140625 0.72734375 0.0203125 0.01796875
2 0.52109375 0.73828125 0.01875 0.01875
2 0.46328125 0.65546875 0.0140625 0.03125
2 0.509375 0.78203125 0.01796875 0.01953125
2 0.5078125 0.79609375 0.01875 0.025
2 0.49765625 0.840625 0.0140625 0.02421875
2 0.49296875 0.8609375 0.01640625 0.015625
2 0.6796875 0.653125 0.01171875 0.0296875
2 0.67109375 0.65625 0.01171875 0.03359375
2 0.7765625 0.60078125 0.01953125 0.01796875
2 0.8140625 0.66796875 0.0203125 0.0390625
2 0.87109375 0.61484375 0.0234375 0.03203125
0 0.9625 0.50546875 0.02109375 0.015625
2 0.91875 0.28203125 0.015625 0.034375
2 0.9515625 0.2015625 0.0203125 0.021875
2 0.95703125 0.18984375 0.02578125 0.03515625
0 0.94140625 0.08046875 0.01875 0.0296875
4 0.93828125 0.14765625 0.01484375 0.0203125
4 0.90390625 0.2359375 0.0109375 0.0203125
4 0.97109375 0.14453125 0.0140625 0.0203125
2 0.55859375 0.6765625 0.0203125 0.0296875
2 0.6515625 0.59765625 0.01640625 0.0234375
2 0.6671875 0.5953125 0.0203125 0.021875
2 0.1296875 0.603125 0.0234375 0.028125
4 0.059375 0.57421875 0.015625 0.01484375
4 0.034375 0.49765625 0.01640625 0.02578125
4 0.346875 0.48359375 0.01015625 0.00859375
4 0.34453125 0.46875 0.00390625 0.01015625
4 0.37421875 0.490625 0.009375 0.009375