4 0.92578125 0.3984375 0.01484375 0.01484375
4 0.809375 0.40390625 0.0140625 0.01640625
4 0.39375 0.56015625 0.0140625 0.01953125
4 0.371875 0.57109375 0.01484375 0.0234375
4 0.25859375 0.36640625 0.01484375 0.02109375
4 0.22109375 0.51640625 0.01640625 0.015625
4 0.0078125 0.27890625 0.01171875 0.02421875
4 0.02109375 0.0109375 0.01015625 0.02109375
4 0.01015625 0.00859375 0.00546875 0.01640625
2 0.0140625 0.046875 0.01875 0.05
2 0.046875 0.13984375 0.01875 0.046875
2 0.03203125 0.1890625 0.01796875 0.040625
2 0.0453125 0.2015625 0.015625 0.04140625
2 0.01875 0.2390625 0.01875 0.0484375
2 0.03515625 0.2453125 0.01484375 0.046875
2 0.00625 0.30625 0.0125 0.0375
2 0.15078125 0.26328125 0.02578125 0.04609375
2 0.06171875 0.5515625 0.02890625 0.02421875
2 0.290625 0.57421875 0.03203125 0.02421875
2 0.496875 0.36875 0.0265625 0.0234375
2 0.6 0.5390625 0.0265625 0.02890625
2 0.98203125 0.3359375 0.025 0.025
2 0.7671875 0.16953125 0.02890625 0.0234375
2 0.7765625 0.253125 0.02890625 0.02109375
0 0.99140625 0.4296875 0.01640625 0.0296875
0 0.19453125 0.375 0.025 0.01796875
0 0.0265625 0.28359375 0.015625 0.034375
4 0.04765625 0.38828125 0.0140625 0.0140625
3 0.0125 0.52734375 0.025 0.03203125
3 0.22421875 0.54921875 0.06796875 0.03125
6 0.06875 0.3265625 0.0296875 0.0734375
6 0.465625 0.58984375 0.04140625 0.025