2 0.04140625 0.96484375 0.01875 0.02890625
2 0.08515625 0.94375 0.01875 0.03359375
2 0.084375 0.90234375 0.01953125 0.0296875
2 0.090625 0.87578125 0.015625 0.0234375
2 0.128125 0.89609375 0.01875 0.02421875
2 0.1296875 0.8640625 0.01875 0.03359375
2 0.17578125 0.95546875 0.01796875 0.03125
2 0.20703125 0.978125 0.01640625 0.03828125
2 0.228125 0.953125 0.01640625 0.034375
2 0.159375 0.815625 0.01875 0.034375
2 0.18203125 0.81640625 0.01953125 0.0265625
2 0.1765625 0.79140625 0.0203125 0.028125
2 0.19296875 0.76875 0.01640625 0.02421875
2 0.2078125 0.77421875 0.01796875 0.02578125
2 0.23203125 0.74375 0.01875 0.025
2 0.21484375 0.72890625 0.01484375 0.028125
2 0.24921875 0.71953125 0.01953125 0.02421875
2 0.24765625 0.69609375 0.021875 0.0234375
2 0.2671875 0.69375 0.0140625 0.02109375
2 0.2796875 0.67578125 0.01484375 0.0234375
2 0.265625 0.6765625 0.01640625 0.025
2 0.2640625 0.653125 0.01796875 0.03046875
2 0.28046875 0.6359375 0.01171875 0.0265625
2 0.29453125 0.61484375 0.01171875 0.0265625
2 0.30078125 0.628125 0.015625 0.025
2 0.3234375 0.8234375 0.02109375 0.03046875
2 0.31640625 0.60546875 0.01640625 0.02578125
2 0.340625 0.59609375 0.015625 0.025
2 0.3265625 0.9515625 0.01796875 0.02578125
2 0.371875 0.95625 0.01875 0.03203125
2 0.46953125 0.81328125 0.01640625 0.03671875
2 0.32421875 0.315625 0.01796875 0.03203125
2 0.246875 0.13203125 0.0203125 0.0359375
2 0.315625 0.01015625 0.02109375 0.0203125
2 0.33203125 0.01015625 0.01796875 0.0203125
2 0.31875 0.03359375 0.01484375 0.028125
2 0.33046875 0.06015625 0.01640625 0.0296875
2 0.3234375 0.07578125 0.01875 0.03203125
2 0.33828125 0.09453125 0.01796875 0.02890625
2 0.34609375 0.11796875 0.01796875 0.028125
2 0.365625 0.13046875 0.015625 0.025
2 0.37421875 0.125 0.015625 0.0265625
2 0.3625 0.14921875 0.01796875 0.03046875
2 0.40546875 0.240625 0.015625 0.03984375
2 0.43203125 0.26640625 0.01640625 0.0359375
2 0.4515625 0.31171875 0.01484375 0.03203125
2 0.53125 0.4015625 0.01796875 0.02578125
2 0.54453125 0.43046875 0.01953125 0.025
2 0.58046875 0.19453125 0.0140625 0.03203125
2 0.55078125 0.2171875 0.0140625 0.03671875
2 0.56171875 0.13125 0.01640625 0.034375
2 0.55078125 0.0484375 0.0140625 0.03359375
2 0.58828125 0.0546875 0.01875 0.0296875
2 0.63671875 0.303125 0.02421875 0.028125
2 0.6875 0.2984375 0.0234375 0.0234375
2 0.6625 0.4046875 0.02109375 0.03203125
2 0.79140625 0.1609375 0.01171875 0.0359375
2 0.81796875 0.13828125 0.015625 0.03828125
2 0.84375 0.09609375 0.01796875 0.0265625
2 0.915625 0.10546875 0.0203125 0.03671875
2 0.921875 0.21953125 0.0203125 0.03125
2 0.93125 0.20546875 0.0203125 0.03046875
2 0.94140625 0.196875 0.0203125 0.034375
2 0.81796875 0.33359375 0.01875 0.0296875
2 0.8625 0.740625 0.01796875 0.03125
2 0.87734375 0.75625 0.0109375 0.03125
2 0.9015625 0.7671875 0.01484375 0.028125
2 0.93828125 0.81328125 0.01875 0.0296875
2 0.95625 0.8515625 0.0203125 0.01875
2 0.96796875 0.86875 0.015625 0.02421875
2 0.978125 0.89453125 0.0234375 0.02421875
2 0.93359375 0.9859375 0.02421875 0.028125
2 0.90546875 0.9390625 0.02109375 0.0265625
2 0.88203125 0.91328125 0.01796875 0.02421875
2 0.8703125 0.93046875 0.01640625 0.02890625
2 0.86328125 0.89765625 0.01796875 0.025
2 0.83984375 0.896875 0.0203125 0.02421875
2 0.84296875 0.8734375 0.021875 0.028125
2 0.81484375 0.85625 0.01796875 0.02109375
2 0.8015625 0.86953125 0.021875 0.025
2 0.8078125 0.83125 0.01640625 0.0234375
2 0.7890625 0.83984375 0.01640625 0.02109375
2 0.790625 0.81640625 0.0203125 0.03125
2 0.72734375 0.79609375 0.01796875 0.0234375
2 0.72734375 0.75625 0.01796875 0.02421875
2 0.70390625 0.71953125 0.02109375 0.02578125
2 0.6921875 0.73046875 0.0203125 0.021875
2 0.6890625 0.74609375 0.02109375 0.0234375
2 0.69609375 0.76875 0.01953125 0.0203125
2 0.70625 0.75703125 0.01640625 0.021875
2 0.7125 0.74453125 0.01484375 0.0203125
2 0.6671875 0.7515625 0.0203125 0.02109375
2 0.5515625 0.77421875 0.021875 0.0203125
4 0.0609375 0.98984375 0.0125 0.0203125
4 0.05 0.85625 0.00859375 0.0109375
4 0.05703125 0.878125 0.009375 0.01328125
4 0.053125 0.865625 0.015625 0.015625
4 0.10390625 0.871875 0.00859375 0.01953125
4 0.1203125 0.89296875 0.01015625 0.015625
4 0.07734375 0.853125 0.00703125 0.015625
4 0.08203125 0.84921875 0.00703125 0.015625
4 0.090625 0.8421875 0.009375 0.01484375
4 0.103125 0.83046875 0.009375 0.01484375
4 0.1078125 0.8234375 0.0109375 0.01171875
4 0.115625 0.81484375 0.00859375 0.009375
4 0.17578125 0.8078125 0.0109375 0.01796875
4 0.18828125 0.753125 0.01015625 0.0203125
4 0.21640625 0.75703125 0.009375 0.0140625
4 0.2296875 0.7578125 0.01015625 0.01171875
4 0.20546875 0.7515625 0.01015625 0.01328125
4 0.20703125 0.74140625 0.01015625 0.01171875
4 0.21640625 0.7046875 0.00859375 0.01640625
4 0.22890625 0.6921875 0.00625 0.01015625
4 0.23671875 0.68359375 0.01015625 0.015625
4 0.240625 0.69609375 0.00859375 0.01328125
4 0.24609375 0.68515625 0.00859375 0.0140625
4 0.259375 0.69453125 0.009375 0.0140625
4 0.271875 0.696875 0.00703125 0.009375
4 0.27421875 0.65703125 0.00859375 0.01171875
4 0.27890625 0.646875 0.00859375 0.01328125
4 0.3046875 0.6078125 0.00703125 0.01171875
4 0.3109375 0.5984375 0.009375 0.009375
4 0.34296875 0.60390625 0.009375 0.0109375
4 0.32578125 0.5859375 0.00859375 0.01328125
4 0.334375 0.58828125 0.00546875 0.01484375
4 0.32578125 0.59609375 0.00703125 0.01015625
4 0.33046875 0.56640625 0.00703125 0.009375
4 0.30546875 0.02109375 0.00859375 0.01171875
4 0.309375 0.01484375 0.009375 0.015625
4 0.31640625 0.01640625 0.00703125 0.01171875
4 0.321875 0.05703125 0.00625 0.01484375
4 0.36484375 0.0765625 0.00859375 0.01328125
4 0.35625 0.11875 0.00625 0.01328125
4 0.365625 0.115625 0.00859375 0.0140625
4 0.38203125 0.1234375 0.00703125 0.01484375
4 0.39296875 0.1515625 0.00859375 0.0140625
4 0.4046875 0.15546875 0.00625 0.0140625
4 0.39296875 0.12578125 0.009375 0.015625
4 0.3953125 0.1328125 0.00625 0.01171875
4 0.40546875 0.13203125 0.009375 0.00546875
4 0.41328125 0.15078125 0.00546875 0.0140625
4 0.40859375 0.16875 0.00390625 0.01171875
4 0.4140625 0.171875 0.00546875 0.01640625
4 0.4203125 0.16875 0.0046875 0.01484375
4 0.42421875 0.1734375 0.00859375 0.01484375
4 0.43203125 0.1828125 0.00703125 0.01640625
4 0.46953125 0.31328125 0.009375 0.01328125
4 0.48046875 0.3109375 0.01015625 0.01015625
4 0.47421875 0.3296875 0.009375 0.01484375
4 0.4953125 0.36953125 0.009375 0.0140625
4 0.515625 0.39609375 0.00859375 0.015625
4 0.51953125 0.3796875 0.0109375 0.01796875
4 0.53046875 0.37109375 0.00859375 0.01640625
4 0.54296875 0.378125 0.00859375 0.01015625
4 0.5796875 0.43671875 0.00859375 0.01328125
4 0.565625 0.4578125 0.01015625 0.01875
4 0.5984375 0.471875 0.01171875 0.01640625
4 0.80859375 0.253125 0.01171875 0.01640625
4 0.865625 0.18125 0.01171875 0.02109375
4 0.80625 0.146875 0.00703125 0.01328125
4 0.8078125 0.15390625 0.009375 0.01015625
4 0.8140625 0.70625 0.0046875 0.01484375
4 0.8171875 0.709375 0.003125 0.01640625
4 0.81953125 0.7125 0.003125 0.01796875
4 0.82421875 0.71953125 0.003125 0.0140625
4 0.85078125 0.74296875 0.00546875 0.01171875
4 0.84609375 0.734375 0.00546875 0.01015625
4 0.90703125 0.78359375 0.00703125 0.01796875
4 0.91953125 0.80859375 0.00859375 0.0140625
4 0.97421875 0.83125 0.009375 0.01015625
4 0.97109375 0.853125 0.009375 0.00703125
4 0.7796875 0.8203125 0.009375 0.01171875
4 0.7203125 0.7640625 0.00859375 0.0109375
4 0.72109375 0.73984375 0.009375 0.00625
4 0.71953125 0.73125 0.01015625 0.009375
4 0.68359375 0.7 0.00859375 0.01015625
4 0.67890625 0.72265625 0.00859375 0.01015625
4 0.675 0.73125 0.009375 0.009375
4 0.66953125 0.73984375 0.00859375 0.01171875
4 0.58125 0.75390625 0.00859375 0.01328125
4 0.40390625 0.70390625 0.01171875 0.01484375
4 0.25625 0.92265625 0.009375 0.01171875
0 0.1015625 0.92578125 0.015625 0.02578125
0 0.09453125 0.9078125 0.015625 0.02578125
0 0.171875 0.78046875 0.015625 0.02109375
0 0.19453125 0.79140625 0.01328125 0.0234375
0 0.20390625 0.73359375 0.01328125 0.01875
0 0.21328125 0.7171875 0.01171875 0.01796875
0 0.2234375 0.709375 0.01171875 0.015625
0 0.23359375 0.71796875 0.0140625 0.01875
0 0.23125 0.696875 0.0140625 0.015625
0 0.253125 0.675 0.01171875 0.01796875
0 0.28671875 0.64375 0.0140625 0.0203125
0 0.29765625 0.01171875 0.0109375 0.0234375
0 0.31328125 0.040625 0.0140625 0.0234375
0 0.34375 0.07421875 0.0140625 0.02421875
0 0.375 0.171875 0.01171875 0.02578125
0 0.41796875 0.25 0.01171875 0.0296875
0 0.48828125 0.340625 0.0140625 0.01953125
0 0.478125 0.35625 0.01484375 0.021875
0 0.60234375 0.284375 0.01484375 0.02421875
0 0.69296875 0.28125 0.01484375 0.01953125
0 0.70546875 0.26484375 0.01484375 0.0203125
0 0.77578125 0.290625 0.0140625 0.0234375
0 0.69453125 0.39140625 0.0140625 0.021875
0 0.9390625 0.0125 0.02109375 0.025
0 0.7546875 0.6453125 0.015625 0.021875
0 0.86953125 0.759375 0.01328125 0.02421875
0 0.79921875 0.83828125 0.01640625 0.02109375
0 0.68671875 0.71484375 0.0140625 0.01796875
3 0.43046875 0.30078125 0.02421875 0.04140625
3 0.353125 0.09609375 0.0140625 0.02421875
3 0.21796875 0.7421875 0.01640625 0.0203125
3 0.82578125 0.909375 0.01953125 0.034375
1 0.32578125 0.7203125 0.04140625 0.04140625
1 0.315625 0.65625 0.03984375 0.05703125
1 0.31015625 0.63046875 0.0453125 0.06484375
1 0.61953125 0.72421875 0.05390625 0.04921875
1 0.7875 0.7890625 0.0546875 0.05625
1 0.75390625 0.79765625 0.05 0.05625
1 0.403125 0.18515625 0.03515625 0.0640625
3 0.33515625 0.0359375 0.02421875 0.0515625
6 0.1515625 0.85703125 0.0390625 0.059375