4 0.028125 0.75390625 0.0140625 0.021875
4 0.02421875 0.92109375 0.01640625 0.02578125
4 0.07109375 0.915625 0.0140625 0.02578125
4 0.1765625 0.859375 0.0203125 0.03515625
4 0.171875 0.9046875 0.015625 0.0296875
4 0.22578125 0.86875 0.0140625 0.0203125
4 0.2921875 0.884375 0.01484375 0.0203125
4 0.09375 0.75078125 0.02109375 0.021875
2 0.1765625 0.78828125 0.02578125 0.03984375
3 0.25078125 0.7953125 0.02890625 0.03046875
2 0.47578125 0.79453125 0.03125 0.03828125
2 0.52265625 0.65078125 0.01953125 0.0515625
4 0.52109375 0.559375 0.00859375 0.0359375
4 0.5015625 0.578125 0.01015625 0.03984375
2 0.66328125 0.665625 0.025 0.034375
2 0.64140625 0.809375 0.02578125 0.0359375
2 0.66875 0.77890625 0.03046875 0.0359375
2 0.640625 0.86796875 0.03046875 0.03359375
2 0.91640625 0.8109375 0.03203125 0.028125
4 0.79375 0.75078125 0.01484375 0.028125
4 0.8625 0.78671875 0.01796875 0.02578125
4 0.99296875 0.89140625 0.01171875 0.0203125
3 0.94453125 0.87890625 0.03984375 0.03046875
4 0.76796875 0.890625 0.01796875 0.02890625
6 0.765625 0.859375 0.04453125 0.040625
4 0.62890625 0.890625 0.01796875 0.034375
4 0.6140625 0.740625 0.0109375 0.028125
4 0.921875 0.76796875 0.01875 0.02578125
4 0.8296875 0.7984375 0.01796875 0.0296875
4 0.5015625 0.4609375 0.0140625 0.0359375
4 0.46015625 0.315625 0.009375 0.03203125
4 0.4734375 0.275 0.009375 0.03671875
2 0.52578125 0.24140625 0.01328125 0.0515625
4 0.51328125 0.12421875 0.01171875 0.04453125
5 0.46171875 0.0546875 0.01875 0.0890625
2 0.47890625 0.0484375 0.01328125 0.06171875