2 0.0453125 0.95859375 0.01796875 0.028125
2 0.08828125 0.8984375 0.02109375 0.0296875
2 0.09453125 0.87421875 0.01953125 0.0296875
2 0.1453125 0.86953125 0.01953125 0.03359375
2 0.1515625 0.828125 0.02109375 0.034375
2 0.16171875 0.98203125 0.01875 0.02890625
2 0.190625 0.94296875 0.01640625 0.0296875
2 0.2109375 0.97578125 0.01796875 0.03515625
2 0.23203125 0.94921875 0.01796875 0.03671875
2 0.23359375 0.88359375 0.0203125 0.0265625
2 0.23515625 0.8578125 0.01640625 0.02109375
2 0.27109375 0.8421875 0.02109375 0.0296875
2 0.18125 0.78828125 0.01875 0.0296875
2 0.3046875 0.78359375 0.0203125 0.02421875
2 0.3140625 0.79921875 0.02109375 0.03046875
2 0.325 0.8234375 0.01796875 0.02578125
2 0.196875 0.76796875 0.015625 0.0296875
2 0.2109375 0.771875 0.01875 0.03046875
2 0.21796875 0.72578125 0.0140625 0.025
2 0.23125 0.74453125 0.01796875 0.02890625
2 0.25234375 0.715625 0.01875 0.02890625
2 0.25078125 0.69609375 0.01640625 0.0265625
2 0.24921875 0.66875 0.0140625 0.025
2 0.26640625 0.67578125 0.01484375 0.025
2 0.27109375 0.6890625 0.01484375 0.02578125
2 0.28203125 0.67421875 0.01796875 0.02421875
2 0.26796875 0.6515625 0.01796875 0.03125
2 0.2828125 0.63359375 0.0140625 0.02421875
2 0.29765625 0.61328125 0.01171875 0.03046875
2 0.30234375 0.6265625 0.01796875 0.0296875
2 0.31796875 0.6046875 0.01875 0.03046875
2 0.34375 0.5921875 0.01640625 0.0265625
2 0.32890625 0.31484375 0.0140625 0.03515625
2 0.25078125 0.13046875 0.01953125 0.03671875
2 0.23515625 0.03984375 0.01640625 0.03515625
2 0.321875 0.0078125 0.01484375 0.015625
2 0.31796875 0.02109375 0.01640625 0.02890625
2 0.334375 0.05703125 0.01484375 0.02890625
2 0.32578125 0.07109375 0.01796875 0.03359375
2 0.34140625 0.09296875 0.01640625 0.0296875
2 0.35078125 0.11640625 0.01796875 0.03359375
2 0.3640625 0.11796875 0.01640625 0.0265625
2 0.3765625 0.11328125 0.01640625 0.03359375
2 0.36328125 0.14375 0.01640625 0.03359375
2 0.38828125 0.19140625 0.01640625 0.03046875
2 0.41171875 0.209375 0.01640625 0.03359375
2 0.4234375 0.23828125 0.015625 0.0296875
2 0.43671875 0.27578125 0.015625 0.0265625
2 0.43046875 0.28984375 0.0140625 0.0296875
2 0.5546875 0.21484375 0.01171875 0.03984375
2 0.5828125 0.19296875 0.015625 0.03515625
2 0.56640625 0.13125 0.01171875 0.03203125
2 0.553125 0.04375 0.01328125 0.04140625
2 0.5921875 0.05546875 0.0203125 0.03046875
2 0.64140625 0.3015625 0.0203125 0.02578125
2 0.684375 0.29609375 0.02109375 0.01796875
2 0.796875 0.16171875 0.0140625 0.0390625
2 0.821875 0.134375 0.01171875 0.03515625
2 0.8640625 0.16640625 0.0234375 0.02890625
2 0.8484375 0.09609375 0.0203125 0.03359375
2 0.9265625 0.21953125 0.01875 0.02890625
2 0.9375 0.20546875 0.01640625 0.0296875
2 0.946875 0.19453125 0.01796875 0.0359375
2 0.82421875 0.334375 0.015625 0.0296875
2 0.659375 0.43046875 0.021875 0.03125
2 0.72109375 0.56484375 0.015625 0.02890625
2 0.86640625 0.740625 0.01875 0.03203125
2 0.88203125 0.75390625 0.0109375 0.03203125
2 0.90625 0.76796875 0.01484375 0.0296875
2 0.94140625 0.8140625 0.01640625 0.034375
2 0.9609375 0.85078125 0.01953125 0.01953125
2 0.971875 0.86796875 0.0203125 0.01953125
2 0.98046875 0.89609375 0.01796875 0.025
2 0.8921875 0.92890625 0.02109375 0.034375
2 0.859375 0.884375 0.0203125 0.028125
2 0.82265625 0.8484375 0.021875 0.028125
2 0.82890625 0.87421875 0.021875 0.03046875
2 0.85703125 0.91015625 0.0234375 0.03125
2 0.73046875 0.75703125 0.01640625 0.021875
2 0.70703125 0.721875 0.01953125 0.02421875
2 0.69453125 0.72890625 0.0203125 0.02421875
2 0.69296875 0.746875 0.02109375 0.0265625
2 0.70859375 0.75625 0.01875 0.0234375
2 0.71484375 0.74453125 0.015625 0.02109375
2 0.615625 0.6140625 0.01640625 0.03828125
2 0.621875 0.7484375 0.021875 0.0234375
2 0.390625 0.71640625 0.021875 0.025
2 0.39921875 0.73203125 0.021875 0.0234375
2 0.47265625 0.8265625 0.02109375 0.03046875
2 0.41484375 0.88984375 0.0234375 0.02890625
2 0.328125 0.95 0.01875 0.02421875
2 0.37421875 0.9546875 0.0203125 0.0359375
4 0.05390625 0.990625 0.01171875 0.01875
4 0.11953125 0.8859375 0.009375 0.025
4 0.1140625 0.884375 0.01015625 0.01875
4 0.053125 0.85234375 0.00859375 0.015625
4 0.05625 0.86171875 0.0109375 0.01015625
4 0.0625 0.87578125 0.009375 0.01328125
4 0.0828125 0.8484375 0.00546875 0.01796875
4 0.09453125 0.83828125 0.00546875 0.01796875
4 0.090625 0.84140625 0.0046875 0.02109375
4 0.10703125 0.82578125 0.00625 0.0140625
4 0.11171875 0.81953125 0.00703125 0.01484375
4 0.11796875 0.84765625 0.009375 0.01484375
4 0.11640625 0.81328125 0.00546875 0.0140625
4 0.20859375 0.74765625 0.009375 0.01171875
4 0.22421875 0.765625 0.00859375 0.015625
4 0.2203125 0.75234375 0.009375 0.01015625
4 0.209375 0.7359375 0.0109375 0.0109375
4 0.21640625 0.71953125 0.00859375 0.01328125
4 0.21796875 0.709375 0.009375 0.01796875
4 0.23828125 0.7046875 0.00859375 0.01484375
4 0.2609375 0.69453125 0.00703125 0.01171875
4 0.25 0.68125 0.009375 0.01328125
4 0.278125 0.6546875 0.00859375 0.0140625
4 0.28359375 0.64296875 0.00859375 0.01171875
4 0.30859375 0.60625 0.00859375 0.009375
4 0.33046875 0.5921875 0.00546875 0.01015625
4 0.34453125 0.60078125 0.00625 0.0140625
4 0.328125 0.584375 0.00703125 0.01015625
4 0.32734375 0.56796875 0.00625 0.015625
4 0.33671875 0.58046875 0.00703125 0.0109375
4 0.334375 0.571875 0.00703125 0.009375
4 0.38046875 0.41015625 0.00625 0.01484375
4 0.36875 0.39375 0.00625 0.01640625
4 0.39453125 0.46328125 0.00625 0.015625
4 0.40078125 0.49296875 0.00625 0.01640625
4 0.25546875 0.103125 0.009375 0.015625
4 0.30859375 0.0140625 0.009375 0.0140625
4 0.3234375 0.04921875 0.00703125 0.01328125
4 0.328125 0.03359375 0.00859375 0.01328125
4 0.3390625 0.05390625 0.009375 0.01640625
4 0.353125 0.103125 0.00546875 0.01484375
4 0.3703125 0.0734375 0.00625 0.009375
4 0.365625 0.10625 0.00859375 0.0140625
4 0.39609375 0.1234375 0.009375 0.01015625
4 0.4 0.13125 0.00859375 0.01015625
4 0.4046875 0.1390625 0.00859375 0.00703125
4 0.40625 0.14453125 0.00625 0.00859375
4 0.40859375 0.153125 0.00859375 0.01796875
4 0.4140625 0.16640625 0.00546875 0.0109375
4 0.4171875 0.16875 0.00546875 0.015625
4 0.41640625 0.15 0.00703125 0.01171875
4 0.41953125 0.153125 0.00546875 0.01171875
4 0.42421875 0.16640625 0.00859375 0.0140625
4 0.428125 0.171875 0.00625 0.015625
4 0.43515625 0.18203125 0.00703125 0.01484375
4 0.43515625 0.20703125 0.00859375 0.01484375
4 0.4140625 0.2015625 0.00703125 0.015625
4 0.41953125 0.21484375 0.00625 0.01328125
4 0.415625 0.24765625 0.00859375 0.01484375
4 0.4265625 0.228125 0.00546875 0.01484375
4 0.4328125 0.24140625 0.00625 0.01484375
4 0.4390625 0.2515625 0.00703125 0.01484375
4 0.44375 0.26171875 0.00859375 0.015625
4 0.44453125 0.27734375 0.00859375 0.015625
4 0.453125 0.2765625 0.00703125 0.01484375
4 0.440625 0.45546875 0.00703125 0.02109375
4 0.64453125 0.3515625 0.009375 0.0140625
4 0.74921875 0.215625 0.00703125 0.0109375
4 0.75390625 0.209375 0.00703125 0.01171875
4 0.81171875 0.14921875 0.00859375 0.01171875
4 0.90546875 0.1390625 0.0109375 0.01875
4 0.85625 0.18671875 0.01015625 0.0109375
4 0.7296875 0.6328125 0.00859375 0.01328125
4 0.81796875 0.70625 0.00625 0.0140625
4 0.821875 0.709375 0.003125 0.01640625
4 0.82421875 0.7140625 0.003125 0.01796875
4 0.83359375 0.721875 0.0046875 0.0140625
4 0.840625 0.73125 0.00625 0.01484375
4 0.84453125 0.73046875 0.0046875 0.0140625
4 0.84921875 0.73359375 0.0046875 0.015625
4 0.853125 0.74140625 0.00546875 0.01796875
4 0.9109375 0.78359375 0.00703125 0.01875
4 0.9234375 0.809375 0.00703125 0.01796875
4 0.98046875 0.8390625 0.01015625 0.00859375
4 0.97421875 0.85234375 0.00859375 0.00859375
4 0.99375 0.94296875 0.01171875 0.015625
4 0.7234375 0.73671875 0.01015625 0.009375
4 0.72421875 0.7625 0.01015625 0.01328125
4 0.68828125 0.70078125 0.00859375 0.01171875
4 0.68125 0.7203125 0.00859375 0.01328125
4 0.67734375 0.7296875 0.01015625 0.01328125
4 0.671875 0.7390625 0.01015625 0.01484375
4 0.5359375 0.7265625 0.00859375 0.01640625
4 0.584375 0.753125 0.00859375 0.01484375
4 0.51953125 0.6375 0.01015625 0.015625
4 0.4859375 0.6265625 0.0109375 0.0203125
4 0.58203125 0.55390625 0.00703125 0.021875
4 0.60234375 0.55 0.00859375 0.02421875
4 0.4453125 0.8515625 0.01015625 0.0140625
4 0.43828125 0.83984375 0.01171875 0.00703125
4 0.3984375 0.89140625 0.01015625 0.01640625
4 0.36484375 0.79375 0.00703125 0.01484375
4 0.3328125 0.79453125 0.009375 0.01640625
4 0.3 0.85078125 0.00859375 0.02421875
4 0.26328125 0.89140625 0.0109375 0.01171875
4 0.19375 0.96328125 0.01015625 0.01796875
4 0.1765625 0.98671875 0.0109375 0.01953125
0 0.1984375 0.790625 0.01484375 0.0234375
0 0.19453125 0.7515625 0.0140625 0.01953125
0 0.203125 0.73515625 0.0140625 0.02421875
0 0.2265625 0.70546875 0.01328125 0.021875
0 0.23828125 0.69609375 0.0140625 0.025
0 0.25859375 0.67421875 0.01640625 0.01875
0 0.2921875 0.64140625 0.01640625 0.01796875
0 0.2984375 0.00625 0.009375 0.01171875
0 0.31328125 0.03125 0.01171875 0.0234375
0 0.3453125 0.07109375 0.01015625 0.0234375
0 0.3765625 0.16796875 0.0109375 0.02421875
0 0.3984375 0.190625 0.0109375 0.021875
0 0.434375 0.2546875 0.01015625 0.01953125
0 0.60546875 0.2796875 0.01171875 0.0265625
0 0.65703125 0.321875 0.01484375 0.01484375
0 0.696875 0.27890625 0.0140625 0.01953125
0 0.70859375 0.26484375 0.0140625 0.02109375
0 0.93671875 0.125 0.01484375 0.0234375
0 0.75703125 0.64453125 0.0140625 0.0234375
0 0.871875 0.75625 0.01171875 0.02578125
0 0.89765625 0.76171875 0.01015625 0.01796875
0 0.68828125 0.71171875 0.015625 0.01640625
1 0.1640625 0.8765625 0.0484375 0.0703125
1 0.23046875 0.91875 0.04609375 0.05
1 0.328125 0.71875 0.0453125 0.040625
1 0.31171875 0.63046875 0.046875 0.0703125
1 0.38671875 0.15390625 0.03671875 0.05703125
1 0.78125 0.81328125 0.05 0.06484375
1 0.83203125 0.82421875 0.05546875 0.07578125
1 0.728125 0.7890625 0.0515625 0.05625
3 0.353125 0.0890625 0.0140625 0.02109375
3 0.3390625 0.0359375 0.021875 0.04453125
3 0.40390625 0.2171875 0.02109375 0.0390625
0 0.42109375 0.26328125 0.01328125 0.02109375
0 0.61796875 0.5 0.01796875 0.025
3 0.8265625 0.90546875 0.021875 0.0296875