4 0.60078125 0.42421875 0.01640625 0.02421875
4 0.56328125 0.33359375 0.01640625 0.01953125
2 0.89609375 0.31640625 0.03125 0.025
2 0.98046875 0.309375 0.0296875 0.02421875
2 0.7734375 0.2359375 0.02890625 0.02578125
2 0.7640625 0.15390625 0.0265625 0.02578125
4 0.37109375 0.43046875 0.01875 0.02109375
4 0.35078125 0.58828125 0.01640625 0.021875
4 0.2140625 0.58515625 0.0140625 0.0203125
4 0.19453125 0.60703125 0.01640625 0.01953125
0 0.1890625 0.39140625 0.021875 0.01875
2 0.1078125 0.57109375 0.0265625 0.025
2 0.14453125 0.27890625 0.021875 0.04453125
2 0.028125 0.19765625 0.02109375 0.0453125
2 0.08515625 0.0296875 0.02109375 0.04140625
2 0.0734375 0.084375 0.02109375 0.053125
0 0.0390625 0.278125 0.01875 0.02890625
4 0.00625 0.26328125 0.0109375 0.021875
2 0.0171875 0.2734375 0.01796875 0.03984375
4 0.02734375 0.28203125 0.01015625 0.0234375
2 0.021875 0.31875 0.02109375 0.05
4 0.046875 0.25234375 0.01328125 0.0265625
2 0.0421875 0.228125 0.02109375 0.04609375
2 0.04375 0.13125 0.01875 0.05078125
2 0.05859375 0.13671875 0.01953125 0.04609375
2 0.04921875 0.1765625 0.02109375 0.0515625