0 0.0546875 0.471875 0.01640625 0.01796875
5 0.103125 0.4859375 0.03203125 0.01796875
2 0.13046875 0.5359375 0.01484375 0.015625
5 0.134375 0.67421875 0.0359375 0.02578125
5 0.159375 0.64140625 0.03671875 0.0203125
6 0.1984375 0.47109375 0.03125 0.01640625
3 0.2109375 0.53125 0.01953125 0.01796875
0 0.27578125 0.56640625 0.01640625 0.01328125
5 0.2921875 0.63515625 0.03359375 0.025
2 0.35859375 0.59375 0.01484375 0.01171875
4 0.415625 0.4609375 0.009375 0.01015625
2 0.48046875 0.49375 0.021875 0.0140625
0 0.5234375 0.56328125 0.01328125 0.01171875
5 0.5296875 0.53671875 0.053125 0.01796875
6 0.50703125 0.6234375 0.03125 0.01796875
4 0.51640625 0.60546875 0.009375 0.00546875
4 0.5796875 0.6125 0.00859375 0.00859375
3 0.5890625 0.62421875 0.01171875 0.01171875
4 0.646875 0.60546875 0.00703125 0.00546875
4 0.68046875 0.6046875 0.0109375 0.00703125
5 0.61640625 0.553125 0.040625 0.0203125
2 0.63125 0.52421875 0.01484375 0.0140625
4 0.64921875 0.56015625 0.0109375 0.01015625
0 0.67109375 0.540625 0.0140625 0.01640625
2 0.684375 0.51640625 0.01875 0.0140625
3 0.70625 0.590625 0.01796875 0.0140625
2 0.71875 0.6140625 0.01796875 0.01484375
1 0.67421875 0.384375 0.0453125 0.01953125
5 0.73125 0.384375 0.046875 0.01953125
0 0.83359375 0.60546875 0.01171875 0.01171875
0 0.8515625 0.6078125 0.01171875 0.01171875
4 0.8875 0.60078125 0.0109375 0.009375
5 0.89921875 0.64140625 0.04375 0.0203125
6 0.94453125 0.5390625 0.03828125 0.01953125
3 0.90625 0.49453125 0.01796875 0.01796875
4 0.8140625 0.39375 0.01015625 0.01015625
4 0.828125 0.415625 0.00859375 0.0140625
2 0.88203125 0.4109375 0.0140625 0.01875
4 0.96484375 0.38359375 0.01328125 0.01171875
4 0.9609375 0.609375 0.00859375 0.0109375