2 0.56328125 0.6390625 0.025 0.040625
2 0.41796875 0.35859375 0.01875 0.046875
2 0.49921875 0.45859375 0.0234375 0.034375
2 0.52421875 0.4734375 0.01953125 0.0484375
2 0.51328125 0.64375 0.021875 0.03671875
2 0.63125 0.775 0.0234375 0.0390625
2 0.75703125 0.78203125 0.01796875 0.0453125
2 0.796875 0.884375 0.02578125 0.0515625
2 0.72421875 0.9640625 0.02890625 0.02890625
2 0.865625 0.040625 0.03515625 0.03515625
2 0.9875 0.19296875 0.025 0.03671875
2 0.66015625 0.1515625 0.025 0.0296875
2 0.55078125 0.246875 0.02578125 0.03046875
0 0.628125 0.46015625 0.01796875 0.0265625
0 0.603125 0.26953125 0.01796875 0.025
0 0.57265625 0.2734375 0.01875 0.02109375
3 0.5796875 0.70078125 0.03046875 0.05
3 0.45546875 0.546875 0.02109375 0.03359375
3 0.5921875 0.53828125 0.015625 0.05625
0 0.40625 0.7125 0.01484375 0.02890625
0 0.35859375 0.56171875 0.01328125 0.028125
0 0.33046875 0.5453125 0.01484375 0.03046875
0 0.340625 0.815625 0.01640625 0.0265625
0 0.28671875 0.98125 0.015625 0.03203125
2 0.23359375 0.1859375 0.02421875 0.03203125
4 0.315625 0.309375 0.0140625 0.0265625
4 0.384375 0.3640625 0.01328125 0.01875
4 0.334375 0.34765625 0.0140625 0.02421875
4 0.45390625 0.328125 0.01171875 0.01796875
4 0.4828125 0.31171875 0.01171875 0.0140625
4 0.4953125 0.3140625 0.0140625 0.015625
4 0.521875 0.40625 0.01171875 0.0234375
4 0.475 0.378125 0.01328125 0.01171875
4 0.46953125 0.41171875 0.01171875 0.015625
4 0.459375 0.40625 0.0109375 0.021875
4 0.43125 0.4203125 0.0109375 0.0234375
4 0.47421875 0.58515625 0.01328125 0.01796875
4 0.5140625 0.57734375 0.01171875 0.01875
4 0.52890625 0.62421875 0.01171875 0.025
4 0.46328125 0.58828125 0.01328125 0.01640625
4 0.4015625 0.50625 0.01015625 0.015625
4 0.40703125 0.484375 0.0140625 0.021875
4 0.39296875 0.49296875 0.00859375 0.028125
4 0.384375 0.51171875 0.01015625 0.02578125
4 0.371875 0.578125 0.0109375 0.02578125
4 0.3359375 0.5921875 0.01171875 0.02421875
4 0.33046875 0.63828125 0.01171875 0.02890625
4 0.3265625 0.66796875 0.0109375 0.01953125
4 0.35859375 0.69375 0.01171875 0.02421875
4 0.3515625 0.73125 0.01015625 0.0203125
4 0.37109375 0.73046875 0.01171875 0.02109375
4 0.30703125 0.72734375 0.009375 0.02421875
4 0.28984375 0.74296875 0.01328125 0.021875
4 0.2875 0.7765625 0.01171875 0.02578125
4 0.290625 0.8078125 0.01328125 0.02578125
4 0.26015625 0.86171875 0.01171875 0.0265625
4 0.3265625 0.8828125 0.01171875 0.02109375
4 0.475 0.64921875 0.01796875 0.021875
4 0.55859375 0.46015625 0.01171875 0.0265625
4 0.5515625 0.484375 0.0140625 0.01953125
4 0.54140625 0.50859375 0.0140625 0.02421875
4 0.5390625 0.4546875 0.01171875 0.021875
4 0.73125 0.80625 0.0140625 0.0203125
4 0.70703125 0.75 0.01171875 0.0203125
4 0.6625 0.79296875 0.015625 0.01953125
4 0.64609375 0.8109375 0.01640625 0.01796875
0 0.75703125 0.840625 0.015625 0.02578125
4 0.7515625 0.93125 0.0140625 0.021875
4 0.7546875 0.909375 0.01640625 0.01875
4 0.77890625 0.96953125 0.01796875 0.01875
4 0.853125 0.97734375 0.01171875 0.021875
4 0.87578125 0.98125 0.0109375 0.0203125
4 0.809375 0.99140625 0.01328125 0.01640625
4 0.74296875 0.3109375 0.01640625 0.0203125
4 0.7984375 0.25078125 0.01640625 0.0203125
4 0.840625 0.2390625 0.01640625 0.02109375
4 0.80859375 0.11953125 0.0140625 0.01796875
4 0.753125 0.1515625 0.015625 0.01484375
4 0.7015625 0.153125 0.01640625 0.01796875
4 0.7109375 0.1265625 0.01484375 0.01953125
4 0.69296875 0.13515625 0.0109375 0.01640625
4 0.85078125 0.090625 0.01328125 0.01875
4 0.88671875 0.05625 0.01640625 0.01875
4 0.90703125 0.03359375 0.01640625 0.021875
4 0.93125 0.0265625 0.01796875 0.01875
4 0.334375 0.2 0.0140625 0.0203125
4 0.28828125 0.10859375 0.01171875 0.021875
4 0.36328125 0.215625 0.01171875 0.021875
4 0.36171875 0.19140625 0.0109375 0.01875
4 0.621875 0.7265625 0.01171875 0.02578125
4 0.76328125 0.71484375 0.0109375 0.02109375
4 0.765625 0.74375 0.009375 0.021875
4 0.87578125 0.40546875 0.01171875 0.02890625
4 0.83046875 0.090625 0.01171875 0.01328125
4 0.6171875 0.28515625 0.0140625 0.01875
4 0.59140625 0.37890625 0.01015625 0.01015625
2 0.328125 0.91796875 0.01640625 0.03671875
2 0.40546875 0.14453125 0.01953125 0.04296875
3 0.35390625 0.2515625 0.02421875 0.03671875
4 0.353125 0.22109375 0.0109375 0.01953125
3 0.25390625 0.23203125 0.02109375 0.034375
3 0.19140625 0.20390625 0.025 0.03671875
6 0.19296875 0.2515625 0.0296875 0.05078125
3 0.21875 0.27578125 0.0203125 0.0359375
4 0.32421875 0.57421875 0.01171875 0.021875
6 0.5640625 0.953125 0.0390625 0.06484375
3 0.62109375 0.49140625 0.01953125 0.02578125
3 0.6296875 0.54296875 0.0140625 0.02890625
3 0.67265625 0.58203125 0.01484375 0.02578125
2 0.759375 0.6328125 0.0203125 0.03515625
2 0.81875 0.53125 0.02109375 0.0390625
2 0.8671875 0.2890625 0.025 0.0296875
3 0.86953125 0.33828125 0.03203125 0.059375
3 0.83984375 0.31015625 0.03359375 0.03828125
3 0.81171875 0.3328125 0.0234375 0.0265625
2 0.846875 0.39140625 0.0265625 0.040625
3 0.82578125 0.45078125 0.03515625 0.06875
3 0.671875 0.4390625 0.0296875 0.03203125
3 0.7359375 0.390625 0.02578125 0.0359375
4 0.753125 0.37421875 0.01015625 0.021875
4 0.71171875 0.3890625 0.01328125 0.01640625
4 0.6484375 0.459375 0.01328125 0.01796875
3 0.72890625 0.678125 0.02109375 0.0359375
3 0.70546875 0.634375 0.02109375 0.0359375
3 0.69375 0.61015625 0.01953125 0.040625
3 0.63046875 0.50859375 0.0234375 0.034375
3 0.68359375 0.58828125 0.0234375 0.04453125
3 0.66796875 0.56328125 0.01953125 0.03515625
3 0.7171875 0.6484375 0.02578125 0.04375
4 0.7734375 0.77109375 0.0109375 0.015625
4 0.77578125 0.7453125 0.00859375 0.0109375
4 0.78125 0.7359375 0.00859375 0.01015625
4 0.7828125 0.7265625 0.009375 0.009375
4 0.78984375 0.70859375 0.0109375 0.00859375
4 0.784375 0.71875 0.01015625 0.00859375
4 0.74453125 0.6609375 0.0046875 0.01875
4 0.82890625 0.603125 0.01015625 0.01484375
4 0.828125 0.56953125 0.00859375 0.01328125
4 0.8171875 0.63515625 0.01015625 0.01015625
4 0.8140625 0.64140625 0.01171875 0.009375
4 0.80625 0.65859375 0.01015625 0.0109375
4 0.8078125 0.64921875 0.0109375 0.0109375
3 0.80625 0.50546875 0.01484375 0.03046875
4 0.79609375 0.52265625 0.00859375 0.009375
4 0.79453125 0.53046875 0.00859375 0.00703125
4 0.79140625 0.54609375 0.0109375 0.01015625
4 0.7859375 0.5546875 0.01015625 0.009375
4 0.79296875 0.53671875 0.009375 0.00859375
4 0.7765625 0.5734375 0.01171875 0.00703125
4 0.77890625 0.565625 0.01015625 0.00859375
4 0.7734375 0.58046875 0.01015625 0.0109375
4 0.86796875 0.4890625 0.0109375 0.0109375
4 0.89140625 0.434375 0.009375 0.0109375
4 0.8953125 0.4265625 0.01171875 0.01171875
4 0.9046875 0.39453125 0.009375 0.01484375
4 0.909375 0.38359375 0.00703125 0.01953125
4 0.921875 0.35078125 0.00546875 0.01875
4 0.928125 0.34453125 0.00546875 0.0203125
4 0.971875 0.11640625 0.0140625 0.015625
4 0.7796875 0.028125 0.00625 0.01953125
4 0.728125 0.090625 0.00546875 0.021875
4 0.70625 0.115625 0.0109375 0.0109375
4 0.69453125 0.1046875 0.00625 0.02109375
4 0.690625 0.10703125 0.00546875 0.01640625
4 0.68046875 0.13203125 0.01171875 0.01640625
4 0.684375 0.1125 0.00625 0.01640625
4 0.678125 0.11484375 0.00546875 0.01796875
4 0.6734375 0.12109375 0.00546875 0.01796875
4 0.66796875 0.12421875 0.00546875 0.01796875
4 0.66328125 0.12578125 0.00546875 0.01796875
4 0.65703125 0.128125 0.0046875 0.0203125
4 0.65078125 0.12890625 0.00546875 0.0203125
4 0.6328125 0.14296875 0.00625 0.01953125
4 0.6109375 0.13203125 0.00859375 0.01953125
4 0.61171875 0.15859375 0.00625 0.0203125
4 0.6046875 0.171875 0.00703125 0.01875
4 0.59140625 0.19765625 0.00703125 0.01953125
4 0.596875 0.1765625 0.00625 0.021875
4 0.59140625 0.17421875 0.0046875 0.0203125
4 0.584375 0.1859375 0.00546875 0.01640625
4 0.56484375 0.1984375 0.00859375 0.0203125
4 0.553125 0.209375 0.00546875 0.01875
4 0.5515625 0.1890625 0.00546875 0.01875
4 0.55625 0.184375 0.00546875 0.0203125
3 0.5234375 0.21796875 0.0234375 0.02890625
4 0.51484375 0.24609375 0.00625 0.015625
4 0.4734375 0.27890625 0.00703125 0.01640625
4 0.48125 0.27734375 0.00703125 0.0203125
4 0.4640625 0.27890625 0.0046875 0.015625
4 0.409375 0.2625 0.0046875 0.01953125
4 0.4140625 0.27734375 0.00703125 0.0203125
4 0.43203125 0.2875 0.00546875 0.01796875
4 0.43828125 0.290625 0.00546875 0.021875
4 0.40859375 0.24375 0.0109375 0.00859375
4 0.38984375 0.2140625 0.009375 0.01015625
4 0.39609375 0.1078125 0.00703125 0.01875
4 0.38984375 0.10546875 0.00546875 0.01953125
4 0.38046875 0.1 0.00625 0.01796875
4 0.38359375 0.115625 0.00546875 0.015625
4 0.378125 0.11796875 0.00625 0.01875
4 0.37265625 0.12734375 0.0046875 0.01640625
4 0.36796875 0.115625 0.00859375 0.015625
4 0.36015625 0.08671875 0.00546875 0.01875
4 0.36484375 0.09453125 0.00546875 0.01640625
4 0.3609375 0.11640625 0.00546875 0.015625
4 0.34921875 0.13828125 0.00703125 0.01875
4 0.34375 0.13515625 0.00625 0.01640625
4 0.340625 0.125 0.00546875 0.015625
4 0.34453125 0.06953125 0.00859375 0.01796875
4 0.36328125 0.059375 0.00625 0.01640625
4 0.378125 0.0796875 0.00625 0.01796875
4 0.35546875 0.04921875 0.00859375 0.015625
4 0.34453125 0.03828125 0.009375 0.01875
4 0.3515625 0.09296875 0.00859375 0.0140625
4 0.3421875 0.10234375 0.00625 0.0140625
4 0.32578125 0.06796875 0.01015625 0.009375
4 0.33203125 0.05859375 0.00625 0.01640625
4 0.33671875 0.065625 0.00703125 0.01796875
4 0.32109375 0.07421875 0.0109375 0.0109375
4 0.31328125 0.0859375 0.01015625 0.01484375
4 0.31953125 0.09609375 0.00859375 0.015625
4 0.33125 0.08125 0.00625 0.015625
4 0.34609375 0.109375 0.00703125 0.015625
4 0.39140625 0.1890625 0.00859375 0.01484375
4 0.39453125 0.23125 0.00859375 0.015625
4 0.30859375 0.5859375 0.00703125 0.01875
3 0.278125 0.67421875 0.01796875 0.03125
4 0.22890625 0.8234375 0.0109375 0.01015625
4 0.22578125 0.8390625 0.01171875 0.0109375
4 0.25 0.78828125 0.00703125 0.01875
4 0.23671875 0.79453125 0.01171875 0.01015625
4 0.23515625 0.803125 0.01171875 0.009375
4 0.24375 0.7734375 0.0109375 0.009375
4 0.24453125 0.765625 0.01328125 0.00859375
4 0.35625 0.79921875 0.01171875 0.028125
4 0.32421875 0.72421875 0.0109375 0.02421875
4 0.2265625 0.23046875 0.01015625 0.009375
4 0.23671875 0.24140625 0.009375 0.01328125
4 0.24296875 0.23828125 0.00703125 0.01796875
3 0.21328125 0.25078125 0.0203125 0.04375
3 0.70078125 0.41796875 0.0296875 0.03359375
4 0.07421875 0.034375 0.040625 0.0640625
2 0.6234375 0.1609375 0.01328125 0.04140625
4 0.40546875 0.7359375 0.01015625 0.0109375
4 0.6453125 0.1734375 0.01171875 0.01328125