4 0.10546875 0.425 0.01328125 0.01015625
4 0.13046875 0.43828125 0.01328125 0.01171875
4 0.15234375 0.4421875 0.01328125 0.01171875
4 0.18671875 0.4203125 0.01171875 0.0109375
4 0.19140625 0.4328125 0.01171875 0.01328125
2 0.19765625 0.4625 0.0203125 0.01875
3 0.21796875 0.4390625 0.03203125 0.01953125
2 0.25625 0.45859375 0.0296875 0.01953125
4 0.265625 0.41875 0.01328125 0.0140625
2 0.2890625 0.4390625 0.02421875 0.015625
2 0.32578125 0.43125 0.01953125 0.0203125
2 0.37109375 0.4265625 0.021875 0.01953125
4 0.36328125 0.45703125 0.0140625 0.0109375
4 0.41640625 0.446875 0.0140625 0.01015625
2 0.44453125 0.42421875 0.02421875 0.01875
2 0.50625 0.41953125 0.02421875 0.01953125
2 0.49921875 0.44296875 0.02109375 0.0203125
4 0.48828125 0.40546875 0.01328125 0.01171875
4 0.53984375 0.4046875 0.01640625 0.0109375
4 0.684375 0.40859375 0.01015625 0.01015625
2 0.5421875 0.44375 0.028125 0.01953125
2 0.58203125 0.4203125 0.02578125 0.02109375
2 0.63359375 0.41953125 0.021875 0.02109375
2 0.62421875 0.44375 0.0234375 0.0203125
0 0.6671875 0.40390625 0.015625 0.01640625
3 0.67890625 0.43046875 0.0203125 0.01875
0 0.74609375 0.40234375 0.01640625 0.01640625
4 0.76953125 0.39375 0.01328125 0.0109375
0 0.771875 0.4109375 0.025 0.015625
2 0.8046875 0.43203125 0.021875 0.01953125
4 0.83203125 0.41328125 0.01484375 0.0109375
2 0.8546875 0.3390625 0.0203125 0.04296875
2 0.86875 0.39453125 0.02890625 0.02109375
2 0.953125 0.38671875 0.0265625 0.02109375
4 0.90390625 0.36875 0.01328125 0.01640625
4 0.95234375 0.365625 0.01171875 0.0140625
4 0.98828125 0.353125 0.01484375 0.0109375
4 0.99375 0.33515625 0.01171875 0.01484375
4 0.915625 0.54296875 0.01171875 0.01171875
2 0.828125 0.53984375 0.025 0.02109375
0 0.86328125 0.58046875 0.01796875 0.01484375
4 0.659375 0.57109375 0.01015625 0.00703125
4 0.66171875 0.5859375 0.0109375 0.01328125
4 0.39296875 0.59921875 0.01328125 0.01015625
3 0.35078125 0.6265625 0.01484375 0.015625
2 0.53125 0.78046875 0.0203125 0.02109375
2 0.48203125 0.8484375 0.01328125 0.03359375
2 0.50078125 0.8390625 0.01171875 0.03515625
2 0.5171875 0.83671875 0.01171875 0.04296875
2 0.528125 0.84609375 0.009375 0.03046875
2 0.53984375 0.8484375 0.00859375 0.03671875
2 0.80625 0.11953125 0.01171875 0.0453125
4 0.8453125 0.15703125 0.00859375 0.0265625
2 0.20703125 0.08046875 0.02578125 0.02421875
0 0.80390625 0.29375 0.00859375 0.02421875
4 0.85078125 0.303125 0.00859375 0.0203125
4 0.85546875 0.11015625 0.00703125 0.0203125
2 0.86328125 0.796875 0.0203125 0.025
2 0.86328125 0.82578125 0.0234375 0.028125
2 0.840625 0.95625 0.01328125 0.0484375
2 0.9046875 0.7890625 0.025 0.025