2 0.01328125 0.04765625 0.01875 0.053125
2 0.76875 0.1734375 0.03203125 0.03046875
2 0.7765625 0.25546875 0.02578125 0.0296875
2 0.93046875 0.4734375 0.02890625 0.0234375
2 0.7734375 0.43828125 0.02578125 0.025
4 0.8484375 0.53203125 0.01484375 0.0140625
4 0.7609375 0.521875 0.015625 0.01640625
0 0.7578125 0.5421875 0.0203125 0.01640625
3 0.60390625 0.52421875 0.021875 0.02109375
2 0.49609375 0.36953125 0.02421875 0.021875
4 0.50703125 0.40078125 0.01171875 0.01484375
6 0.46484375 0.5921875 0.04375 0.028125
4 0.44921875 0.55078125 0.01484375 0.01796875
4 0.35234375 0.5484375 0.015625 0.01796875
4 0.25703125 0.3703125 0.0140625 0.0109375
0 0.19140625 0.37734375 0.0203125 0.01875
2 0.15 0.26484375 0.0203125 0.04453125
2 0.12421875 0.584375 0.02890625 0.02421875
2 0.109375 0.5359375 0.025 0.02109375
3 0.0671875 0.3296875 0.028125 0.06796875
2 0.05390625 0.55625 0.02578125 0.02109375
2 0.034375 0.53671875 0.03046875 0.021875
4 0.03828125 0.58046875 0.01171875 0.0109375
4 0.03046875 0.571875 0.01171875 0.00859375
4 0.02578125 0.5640625 0.01484375 0.009375
0 0.009375 0.58125 0.01796875 0.0203125
4 0.01796875 0.01171875 0.0109375 0.015625