2 0.97734375 0.3046875 0.03359375 0.021875
2 0.8984375 0.31328125 0.02890625 0.01953125
2 0.7734375 0.23359375 0.0234375 0.01875
2 0.7640625 0.1515625 0.025 0.01875
4 0.971875 0.37109375 0.01171875 0.01171875
4 0.696875 0.49453125 0.0140625 0.01328125
4 0.61875 0.41953125 0.01328125 0.01484375
4 0.56328125 0.33359375 0.0140625 0.01640625
0 0.1875 0.3890625 0.01875 0.02109375
4 0.11796875 0.6109375 0.01640625 0.01796875
4 0.01796875 0.6234375 0.0140625 0.01484375
4 0.046875 0.5953125 0.015625 0.01796875
2 0.1453125 0.28203125 0.0140625 0.04140625
2 0.028125 0.28203125 0.015625 0.03203125
2 0.00703125 0.2765625 0.0140625 0.0359375
2 0.0859375 0.03125 0.01953125 0.0390625
2 0.06953125 0.09453125 0.01484375 0.04140625
2 0.05078125 0.15546875 0.0140625 0.0390625
2 0.02734375 0.18359375 0.01484375 0.03984375
2 0.040625 0.2140625 0.01640625 0.04453125
2 0.05625 0.5734375 0.02421875 0.01796875
4 0.04296875 0.27421875 0.009375 0.028125