2 0.3359375 0.553125 0.0203125 0.0203125
2 0.26796875 0.5078125 0.01953125 0.01953125
2 0.22578125 0.48359375 0.01640625 0.01796875
2 0.21796875 0.5140625 0.0203125 0.021875
2 0.21875 0.5984375 0.0203125 0.02109375
2 0.24375 0.59765625 0.01640625 0.0296875
2 0.2625 0.59375 0.01875 0.01875
2 0.2859375 0.60703125 0.01640625 0.01484375
2 0.3203125 0.60859375 0.0203125 0.01484375
2 0.29609375 0.659375 0.00625 0.0265625
2 0.225 0.721875 0.00859375 0.03359375
2 0.2140625 0.715625 0.01171875 0.03125
2 0.20625 0.72734375 0.015625 0.034375
2 0.38515625 0.6125 0.021875 0.0203125
0 0.484375 0.4859375 0.01328125 0.0203125
0 0.4140625 0.34609375 0.01640625 0.02578125
0 0.59609375 0.528125 0.01796875 0.02421875
4 0.31484375 0.4859375 0.009375 0.015625
4 0.29609375 0.5015625 0.01015625 0.0140625
4 0.36875 0.44296875 0.0140625 0.021875
4 0.35546875 0.46171875 0.01171875 0.03203125
2 0.296875 0.465625 0.01796875 0.01796875
2 0.26171875 0.46640625 0.01796875 0.02109375
2 0.31875 0.36484375 0.025 0.01640625
4 0.54453125 0.51484375 0.01171875 0.01796875
2 0.690625 0.540625 0.021875 0.01953125
4 0.66171875 0.52890625 0.0140625 0.01328125
0 0.640625 0.51953125 0.01875 0.021875
2 0.95078125 0.6421875 0.02421875 0.0234375
2 0.03203125 0.61796875 0.0234375 0.01875
2 0.0328125 0.60078125 0.02109375 0.01796875
2 0.009375 0.5921875 0.01796875 0.028125
2 0.04296875 0.70859375 0.009375 0.0453125
2 0.04140625 0.63984375 0.01796875 0.0265625
2 0.02578125 0.71875 0.01484375 0.03515625
2 0.00703125 0.815625 0.0140625 0.034375
4 0.01171875 0.79453125 0.01484375 0.01328125
4 0.03828125 0.48359375 0.01875 0.015625
0 0.05625 0.50859375 0.01640625 0.015625
2 0.13125 0.46328125 0.02578125 0.01953125
2 0.08203125 0.584375 0.0203125 0.04140625
2 0.01328125 0.459375 0.02578125 0.03046875
2 0.0109375 0.50703125 0.021875 0.03046875
2 0.0765625 0.49375 0.03125 0.02890625
2 0.0515625 0.45703125 0.02578125 0.0265625
2 0.14375 0.56640625 0.01875 0.021875
2 0.221875 0.646875 0.0140625 0.03359375
2 0.27890625 0.66328125 0.01015625 0.03046875
2 0.071875 0.68515625 0.015625 0.028125
2 0.10703125 0.4625 0.02890625 0.015625
2 0.0890625 0.45625 0.01953125 0.025
2 0.02421875 0.75546875 0.01640625 0.0359375
2 0.03671875 0.76328125 0.01328125 0.03125
1 0.69453125 0.6375 0.06640625 0.05