4 0.0078125 0.4734375 0.0109375 0.0109375
2 0.03359375 0.50703125 0.01953125 0.01796875
6 0.1421875 0.55859375 0.03046875 0.01953125
5 0.11875 0.6796875 0.03828125 0.021875
5 0.14375 0.646875 0.03671875 0.0203125
5 0.27578125 0.63984375 0.0296875 0.01953125
2 0.16953125 0.53828125 0.01328125 0.01484375
2 0.2390625 0.46953125 0.01484375 0.0109375
4 0.3515625 0.6109375 0.00703125 0.0140625
3 0.384375 0.55078125 0.02421875 0.01875
6 0.4921875 0.62578125 0.028125 0.02578125
6 0.54296875 0.56171875 0.03515625 0.01796875
3 0.575 0.628125 0.0140625 0.01171875
2 0.70859375 0.565625 0.01796875 0.01875
2 0.621875 0.46015625 0.01640625 0.01796875
3 0.74296875 0.446875 0.01796875 0.0109375
3 0.746875 0.40859375 0.01484375 0.01171875
5 0.715625 0.3859375 0.04375 0.01953125
5 0.659375 0.38828125 0.04140625 0.025
6 0.81875 0.521875 0.01796875 0.015625
0 0.8046875 0.59375 0.009375 0.0140625
0 0.81796875 0.60703125 0.01328125 0.009375
4 0.87109375 0.58203125 0.00859375 0.009375
3 0.8875 0.59921875 0.01796875 0.01953125
5 0.84296875 0.62421875 0.01484375 0.06640625
5 0.8828125 0.64296875 0.03828125 0.021875
0 0.92890625 0.60703125 0.01328125 0.0109375
4 0.9390625 0.58984375 0.00859375 0.01015625
4 0.9765625 0.6015625 0.01015625 0.01171875
2 0.9890625 0.58984375 0.0140625 0.015625