0 0.34609375 0.428125 0.01796875 0.01875
0 0.27421875 0.43671875 0.01796875 0.01953125
0 0.303125 0.4953125 0.01640625 0.015625
0 0.3515625 0.46640625 0.015625 0.01875
0 0.3703125 0.465625 0.015625 0.015625
2 0.31015625 0.43984375 0.0296875 0.02421875
0 0.3609375 0.50625 0.01875 0.01640625
0 0.40390625 0.39375 0.02109375 0.02109375
4 0.3796875 0.4390625 0.0140625 0.01015625
4 0.3640625 0.45078125 0.01171875 0.0109375
2 0.371875 0.48671875 0.02421875 0.0234375
4 0.37578125 0.44921875 0.01328125 0.01171875
4 0.190625 0.4484375 0.01796875 0.01875
4 0.2015625 0.42890625 0.01484375 0.01484375
2 0.13046875 0.64453125 0.028125 0.03046875
6 0.49296875 0.415625 0.03828125 0.10625
2 0.48125 0.13671875 0.015625 0.04375
2 0.50625 0.03359375 0.02109375 0.04609375
4 0.51015625 0.12421875 0.01171875 0.025
4 0.50546875 0.078125 0.01015625 0.021875
4 0.51875 0.071875 0.01015625 0.01953125
0 0.4984375 0.26484375 0.01484375 0.0296875
3 0.48984375 0.22890625 0.01796875 0.03671875
4 0.52890625 0.33359375 0.01640625 0.02421875
0 0.58046875 0.29375 0.0140625 0.028125
4 0.48125 0.2765625 0.01015625 0.02109375
4 0.47421875 0.58203125 0.0140625 0.01796875
4 0.52890625 0.39375 0.01484375 0.025
0 0.4609375 0.27578125 0.0140625 0.028125
4 0.47109375 0.275 0.009375 0.025
0 0.52578125 0.72734375 0.01328125 0.03671875
0 0.48515625 0.95 0.01328125 0.040625
0 0.35703125 0.8140625 0.0203125 0.0359375
0 0.57578125 0.265625 0.0140625 0.0296875
0 0.5828125 0.20390625 0.015625 0.03359375
4 0.61953125 0.121875 0.01015625 0.03046875
0 0.32421875 0.8375 0.0234375 0.03046875
4 0.371875 0.88359375 0.0140625 0.02421875
0 0.5875 0.09609375 0.01171875 0.0359375
4 0.59375 0.1140625 0.009375 0.0203125
3 0.5265625 0.084375 0.015625 0.05546875
4 0.54609375 0.22421875 0.009375 0.021875
4 0.5546875 0.30546875 0.00859375 0.0296875
2 0.609375 0.0625 0.01640625 0.05859375
2 0.59609375 0.0453125 0.01640625 0.05
6 0.5734375 0.1703125 0.03359375 0.10859375
6 0.5515625 0.26171875 0.02890625 0.07890625
4 0.53671875 0.2578125 0.00859375 0.0203125
4 0.5359375 0.28046875 0.00703125 0.0203125
4 0.4734375 0.9375 0.00859375 0.0296875
4 0.59140625 0.16171875 0.01015625 0.02421875
4 0.36640625 0.36328125 0.0109375 0.02109375
4 0.378125 0.36015625 0.00625 0.02109375
4 0.38515625 0.3609375 0.00546875 0.03046875
4 0.39375 0.35625 0.00546875 0.02421875
4 0.415625 0.34921875 0.00859375 0.01875
4 0.40234375 0.35625 0.00546875 0.021875
4 0.40703125 0.35390625 0.00859375 0.021875
4 0.6140625 0.47109375 0.01640625 0.0140625
4 0.64453125 0.4515625 0.0140625 0.0140625
4 0.66171875 0.49375 0.01328125 0.0140625
4 0.6296875 0.49140625 0.0140625 0.015625
4 0.61875 0.5265625 0.01875 0.01875
4 0.64453125 0.49765625 0.0140625 0.01328125
4 0.59453125 0.56640625 0.01640625 0.01796875
4 0.4015625 0.31953125 0.009375 0.01875
4 0.41953125 0.29453125 0.01171875 0.01484375
4 0.42109375 0.28046875 0.01171875 0.01484375
4 0.43046875 0.278125 0.01171875 0.015625
4 0.42421875 0.3234375 0.01015625 0.01484375
4 0.440625 0.31796875 0.01171875 0.01640625
4 0.4359375 0.30234375 0.01328125 0.01328125
4 0.4296875 0.31171875 0.0109375 0.015625
4 0.440625 0.29140625 0.0140625 0.01484375
4 0.4109375 0.31171875 0.00859375 0.01875
4 0.44296875 0.2484375 0.01484375 0.01796875
4 0.46875 0.175 0.01328125 0.01171875
4 0.47109375 0.16171875 0.0140625 0.01171875
0 0.696875 0.4546875 0.01796875 0.0234375
4 0.6234375 0.40546875 0.0140625 0.015625
2 0.7640625 0.43046875 0.02890625 0.02421875
2 0.78984375 0.45078125 0.02578125 0.021875
2 0.740625 0.83828125 0.02890625 0.03125
2 0.765625 0.70703125 0.01796875 0.0546875
0 0.8140625 0.6453125 0.015625 0.03125
4 0.6203125 0.5609375 0.0109375 0.01875
4 0.63046875 0.58046875 0.0109375 0.015625
4 0.603125 0.596875 0.0140625 0.01328125
4 0.61171875 0.575 0.01328125 0.01171875
4 0.615625 0.58828125 0.0140625 0.01171875
4 0.74375 0.478125 0.01171875 0.01796875
4 0.73125 0.49140625 0.01796875 0.01171875
4 0.68671875 0.4921875 0.0203125 0.0109375
4 0.734375 0.63046875 0.01796875 0.01171875
4 0.73515625 0.64375 0.01796875 0.01328125
4 0.95234375 0.57421875 0.015625 0.01640625
4 0.98671875 0.55859375 0.01953125 0.0203125
0 0.921875 0.54609375 0.025 0.03203125
4 0.734375 0.66875 0.01640625 0.0140625
4 0.73671875 0.6578125 0.01484375 0.01015625
1 0.86328125 0.49296875 0.08671875 0.040625
1 0.78671875 0.5203125 0.05859375 0.034375
2 0.71875 0.50703125 0.028125 0.01796875
2 0.65234375 0.515625 0.02578125 0.01796875
2 0.67890625 0.5328125 0.02578125 0.0203125
2 0.646875 0.54296875 0.02578125 0.0203125
2 0.69921875 0.55859375 0.02578125 0.02421875
2 0.70859375 0.53515625 0.0265625 0.021875
2 0.65234375 0.5625 0.0296875 0.01875
2 0.7390625 0.5359375 0.03125 0.02109375
2 0.83515625 0.53359375 0.02578125 0.02578125
2 0.828125 0.56328125 0.0265625 0.02109375
2 0.85703125 0.565625 0.02578125 0.0234375
2 0.8765625 0.58515625 0.02890625 0.03359375
0 0.86875 0.546875 0.01640625 0.02109375
4 0.8875 0.52578125 0.0140625 0.01640625
4 0.8765625 0.534375 0.01640625 0.01171875
4 0.80859375 0.596875 0.01484375 0.015625
4 0.80390625 0.559375 0.01328125 0.01484375
4 0.80390625 0.54296875 0.015625 0.0109375
4 0.7984375 0.58125 0.01328125 0.01328125
4 0.7953125 0.56796875 0.01328125 0.01171875
4 0.74609375 0.609375 0.015625 0.01484375
4 0.7734375 0.6015625 0.01328125 0.01328125
4 0.7296875 0.60390625 0.01171875 0.01953125
4 0.63828125 0.59453125 0.01640625 0.0109375
4 0.64453125 0.58125 0.01484375 0.01015625
4 0.67578125 0.559375 0.015625 0.0109375
4 0.65859375 0.5765625 0.01328125 0.01015625
4 0.759375 0.60078125 0.01171875 0.0140625
4 0.771875 0.5890625 0.0140625 0.01171875
0 0.7859375 0.54921875 0.01796875 0.015625
4 0.78046875 0.55859375 0.01484375 0.01328125
0 0.7703125 0.57421875 0.0234375 0.01328125
0 0.7234375 0.58125 0.01875 0.01875
2 0.73046875 0.55859375 0.02578125 0.01796875
2 0.76015625 0.55625 0.021875 0.0203125
2 0.746875 0.5765625 0.02421875 0.01953125
4 0.79765625 0.3359375 0.00703125 0.02890625
4 0.81015625 0.3359375 0.00859375 0.021875
4 0.81796875 0.34609375 0.01015625 0.0234375
4 0.853125 0.32421875 0.00859375 0.02109375
4 0.8390625 0.334375 0.009375 0.02109375
4 0.83515625 0.38671875 0.01171875 0.0265625
4 0.78359375 0.390625 0.00625 0.0296875
4 0.78984375 0.3859375 0.00859375 0.0296875
4 0.85859375 0.3859375 0.00625 0.02109375
4 0.87109375 0.38359375 0.01015625 0.0234375
4 0.8984375 0.38125 0.00859375 0.021875
4 0.90625 0.38125 0.00703125 0.021875
4 0.9359375 0.32890625 0.01171875 0.01953125
4 0.93203125 0.37578125 0.00859375 0.02578125
4 0.89453125 0.328125 0.0109375 0.0234375
4 0.609375 0.3109375 0.00859375 0.0140625
4 0.61171875 0.3296875 0.00703125 0.01171875
4 0.6203125 0.346875 0.009375 0.009375
4 0.61953125 0.31171875 0.01171875 0.01328125
4 0.6203125 0.32578125 0.01015625 0.0140625
4 0.628125 0.365625 0.00546875 0.01640625