2 0.11171875 0.4265625 0.02578125 0.03359375
2 0.0265625 0.54453125 0.02421875 0.02890625
2 0.07578125 0.56171875 0.02109375 0.02109375
2 0.0515625 0.55859375 0.02421875 0.02109375
2 0.040625 0.58828125 0.01328125 0.028125
2 0.053125 0.5875 0.01171875 0.03203125
2 0.096875 0.65859375 0.01640625 0.0296875
2 0.090625 0.69140625 0.0203125 0.03125
2 0.084375 0.73046875 0.01796875 0.03203125
2 0.1796875 0.621875 0.0203125 0.02578125
2 0.21953125 0.584375 0.01796875 0.0359375
4 0.10859375 0.54609375 0.01796875 0.01484375
4 0.02109375 0.50078125 0.01328125 0.0203125
4 0.05078125 0.3765625 0.015625 0.01484375
4 0.0765625 0.3859375 0.01171875 0.01640625
4 0.18671875 0.57421875 0.01328125 0.0203125
4 0.18671875 0.60390625 0.01015625 0.01328125
4 0.2390625 0.58046875 0.009375 0.01328125
4 0.25546875 0.615625 0.01171875 0.015625
4 0.40546875 0.84453125 0.01171875 0.0203125
4 0.48125 0.81875 0.009375 0.021875
4 0.53046875 0.65 0.01328125 0.01796875
0 0.46953125 0.69921875 0.009375 0.028125
0 0.45703125 0.7234375 0.009375 0.02578125
0 0.42890625 0.75546875 0.00859375 0.025
0 0.4359375 0.76015625 0.00546875 0.028125
0 0.4484375 0.775 0.00859375 0.02578125
0 0.44296875 0.803125 0.00625 0.02421875
0 0.4546875 0.8109375 0.01328125 0.03203125
4 0.43828125 0.7859375 0.00859375 0.01484375
4 0.4421875 0.83046875 0.009375 0.01640625
4 0.44296875 0.76796875 0.0046875 0.02109375
4 0.46171875 0.73671875 0.00546875 0.02109375
4 0.46953125 0.74140625 0.00546875 0.02109375
4 0.4734375 0.96640625 0.009375 0.025
0 0.41328125 0.90078125 0.0140625 0.02890625
0 0.43046875 0.9234375 0.0109375 0.028125
0 0.47890625 0.909375 0.01328125 0.02578125
0 0.42890625 0.98046875 0.009375 0.02890625
0 0.4421875 0.95703125 0.01171875 0.02890625
0 0.34140625 0.79375 0.0109375 0.0265625
2 0.378125 0.80703125 0.01796875 0.03828125
2 0.28203125 0.46875 0.01875 0.0234375
2 0.309375 0.4703125 0.02109375 0.015625
2 0.33828125 0.45390625 0.02421875 0.01953125
2 0.30703125 0.49296875 0.0203125 0.01640625
2 0.334375 0.49140625 0.01953125 0.015625
2 0.36015625 0.4921875 0.01640625 0.01484375
2 0.390625 0.49140625 0.01640625 0.015625
0 0.178125 0.43046875 0.01796875 0.01875
0 0.2453125 0.44765625 0.015625 0.01953125
0 0.275 0.45078125 0.01484375 0.01484375
0 0.36953125 0.45625 0.0140625 0.0140625
0 0.37421875 0.471875 0.0109375 0.0140625
0 0.38984375 0.471875 0.01171875 0.01796875
0 0.37421875 0.50859375 0.01328125 0.01484375
0 0.38984375 0.5109375 0.01484375 0.0140625
4 0.38828125 0.3859375 0.01015625 0.0203125
4 0.2609375 0.44921875 0.00859375 0.01484375
4 0.390625 0.43671875 0.009375 0.01171875
4 0.3796875 0.43984375 0.0109375 0.01171875
4 0.35859375 0.446875 0.009375 0.00859375
4 0.34609375 0.475 0.00859375 0.009375
4 0.35703125 0.4609375 0.00625 0.00703125
4 0.36328125 0.47578125 0.009375 0.00859375
4 0.390625 0.4546875 0.009375 0.00859375
4 0.3984375 0.3796875 0.00703125 0.01875
4 0.41171875 0.378125 0.0046875 0.0203125
4 0.4234375 0.37890625 0.0046875 0.01875
4 0.4390625 0.353125 0.009375 0.01328125
4 0.434375 0.328125 0.009375 0.0109375
4 0.43515625 0.3140625 0.00859375 0.01328125
4 0.44765625 0.29765625 0.00859375 0.00859375
4 0.4640625 0.30078125 0.01171875 0.01171875
4 0.44921875 0.33203125 0.00703125 0.0109375
4 0.48359375 0.3265625 0.00859375 0.01875
4 0.45703125 0.3140625 0.00859375 0.01171875
4 0.47890625 0.2140625 0.01015625 0.0109375
4 0.46015625 0.2703125 0.009375 0.015625
4 0.4609375 0.2515625 0.00625 0.01015625
0 0.51171875 0.1984375 0.01328125 0.03359375
0 0.47109375 0.31171875 0.01015625 0.0234375
2 0.51328125 0.10625 0.0203125 0.040625
2 0.48984375 0.19375 0.01640625 0.03125
4 0.54140625 0.034375 0.0140625 0.01640625
4 0.478125 0.22578125 0.01328125 0.01171875
4 0.603125 0.11796875 0.00625 0.01640625
4 0.58125 0.30859375 0.00703125 0.021875
4 0.5734375 0.30703125 0.00703125 0.01875
6 0.5890625 0.13828125 0.040625 0.08671875
6 0.5703125 0.215625 0.03671875 0.06328125
6 0.55703125 0.29921875 0.0296875 0.096875
0 0.5625 0.31328125 0.0109375 0.0296875
0 0.56953125 0.278125 0.01015625 0.0234375
4 0.6046875 0.41640625 0.01171875 0.01953125
4 0.5921875 0.384375 0.00859375 0.02421875
4 0.596875 0.346875 0.00859375 0.01015625
4 0.60859375 0.35 0.00859375 0.01171875
4 0.60078125 0.3640625 0.00859375 0.01171875
4 0.60703125 0.3796875 0.00703125 0.01015625
4 0.61484375 0.39609375 0.00625 0.01015625
4 0.75390625 0.3734375 0.00546875 0.0234375
4 0.771875 0.37578125 0.00546875 0.021875
4 0.7609375 0.378125 0.0046875 0.01796875
4 0.746875 0.4234375 0.0046875 0.01953125
4 0.753125 0.42109375 0.0046875 0.02109375
4 0.79296875 0.42109375 0.00703125 0.0203125
4 0.7921875 0.48828125 0.00859375 0.0140625
4 0.79609375 0.3734375 0.00703125 0.015625
4 0.778125 0.38671875 0.00390625 0.01640625
4 0.80859375 0.37109375 0.00546875 0.01953125
4 0.84375 0.37265625 0.00703125 0.01796875
4 0.85859375 0.371875 0.00546875 0.01640625
4 0.88125 0.378125 0.00625 0.01796875
4 0.82578125 0.42109375 0.00625 0.02109375
4 0.8125 0.41953125 0.0046875 0.01953125
4 0.846875 0.41953125 0.00625 0.02421875
4 0.86953125 0.41640625 0.00546875 0.01953125
4 0.73046875 0.58203125 0.01328125 0.0234375
4 0.69296875 0.57734375 0.01328125 0.01171875
4 0.78125 0.65625 0.00703125 0.01796875
4 0.81875 0.4203125 0.0046875 0.0234375
4 0.70390625 0.628125 0.0140625 0.01015625
4 0.703125 0.65078125 0.0109375 0.0109375
4 0.703125 0.63828125 0.01328125 0.009375
4 0.73359375 0.646875 0.01015625 0.01328125
4 0.73203125 0.6578125 0.01328125 0.01015625
4 0.70078125 0.659375 0.01015625 0.00703125
4 0.73125 0.6671875 0.0109375 0.01015625
2 0.73125 0.4578125 0.028125 0.02421875
2 0.70859375 0.55234375 0.02421875 0.02421875
2 0.67578125 0.56171875 0.02421875 0.01640625
2 0.62265625 0.5265625 0.021875 0.01875
2 0.6484375 0.5515625 0.02109375 0.01640625
2 0.6234375 0.55078125 0.02109375 0.0140625
2 0.6515625 0.56953125 0.01953125 0.01484375
2 0.6265625 0.58046875 0.0203125 0.01640625
2 0.7296875 0.6953125 0.01875 0.04140625
2 0.70625 0.80859375 0.0234375 0.0265625
0 0.83515625 0.5734375 0.0203125 0.025
0 0.7703125 0.640625 0.009375 0.03046875
0 0.78828125 0.63671875 0.01328125 0.025
0 0.70078125 0.5296875 0.021875 0.01640625
0 0.63828125 0.51171875 0.01640625 0.01796875
4 0.6140625 0.51328125 0.01015625 0.01015625
4 0.62421875 0.5046875 0.00703125 0.01484375
4 0.61328125 0.565625 0.01015625 0.009375
4 0.628125 0.56484375 0.0140625 0.009375
4 0.61171875 0.5875 0.00859375 0.0109375