4 0.00703125 0.021875 0.01328125 0.025
4 0.0046875 0.0953125 0.00859375 0.02890625
2 0.14609375 0.27421875 0.01875 0.0484375
0 0.1875 0.3859375 0.01875 0.021875
5 0.04296875 0.409375 0.040625 0.04296875
2 0.05 0.55625 0.02578125 0.0234375
2 0.01875 0.54453125 0.025 0.02421875
4 0.0171875 0.5765625 0.01640625 0.01875
2 0.04375 0.58125 0.0265625 0.0265625
4 0.03046875 0.56171875 0.0140625 0.0109375
2 0.77578125 0.24296875 0.02578125 0.0265625
2 0.765625 0.1609375 0.02578125 0.02578125
2 0.89921875 0.32578125 0.02578125 0.0265625
2 0.9828125 0.31328125 0.02578125 0.03203125
2 0.56640625 0.33671875 0.0203125 0.0203125
2 0.4984375 0.36875 0.0296875 0.03125
4 0.09453125 0.39453125 0.0109375 0.0265625
2 0.0078125 0.31640625 0.015625 0.05390625
2 0.76328125 0.4109375 0.01953125 0.01796875
3 0.19609375 0.48359375 0.03125 0.028125
2 0.0984375 0.4875 0.03046875 0.0234375
4 0.02265625 0.459375 0.015625 0.015625
0 0.0375 0.44296875 0.0234375 0.01875
4 0.046875 0.46484375 0.01640625 0.01328125
4 0.14765625 0.45078125 0.01640625 0.01640625
4 0.27109375 0.44296875 0.01640625 0.015625
2 0.05078125 0.4984375 0.0265625 0.0234375
4 0.06796875 0.47109375 0.015625 0.01171875
2 0.10390625 0.45234375 0.028125 0.0234375
4 0.021875 0.47890625 0.01328125 0.01640625
0 0.04609375 0.209375 0.02109375 0.04140625
4 0.025 0.05859375 0.009375 0.02578125
4 0.05625 0.09453125 0.01171875 0.03125
3 0.35078125 0.465625 0.02890625 0.02578125
2 0.403125 0.465625 0.0296875 0.0265625
2 0.375 0.54921875 0.0296875 0.0265625
2 0.54609375 0.55390625 0.03125 0.02890625
4 0.35234375 0.42890625 0.01328125 0.01953125
4 0.38046875 0.41640625 0.01484375 0.015625
4 0.3734375 0.440625 0.01328125 0.015625
4 0.53671875 0.42109375 0.0140625 0.01484375
4 0.52578125 0.4390625 0.0140625 0.01953125