3 0.5453125 0.62578125 0.01328125 0.03203125
3 0.4546875 0.54609375 0.02109375 0.01640625
3 0.31640625 0.58046875 0.02109375 0.0203125
2 0.2015625 0.2640625 0.0109375 0.03125
2 0.1984375 0.315625 0.0109375 0.03125
2 0.23828125 0.18828125 0.009375 0.0390625
2 0.00625 0.45859375 0.0125 0.0140625
2 0.05625 0.46640625 0.02109375 0.01484375
2 0.09296875 0.45546875 0.01640625 0.0140625
2 0.06171875 0.565625 0.01796875 0.01328125
2 0.23359375 0.4734375 0.0203125 0.01640625
2 0.29140625 0.5640625 0.01640625 0.01640625
2 0.278125 0.59921875 0.01796875 0.01796875
2 0.28671875 0.428125 0.021875 0.0203125
2 0.31796875 0.4296875 0.015625 0.02109375
2 0.3375 0.428125 0.01796875 0.01484375
2 0.359375 0.434375 0.01953125 0.02109375
2 0.378125 0.4375 0.01640625 0.0140625
2 0.3828125 0.421875 0.0140625 0.015625
2 0.4015625 0.43125 0.01640625 0.015625
2 0.37578125 0.46640625 0.01640625 0.01484375
2 0.3546875 0.471875 0.01484375 0.01484375
2 0.3484375 0.55859375 0.01875 0.01640625
2 0.39296875 0.55546875 0.01640625 0.01328125
2 0.396875 0.46640625 0.01875 0.01640625
2 0.41953125 0.44453125 0.01640625 0.0140625
2 0.41875 0.465625 0.01640625 0.01484375
2 0.4125 0.41640625 0.01640625 0.01484375
2 0.4296875 0.42734375 0.01640625 0.01328125
2 0.43203125 0.409375 0.01796875 0.0140625
2 0.45078125 0.40859375 0.01640625 0.0140625
2 0.45 0.425 0.01875 0.01171875
2 0.459375 0.4390625 0.01875 0.015625
2 0.45390625 0.4609375 0.015625 0.01171875
2 0.44140625 0.44453125 0.01796875 0.0109375
2 0.49375 0.54140625 0.01875 0.01640625
2 0.471875 0.409375 0.015625 0.01484375
2 0.47890625 0.4265625 0.01796875 0.0140625
2 0.49921875 0.41171875 0.01796875 0.015625
2 0.503125 0.44765625 0.01875 0.015625
2 0.54609375 0.54375 0.01640625 0.015625
2 0.6109375 0.546875 0.01640625 0.0140625
2 0.62734375 0.525 0.01640625 0.0140625
2 0.57265625 0.525 0.01953125 0.0140625
2 0.59140625 0.66640625 0.009375 0.03203125
2 0.578125 0.67890625 0.009375 0.0296875
2 0.62421875 0.6859375 0.01171875 0.0265625
2 0.6796875 0.515625 0.01796875 0.015625
2 0.709375 0.51171875 0.01796875 0.01328125
2 0.73359375 0.55703125 0.0203125 0.01484375
2 0.65703125 0.53828125 0.0203125 0.01796875
2 0.66953125 0.58203125 0.015625 0.01953125
2 0.7640625 0.534375 0.01796875 0.01484375
2 0.78359375 0.54609375 0.02109375 0.01484375
2 0.759375 0.55546875 0.01640625 0.01484375
2 0.81640625 0.54296875 0.021875 0.02109375
2 0.828125 0.5046875 0.01796875 0.01640625
2 0.84375 0.53515625 0.0203125 0.01484375
2 0.9046875 0.5234375 0.01953125 0.01796875
2 0.93125 0.51796875 0.01875 0.01484375
2 0.87109375 0.53046875 0.02109375 0.01640625
2 0.83203125 0.334375 0.01796875 0.01484375
2 0.784375 0.32890625 0.01484375 0.0296875
0 0.86015625 0.35546875 0.01328125 0.0109375
0 0.80390625 0.51875 0.01328125 0.0140625
0 0.7390625 0.56953125 0.009375 0.015625
0 0.72109375 0.5734375 0.01171875 0.01328125
0 0.696875 0.565625 0.01328125 0.01171875
0 0.6921875 0.553125 0.01171875 0.0140625
0 0.6953125 0.578125 0.01015625 0.01484375
1 0.78046875 0.50234375 0.05078125 0.0265625
0 0.56796875 0.3765625 0.01171875 0.01484375
0 0.65859375 0.371875 0.01171875 0.01328125
0 0.47578125 0.44453125 0.01171875 0.01171875
0 0.4828125 0.45703125 0.01171875 0.01015625
0 0.46953125 0.4578125 0.009375 0.01015625
0 0.4890625 0.39765625 0.01015625 0.01015625
0 0.30078125 0.43828125 0.01171875 0.01796875
0 0.30625 0.4609375 0.01171875 0.0109375
0 0.15390625 0.41640625 0.01484375 0.015625
0 0.12421875 0.44765625 0.01484375 0.0140625
3 0.12109375 0.475 0.02578125 0.01328125
0 0.203125 0.4359375 0.01328125 0.0140625
0 0.196875 0.36171875 0.009375 0.01953125
0 0.21640625 0.44375 0.0140625 0.01328125
0 0.0109375 0.4421875 0.01640625 0.01171875
0 0.07421875 0.590625 0.01328125 0.01484375
2 0.21328125 0.56875 0.01640625 0.015625
4 0.01796875 0.4296875 0.01015625 0.01015625
4 0.034375 0.44140625 0.0140625 0.01015625
4 0.05546875 0.434375 0.0109375 0.01328125
4 0.10625 0.43828125 0.01015625 0.009375
4 0.1421875 0.4421875 0.01171875 0.01015625
4 0.1359375 0.4640625 0.01015625 0.0109375
4 0.18671875 0.39296875 0.00859375 0.015625
4 0.1765625 0.4078125 0.00859375 0.01171875
4 0.18359375 0.43359375 0.009375 0.0109375
4 0.1953125 0.34296875 0.0046875 0.01171875
4 0.2328125 0.29140625 0.00546875 0.01484375
4 0.26875 0.425 0.01015625 0.01171875
4 0.271875 0.446875 0.00859375 0.009375
4 0.2578125 0.453125 0.0109375 0.0140625
4 0.284375 0.45078125 0.009375 0.01171875
4 0.30078125 0.41328125 0.00859375 0.00859375
0 0.3171875 0.4140625 0.01328125 0.01328125
4 0.2765625 0.58203125 0.009375 0.009375
4 0.24609375 0.5703125 0.00859375 0.00625
4 0.253125 0.58046875 0.009375 0.00859375
4 0.19453125 0.57578125 0.009375 0.0109375
4 0.19296875 0.58515625 0.0109375 0.0109375
4 0.22578125 0.6015625 0.00703125 0.009375
4 0.0828125 0.5765625 0.01171875 0.01015625
4 0.09296875 0.56953125 0.01015625 0.00859375
4 0.11171875 0.58671875 0.009375 0.01171875
4 0.14453125 0.59375 0.009375 0.0109375
4 0.17421875 0.590625 0.01015625 0.01015625
4 0.01171875 0.57578125 0.00703125 0.01171875
4 0.01953125 0.5859375 0.009375 0.0140625
4 0.00546875 0.59375 0.00859375 0.015625
4 0.36484375 0.45625 0.009375 0.0140625
4 0.3734375 0.40546875 0.00859375 0.009375
4 0.40546875 0.4421875 0.00703125 0.00703125
4 0.4046875 0.45 0.009375 0.009375
4 0.41875 0.39453125 0.00859375 0.009375
4 0.42578125 0.45390625 0.00859375 0.00625
4 0.434375 0.45625 0.009375 0.009375
4 0.44296875 0.45703125 0.009375 0.00859375
4 0.43828125 0.465625 0.00859375 0.009375
4 0.44609375 0.434375 0.00703125 0.00859375
2 0.4609375 0.4375 0.01640625 0.01796875
4 0.36640625 0.5890625 0.00859375 0.0109375
4 0.41171875 0.5859375 0.00625 0.00625
4 0.45703125 0.571875 0.01015625 0.00859375
4 0.47421875 0.565625 0.0140625 0.01015625
4 0.50546875 0.571875 0.009375 0.009375
4 0.503125 0.5921875 0.009375 0.00859375
4 0.4796875 0.39921875 0.00859375 0.00625
4 0.50390625 0.40234375 0.00859375 0.00625
4 0.49609375 0.403125 0.00703125 0.00625
4 0.48828125 0.4359375 0.00703125 0.00625
4 0.4953125 0.4609375 0.009375 0.00859375
4 0.50546875 0.459375 0.00859375 0.00703125
0 0.5015625 0.43359375 0.01171875 0.01015625
4 0.5015625 0.378125 0.009375 0.00859375
4 0.5796875 0.40234375 0.00859375 0.00703125
4 0.59140625 0.396875 0.00859375 0.009375
4 0.54140625 0.4984375 0.00859375 0.009375
4 0.5671875 0.553125 0.00703125 0.00703125
0 0.5328125 0.5609375 0.0109375 0.01875
0 0.571875 0.54140625 0.009375 0.01171875
0 0.57265625 0.61953125 0.00859375 0.01875
0 0.6453125 0.6421875 0.00859375 0.0234375
2 0.6109375 0.98671875 0.00859375 0.02578125
2 0.62890625 0.778125 0.00859375 0.0359375
4 0.615625 0.77265625 0.00859375 0.01640625
4 0.62421875 0.72578125 0.00546875 0.01640625
4 0.57890625 0.64453125 0.00546875 0.01171875
4 0.5765625 0.63125 0.00546875 0.01328125
4 0.58515625 0.64609375 0.0046875 0.01640625
4 0.646875 0.66640625 0.00546875 0.01328125
4 0.6359375 0.70390625 0.00546875 0.01640625
4 0.653125 0.64609375 0.00625 0.01484375
4 0.65390625 0.63046875 0.0046875 0.0140625
4 0.5828125 0.55625 0.00859375 0.01015625
4 0.61171875 0.559375 0.00859375 0.009375
4 0.5625 0.56171875 0.01015625 0.01015625
4 0.56875 0.57109375 0.009375 0.01171875
4 0.675 0.4140625 0.009375 0.00859375
4 0.68046875 0.40390625 0.01015625 0.01171875
0 0.75703125 0.38984375 0.01328125 0.01328125
4 0.8390625 0.51796875 0.01171875 0.00859375
4 0.78984375 0.52578125 0.009375 0.0109375
4 0.88046875 0.5015625 0.009375 0.00859375
4 0.85859375 0.51640625 0.0109375 0.01015625
4 0.86484375 0.55546875 0.0109375 0.0140625
4 0.815625 0.5640625 0.0109375 0.009375
4 0.68671875 0.53359375 0.009375 0.00859375
4 0.6828125 0.54296875 0.009375 0.009375
4 0.7046875 0.5390625 0.01015625 0.009375
4 0.7015625 0.5265625 0.009375 0.01015625
4 0.715625 0.54375 0.00859375 0.009375