2 0.9203125 0.490625 0.03125 0.0265625
2 0.98125 0.35859375 0.028125 0.0234375
2 0.771875 0.184375 0.0296875 0.0265625
2 0.7796875 0.26640625 0.0265625 0.025
2 0.5015625 0.36796875 0.028125 0.0296875
2 0.16015625 0.24453125 0.02578125 0.05
2 0.0734375 0.06484375 0.01484375 0.05
2 0.02578125 0.02578125 0.0203125 0.04609375
2 0.0234375 0.23671875 0.01796875 0.0390625
2 0.03125 0.278125 0.01796875 0.0453125
6 0.07578125 0.30703125 0.02890625 0.0734375
4 0.01328125 0.05 0.00703125 0.021875
4 0.00859375 0.03046875 0.0109375 0.01171875
4 0.26328125 0.35703125 0.01015625 0.01015625
4 0.60703125 0.35703125 0.0109375 0.01875
4 0.70625 0.51953125 0.01171875 0.01796875
4 0.8609375 0.50390625 0.0140625 0.0140625
0 0.8984375 0.51328125 0.01953125 0.02109375
0 0.71640625 0.54296875 0.01875 0.021875
0 0.196875 0.359375 0.0234375 0.01484375