4 0.16796875 0.00859375 0.009375 0.01640625
4 0.215625 0.01484375 0.0109375 0.01875
4 0.17421875 0.0453125 0.00703125 0.01484375
4 0.21328125 0.13828125 0.00859375 0.01875
4 0.31796875 0.18203125 0.0109375 0.0140625
4 0.403125 0.18671875 0.01171875 0.009375
4 0.4234375 0.13046875 0.01171875 0.01171875
4 0.38203125 0.30234375 0.009375 0.01875
4 0.3984375 0.3046875 0.00859375 0.0203125
4 0.41328125 0.23828125 0.01171875 0.0109375
4 0.42109375 0.2703125 0.009375 0.01640625
4 0.4453125 0.23046875 0.009375 0.01953125
4 0.44765625 0.10546875 0.01015625 0.01484375
4 0.4765625 0.25078125 0.0140625 0.00859375
4 0.465625 0.26796875 0.01171875 0.01015625
4 0.496875 0.3109375 0.01328125 0.01015625
4 0.6015625 0.04453125 0.00625 0.021875
4 0.62578125 0.0515625 0.00703125 0.025
4 0.60703125 0.0828125 0.00546875 0.02421875
4 0.625 0.08671875 0.00546875 0.021875
4 0.66015625 0.00546875 0.01171875 0.01015625
4 0.65703125 0.07890625 0.01015625 0.0109375
4 0.665625 0.034375 0.0109375 0.01171875
4 0.675 0.0484375 0.00546875 0.02109375
4 0.66171875 0.05234375 0.01171875 0.01015625
4 0.5984375 0.125 0.00546875 0.021875
4 0.62578125 0.1671875 0.00703125 0.021875
4 0.70546875 0.14765625 0.01171875 0.0109375
4 0.7015625 0.1734375 0.0109375 0.01171875
4 0.70078125 0.19140625 0.01171875 0.01171875
4 0.70078125 0.20390625 0.01171875 0.009375
4 0.69921875 0.221875 0.01171875 0.01015625
4 0.69609375 0.253125 0.01015625 0.01015625
4 0.69453125 0.27109375 0.01015625 0.00625
4 0.69375 0.28046875 0.01171875 0.01015625
4 0.6765625 0.25078125 0.01015625 0.0109375
4 0.678125 0.26171875 0.0109375 0.009375
4 0.67578125 0.26953125 0.01171875 0.009375
4 0.5390625 0.334375 0.01015625 0.00703125
4 0.55546875 0.33046875 0.009375 0.01328125
4 0.5546875 0.34453125 0.00859375 0.0140625
4 0.59140625 0.30390625 0.0046875 0.0203125
4 0.58203125 0.3484375 0.00859375 0.01796875
4 0.5875 0.403125 0.00703125 0.01640625
4 0.5984375 0.41171875 0.009375 0.0140625
4 0.63671875 0.353125 0.00546875 0.01875
4 0.63125 0.37890625 0.00546875 0.0203125
4 0.6046875 0.56171875 0.00546875 0.0203125
4 0.61171875 0.56796875 0.00546875 0.01953125
4 0.61953125 0.5640625 0.00625 0.021875
4 0.63203125 0.58046875 0.00546875 0.0203125
4 0.62109375 0.61328125 0.00703125 0.01796875
4 0.70078125 0.571875 0.00703125 0.015625
4 0.69140625 0.5671875 0.00859375 0.01953125
4 0.76328125 0.55234375 0.01015625 0.01484375
4 0.7796875 0.59375 0.00859375 0.015625
4 0.8046875 0.56171875 0.00859375 0.01640625
4 0.8171875 0.65859375 0.00859375 0.01328125
4 0.82265625 0.68671875 0.00859375 0.01484375
4 0.815625 0.69921875 0.01015625 0.0109375
4 0.8 0.7484375 0.009375 0.01640625
4 0.83828125 0.73984375 0.00703125 0.01640625
4 0.89453125 0.8359375 0.00859375 0.01640625
4 0.86640625 0.9171875 0.01015625 0.01484375
4 0.803125 0.93984375 0.01015625 0.01640625
4 0.60859375 0.75625 0.01015625 0.01015625
4 0.56015625 0.803125 0.0109375 0.01015625
4 0.53046875 0.80625 0.01171875 0.009375
4 0.5265625 0.83046875 0.01171875 0.01015625
4 0.503125 0.74921875 0.0109375 0.0109375
4 0.50625 0.73515625 0.01171875 0.01328125
4 0.478125 0.7265625 0.0109375 0.01015625
4 0.47421875 0.71015625 0.0109375 0.0109375
4 0.4140625 0.778125 0.01015625 0.01171875
4 0.38515625 0.82578125 0.01015625 0.01171875
4 0.2921875 0.90703125 0.009375 0.01640625
4 0.12421875 0.98359375 0.009375 0.01953125
4 0.1890625 0.9 0.009375 0.01953125
4 0.18046875 0.8703125 0.00859375 0.015625
4 0.21015625 0.8234375 0.00859375 0.01796875
4 0.23828125 0.76484375 0.00703125 0.01953125
4 0.32890625 0.56875 0.00859375 0.01640625
4 0.371875 0.621875 0.00859375 0.01796875
4 0.3359375 0.5015625 0.00859375 0.01640625
4 0.396875 0.3625 0.00703125 0.01796875
2 0.2015625 0.16328125 0.021875 0.04140625
2 0.321875 0.07578125 0.01640625 0.03984375
2 0.365625 0.0984375 0.01953125 0.04296875
2 0.34921875 0.09375 0.01953125 0.03671875
2 0.3359375 0.08515625 0.01875 0.0359375
2 0.39921875 0.06953125 0.0234375 0.03515625
2 0.41875 0.01796875 0.01796875 0.0359375
2 0.50859375 0.10703125 0.021875 0.04140625
2 0.60546875 0.15625 0.01171875 0.03828125
2 0.38046875 0.2078125 0.02421875 0.0265625
2 0.39296875 0.24453125 0.02578125 0.03203125
2 0.434375 0.30546875 0.01953125 0.03671875
3 0.46953125 0.28984375 0.025 0.02421875
2 0.52578125 0.30546875 0.021875 0.028125
2 0.55390625 0.29375 0.025 0.03515625
2 0.603125 0.30546875 0.01328125 0.040625
2 0.57265625 0.35703125 0.01875 0.0296875
2 0.61328125 0.49765625 0.01171875 0.0453125
2 0.72578125 0.5578125 0.01796875 0.0359375
2 0.734375 0.60625 0.01796875 0.03359375
2 0.74296875 0.684375 0.021875 0.03828125
2 0.8015625 0.68046875 0.0203125 0.03046875
2 0.82578125 0.71328125 0.021875 0.02578125
2 0.8734375 0.7296875 0.0203125 0.03515625
2 0.8640625 0.76171875 0.0203125 0.03359375
2 0.8578125 0.78203125 0.02578125 0.04296875
2 0.78046875 0.7515625 0.0234375 0.03984375
2 0.79296875 0.80546875 0.021875 0.0359375
2 0.84375 0.85703125 0.02578125 0.04296875
2 0.915625 0.84140625 0.01953125 0.034375
2 0.940625 0.8859375 0.0203125 0.03984375
2 0.97421875 0.93359375 0.02421875 0.04296875
2 0.98515625 0.95078125 0.02109375 0.034375
2 0.8078125 0.7296875 0.0203125 0.0359375
2 0.5984375 0.61171875 0.01640625 0.03984375
2 0.60078125 0.6609375 0.01875 0.040625
2 0.56328125 0.6828125 0.02109375 0.03515625
2 0.59296875 0.78203125 0.02578125 0.0234375
2 0.54609375 0.75234375 0.0203125 0.021875
2 0.5234375 0.7765625 0.0234375 0.02421875
2 0.50703125 0.71875 0.0234375 0.01640625
2 0.46796875 0.82734375 0.021875 0.02421875
2 0.390625 0.8015625 0.02421875 0.0296875
2 0.27890625 0.9359375 0.01796875 0.03125
2 0.0578125 0.9828125 0.02890625 0.034375
2 0.2078125 0.88984375 0.02109375 0.040625
2 0.259375 0.83828125 0.021875 0.04453125
2 0.26484375 0.7546875 0.01796875 0.03984375
2 0.2640625 0.52578125 0.01796875 0.0453125
0 0.228125 0.2234375 0.01484375 0.02578125
0 0.2265625 0.05703125 0.0140625 0.02578125
0 0.2328125 0.03046875 0.01640625 0.02578125
0 0.4375 0.0609375 0.0109375 0.0265625
0 0.49140625 0.05703125 0.0109375 0.0265625
1 0.61875 0.2578125 0.0203125 0.09921875
0 0.61796875 0.38984375 0.009375 0.0296875
0 0.653125 0.4234375 0.01171875 0.02890625
3 0.6265625 0.43203125 0.01171875 0.046875
3 0.7234375 0.6359375 0.01875 0.040625
0 0.7765625 0.66953125 0.0140625 0.021875
0 0.88984375 0.91640625 0.01796875 0.025
0 0.90859375 0.98046875 0.01875 0.0265625
0 0.6734375 0.83203125 0.01640625 0.0203125
1 0.421875 0.82890625 0.053125 0.05703125
1 0.334375 0.928125 0.04921875 0.071875
0 0.35078125 0.8609375 0.0140625 0.02421875
2 0.8203125 0.1796875 0.01328125 0.0453125
2 0.76328125 0.31953125 0.0234375 0.03671875
3 0.9671875 0.98671875 0.01953125 0.0265625