2 0.24609375 0.00546875 0.01015625 0.01015625
2 0.24921875 0.02890625 0.01484375 0.02578125
2 0.253125 0.08046875 0.01171875 0.02421875
2 0.2328125 0.07890625 0.01484375 0.02578125
2 0.2984375 0.11953125 0.00625 0.01328125
2 0.31875 0.1234375 0.0140625 0.025
2 0.278125 0.1609375 0.01015625 0.021875
2 0.31015625 0.18671875 0.0140625 0.02578125
2 0.2984375 0.1921875 0.01484375 0.02578125
2 0.371875 0.1609375 0.01171875 0.021875
2 0.3640625 0.1921875 0.0140625 0.021875
2 0.33203125 0.27109375 0.01171875 0.025
2 0.36640625 0.2453125 0.01328125 0.025
2 0.38046875 0.28046875 0.0140625 0.0265625
2 0.3984375 0.30390625 0.01328125 0.02421875
2 0.428125 0.2625 0.00625 0.02578125
2 0.4390625 0.309375 0.01171875 0.02421875
2 0.45546875 0.328125 0.01171875 0.0203125
2 0.45546875 0.35625 0.0140625 0.0265625
2 0.38671875 0.40234375 0.00859375 0.03359375
2 0.3515625 0.3484375 0.01015625 0.02578125
2 0.3578125 0.3828125 0.01484375 0.0203125
2 0.38125 0.46953125 0.01171875 0.0234375
2 0.38125 0.51328125 0.01328125 0.02578125
2 0.38828125 0.5265625 0.01328125 0.0234375
2 0.39453125 0.5390625 0.0140625 0.02421875
2 0.38125 0.56015625 0.0140625 0.0234375
2 0.36171875 0.57421875 0.015625 0.0265625
2 0.2421875 0.6265625 0.01640625 0.01875
2 0.2421875 0.5171875 0.0140625 0.02421875
2 0.06796875 0.81171875 0.01640625 0.02578125
2 0.0328125 0.98203125 0.01640625 0.021875
2 0.01953125 0.9859375 0.01640625 0.02578125
2 0.33046875 0.75546875 0.01484375 0.025
2 0.39453125 0.721875 0.01328125 0.0234375
2 0.49296875 0.5640625 0.015625 0.0265625
2 0.615625 0.7734375 0.01640625 0.02578125
2 0.70703125 0.8390625 0.0140625 0.0234375
2 0.65546875 0.5328125 0.0140625 0.0265625
2 0.59296875 0.28359375 0.01484375 0.025
2 0.53359375 0.4078125 0.01328125 0.021875
2 0.6359375 0.20546875 0.01328125 0.0234375
2 0.66328125 0.184375 0.01640625 0.028125
2 0.71796875 0.08125 0.01484375 0.025
2 0.6015625 0.49609375 0.01484375 0.02578125
2 0.58125 0.4890625 0.01328125 0.02109375
2 0.590625 0.49375 0.01484375 0.02578125
2 0.59375 0.465625 0.01328125 0.021875
2 0.603125 0.47109375 0.0140625 0.0234375
2 0.60859375 0.44140625 0.01328125 0.021875
2 0.621875 0.44375 0.015625 0.025
2 0.6234375 0.41875 0.015625 0.025
2 0.64375 0.4171875 0.015625 0.025
2 0.63515625 0.3953125 0.0140625 0.021875
2 0.66015625 0.415625 0.0140625 0.021875
2 0.64921875 0.38984375 0.01328125 0.01953125
2 0.6625 0.3890625 0.01484375 0.025
2 0.66328125 0.36796875 0.01171875 0.02109375
2 0.65234375 0.365625 0.01328125 0.021875
2 0.67421875 0.32734375 0.0140625 0.021875
2 0.68203125 0.3359375 0.01484375 0.025
2 0.69453125 0.2953125 0.01484375 0.0234375
2 0.71953125 0.275 0.01640625 0.02578125
0 0.7109375 0.2703125 0.01015625 0.01640625
0 0.703125 0.30078125 0.009375 0.01640625
0 0.69609375 0.35078125 0.009375 0.015625
0 0.66328125 0.3421875 0.00859375 0.01328125
0 0.67578125 0.365625 0.00859375 0.015625
0 0.61953125 0.46875 0.00859375 0.0140625
0 0.57890625 0.53828125 0.01015625 0.01328125
0 0.6375 0.55390625 0.009375 0.015625
0 0.58046875 0.62421875 0.00859375 0.01171875
0 0.63828125 0.69921875 0.00859375 0.01328125
0 0.66875 0.7078125 0.00625 0.01640625
0 0.7234375 0.82578125 0.00859375 0.01484375
0 0.72890625 0.93125 0.009375 0.01640625
0 0.53828125 0.70390625 0.00859375 0.0140625
0 0.446875 0.79140625 0.009375 0.01640625
0 0.26171875 0.96640625 0.009375 0.01875
0 0.31953125 0.603125 0.009375 0.01484375
0 0.35546875 0.60859375 0.009375 0.0140625
0 0.371875 0.51171875 0.009375 0.0140625
0 0.434375 0.3234375 0.00703125 0.01796875
0 0.353125 0.2234375 0.00859375 0.0140625
0 0.378125 0.23046875 0.00859375 0.01796875
0 0.3765625 0.24296875 0.00859375 0.01796875
0 0.29375 0.24453125 0.009375 0.015625
0 0.26640625 0.18515625 0.009375 0.0140625
0 0.21640625 0.03671875 0.01015625 0.01796875
0 0.31953125 0.29375 0.00859375 0.0140625
0 0.32421875 0.303125 0.009375 0.01796875
0 0.68671875 0.10703125 0.0109375 0.01953125
4 0.60078125 0.2265625 0.00546875 0.0109375
4 0.7828125 0.09140625 0.00625 0.0109375
4 0.80078125 0.171875 0.00546875 0.00859375
4 0.8296875 0.0171875 0.00703125 0.01171875
0 0.92734375 0.0578125 0.01171875 0.01953125
4 0.6859375 0.31640625 0.0046875 0.00859375
4 0.671875 0.3484375 0.00625 0.009375
4 0.66953125 0.39296875 0.00546875 0.01015625
4 0.6390625 0.44375 0.00625 0.00703125
4 0.63125 0.44453125 0.00625 0.01015625
4 0.6078125 0.47578125 0.00546875 0.009375
4 0.61171875 0.48359375 0.00546875 0.00703125
4 0.61171875 0.49140625 0.00546875 0.00703125
4 0.60390625 0.50625 0.00625 0.00859375
4 0.59140625 0.51328125 0.00546875 0.01015625
4 0.5859375 0.52890625 0.0046875 0.00859375
4 0.58203125 0.52578125 0.00625 0.00703125
4 0.5734375 0.5296875 0.00546875 0.009375
4 0.5765625 0.50390625 0.00703125 0.00546875
4 0.59609375 0.515625 0.00546875 0.00703125
4 0.54921875 0.5109375 0.00546875 0.01171875
4 0.61640625 0.62578125 0.00390625 0.009375
4 0.58984375 0.7453125 0.00625 0.00859375
4 0.5765625 0.7484375 0.00546875 0.009375
4 0.625 0.68359375 0.0046875 0.009375
4 0.5515625 0.68046875 0.0046875 0.0140625
4 0.56171875 0.64921875 0.00546875 0.009375
4 0.54453125 0.68203125 0.0046875 0.01328125
4 0.49375 0.59453125 0.00625 0.009375
4 0.4578125 0.76328125 0.00859375 0.00859375
4 0.38671875 0.78125 0.00546875 0.00859375
4 0.359375 0.7890625 0.00703125 0.01171875
4 0.21796875 0.884375 0.0046875 0.00859375
4 0.1734375 0.853125 0.00703125 0.0140625
4 0.25859375 0.759375 0.00546875 0.00859375
4 0.3015625 0.65 0.00625 0.009375
4 0.32421875 0.659375 0.00546875 0.009375
4 0.31328125 0.68125 0.00625 0.01015625
4 0.38359375 0.6015625 0.0046875 0.0109375
4 0.3546875 0.575 0.00546875 0.00625
4 0.36015625 0.521875 0.00390625 0.0109375
4 0.37421875 0.534375 0.00390625 0.00703125
4 0.3765625 0.540625 0.00625 0.00703125
4 0.38125 0.54375 0.00546875 0.0109375
4 0.37421875 0.55703125 0.00625 0.01328125
4 0.4015625 0.5171875 0.00625 0.009375
3 0.05390625 0.89140625 0.01796875 0.02890625
4 0.34375 0.271875 0.0046875 0.0109375
4 0.203125 0.04453125 0.00625 0.01171875
4 0.271875 0.04375 0.00546875 0.0109375
5 0.34765625 0.1296875 0.02421875 0.04609375
5 0.40546875 0.1515625 0.021875 0.04140625
2 0.446875 0.140625 0.01171875 0.0234375
4 0.36640625 0.22890625 0.00625 0.009375
4 0.40390625 0.23046875 0.00546875 0.009375
4 0.38515625 0.234375 0.00390625 0.00859375
4 0.39140625 0.24375 0.0046875 0.0109375
4 0.3796875 0.259375 0.0046875 0.00859375
4 0.40390625 0.25546875 0.0046875 0.01015625
4 0.409375 0.25546875 0.003125 0.00625
4 0.3984375 0.2578125 0.00546875 0.01484375
4 0.40625 0.26953125 0.00390625 0.01171875
4 0.403125 0.27578125 0.0046875 0.01171875
4 0.38515625 0.26953125 0.0046875 0.00859375
4 0.390625 0.28125 0.0046875 0.01015625
4 0.38671875 0.3046875 0.0046875 0.01015625
4 0.37578125 0.284375 0.0046875 0.01015625
4 0.43359375 0.1796875 0.0046875 0.01015625
6 0.43671875 0.21171875 0.0203125 0.04609375
4 0.47421875 0.37421875 0.0046875 0.01328125
4 0.7109375 0.42734375 0.00546875 0.0109375
6 0.35234375 0.76953125 0.02421875 0.03984375