4 0.15859375 0.5640625 0.0203125 0.021875
0 0.19296875 0.37890625 0.0203125 0.02109375
4 0.25703125 0.3703125 0.015625 0.0140625
4 0.42578125 0.44609375 0.015625 0.01796875
6 0.46484375 0.59140625 0.04140625 0.03046875
2 0.4984375 0.36953125 0.0265625 0.02421875
3 0.5328125 0.528125 0.028125 0.02578125
4 0.68671875 0.54765625 0.0140625 0.01875
4 0.69375 0.41875 0.0140625 0.015625
2 0.77421875 0.25625 0.0296875 0.028125
2 0.76484375 0.171875 0.0265625 0.0265625
2 0.15234375 0.265625 0.021875 0.0453125
3 0.06796875 0.33203125 0.0296875 0.0703125
2 0.01484375 0.05 0.01875 0.05
4 0.01953125 0.01484375 0.01015625 0.021875
4 0.009375 0.01328125 0.01171875 0.025
2 0.06328125 0.1 0.01875 0.04453125
2 0.0484375 0.1421875 0.01875 0.05546875
2 0.05703125 0.15703125 0.015625 0.04375
2 0.03359375 0.19296875 0.01640625 0.05078125
2 0.04609375 0.2015625 0.01875 0.046875
2 0.02109375 0.24140625 0.0203125 0.05859375
2 0.03671875 0.246875 0.01875 0.0453125
4 0.00703125 0.28203125 0.0140625 0.02421875
0 0.02578125 0.28671875 0.01640625 0.02890625
4 0.03671875 0.2859375 0.01015625 0.025
4 0.04296875 0.29296875 0.0140625 0.01953125