2 0.3140625 0.56796875 0.01484375 0.01484375
2 0.36171875 0.290625 0.01796875 0.0140625
2 0.42109375 0.25546875 0.01171875 0.02109375
2 0.4109375 0.21953125 0.01640625 0.01875
2 0.52578125 0.328125 0.0109375 0.03125
2 0.53671875 0.3265625 0.00859375 0.03515625
2 0.57734375 0.31796875 0.00703125 0.02890625
2 0.58671875 0.31875 0.00859375 0.025
2 0.9859375 0.87578125 0.0109375 0.02578125
2 0.96953125 0.9109375 0.009375 0.02890625
2 0.73828125 0.65546875 0.00859375 0.0234375
6 0.90859375 0.64140625 0.03984375 0.0203125
5 0.73828125 0.38359375 0.04609375 0.01953125
6 0.68125 0.38515625 0.040625 0.01953125
6 0.2984375 0.63828125 0.03046875 0.01953125
6 0.16796875 0.64375 0.0390625 0.01953125
6 0.14296875 0.6765625 0.0390625 0.025
4 0.56640625 0.28046875 0.0046875 0.0140625
3 0.778125 0.85546875 0.021875 0.01796875
3 0.7359375 0.9 0.01015625 0.03515625
4 0.54453125 0.27890625 0.003125 0.0140625
4 0.56171875 0.29296875 0.003125 0.01484375
4 0.5875 0.28359375 0.0046875 0.01484375
4 0.5984375 0.30625 0.00390625 0.01484375
4 0.58828125 0.240625 0.003125 0.01484375
4 0.5515625 0.228125 0.003125 0.01015625
4 0.5609375 0.22890625 0.0046875 0.01171875
4 0.6015625 0.240625 0.00390625 0.01328125
4 0.5375 0.27890625 0.00390625 0.01328125
4 0.43046875 0.27578125 0.00390625 0.01328125
4 0.59609375 0.24296875 0.00390625 0.01328125
4 0.55078125 0.28046875 0.003125 0.0140625
4 0.55703125 0.2953125 0.003125 0.01171875
4 0.565625 0.2953125 0.003125 0.01171875
2 0.46640625 0.49765625 0.0140625 0.01171875
0 0.84375 0.646875 0.01484375 0.01484375
6 0.51328125 0.6234375 0.028125 0.0203125
2 0.70078125 0.6484375 0.00546875 0.025
2 0.69375 0.634375 0.00625 0.025
2 0.6859375 0.63828125 0.00703125 0.021875
2 0.69375 0.65859375 0.00625 0.01953125
4 0.14453125 0.46171875 0.009375 0.0109375
4 0.821875 0.5765625 0.009375 0.00859375
2 0.51015625 0.26953125 0.01328125 0.02421875
4 0.896875 0.58046875 0.00703125 0.0109375
2 0.91640625 0.51796875 0.015625 0.01484375
2 0.6609375 0.5234375 0.015625 0.01328125
3 0.71171875 0.48203125 0.0140625 0.01171875
6 0.415625 0.48359375 0.03203125 0.02109375
0 0.84296875 0.60546875 0.01171875 0.00859375
1 0.8875 0.3921875 0.03203125 0.02109375
5 0.40859375 0.54921875 0.06328125 0.021875
2 0.6265625 0.49453125 0.01484375 0.0140625
5 0.93125 0.5390625 0.04921875 0.025
4 0.76171875 0.40859375 0.00703125 0.009375
0 0.840625 0.3859375 0.01015625 0.01171875
3 0.040625 0.5109375 0.01640625 0.01484375
0 0.16875 0.48984375 0.01953125 0.01640625
0 0.2546875 0.61328125 0.01015625 0.01015625
2 0.99609375 0.9265625 0.00703125 0.0234375
0 0.715625 0.40390625 0.00859375 0.00859375
3 0.72265625 0.41875 0.01953125 0.01484375
3 0.9609375 0.603125 0.02109375 0.01640625
4 0.959375 0.584375 0.01015625 0.01328125
4 0.93515625 0.58671875 0.01015625 0.0109375
2 0.88203125 0.59453125 0.01796875 0.015625
4 0.878125 0.55546875 0.00859375 0.01015625
6 0.65625 0.47578125 0.028125 0.01796875
2 0.615625 0.5234375 0.0140625 0.01328125
3 0.54140625 0.55703125 0.01796875 0.01484375
0 0.60703125 0.61015625 0.0140625 0.01328125
4 0.61640625 0.5984375 0.00703125 0.00859375
0 0.13125 0.61484375 0.00859375 0.01015625