2 0.046875 0.965625 0.01640625 0.02890625
2 0.09921875 0.87421875 0.01796875 0.03671875
2 0.2125 0.978125 0.015625 0.04375
2 0.234375 0.9578125 0.0203125 0.03828125
2 0.3296875 0.95625 0.015625 0.0203125
2 0.34609375 0.965625 0.01875 0.02421875
2 0.37578125 0.96328125 0.01875 0.02890625
2 0.3265625 0.8296875 0.01875 0.02578125
2 0.346875 0.75390625 0.02109375 0.02578125
2 0.209375 0.76171875 0.01875 0.02421875
2 0.23046875 0.73203125 0.01796875 0.02421875
2 0.24375 0.70390625 0.01796875 0.0296875
2 0.253125 0.72109375 0.01875 0.028125
2 0.2609375 0.68828125 0.015625 0.028125
2 0.26796875 0.703125 0.01640625 0.03046875
2 0.28515625 0.6796875 0.01640625 0.025
2 0.30078125 0.66171875 0.01484375 0.0234375
2 0.29609375 0.64609375 0.015625 0.028125
2 0.31640625 0.6453125 0.015625 0.02421875
2 0.33203125 0.62578125 0.01796875 0.025
2 0.328125 0.61015625 0.01640625 0.021875
2 0.34609375 0.5984375 0.01875 0.03359375
2 0.4359375 0.58515625 0.0203125 0.03125
2 0.453125 0.571875 0.01640625 0.025
2 0.47421875 0.603125 0.02109375 0.02890625
2 0.49296875 0.62109375 0.01875 0.025
2 0.5171875 0.65234375 0.01875 0.025
2 0.51640625 0.70390625 0.01796875 0.02578125
2 0.55546875 0.78203125 0.01796875 0.02578125
2 0.58046875 0.709375 0.0203125 0.02109375
2 0.603125 0.69140625 0.0203125 0.0234375
2 0.5921875 0.64296875 0.01171875 0.03359375
2 0.56796875 0.6375 0.0140625 0.03828125
2 0.4203125 0.51171875 0.01796875 0.03671875
2 0.36953125 0.3859375 0.01328125 0.02890625
2 0.33046875 0.31953125 0.01640625 0.034375
2 0.33984375 0.27109375 0.015625 0.03515625
2 0.2640625 0.09921875 0.01640625 0.02890625
2 0.240625 0.0640625 0.01640625 0.0265625
2 0.3234375 0.0140625 0.01796875 0.028125
2 0.334375 0.01328125 0.01875 0.02578125
2 0.36328125 0.13828125 0.0203125 0.034375
2 0.3859375 0.196875 0.01875 0.03125
2 0.4234375 0.234375 0.01796875 0.03125
2 0.409375 0.23671875 0.015625 0.03359375
2 0.41640625 0.2671875 0.01875 0.0296875
2 0.42578125 0.2578125 0.01484375 0.028125
2 0.4390625 0.2625 0.01796875 0.028125
2 0.43671875 0.290625 0.01640625 0.03125
2 0.428125 0.28984375 0.01875 0.03125
2 0.41640625 0.29375 0.015625 0.025
2 0.55546875 0.22421875 0.01171875 0.03828125
2 0.584375 0.1984375 0.01796875 0.034375
2 0.56796875 0.14140625 0.01484375 0.034375
2 0.55625 0.05390625 0.0109375 0.03515625
2 0.59296875 0.06328125 0.01796875 0.028125
2 0.64296875 0.31171875 0.01796875 0.021875
2 0.759375 0.2640625 0.009375 0.01640625
2 0.796875 0.16796875 0.0140625 0.0359375
2 0.80859375 0.178125 0.0203125 0.03046875
2 0.8234375 0.14453125 0.01171875 0.03125
2 0.871875 0.08359375 0.01796875 0.02890625
2 0.9390625 0.01015625 0.01875 0.0203125
2 0.946875 0.203125 0.015625 0.0296875
2 0.93828125 0.209375 0.01796875 0.03359375
2 0.928125 0.2265625 0.01796875 0.03046875
2 0.81171875 0.23671875 0.01875 0.02578125
2 0.821875 0.24921875 0.01796875 0.03125
2 0.80390625 0.26640625 0.01640625 0.028125
2 0.7796875 0.275 0.0203125 0.028125
2 0.7875 0.28671875 0.0203125 0.02890625
2 0.78671875 0.3109375 0.0203125 0.025
2 0.7515625 0.30703125 0.01640625 0.0234375
2 0.75703125 0.32578125 0.01484375 0.01796875
2 0.73203125 0.33046875 0.0234375 0.03203125
2 0.74140625 0.34140625 0.01796875 0.0265625
2 0.740625 0.36171875 0.01796875 0.01640625
2 0.72578125 0.36015625 0.01640625 0.0265625
2 0.71171875 0.35546875 0.0203125 0.0203125
2 0.709375 0.38046875 0.01875 0.025
2 0.68125 0.38828125 0.0140625 0.02421875
2 0.68515625 0.40390625 0.01796875 0.0265625
2 0.66796875 0.4109375 0.01796875 0.03203125
2 0.721875 0.575 0.01171875 0.02578125
2 0.86796875 0.75078125 0.01640625 0.02578125
2 0.88359375 0.759375 0.01328125 0.03046875
2 0.90859375 0.775 0.01171875 0.03203125
2 0.94453125 0.8234375 0.01640625 0.0296875
2 0.9515625 0.84140625 0.0203125 0.03046875
2 0.96328125 0.86015625 0.01953125 0.01953125
2 0.9734375 0.87421875 0.0203125 0.021875
2 0.98359375 0.9046875 0.0203125 0.02890625
2 0.89921875 0.95234375 0.0203125 0.02890625
2 0.87421875 0.921875 0.01640625 0.0296875
2 0.859375 0.89296875 0.01796875 0.03125
2 0.85078125 0.91328125 0.01796875 0.0265625
2 0.81953125 0.87421875 0.0203125 0.0296875
2 0.77890625 0.8140625 0.02109375 0.028125
2 0.675 0.72578125 0.0203125 0.02421875
2 0.634375 0.70625 0.01953125 0.021875
4 0.0578125 0.86875 0.00859375 0.01484375
4 0.06484375 0.88046875 0.01015625 0.0140625
4 0.08359375 0.85546875 0.00703125 0.01640625
4 0.0875 0.84921875 0.00703125 0.01875
4 0.09140625 0.84765625 0.00625 0.01875
4 0.09609375 0.84453125 0.00703125 0.01484375
4 0.10859375 0.83125 0.01015625 0.01484375
4 0.11328125 0.825 0.009375 0.01484375
4 0.1171875 0.825 0.009375 0.015625
4 0.1203125 0.81640625 0.00859375 0.0140625
4 0.1546875 0.8359375 0.01328125 0.01875
4 0.19453125 0.94140625 0.01171875 0.01875
4 0.2125 0.91953125 0.01328125 0.02109375
4 0.253125 0.9359375 0.00546875 0.015625
4 0.2640625 0.91328125 0.00546875 0.02109375
4 0.190625 0.78046875 0.00703125 0.01640625
4 0.2609375 0.6703125 0.01171875 0.015625
4 0.27578125 0.65859375 0.00859375 0.01171875
4 0.28359375 0.65234375 0.009375 0.01328125
4 0.309375 0.62734375 0.009375 0.009375
4 0.31796875 0.62421875 0.01015625 0.0140625
4 0.33046875 0.59609375 0.00703125 0.01015625
4 0.3359375 0.58359375 0.009375 0.0140625
4 0.39140625 0.5109375 0.009375 0.01875
4 0.38359375 0.4765625 0.00859375 0.02109375
4 0.3875 0.4421875 0.00859375 0.01953125
4 0.396875 0.434375 0.00859375 0.015625
4 0.3578125 0.37265625 0.00859375 0.02109375
4 0.35859375 0.3421875 0.00859375 0.02109375
4 0.24609375 0.09296875 0.01171875 0.01953125
4 0.37109375 0.0796875 0.00859375 0.01640625
4 0.39140625 0.140625 0.00859375 0.01640625
4 0.39453125 0.13203125 0.00859375 0.0109375
4 0.39921875 0.13671875 0.00859375 0.01015625
4 0.4015625 0.14140625 0.0046875 0.009375
4 0.40546875 0.146875 0.00703125 0.00859375
4 0.409375 0.13671875 0.00859375 0.00625
4 0.40546875 0.15703125 0.01015625 0.00703125
4 0.40390625 0.16640625 0.009375 0.0109375
4 0.41171875 0.1640625 0.00859375 0.009375
4 0.41796875 0.15703125 0.00859375 0.01015625
4 0.4203125 0.1609375 0.00859375 0.00859375
4 0.41484375 0.1734375 0.009375 0.01328125
4 0.39375 0.1703125 0.00546875 0.015625
4 0.41875 0.178125 0.00625 0.01328125
4 0.42421875 0.17421875 0.009375 0.01328125
4 0.43046875 0.18125 0.009375 0.01171875
4 0.4359375 0.1890625 0.00859375 0.01015625
4 0.43828125 0.19765625 0.009375 0.01171875
4 0.42890625 0.2734375 0.0109375 0.01015625
4 0.44765625 0.28359375 0.00703125 0.01796875
4 0.446875 0.29296875 0.00859375 0.01640625
4 0.5859375 0.240625 0.00859375 0.0140625
4 0.64921875 0.3234375 0.0109375 0.01796875
4 0.6203125 0.4359375 0.0109375 0.01640625
4 0.66953125 0.4609375 0.00859375 0.0109375
4 0.6765625 0.45546875 0.0109375 0.0109375
4 0.68828125 0.44296875 0.00703125 0.01015625
4 0.6828125 0.440625 0.0046875 0.01640625
4 0.68828125 0.43046875 0.00859375 0.009375
4 0.6953125 0.4234375 0.00625 0.0109375
4 0.68046875 0.4203125 0.009375 0.01171875
4 0.684375 0.42421875 0.009375 0.01171875
4 0.68984375 0.409375 0.00859375 0.0109375
4 0.696875 0.39765625 0.00703125 0.01015625
4 0.696875 0.40546875 0.00546875 0.0109375
4 0.703125 0.39921875 0.00703125 0.01171875
4 0.70625 0.40390625 0.00703125 0.01171875
4 0.7140625 0.409375 0.01328125 0.0140625
4 0.71640625 0.39453125 0.00859375 0.00703125
4 0.7140625 0.38984375 0.00859375 0.00546875
4 0.72421875 0.38125 0.0109375 0.009375
4 0.71953125 0.38046875 0.00703125 0.009375
4 0.72578125 0.37265625 0.00859375 0.0109375
4 0.7421875 0.371875 0.00859375 0.01015625
4 0.74296875 0.37890625 0.01171875 0.01171875
4 0.759375 0.3515625 0.00859375 0.01328125
4 0.753125 0.346875 0.01015625 0.009375
4 0.74453125 0.32421875 0.00859375 0.01953125
4 0.8140625 0.15703125 0.01171875 0.0140625
4 0.75 0.21953125 0.00703125 0.01875
4 0.81328125 0.14609375 0.00859375 0.01171875
4 0.89296875 0.190625 0.009375 0.0203125
4 0.68203125 0.51796875 0.00625 0.01796875
4 0.6125 0.58125 0.00859375 0.0203125
4 0.590625 0.590625 0.01171875 0.01171875
4 0.57421875 0.58125 0.0109375 0.01484375
4 0.58046875 0.625 0.01015625 0.015625
4 0.73203125 0.64921875 0.00859375 0.01484375
4 0.7625 0.68203125 0.0140625 0.0140625
4 0.81875 0.7140625 0.003125 0.01640625
4 0.82265625 0.715625 0.0046875 0.01484375
4 0.82578125 0.71796875 0.00390625 0.01796875
4 0.81953125 0.74765625 0.01015625 0.0109375
4 0.8359375 0.728125 0.0046875 0.01328125
4 0.84609375 0.7390625 0.00546875 0.015625
4 0.8515625 0.740625 0.003125 0.01953125
4 0.85546875 0.7484375 0.003125 0.015625
4 0.91328125 0.7921875 0.00546875 0.0203125
4 0.96796875 0.84296875 0.01171875 0.01171875
4 0.9765625 0.8609375 0.00546875 0.01171875
4 0.984375 0.85390625 0.00859375 0.0140625
4 0.9859375 0.8765625 0.00625 0.01484375
4 0.94140625 0.978125 0.01171875 0.0203125
4 0.815625 0.8484375 0.01328125 0.01875
4 0.72109375 0.78515625 0.01328125 0.01484375
4 0.7046875 0.73671875 0.01328125 0.015625
4 0.57578125 0.65078125 0.00859375 0.01640625
4 0.58359375 0.66328125 0.00859375 0.015625
4 0.58046875 0.725 0.00703125 0.0109375
4 0.571875 0.77421875 0.00859375 0.01171875
4 0.52578125 0.746875 0.01171875 0.0265625
4 0.5390625 0.65546875 0.009375 0.015625
4 0.54375 0.63046875 0.009375 0.01328125
4 0.4796875 0.62421875 0.01328125 0.01484375
4 0.465625 0.63828125 0.01328125 0.01484375
4 0.4640625 0.6171875 0.009375 0.0140625
4 0.46953125 0.6140625 0.01015625 0.01484375
4 0.453125 0.58828125 0.009375 0.01875
4 0.41796875 0.875 0.01328125 0.01875
4 0.39609375 0.92421875 0.009375 0.01328125
4 0.3015625 0.85859375 0.00625 0.0234375
4 0.36796875 0.8015625 0.01015625 0.01171875
4 0.409375 0.72734375 0.009375 0.02109375
0 0.11171875 0.86171875 0.01640625 0.03046875
0 0.2765625 0.66796875 0.0140625 0.02109375
0 0.33671875 0.590625 0.01171875 0.0234375
0 0.39921875 0.78359375 0.01640625 0.01796875
0 0.4671875 0.7234375 0.01171875 0.0296875
0 0.4453125 0.709375 0.01796875 0.0140625
0 0.49453125 0.73359375 0.015625 0.01875
0 0.54375 0.621875 0.01875 0.015625
0 0.39609375 0.49140625 0.01171875 0.0265625
0 0.346875 0.44453125 0.0109375 0.021875
0 0.37890625 0.38125 0.01171875 0.02890625
0 0.4046875 0.20546875 0.0140625 0.025
0 0.4265625 0.31328125 0.01171875 0.0265625
0 0.60546875 0.2890625 0.01328125 0.02109375
0 0.603125 0.25703125 0.0140625 0.0265625
0 0.7109375 0.2703125 0.01484375 0.02890625
0 0.83984375 0.1484375 0.01796875 0.025
0 0.896875 0.196875 0.01328125 0.01796875
0 0.7640625 0.33125 0.01171875 0.01796875
0 0.69609375 0.37578125 0.01484375 0.021875
0 0.6765625 0.4390625 0.01171875 0.02109375
0 0.66796875 0.4359375 0.01328125 0.0234375
0 0.759375 0.65078125 0.01328125 0.02578125
0 0.87578125 0.76796875 0.01640625 0.0203125
0 0.90078125 0.77109375 0.0140625 0.025
3 0.83046875 0.91640625 0.02421875 0.034375
3 0.34296875 0.04609375 0.02578125 0.04921875
3 0.35078125 0.6234375 0.025 0.03359375
3 0.2890625 0.634375 0.01640625 0.03359375
1 0.25078125 0.9015625 0.04375 0.07578125
1 0.221875 0.76640625 0.05 0.07578125
1 0.30546875 0.790625 0.04453125 0.06015625
1 0.32109375 0.58671875 0.0390625 0.09140625
1 0.553125 0.684375 0.0546875 0.03828125
1 0.63125 0.73359375 0.05546875 0.04375
1 0.75390625 0.71015625 0.04921875 0.05703125
1 0.89921875 0.078125 0.040625 0.06015625