2 0.340625 0.29375 0.01640625 0.0140625
2 0.4015625 0.259375 0.009375 0.01953125
2 0.39140625 0.22265625 0.0140625 0.01484375
2 0.50625 0.33203125 0.00546875 0.028125
2 0.5171875 0.33046875 0.00703125 0.0265625
2 0.55703125 0.32109375 0.00859375 0.02421875
2 0.5671875 0.32109375 0.00625 0.021875
4 0.58359375 0.30390625 0.0046875 0.0140625
4 0.5796875 0.309375 0.003125 0.01171875
4 0.57578125 0.29921875 0.0015625 0.009375
4 0.571875 0.29375 0.003125 0.0140625
4 0.56796875 0.3 0.003125 0.0140625
4 0.56796875 0.28515625 0.003125 0.01328125
4 0.546875 0.2828125 0.0015625 0.01171875
4 0.54609375 0.296875 0.0015625 0.01484375
4 0.5421875 0.29609375 0.003125 0.01484375
4 0.53828125 0.29765625 0.003125 0.0140625
4 0.53125 0.28359375 0.003125 0.01484375
4 0.528125 0.28203125 0.003125 0.01484375
4 0.52578125 0.28203125 0.003125 0.01484375
4 0.51796875 0.28125 0.003125 0.0140625
4 0.41015625 0.27578125 0.0015625 0.0140625
4 0.41328125 0.27421875 0.0015625 0.01015625
4 0.43359375 0.209375 0.00390625 0.0109375
4 0.52578125 0.23203125 0.003125 0.01015625
4 0.540625 0.23125 0.003125 0.01328125
4 0.5640625 0.24453125 0.0015625 0.01328125
4 0.5671875 0.24375 0.003125 0.01328125
4 0.57578125 0.234375 0.0015625 0.009375
4 0.5734375 0.24609375 0.003125 0.01328125
4 0.57890625 0.24453125 0.0015625 0.01328125
4 0.58125 0.2453125 0.003125 0.01015625
5 0.6609375 0.38671875 0.040625 0.01875
5 0.7171875 0.38671875 0.04453125 0.01796875
5 0.859375 0.409375 0.03828125 0.01640625
2 0.82421875 0.43125 0.01171875 0.01171875
2 0.7984375 0.4296875 0.0140625 0.0140625
3 0.79609375 0.3984375 0.01484375 0.0109375
4 0.83125 0.3984375 0.0046875 0.009375
4 0.96796875 0.23828125 0.00546875 0.015625
3 0.99296875 0.29375 0.009375 0.025
4 0.7453125 0.43984375 0.00546875 0.00703125
3 0.72421875 0.45546875 0.0203125 0.01484375
4 0.05546875 0.4296875 0.009375 0.00703125
4 0.18515625 0.57109375 0.00703125 0.00703125
4 0.18515625 0.625 0.00625 0.00703125
3 0.15859375 0.515625 0.0203125 0.0140625
6 0.3625 0.55390625 0.02890625 0.01640625
2 0.36875 0.53046875 0.0140625 0.0140625
2 0.5015625 0.46171875 0.01328125 0.01171875
2 0.60390625 0.45859375 0.01171875 0.009375
2 0.578125 0.6265625 0.0109375 0.01015625
4 0.58828125 0.5640625 0.00625 0.00703125
4 0.559375 0.5890625 0.00625 0.00859375
4 0.58828125 0.58828125 0.00625 0.00625
4 0.63046875 0.5859375 0.00703125 0.00703125
4 0.78125 0.58203125 0.00703125 0.00859375
4 0.7890625 0.62421875 0.00703125 0.009375
2 0.75703125 0.51953125 0.015625 0.0109375
2 0.66640625 0.6359375 0.00546875 0.0234375
2 0.6734375 0.634375 0.00546875 0.021875
2 0.6734375 0.65859375 0.00546875 0.0203125
2 0.71875 0.65390625 0.00703125 0.0234375
5 0.9640625 0.56328125 0.06953125 0.0203125
4 0.95546875 0.60703125 0.009375 0.00859375
4 0.9734375 0.68671875 0.00859375 0.01484375
4 0.98125 0.890625 0.0046875 0.015625
2 0.9875 0.81015625 0.0140625 0.02421875
2 0.9359375 0.79609375 0.0109375 0.01328125
2 0.93671875 0.8109375 0.01171875 0.01015625
2 0.96015625 0.86875 0.00859375 0.025
2 0.953125 0.89609375 0.00625 0.0234375
2 0.94453125 0.90390625 0.00703125 0.02578125
2 0.9765625 0.86015625 0.01015625 0.01953125
2 0.971875 0.91796875 0.00859375 0.021875
4 0.82578125 0.58359375 0.00703125 0.0109375
0 0.81953125 0.60390625 0.009375 0.00703125
0 0.82109375 0.6453125 0.01171875 0.0109375
0 0.79375 0.60546875 0.0109375 0.0109375
0 0.75546875 0.66953125 0.01484375 0.01484375
6 0.88359375 0.63828125 0.03828125 0.0203125
6 0.721875 0.6078125 0.02578125 0.01796875
3 0.6828125 0.62265625 0.009375 0.021875
3 0.7171875 0.8984375 0.00703125 0.02890625
3 0.75703125 0.8546875 0.01953125 0.0140625
3 0.58046875 0.60703125 0.01171875 0.01171875
6 0.49375 0.62421875 0.028125 0.01796875
5 0.2796875 0.6421875 0.03046875 0.01796875
5 0.14453125 0.65078125 0.0359375 0.01796875
5 0.12109375 0.684375 0.0359375 0.01953125
5 0.06640625 0.74375 0.01484375 0.0515625
5 0.034375 0.75703125 0.01171875 0.0515625
5 0.03125 0.94453125 0.01015625 0.0453125
2 0.00390625 0.83984375 0.00703125 0.02109375