1 0.1 0.87890625 0.06640625 0.03515625
4 0.1265625 0.80390625 0.0140625 0.01875
0 0.1546875 0.9765625 0.01640625 0.01640625
2 0.159375 0.83828125 0.02421875 0.02109375
4 0.18203125 0.8171875 0.01875 0.015625
4 0.246875 0.79296875 0.0109375 0.01484375
5 0.23046875 0.690625 0.05390625 0.03046875
5 0.28671875 0.68203125 0.053125 0.02890625
4 0.278125 0.71171875 0.01640625 0.0109375
4 0.36796875 0.7734375 0.01328125 0.01171875
4 0.3828125 0.80546875 0.01328125 0.0109375
3 0.446875 0.90703125 0.02890625 0.02890625
4 0.490625 0.740625 0.00703125 0.0234375
4 0.50078125 0.77578125 0.00703125 0.02109375
4 0.50390625 0.74609375 0.00703125 0.02421875
4 0.51640625 0.7796875 0.01171875 0.0234375
4 0.553125 0.740625 0.00859375 0.0203125
4 0.565625 0.74609375 0.00859375 0.01796875
4 0.57109375 0.8640625 0.0109375 0.0140625
4 0.57109375 0.91953125 0.01328125 0.01484375
4 0.62578125 0.7 0.01171875 0.01484375
4 0.6578125 0.775 0.01171875 0.01796875
4 0.909375 0.80859375 0.01875 0.01328125
4 0.5296875 0.3296875 0.00859375 0.03125
4 0.49296875 0.43125 0.00625 0.0265625
4 0.47421875 0.41015625 0.01015625 0.021875
0 0.52890625 0.590625 0.00859375 0.028125
0 0.6453125 0.68515625 0.01484375 0.01796875
0 0.5140625 0.95703125 0.01484375 0.01953125
0 0.76953125 0.8796875 0.015625 0.01953125
0 0.7984375 0.71328125 0.015625 0.01796875
0 0.87578125 0.8046875 0.01796875 0.01953125
0 0.940625 0.721875 0.0140625 0.0203125
0 0.99296875 0.80234375 0.0140625 0.0203125
2 0.51640625 0.63828125 0.01171875 0.04296875
2 0.53125 0.67265625 0.01171875 0.04609375
2 0.53671875 0.88671875 0.02578125 0.02890625
2 0.57421875 0.90078125 0.021875 0.01875
2 0.76015625 0.81953125 0.021875 0.01953125
2 0.7796875 0.90703125 0.025 0.0234375
2 0.79765625 0.87578125 0.0234375 0.0234375
2 0.8765625 0.8953125 0.02578125 0.025
2 0.91328125 0.83671875 0.025 0.021875
2 0.9609375 0.8109375 0.01875 0.01875
2 0.94921875 0.7453125 0.0203125 0.01875