2 0.040625 0.9546875 0.0203125 0.03046875
2 0.09296875 0.865625 0.01640625 0.03359375
2 0.20625 0.9703125 0.02109375 0.05078125
2 0.22890625 0.94765625 0.01875 0.04140625
2 0.3265625 0.9453125 0.01953125 0.03515625
2 0.3703125 0.959375 0.01484375 0.02578125
2 0.32265625 0.82421875 0.021875 0.034375
2 0.22578125 0.7359375 0.021875 0.0359375
2 0.28125 0.68125 0.015625 0.025
2 0.328125 0.6203125 0.01640625 0.0203125
2 0.32421875 0.60703125 0.015625 0.02109375
2 0.34375 0.590625 0.01640625 0.03984375
2 0.3609375 0.59453125 0.01796875 0.03046875
2 0.4359375 0.553125 0.01640625 0.03671875
2 0.41171875 0.5578125 0.01796875 0.03828125
2 0.36484375 0.4984375 0.0203125 0.040625
2 0.40390625 0.47421875 0.015625 0.0359375
2 0.434375 0.45546875 0.02109375 0.02421875
2 0.50234375 0.42421875 0.0234375 0.02578125
2 0.5203125 0.38671875 0.021875 0.0296875
2 0.43828125 0.2859375 0.01875 0.03125
2 0.428125 0.290625 0.01640625 0.034375
2 0.41640625 0.259375 0.01640625 0.0296875
2 0.42421875 0.2515625 0.015625 0.02890625
2 0.3296875 0.31328125 0.02109375 0.0296875
2 0.3234375 0.0109375 0.021875 0.021875
2 0.33515625 0.00859375 0.01875 0.01640625
2 0.62421875 0.52578125 0.01796875 0.03125
2 0.584375 0.19609375 0.01640625 0.0359375
2 0.55625 0.221875 0.01484375 0.04140625
2 0.59296875 0.0609375 0.0203125 0.0296875
2 0.55703125 0.04921875 0.015625 0.0359375
2 0.64296875 0.3109375 0.0234375 0.02109375
2 0.796875 0.22109375 0.0234375 0.0265625
2 0.73984375 0.28359375 0.0203125 0.025
2 0.79609375 0.16796875 0.009375 0.0359375
2 0.80859375 0.18125 0.0203125 0.028125
2 0.82421875 0.14609375 0.0140625 0.0390625
2 0.84921875 0.1640625 0.01796875 0.0296875
2 0.871875 0.0875 0.01484375 0.03359375
2 0.940625 0.01484375 0.01953125 0.0296875
2 0.94609375 0.20703125 0.01953125 0.0359375
2 0.93671875 0.21328125 0.01640625 0.046875
2 0.9265625 0.23125 0.01953125 0.0296875
2 0.8046875 0.26953125 0.01953125 0.025
2 0.78828125 0.290625 0.01875 0.028125
2 0.74921875 0.3109375 0.01640625 0.0203125
2 0.75625 0.32578125 0.01484375 0.0203125
2 0.73125 0.33125 0.0203125 0.03046875
2 0.74140625 0.34453125 0.015625 0.0234375
2 0.7109375 0.35390625 0.01875 0.03046875
2 0.72578125 0.3609375 0.01875 0.02578125
2 0.73828125 0.3609375 0.01640625 0.02421875
2 0.7078125 0.3828125 0.01953125 0.02578125
2 0.68125 0.3890625 0.01484375 0.02109375
2 0.684375 0.4046875 0.01640625 0.0265625
2 0.66796875 0.4125 0.01796875 0.028125
2 0.7203125 0.57421875 0.01484375 0.03125
2 0.865625 0.753125 0.01640625 0.03046875
2 0.88046875 0.76640625 0.01171875 0.03359375
2 0.90546875 0.7796875 0.01640625 0.02578125
2 0.940625 0.82421875 0.01953125 0.03359375
2 0.90234375 0.8546875 0.01796875 0.025
2 0.9296875 0.88671875 0.01953125 0.02890625
2 0.9578125 0.865625 0.01640625 0.01796875
2 0.96875 0.88046875 0.0203125 0.01796875
2 0.978125 0.909375 0.01796875 0.025
2 0.9046875 0.953125 0.01953125 0.0265625
2 0.890625 0.93671875 0.021875 0.03125
2 0.87265625 0.9140625 0.0203125 0.0265625
2 0.8703125 0.93125 0.01875 0.025
2 0.85390625 0.89609375 0.01796875 0.021875
2 0.8390625 0.88046875 0.01796875 0.0265625
2 0.84375 0.909375 0.01796875 0.021875
2 0.82578125 0.890625 0.0203125 0.025
2 0.81953125 0.8640625 0.01875 0.025
2 0.80703125 0.87109375 0.01875 0.02421875
2 0.80078125 0.8515625 0.01640625 0.02109375
2 0.8046875 0.83828125 0.01484375 0.021875
2 0.784375 0.821875 0.01796875 0.0265625
2 0.771875 0.83125 0.01640625 0.01875
2 0.72734375 0.7640625 0.01796875 0.01875
2 0.71484375 0.79140625 0.021875 0.02890625
2 0.709375 0.765625 0.0203125 0.021875
2 0.71171875 0.753125 0.01796875 0.0234375
2 0.703125 0.73125 0.02109375 0.02421875
2 0.69296875 0.7359375 0.01953125 0.01953125
2 0.69140625 0.75390625 0.021875 0.0203125
2 0.68828125 0.76796875 0.01796875 0.01796875
2 0.66875 0.75546875 0.01796875 0.02109375
2 0.55625 0.68515625 0.0140625 0.03828125
2 0.52109375 0.76484375 0.01640625 0.034375
2 0.5515625 0.7796875 0.021875 0.028125
2 0.4484375 0.85078125 0.015625 0.0203125
4 0.053125 0.85703125 0.01171875 0.015625
4 0.0578125 0.86875 0.00703125 0.01484375
4 0.0796875 0.84453125 0.00546875 0.015625
4 0.0828125 0.840625 0.0046875 0.01484375
4 0.08671875 0.8375 0.0046875 0.015625
4 0.090625 0.83359375 0.00546875 0.01796875
4 0.0796875 0.909375 0.00703125 0.021875
4 0.10390625 0.821875 0.00625 0.01484375
4 0.10859375 0.81640625 0.00546875 0.0140625
4 0.1125 0.809375 0.0046875 0.0140625
4 0.1734375 0.82578125 0.00703125 0.01171875
4 0.253125 0.66953125 0.009375 0.01640625
4 0.2765625 0.665625 0.009375 0.01640625
4 0.2859375 0.6265625 0.00859375 0.01171875
4 0.33203125 0.57890625 0.00859375 0.01484375
4 0.38359375 0.57421875 0.009375 0.01015625
4 0.39296875 0.57421875 0.00859375 0.01015625
4 0.4 0.56171875 0.00703125 0.01171875
4 0.40546875 0.56015625 0.00625 0.0140625
4 0.42265625 0.55546875 0.00625 0.01171875
4 0.42890625 0.5171875 0.00625 0.0140625
4 0.42109375 0.5109375 0.00703125 0.015625
4 0.415625 0.5171875 0.00546875 0.015625
4 0.41171875 0.5140625 0.00546875 0.01484375
4 0.41171875 0.53125 0.00703125 0.0140625
4 0.43203125 0.43125 0.01015625 0.0140625
4 0.44453125 0.31640625 0.00859375 0.01484375
4 0.35546875 0.08671875 0.009375 0.015625
4 0.33984375 0.07890625 0.00703125 0.01484375
4 0.371875 0.12890625 0.00859375 0.01953125
4 0.3796875 0.153125 0.00859375 0.015625
4 0.38671875 0.12890625 0.00703125 0.01015625
4 0.396875 0.12578125 0.009375 0.00703125
4 0.3984375 0.1328125 0.01015625 0.00703125
4 0.40234375 0.1390625 0.00703125 0.01015625
4 0.41015625 0.1296875 0.009375 0.01171875
4 0.40546875 0.153125 0.00859375 0.009375
4 0.41171875 0.159375 0.00859375 0.01328125
4 0.42109375 0.15 0.0046875 0.0046875
4 0.4140625 0.16953125 0.009375 0.01171875
4 0.41796875 0.17421875 0.00703125 0.01796875
4 0.42578125 0.1671875 0.0046875 0.009375
4 0.43046875 0.175 0.009375 0.01015625
4 0.4359375 0.184375 0.00859375 0.0140625
4 0.471875 0.29140625 0.00859375 0.01640625
4 0.50703125 0.33359375 0.01171875 0.01015625
4 0.50703125 0.37578125 0.01015625 0.01171875
4 0.55390625 0.33125 0.0109375 0.01171875
4 0.56328125 0.3734375 0.01171875 0.0140625
4 0.58515625 0.31875 0.00625 0.01875
4 0.56640625 0.26953125 0.00859375 0.01796875
4 0.5859375 0.23828125 0.00703125 0.01328125
4 0.58828125 0.22890625 0.00625 0.01171875
4 0.5953125 0.365625 0.01171875 0.01015625
4 0.67890625 0.33203125 0.00859375 0.01171875
4 0.75078125 0.22421875 0.00703125 0.01484375
4 0.75546875 0.21953125 0.00625 0.01328125
4 0.76171875 0.20625 0.0046875 0.0140625
4 0.76875 0.209375 0.00703125 0.015625
4 0.81484375 0.16015625 0.00625 0.00859375
4 0.81328125 0.15 0.00859375 0.01328125
4 0.91640625 0.1515625 0.01015625 0.01796875
4 0.7515625 0.35 0.0109375 0.015625
4 0.74375 0.32890625 0.00859375 0.01640625
4 0.72890625 0.375 0.00703125 0.0109375
4 0.72421875 0.3734375 0.00859375 0.01171875
4 0.7234375 0.3859375 0.00859375 0.00703125
4 0.71796875 0.3796875 0.00859375 0.00859375
4 0.71796875 0.39140625 0.00703125 0.01171875
4 0.71171875 0.390625 0.00859375 0.0109375
4 0.69609375 0.39921875 0.00703125 0.01015625
4 0.703125 0.3984375 0.00859375 0.00703125
4 0.70546875 0.40546875 0.00859375 0.01015625
4 0.69609375 0.4046875 0.00859375 0.01484375
4 0.68984375 0.41015625 0.00625 0.0140625
4 0.68046875 0.41875 0.0109375 0.0140625
4 0.6828125 0.4265625 0.009375 0.01171875
4 0.6828125 0.4390625 0.00625 0.00859375
4 0.678125 0.45078125 0.00625 0.0109375
4 0.67109375 0.46015625 0.00859375 0.00859375
4 0.63828125 0.50703125 0.009375 0.0140625
4 0.6265625 0.496875 0.00859375 0.015625
4 0.6 0.5765625 0.00859375 0.028125
4 0.72578125 0.6484375 0.0140625 0.021875
4 0.81484375 0.715625 0.00078125 0.01953125
4 0.81875 0.71875 0.003125 0.01015625
4 0.83203125 0.73359375 0.0046875 0.01328125
4 0.840625 0.7453125 0.00703125 0.01328125
4 0.8515625 0.7515625 0.00859375 0.0109375
4 0.871875 0.8125 0.00859375 0.0140625
4 0.88671875 0.82890625 0.01171875 0.01875
4 0.8984375 0.8328125 0.009375 0.015625
4 0.91171875 0.79765625 0.00625 0.015625
4 0.91875 0.82421875 0.01328125 0.01640625
4 0.9265625 0.84375 0.009375 0.01328125
4 0.9265625 0.86875 0.009375 0.01484375
4 0.95078125 0.87578125 0.009375 0.00625
4 0.959375 0.909375 0.009375 0.0203125
4 0.971875 0.8671875 0.009375 0.01171875
4 0.97890625 0.859375 0.00859375 0.00703125
4 0.98203125 0.88046875 0.00625 0.0140625
4 0.9078125 0.98203125 0.01484375 0.021875
4 0.8375 0.91484375 0.009375 0.01640625
4 0.83203125 0.90703125 0.00703125 0.0140625
4 0.8234375 0.8984375 0.00703125 0.01875
4 0.81640625 0.89453125 0.009375 0.01640625
4 0.809375 0.89296875 0.01015625 0.0109375
4 0.71640625 0.7765625 0.01015625 0.0140625
4 0.721875 0.76953125 0.0109375 0.01328125
4 0.715625 0.7390625 0.00859375 0.01328125
4 0.70078125 0.76953125 0.00859375 0.01328125
4 0.6796875 0.73046875 0.009375 0.01015625
4 0.6828125 0.70703125 0.01015625 0.0140625
4 0.67578125 0.73671875 0.009375 0.0140625
4 0.66953125 0.74609375 0.0109375 0.01171875
4 0.66484375 0.76796875 0.009375 0.015625
4 0.484375 0.81953125 0.01015625 0.01640625
4 0.45078125 0.69140625 0.009375 0.01953125
4 0.46015625 0.659375 0.009375 0.025
4 0.43671875 0.621875 0.009375 0.02109375
4 0.3640625 0.76875 0.01171875 0.01328125
4 0.2984375 0.853125 0.0046875 0.025
4 0.2609375 0.90703125 0.009375 0.0140625
4 0.378125 0.91875 0.01328125 0.02578125
0 0.26953125 0.85859375 0.01484375 0.0265625
0 0.18046875 0.98671875 0.01484375 0.02578125
0 0.10859375 0.85546875 0.015625 0.0296875
0 0.15859375 0.8109375 0.01796875 0.0296875
0 0.396875 0.7765625 0.01640625 0.02109375
0 0.33515625 0.584375 0.0140625 0.025
0 0.3453125 0.4359375 0.01171875 0.03359375
0 0.4234375 0.22578125 0.01171875 0.02109375
0 0.4265625 0.30703125 0.01171875 0.0234375
0 0.57421875 0.31953125 0.01015625 0.0265625
0 0.60390625 0.25625 0.0109375 0.02109375
0 0.60625 0.2875 0.0109375 0.021875
0 0.67421875 0.3015625 0.015625 0.0234375
0 0.709375 0.271875 0.01328125 0.02421875
0 0.596875 0.46875 0.01171875 0.025
0 0.58671875 0.46171875 0.01015625 0.02421875
0 0.665625 0.43359375 0.01171875 0.01875
0 0.6734375 0.4375 0.01171875 0.01953125
0 0.696875 0.37890625 0.01171875 0.0203125
0 0.7609375 0.33515625 0.009375 0.01640625
0 0.834375 0.165625 0.0140625 0.021875
0 0.896875 0.2 0.01171875 0.01875
0 0.75703125 0.65234375 0.01328125 0.01875
0 0.8703125 0.76953125 0.01171875 0.01796875
0 0.8953125 0.77578125 0.01328125 0.021875
0 0.78671875 0.8390625 0.0140625 0.0234375
0 0.68828125 0.72109375 0.01171875 0.015625
3 0.26015625 0.703125 0.02578125 0.0359375
3 0.825 0.91875 0.0203125 0.028125
3 0.3421875 0.0359375 0.02421875 0.046875
1 0.45 0.27109375 0.0296875 0.05703125
1 0.5421875 0.4171875 0.05390625 0.04296875
1 0.45234375 0.465625 0.04296875 0.0640625
1 0.3015625 0.615625 0.04375 0.06953125
1 0.80703125 0.81328125 0.040625 0.05625
1 0.76875 0.784375 0.05625 0.05078125
1 0.74921875 0.803125 0.04921875 0.053125