0 0.09140625 0.74140625 0.02109375 0.03125
5 0.221875 0.68828125 0.06484375 0.03203125
5 0.284375 0.678125 0.059375 0.0390625
2 0.25546875 0.83203125 0.02890625 0.040625
2 0.35 0.7796875 0.02890625 0.0390625
2 0.37578125 0.93515625 0.02421875 0.028125
2 0.34921875 0.9265625 0.02109375 0.02890625
2 0.51953125 0.82109375 0.021875 0.05
2 0.71015625 0.80546875 0.03203125 0.03125
2 0.80546875 0.81640625 0.0296875 0.0390625
2 0.84375 0.815625 0.02578125 0.03046875
2 0.9765625 0.78046875 0.046875 0.021875
0 0.81171875 0.86171875 0.021875 0.02578125
2 0.475 0.51171875 0.01875 0.04296875
0 0.51953125 0.46015625 0.01796875 0.03046875
2 0.48515625 0.28359375 0.01875 0.05
0 0.46328125 0.26015625 0.01796875 0.03203125
4 0.5109375 0.1875 0.01953125 0.03359375
4 0.51796875 0.37890625 0.01484375 0.040625
4 0.521875 0.60078125 0.0140625 0.0234375
4 0.51875 0.725 0.01796875 0.02578125
4 0.41328125 0.79609375 0.01796875 0.02421875
4 0.421875 0.7546875 0.021875 0.0234375
4 0.11640625 0.9359375 0.01640625 0.0265625
4 0.10546875 0.96796875 0.01328125 0.0234375
4 0.18671875 0.94921875 0.01640625 0.0234375
4 0.228125 0.77890625 0.01953125 0.021875
4 0.2265625 0.803125 0.0234375 0.01953125
4 0.34140625 0.8890625 0.01953125 0.0203125
4 0.3765625 0.88984375 0.015625 0.0234375
4 0.41796875 0.88125 0.01484375 0.01875
4 0.57578125 0.7765625 0.0203125 0.01484375
4 0.6015625 0.77890625 0.01796875 0.028125
4 0.578125 0.89375 0.01484375 0.0234375
4 0.55546875 0.91953125 0.0140625 0.02578125
4 0.55546875 0.821875 0.01171875 0.03828125
4 0.58359375 0.675 0.01953125 0.0234375
4 0.61875 0.696875 0.01328125 0.02890625
4 0.64921875 0.68125 0.015625 0.0234375
4 0.796875 0.71015625 0.02421875 0.01953125
4 0.965625 0.72890625 0.025 0.01953125
4 0.86328125 0.7734375 0.015625 0.0203125
4 0.72109375 0.8546875 0.0234375 0.03671875
4 0.6359375 0.8546875 0.01640625 0.0203125
4 0.89140625 0.8015625 0.0203125 0.025
4 0.02890625 0.81484375 0.01875 0.0265625
4 0.01953125 0.91484375 0.0140625 0.028125
4 0.7484375 0.70859375 0.01484375 0.01953125