2 0.21484375 0.9765625 0.01640625 0.03125
2 0.2359375 0.9515625 0.01640625 0.03359375
4 0.25390625 0.93046875 0.00703125 0.01328125
0 0.28671875 0.871875 0.01171875 0.02109375
2 0.328125 0.825 0.01484375 0.021875
0 0.3578125 0.79375 0.01171875 0.015625
0 0.38125 0.79140625 0.01171875 0.01796875
0 0.403125 0.778125 0.01328125 0.01875
0 0.4390625 0.7515625 0.0140625 0.01484375
0 0.496875 0.72890625 0.01328125 0.01796875
2 0.55703125 0.77890625 0.01796875 0.03359375
4 0.04921875 0.98828125 0.01015625 0.0203125
2 0.065625 0.9734375 0.01796875 0.034375
4 0.084375 0.93125 0.009375 0.01875
2 0.09296875 0.94765625 0.01796875 0.02890625
4 0.1140625 0.90390625 0.01015625 0.01484375
4 0.11171875 0.8890625 0.01015625 0.0203125
0 0.115625 0.85859375 0.01484375 0.0234375
2 0.134375 0.88984375 0.01640625 0.028125
2 0.14453125 0.85234375 0.01640625 0.025
2 0.16328125 0.846875 0.015625 0.02890625
2 0.18671875 0.80625 0.01640625 0.03203125
0 0.20234375 0.7640625 0.0140625 0.021875
2 0.22890625 0.75390625 0.0140625 0.02109375
0 0.22578125 0.73828125 0.01171875 0.01875
4 0.209375 0.73828125 0.00625 0.0109375
0 0.234375 0.70859375 0.0109375 0.01796875
2 0.24921875 0.7265625 0.01484375 0.021875
0 0.26796875 0.70703125 0.01171875 0.01484375
6 0.274288734375 0.6828354140624999 0.2666319515625 0.667299584375 0.2408795484375 0.7025395078125001 0.248241371875 0.7178546984375 0.274288734375 0.6828354140624999
3 0.3072557984375 0.67229375625 0.3024613640625 0.6584133859375 0.28329296249999997 0.6781055640625 0.28807806875 0.69292330625 0.3072557984375 0.67229375625
4 0.28125 0.65234375 0.00859375 0.0109375
4 0.284375 0.62890625 0.00703125 0.0140625
4 0.29375 0.6328125 0.00703125 0.01328125
0 0.29921875 0.615625 0.01171875 0.01953125
2 0.33359375 0.63125 0.01484375 0.0203125
4 0.33359375 0.61328125 0.00859375 0.0140625
2 0.3122384375 0.62952715625 0.305726596875 0.617047553125 0.2909166390625 0.6391639671875 0.2969964390625 0.65181215625 0.3122384375 0.62952715625
2 0.3227575640625 0.6367856984375 0.317032871875 0.6248154718750001 0.303264846875 0.6427908812500001 0.3089467359375 0.655632440625 0.3227575640625 0.6367856984375
2 0.3327846015625 0.5880918234375 0.32663055625 0.57599425 0.3134655421875 0.5988861375 0.319188453125 0.609612765625 0.3327846015625 0.5880918234375
2 0.3541090890625 0.5766309671875 0.348670628125 0.56606150625 0.3344038078125 0.58686005625 0.33965423437500003 0.5980245671875 0.3541090890625 0.5766309671875
2 0.359375 0.60703125 0.015625 0.0203125
2 0.36796875 0.58125 0.01640625 0.01953125
4 0.35390625 0.53125 0.00625 0.0109375
2 0.36953125 0.53203125 0.01484375 0.02578125
2 0.3984375 0.5515625 0.01328125 0.021875
4 0.36953125 0.50546875 0.00625 0.01328125
4 0.3875 0.496875 0.00703125 0.0109375
4 0.40078125 0.478125 0.00703125 0.009375
0 0.3921875 0.471875 0.0109375 0.01796875
2 0.4109375 0.4828125 0.01484375 0.0203125
4 0.3984375 0.45078125 0.00859375 0.0109375
3 0.42578125 0.45546875 0.0140625 0.01796875
2 0.4515625 0.41953125 0.01484375 0.01953125
4 0.45703125 0.40078125 0.009375 0.009375
4 0.453125 0.4515625 0.00703125 0.009375
4 0.459375 0.43671875 0.00703125 0.0109375
4 0.4703125 0.43203125 0.00859375 0.00625
2 0.48046875 0.415625 0.0140625 0.02421875
4 0.47421875 0.37734375 0.009375 0.009375
2 0.49453125 0.40078125 0.015625 0.01640625
2 0.49296875 0.38046875 0.01796875 0.0203125
4 0.5015625 0.3296875 0.009375 0.0109375
4 0.5109375 0.371875 0.009375 0.00859375
4 0.5203125 0.3390625 0.00859375 0.01015625
2 0.5390625 0.3515625 0.0203125 0.01796875
4 0.51953125 0.39375 0.00859375 0.01015625
4 0.5140625 0.415625 0.009375 0.009375
2 0.53359375 0.39609375 0.01640625 0.0203125
1 0.540625 0.42109375 0.03828125 0.02421875
0 0.42421875 0.5484375 0.009375 0.01875
0 0.35078125 0.4421875 0.009375 0.0203125
0 0.36328125 0.41953125 0.00859375 0.01953125
2 0.33359375 0.31484375 0.0140625 0.02890625
2 0.44140625 0.25390625 0.01640625 0.0234375
2 0.41796875 0.278125 0.0140625 0.0296875
2 0.4265625 0.265625 0.0140625 0.02890625
2 0.43828125 0.29375 0.0140625 0.025
2 0.44609375 0.284375 0.0140625 0.02578125
4 0.45546875 0.28046875 0.00546875 0.01640625
4 0.34609375 0.06875 0.01015625 0.0140625
3 0.34609375 0.0390625 0.0234375 0.04609375
2 0.3328125 0.95078125 0.015625 0.0234375
4 0.3203125 0.9640625 0.00703125 0.01953125
2 0.378125 0.95703125 0.01640625 0.028125
4 0.3765625 0.9203125 0.01171875 0.01640625
4 0.59609375 0.6484375 0.00859375 0.01875
2 0.646875 0.51796875 0.0203125 0.0265625
4 0.678125 0.57890625 0.00859375 0.015625
0 0.69765625 0.6140625 0.01328125 0.01875
4 0.70703125 0.59375 0.00859375 0.01484375
4 0.70703125 0.615625 0.00859375 0.01484375
1 0.5984375 0.50078125 0.02890625 0.06640625
4 0.5765625 0.44609375 0.00859375 0.015625
4 0.58046875 0.4234375 0.00859375 0.0140625
4 0.5671875 0.41953125 0.00859375 0.01640625
2 0.57890625 0.35625 0.0203125 0.015625
0 0.5546875 0.30859375 0.009375 0.0203125
4 0.5953125 0.378125 0.01171875 0.0140625
2 0.61796875 0.35703125 0.0203125 0.0203125
0 0.61015625 0.2875 0.01328125 0.0203125
4 0.60703125 0.2578125 0.01328125 0.01953125
2 0.64609375 0.309375 0.0203125 0.02421875
4 0.6453125 0.33125 0.0109375 0.01328125
2 0.6515625 0.35078125 0.01875 0.01953125
2 0.58671875 0.1984375 0.0140625 0.03125
2 0.56015625 0.0484375 0.01171875 0.0359375
2 0.59609375 0.06015625 0.02109375 0.021875
2 0.603125 0.0765625 0.01640625 0.0234375
4 0.68125 0.31875 0.01015625 0.01171875
4 0.696875 0.30546875 0.00859375 0.0140625
4 0.715625 0.29453125 0.00859375 0.01796875
0 0.7734375 0.23828125 0.01328125 0.0203125
2 0.73046875 0.35703125 0.01640625 0.02421875
2 0.71171875 0.3734375 0.01796875 0.0234375
2 0.69765625 0.36796875 0.01640625 0.025
2 0.68125 0.3921875 0.01796875 0.0265625
2 0.69140625 0.4 0.01796875 0.0265625
2 0.66484375 0.42421875 0.015625 0.02890625
2 0.67890625 0.425 0.01484375 0.03125
0 0.675 0.446875 0.009375 0.021875
2 0.73125 0.64765625 0.01640625 0.0265625
0 0.76171875 0.65078125 0.01171875 0.0203125
3 0.76328125 0.69296875 0.02109375 0.0359375
2 0.82578125 0.76171875 0.0234375 0.0359375
2 0.86796875 0.79921875 0.01640625 0.0203125
2 0.903125 0.8421875 0.0203125 0.03046875
1 0.4074726109375 0.5172437578125 0.39747049687499997 0.4969016359375 0.3593647453125 0.5551380046875 0.37032188593750004 0.5752188265625 0.4074726109375 0.5172437578125
1 0.4516483578125 0.48945458750000004 0.4439533546875 0.46949425156249996 0.4057606890625 0.5174717281250001 0.4146079859375 0.538427028125 0.4516483578125 0.48945458750000004
1 0.50298615625 0.4333296625 0.4959432671875 0.4140656265625 0.45566534062499997 0.45693379843750004 0.4626851828125 0.4783564734375 0.50298615625 0.4333296625
2 0.4234375 0.2 0.01796875 0.02578125
4 0.43984375 0.51640625 0.0046875 0.0140625
4 0.4390625 0.54609375 0.00546875 0.0140625
4 0.43203125 0.5234375 0.0046875 0.0109375
2 0.8015625 0.1671875 0.00859375 0.03203125
2 0.81328125 0.175 0.01640625 0.025
2 0.828125 0.14140625 0.0109375 0.028125
2 0.828125 0.19375 0.01796875 0.02421875
4 0.86171875 0.14453125 0.00859375 0.0109375
4 0.8609375 0.13046875 0.00703125 0.01484375
2 0.8765625 0.08125 0.01640625 0.03046875
4 0.8828125 0.11640625 0.00859375 0.0140625
4 0.90078125 0.16328125 0.00859375 0.0140625
2 0.90859375 0.13203125 0.01796875 0.02421875
4 0.9109375 0.06875 0.00859375 0.0140625
4 0.9140625 0.07734375 0.00703125 0.009375
4 0.91796875 0.08515625 0.00703125 0.01328125
4 0.9265625 0.0640625 0.009375 0.01328125
4 0.95703125 0.01328125 0.00859375 0.01484375
2 0.97109375 0.01796875 0.02109375 0.0359375
4 0.67421875 0.76640625 0.009375 0.00859375
4 0.6765625 0.7578125 0.00703125 0.01015625
4 0.68515625 0.765625 0.00859375 0.009375
2 0.6943371265625 0.748568575 0.6777175843750001 0.7395799625 0.6752272640625 0.75277293125 0.692300415625 0.760601725 0.6943371265625 0.748568575
4 0.6899413562500001 0.72699629375 0.6784543203125 0.7177177171875 0.6755690734375001 0.72876395625 0.6869270249999999 0.7372897046875 0.6899413562500001 0.72699629375
2 0.7080690484375001 0.7176999140625 0.691612446875 0.7047969015625 0.687060146875 0.720505596875 0.70358829375 0.7336474625 0.7080690484375001 0.7176999140625
6 0.71996343125 0.744955721875 0.6935676875000001 0.72784835625 0.690238528125 0.7450633484375 0.7153197359375 0.764672684375 0.71996343125 0.744955721875
2 0.7003698171875 0.7693775406250001 0.71683131875 0.7831504171875 0.72049739375 0.7705373578125 0.7042967531250001 0.7572335609375 0.7003698171875 0.7693775406250001
2 0.73507533125 0.7680727421875 0.7209813109375001 0.7502404859375 0.7155433343750001 0.7624493671875 0.7302687015625 0.77909105 0.73507533125 0.7680727421875
2 0.721638978125 0.7303785406250001 0.709174321875 0.716895615625 0.7045412437499999 0.7305025578125 0.71626206875 0.7437164890625 0.721638978125 0.7303785406250001
0 0.7393990828125 0.745601196875 0.7257938640625 0.7306684984375 0.721411115625 0.7431074203125 0.7349997921875 0.7586491890625 0.7393990828125 0.745601196875
0 0.752727271875 0.7563295484375 0.741891978125 0.7437164890625 0.73742526875 0.7546256578125 0.7484909140625 0.766477984375 0.752727271875 0.7563295484375
6 0.7638903203125 0.8066291718749999 0.7696745703125 0.7866222515625 0.741486528125 0.7606712484375 0.7357138328125 0.7791834109375 0.7638903203125 0.8066291718749999
2 0.7722868859375 0.7671952453124999 0.7575411125 0.7519725875 0.752950440625 0.76483994375 0.7683764046875 0.7800982546874999 0.7722868859375 0.7671952453124999
2 0.7898943515625 0.808697865625 0.7756373875 0.79144551875 0.7704315390625001 0.8043931375 0.7855765234375001 0.8214558999999999 0.7898943515625 0.808697865625
2 0.810342903125 0.8340689578125 0.7955156671875 0.81377208125 0.7899908109375 0.8256910109375 0.80537333125 0.8459571265625 0.810342903125 0.8340689578125
2 0.8278675234374999 0.8677540875 0.8123885421875 0.8481821 0.8072274187499999 0.8617669984375 0.8221647437499999 0.8802221703124999 0.8278675234374999 0.8677540875
2 0.830555978125 0.8510816562500001 0.8132846921875 0.8328144671875 0.8089388546875 0.84481563125 0.8257493484375 0.8626798656249999 0.830555978125 0.8510816562500001
0 0.833163571875 0.89120910625 0.821187725 0.8780161375000001 0.81761828125 0.8887153281250001 0.8295789593749999 0.9022274078124999 0.833163571875 0.89120910625
0 0.8435100468750001 0.8970082109374999 0.8330006296875 0.8894693734375 0.8297205796875 0.8980603140625 0.840821590625 0.9084614515625 0.8435100468750001 0.8970082109374999
2 0.8446506078124999 0.8868597749999999 0.8304751171874999 0.8710572093750001 0.8261754625 0.883064871875 0.840740128125 0.898313009375 0.8446506078124999 0.8868597749999999
2 0.8573678265625 0.8797558703125 0.8443328890625 0.8638083218749999 0.8398669515625 0.8735025625 0.853212940625 0.88990430625 0.8573678265625 0.8797558703125
2 0.8375745390624999 0.9322228109375 0.8430329125 0.91772504375 0.8266577765625 0.8998927890624999 0.8214078890625001 0.91349040625 0.8375745390624999 0.9322228109375
2 0.8748870375 0.9109110906250001 0.8584304296875 0.8946735921875 0.8538029328125001 0.9076226234375 0.8702433421875 0.9242490406250001 0.8748870375 0.9109110906250001
2 0.87109375 0.74921875 0.015625 0.02578125
0 0.87734375 0.765625 0.01015625 0.01640625
2 0.8859375 0.7609375 0.009375 0.0234375
0 0.9015625 0.7703125 0.01015625 0.01796875
2 0.91171875 0.775 0.0140625 0.0265625
2 0.92578125 0.8171875 0.015625 0.0234375
4 0.9484375 0.89765625 0.009375 0.01171875
4 0.97421875 0.91640625 0.0109375 0.0140625
2 0.98671875 0.90546875 0.01875 0.0265625
2 0.965625 0.890625 0.015625 0.0203125
2 0.978125 0.878125 0.01796875 0.01953125
2 0.96640625 0.86015625 0.01796875 0.015625
2 0.95625 0.84140625 0.01796875 0.0203125
2 0.9484375 0.821875 0.01875 0.0296875