2 0.74609375 0.115625 0.01484375 0.0265625
2 0.71171875 0.203125 0.01640625 0.02890625
2 0.72109375 0.26796875 0.01171875 0.021875
2 0.6734375 0.1859375 0.01171875 0.0203125
2 0.64453125 0.2859375 0.015625 0.0265625
2 0.6 0.3890625 0.01328125 0.0234375
2 0.6390625 0.40234375 0.0140625 0.02109375
2 0.62578125 0.4671875 0.01484375 0.02578125
2 0.61953125 0.4359375 0.0140625 0.0234375
2 0.60625 0.4640625 0.015625 0.025
2 0.603125 0.490625 0.01484375 0.02578125
2 0.58515625 0.49140625 0.0140625 0.02421875
2 0.58984375 0.515625 0.0140625 0.02109375
2 0.521875 0.4921875 0.01484375 0.025
2 0.46328125 0.496875 0.01640625 0.02890625
2 0.44921875 0.5625 0.01171875 0.02421875
2 0.34609375 0.190625 0.01171875 0.021875
2 0.37890625 0.159375 0.01171875 0.02421875
2 0.4546875 0.13828125 0.01171875 0.0234375
2 0.34375 0.30546875 0.0109375 0.02578125
2 0.2484375 0.51171875 0.0140625 0.02421875
2 0.228125 0.70625 0.015625 0.0265625
2 0.07421875 0.80234375 0.01796875 0.028125
2 0.03828125 0.96953125 0.01796875 0.0234375
2 0.025 0.9734375 0.015625 0.02578125
3 0.06015625 0.87890625 0.0140625 0.02578125
4 0.08046875 0.81171875 0.00703125 0.01015625
0 0.234375 0.60390625 0.009375 0.0140625
4 0.22578125 0.59921875 0.00390625 0.01328125
0 0.30078125 0.24140625 0.009375 0.01796875
0 0.27421875 0.1796875 0.009375 0.01484375
4 0.21640625 0.01953125 0.0046875 0.01171875
4 0.28671875 0.05859375 0.00546875 0.01171875
3 0.328125 0.115625 0.015625 0.02578125
5 0.35546875 0.12578125 0.02421875 0.04453125
5 0.4125 0.14921875 0.021875 0.03984375
4 0.4421875 0.17890625 0.00625 0.01484375
4 0.51328125 0.08828125 0.00703125 0.00703125
4 0.54296875 0.040625 0.00625 0.0109375
4 0.73828125 0.01484375 0.00625 0.009375
3 0.6859375 0.12578125 0.0203125 0.03125
4 0.62890625 0.1921875 0.00703125 0.0109375
4 0.61328125 0.2109375 0.00546875 0.01015625
2 0.65625 0.18359375 0.01640625 0.02578125
4 0.82890625 0.13203125 0.00703125 0.01328125
4 0.87578125 0.16015625 0.00703125 0.015625
0 0.93828125 0.0640625 0.0109375 0.01875
0 0.63203125 0.6015625 0.009375 0.015625
0 0.67421875 0.7109375 0.00625 0.01953125
4 0.18125 0.84296875 0.00625 0.00859375
2 0.2734375 0.9109375 0.01640625 0.028125
2 0.303125 0.8984375 0.0140625 0.02421875
2 0.32578125 0.96875 0.0140625 0.025
2 0.271875 0.84296875 0.01640625 0.0265625
2 0.3609375 0.7703125 0.0140625 0.025
2 0.36875 0.690625 0.01171875 0.02109375
2 0.39453125 0.85625 0.0140625 0.02578125
2 0.4140625 0.79609375 0.01328125 0.025
2 0.45703125 0.73984375 0.01328125 0.01953125
4 0.45625 0.71796875 0.0046875 0.00859375
0 0.42421875 0.83359375 0.009375 0.015625
2 0.81328125 0.99453125 0.0109375 0.0109375
2 0.7875 0.9875 0.015625 0.025
2 0.77734375 0.94765625 0.01328125 0.0234375
2 0.75546875 0.9953125 0.0109375 0.009375
2 0.73828125 0.90859375 0.01484375 0.0234375
4 0.75859375 0.90390625 0.00546875 0.009375
4 0.709375 0.9375 0.00625 0.00859375
4 0.79453125 0.953125 0.00546875 0.009375
4 0.696875 0.91171875 0.00703125 0.0109375
4 0.66484375 0.7859375 0.0046875 0.01171875
3 0.65234375 0.728125 0.0140625 0.0234375
2 0.65546875 0.8734375 0.01171875 0.0234375
2 0.66015625 0.8265625 0.01328125 0.021875
2 0.63203125 0.81953125 0.01484375 0.02421875
2 0.646875 0.7984375 0.0140625 0.02421875
2 0.64453125 0.8203125 0.0140625 0.021875
2 0.62421875 0.75859375 0.0140625 0.02109375
2 0.62421875 0.784375 0.0140625 0.02421875
2 0.61953125 0.79453125 0.0140625 0.021875
2 0.60546875 0.77265625 0.01484375 0.0234375
2 0.59453125 0.7109375 0.01328125 0.021875
2 0.6109375 0.73671875 0.0140625 0.02421875
2 0.59375 0.73203125 0.01484375 0.025
2 0.60703125 0.75625 0.0140625 0.02421875
0 0.63515625 0.78125 0.01015625 0.01484375
0 0.61171875 0.8 0.00859375 0.01484375
0 0.58203125 0.68828125 0.00859375 0.01484375
4 0.65546875 0.85546875 0.00625 0.01015625
4 0.63203125 0.803125 0.00546875 0.00859375
4 0.63671875 0.796875 0.00546875 0.00859375
4 0.596875 0.77109375 0.0046875 0.01015625
4 0.6015625 0.78046875 0.00546875 0.009375
4 0.57109375 0.66484375 0.0046875 0.0109375
4 0.57578125 0.69765625 0.0046875 0.01015625
4 0.57421875 0.70625 0.00625 0.00625
4 0.57421875 0.71796875 0.00546875 0.009375
4 0.56875 0.71796875 0.00390625 0.0140625
4 0.59453125 0.7609375 0.0046875 0.00859375
4 0.58671875 0.73671875 0.0046875 0.01015625
4 0.5828125 0.7390625 0.0046875 0.00859375
4 0.58046875 0.74609375 0.00390625 0.009375
4 0.5921875 0.75078125 0.00546875 0.01015625
4 0.58671875 0.7515625 0.0046875 0.01015625
4 0.590625 0.76328125 0.0046875 0.01015625
4 0.56953125 0.48046875 0.00625 0.009375
4 0.34375 0.68125 0.00625 0.009375
4 0.33828125 0.671875 0.00703125 0.01015625
4 0.40703125 0.50625 0.00546875 0.009375
4 0.4078125 0.5140625 0.00625 0.01015625
4 0.34296875 0.540625 0.00546875 0.00625
4 0.37421875 0.503125 0.00546875 0.01015625
4 0.34296875 0.61640625 0.00546875 0.009375
4 0.36796875 0.58515625 0.00546875 0.00703125
4 0.35625 0.56640625 0.0046875 0.00859375
4 0.375 0.5296875 0.0046875 0.00859375
4 0.38046875 0.53125 0.00546875 0.0109375
4 0.38203125 0.5375 0.00625 0.00859375
4 0.38671875 0.54140625 0.00546875 0.01015625
4 0.38046875 0.5515625 0.00625 0.009375
4 0.3765625 0.546875 0.0046875 0.00859375
4 0.3734375 0.5390625 0.0046875 0.01015625
4 0.37109375 0.55078125 0.00546875 0.0109375
3 0.35703125 0.52421875 0.015625 0.0265625
0 0.3703125 0.49921875 0.00859375 0.015625
0 0.3765625 0.509375 0.00859375 0.01484375
0 0.36796875 0.5234375 0.00859375 0.015625
0 0.37578125 0.57890625 0.009375 0.01484375
0 0.34609375 0.56640625 0.00859375 0.01328125
2 0.38828125 0.50859375 0.01328125 0.02421875
2 0.39296875 0.52421875 0.0140625 0.0234375
2 0.39921875 0.5359375 0.0140625 0.025
2 0.3859375 0.55703125 0.0140625 0.021875
2 0.359375 0.54375 0.01484375 0.0265625
2 0.3671875 0.57109375 0.01484375 0.028125
0 0.3640625 0.5515625 0.009375 0.0140625
2 0.33359375 0.5859375 0.0140625 0.0265625
2 0.340625 0.59453125 0.01171875 0.0234375
2 0.35078125 0.59609375 0.01328125 0.021875
2 0.353125 0.6140625 0.01171875 0.0203125
2 0.3265625 0.6234375 0.01640625 0.02578125
2 0.334375 0.63828125 0.01484375 0.0234375
2 0.3140625 0.653125 0.0140625 0.02421875
2 0.31953125 0.66484375 0.01484375 0.025