6 0.109375 0.80078125 0.03828125 0.03046875
6 0.0875 0.59921875 0.04453125 0.0203125
6 0.24453125 0.7015625 0.04453125 0.0234375
1 0.34140625 0.6765625 0.0546875 0.02890625
6 0.4171875 0.6765625 0.03828125 0.0203125
6 0.44140625 0.70625 0.03203125 0.02109375
6 0.36953125 0.809375 0.0390625 0.025
6 0.2359375 0.80859375 0.04921875 0.0296875
6 0.44375 0.78671875 0.04296875 0.0234375
6 0.55546875 0.80234375 0.04296875 0.021875
5 0.71484375 0.82421875 0.05859375 0.028125
5 0.83046875 0.70546875 0.0640625 0.02421875
1 0.87578125 0.73125 0.0609375 0.02421875
5 0.90703125 0.7921875 0.0734375 0.03046875
6 0.953125 0.709375 0.03671875 0.0265625
6 0.73828125 0.68046875 0.0390625 0.02421875
1 0.61640625 0.66953125 0.0515625 0.02890625
3 0.7859375 0.60234375 0.01953125 0.01640625
3 0.7265625 0.70390625 0.02421875 0.01796875
6 0.646875 0.61796875 0.028125 0.02109375
3 0.81953125 0.809375 0.02578125 0.02421875
2 0.69375 0.865625 0.01875 0.01953125
2 0.7203125 0.73046875 0.021875 0.01796875
2 0.615625 0.709375 0.01796875 0.01484375
2 0.60078125 0.7296875 0.02109375 0.01875
2 0.5359375 0.70703125 0.021875 0.015625
2 0.56796875 0.65078125 0.015625 0.025
2 0.6140625 0.5921875 0.01796875 0.01640625
2 0.61875 0.634375 0.01953125 0.01953125
2 0.64609375 0.634375 0.0203125 0.01640625
2 0.72109375 0.634375 0.01796875 0.01484375
2 0.678125 0.60078125 0.0203125 0.01640625
2 0.54296875 0.53828125 0.015625 0.0359375
2 0.53515625 0.57890625 0.01328125 0.034375
2 0.54609375 0.6171875 0.01796875 0.03125
0 0.57109375 0.584375 0.01171875 0.021875
0 0.57890625 0.61796875 0.01171875 0.01953125
2 0.86796875 0.52578125 0.0109375 0.03125
2 0.91328125 0.4859375 0.009375 0.0296875
2 0.90859375 0.56640625 0.01796875 0.01640625
2 0.9734375 0.60390625 0.0203125 0.01953125
2 0.9546875 0.6828125 0.01953125 0.01796875
2 0.3109375 0.71640625 0.01875 0.0203125
2 0.3640625 0.7234375 0.01484375 0.015625
2 0.4109375 0.725 0.0203125 0.01875
2 0.4203125 0.80859375 0.02109375 0.0234375
2 0.46484375 0.8109375 0.01875 0.0203125
0 0.08125 0.83046875 0.015625 0.015625
0 0.16875 0.678125 0.0140625 0.01171875
0 0.4421875 0.4890625 0.0140625 0.0109375
0 0.453125 0.49296875 0.01171875 0.015625
0 0.4546875 0.50625 0.01015625 0.02578125
0 0.45078125 0.54765625 0.00859375 0.021875
0 0.45390625 0.1984375 0.01171875 0.01640625
0 0.509375 0.096875 0.00859375 0.025
3 0.51796875 0.4359375 0.009375 0.03125
3 0.53828125 0.4296875 0.01015625 0.04453125
3 0.459375 0.3625 0.01171875 0.03828125
3 0.4375 0.04375 0.009375 0.034375
6 0.5359375 0.1515625 0.01640625 0.078125
3 0.45703125 0.07265625 0.0140625 0.02890625
2 0.4484375 0.046875 0.01015625 0.02890625
2 0.43828125 0.15625 0.01484375 0.01796875
2 0.446875 0.18046875 0.0203125 0.01953125
2 0.434375 0.19140625 0.01796875 0.01875
2 0.4484375 0.24453125 0.01875 0.02421875
2 0.44921875 0.271875 0.01796875 0.01953125
2 0.44453125 0.290625 0.01953125 0.01875
2 0.45625 0.3234375 0.00859375 0.02578125
2 0.53515625 0.38046875 0.00859375 0.03359375
2 0.54296875 0.35546875 0.0140625 0.03046875
2 0.309375 0.59453125 0.02109375 0.01875
2 0.28671875 0.59453125 0.02109375 0.021875
2 0.2265625 0.51328125 0.015625 0.0296875
2 0.340625 0.42265625 0.01484375 0.015625
2 0.33984375 0.44140625 0.01484375 0.01953125
3 0.271875 0.51484375 0.025 0.01875
4 0.2421875 0.83125 0.01171875 0.01015625
4 0.278125 0.659375 0.009375 0.0109375
4 0.3359375 0.83671875 0.0109375 0.01328125
4 0.40078125 0.8265625 0.00859375 0.01015625
4 0.35625 0.8265625 0.01171875 0.01171875
5 0.60859375 0.84609375 0.009375 0.01015625
5 0.61484375 0.85859375 0.00703125 0.0140625
5 0.63046875 0.86328125 0.00546875 0.0203125
5 0.68046875 0.84375 0.00859375 0.0109375
5 0.96796875 0.63828125 0.01328125 0.01015625
5 0.578125 0.6640625 0.00859375 0.0109375
5 0.31015625 0.61796875 0.01015625 0.0109375
5 0.48671875 0.49375 0.009375 0.01484375
5 0.46953125 0.21796875 0.00390625 0.0140625
5 0.47109375 0.12109375 0.00703125 0.015625