1 0.54453125 0.503125 0.046875 0.025
1 0.403125 0.50703125 0.05078125 0.0265625
1 0.26953125 0.51875 0.04921875 0.0234375
2 0.28046875 0.55703125 0.02109375 0.015625
2 0.18828125 0.55390625 0.01640625 0.01640625
2 0.33359375 0.55546875 0.01640625 0.015625
2 0.2984375 0.42421875 0.01953125 0.01953125
2 0.33125 0.43359375 0.01796875 0.01328125
2 0.30390625 0.453125 0.01640625 0.01640625
2 0.35078125 0.44140625 0.01875 0.015625
2 0.34453125 0.415625 0.01640625 0.015625
2 0.4015625 0.4359375 0.01875 0.01484375
2 0.41953125 0.42109375 0.0203125 0.01640625
2 0.41015625 0.4609375 0.01796875 0.0140625
0 0.415625 0.446875 0.01171875 0.01328125
0 0.325 0.4640625 0.0140625 0.0140625
0 0.365625 0.428125 0.0109375 0.01171875
0 0.4359375 0.44453125 0.01171875 0.01328125
0 0.46328125 0.39453125 0.01171875 0.01328125
0 0.4921875 0.43828125 0.01171875 0.01171875
0 0.4640625 0.44296875 0.01171875 0.0140625
0 0.4578125 0.43046875 0.01171875 0.0109375
0 0.15703125 0.39921875 0.0140625 0.01328125
0 0.11171875 0.42734375 0.0140625 0.01484375
0 0.12578125 0.5828125 0.01171875 0.0140625
0 0.12734375 0.5640625 0.0140625 0.01640625
2 0.1390625 0.5484375 0.01796875 0.01796875
2 0.08671875 0.57421875 0.01640625 0.01796875
2 0.49140625 0.5375 0.015625 0.01171875
2 0.52890625 0.55859375 0.01875 0.015625
2 0.56796875 0.559375 0.01875 0.01640625
2 0.6015625 0.54140625 0.02109375 0.01640625
2 0.4875 0.55703125 0.01640625 0.02109375
2 0.45546875 0.54375 0.01875 0.01796875
2 0.3828125 0.4421875 0.015625 0.0140625
2 0.38203125 0.42109375 0.01875 0.01640625
2 0.3671875 0.45625 0.01796875 0.015625
2 0.3328125 0.44921875 0.01953125 0.0140625
4 0.40703125 0.565625 0.009375 0.00859375
4 0.40546875 0.5546875 0.009375 0.00859375
4 0.40625 0.54140625 0.01015625 0.00859375
4 0.34609375 0.56875 0.009375 0.00859375
4 0.32890625 0.59140625 0.009375 0.0109375
4 0.321875 0.57421875 0.009375 0.009375
4 0.29453125 0.578125 0.009375 0.00703125
4 0.496875 0.5734375 0.00859375 0.009375
4 0.54140625 0.55078125 0.00859375 0.01015625
4 0.56484375 0.57578125 0.01171875 0.0109375
4 0.57890625 0.57734375 0.00859375 0.0109375
4 0.57109375 0.64609375 0.00546875 0.01171875
4 0.57890625 0.66796875 0.00546875 0.01484375
4 0.565625 0.69609375 0.00546875 0.01875
4 0.5734375 0.803125 0.00546875 0.015625
2 0.61953125 0.81875 0.01171875 0.0390625
2 0.584375 0.79140625 0.00859375 0.03203125
2 0.584375 0.74921875 0.01015625 0.03046875
2 0.584375 0.7109375 0.009375 0.03125
2 0.5875 0.671875 0.01015625 0.028125
2 0.57421875 0.7015625 0.00859375 0.03359375
2 0.646875 0.64453125 0.0140625 0.0265625
0 0.578125 0.65078125 0.00859375 0.01953125
0 0.59609375 0.559375 0.01328125 0.015625
0 0.56953125 0.3765625 0.01328125 0.01328125
0 0.79609375 0.38828125 0.01484375 0.0140625
0 0.803125 0.4015625 0.0140625 0.01484375
4 0.65625 0.565625 0.009375 0.01015625
4 0.678125 0.56953125 0.009375 0.01171875
4 0.64609375 0.4921875 0.00703125 0.015625
4 0.615625 0.45390625 0.01015625 0.015625
4 0.70703125 0.54296875 0.01015625 0.009375
4 0.75078125 0.4046875 0.00859375 0.01171875
4 0.8921875 0.49453125 0.01015625 0.01015625
4 0.93359375 0.50703125 0.009375 0.01015625
4 0.90625 0.54140625 0.01015625 0.00703125
4 0.84140625 0.55078125 0.01171875 0.009375
4 0.81171875 0.51640625 0.01171875 0.01171875
4 0.98515625 0.50078125 0.0140625 0.01171875
4 0.51875 0.56953125 0.00859375 0.009375
4 0.49921875 0.4046875 0.009375 0.01015625
4 0.50703125 0.409375 0.00859375 0.009375
4 0.50703125 0.39375 0.009375 0.01015625
4 0.47578125 0.39765625 0.009375 0.00625
4 0.465625 0.421875 0.00859375 0.00703125
4 0.503125 0.43828125 0.009375 0.009375
4 0.43671875 0.41484375 0.009375 0.00625
4 0.4203125 0.40390625 0.00859375 0.00859375
4 0.4484375 0.409375 0.00703125 0.00859375
2 0.46171875 0.4109375 0.01484375 0.01328125
2 0.434375 0.40390625 0.01796875 0.01484375
2 0.4015625 0.41015625 0.01953125 0.01875
2 0.478125 0.41484375 0.01484375 0.01328125
2 0.45078125 0.44140625 0.0140625 0.01171875
2 0.4515625 0.46015625 0.01640625 0.01328125
2 0.434375 0.45703125 0.01640625 0.01328125
2 0.49140625 0.4515625 0.01640625 0.015625
2 0.47109375 0.45703125 0.01640625 0.01171875
2 0.475 0.43125 0.01640625 0.01328125
4 0.446875 0.4234375 0.009375 0.009375
4 0.3546875 0.459375 0.009375 0.00703125
4 0.35703125 0.43046875 0.00703125 0.00859375
4 0.31796875 0.44609375 0.009375 0.0109375
4 0.2859375 0.45390625 0.009375 0.009375
4 0.340625 0.39765625 0.009375 0.00859375
2 0.36796875 0.4125 0.01640625 0.01171875
2 0.3890625 0.46171875 0.01875 0.01484375
3 0.428125 0.38984375 0.01484375 0.015625
2 0.20078125 0.3015625 0.01015625 0.02890625
4 0.02109375 0.57109375 0.01015625 0.00859375
4 0.03046875 0.5640625 0.009375 0.00625
4 0.03125 0.5484375 0.0109375 0.00703125
4 0.0640625 0.55625 0.01015625 0.00703125
4 0.14453125 0.56171875 0.01015625 0.01015625
4 0.15625 0.56953125 0.01171875 0.00859375
4 0.0921875 0.55703125 0.0109375 0.009375
4 0.19296875 0.56875 0.009375 0.00546875
4 0.234375 0.56640625 0.01015625 0.01015625
4 0.1984375 0.36484375 0.00859375 0.009375
2 0.8328125 0.3484375 0.01796875 0.01796875
2 0.78515625 0.33984375 0.00703125 0.0265625
0 0.79296875 0.36484375 0.0109375 0.01953125
2 0.83203125 0.5234375 0.01484375 0.01640625
2 0.8765625 0.51875 0.02109375 0.01875
2 0.65703125 0.51875 0.01953125 0.0203125
2 0.71015625 0.51953125 0.01875 0.01171875
2 0.65 0.5484375 0.01796875 0.0140625
4 0.25078125 0.10546875 0.00625 0.01796875
4 0.2390625 0.19140625 0.00703125 0.01484375
2 0.7109375 0.5625 0.021875 0.0203125