0 0.1078125 0.85390625 0.01328125 0.028125
4 0.13046875 0.85546875 0.01015625 0.015625
2 0.20859375 0.9703125 0.015625 0.03515625
2 0.2296875 0.9453125 0.01875 0.03046875
0 0.28125 0.86796875 0.01171875 0.021875
2 0.215625 0.75546875 0.01640625 0.02890625
0 0.22578125 0.70390625 0.01328125 0.0203125
2 0.25 0.69296875 0.0140625 0.021875
2 0.3 0.60859375 0.015625 0.0265625
4 0.32265625 0.62421875 0.009375 0.01484375
2 0.334375 0.596875 0.01875 0.0265625
2 0.32890625 0.5859375 0.01640625 0.0296875
4 0.340625 0.5453125 0.009375 0.015625
4 0.34375 0.50546875 0.00703125 0.01875
4 0.38203125 0.5359375 0.00703125 0.01796875
4 0.3859375 0.490625 0.00703125 0.01953125
4 0.37421875 0.42578125 0.00703125 0.02421875
4 0.35546875 0.446875 0.009375 0.021875
0 0.34609375 0.4390625 0.009375 0.02421875
2 0.39921875 0.4984375 0.01171875 0.03203125
2 0.365625 0.5546875 0.01796875 0.0265625
0 0.384375 0.4203125 0.009375 0.02421875
4 0.3765625 0.35859375 0.01015625 0.0234375
2 0.33046875 0.309375 0.01328125 0.02890625
4 0.35859375 0.3703125 0.00703125 0.01875
4 0.36015625 0.34921875 0.01015625 0.01328125
3 0.3421875 0.03671875 0.0234375 0.05
4 0.3796875 0.14453125 0.00859375 0.015625
4 0.39375 0.18359375 0.00859375 0.015625
2 0.41796875 0.19453125 0.01484375 0.02421875
2 0.4109375 0.23359375 0.015625 0.028125
2 0.41171875 0.2734375 0.0140625 0.0265625
2 0.421875 0.26171875 0.0140625 0.0265625
2 0.43515625 0.25 0.01328125 0.0234375
2 0.4265625 0.3015625 0.01484375 0.03203125
2 0.43359375 0.2890625 0.0140625 0.0265625
2 0.44140625 0.28046875 0.0140625 0.021875
4 0.465625 0.39140625 0.00703125 0.01953125
4 0.484375 0.39609375 0.00859375 0.0140625
2 0.503125 0.390625 0.01875 0.0265625
2 0.471875 0.4390625 0.01875 0.02109375
2 0.49375 0.42734375 0.01796875 0.021875
0 0.5296875 0.33359375 0.0140625 0.01796875
2 0.52421875 0.4015625 0.01796875 0.01484375
2 0.540625 0.38359375 0.01796875 0.01796875
2 0.54375 0.3609375 0.01640625 0.01953125
2 0.51953125 0.41875 0.01640625 0.015625
4 0.54296875 0.41640625 0.009375 0.0109375
0 0.54921875 0.30546875 0.00859375 0.025
2 0.56875 0.440625 0.01640625 0.02109375
2 0.57578125 0.41953125 0.02109375 0.02421875
4 0.56640625 0.359375 0.009375 0.00859375
4 0.5796875 0.35546875 0.00859375 0.009375
4 0.603125 0.3609375 0.01015625 0.009375
4 0.603125 0.33828125 0.01015625 0.01328125
0 0.578125 0.30859375 0.01015625 0.02578125
4 0.61640625 0.39453125 0.01015625 0.0203125
4 0.63515625 0.34921875 0.009375 0.01171875
2 0.67265625 0.34296875 0.01640625 0.021875
0 0.6359375 0.33359375 0.01171875 0.015625
2 0.64296875 0.30625 0.01875 0.01875
0 0.7015625 0.29296875 0.01015625 0.01328125
0 0.7328125 0.26640625 0.0109375 0.015625
4 0.6 0.49765625 0.00859375 0.01171875
2 0.61171875 0.49140625 0.01796875 0.021875
2 0.559375 0.59765625 0.01796875 0.0234375
4 0.57421875 0.571875 0.009375 0.0109375
4 0.6734375 0.57109375 0.01015625 0.01328125
4 0.6421875 0.73359375 0.01328125 0.0140625
4 0.65703125 0.703125 0.00859375 0.01484375
4 0.65546875 0.7234375 0.01015625 0.01328125
4 0.64609375 0.74453125 0.01171875 0.01484375
2 0.665625 0.74140625 0.01796875 0.01640625
0 0.66875 0.71953125 0.0140625 0.01171875
4 0.66640625 0.7625 0.01015625 0.01015625
4 0.678125 0.75546875 0.009375 0.01015625
4 0.6765625 0.771875 0.00859375 0.01015625
4 0.68828125 0.77578125 0.01015625 0.01171875
4 0.6828125 0.74765625 0.00703125 0.0109375
2 0.69140625 0.715625 0.01875 0.02109375
2 0.7046875 0.765625 0.01796875 0.02109375
2 0.70859375 0.7265625 0.015625 0.01953125
6 0.7101619828125 0.7651896203125 0.7158518671875 0.7439261234375001 0.6882559515625 0.72570026875 0.6834195484375 0.7451918109375 0.7101619828125 0.7651896203125
6 0.75860885625 0.8028951875000001 0.7640142515624999 0.7831505015625 0.7357070921875 0.7588493609375 0.730694971875 0.77687825 0.75860885625 0.8028951875000001
2 0.79453125 0.71484375 0.01796875 0.0265625
2 0.75390625 0.6859375 0.01640625 0.02890625
2 0.778125 0.7234375 0.015625 0.02578125
0 0.73984375 0.753125 0.01328125 0.01796875
3 0.72265625 0.74140625 0.015625 0.021875
2 0.71953125 0.7625 0.01640625 0.021875
2 0.77421875 0.80390625 0.01640625 0.021875
2 0.79453125 0.82578125 0.01796875 0.02109375
2 0.75859375 0.76328125 0.01796875 0.025
2 0.81328125 0.84375 0.01796875 0.0234375
2 0.8109375 0.8609375 0.01796875 0.02421875
2 0.8390625 0.86875 0.01796875 0.01796875
0 0.81875 0.88828125 0.01328125 0.015625
2 0.82890625 0.88125 0.015625 0.01875
2 0.8296875 0.89609375 0.0109375 0.01171875
3 0.82578125 0.91328125 0.01875 0.028125
2 0.84609375 0.89296875 0.01640625 0.0234375
4 0.85859375 0.89140625 0.00859375 0.0140625
2 0.84453125 0.90859375 0.01796875 0.021875
2 0.865625 0.91171875 0.01796875 0.02109375
2 0.884375 0.9234375 0.01640625 0.025
2 0.90078125 0.9484375 0.01875 0.0265625
0 0.90703125 0.9703125 0.01171875 0.01796875
2 0.92109375 0.98125 0.01796875 0.02578125
3 0.9234375 0.96640625 0.021875 0.0296875
2 0.865625 0.74453125 0.01484375 0.02578125
0 0.871875 0.76328125 0.01015625 0.01953125
2 0.88046875 0.759375 0.01171875 0.02421875
0 0.89453125 0.76875 0.00859375 0.01796875
2 0.90546875 0.77421875 0.015625 0.0296875
2 0.91875 0.8140625 0.01640625 0.0203125
4 0.9359375 0.8734375 0.00859375 0.01171875
2 0.94140625 0.81875 0.015625 0.0296875
2 0.9484375 0.83984375 0.01796875 0.02109375
2 0.95859375 0.85625 0.01640625 0.0203125
2 0.96953125 0.87421875 0.0203125 0.0203125
2 0.9734375 0.89296875 0.0203125 0.0203125
4 0.990625 0.9359375 0.01171875 0.015625
1 0.95078125 0.9390625 0.05078125 0.06328125
0 0.75703125 0.65 0.01171875 0.02109375
6 0.56953125 0.2734375 0.01640625 0.0546875
4 0.57890625 0.23984375 0.00859375 0.0203125
4 0.590625 0.2578125 0.00546875 0.0140625
0 0.603125 0.25390625 0.01171875 0.015625
0 0.60546875 0.28359375 0.0109375 0.01796875
2 0.584375 0.1953125 0.015625 0.03125
2 0.55703125 0.046875 0.01171875 0.03359375
2 0.59609375 0.05390625 0.0203125 0.02890625
1 0.7394573015625 0.3037689421875 0.733771478125 0.27510055312500004 0.6858210406249999 0.311863546875 0.69378119375 0.33884556875 0.7394573015625 0.3037689421875
1 0.8995427078124999 0.15226070625000002 0.8908244562500001 0.130000540625 0.835292896875 0.196781034375 0.8430635359374999 0.21937848437500002 0.8995427078124999 0.15226070625000002
2 0.796875 0.16484375 0.01171875 0.03046875
2 0.809375 0.171875 0.01796875 0.02109375
2 0.8234375 0.13984375 0.01171875 0.03359375
2 0.8296875 0.16875 0.01796875 0.0296875
4 0.809375 0.190625 0.00703125 0.01953125
4 0.84453125 0.1703125 0.01171875 0.01875
2 0.87265625 0.08203125 0.015625 0.0296875
2 0.928125 0.06171875 0.0203125 0.03203125
0 0.93125 0.115625 0.01640625 0.0203125
4 0.8734375 0.190625 0.01171875 0.01640625
4 0.8265625 0.240625 0.0140625 0.01796875
3 0.8328125 0.25703125 0.015625 0.0203125
2 0.74609375 0.35 0.01796875 0.0296875
2 0.73828125 0.33203125 0.01875 0.0265625
2 0.72421875 0.35859375 0.015625 0.0234375
2 0.70859375 0.34921875 0.01640625 0.02421875
2 0.69296875 0.36953125 0.015625 0.0234375
2 0.70703125 0.37265625 0.01796875 0.025
2 0.66015625 0.42265625 0.015625 0.0265625
2 0.6765625 0.3921875 0.01640625 0.0265625
2 0.68671875 0.396875 0.01640625 0.02109375
0 0.671875 0.446875 0.01015625 0.01875
2 0.67421875 0.4203125 0.0140625 0.0203125
2 0.49609375 0.80078125 0.01875 0.02578125
2 0.45703125 0.68203125 0.01484375 0.0453125
2 0.4515625 0.58984375 0.0203125 0.03125
4 0.528125 0.61875 0.00859375 0.01328125
4 0.42109375 0.75546875 0.00859375 0.01640625
2 0.5515625 0.7765625 0.01875 0.0234375
0 0.4921875 0.72578125 0.0140625 0.0203125
1 0.359375 0.70390625 0.0453125 0.03671875
2 0.3421875 0.75390625 0.01640625 0.0234375
0 0.36328125 0.76328125 0.01875 0.02109375
0 0.37578125 0.7890625 0.01484375 0.01640625
0 0.396875 0.77734375 0.01484375 0.015625
2 0.30625 0.78203125 0.021875 0.0265625
0 0.315625 0.8046875 0.01171875 0.0203125
0 0.33828125 0.796875 0.0140625 0.01875
2 0.3234375 0.8234375 0.01875 0.02421875
4 0.315625 0.959375 0.00546875 0.01640625
2 0.328125 0.946875 0.01796875 0.021875
4 0.3515625 0.9375 0.009375 0.01484375
2 0.371875 0.95390625 0.015625 0.02578125
4 0.4078125 0.87578125 0.01015625 0.0140625
0 0.428125 0.85703125 0.01171875 0.01796875
3 0.44453125 0.86171875 0.01875 0.0265625