2 0.08046875 0.7390625 0.02109375 0.0203125
2 0.16953125 0.70859375 0.0203125 0.01875
0 0.07578125 0.76484375 0.01640625 0.0140625
0 0.0984375 0.746875 0.01328125 0.01171875
0 0.071875 0.65859375 0.015625 0.01484375
0 0.02578125 0.678125 0.01328125 0.015625
0 0.25390625 0.73828125 0.015625 0.01484375
4 0.28671875 0.5890625 0.0140625 0.01484375
4 0.25546875 0.65546875 0.0140625 0.01484375
4 0.29921875 0.51796875 0.01171875 0.01171875
0 0.43046875 0.3359375 0.015625 0.0140625
0 0.29375 0.6734375 0.01484375 0.01328125
4 0.30703125 0.56015625 0.0109375 0.0203125
2 0.36796875 0.5640625 0.01640625 0.0203125
0 0.43984375 0.35625 0.01171875 0.01953125
0 0.5765625 0.496875 0.01328125 0.01875
0 0.57890625 0.4703125 0.01328125 0.01953125
0 0.5421875 0.440625 0.01328125 0.01640625
0 0.5359375 0.640625 0.01171875 0.015625
4 0.56875 0.61953125 0.01484375 0.0234375
0 0.63046875 0.31875 0.01171875 0.0140625
0 0.6359375 0.253125 0.009375 0.02109375
2 0.653125 0.234375 0.01484375 0.01796875
0 0.64453125 0.28984375 0.0109375 0.01484375
0 0.71171875 0.3609375 0.0140625 0.0265625
3 0.7421875 0.06796875 0.0109375 0.02109375
0 0.71171875 0.1109375 0.0140625 0.01484375
4 0.7765625 0.2296875 0.009375 0.02421875
0 0.915625 0.03125 0.0140625 0.0296875
2 0.7134300812500001 0.617598221875 0.69771769375 0.599944240625 0.6949013078124999 0.6096934515625 0.708712228125 0.6280483171875 0.7134300812500001 0.617598221875
2 0.28553075156249996 0.6708036515625 0.28395445625 0.65851796875 0.26225014999999996 0.6669239640625 0.26395124375 0.680531628125 0.28553075156249996 0.6708036515625
2 0.0181260296875 0.7549761828125 0.0024843796875 0.75971801875 0.0036969109375000002 0.7717881578125 0.0194598171875 0.767046321875 0.0181260296875 0.7549761828125
4 0.103125 0.69296875 0.0140625 0.01015625
4 0.428125 0.58515625 0.009375 0.009375
4 0.30859375 0.6515625 0.0109375 0.01171875
4 0.36953125 0.53515625 0.009375 0.01171875
0 0.25078125 0.5875 0.01171875 0.01328125
4 0.22421875 0.63828125 0.01171875 0.009375
4 0.4890625 0.60625 0.0109375 0.01484375
4 0.446875 0.49453125 0.01015625 0.01484375
4 0.440625 0.47421875 0.01015625 0.0140625
0 0.4140625 0.3859375 0.01171875 0.01328125
0 0.471875 0.34453125 0.01484375 0.01484375
4 0.39765625 0.478125 0.01171875 0.01484375
4 0.43359375 0.37890625 0.01015625 0.01796875
4 0.3125 0.284375 0.00859375 0.01484375
4 0.265625 0.265625 0.01171875 0.01171875
0 0.22890625 0.22421875 0.0109375 0.01796875
0 0.29296875 0.4859375 0.01171875 0.0140625
0 0.1546875 0.353125 0.0109375 0.015625
4 0.15546875 0.31640625 0.0109375 0.0140625
2 0.1984375 0.390625 0.01953125 0.0296875
2 0.303125 0.45078125 0.02109375 0.0203125
4 0.5890625 0.51640625 0.01171875 0.01640625
4 0.61875 0.6359375 0.01015625 0.01875
4 0.5859375 0.64375 0.0140625 0.01328125
4 0.596875 0.5 0.0109375 0.01640625
4 0.55078125 0.62734375 0.0109375 0.015625
4 0.5921875 0.47734375 0.01171875 0.01328125
4 0.5890625 0.48671875 0.01328125 0.01171875
2 0.590625 0.709375 0.01875 0.028125
0 0.60390625 0.4765625 0.01015625 0.015625
4 0.634375 0.378125 0.009375 0.01171875
4 0.70078125 0.67109375 0.01015625 0.01875
4 0.853125 0.7984375 0.01171875 0.01953125
2 0.684375 0.5921875 0.01796875 0.0234375
4 0.7162404171875 0.814919821875 0.7193604578125 0.8086804078125001 0.7118579953124999 0.8001986531249999 0.708830325 0.8066006 0.7162404171875 0.814919821875
0 0.8265625 0.73828125 0.01796875 0.0265625
4 0.85390625 0.9359375 0.01015625 0.0203125
4 0.91328125 0.84375 0.009375 0.0140625
4 0.92578125 0.86640625 0.01171875 0.0140625
4 0.8390625 0.9375 0.0109375 0.01796875
4 0.8359375 0.76328125 0.01171875 0.01875
4 0.94453125 0.9140625 0.00859375 0.01875
0 0.790625 0.740625 0.01640625 0.025
4 0.8890625 0.96171875 0.01171875 0.01328125
2 0.70625 0.78203125 0.0203125 0.02578125
0 0.6796875 0.5015625 0.01015625 0.021875
0 0.665625 0.50546875 0.009375 0.01953125
0 0.7359375 0.47109375 0.00859375 0.01875
4 0.68515625 0.42109375 0.00703125 0.015625
4 0.8140625 0.178125 0.0109375 0.01171875
0 0.734375 0.66875 0.01015625 0.0203125
4 0.49453125 0.41640625 0.01171875 0.0109375
0 0.67578125 0.46171875 0.0109375 0.02421875
1 0.6407339375000001 0.693769534375 0.644779440625 0.6773323484375 0.60675245625 0.64827654375 0.6025904125 0.66551809375 0.6407339375000001 0.693769534375
2 0.25703125 0.38203125 0.01953125 0.02421875
0 0.36171875 0.64765625 0.01640625 0.01953125
0 0.50625 0.6359375 0.009375 0.02421875
0 0.484375 0.43046875 0.0109375 0.02421875
4 0.4015625 0.61328125 0.01015625 0.0203125
0 0.5 0.659375 0.01484375 0.01796875
4 0.41796875 0.490625 0.0109375 0.02109375
4 0.46875 0.6421875 0.009375 0.01484375
4 0.534375 0.62734375 0.01015625 0.0109375
4 0.534375 0.471875 0.00859375 0.0203125
4 0.5609375 0.47734375 0.00703125 0.01640625
4 0.565625 0.46796875 0.00703125 0.01796875
4 0.56953125 0.428125 0.009375 0.01015625
4 0.5265625 0.40078125 0.0109375 0.0109375
3 0.52421875 0.43828125 0.0140625 0.021875
2 0.58024611875 0.518016771875 0.5681095625 0.5026068953125 0.5646419609375 0.5159621328124999 0.5747923 0.5313217234375001 0.58024611875 0.518016771875
4 0.76640625 0.86328125 0.01171875 0.01328125
3 0.6765625 0.8046875 0.0140625 0.01953125
0 0.6296875 0.75546875 0.015625 0.0140625
4 0.64296875 0.571875 0.01015625 0.015625
4 0.58046875 0.66328125 0.01171875 0.01171875
4 0.5671875 0.721875 0.01171875 0.01328125
4 0.5390625 0.66953125 0.01328125 0.015625
4 0.56328125 0.70234375 0.01015625 0.01484375
4 0.515625 0.6640625 0.01171875 0.01171875
4 0.60703125 0.571875 0.00859375 0.0140625
4 0.63984375 0.54375 0.00859375 0.015625
4 0.746875 0.684375 0.01328125 0.01171875
4 0.3953125 0.53828125 0.00703125 0.01328125
4 0.3640625 0.59921875 0.00859375 0.01484375
0 0.3890625 0.50546875 0.01875 0.02421875
2 0.33125 0.45078125 0.01875 0.02421875
3 0.221875 0.35 0.0140625 0.0203125
2 0.134375 0.33203125 0.02109375 0.0234375
2 0.27578125 0.52421875 0.025 0.01640625
0 0.21953125 0.55 0.0109375 0.0203125
0 0.36640625 0.62734375 0.0140625 0.02109375
4 0.3484375 0.6171875 0.01171875 0.015625
3 0.421875 0.51796875 0.01640625 0.01796875
4 0.38203125 0.484375 0.0109375 0.01875
2 0.44140625 0.65078125 0.0203125 0.01953125
4 0.440625 0.62109375 0.00859375 0.015625
4 0.4140625 0.5625 0.009375 0.0109375
0 0.534375 0.353125 0.00859375 0.01796875
0 0.56875 0.34765625 0.015625 0.0109375
0 0.546875 0.3890625 0.0109375 0.015625
4 0.48671875 0.40390625 0.01171875 0.0109375
4 0.5203125 0.36796875 0.01015625 0.01484375
3 0.565565453125 0.650486246875 0.54267908125 0.6363033234375 0.5401594859375 0.6475003609375001 0.5633816796875 0.6664982828125 0.565565453125 0.650486246875
2 0.5806041359375 0.6440281859375 0.56611643125 0.6264861734375 0.5610772265625 0.6376832109375 0.573045321875 0.6548520078125 0.5806041359375 0.6440281859375
2 0.6477278578125001 0.4845411640625 0.64833489375 0.4730936578125 0.6264814421875 0.461083153125 0.6274166921875 0.48287713125 0.6477278578125001 0.4845411640625
3 0.4515814265625 0.5952760171875 0.44841425937499996 0.6129164312500001 0.47459616406249994 0.6249269515625 0.4781105171875 0.6087602765625 0.4515814265625 0.5952760171875
0 0.51015625 0.41015625 0.01328125 0.021875
0 0.6203125 0.43828125 0.01328125 0.021875
2 0.58828125 0.3796875 0.01484375 0.0390625
4 0.58515625 0.34375 0.01171875 0.01015625
4 0.57421875 0.36953125 0.01015625 0.015625
6 0.6893573281250001 0.7701484234375 0.6648675578125001 0.7493714312499999 0.660414878125 0.765201521875 0.68462635 0.7886993062500001 0.6893573281250001 0.7701484234375
4 0.7984375 0.8640625 0.01328125 0.0203125
6 0.54921875 0.4875 0.0203125 0.0296875
1 0.54140625 0.60078125 0.0515625 0.06015625
1 0.59609375 0.5421875 0.04453125 0.08125
2 0.52109375 0.4765625 0.01796875 0.0265625
2 0.51953125 0.44921875 0.02109375 0.03359375
2 0.54609375 0.46015625 0.01640625 0.025
3 0.60625 0.31171875 0.02890625 0.03984375
0 0.53515625 0.33046875 0.01796875 0.02109375