0 0.03515625 0.703125 0.02578125 0.02421875
0 0.18203125 0.69375 0.02109375 0.021875
0 0.25703125 0.8890625 0.01953125 0.021875
3 0.06953125 0.84453125 0.03515625 0.034375
3 0.5515625 0.88125 0.03125 0.03515625
6 0.1859375 0.77109375 0.03984375 0.034375
4 0.0515625 0.7703125 0.01640625 0.01953125
4 0.17421875 0.884375 0.02109375 0.02578125
4 0.428125 0.765625 0.01796875 0.02421875
2 0.40859375 0.8796875 0.0265625 0.03671875
4 0.5375 0.640625 0.00859375 0.034375
2 0.48046875 0.79140625 0.025 0.028125
2 0.29375 0.846875 0.03203125 0.034375
4 0.59453125 0.75703125 0.01953125 0.0234375
4 0.67109375 0.7765625 0.01796875 0.0203125
4 0.73828125 0.76640625 0.01875 0.02578125
4 0.8234375 0.75546875 0.01484375 0.01875
4 0.81953125 0.77890625 0.01796875 0.01328125
4 0.80859375 0.85078125 0.01328125 0.02109375
4 0.7953125 0.85859375 0.01484375 0.01796875
4 0.9390625 0.78984375 0.01484375 0.01796875
4 0.88671875 0.87421875 0.01484375 0.01796875
4 0.91171875 0.89375 0.01640625 0.021875
4 0.96328125 0.89609375 0.01484375 0.01953125
4 0.97578125 0.88515625 0.021875 0.01796875
3 0.63125 0.6765625 0.03359375 0.0203125
0 0.71015625 0.6796875 0.021875 0.02109375
0 0.665625 0.65546875 0.0203125 0.01953125
0 0.98515625 0.784375 0.02109375 0.0203125
6 0.9546875 0.865625 0.05390625 0.034375
3 0.521875 0.04375 0.01484375 0.0453125
4 0.48671875 0.18359375 0.01015625 0.03046875
4 0.5171875 0.08984375 0.0109375 0.0296875
4 0.51015625 0.32890625 0.00859375 0.03359375
4 0.5296875 0.3546875 0.01015625 0.02109375
4 0.5234375 0.38125 0.01171875 0.0296875
0 0.5265625 0.509375 0.01484375 0.03671875
4 0.51796875 0.5265625 0.01015625 0.02421875