3 0.39296875 0.496875 0.021875 0.040625
2 0.3734375 0.3984375 0.0265625 0.0390625
2 0.45703125 0.3984375 0.02578125 0.03984375
2 0.53515625 0.37578125 0.01484375 0.03984375
2 0.59296875 0.309375 0.02578125 0.034375
2 0.37578125 0.559375 0.02421875 0.04140625
0 0.33046875 0.68203125 0.01484375 0.0359375
0 0.37109375 0.73828125 0.01171875 0.02890625
0 0.528125 0.64921875 0.01796875 0.028125
0 0.665625 0.81171875 0.0140625 0.03359375
6 0.759375 0.91640625 0.046875 0.06640625
2 0.6921875 0.2015625 0.028125 0.03359375
2 0.59453125 0.21875 0.021875 0.034375
3 0.28203125 0.2453125 0.025 0.04921875
2 0.2296875 0.0390625 0.02109375 0.04296875
2 0.18671875 0.13515625 0.02109375 0.03359375
4 0.19609375 0.171875 0.01171875 0.0140625
4 0.1953125 0.1578125 0.01328125 0.01015625
3 0.18828125 0.21796875 0.02578125 0.040625
3 0.25078125 0.24296875 0.01875 0.03359375
3 0.25390625 0.80859375 0.01875 0.0390625
2 0.29453125 0.94453125 0.01640625 0.03046875
2 0.21328125 0.946875 0.01484375 0.040625
0 0.9640625 0.14140625 0.01875 0.0296875
0 0.55390625 0.3046875 0.01875 0.0265625
0 0.53046875 0.51171875 0.0203125 0.04140625
2 0.5140625 0.27890625 0.02421875 0.0359375
2 0.54921875 0.24921875 0.028125 0.03671875
4 0.43828125 0.3625 0.009375 0.0234375
4 0.425 0.36328125 0.009375 0.02109375
4 0.51484375 0.3234375 0.01171875 0.01796875
4 0.4984375 0.321875 0.01484375 0.025
4 0.5140625 0.39375 0.01171875 0.01953125
4 0.5390625 0.4046875 0.0140625 0.01953125
4 0.42578125 0.4515625 0.009375 0.021875
4 0.509375 0.44921875 0.01171875 0.01640625
0 0.6015625 0.51328125 0.01171875 0.0296875
4 0.578125 0.59140625 0.01171875 0.01875
4 0.509375 0.540625 0.009375 0.01640625
4 0.48828125 0.5578125 0.0140625 0.01484375
4 0.4796875 0.5359375 0.015625 0.01953125
4 0.4640625 0.5890625 0.009375 0.0203125
4 0.56953125 0.61875 0.01015625 0.0140625
4 0.58828125 0.61875 0.01328125 0.015625
4 0.346875 0.77265625 0.01171875 0.0265625
4 0.35 0.7875 0.015625 0.01953125
4 0.334375 0.8359375 0.0109375 0.02421875
4 0.31640625 0.8515625 0.00859375 0.01796875
4 0.31171875 0.734375 0.01171875 0.021875
4 0.24375 0.91953125 0.01484375 0.021875
4 0.2421875 0.95390625 0.01171875 0.021875
4 0.284375 0.9859375 0.01015625 0.021875
4 0.31328125 0.95 0.0109375 0.0234375
4 0.31875 0.9140625 0.01484375 0.02578125
4 0.72890625 0.1484375 0.0140625 0.021875
4 0.70859375 0.17421875 0.01015625 0.015625
4 0.81484375 0.11640625 0.01640625 0.01875
2 0.86328125 0.28203125 0.02578125 0.03359375
2 0.84375 0.384375 0.0234375 0.04140625
3 0.8640625 0.33125 0.03203125 0.05859375
3 0.834375 0.30546875 0.03125 0.04140625
3 0.809375 0.32890625 0.021875 0.03046875
3 0.82265625 0.4453125 0.0296875 0.06796875
3 0.728125 0.67421875 0.01875 0.034375
3 0.70625 0.63203125 0.0203125 0.0390625
3 0.69296875 0.6109375 0.0203125 0.03359375
3 0.61796875 0.4921875 0.01796875 0.02421875
3 0.67109375 0.578125 0.015625 0.025
4 0.63828125 0.76328125 0.01328125 0.015625
4 0.6828125 0.7 0.01171875 0.01796875
4 0.571875 0.70546875 0.01171875 0.0203125
4 0.5734375 0.68359375 0.01171875 0.021875
4 0.64296875 0.6890625 0.01171875 0.01171875
4 0.61171875 0.7328125 0.0140625 0.01640625
4 0.69453125 0.85859375 0.01171875 0.02109375
4 0.8 0.88046875 0.01171875 0.02109375
4 0.79765625 0.96171875 0.01171875 0.01953125
4 0.84140625 0.93203125 0.01328125 0.01875
4 0.765625 0.95703125 0.0109375 0.01953125
4 0.75703125 0.9921875 0.01015625 0.015625
4 0.721875 0.9328125 0.00859375 0.0140625
2 0.72578125 0.96015625 0.02578125 0.02421875
4 0.50859375 0.66796875 0.01015625 0.01640625
4 0.28828125 0.7828125 0.0109375 0.0203125
4 0.2890625 0.70625 0.009375 0.02109375
4 0.290625 0.80078125 0.00859375 0.021875
4 0.36171875 0.72265625 0.01015625 0.0234375
4 0.37421875 0.62421875 0.01171875 0.01875
4 0.378125 0.59921875 0.01328125 0.0203125
4 0.36796875 0.52109375 0.01015625 0.015625
4 0.42109375 0.515625 0.01171875 0.01953125
4 0.40703125 0.51484375 0.009375 0.021875
4 0.33671875 0.40078125 0.009375 0.021875
4 0.3375 0.4421875 0.00859375 0.0265625
4 0.33828125 0.4875 0.0109375 0.02109375
4 0.39921875 0.31875 0.01171875 0.0140625
4 0.29453125 0.14296875 0.0109375 0.0203125
4 0.3265625 0.1984375 0.01171875 0.0203125
4 0.3515625 0.228125 0.0140625 0.015625
4 0.39453125 0.29765625 0.01171875 0.01953125
4 0.43203125 0.3421875 0.01171875 0.01484375
4 0.4421875 0.328125 0.01171875 0.0140625
4 0.42421875 0.32578125 0.01328125 0.01328125
4 0.56953125 0.4671875 0.009375 0.02109375
4 0.55625 0.3515625 0.0109375 0.01640625
4 0.62421875 0.396875 0.0140625 0.01640625
4 0.61484375 0.4453125 0.0109375 0.0234375
4 0.6265625 0.4640625 0.0140625 0.01796875
4 0.64453125 0.4609375 0.0140625 0.0109375
4 0.63984375 0.36953125 0.0140625 0.01796875
4 0.63984375 0.35234375 0.01171875 0.01796875
4 0.62421875 0.26015625 0.01171875 0.015625
4 0.5765625 0.26796875 0.0140625 0.015625
4 0.53828125 0.27265625 0.00859375 0.01640625
4 0.646875 0.2375 0.01015625 0.0140625
4 0.64765625 0.21796875 0.01484375 0.01875
4 0.665625 0.22890625 0.0109375 0.01640625
2 0.65625 0.15234375 0.02421875 0.0296875
2 0.61953125 0.16015625 0.01171875 0.04609375
3 0.73203125 0.390625 0.02890625 0.03515625
3 0.66875 0.434375 0.028125 0.0390625
3 0.209375 0.259375 0.0203125 0.04296875
3 0.23125 0.29453125 0.0265625 0.04609375
6 0.18828125 0.26171875 0.0265625 0.05078125
4 0.3078125 0.61875 0.01171875 0.02109375
4 0.309375 0.58203125 0.00625 0.02109375
4 0.24765625 0.85546875 0.009375 0.015625
4 0.2484375 0.8390625 0.01015625 0.01484375
4 0.46640625 0.675 0.0140625 0.01484375
4 0.4234375 0.69453125 0.01015625 0.01875
4 0.38359375 0.740625 0.01015625 0.01875
4 0.36875 0.76171875 0.01171875 0.015625
4 0.78125 0.675 0.01171875 0.025
2 0.75703125 0.6296875 0.0203125 0.04375
3 0.69921875 0.415625 0.03203125 0.04140625
3 0.51953125 0.221875 0.0234375 0.0296875
6 0.07109375 0.0421875 0.03515625 0.06015625
4 0.1734375 0.1234375 0.0109375 0.01875
4 0.11328125 0.13203125 0.01015625 0.0234375
4 0.17265625 0.06640625 0.009375 0.015625
4 0.14453125 0.196875 0.00625 0.01875
4 0.140625 0.1890625 0.00703125 0.01875
4 0.2328125 0.2515625 0.00859375 0.0109375
4 0.2390625 0.2484375 0.00625 0.01796875
4 0.22421875 0.24296875 0.01015625 0.0109375
4 0.3015625 0.44140625 0.009375 0.01875
4 0.29765625 0.61171875 0.00703125 0.01875
4 0.28359375 0.65625 0.009375 0.021875
4 0.28671875 0.634375 0.01171875 0.015625
3 0.2796875 0.68515625 0.0140625 0.03125
4 0.24765625 0.77421875 0.01015625 0.015625
4 0.23046875 0.834375 0.01171875 0.00859375
4 0.22734375 0.84765625 0.01328125 0.01015625
4 0.23828125 0.8046875 0.01015625 0.01171875
4 0.23515625 0.81328125 0.01015625 0.0109375
4 0.3421875 0.85390625 0.00703125 0.0234375
2 0.33125 0.92265625 0.01640625 0.03984375
4 0.31953125 0.9578125 0.00859375 0.01953125
3 0.51953125 0.70859375 0.02421875 0.0359375
3 0.63046875 0.50546875 0.01796875 0.03203125
3 0.66640625 0.5640625 0.01875 0.03125
3 0.715625 0.64609375 0.02421875 0.03984375
3 0.6828125 0.5859375 0.0203125 0.03984375
4 0.775 0.74140625 0.01171875 0.0109375
4 0.77890625 0.73203125 0.009375 0.00859375
4 0.78359375 0.721875 0.01015625 0.009375
4 0.7890625 0.7046875 0.009375 0.009375
4 0.79453125 0.6890625 0.01015625 0.01015625
4 0.79921875 0.67890625 0.01015625 0.01484375
4 0.8015625 0.665625 0.009375 0.01328125
4 0.80859375 0.64765625 0.009375 0.01640625
4 0.81640625 0.63203125 0.009375 0.01328125
4 0.8265625 0.59765625 0.01015625 0.01328125
4 0.7734375 0.7515625 0.0140625 0.0109375
4 0.78828125 0.53984375 0.01171875 0.0140625
4 0.784375 0.55078125 0.0109375 0.0109375
4 0.77734375 0.56171875 0.01015625 0.01015625
4 0.77578125 0.56875 0.009375 0.0109375
4 0.79375 0.51640625 0.0109375 0.01328125
4 0.79140625 0.52578125 0.0109375 0.00625
4 0.81015625 0.4796875 0.009375 0.01328125
3 0.8046875 0.5015625 0.0140625 0.028125
4 0.86484375 0.48359375 0.0109375 0.0140625
4 0.865625 0.4671875 0.009375 0.01796875
4 0.88828125 0.409375 0.01171875 0.0140625
4 0.90234375 0.3890625 0.01328125 0.01953125
4 0.89140625 0.42109375 0.01015625 0.0109375
4 0.88828125 0.42734375 0.01171875 0.01171875
4 0.971875 0.2578125 0.01328125 0.01953125
4 0.7234375 0.090625 0.0046875 0.0203125
4 0.76015625 0.0421875 0.00625 0.02109375
4 0.76796875 0.03203125 0.00859375 0.01953125
4 0.77421875 0.02578125 0.00703125 0.02109375
4 0.78046875 0.02109375 0.0046875 0.01796875
4 0.6859375 0.10625 0.00546875 0.01640625
4 0.68125 0.1078125 0.00546875 0.01796875
4 0.6765625 0.11171875 0.00546875 0.01875
4 0.67578125 0.1296875 0.01015625 0.0140625
4 0.66796875 0.11875 0.00703125 0.0203125
4 0.66328125 0.1234375 0.00546875 0.01796875
4 0.6515625 0.12734375 0.00546875 0.01953125
4 0.6453125 0.12890625 0.0046875 0.021875
4 0.63828125 0.13359375 0.00546875 0.015625
4 0.63828125 0.15 0.00703125 0.01875
4 0.628125 0.1421875 0.00546875 0.0203125
4 0.60625 0.13203125 0.00859375 0.0203125
4 0.63203125 0.165625 0.00703125 0.01953125
4 0.60703125 0.159375 0.00546875 0.01796875
4 0.60078125 0.1765625 0.00625 0.01796875
4 0.58671875 0.2 0.00703125 0.01953125
4 0.55078125 0.18828125 0.00546875 0.01875
4 0.546875 0.19296875 0.00703125 0.0234375
4 0.56640625 0.20078125 0.00625 0.01796875
4 0.56015625 0.203125 0.00546875 0.01875
4 0.57578125 0.190625 0.00546875 0.0203125
4 0.58046875 0.18671875 0.00625 0.01796875
4 0.58671875 0.1734375 0.00625 0.0203125
4 0.59296875 0.17890625 0.00625 0.01796875
4 0.4703125 0.284375 0.009375 0.01875
4 0.50390625 0.2625 0.00703125 0.01796875
4 0.496875 0.2765625 0.0046875 0.021875
4 0.38046875 0.12265625 0.00859375 0.01875
4 0.36796875 0.08359375 0.00859375 0.01484375
4 0.37578125 0.10703125 0.009375 0.015625
4 0.3578125 0.06796875 0.00859375 0.01640625
4 0.34921875 0.05703125 0.01171875 0.021875
4 0.3390625 0.04609375 0.009375 0.01796875
4 0.33828125 0.0203125 0.009375 0.01484375
4 0.32578125 0.06640625 0.00859375 0.01796875
4 0.33984375 0.078125 0.00859375 0.01484375
4 0.33125 0.07265625 0.00546875 0.01953125
4 0.32109375 0.078125 0.01015625 0.01015625
4 0.315625 0.10625 0.00546875 0.01640625
4 0.3078125 0.0859375 0.00703125 0.01484375
4 0.3359375 0.1125 0.00703125 0.015625
4 0.346875 0.1015625 0.00859375 0.0140625
4 0.3484375 0.1109375 0.00625 0.01484375
4 0.36015625 0.1015625 0.00625 0.0140625
4 0.35546875 0.09453125 0.00703125 0.015625
4 0.3640625 0.1234375 0.00703125 0.01640625
4 0.36875 0.1359375 0.00546875 0.01953125
4 0.37421875 0.146875 0.0046875 0.0203125
4 0.35703125 0.121875 0.00703125 0.01328125
4 0.34375 0.1296875 0.00625 0.01484375
4 0.3359375 0.13359375 0.00625 0.01484375
4 0.34453125 0.146875 0.009375 0.02109375
4 0.3203125 0.10703125 0.00703125 0.01640625
2 0.30546875 0.11796875 0.01796875 0.03515625
2 0.39921875 0.14765625 0.0203125 0.03359375
4 0.3875 0.196875 0.01015625 0.01953125
4 0.37890625 0.2109375 0.009375 0.01484375
4 0.3984375 0.24140625 0.00859375 0.01796875
4 0.41171875 0.27578125 0.00625 0.01640625
4 0.40625 0.2625 0.009375 0.01328125
4 0.415625 0.284375 0.00703125 0.015625