0 0.784375 0.984375 0.01328125 0.02578125
4 0.76171875 0.97890625 0.00703125 0.015625
2 0.721875 0.85703125 0.0234375 0.02421875
4 0.75546875 0.9140625 0.00703125 0.0109375
4 0.746875 0.9 0.009375 0.01484375
4 0.684375 0.77421875 0.00625 0.01640625
0 0.58359375 0.69375 0.01171875 0.021875
4 0.55546875 0.646875 0.00703125 0.0140625
4 0.5453125 0.646875 0.00703125 0.01640625
4 0.5421875 0.665625 0.00859375 0.015625
2 0.6203125 0.9421875 0.021875 0.028125
2 0.86953125 0.18125 0.01796875 0.03203125
2 0.92421875 0.30703125 0.01640625 0.03828125
6 0.8296875 0.1265625 0.02578125 0.03984375
2 0.80546875 0.05234375 0.0203125 0.034375
2 0.703125 0.01328125 0.021875 0.0265625
2 0.721875 0.02109375 0.01953125 0.03203125
0 0.678125 0.0734375 0.0140625 0.025
0 0.66328125 0.08359375 0.01171875 0.025
2 0.73671875 0.09453125 0.0203125 0.0359375
2 0.68125 0.19453125 0.01796875 0.03125
2 0.6234375 0.209375 0.021875 0.0296875
2 0.58203125 0.215625 0.0203125 0.025
0 0.7921875 0.08203125 0.01328125 0.02421875
0 0.78828125 0.12890625 0.0140625 0.02421875
0 0.78203125 0.15390625 0.0140625 0.02109375
0 0.7765625 0.12734375 0.01171875 0.02109375
0 0.74921875 0.1515625 0.0140625 0.01875
0 0.759375 0.1671875 0.0140625 0.01953125
2 0.7703125 0.096875 0.02109375 0.03203125
2 0.79140625 0.10390625 0.01796875 0.0296875
3 0.7546875 0.125 0.015625 0.021875
2 0.7671875 0.190625 0.01640625 0.03125
2 0.73125 0.159375 0.01796875 0.03046875
2 0.740625 0.18125 0.01875 0.03203125
2 0.73671875 0.21640625 0.0203125 0.03125
2 0.715625 0.18828125 0.01640625 0.03125
3 0.70546875 0.21640625 0.01640625 0.028125
0 0.72109375 0.234375 0.01171875 0.02421875
3 0.73671875 0.23828125 0.0140625 0.02421875
2 0.68359375 0.24140625 0.01953125 0.03203125
2 0.66328125 0.2734375 0.01796875 0.03046875
2 0.64921875 0.30234375 0.01875 0.03203125
2 0.63203125 0.334375 0.01796875 0.03203125
2 0.6015625 0.3296875 0.0203125 0.0296875
0 0.63359375 0.3625 0.0109375 0.02109375
3 0.634375 0.38828125 0.01796875 0.034375
1 0.6984375 0.28984375 0.05078125 0.08359375
2 0.65078125 0.3359375 0.01796875 0.03046875
2 0.61015625 0.38671875 0.01796875 0.03203125
2 0.61015625 0.41796875 0.01953125 0.03203125
4 0.55625 0.3578125 0.00859375 0.0140625
4 0.56796875 0.3640625 0.00859375 0.0109375
4 0.54453125 0.39140625 0.009375 0.01171875
4 0.55625 0.39296875 0.01015625 0.01171875
4 0.52109375 0.40859375 0.009375 0.0109375
4 0.515625 0.434375 0.0109375 0.01015625
4 0.59921875 0.440625 0.01015625 0.01328125
4 0.60390625 0.49609375 0.00703125 0.0109375
4 0.6046875 0.50859375 0.00859375 0.0109375
4 0.61484375 0.49296875 0.0109375 0.009375
4 0.621875 0.51640625 0.0109375 0.009375
4 0.62109375 0.525 0.009375 0.009375
4 0.634375 0.453125 0.009375 0.01171875
4 0.6203125 0.446875 0.00859375 0.01015625
4 0.61953125 0.459375 0.009375 0.0109375
4 0.61640625 0.47109375 0.00703125 0.01171875
4 0.6265625 0.434375 0.00859375 0.0109375
4 0.6234375 0.41796875 0.00703125 0.01640625
4 0.6359375 0.41875 0.0046875 0.01328125
4 0.64453125 0.36484375 0.00703125 0.01171875
4 0.62421875 0.3671875 0.00703125 0.01328125
4 0.64765625 0.3734375 0.00546875 0.01171875
4 0.659375 0.4890625 0.00703125 0.01875
4 0.65546875 0.51796875 0.00546875 0.01484375
4 0.6453125 0.471875 0.0046875 0.0203125
4 0.64296875 0.44375 0.00546875 0.0109375
4 0.61015625 0.46171875 0.00859375 0.0109375
3 0.6359375 0.49765625 0.01171875 0.034375
4 0.628125 0.56328125 0.00859375 0.01171875
4 0.61796875 0.559375 0.009375 0.01015625
4 0.7609375 0.0359375 0.00703125 0.01484375
4 0.74296875 0.03671875 0.01015625 0.0140625
4 0.7046875 0.04140625 0.00859375 0.01328125
4 0.70390625 0.12578125 0.00859375 0.0140625
4 0.70859375 0.13359375 0.009375 0.01640625
4 0.6921875 0.14375 0.00625 0.0140625
4 0.6640625 0.18203125 0.00859375 0.015625
4 0.66640625 0.19921875 0.00703125 0.01640625
4 0.6421875 0.2234375 0.00703125 0.01640625
4 0.64609375 0.2375 0.00859375 0.01484375
4 0.7515625 0.23671875 0.00859375 0.0140625
4 0.75078125 0.2078125 0.00703125 0.01171875
4 0.76875 0.20859375 0.00859375 0.0140625
4 0.7625 0.14921875 0.00859375 0.01328125
4 0.79140625 0.1671875 0.00859375 0.01640625
4 0.76796875 0.11796875 0.00859375 0.009375
4 0.66640625 0.32890625 0.009375 0.009375
4 0.6640625 0.34296875 0.00703125 0.01328125
4 0.6546875 0.35546875 0.00625 0.0109375
4 0.7125 0.359375 0.0046875 0.015625
2 0.98671875 0.40859375 0.01640625 0.03515625
2 0.971875 0.37421875 0.015625 0.03515625
2 0.234375 0.51875 0.01796875 0.0390625
0 0.334375 0.52109375 0.01640625 0.0234375
0 0.2265625 0.690625 0.0140625 0.0234375
2 0.19453125 0.68046875 0.01875 0.04296875
2 0.16640625 0.73046875 0.0203125 0.0359375
2 0.18203125 0.7890625 0.01796875 0.03828125
2 0.13984375 0.9609375 0.01875 0.03359375
2 0.14296875 0.984375 0.01875 0.03125
2 0.16484375 0.96171875 0.0203125 0.034375
3 0.178125 0.93046875 0.0203125 0.03359375
2 0.1859375 0.8859375 0.021875 0.03515625
4 0.12421875 0.99140625 0.009375 0.015625
2 0.2265625 0.81328125 0.02421875 0.03828125
2 0.23828125 0.82734375 0.01796875 0.0296875
2 0.26328125 0.76015625 0.0203125 0.03046875
2 0.265625 0.79375 0.01796875 0.0296875
2 0.28359375 0.72421875 0.01640625 0.028125
3 0.29296875 0.7515625 0.0203125 0.03671875
2 0.30625 0.6828125 0.02109375 0.03671875
2 0.31640625 0.7140625 0.02109375 0.03359375
4 0.3265625 0.66953125 0.00859375 0.0140625
2 0.33828125 0.6734375 0.01875 0.03125
3 0.334375 0.63828125 0.02109375 0.03203125
2 0.35859375 0.646875 0.0203125 0.03359375
2 0.36796875 0.58203125 0.02109375 0.03203125
6 0.3890625 0.6 0.025 0.040625
4 0.35703125 0.60859375 0.009375 0.01328125
4 0.35703125 0.628125 0.009375 0.0140625
4 0.3671875 0.60546875 0.00703125 0.01328125
4 0.3734375 0.60703125 0.00859375 0.0109375
4 0.37109375 0.61953125 0.00859375 0.01015625
4 0.39140625 0.55859375 0.00859375 0.0109375
4 0.46328125 0.48125 0.009375 0.0109375
4 0.4796875 0.54375 0.0109375 0.01171875
4 0.41640625 0.509375 0.00625 0.015625
2 0.40703125 0.49296875 0.01328125 0.0359375
4 0.403125 0.41796875 0.00703125 0.01875
4 0.39296875 0.365625 0.00625 0.01484375
2 0.371875 0.27265625 0.015625 0.03671875
2 0.3390625 0.0421875 0.01875 0.03671875
2 0.3296875 0.08671875 0.01640625 0.03203125
2 0.3484375 0.121875 0.01875 0.0359375
2 0.36875 0.13125 0.0203125 0.0390625
2 0.371875 0.10546875 0.01640625 0.03515625
2 0.36953125 0.16640625 0.01796875 0.03359375
2 0.38828125 0.17578125 0.01875 0.0390625
2 0.39140625 0.21015625 0.01640625 0.03515625
2 0.40703125 0.17578125 0.01484375 0.03125
0 0.421875 0.1765625 0.01171875 0.0234375
6 0.42578125 0.21484375 0.028125 0.05625
2 0.4265625 0.28515625 0.02109375 0.03671875
4 0.40625 0.1984375 0.00703125 0.0140625
4 0.40703125 0.221875 0.00546875 0.015625
4 0.42890625 0.26328125 0.00703125 0.015625
4 0.4359375 0.27890625 0.00859375 0.01796875
0 0.4453125 0.265625 0.01171875 0.021875
0 0.45390625 0.25390625 0.01171875 0.02109375
2 0.6953125 0.6609375 0.01953125 0.03515625
2 0.70625 0.69609375 0.01328125 0.03046875
0 0.61484375 0.53828125 0.015625 0.01328125