2 0.3453125 0.10625 0.021875 0.040625
2 0.375 0.171875 0.01796875 0.03359375
2 0.43125 0.625 0.021875 0.03828125
6 0.34296875 0.678125 0.02578125 0.04296875
2 0.68515625 0.24375 0.0203125 0.03515625
2 0.63203125 0.33515625 0.01796875 0.034375
1 0.61796875 0.7984375 0.04453125 0.09140625
2 0.403125 0.5796875 0.01953125 0.02890625
0 0.33515625 0.5234375 0.01484375 0.01875
2 0.184375 0.7921875 0.01640625 0.03046875
4 0.3859375 0.59453125 0.00859375 0.01328125
0 0.228125 0.6890625 0.0140625 0.0203125
2 0.3171875 0.72109375 0.01953125 0.03125
2 0.66484375 0.271875 0.02109375 0.03203125
4 0.36484375 0.62578125 0.00859375 0.01484375
2 0.31953125 0.0609375 0.02109375 0.040625
2 0.365625 0.64453125 0.02109375 0.03046875
2 0.61328125 0.4140625 0.01953125 0.03671875
2 0.6609375 0.74296875 0.01796875 0.0359375
2 0.56953125 0.70546875 0.01796875 0.0296875
2 0.55703125 0.72890625 0.01796875 0.03359375
2 0.584375 0.740625 0.01875 0.0359375
2 0.553125 0.696875 0.01328125 0.03125
2 0.58046875 0.7703125 0.01953125 0.03671875
4 0.596875 0.77890625 0.009375 0.01953125
1 0.5734375 0.67578125 0.03359375 0.07890625
2 0.74296875 0.9265625 0.02109375 0.03828125
2 0.71953125 0.8578125 0.02109375 0.0234375
4 0.54921875 0.65859375 0.00859375 0.01796875
4 0.53984375 0.66484375 0.00625 0.0140625
4 0.54140625 0.68828125 0.00859375 0.01640625
4 0.5421875 0.709375 0.01015625 0.01171875
4 0.52578125 0.68828125 0.00703125 0.015625
4 0.54609375 0.70234375 0.00859375 0.01796875
4 0.53359375 0.6734375 0.00859375 0.01640625
4 0.54140625 0.71953125 0.00703125 0.01640625
4 0.534375 0.70703125 0.00703125 0.01484375
2 0.7015625 0.2171875 0.01796875 0.03125
2 0.83125 0.1375 0.0265625 0.03828125
2 0.7234375 0.0296875 0.01875 0.03203125
0 0.68125 0.0765625 0.0140625 0.02421875
0 0.6671875 0.090625 0.0109375 0.021875
3 0.3984375 0.5375 0.01640625 0.03671875
2 0.196875 0.90234375 0.0203125 0.0359375
2 0.23515625 0.84375 0.01875 0.03125
2 0.25546875 0.815625 0.025 0.03984375
2 0.1953125 0.68359375 0.0203125 0.03515625
2 0.2984375 0.74375 0.0203125 0.03359375
2 0.27578125 0.77734375 0.02109375 0.03125
2 0.384375 0.615625 0.01875 0.028125
4 0.37578125 0.603125 0.00703125 0.01484375
2 0.39453125 0.215625 0.0203125 0.0359375
2 0.403125 0.19609375 0.01640625 0.040625
2 0.36484375 0.0859375 0.01875 0.03203125
2 0.3359375 0.06015625 0.01953125 0.0296875
0 0.3609375 0.31015625 0.015625 0.021875
2 0.215625 0.8671875 0.01796875 0.03046875
2 0.3109375 0.67890625 0.01875 0.03203125
2 0.42890625 0.3875 0.0234375 0.03046875
2 0.41015625 0.4265625 0.01796875 0.0359375
4 0.39296875 0.57421875 0.009375 0.0140625
5 0.6359375 0.38984375 0.02109375 0.03671875
2 0.559375 0.7609375 0.01640625 0.03203125
2 0.2359375 0.51796875 0.015625 0.03515625
4 0.37109375 0.61640625 0.00546875 0.01171875
4 0.33203125 0.7046875 0.009375 0.01796875
2 0.17578125 0.9265625 0.01953125 0.03359375
0 0.55703125 0.52734375 0.01484375 0.025
2 0.2953125 0.075 0.01640625 0.03203125
0 0.3390625 0.03125 0.0140625 0.02421875
2 0.65 0.340625 0.01953125 0.034375
4 0.62578125 0.36953125 0.009375 0.01875
2 0.61328125 0.38203125 0.01875 0.03203125
4 0.53203125 0.68515625 0.01015625 0.01796875
0 0.63359375 0.36484375 0.01171875 0.01796875
4 0.6171875 0.4359375 0.0109375 0.01328125
4 0.37578125 0.59375 0.009375 0.015625
2 0.465625 0.47109375 0.01484375 0.046875
4 0.40078125 0.440625 0.00859375 0.0140625
2 0.68828125 0.27890625 0.0203125 0.03125
4 0.61171875 0.45546875 0.009375 0.01484375
4 0.63125 0.41953125 0.009375 0.01796875
4 0.6 0.44453125 0.00859375 0.02109375
4 0.7421875 0.040625 0.00859375 0.0234375
2 0.26171875 0.7578125 0.02109375 0.03046875
2 0.33984375 0.73203125 0.02109375 0.034375
2 0.15546875 0.94375 0.02109375 0.034375
2 0.16328125 0.96171875 0.0203125 0.03671875
4 0.40703125 0.55546875 0.00703125 0.01484375
4 0.384375 0.58203125 0.0046875 0.01171875
4 0.40625 0.47421875 0.009375 0.01875
2 0.65078125 0.30390625 0.01796875 0.034375
2 0.60390625 0.80625 0.02109375 0.0390625
4 0.59453125 0.7140625 0.00859375 0.01484375
4 0.58828125 0.76484375 0.00546875 0.0109375
4 0.52890625 0.7296875 0.00703125 0.01953125
2 0.3890625 0.16484375 0.01640625 0.03203125
0 0.46796875 0.278125 0.01171875 0.02578125
2 0.43046875 0.25390625 0.01953125 0.03671875
2 0.709375 0.23671875 0.0203125 0.03671875
2 0.44296875 0.56640625 0.0234375 0.03515625
4 0.4578125 0.584375 0.01171875 0.0234375
4 0.4015625 0.50234375 0.00859375 0.015625
2 0.665625 0.3109375 0.01796875 0.03046875
2 0.4828125 0.43046875 0.01171875 0.046875
0 0.49453125 0.35625 0.01328125 0.021875
2 0.45859375 0.36953125 0.0140625 0.03984375
2 0.44375 0.315625 0.01875 0.0390625
2 0.421875 0.278125 0.01640625 0.03671875
4 0.42265625 0.2046875 0.0109375 0.01953125
4 0.25703125 0.01171875 0.01171875 0.01875
0 0.37890625 0.11953125 0.01015625 0.0203125
0 0.60703125 0.21171875 0.01640625 0.0203125
0 0.62265625 0.69140625 0.0140625 0.0234375
0 0.59453125 0.6125 0.01484375 0.02890625
4 0.36328125 0.721875 0.01171875 0.0140625
4 0.29453125 0.82890625 0.009375 0.01484375
4 0.371875 0.6859375 0.009375 0.015625
2 0.39375 0.653125 0.02109375 0.03046875
2 0.28828125 0.71171875 0.01953125 0.03359375
2 0.2234375 0.821875 0.0203125 0.03515625
2 0.13046875 0.965625 0.01875 0.034375
4 0.46328125 0.53671875 0.00859375 0.015625
4 0.24921875 0.90078125 0.00859375 0.0140625
4 0.23828125 0.90390625 0.01015625 0.01796875
4 0.240625 0.91953125 0.009375 0.01484375
4 0.20625 0.984375 0.01015625 0.0140625
2 0.15859375 0.91796875 0.02109375 0.03359375
4 0.14375 0.93828125 0.00703125 0.01171875
4 0.146875 0.94375 0.00703125 0.01328125
4 0.1421875 0.96796875 0.00859375 0.01015625
4 0.13125 0.98671875 0.00703125 0.015625
4 0.146875 0.97109375 0.00703125 0.01015625
4 0.14609375 0.98515625 0.00625 0.01171875
4 0.1390625 0.9953125 0.00625 0.009375
2 0.36015625 0.59375 0.01875 0.03515625
2 0.33125 0.640625 0.01796875 0.034375
4 0.40546875 0.3484375 0.00703125 0.01640625
4 0.39921875 0.36796875 0.00859375 0.01796875
2 0.375 0.22734375 0.015625 0.0390625
2 0.36640625 0.11875 0.0140625 0.03203125
2 0.32109375 0.02421875 0.01796875 0.03671875
2 0.3015625 0.021875 0.01953125 0.03828125
2 0.4078125 0.171875 0.01875 0.03515625
2 0.43671875 0.23125 0.02109375 0.0359375
2 0.45703125 0.3 0.01796875 0.0359375
4 0.66015625 0.7953125 0.00859375 0.01640625
0 0.72578125 0.9375 0.015625 0.028125
4 0.75390625 0.96953125 0.00859375 0.0234375
0 0.715625 0.109375 0.01796875 0.02890625
4 0.765625 0.03125 0.01640625 0.02109375
1 0.80078125 0.1015625 0.05390625 0.08984375
2 0.80625 0.1359375 0.0203125 0.0359375