6 0.39375 0.790625 0.05 0.04453125
3 0.20859375 0.8453125 0.04296875 0.0359375
2 0.16171875 0.69609375 0.02890625 0.028125
2 0.321875 0.6734375 0.03046875 0.03359375
0 0.2078125 0.6875 0.0234375 0.03203125
4 0.12109375 0.771875 0.0203125 0.02890625
4 0.08828125 0.8765625 0.0203125 0.03515625
4 0.021875 0.91796875 0.01875 0.025
4 0.5484375 0.91328125 0.01953125 0.028125
4 0.18125 0.9109375 0.015625 0.028125
2 0.52890625 0.628125 0.0234375 0.0515625
4 0.703125 0.8953125 0.015625 0.0234375
2 0.77890625 0.80625 0.02578125 0.028125
4 0.7875 0.753125 0.01328125 0.0203125
2 0.790625 0.771875 0.025 0.0203125
2 0.94296875 0.80625 0.02578125 0.028125
4 0.89453125 0.8890625 0.01796875 0.02890625
4 0.83203125 0.878125 0.02109375 0.028125
4 0.80390625 0.86484375 0.01796875 0.02890625
4 0.8390625 0.78984375 0.015625 0.0203125
4 0.52109375 0.29453125 0.009375 0.03046875
4 0.47421875 0.0734375 0.01015625 0.0296875
4 0.46171875 0.0625 0.00625 0.02578125
4 0.47109375 0.01640625 0.00859375 0.025
4 0.0140625 0.8609375 0.0203125 0.02578125
6 0.01171875 0.80390625 0.0234375 0.0296875