0 0.34921875 0.540625 0.01484375 0.01875
2 0.209375 0.7765625 0.01640625 0.03046875
0 0.2515625 0.6859375 0.0140625 0.0203125
2 0.32578125 0.709375 0.01875 0.0296875
4 0.384375 0.60234375 0.00625 0.009375
0 0.540625 0.265625 0.01484375 0.02890625
0 0.65078125 0.14921875 0.01171875 0.02421875
2 0.21953125 0.68125 0.0203125 0.03515625
2 0.30859375 0.74140625 0.01796875 0.0296875
2 0.259375 0.53203125 0.015625 0.03515625
2 0.64140625 0.33671875 0.01640625 0.0296875
2 0.678125 0.2640625 0.0203125 0.03125
2 0.19140625 0.93125 0.01640625 0.03046875
2 0.65703125 0.30703125 0.01796875 0.03046875
4 0.36484375 0.6453125 0.00703125 0.01328125
2 0.728125 0.22421875 0.01953125 0.03125
2 0.16640625 0.965625 0.01875 0.0296875
2 0.1984375 0.71953125 0.01953125 0.03359375
4 0.65859375 0.371875 0.00703125 0.01171875
4 0.65703125 0.3515625 0.00703125 0.01171875
4 0.6484375 0.36484375 0.00546875 0.01171875
0 0.66171875 0.1390625 0.01171875 0.01796875
2 0.85546875 0.01796875 0.021875 0.0359375
2 0.415625 0.50703125 0.0140625 0.03203125
4 0.390625 0.59375 0.009375 0.009375
4 0.37890625 0.621875 0.00546875 0.0109375
2 0.1734375 0.915625 0.01640625 0.028125
2 0.4640625 0.41328125 0.01171875 0.03203125
2 0.428125 0.62890625 0.01640625 0.0265625
2 0.36328125 0.70859375 0.01796875 0.028125
2 0.24765625 0.80703125 0.01796875 0.02890625
4 0.29609375 0.70859375 0.00625 0.0109375
4 0.28046875 0.76015625 0.00859375 0.01171875
4 0.2953125 0.72578125 0.00625 0.0109375
4 0.32578125 0.6640625 0.00703125 0.0109375
2 0.359375 0.62109375 0.01875 0.03046875
2 0.39296875 0.56875 0.01484375 0.0265625
2 0.4046875 0.5765625 0.01796875 0.02890625
2 0.41171875 0.58671875 0.015625 0.025
0 0.490625 0.36953125 0.01015625 0.021875
4 0.46015625 0.34140625 0.00625 0.015625
2 0.34453125 0.6890625 0.01875 0.028125
2 0.359375 0.665625 0.01640625 0.02421875
2 0.3765625 0.640625 0.01640625 0.02421875
6 0.61328125 0.8625 0.0265625 0.05703125
2 0.6140625 0.8 0.01484375 0.03359375
2 0.59609375 0.8078125 0.01484375 0.03203125
3 0.58046875 0.7703125 0.01640625 0.03359375
2 0.58125 0.80546875 0.0140625 0.02421875
2 0.59453125 0.76875 0.0140625 0.02890625
2 0.584375 0.73125 0.01640625 0.034375
2 0.571875 0.7328125 0.0140625 0.028125
0 0.571875 0.77578125 0.009375 0.0203125
0 0.565625 0.7875 0.01015625 0.021875
0 0.54921875 0.759375 0.0109375 0.02109375
2 0.553125 0.74140625 0.01640625 0.03203125
4 0.54296875 0.7390625 0.00625 0.0109375
4 0.53671875 0.7359375 0.00546875 0.0140625
2 0.53515625 0.70703125 0.01484375 0.02890625
4 0.534375 0.7234375 0.00546875 0.0140625
4 0.5265625 0.7109375 0.00625 0.01328125
4 0.51640625 0.69296875 0.00859375 0.015625
4 0.521875 0.68828125 0.00546875 0.01328125
0 0.56640625 0.70703125 0.009375 0.01953125
0 0.55078125 0.7171875 0.0109375 0.01875
2 0.55078125 0.66328125 0.015625 0.03515625
2 0.56796875 0.6859375 0.01171875 0.02890625
0 0.54140625 0.6890625 0.009375 0.0203125
4 0.53515625 0.66953125 0.00859375 0.0140625
2 0.7171875 0.95859375 0.01796875 0.03125
2 0.64453125 0.740625 0.01796875 0.03359375
2 0.72421875 0.92578125 0.01796875 0.03984375
1 0.621875 0.384375 0.04140625 0.078125
4 0.6671875 0.3640625 0.00859375 0.01484375
4 0.69453125 0.31796875 0.00703125 0.01171875
4 0.6703125 0.29296875 0.00703125 0.01796875
4 0.671875 0.3234375 0.00703125 0.0109375
2 0.703125 0.09453125 0.01875 0.03203125
2 0.7796875 0.21171875 0.02578125 0.03671875
2 0.69296875 0.24140625 0.01640625 0.025
2 0.7078125 0.2515625 0.015625 0.02578125
2 0.70546875 0.28515625 0.01796875 0.02421875
3 0.684375 0.29140625 0.02578125 0.03671875
4 0.696875 0.265625 0.00859375 0.01484375
2 0.69296875 0.30703125 0.0203125 0.0265625
2 0.6734375 0.3359375 0.0140625 0.0234375
2 0.65859375 0.33359375 0.01640625 0.03125
2 0.6109375 0.4359375 0.01796875 0.02890625
0 0.6140625 0.45625 0.01171875 0.01953125
2 0.58828125 0.44609375 0.0140625 0.0234375
2 0.59375 0.4625 0.0140625 0.02578125
2 0.60078125 0.47421875 0.0140625 0.02578125
4 0.615625 0.53046875 0.00859375 0.01328125
4 0.45546875 0.32109375 0.00703125 0.0140625
2 0.4703125 0.38125 0.01640625 0.034375
2 0.49140625 0.41015625 0.01484375 0.03359375
2 0.4671875 0.471875 0.01328125 0.0296875
2 0.39921875 0.371875 0.0140625 0.034375
2 0.4265625 0.60546875 0.02109375 0.0296875
2 0.39609375 0.659375 0.01953125 0.0359375
4 0.34453125 0.6390625 0.00859375 0.01328125
4 0.3765625 0.615625 0.00703125 0.0109375
4 0.39296875 0.60078125 0.00859375 0.01015625
4 0.3859375 0.61015625 0.00625 0.01015625
2 0.31953125 0.6859375 0.01640625 0.02890625
4 0.28125 0.74609375 0.00703125 0.0109375
4 0.259375 0.89140625 0.009375 0.01484375
4 0.24609375 0.9015625 0.00859375 0.015625
4 0.23125 0.93359375 0.009375 0.015625
4 0.215625 0.84765625 0.00625 0.0140625
4 0.40546875 0.42578125 0.00703125 0.01640625
2 0.57890625 0.26953125 0.01875 0.0234375
2 0.47890625 0.4859375 0.0109375 0.03359375
4 0.49296875 0.51015625 0.009375 0.0203125
2 0.509375 0.446875 0.0140625 0.028125
5 0.5390625 0.49140625 0.02109375 0.046875
2 0.52890625 0.5125 0.0140625 0.025
4 0.5265625 0.44609375 0.00703125 0.01640625
4 0.453125 0.3296875 0.00625 0.0109375
4 0.45546875 0.35 0.00703125 0.01328125
2 0.44453125 0.34765625 0.015625 0.02890625
2 0.428125 0.4078125 0.01640625 0.02578125
2 0.4265625 0.3078125 0.01171875 0.021875
3 0.4328125 0.29296875 0.015625 0.03125
3 0.41796875 0.2203125 0.01875 0.03515625
3 0.415625 0.24453125 0.01640625 0.0296875
2 0.396875 0.24453125 0.01484375 0.03125
2 0.3953125 0.2140625 0.01796875 0.03203125
2 0.3796875 0.20703125 0.015625 0.02890625
2 0.3609375 0.16875 0.01796875 0.03203125
2 0.36015625 0.13671875 0.01640625 0.03125
2 0.3796875 0.17578125 0.01640625 0.03125
2 0.384375 0.1515625 0.01875 0.034375
2 0.3390625 0.11875 0.015625 0.0359375
2 0.35625 0.09296875 0.01640625 0.03515625
2 0.33671875 0.078125 0.01796875 0.03359375
2 0.30625 0.11953125 0.015625 0.0296875
2 0.31484375 0.071875 0.01796875 0.034375
2 0.309375 0.02890625 0.01640625 0.0390625
2 0.29375 0.0328125 0.01484375 0.034375
4 0.28984375 0.11796875 0.00859375 0.01796875
4 0.828125 0.06796875 0.00859375 0.01875
4 0.8734375 0.0125 0.00859375 0.01328125
2 0.8765625 0.07421875 0.01796875 0.02578125
4 0.78828125 0.05625 0.00859375 0.01484375
4 0.70390625 0.16953125 0.01328125 0.01328125
4 0.6453125 0.2328125 0.00859375 0.0140625
4 0.61328125 0.48828125 0.00859375 0.00859375
4 0.60625 0.484375 0.00546875 0.009375
4 0.6015625 0.49453125 0.00703125 0.00859375
0 0.6046875 0.50234375 0.01171875 0.01953125
4 0.60546875 0.51328125 0.00859375 0.00703125
4 0.60703125 0.521875 0.00859375 0.0140625
6 0.55390625 0.5703125 0.02109375 0.04609375
3 0.615625 0.7453125 0.01640625 0.03671875
2 0.63984375 0.78671875 0.01796875 0.03359375
0 0.66640625 0.83515625 0.0109375 0.025
4 0.60078125 0.790625 0.00625 0.015625
4 0.56328125 0.7609375 0.00703125 0.015625
2 0.29921875 0.52265625 0.009375 0.02890625
2 0.23828125 0.85546875 0.0203125 0.02890625
2 0.21796875 0.8703125 0.01484375 0.0265625
2 0.196875 0.8796875 0.01484375 0.02421875
4 0.26171875 0.871875 0.00703125 0.01328125
4 0.26953125 0.8734375 0.00703125 0.01171875
4 0.27734375 0.87421875 0.00546875 0.01328125
4 0.28046875 0.83515625 0.00859375 0.0140625
4 0.29453125 0.834375 0.00703125 0.0140625
4 0.31171875 0.8015625 0.00859375 0.0140625
4 0.3234375 0.80546875 0.00625 0.01328125
4 0.33046875 0.78046875 0.00703125 0.015625
2 0.2765625 0.7953125 0.01640625 0.0265625
2 0.259375 0.82421875 0.01640625 0.0265625
2 0.20546875 0.95859375 0.015625 0.025
2 0.1796875 0.98828125 0.01953125 0.021875