2 0.26328125 0.01953125 0.021875 0.03671875
0 0.4046875 0.09609375 0.0140625 0.02578125
4 0.35546875 0.13671875 0.009375 0.021875
4 0.38046875 0.16875 0.00859375 0.01875
4 0.33046875 0.01015625 0.00859375 0.0203125
4 0.37578125 0.3234375 0.00625 0.01953125
2 0.41328125 0.459375 0.0109375 0.0359375
2 0.23671875 0.51953125 0.01640625 0.0359375
0 0.33828125 0.525 0.01484375 0.01953125
4 0.3296875 0.540625 0.00859375 0.01875
0 0.22890625 0.6921875 0.0140625 0.02578125
2 0.196875 0.6875 0.01953125 0.0390625
2 0.17109375 0.73359375 0.01875 0.03984375
2 0.1859375 0.79453125 0.01953125 0.03359375
0 0.5734375 0.209375 0.0140625 0.01953125
4 0.63515625 0.20078125 0.0109375 0.0140625
4 0.57578125 0.40078125 0.00703125 0.01796875
2 0.8578125 0.0125 0.0234375 0.025
6 0.82890625 0.1265625 0.028125 0.034375
2 0.796875 0.1265625 0.01875 0.03046875
4 0.77578125 0.00703125 0.00859375 0.0140625
2 0.70703125 0.0109375 0.0203125 0.02109375
2 0.721875 0.021875 0.01953125 0.03359375
0 0.678125 0.07421875 0.01171875 0.021875
0 0.66328125 0.08671875 0.01171875 0.0234375
2 0.77421875 0.1421875 0.0203125 0.03203125
4 0.7734375 0.17421875 0.00859375 0.01484375
2 0.74453125 0.134375 0.01953125 0.03046875
2 0.75078125 0.1640625 0.01796875 0.0296875
2 0.721875 0.1734375 0.0203125 0.03046875
0 0.73671875 0.209375 0.01171875 0.02109375
0 0.75078125 0.1921875 0.01171875 0.0203125
2 0.70078125 0.2125 0.01640625 0.0296875
2 0.7203125 0.228125 0.01640625 0.0296875
2 0.684375 0.24296875 0.01796875 0.02890625
2 0.70703125 0.25859375 0.0203125 0.03203125
2 0.66953125 0.26875 0.01640625 0.03125
5 0.6484375 0.31953125 0.03359375 0.06171875
0 0.68203125 0.2671875 0.01328125 0.02109375
0 0.6890625 0.2984375 0.015625 0.01796875
0 0.67421875 0.29375 0.01171875 0.0203125
4 0.74453125 0.2265625 0.00859375 0.0109375
4 0.71328125 0.284375 0.00625 0.0140625
4 0.69921875 0.2875 0.009375 0.0109375
4 0.69453125 0.26796875 0.00859375 0.015625
4 0.68671875 0.3171875 0.00859375 0.01015625
4 0.67890625 0.328125 0.00859375 0.01171875
4 0.66953125 0.34296875 0.00703125 0.01328125
4 0.628125 0.33359375 0.00625 0.015625
4 0.6234375 0.3484375 0.00546875 0.01328125
4 0.61796875 0.35625 0.00703125 0.0140625
4 0.61171875 0.37109375 0.00625 0.01171875
4 0.63046875 0.37734375 0.00625 0.01171875
4 0.62421875 0.38359375 0.00859375 0.01328125
4 0.61953125 0.39609375 0.00546875 0.0109375
4 0.60390625 0.38828125 0.00625 0.01171875
4 0.628125 0.421875 0.00859375 0.01171875
4 0.621875 0.43671875 0.00703125 0.01171875
4 0.61328125 0.446875 0.00703125 0.01484375
4 0.62578125 0.4734375 0.00859375 0.01171875
4 0.625 0.45859375 0.009375 0.009375
2 0.60546875 0.40546875 0.01640625 0.03125
3 0.6453125 0.36796875 0.01796875 0.03515625
2 0.86953125 0.17890625 0.01484375 0.03125
2 0.92421875 0.30703125 0.01484375 0.03671875
2 0.9734375 0.37109375 0.01328125 0.0296875
2 0.98671875 0.409375 0.01796875 0.03046875
4 0.63671875 0.6 0.0046875 0.01875
0 0.6203125 0.665625 0.01328125 0.02421875
2 0.69609375 0.66015625 0.01875 0.03671875
2 0.70703125 0.69453125 0.01484375 0.03125
0 0.740625 0.9359375 0.0140625 0.025
2 0.6234375 0.93984375 0.0203125 0.02578125
2 0.6484375 0.84765625 0.01796875 0.0359375
2 0.625 0.85078125 0.01875 0.03828125
3 0.6265625 0.815625 0.01875 0.03828125
2 0.60625 0.81015625 0.01484375 0.03203125
2 0.61640625 0.76953125 0.01328125 0.02890625
0 0.58203125 0.775 0.01171875 0.0234375
4 0.68671875 0.771875 0.0046875 0.015625
0 0.559375 0.715625 0.0109375 0.021875
0 0.559375 0.759375 0.01328125 0.02109375
0 0.56875 0.65078125 0.01015625 0.025
3 0.54453125 0.70390625 0.015625 0.03671875
4 0.53203125 0.68515625 0.00546875 0.015625
4 0.54375 0.665625 0.00546875 0.0140625
4 0.54609375 0.64453125 0.00625 0.01484375
4 0.55625 0.65 0.00703125 0.01328125
4 0.55234375 0.63671875 0.00859375 0.0140625
4 0.5765625 0.66484375 0.00546875 0.01328125
4 0.56640625 0.66796875 0.00625 0.01171875
4 0.56796875 0.6828125 0.00546875 0.0140625
4 0.56796875 0.70078125 0.00703125 0.01640625
4 0.56953125 0.74296875 0.00625 0.01484375
2 0.16015625 0.92890625 0.01875 0.03203125
2 0.178125 0.940625 0.01875 0.0296875
2 0.16015625 0.96796875 0.0203125 0.03671875
2 0.19921875 0.91015625 0.01875 0.03125
2 0.2 0.86796875 0.01796875 0.03203125
2 0.21640625 0.88359375 0.01875 0.03125
2 0.234375 0.909375 0.01796875 0.03125
2 0.28671875 0.82109375 0.01875 0.03125
2 0.2296875 0.81796875 0.01796875 0.03046875
2 0.2328125 0.85625 0.01796875 0.03359375
2 0.253125 0.81796875 0.0203125 0.03359375
2 0.26015625 0.7609375 0.01796875 0.03515625
2 0.271875 0.78671875 0.02109375 0.034375
6 0.29453125 0.753125 0.03046875 0.05
2 0.3296875 0.646875 0.01953125 0.03046875
2 0.3453125 0.68125 0.01640625 0.03046875
2 0.31875 0.7125 0.01640625 0.0296875
2 0.3578125 0.71171875 0.01953125 0.034375
3 0.359375 0.65 0.01875 0.02890625
2 0.371875 0.5796875 0.01875 0.03203125
2 0.38828125 0.5984375 0.01484375 0.02890625
2 0.371875 0.615625 0.01484375 0.025
4 0.40390625 0.64296875 0.009375 0.01328125
4 0.3515625 0.61640625 0.00859375 0.015625
4 0.34375 0.64921875 0.00625 0.01015625
4 0.346875 0.659375 0.00859375 0.0109375
4 0.3140625 0.6609375 0.00859375 0.01171875
4 0.30390625 0.6828125 0.00859375 0.0140625
4 0.315625 0.67421875 0.00859375 0.01328125
4 0.3328125 0.66953125 0.00625 0.01328125
4 0.32578125 0.68046875 0.00859375 0.00859375
4 0.31796875 0.6890625 0.00859375 0.00859375
4 0.30234375 0.71328125 0.00625 0.01171875
4 0.303125 0.72265625 0.00859375 0.01015625
4 0.30625 0.8203125 0.00703125 0.015625
4 0.184375 0.88671875 0.00703125 0.0140625
4 0.18359375 0.9015625 0.009375 0.0140625
4 0.18046875 0.92109375 0.00859375 0.0109375
4 0.14375 0.9515625 0.00703125 0.0109375
4 0.13359375 0.96875 0.009375 0.0140625
4 0.140625 0.96640625 0.00546875 0.01328125
4 0.146875 0.9640625 0.00625 0.0140625
2 0.14609375 0.990625 0.0171875 0.01875
4 0.24375 0.93515625 0.00703125 0.0140625
1 0.59296875 0.721875 0.03828125 0.078125