2 0.32578125 0.3796875 0.01171875 0.04453125
2 0.38125 0.41328125 0.01875 0.03828125
2 0.40390625 0.42734375 0.0203125 0.0390625
2 0.51640625 0.27421875 0.02578125 0.03203125
2 0.54921875 0.24765625 0.0234375 0.0296875
2 0.47578125 0.56328125 0.01953125 0.0296875
2 0.50703125 0.60859375 0.025 0.0390625
2 0.55625 0.66328125 0.0234375 0.0359375
2 0.7234375 0.9640625 0.02421875 0.0203125
2 0.75703125 0.6328125 0.021875 0.0453125
2 0.84609375 0.38984375 0.02578125 0.046875
2 0.865625 0.290625 0.02890625 0.03515625
2 0.21015625 0.94140625 0.0203125 0.04375
2 0.27109375 0.209375 0.02421875 0.04453125
2 0.2296875 0.19296875 0.0234375 0.03515625
2 0.18828125 0.13046875 0.0234375 0.040625
2 0.3078125 0.11484375 0.02421875 0.03984375
2 0.4015625 0.0890625 0.0203125 0.046875
2 0.40390625 0.14765625 0.0234375 0.04140625
2 0.659375 0.15234375 0.02578125 0.03515625
4 0.4984375 0.66328125 0.01328125 0.0140625
4 0.59453125 0.6796875 0.00859375 0.021875
4 0.61875 0.64375 0.01171875 0.0140625
4 0.45703125 0.6796875 0.01328125 0.01171875
4 0.4546875 0.69296875 0.01171875 0.0109375
4 0.3578125 0.740625 0.009375 0.01875
4 0.33203125 0.815625 0.0109375 0.01875
4 0.3390625 0.85703125 0.00859375 0.01953125
4 0.309375 0.88203125 0.009375 0.01953125
4 0.29453125 0.92890625 0.00859375 0.01796875
4 0.29453125 0.978125 0.01015625 0.01953125
4 0.26640625 0.84609375 0.009375 0.01953125
4 0.2609375 0.92890625 0.009375 0.01796875
4 0.24921875 0.9390625 0.009375 0.01953125
4 0.240625 0.98671875 0.01171875 0.0203125
0 0.228125 0.98359375 0.015625 0.028125
0 0.5207509921875 0.5141432015625 0.524255271875 0.525711528125 0.5379386640625 0.5108803453124999 0.5322385890625 0.5003981109375 0.5207509921875 0.5141432015625
0 0.77890625 0.30390625 0.0203125 0.02578125
4 0.88828125 0.059375 0.0140625 0.01796875
4 0.8625 0.01171875 0.01484375 0.01640625
4 0.971875 0.16328125 0.01484375 0.015625
4 0.83828125 0.09375 0.01328125 0.01953125
4 0.78359375 0.08984375 0.01328125 0.01953125
4 0.79609375 0.128125 0.0140625 0.01640625
4 0.74921875 0.16171875 0.0140625 0.01796875
4 0.71484375 0.178125 0.01328125 0.0140625
4 0.690625 0.15234375 0.01328125 0.01328125
4 0.6828125 0.2125 0.01171875 0.0140625
4 0.6484375 0.2375 0.0109375 0.0109375
4 0.63125 0.28203125 0.01171875 0.01328125
4 0.60859375 0.26328125 0.00859375 0.01796875
4 0.596875 0.25859375 0.01015625 0.0140625
4 0.58828125 0.25234375 0.01171875 0.01484375
4 0.58046875 0.23828125 0.01328125 0.015625
4 0.6421875 0.34375 0.009375 0.01484375
4 0.68984375 0.378125 0.0109375 0.01484375
4 0.54375 0.46171875 0.01484375 0.01640625
4 0.528125 0.4890625 0.00859375 0.01796875
4 0.5015625 0.46171875 0.009375 0.01640625
4 0.49453125 0.440625 0.01171875 0.015625
4 0.471875 0.43359375 0.01328125 0.01171875
4 0.48671875 0.3765625 0.01171875 0.01171875
4 0.4625 0.39453125 0.009375 0.01796875
4 0.43984375 0.37578125 0.01328125 0.01640625
4 0.44921875 0.34921875 0.01328125 0.015625
4 0.415625 0.3765625 0.01171875 0.01953125
4 0.40625 0.3328125 0.0140625 0.01953125
4 0.36171875 0.40859375 0.009375 0.0203125
4 0.3546875 0.47109375 0.00859375 0.02578125
4 0.3359375 0.4453125 0.009375 0.01875
4 0.33828125 0.40546875 0.00703125 0.021875
4 0.32421875 0.41953125 0.01015625 0.025
4 0.315625 0.28359375 0.01015625 0.01953125
4 0.28359375 0.25078125 0.01171875 0.01640625
4 0.33125 0.1953125 0.01171875 0.015625
4 0.3109375 0.16015625 0.0109375 0.0203125
4 0.21796875 0.15625 0.01328125 0.0140625
4 0.27578125 0.11328125 0.0140625 0.021875
4 0.26015625 0.0734375 0.01328125 0.01796875
4 0.196875 0.16484375 0.009375 0.01796875
4 0.1734375 0.1140625 0.009375 0.02109375
4 0.14609375 0.190625 0.01015625 0.01875
3 0.18828125 0.2109375 0.02109375 0.03984375
3 0.21171875 0.25546875 0.0265625 0.05
6 0.19140625 0.25625 0.03203125 0.05625
3 0.2515625 0.240625 0.01640625 0.02421875
0 0.28359375 0.27890625 0.01796875 0.02578125
3 0.21875 0.28203125 0.02421875 0.04453125
3 0.23125 0.2890625 0.03203125 0.04921875
4 0.246875 0.0265625 0.01015625 0.0140625
4 0.38828125 0.15625 0.009375 0.01640625
4 0.3828125 0.13046875 0.00625 0.015625
4 0.36171875 0.09921875 0.00703125 0.01796875
4 0.34296875 0.07421875 0.01015625 0.01484375
4 0.346875 0.140625 0.009375 0.01796875
4 0.27421875 0.02421875 0.01171875 0.015625
4 0.38671875 0.2921875 0.0109375 0.0203125
4 0.40625 0.28515625 0.01015625 0.021875
4 0.3953125 0.26328125 0.009375 0.01796875
4 0.3875 0.26875 0.009375 0.01484375
4 0.4828125 0.3390625 0.01484375 0.01015625
4 0.48671875 0.353125 0.0140625 0.01015625
4 0.4828125 0.365625 0.01015625 0.01015625
0 0.47578125 0.4015625 0.015625 0.02578125
2 0.51796875 0.45546875 0.01640625 0.0453125
6 0.565625 0.95546875 0.040625 0.06953125
4 0.371875 0.6421875 0.009375 0.02109375
4 0.3609375 0.61640625 0.009375 0.01640625
4 0.36640625 0.59765625 0.01015625 0.01875
4 0.384375 0.56875 0.00859375 0.021875
4 0.3671875 0.55078125 0.009375 0.01875
4 0.378125 0.5515625 0.0109375 0.02109375
4 0.4015625 0.521875 0.01171875 0.0109375
4 0.41796875 0.59140625 0.01171875 0.01171875
4 0.45390625 0.56171875 0.009375 0.0203125
4 0.4734375 0.50625 0.009375 0.01953125
4 0.41796875 0.49921875 0.009375 0.01640625
4 0.41640625 0.465625 0.009375 0.01875
4 0.4015625 0.47421875 0.01015625 0.01328125
4 0.40390625 0.4984375 0.009375 0.0203125
4 0.3484375 0.515625 0.00859375 0.02578125
4 0.30078125 0.49609375 0.01171875 0.01328125
4 0.3046875 0.52265625 0.01171875 0.0109375
4 0.290625 0.5140625 0.00703125 0.01328125
4 0.30390625 0.4359375 0.01015625 0.01640625
4 0.26171875 0.4859375 0.009375 0.0140625
3 0.33125 0.5390625 0.021875 0.03671875
3 0.278125 0.6796875 0.01796875 0.0359375
3 0.253125 0.8046875 0.01953125 0.04453125
3 0.74609375 0.9046875 0.03203125 0.0484375
4 0.77109375 0.88203125 0.0140625 0.015625
4 0.815625 0.8984375 0.01328125 0.01953125
4 0.79140625 0.8640625 0.01640625 0.01640625
4 0.7203125 0.934375 0.01796875 0.01640625
4 0.6109375 0.74296875 0.01328125 0.01796875
4 0.61953125 0.721875 0.01328125 0.01796875
4 0.65546875 0.703125 0.01171875 0.021875
4 0.67578125 0.70703125 0.01328125 0.01875
4 0.70859375 0.7734375 0.00703125 0.01953125
4 0.63046875 0.6640625 0.01171875 0.0140625
4 0.5265625 0.53828125 0.009375 0.01640625
4 0.64609375 0.46171875 0.015625 0.00859375
4 0.63046875 0.14375 0.009375 0.01796875
2 0.6234375 0.16171875 0.0203125 0.0484375
4 0.771875 0.26171875 0.0140625 0.01171875
3 0.821875 0.4515625 0.03203125 0.0703125
3 0.865625 0.33671875 0.03203125 0.06328125
3 0.83671875 0.31171875 0.03515625 0.04609375
3 0.8109375 0.33359375 0.02890625 0.03515625
3 0.734375 0.390625 0.0296875 0.0359375
3 0.80546875 0.50390625 0.015625 0.02890625
4 0.7890625 0.54453125 0.01171875 0.01171875
4 0.8265625 0.6015625 0.009375 0.0140625
4 0.80078125 0.62109375 0.0140625 0.015625
4 0.76171875 0.740625 0.00703125 0.02109375
4 0.7546875 0.77421875 0.00703125 0.0234375
4 0.76640625 0.790625 0.00703125 0.0234375
4 0.73828125 0.79140625 0.009375 0.01640625
0 0.4775637078125 0.32084921718750004 0.483571046875 0.33271416249999997 0.49441763281249995 0.3223323359375 0.4907464859375 0.3113572578125 0.4775637078125 0.32084921718750004
4 0.365625 0.11953125 0.00859375 0.01796875
4 0.3484375 0.0984375 0.00625 0.01171875
4 0.340625 0.04375 0.01171875 0.021875
4 0.3515625 0.05390625 0.01171875 0.01953125
4 0.36171875 0.0640625 0.01171875 0.0203125
4 0.3296875 0.06328125 0.00546875 0.015625
4 0.32109375 0.5734375 0.00859375 0.01875
0 0.37109375 0.70390625 0.01484375 0.02578125
4 0.30625 0.703125 0.0140625 0.0203125
4 0.30546875 0.74765625 0.0109375 0.02109375
4 0.28203125 0.790625 0.01015625 0.0234375
2 0.32890625 0.92265625 0.01796875 0.03984375
4 0.2265625 0.8421875 0.01171875 0.01015625
4 0.22734375 0.8265625 0.0109375 0.0109375
4 0.36875 0.75859375 0.009375 0.01640625
3 0.72734375 0.678125 0.0234375 0.04296875
3 0.6921875 0.61171875 0.025 0.040625
3 0.6671875 0.565625 0.025 0.040625
3 0.62109375 0.49296875 0.0203125 0.028125
3 0.628125 0.54609375 0.02109375 0.03359375
2 0.51875 0.709375 0.02890625 0.0390625
4 0.39921875 0.72421875 0.00625 0.01875
4 0.4046875 0.7421875 0.0109375 0.01171875
4 0.2453125 0.76796875 0.01015625 0.01171875
4 0.30703125 0.59140625 0.00859375 0.01953125
4 0.45546875 0.2875 0.00703125 0.01328125
4 0.47890625 0.27890625 0.00625 0.01875
4 0.471875 0.28203125 0.00546875 0.02421875
4 0.58984375 0.1984375 0.0046875 0.01953125
4 0.6015625 0.17421875 0.00703125 0.02109375
4 0.56171875 0.20234375 0.00625 0.021875
4 0.546875 0.19140625 0.00859375 0.02109375
4 0.5229095078125 0.66214279375 0.5138984953125 0.6565069390625 0.51456598125 0.6642191609375 0.5175696421875 0.6686685156250001 0.521073921875 0.6683718859375001 0.5227426281249999 0.6674820171875 0.5229095078125 0.66214279375
3 0.671875 0.434375 0.02578125 0.03125
2 0.534375 0.40390625 0.0203125 0.01953125
6 0.0765625 0.03515625 0.0390625 0.06171875
4 0.1140625 0.1265625 0.00859375 0.02421875
4 0.240625 0.2453125 0.00625 0.01796875
4 0.234375 0.24609375 0.00703125 0.0109375
4 0.284375 0.64921875 0.00703125 0.01875
4 0.2390625 0.79140625 0.01015625 0.01171875
4 0.3703125 0.80078125 0.00703125 0.01640625
4 0.4203125 0.2859375 0.00625 0.01796875
4 0.42578125 0.29375 0.00546875 0.01640625
4 0.43046875 0.290625 0.00390625 0.01484375
4 0.38828125 0.19375 0.00625 0.0203125
4 0.40859375 0.26015625 0.00703125 0.0140625
4 0.38671875 0.10703125 0.0046875 0.01875
4 0.378125 0.10546875 0.00625 0.01796875
4 0.37421875 0.08359375 0.00625 0.015625
4 0.32265625 0.0734375 0.009375 0.00859375
4 0.328125 0.08515625 0.01171875 0.01015625
4 0.334375 0.06875 0.009375 0.01484375
4 0.3375 0.1078125 0.00859375 0.01875
4 0.34375 0.1140625 0.00703125 0.015625
4 0.33828125 0.13046875 0.009375 0.0140625
4 0.3703125 0.13125 0.00546875 0.01875
4 0.37578125 0.14453125 0.00625 0.01953125
4 0.37578125 0.121875 0.0046875 0.015625
4 0.35625 0.09140625 0.00859375 0.01796875
4 0.4953125 0.27421875 0.00625 0.01875
3 0.52109375 0.21953125 0.02109375 0.028125
3 0.62734375 0.509375 0.021875 0.03203125
3 0.684375 0.5890625 0.02578125 0.04375
3 0.70390625 0.634375 0.0203125 0.03828125
3 0.71640625 0.64921875 0.025 0.04296875
3 0.76015625 0.8421875 0.02421875 0.03671875
3 0.6984375 0.42109375 0.03203125 0.03515625
4 0.57421875 0.1953125 0.00546875 0.01796875
4 0.77421875 0.74453125 0.01015625 0.0109375
4 0.77890625 0.734375 0.01015625 0.0109375
4 0.7828125 0.72578125 0.01015625 0.009375
4 0.78828125 0.70859375 0.009375 0.00625
4 0.7984375 0.68359375 0.00625 0.01640625
4 0.80078125 0.66953125 0.01171875 0.01328125
4 0.80703125 0.6484375 0.01015625 0.01640625
4 0.81640625 0.63515625 0.00859375 0.00859375
4 0.78359375 0.55390625 0.01015625 0.009375
4 0.778125 0.56328125 0.01015625 0.0109375
4 0.77265625 0.57890625 0.0109375 0.01015625
4 0.8640625 0.48828125 0.01015625 0.01328125
4 0.86640625 0.47109375 0.009375 0.01796875
4 0.88984375 0.434375 0.01015625 0.01484375
4 0.89296875 0.4234375 0.01015625 0.0140625
4 0.903125 0.39453125 0.00859375 0.01796875
4 0.6921875 0.10625 0.00625 0.01953125
4 0.68828125 0.10859375 0.00546875 0.015625
4 0.68046875 0.11328125 0.0046875 0.01796875
4 0.678125 0.13125 0.01015625 0.0140625
4 0.67578125 0.115625 0.00546875 0.01640625
4 0.66953125 0.12109375 0.00703125 0.01640625
4 0.659375 0.12421875 0.0046875 0.01796875
4 0.65546875 0.1265625 0.00546875 0.01953125
4 0.6484375 0.1296875 0.00546875 0.01953125
4 0.640625 0.134375 0.00546875 0.01875
4 0.59453125 0.17890625 0.0046875 0.01640625
4 0.58984375 0.175 0.0046875 0.01953125
4 0.5828125 0.18828125 0.0046875 0.01640625
4 0.55390625 0.18671875 0.00546875 0.02109375