1 0.11796875 0.55625 0.07890625 0.03125
1 0.19375 0.54921875 0.06796875 0.03671875
3 0.009375 0.95078125 0.01875 0.0296875
4 0.3140625 0.57109375 0.01640625 0.01796875
4 0.28203125 0.675 0.01796875 0.025
3 0.6265625 0.590625 0.0234375 0.0234375
4 0.3703125 0.9046875 0.01640625 0.01484375
6 0.5234375 0.7890625 0.01640625 0.03828125
4 0.0703125 0.70546875 0.01171875 0.0234375
4 0.5578125 0.77890625 0.01328125 0.01953125
4 0.446875 0.77578125 0.009375 0.02578125
4 0.46796875 0.103125 0.00625 0.0265625
4 0.46171875 0.496875 0.00703125 0.02890625
4 0.825 0.57578125 0.01484375 0.01171875
4 0.86875 0.6265625 0.01796875 0.01328125
4 0.8953125 0.7390625 0.01640625 0.015625
2 0.36796875 0.74140625 0.02890625 0.02578125
2 0.284375 0.73046875 0.02578125 0.01953125
2 0.6609375 0.71171875 0.02890625 0.02578125
4 0.13125 0.85 0.015625 0.01875
4 0.63984375 0.81484375 0.01796875 0.025
3 0.51015625 0.93671875 0.021875 0.01640625
4 0.19609375 0.8578125 0.015625 0.0203125
4 0.4359375 0.596875 0.01875 0.02109375
4 0.50625 0.59609375 0.0140625 0.02109375
2 0.6625 0.859375 0.03828125 0.03671875
2 0.009375 0.8015625 0.01875 0.03046875
4 0.140625 0.82578125 0.01484375 0.0140625
4 0.48984375 0.6 0.01015625 0.028125
2 0.85078125 0.71875 0.028125 0.02890625