2 0.30859375 0.57890625 0.03203125 0.03828125
2 0.20078125 0.45390625 0.03046875 0.0265625
2 0.27578125 0.46015625 0.0296875 0.03515625
2 0.4625 0.4453125 0.03125 0.03203125
2 0.49609375 0.3703125 0.0296875 0.03671875
2 0.5375 0.49609375 0.0390625 0.03046875
2 0.58046875 0.4453125 0.03046875 0.03515625
2 0.83203125 0.409375 0.02578125 0.028125
2 0.89609375 0.32109375 0.034375 0.03984375
2 0.97734375 0.3140625 0.03671875 0.03671875
2 0.7734375 0.240625 0.0359375 0.03046875
2 0.76171875 0.15703125 0.028125 0.03671875
4 0.5984375 0.415625 0.01875 0.0234375
4 0.53515625 0.55625 0.01796875 0.025
2 0.14609375 0.28125 0.02890625 0.05
2 0.07578125 0.0859375 0.02421875 0.059375
2 0.02890625 0.0546875 0.0265625 0.05
2 0.03046875 0.1984375 0.02421875 0.0484375
2 0.0296875 0.296875 0.025 0.05390625
2 0.0234375 0.25390625 0.02109375 0.04609375
4 0.01484375 0.121875 0.015625 0.02578125
4 0.021875 0.1390625 0.01015625 0.021875
2 0.16328125 0.55625 0.02421875 0.028125
2 0.13359375 0.540625 0.0296875 0.028125
2 0.1125 0.61171875 0.03203125 0.03984375
4 0.25859375 0.5734375 0.01640625 0.02578125
4 0.2234375 0.5734375 0.01953125 0.01875
0 0.2296875 0.59296875 0.021875 0.0234375
2 0.05546875 0.540625 0.021875 0.025
2 0.00625 0.32265625 0.0125 0.0578125
4 0.03828125 0.26015625 0.01484375 0.025
4 0.00546875 0.2796875 0.0109375 0.03203125
4 0.01484375 0.290625 0.01484375 0.03671875
2 0.10546875 0.553125 0.03046875 0.028125
2 0.06640625 0.60703125 0.03046875 0.02421875
2 0.04140625 0.5859375 0.0296875 0.02578125
2 0.01796875 0.553125 0.02890625 0.02578125
2 0.07890625 0.5625 0.02890625 0.0234375
2 0.07890625 0.584375 0.0359375 0.028125
2 0.10703125 0.5765625 0.025 0.03359375
4 0.03046875 0.6265625 0.0140625 0.02578125
4 0.0359375 0.61953125 0.0203125 0.01640625
4 0.01328125 0.58203125 0.01875 0.0234375
4 0.0328125 0.5390625 0.02421875 0.02421875
4 0.02890625 0.56953125 0.01640625 0.02109375
4 0.0734375 0.54453125 0.01875 0.025
4 0.09296875 0.60078125 0.0140625 0.01796875
4 0.08828125 0.61328125 0.01640625 0.0234375
2 0.1359375 0.56796875 0.03046875 0.03203125
2 0.05078125 0.56171875 0.03046875 0.03125
0 0.03671875 0.60390625 0.0234375 0.0234375
0 0.1890625 0.39453125 0.0265625 0.02421875
3 0.759375 0.3984375 0.040625 0.03984375
4 0.78125 0.146875 0.01328125 0.0359375
4 0.91171875 0.36796875 0.02109375 0.028125
4 0.56328125 0.33828125 0.01796875 0.02109375