2 0.046875 0.9609375 0.01640625 0.02890625
2 0.0515625 0.9875 0.01796875 0.025
2 0.0640625 0.9515625 0.015625 0.028125
2 0.078125 0.946875 0.01796875 0.0265625
2 0.078125 0.96875 0.01953125 0.03359375
2 0.0953125 0.940625 0.01875 0.028125
2 0.090625 0.91953125 0.01796875 0.02890625
2 0.128125 0.89921875 0.01796875 0.03125
2 0.11171875 0.8765625 0.01875 0.01875
2 0.159375 0.8484375 0.02109375 0.03359375
2 0.2125 0.97734375 0.01796875 0.03359375
2 0.23359375 0.9515625 0.01796875 0.03984375
2 0.1875 0.77578125 0.01640625 0.0265625
2 0.2171875 0.74609375 0.015625 0.025
2 0.228125 0.75625 0.01640625 0.0234375
2 0.2328125 0.71484375 0.0203125 0.02890625
2 0.32734375 0.82578125 0.01640625 0.025
2 0.2671875 0.67109375 0.01953125 0.03203125
2 0.315625 0.59296875 0.01484375 0.025
2 0.35703125 0.6078125 0.01796875 0.02890625
2 0.353125 0.57890625 0.01875 0.02890625
2 0.36015625 0.55078125 0.01875 0.02890625
2 0.353125 0.51796875 0.01640625 0.0390625
2 0.41640625 0.55859375 0.01796875 0.0390625
2 0.43984375 0.56171875 0.01171875 0.02890625
2 0.41640625 0.50546875 0.0203125 0.03125
2 0.33046875 0.9515625 0.02109375 0.025
2 0.37578125 0.95859375 0.01875 0.0296875
2 0.55625 0.778125 0.021875 0.02890625
2 0.43203125 0.4328125 0.01953125 0.0234375
2 0.44453125 0.465625 0.01796875 0.0265625
2 0.48046875 0.43359375 0.0203125 0.0265625
2 0.51015625 0.41796875 0.021875 0.02578125
2 0.3328125 0.315625 0.01640625 0.0296875
2 0.2984375 0.1734375 0.015625 0.03984375
2 0.32421875 0.0109375 0.01875 0.021875
2 0.3359375 0.009375 0.015625 0.01875
2 0.4265625 0.25234375 0.01640625 0.028125
2 0.4390625 0.2859375 0.01640625 0.028125
2 0.4265625 0.28828125 0.01875 0.03828125
2 0.578125 0.36875 0.0203125 0.0203125
2 0.6109375 0.359375 0.01640625 0.01875
2 0.56796875 0.2859375 0.0109375 0.03671875
2 0.55703125 0.21875 0.01328125 0.034375
2 0.58515625 0.19453125 0.01484375 0.034375
2 0.56953125 0.13515625 0.01171875 0.03203125
2 0.55703125 0.04921875 0.01171875 0.034375
2 0.59453125 0.05703125 0.01953125 0.0265625
2 0.64453125 0.3078125 0.01875 0.0234375
2 0.71796875 0.30859375 0.0234375 0.028125
2 0.79921875 0.1640625 0.015625 0.040625
2 0.8265625 0.1390625 0.01171875 0.03515625
2 0.84140625 0.171875 0.02109375 0.028125
2 0.875 0.08046875 0.02109375 0.03671875
2 0.9328125 0.05859375 0.0203125 0.0296875
2 0.84140625 0.21484375 0.02109375 0.034375
2 0.93125 0.22421875 0.01875 0.03125
2 0.940625 0.20390625 0.02109375 0.03828125
2 0.95 0.19921875 0.0140625 0.0296875
2 0.790625 0.29296875 0.0203125 0.0265625
2 0.7546875 0.30546875 0.01640625 0.01953125
2 0.759375 0.31875 0.01484375 0.02578125
2 0.7640625 0.3453125 0.01640625 0.0265625
2 0.73359375 0.3265625 0.0203125 0.03203125
2 0.74453125 0.340625 0.01796875 0.01953125
2 0.7421875 0.35625 0.01484375 0.0234375
2 0.7296875 0.35546875 0.0203125 0.028125
2 0.71484375 0.34921875 0.0234375 0.0296875
2 0.71171875 0.3796875 0.01796875 0.02578125
2 0.68359375 0.3859375 0.01484375 0.025
2 0.68671875 0.39921875 0.01796875 0.0265625
2 0.66953125 0.4078125 0.01796875 0.02890625
2 0.72421875 0.5703125 0.0140625 0.0296875
2 0.8703125 0.74609375 0.01640625 0.034375
2 0.8859375 0.7609375 0.01171875 0.03203125
2 0.9109375 0.77421875 0.0140625 0.03125
2 0.94609375 0.82109375 0.01953125 0.0359375
2 0.965625 0.85859375 0.01953125 0.025
2 0.97578125 0.87578125 0.01875 0.021875
2 0.984375 0.9015625 0.0203125 0.0296875
2 0.93671875 0.97421875 0.02109375 0.02890625
2 0.91640625 0.971875 0.02109375 0.03203125
2 0.8984375 0.93203125 0.01796875 0.02578125
2 0.8796875 0.9109375 0.01875 0.02890625
2 0.86171875 0.89296875 0.0203125 0.021875
2 0.8515625 0.90546875 0.01796875 0.0234375
2 0.846875 0.87421875 0.02109375 0.0234375
2 0.8328125 0.88515625 0.02109375 0.025
2 0.828125 0.86171875 0.021875 0.02421875
2 0.8140625 0.865625 0.021875 0.0203125
2 0.80703125 0.846875 0.01875 0.01875
2 0.81171875 0.83203125 0.01875 0.01953125
2 0.790625 0.815625 0.021875 0.0203125
2 0.778125 0.82734375 0.01796875 0.0234375
2 0.734375 0.759375 0.01875 0.01953125
2 0.71953125 0.78671875 0.02421875 0.0265625
2 0.7140625 0.7609375 0.0203125 0.0234375
2 0.71875 0.7484375 0.01875 0.01875
2 0.71015625 0.72421875 0.021875 0.01953125
2 0.69921875 0.734375 0.02109375 0.021875
2 0.696875 0.74921875 0.021875 0.01953125
2 0.69375 0.7640625 0.02109375 0.01640625
2 0.67421875 0.75234375 0.01953125 0.0234375
2 0.584375 0.56796875 0.01875 0.0453125
4 0.04921875 0.97578125 0.01328125 0.01875
4 0.06796875 0.9671875 0.01171875 0.01796875
4 0.103125 0.89140625 0.01015625 0.01328125
4 0.08984375 0.90078125 0.0109375 0.01875
4 0.05859375 0.86171875 0.009375 0.01171875
4 0.0640625 0.87578125 0.009375 0.01640625
4 0.08359375 0.8515625 0.00703125 0.0140625
4 0.08828125 0.846875 0.009375 0.0109375
4 0.09296875 0.8421875 0.00546875 0.015625
4 0.096875 0.83984375 0.0046875 0.0140625
4 0.109375 0.828125 0.00703125 0.01171875
4 0.1140625 0.82109375 0.00703125 0.015625
4 0.1171875 0.815625 0.00703125 0.015625
4 0.12109375 0.81015625 0.00859375 0.01640625
4 0.16796875 0.80859375 0.0109375 0.015625
4 0.17890625 0.79765625 0.01015625 0.015625
4 0.18203125 0.80234375 0.00546875 0.015625
4 0.1890625 0.815625 0.00703125 0.01875
4 0.1890625 0.7984375 0.01015625 0.01171875
4 0.20078125 0.8015625 0.009375 0.015625
4 0.1984375 0.7796875 0.01015625 0.0140625
4 0.2171875 0.7765625 0.009375 0.015625
4 0.209375 0.74453125 0.01015625 0.01328125
4 0.21875 0.72890625 0.009375 0.01328125
4 0.22578125 0.70546875 0.01015625 0.01328125
4 0.2890625 0.6484375 0.01015625 0.01171875
4 0.30078125 0.62890625 0.009375 0.01328125
4 0.32109375 0.653125 0.01015625 0.01328125
4 0.33671875 0.6125 0.00859375 0.0109375
4 0.4203125 0.54609375 0.009375 0.015625
4 0.43359375 0.534375 0.009375 0.015625
4 0.4296875 0.5734375 0.009375 0.01953125
4 0.43203125 0.48515625 0.01171875 0.01328125
4 0.4703125 0.45859375 0.01328125 0.01328125
4 0.4984375 0.43359375 0.01328125 0.01484375
4 0.51640625 0.42421875 0.01015625 0.0109375
4 0.48671875 0.384375 0.01484375 0.0109375
4 0.371875 0.078125 0.01015625 0.00859375
4 0.39765625 0.12421875 0.00859375 0.0140625
4 0.40078125 0.13046875 0.00703125 0.01015625
4 0.403125 0.13828125 0.00859375 0.009375
4 0.40703125 0.14375 0.00703125 0.009375
4 0.41015625 0.13046875 0.00859375 0.01484375
4 0.40859375 0.1515625 0.0109375 0.00703125
4 0.41328125 0.15859375 0.00546875 0.01328125
4 0.41953125 0.1515625 0.0046875 0.009375
4 0.4234375 0.15546875 0.00546875 0.009375
4 0.415625 0.16875 0.00703125 0.01015625
4 0.41953125 0.1734375 0.0046875 0.01328125
4 0.4265625 0.16875 0.00625 0.01171875
4 0.43125 0.1765625 0.01015625 0.01484375
4 0.44453125 0.31328125 0.009375 0.01640625
4 0.53203125 0.3984375 0.0109375 0.01171875
4 0.54609375 0.38203125 0.0109375 0.00859375
4 0.54453125 0.425 0.01328125 0.01015625
4 0.57578125 0.2875 0.00703125 0.01640625
4 0.590625 0.31796875 0.01015625 0.01875
4 0.58828125 0.23515625 0.009375 0.01484375
4 0.63515625 0.3375 0.01171875 0.0109375
4 0.6515625 0.3359375 0.015625 0.0109375
4 0.6765625 0.3203125 0.01171875 0.009375
4 0.684375 0.33359375 0.01015625 0.01328125
4 0.75390625 0.2171875 0.00859375 0.0109375
4 0.81796875 0.15390625 0.01015625 0.01171875
4 0.81484375 0.14375 0.00859375 0.01484375
4 0.84609375 0.14921875 0.01015625 0.01484375
4 0.88359375 0.1140625 0.01015625 0.015625
4 0.8953125 0.08671875 0.01171875 0.01875
4 0.90546875 0.07421875 0.00859375 0.01875
4 0.95625 0.08671875 0.0109375 0.025
4 0.746875 0.32109375 0.00859375 0.01640625
4 0.73203125 0.37109375 0.00703125 0.01171875
4 0.72890625 0.365625 0.00859375 0.01015625
4 0.7234375 0.375 0.00859375 0.00703125
4 0.728125 0.3859375 0.00703125 0.01015625
4 0.7203125 0.3859375 0.00625 0.01171875
4 0.715625 0.3859375 0.00859375 0.01015625
4 0.69921875 0.39375 0.00859375 0.01015625
4 0.6984375 0.4015625 0.00625 0.01015625
4 0.6921875 0.40546875 0.00859375 0.01171875
4 0.68359375 0.415625 0.00859375 0.01171875
4 0.6859375 0.41953125 0.00703125 0.01328125
4 0.67578125 0.4546875 0.00859375 0.01015625
4 0.7578125 0.6859375 0.009375 0.01328125
4 0.76328125 0.67421875 0.00859375 0.0140625
4 0.821875 0.71171875 0.003125 0.01171875
4 0.82421875 0.7140625 0.0046875 0.01796875
4 0.83671875 0.7265625 0.00546875 0.01640625
4 0.8484375 0.73203125 0.00625 0.02109375
4 0.853125 0.740625 0.00390625 0.01640625
4 0.85859375 0.746875 0.00390625 0.01796875
4 0.84375 0.77578125 0.009375 0.01171875
4 0.884375 0.81328125 0.01015625 0.0203125
4 0.9265625 0.8140625 0.00703125 0.01640625
4 0.915625 0.79140625 0.00546875 0.01484375
4 0.95 0.89453125 0.01015625 0.01484375
4 0.97890625 0.8609375 0.009375 0.01015625
4 0.9859375 0.85078125 0.0109375 0.009375
4 0.9890625 0.86953125 0.00859375 0.01953125
4 0.8515625 0.89453125 0.01015625 0.0140625
4 0.8375 0.87890625 0.01015625 0.01484375
4 0.82109375 0.8890625 0.01015625 0.01484375
4 0.8171875 0.88125 0.01015625 0.01328125
4 0.80859375 0.87734375 0.009375 0.01796875
4 0.7265625 0.76640625 0.01015625 0.01015625
4 0.7265625 0.78203125 0.00546875 0.01484375
4 0.7203125 0.73828125 0.00859375 0.01328125
4 0.7046875 0.76640625 0.01015625 0.0140625
4 0.68828125 0.7046875 0.009375 0.01171875
4 0.684375 0.7265625 0.00859375 0.01328125
4 0.6796875 0.73359375 0.01015625 0.0140625
4 0.67421875 0.7421875 0.01015625 0.0140625
4 0.6703125 0.76171875 0.0109375 0.0140625
4 0.48125 0.659375 0.01015625 0.0234375
4 0.434375 0.84921875 0.0109375 0.01953125
4 0.3875 0.91328125 0.01484375 0.02578125
4 0.30234375 0.85390625 0.009375 0.0203125
4 0.2515625 0.9296875 0.009375 0.0203125
4 0.453125 0.61015625 0.009375 0.00859375
0 0.10390625 0.91171875 0.0140625 0.02578125
0 0.11328125 0.85703125 0.01640625 0.0265625
0 0.10859375 0.89296875 0.01328125 0.02890625
0 0.1203125 0.890625 0.015625 0.021875
0 0.1265625 0.87578125 0.01640625 0.02421875
0 0.20546875 0.78359375 0.01328125 0.02421875
0 0.328125 0.609375 0.01171875 0.028125
0 0.346875 0.60078125 0.01171875 0.0234375
0 0.38359375 0.57109375 0.01640625 0.01953125
0 0.41796875 0.4375 0.01640625 0.025
0 0.34765625 0.44140625 0.01171875 0.0234375
0 0.43046875 0.47109375 0.01640625 0.021875
0 0.4484375 0.44140625 0.01328125 0.01875
0 0.4578125 0.425 0.01328125 0.01875
0 0.51640625 0.39140625 0.015625 0.0203125
0 0.428125 0.30546875 0.01171875 0.02421875
0 0.33359375 0.0625 0.01328125 0.02109375
0 0.5515625 0.40390625 0.01484375 0.0203125
0 0.55234375 0.35078125 0.01328125 0.02578125
0 0.60859375 0.2859375 0.00859375 0.01875
0 0.60546875 0.25390625 0.01015625 0.02109375
0 0.6765625 0.296875 0.01484375 0.025
0 0.71171875 0.2671875 0.01484375 0.02421875
0 0.72109375 0.28359375 0.01484375 0.0234375
0 0.765625 0.32734375 0.01171875 0.0140625
0 0.7 0.37578125 0.01328125 0.02109375
0 0.66953125 0.43203125 0.01171875 0.02109375
0 0.6765625 0.434375 0.0140625 0.0203125
0 0.7609375 0.6453125 0.015625 0.02578125
0 0.8765625 0.76484375 0.01171875 0.02421875
0 0.90078125 0.76640625 0.01171875 0.03046875
0 0.79375 0.8328125 0.0140625 0.02109375
0 0.6921875 0.71640625 0.015625 0.01953125
3 0.34453125 0.04140625 0.02421875 0.046875
3 0.46171875 0.44140625 0.01796875 0.02109375
3 0.83203125 0.9140625 0.02109375 0.03046875
1 0.9828125 0.9828125 0.034375 0.034375
1 0.771875 0.78203125 0.0515625 0.0515625
1 0.753125 0.79609375 0.0546875 0.04921875
1 0.7015625 0.615625 0.0484375 0.06953125
1 0.57421875 0.4375 0.046875 0.059375
1 0.4484375 0.26328125 0.03203125 0.05859375
1 0.253125 0.890625 0.04375 0.05546875
1 0.10546875 0.96171875 0.04296875 0.06015625
1 0.14609375 0.90078125 0.0484375 0.06640625
6 0.25390625 0.71484375 0.040625 0.05078125