0 0.475 0.21875 0.01953125 0.0265625
0 0.5296875 0.5015625 0.0140625 0.02890625
0 0.41796875 0.6953125 0.01953125 0.021875
0 0.509375 0.70078125 0.01796875 0.02890625
0 0.4984375 0.72265625 0.01484375 0.02890625
0 0.42734375 0.8984375 0.01875 0.02421875
0 0.23984375 0.70234375 0.01953125 0.01875
0 0.51796875 0.94765625 0.015625 0.01171875
0 0.14609375 0.9703125 0.01796875 0.01796875
1 0.2234375 0.671875 0.05625 0.03125
1 0.284375 0.6671875 0.06015625 0.0296875
2 0.321875 0.77890625 0.02890625 0.02890625
2 0.3984375 0.8140625 0.02578125 0.034375
2 0.4296875 0.75625 0.0234375 0.02578125
2 0.88125 0.81484375 0.0296875 0.02578125
3 0.69453125 0.865625 0.03046875 0.034375
6 0.7765625 0.8671875 0.0515625 0.03203125
4 0.10625 0.71328125 0.0140625 0.01328125
4 0.0484375 0.72578125 0.0140625 0.01171875
4 0.0046875 0.74609375 0.00859375 0.01484375
4 0.078125 0.953125 0.01171875 0.01796875
4 0.3421875 0.8921875 0.0140625 0.01484375
4 0.44140625 0.80859375 0.0140625 0.01640625
4 0.65 0.85 0.015625 0.01328125
4 0.928125 0.8484375 0.015625 0.01171875
4 0.9765625 0.78359375 0.0140625 0.01640625
4 0.9953125 0.7953125 0.009375 0.01171875
4 0.92109375 0.790625 0.015625 0.01171875
4 0.87421875 0.77421875 0.0140625 0.01484375
4 0.8234375 0.775 0.01171875 0.01484375
4 0.79921875 0.78828125 0.01484375 0.01640625
4 0.7390625 0.78125 0.0140625 0.01484375
4 0.69453125 0.78359375 0.0140625 0.0109375
4 0.65859375 0.76328125 0.01171875 0.015625
4 0.203125 0.7859375 0.01640625 0.0203125
4 0.36171875 0.76875 0.01796875 0.02578125
4 0.846875 0.72734375 0.009375 0.01171875
4 0.63984375 0.65703125 0.01328125 0.0109375
4 0.51484375 0.7515625 0.01015625 0.02109375
4 0.56484375 0.73203125 0.01015625 0.01640625
4 0.471875 0.675 0.00703125 0.01640625
4 0.490625 0.646875 0.00859375 0.0234375
4 0.47890625 0.621875 0.009375 0.02109375
4 0.53828125 0.6453125 0.0109375 0.02421875
4 0.48828125 0.58046875 0.0140625 0.0234375
4 0.53515625 0.53671875 0.00859375 0.01953125