0 0.0453125 0.7421875 0.01953125 0.0140625
4 0.03359375 0.7984375 0.0140625 0.0140625
4 0.096875 0.7984375 0.01484375 0.01796875
4 0.1671875 0.9 0.01328125 0.01328125
0 0.140625 0.96328125 0.0140625 0.02109375
0 0.19921875 0.7859375 0.01640625 0.0140625
4 0.23671875 0.79375 0.015625 0.01640625
4 0.3515625 0.775 0.01484375 0.0109375
2 0.315625 0.890625 0.021875 0.0265625
4 0.25 0.6953125 0.01171875 0.01015625
4 0.359375 0.69921875 0.0109375 0.0109375
5 0.21953125 0.671875 0.05625 0.02890625
5 0.27734375 0.665625 0.05625 0.0265625
2 0.45234375 0.715625 0.01640625 0.0390625
2 0.42109375 0.80546875 0.02578125 0.02890625
2 0.4578125 0.840625 0.015625 0.0359375
0 0.4734375 0.8359375 0.01171875 0.0234375
1 0.42890625 0.88203125 0.05703125 0.034375
4 0.4765625 0.85625 0.01015625 0.01171875
4 0.48828125 0.7859375 0.0109375 0.015625
4 0.52578125 0.7828125 0.0140625 0.01484375
4 0.5578125 0.73359375 0.009375 0.01796875
4 0.546875 0.78671875 0.0109375 0.01484375
4 0.53828125 0.82890625 0.0109375 0.015625
4 0.54921875 0.8234375 0.00859375 0.01171875
4 0.50859375 0.846875 0.00625 0.0140625
3 0.52109375 0.89609375 0.0296875 0.02578125
4 0.55625 0.925 0.009375 0.0109375
0 0.509375 0.94609375 0.01484375 0.0140625
2 0.565625 0.8453125 0.01875 0.02421875
0 0.59296875 0.753125 0.0140625 0.01796875
4 0.4921875 0.6765625 0.00625 0.015625
4 0.58671875 0.85 0.0109375 0.01484375
2 0.65703125 0.89140625 0.0234375 0.0203125
4 0.8015625 0.85390625 0.01171875 0.01015625
4 0.80390625 0.89921875 0.01171875 0.01484375
4 0.7921875 0.77421875 0.01328125 0.01328125
3 0.7171875 0.77421875 0.01640625 0.02109375
4 0.67421875 0.7859375 0.015625 0.01328125
4 0.65390625 0.80390625 0.01015625 0.0140625
4 0.47734375 0.56875 0.009375 0.025
0 0.52578125 0.4046875 0.00859375 0.0296875
4 0.47421875 0.21875 0.00703125 0.0296875
4 0.4703125 0.0984375 0.00703125 0.01796875
4 0.58359375 0.6703125 0.01015625 0.0109375
2 0.72109375 0.70078125 0.0203125 0.01796875
4 0.9890625 0.70859375 0.0140625 0.01484375