3 0.0921875 0.60390625 0.01796875 0.01171875
3 0.12109375 0.553125 0.02421875 0.0203125
5 0.12265625 0.67734375 0.04140625 0.01640625
5 0.14921875 0.64375 0.040625 0.01796875
6 0.28203125 0.63671875 0.034375 0.01796875
5 0.33046875 0.5515625 0.046875 0.02890625
6 0.2546875 0.49296875 0.03671875 0.02109375
0 0.3390625 0.46171875 0.01171875 0.01953125
5 0.396875 0.50078125 0.05546875 0.0234375
2 0.36875 0.4796875 0.01328125 0.015625
6 0.39765625 0.46953125 0.02890625 0.01875
4 0.3515625 0.59453125 0.01484375 0.0140625
5 0.4515625 0.47734375 0.046875 0.02109375
0 0.43046875 0.45625 0.01328125 0.01484375
6 0.51640625 0.45859375 0.0390625 0.021875
4 0.440625 0.60703125 0.0140625 0.01171875
6 0.49609375 0.62578125 0.03046875 0.0203125
2 0.5015625 0.6 0.02109375 0.01796875
4 0.54609375 0.56171875 0.01328125 0.015625
3 0.5796875 0.628125 0.01953125 0.01953125
4 0.62421875 0.61953125 0.00859375 0.015625
4 0.65390625 0.5609375 0.0109375 0.0109375
6 0.625 0.4734375 0.03203125 0.025
6 0.6921875 0.56171875 0.03359375 0.0234375
2 0.70625 0.534375 0.01796875 0.01484375
2 0.70859375 0.615625 0.01640625 0.0140625
4 0.68828125 0.58828125 0.01171875 0.01171875
2 0.72109375 0.65703125 0.01171875 0.02890625
0 0.74921875 0.61015625 0.01171875 0.01953125
0 0.8234375 0.60390625 0.0140625 0.01484375
3 0.8140625 0.53203125 0.015625 0.01796875
4 0.86875 0.62421875 0.00546875 0.009375
5 0.8890625 0.64140625 0.03828125 0.0203125
4 0.90390625 0.6265625 0.00859375 0.00859375
4 0.91796875 0.63359375 0.00625 0.00859375
4 0.9140625 0.615625 0.00859375 0.0109375
4 0.921875 0.59921875 0.0109375 0.0140625
4 0.84375 0.465625 0.009375 0.0140625
6 0.97421875 0.46484375 0.0359375 0.01953125
1 0.66328125 0.38359375 0.04609375 0.02421875
5 0.7234375 0.38359375 0.0546875 0.02890625
2 0.34453125 0.290625 0.01875 0.021875
2 0.50703125 0.328125 0.01484375 0.02890625
2 0.52109375 0.32890625 0.009375 0.03125
2 0.56015625 0.31640625 0.01015625 0.0234375
2 0.57109375 0.31953125 0.00859375 0.0296875