2 0.1796875 0.4578125 0.02421875 0.03125
2 0.2515625 0.46796875 0.02109375 0.01953125
2 0.215625 0.41328125 0.01328125 0.034375
2 0.0109375 0.43203125 0.01875 0.04296875
4 0.009375 0.38046875 0.01015625 0.0234375
2 0.021875 0.58515625 0.01796875 0.02109375
4 0.06015625 0.52578125 0.01640625 0.025
5 0.35703125 0.4984375 0.0203125 0.0234375
2 0.30078125 0.425 0.01328125 0.03203125
2 0.31484375 0.4265625 0.00859375 0.03515625
2 0.4875 0.49140625 0.02421875 0.0203125
2 0.54453125 0.50703125 0.01875 0.01875
2 0.58359375 0.4734375 0.01875 0.015625
2 0.584375 0.50390625 0.0234375 0.015625
0 0.590625 0.490625 0.01640625 0.02109375
2 0.590625 0.53515625 0.025 0.02578125
2 0.65703125 0.49453125 0.02109375 0.0265625
2 0.66171875 0.5515625 0.0203125 0.0234375
2 0.64375 0.5875 0.0234375 0.01875
2 0.76015625 0.496875 0.021875 0.01953125
2 0.721875 0.48359375 0.02109375 0.0203125
2 0.81328125 0.478125 0.0203125 0.01796875
2 0.90078125 0.43515625 0.02578125 0.01796875
2 0.921875 0.48359375 0.01875 0.01640625
1 0.92890625 0.46171875 0.01328125 0.0140625
2 0.98359375 0.43046875 0.02578125 0.02890625
2 0.984375 0.54375 0.02421875 0.01875
2 0.9453125 0.57265625 0.02109375 0.01796875
2 0.96171875 0.5734375 0.0203125 0.01875
2 0.97890625 0.56875 0.0234375 0.0265625
2 0.85390625 0.5765625 0.0203125 0.01484375
2 0.83359375 0.58125 0.021875 0.01953125
2 0.8359375 0.62109375 0.0109375 0.03359375
2 0.84609375 0.61953125 0.01015625 0.03203125
2 0.85625 0.62265625 0.00859375 0.03671875
2 0.86640625 0.62421875 0.0109375 0.0390625
2 0.8765625 0.62421875 0.01875 0.03515625
2 0.884375 0.68671875 0.00859375 0.0296875
2 0.87578125 0.690625 0.01171875 0.0296875
2 0.86328125 0.69140625 0.0109375 0.0390625
2 0.85234375 0.690625 0.00859375 0.02890625
2 0.84296875 0.69296875 0.015625 0.03359375
2 0.828125 0.690625 0.0140625 0.03203125
2 0.8203125 0.6640625 0.021875 0.0296875
2 0.98671875 0.61875 0.01171875 0.04296875
5 0.41328125 0.45625 0.0296875 0.021875
4 0.41953125 0.4953125 0.01015625 0.01484375
4 0.43203125 0.484375 0.01015625 0.0203125
4 0.328125 0.48203125 0.01953125 0.01171875
4 0.3046875 0.48046875 0.01484375 0.01328125
4 0.48359375 0.56875 0.02109375 0.02421875