2 0.04375 0.98203125 0.015625 0.021875
2 0.03046875 0.98671875 0.0140625 0.02578125
2 0.07734375 0.8140625 0.01640625 0.028125
2 0.2453125 0.9734375 0.01875 0.03125
2 0.28203125 0.9390625 0.0140625 0.02421875
2 0.25625 0.90234375 0.01796875 0.02890625
2 0.24765625 0.8875 0.01328125 0.02109375
2 0.24296875 0.8140625 0.01484375 0.0203125
2 0.33125 0.73359375 0.0140625 0.0203125
2 0.31328125 0.690625 0.0140625 0.02421875
2 0.31953125 0.60703125 0.0140625 0.02421875
2 0.24921875 0.51640625 0.0140625 0.0234375
2 0.328125 0.65078125 0.01484375 0.025
2 0.33515625 0.60625 0.0140625 0.025
2 0.3484375 0.621875 0.01171875 0.02109375
2 0.3578125 0.57734375 0.01640625 0.025
2 0.36640625 0.59375 0.0140625 0.021875
2 0.39140625 0.63203125 0.0140625 0.025
2 0.43203125 0.64609375 0.01640625 0.03125
2 0.38359375 0.56328125 0.01328125 0.02109375
2 0.3953125 0.50078125 0.01328125 0.02578125
2 0.38828125 0.46640625 0.01171875 0.02578125
2 0.47109375 0.5234375 0.01484375 0.025
2 0.41953125 0.49765625 0.01484375 0.02109375
2 0.41328125 0.44296875 0.0140625 0.02578125
2 0.51015625 0.43671875 0.01328125 0.021875
2 0.54375 0.46875 0.0140625 0.02421875
2 0.58984375 0.39375 0.015625 0.02578125
2 0.68203125 0.20546875 0.01484375 0.0265625
2 0.703125 0.203125 0.01640625 0.02890625
2 0.72109375 0.14921875 0.0140625 0.0234375
2 0.78828125 0.04765625 0.015625 0.0265625
2 0.8109375 0.04921875 0.0140625 0.02421875
2 0.81171875 0.1390625 0.01640625 0.028125
2 0.78125 0.1609375 0.01484375 0.0265625
2 0.45078125 0.13671875 0.0140625 0.021875
2 0.6421875 0.39140625 0.0140625 0.02421875
2 0.63046875 0.4140625 0.01484375 0.025
2 0.615625 0.4359375 0.01171875 0.02109375
2 0.6015625 0.459375 0.01328125 0.021875
2 0.609375 0.46640625 0.0140625 0.02421875
2 0.6078125 0.490625 0.0140625 0.025
2 0.58671875 0.48515625 0.01328125 0.0203125
2 0.596875 0.4890625 0.0140625 0.02421875
2 0.54921875 0.66171875 0.01640625 0.02890625
2 0.47578125 0.73828125 0.015625 0.0203125
2 0.51875 0.71640625 0.01484375 0.01328125
2 0.5734375 0.71328125 0.009375 0.0234375
2 0.421875 0.80703125 0.01484375 0.025
2 0.73828125 0.95234375 0.015625 0.025
2 0.734375 0.9171875 0.015625 0.02578125
2 0.70390625 0.93359375 0.01640625 0.028125
2 0.70078125 0.87109375 0.015625 0.02578125
2 0.684375 0.83984375 0.01328125 0.021875
2 0.68203125 0.8578125 0.01171875 0.02109375
2 0.67109375 0.86328125 0.0140625 0.025
2 0.66328125 0.8296875 0.01328125 0.02421875
2 0.66875 0.815625 0.015625 0.0234375
2 0.65625 0.84140625 0.0140625 0.028125
2 0.64453125 0.8140625 0.0140625 0.0234375
2 0.63046875 0.78828125 0.0140625 0.021875
2 0.615625 0.78515625 0.01171875 0.0234375
2 0.6265625 0.76484375 0.01171875 0.0203125
2 0.615625 0.73359375 0.015625 0.028125
2 0.6015625 0.70703125 0.01328125 0.021875
2 0.60859375 0.753125 0.0140625 0.0234375
2 0.578125 0.75546875 0.01484375 0.025
6 0.64921875 0.7890625 0.02578125 0.04296875
0 0.67734375 0.70390625 0.00625 0.01640625
0 0.69453125 0.74921875 0.00859375 0.015625
0 0.66171875 0.8734375 0.00859375 0.01484375
0 0.61640625 0.80546875 0.00859375 0.01484375
0 0.6015625 0.76796875 0.00859375 0.0140625
0 0.59453125 0.73515625 0.00859375 0.015625
0 0.59921875 0.72421875 0.00859375 0.015625
0 0.56171875 0.70078125 0.00703125 0.01875
0 0.484375 0.61328125 0.01015625 0.01796875
0 0.5859375 0.53359375 0.00859375 0.01328125
0 0.9359375 0.04609375 0.01171875 0.0203125
0 0.61796875 0.2109375 0.009375 0.01640625
0 0.43515625 0.378125 0.00546875 0.01796875
0 0.45703125 0.78828125 0.00859375 0.015625
0 0.39296875 0.86953125 0.009375 0.015625
0 0.29296875 0.95234375 0.009375 0.01875
3 0.0640625 0.89140625 0.01796875 0.02890625
4 0.05859375 0.8703125 0.00703125 0.009375
0 0.315625 0.63046875 0.009375 0.01796875
0 0.33828125 0.5671875 0.009375 0.01484375
0 0.35078125 0.546875 0.009375 0.01640625
0 0.38203125 0.52421875 0.009375 0.01484375
0 0.3796875 0.5 0.009375 0.01484375
0 0.39375 0.478125 0.00703125 0.01484375
0 0.4078125 0.4703125 0.009375 0.01484375
0 0.42421875 0.30703125 0.00546875 0.01484375
0 0.428125 0.28828125 0.00546875 0.01640625
0 0.32421875 0.29375 0.00859375 0.0140625
0 0.33046875 0.303125 0.00859375 0.01796875
0 0.29921875 0.24453125 0.009375 0.01796875
0 0.271875 0.1859375 0.009375 0.0140625
0 0.203125 0.0453125 0.01015625 0.01640625
5 0.409375 0.15078125 0.021875 0.04140625
2 0.4015625 0.22890625 0.015625 0.02109375
2 0.43671875 0.275 0.009375 0.03359375
2 0.3984375 0.29296875 0.01328125 0.02421875
3 0.37109375 0.3375 0.01171875 0.028125
4 0.4359375 0.23046875 0.0046875 0.0109375
4 0.4671875 0.13828125 0.0046875 0.0109375
4 0.47421875 0.15078125 0.0046875 0.01015625
4 0.44140625 0.33984375 0.00390625 0.01484375
4 0.41796875 0.30390625 0.00390625 0.0140625
4 0.409375 0.3515625 0.00390625 0.01328125
4 0.43125 0.4140625 0.0046875 0.01328125
4 0.509375 0.384375 0.00546875 0.009375
4 0.3765625 0.48359375 0.0046875 0.00859375
4 0.371875 0.503125 0.0046875 0.01171875
3 0.38515625 0.5359375 0.0140625 0.021875
4 0.40234375 0.534375 0.00546875 0.00703125
4 0.40546875 0.5609375 0.00546875 0.01015625
3 0.41640625 0.621875 0.01953125 0.034375
4 0.19921875 0.93125 0.00625 0.0109375
4 0.253125 0.840625 0.00703125 0.01484375
4 0.378125 0.8109375 0.00546875 0.0109375
4 0.396875 0.78671875 0.00546875 0.01015625
4 0.3859375 0.7671875 0.0046875 0.01328125
4 0.54609375 0.71953125 0.00703125 0.00859375
4 0.5015625 0.59375 0.00546875 0.009375
4 0.559375 0.46953125 0.00546875 0.01328125
4 0.5265625 0.37421875 0.00625 0.01015625
4 0.578125 0.278125 0.00625 0.01015625
4 0.5765625 0.29921875 0.00390625 0.01015625
4 0.603125 0.2203125 0.0046875 0.01171875
4 0.765625 0.20546875 0.00625 0.01015625
4 0.684375 0.26875 0.00546875 0.0109375
4 0.61171875 0.5015625 0.00546875 0.0109375
4 0.6046875 0.51328125 0.00546875 0.00625
4 0.5984375 0.509375 0.0046875 0.009375
4 0.59296875 0.5109375 0.00546875 0.00859375
4 0.59140625 0.52109375 0.00546875 0.01015625
4 0.59453125 0.5234375 0.0046875 0.00703125
4 0.56171875 0.64765625 0.00625 0.00859375
4 0.553125 0.64921875 0.00546875 0.01015625
4 0.53671875 0.653125 0.00546875 0.00859375
4 0.546875 0.6734375 0.0046875 0.0140625
4 0.58671875 0.73359375 0.00625 0.01015625
4 0.62421875 0.73515625 0.00546875 0.01015625
4 0.61953125 0.76796875 0.0046875 0.01171875
4 0.59453125 0.753125 0.00390625 0.01015625
4 0.59375 0.74375 0.00546875 0.009375
4 0.58671875 0.74453125 0.00390625 0.00859375
4 0.5875 0.7546875 0.0046875 0.0109375
4 0.58125 0.74375 0.00546875 0.01015625
4 0.60078125 0.7546875 0.0046875 0.0109375
4 0.60625 0.76171875 0.0046875 0.009375
4 0.67421875 0.83671875 0.0046875 0.01328125
4 0.78828125 0.996875 0.0046875 0.00625
4 0.91875 0.04140625 0.00859375 0.0140625