5 0.22265625 0.6890625 0.059375 0.0453125
5 0.2828125 0.6796875 0.05703125 0.03125
2 0.0921875 0.815625 0.040625 0.02578125
2 0.09296875 0.86875 0.034375 0.034375
2 0.39609375 0.81875 0.034375 0.040625
2 0.434375 0.74921875 0.03515625 0.03125
2 0.39140625 0.88828125 0.03046875 0.03359375
2 0.37578125 0.93671875 0.02890625 0.03671875
0 0.48046875 0.55859375 0.01875 0.046875
2 0.521875 0.80859375 0.03203125 0.03828125
2 0.58046875 0.809375 0.034375 0.03046875
2 0.75390625 0.77578125 0.02421875 0.04296875
2 0.91953125 0.78984375 0.040625 0.040625
2 0.55703125 0.85703125 0.028125 0.03515625
0 0.521875 0.11015625 0.01953125 0.04375
4 0.0421875 0.80546875 0.015625 0.0296875
4 0.20078125 0.80625 0.01953125 0.02890625
4 0.1640625 0.81640625 0.015625 0.01953125
4 0.22421875 0.90859375 0.02109375 0.0234375
4 0.296875 0.80703125 0.01796875 0.03125
4 0.42421875 0.67578125 0.01171875 0.01875
4 0.5890625 0.9078125 0.01875 0.034375
4 0.53203125 0.90078125 0.021875 0.02890625
4 0.66953125 0.8890625 0.01953125 0.02421875
4 0.690625 0.76875 0.01640625 0.0265625
4 0.51953125 0.7265625 0.01328125 0.02890625
4 0.565625 0.78359375 0.02109375 0.0203125
4 0.6265625 0.69609375 0.01640625 0.02109375
4 0.68515625 0.69375 0.01953125 0.02890625
4 0.871875 0.71796875 0.0140625 0.0234375
4 0.97421875 0.84453125 0.0203125 0.0265625
4 0.96953125 0.87109375 0.025 0.02109375
4 0.28125 0.7296875 0.01640625 0.0140625
4 0.30234375 0.70625 0.0265625 0.01640625
4 0.11328125 0.90859375 0.015625 0.0203125
4 0.34609375 0.8 0.01875 0.0140625
2 0.4828125 0.6296875 0.01328125 0.06015625
4 0.48046875 0.40546875 0.01640625 0.02890625
4 0.5203125 0.21640625 0.01171875 0.03046875
4 0.4671875 0.20390625 0.01484375 0.02109375
4 0.465625 0.0609375 0.015625 0.0234375
4 0.6453125 0.79296875 0.01171875 0.03125
4 0.6046875 0.8546875 0.01953125 0.02421875
4 0.74453125 0.8859375 0.01796875 0.0203125
4 0.69296875 0.91015625 0.01796875 0.03359375
4 0.890625 0.83984375 0.0203125 0.0296875