4 0.015625 0.46796875 0.01171875 0.0140625
4 0.14921875 0.56875 0.01015625 0.01171875
5 0.14140625 0.6765625 0.04140625 0.028125
5 0.165625 0.64296875 0.040625 0.0203125
5 0.0921875 0.4890625 0.05 0.01953125
5 0.1484375 0.484375 0.03984375 0.02109375
5 0.11953125 0.50703125 0.04375 0.01484375
3 0.1984375 0.53046875 0.01875 0.01171875
3 0.22109375 0.553125 0.02890625 0.0203125
1 0.29921875 0.53125 0.05 0.01953125
6 0.365625 0.47890625 0.03203125 0.02421875
6 0.3796875 0.54765625 0.02890625 0.025
5 0.296875 0.63515625 0.034375 0.0203125
4 0.18203125 0.409375 0.01328125 0.0140625
2 0.3609375 0.28828125 0.01875 0.01484375
2 0.5234375 0.328125 0.01171875 0.03046875
2 0.53515625 0.3265625 0.009375 0.03125
2 0.57578125 0.31640625 0.00859375 0.0265625
2 0.58671875 0.31875 0.01015625 0.0265625
6 0.5109375 0.621875 0.028125 0.01796875
3 0.5546875 0.52578125 0.0203125 0.01796875
4 0.5515625 0.4546875 0.01796875 0.01875
5 0.60859375 0.478125 0.04375 0.02578125
3 0.58125 0.590625 0.021875 0.01796875
3 0.5953125 0.6234375 0.01796875 0.01484375
4 0.60390625 0.56015625 0.01171875 0.015625
2 0.72421875 0.615625 0.01875 0.01875
6 0.703125 0.53984375 0.02890625 0.015625
2 0.70703125 0.5203125 0.0203125 0.01953125
4 0.73125 0.45078125 0.015625 0.01640625
0 0.765625 0.609375 0.0203125 0.0234375
0 0.840625 0.60625 0.01484375 0.0203125
5 0.88203125 0.590625 0.04140625 0.0265625
5 0.9078125 0.64140625 0.040625 0.02578125
2 0.9515625 0.61015625 0.01953125 0.01640625
4 0.96171875 0.58359375 0.015625 0.01171875
5 0.94296875 0.46953125 0.04921875 0.0265625
1 0.6796875 0.3828125 0.0484375 0.02578125
5 0.7390625 0.38203125 0.0484375 0.025
6 0.86796875 0.28203125 0.01640625 0.053125
2 0.96171875 0.39375 0.0140625 0.02421875
2 0.9921875 0.38828125 0.015625 0.0296875