2 0.48359375 0.49609375 0.01875 0.0484375
2 0.49296875 0.36875 0.02890625 0.03515625
2 0.28671875 0.971875 0.0203125 0.046875
0 0.73203125 0.88359375 0.01796875 0.03125
0 0.42109375 0.640625 0.01796875 0.03046875
0 0.64609375 0.44296875 0.01640625 0.02890625
0 0.36171875 0.365625 0.01796875 0.0265625
0 0.3125 0.68515625 0.0140625 0.04453125
4 0.559375 0.52265625 0.0140625 0.025
4 0.56640625 0.4984375 0.00859375 0.01953125
4 0.50546875 0.43828125 0.01171875 0.021875
4 0.63671875 0.41328125 0.01796875 0.025
4 0.51640625 0.590625 0.009375 0.0203125
4 0.52109375 0.55546875 0.01640625 0.01953125
4 0.496875 0.58984375 0.0140625 0.01953125
4 0.5515625 0.684375 0.0140625 0.021875
4 0.596875 0.67578125 0.01171875 0.0234375
4 0.48046875 0.603125 0.01640625 0.025
4 0.46640625 0.6546875 0.01171875 0.01640625
4 0.446875 0.67578125 0.01171875 0.015625
4 0.45390625 0.6921875 0.0140625 0.01640625
4 0.45546875 0.55703125 0.0140625 0.01796875
4 0.42421875 0.490625 0.009375 0.0234375
4 0.41171875 0.50390625 0.009375 0.015625
4 0.4 0.559375 0.01328125 0.0109375
4 0.38203125 0.58671875 0.01171875 0.0109375
4 0.3828125 0.55859375 0.009375 0.02109375
4 0.36484375 0.5453125 0.01171875 0.01875
4 0.36171875 0.5203125 0.01015625 0.0203125
4 0.36953125 0.484375 0.009375 0.0234375
4 0.396875 0.453125 0.01015625 0.0203125
4 0.403125 0.428125 0.01171875 0.025
4 0.38125 0.4171875 0.01640625 0.0203125
4 0.3578125 0.4265625 0.01640625 0.01484375
4 0.46875 0.38671875 0.0140625 0.01875
4 0.45078125 0.359375 0.01484375 0.02421875
4 0.384375 0.38046875 0.009375 0.01953125
4 0.39140625 0.36015625 0.009375 0.02109375
4 0.39453125 0.31796875 0.009375 0.01953125
4 0.40546875 0.3125 0.01171875 0.01953125
4 0.428125 0.31796875 0.0109375 0.01640625
4 0.378125 0.28125 0.01171875 0.01640625
4 0.39296875 0.271875 0.01171875 0.01171875
4 0.35078125 0.24140625 0.0109375 0.0203125
4 0.3390625 0.51328125 0.009375 0.02421875
4 0.328125 0.646875 0.0109375 0.0234375
4 0.33984375 0.64921875 0.009375 0.01953125
4 0.35234375 0.58828125 0.009375 0.01796875
4 0.35546875 0.72421875 0.01171875 0.01875
4 0.3515625 0.7734375 0.01171875 0.01796875
4 0.303125 0.71953125 0.0109375 0.01953125
4 0.278125 0.76640625 0.01015625 0.0234375
4 0.3234375 0.87109375 0.009375 0.0234375
4 0.31171875 0.90390625 0.0109375 0.01640625
4 0.3109375 0.86953125 0.009375 0.021875
4 0.29375 0.88671875 0.00859375 0.0203125
4 0.2984375 0.90546875 0.009375 0.0203125
4 0.29921875 0.9296875 0.0109375 0.01953125
4 0.28671875 0.9234375 0.01015625 0.01953125
4 0.23203125 0.94453125 0.009375 0.021875
4 0.2359375 0.98828125 0.009375 0.0203125
4 0.3921875 0.6875 0.01171875 0.01328125
4 0.378125 0.66953125 0.01171875 0.01640625
4 0.39375 0.70390625 0.0109375 0.01484375
4 0.39140625 0.50390625 0.01484375 0.01484375
4 0.7890625 0.134375 0.01484375 0.02109375
4 0.76328125 0.115625 0.0140625 0.01328125
4 0.69375 0.19375 0.01328125 0.0140625
4 0.66640625 0.22578125 0.01171875 0.015625
4 0.6265625 0.22421875 0.0140625 0.015625
4 0.6234375 0.20703125 0.01484375 0.01484375
4 0.61796875 0.26484375 0.01171875 0.02109375
4 0.56796875 0.29921875 0.01171875 0.01484375
4 0.55703125 0.34453125 0.009375 0.02109375
4 0.5234375 0.35234375 0.015625 0.01484375
4 0.49296875 0.3140625 0.01484375 0.01171875
4 0.4828125 0.45625 0.01015625 0.01953125
4 0.4015625 0.51640625 0.01171875 0.01875
4 0.403125 0.49609375 0.009375 0.01640625
4 0.39921875 0.48125 0.01171875 0.01484375
4 0.40703125 0.45859375 0.00859375 0.01875
4 0.40078125 0.46875 0.01484375 0.0140625
4 0.6171875 0.76875 0.01171875 0.01796875
4 0.590625 0.7375 0.0140625 0.01796875
6 0.565625 0.95390625 0.040625 0.06328125
2 0.72421875 0.965625 0.02578125 0.02421875
4 0.83984375 0.9453125 0.01015625 0.0203125
4 0.82890625 0.49453125 0.01015625 0.02421875
4 0.79921875 0.590625 0.01015625 0.0234375
3 0.80625 0.50546875 0.01640625 0.02890625
3 0.671875 0.4390625 0.02890625 0.03359375
3 0.734375 0.3890625 0.028125 0.034375
3 0.81015625 0.33359375 0.025 0.0265625
2 0.865625 0.290625 0.0296875 0.028125
2 0.84609375 0.390625 0.021875 0.040625
2 0.7578125 0.6328125 0.0203125 0.040625
4 0.71875 0.93359375 0.01328125 0.02421875
4 0.725 0.90390625 0.01171875 0.02109375
4 0.396875 0.3421875 0.00859375 0.02109375
4 0.25859375 0.08203125 0.01171875 0.02109375
4 0.23828125 0.13515625 0.01328125 0.0203125
4 0.24921875 0.15859375 0.009375 0.01875
4 0.23984375 0.15625 0.01171875 0.015625
4 0.23359375 0.16796875 0.009375 0.01796875
2 0.23125 0.190625 0.0234375 0.03046875
2 0.190625 0.12890625 0.02109375 0.034375
3 0.25390625 0.2359375 0.01953125 0.03125
3 0.18984375 0.209375 0.021875 0.03515625
3 0.21328125 0.2546875 0.02421875 0.03984375
6 0.1921875 0.253125 0.02890625 0.05
2 0.3265625 0.37890625 0.01171875 0.03984375
3 0.21875 0.27734375 0.01875 0.03671875
4 0.8640625 0.2578125 0.01640625 0.01953125
4 0.90546875 0.24140625 0.01484375 0.01796875
0 0.865625 0.08203125 0.01640625 0.02421875
4 0.8890625 0.053125 0.01640625 0.01640625
4 0.92578125 0.06328125 0.015625 0.01640625
4 0.9359375 0.021875 0.015625 0.015625
3 0.728125 0.6765625 0.01796875 0.0390625
3 0.70625 0.634375 0.0203125 0.03515625
3 0.69296875 0.61328125 0.021875 0.03203125
2 0.54921875 0.246875 0.025 0.0359375
2 0.5171875 0.275 0.0234375 0.034375
2 0.6609375 0.153125 0.0234375 0.0265625
2 0.62265625 0.16171875 0.01484375 0.04375
3 0.6203125 0.49140625 0.01875 0.021875
3 0.671875 0.58203125 0.01640625 0.02421875
4 0.759375 0.759375 0.009375 0.0234375
4 0.75703125 0.71171875 0.009375 0.01875
4 0.70703125 0.3015625 0.01484375 0.0140625
3 0.86875 0.33828125 0.03125 0.06015625
3 0.83828125 0.31171875 0.03203125 0.03828125
3 0.82421875 0.4515625 0.02890625 0.065625
6 0.07578125 0.03359375 0.03515625 0.0609375
4 0.1765625 0.11171875 0.0109375 0.01875
4 0.115625 0.1234375 0.00703125 0.02109375
4 0.14921875 0.18828125 0.00625 0.0203125
4 0.14375 0.18125 0.00859375 0.01796875
4 0.32421875 0.07109375 0.01015625 0.0109375
4 0.35390625 0.0515625 0.009375 0.01875
4 0.34296875 0.04140625 0.009375 0.01875
4 0.38359375 0.0296875 0.00859375 0.0140625
4 0.36171875 0.06484375 0.009375 0.0203125
4 0.34453125 0.0703125 0.009375 0.01640625
4 0.31328125 0.0890625 0.00859375 0.01328125
2 0.309375 0.1140625 0.01875 0.0359375
4 0.3328125 0.1171875 0.00703125 0.01953125
4 0.35078125 0.0953125 0.00859375 0.01328125
4 0.378125 0.084375 0.0109375 0.01796875
4 0.37265625 0.07890625 0.009375 0.01640625
4 0.3890625 0.10859375 0.00703125 0.01796875
4 0.37890625 0.10546875 0.01015625 0.0203125
4 0.36484375 0.096875 0.00703125 0.015625
4 0.359375 0.090625 0.00625 0.01796875
4 0.33984375 0.12890625 0.00859375 0.01796875
4 0.34140625 0.10703125 0.00625 0.01640625
4 0.365625 0.1609375 0.01015625 0.0140625
4 0.36796875 0.11875 0.0046875 0.015625
4 0.36171875 0.1171875 0.00703125 0.0203125
4 0.384375 0.13125 0.00625 0.01171875
4 0.36640625 0.02890625 0.00859375 0.01875
2 0.40546875 0.14453125 0.01953125 0.03828125
4 0.3859375 0.23359375 0.009375 0.0140625
4 0.3890625 0.2171875 0.009375 0.01171875
4 0.390625 0.19140625 0.00859375 0.01484375
4 0.37734375 0.14453125 0.00546875 0.015625
4 0.37265625 0.13125 0.0046875 0.01640625
4 0.40390625 0.2578125 0.009375 0.015625
4 0.41328125 0.2796875 0.00703125 0.01953125
4 0.4234375 0.28671875 0.00625 0.01875
4 0.43828125 0.29140625 0.00546875 0.02109375
4 0.43203125 0.290625 0.00546875 0.0234375
4 0.4515625 0.3046875 0.01015625 0.01953125
4 0.46328125 0.27890625 0.00546875 0.01953125
4 0.471875 0.28359375 0.00703125 0.021875
4 0.48046875 0.28125 0.00625 0.0234375
4 0.4890625 0.278125 0.00703125 0.01796875
4 0.56328125 0.203125 0.00625 0.01953125
4 0.55078125 0.19296875 0.00859375 0.01796875
4 0.58046875 0.19296875 0.00546875 0.0203125
4 0.590625 0.19921875 0.00546875 0.0203125
4 0.59609375 0.18046875 0.00703125 0.01875
4 0.60390625 0.17421875 0.00703125 0.02421875
4 0.61015625 0.134375 0.00703125 0.0203125
4 0.61015625 0.1609375 0.0046875 0.02421875
4 0.58359375 0.1875 0.00546875 0.01640625
4 0.55546875 0.18671875 0.00546875 0.01796875
3 0.63125 0.50625 0.02109375 0.03515625
3 0.62890625 0.5453125 0.01484375 0.02578125
3 0.665625 0.565625 0.01953125 0.03203125
3 0.68203125 0.590625 0.021875 0.04453125
3 0.71640625 0.6515625 0.025 0.03984375
4 0.70546875 0.9765625 0.01171875 0.015625
4 0.60390625 0.84296875 0.00625 0.015625
4 0.5984375 0.8390625 0.00703125 0.01796875
4 0.77421875 0.74609375 0.0109375 0.0140625
4 0.78203125 0.728125 0.009375 0.01015625
4 0.78828125 0.71015625 0.0109375 0.009375
4 0.784375 0.7203125 0.01015625 0.01171875
4 0.82734375 0.60390625 0.01328125 0.01171875
4 0.81484375 0.64296875 0.01171875 0.01015625
4 0.8171875 0.6359375 0.01328125 0.0109375
3 0.69921875 0.41875 0.0296875 0.0390625
4 0.6484375 0.46171875 0.01171875 0.01328125
4 0.64921875 0.5828125 0.00703125 0.01953125
3 0.76171875 0.79921875 0.01640625 0.034375
4 0.67890625 0.13359375 0.01015625 0.01640625
4 0.63046875 0.146875 0.00859375 0.021875
4 0.63671875 0.14140625 0.00546875 0.01796875
4 0.64140625 0.13671875 0.00390625 0.01640625
4 0.65 0.13359375 0.00546875 0.01640625
4 0.65546875 0.12890625 0.00546875 0.01796875
4 0.6609375 0.128125 0.00546875 0.0203125
4 0.6671875 0.1265625 0.00546875 0.01875
4 0.67578125 0.11796875 0.00546875 0.01796875
4 0.68125 0.11484375 0.00546875 0.0203125
4 0.6859375 0.1109375 0.0046875 0.0203125
4 0.3421875 0.1390625 0.009375 0.01796875
4 0.3484375 0.13828125 0.00703125 0.015625
4 0.3734375 0.03515625 0.00625 0.0203125
4 0.37734375 0.040625 0.00625 0.01796875
4 0.315625 0.45703125 0.0140625 0.01328125
4 0.303125 0.43671875 0.01015625 0.02421875
4 0.30703125 0.58984375 0.00703125 0.01953125
3 0.27890625 0.6765625 0.01640625 0.03046875
3 0.253125 0.8015625 0.01875 0.0390625
4 0.2453125 0.978125 0.01015625 0.01640625
4 0.26953125 0.9796875 0.00859375 0.015625
2 0.328125 0.91875 0.01796875 0.03671875
4 0.22578125 0.840625 0.01171875 0.01171875
4 0.228125 0.825 0.01328125 0.0109375
4 0.2359375 0.7984375 0.01328125 0.0109375
4 0.23359375 0.80625 0.01328125 0.0109375
4 0.28984375 0.646875 0.01171875 0.0109375
4 0.30859375 0.55859375 0.00625 0.0203125
4 0.40390625 0.7390625 0.01015625 0.01015625
3 0.51953125 0.70859375 0.02890625 0.03515625
4 0.41328125 0.72890625 0.009375 0.0140625