2 0.4359375 0.4953125 0.01953125 0.01484375
2 0.34375 0.28515625 0.01796875 0.0140625
2 0.40390625 0.25 0.01171875 0.02109375
2 0.39453125 0.21484375 0.01640625 0.01875
2 0.50859375 0.325 0.00859375 0.02890625
2 0.51953125 0.3234375 0.00859375 0.0296875
2 0.56015625 0.315625 0.00703125 0.025
2 0.56953125 0.31640625 0.00859375 0.02421875
2 0.959375 0.86875 0.0109375 0.02578125
2 0.94453125 0.90546875 0.00859375 0.02890625
2 0.71875 0.6515625 0.00859375 0.0234375
6 0.884375 0.63828125 0.03984375 0.0203125
5 0.71953125 0.38359375 0.04609375 0.01953125
6 0.66328125 0.38359375 0.04140625 0.01953125
6 0.28046875 0.63125 0.03046875 0.01953125
6 0.14609375 0.63828125 0.0390625 0.01953125
6 0.12265625 0.66953125 0.0390625 0.025
4 0.55 0.278125 0.0046875 0.0140625
3 0.75703125 0.85078125 0.021875 0.01796875
3 0.71640625 0.89453125 0.01015625 0.03515625
4 0.528125 0.2765625 0.003125 0.0140625
4 0.54453125 0.290625 0.003125 0.01484375
4 0.56953125 0.28125 0.0046875 0.01484375
4 0.58125 0.3046875 0.00390625 0.01484375
4 0.56953125 0.23828125 0.003125 0.01484375
4 0.5359375 0.22578125 0.003125 0.01015625
4 0.54296875 0.22578125 0.0046875 0.01171875
4 0.58359375 0.23984375 0.003125 0.01328125
4 0.5203125 0.2765625 0.00390625 0.01328125
4 0.41640625 0.26796875 0.00390625 0.01328125
4 0.5765625 0.24140625 0.003125 0.01328125
4 0.53359375 0.27890625 0.003125 0.0140625
4 0.540625 0.29453125 0.003125 0.01171875
4 0.54921875 0.29296875 0.003125 0.01171875
0 0.82109375 0.64453125 0.01484375 0.01484375
2 0.68125 0.6453125 0.00546875 0.025
2 0.67421875 0.6296875 0.00625 0.025
2 0.66640625 0.6328125 0.00703125 0.021875
2 0.67421875 0.65546875 0.00625 0.01953125
2 0.86796875 0.58671875 0.01640625 0.015625
0 0.8203125 0.60234375 0.01171875 0.00859375
2 0.1609375 0.4703125 0.01640625 0.01484375
2 0.97109375 0.92109375 0.00703125 0.0234375
2 0.815625 0.47109375 0.01796875 0.0140625
6 0.7625 0.43515625 0.0359375 0.0234375
2 0.49921875 0.55859375 0.0140625 0.0109375
2 0.42421875 0.46953125 0.01640625 0.015625
2 0.3265625 0.521875 0.01640625 0.01640625
0 0.334375 0.45703125 0.01328125 0.0140625
2 0.97578125 0.86171875 0.01328125 0.02421875
6 0.665625 0.49140625 0.02890625 0.015625
6 0.80703125 0.49140625 0.04140625 0.01875
6 0.6390625 0.46875 0.03359375 0.01640625
4 0.74296875 0.465625 0.00703125 0.00703125
4 0.46796875 0.45703125 0.009375 0.0109375
4 0.32734375 0.471875 0.009375 0.009375
6 0.2203125 0.52890625 0.04296875 0.01640625
5 0.9640625 0.56171875 0.0703125 0.0234375
2 0.98671875 0.81171875 0.01484375 0.03046875
2 0.99296875 0.88046875 0.0140625 0.02109375
0 0.79453125 0.6046875 0.01171875 0.01328125
4 0.8484375 0.57421875 0.009375 0.01171875
3 0.7796875 0.5609375 0.0203125 0.01640625
6 0.6984375 0.58515625 0.034375 0.01640625
6 0.72265625 0.60390625 0.02578125 0.01640625
3 0.75078125 0.5984375 0.0203125 0.01328125
2 0.73125 0.52421875 0.01875 0.01484375
2 0.6015625 0.56328125 0.01328125 0.01171875
2 0.75546875 0.51640625 0.015625 0.0140625
6 0.646875 0.53515625 0.04296875 0.015625
5 0.471875 0.54296875 0.05078125 0.01953125
6 0.384375 0.54375 0.03046875 0.0203125
2 0.37421875 0.56328125 0.01484375 0.01171875
3 0.38125 0.52109375 0.01953125 0.01796875
6 0.28671875 0.54453125 0.040625 0.01875
2 0.90390625 0.40625 0.01484375 0.01640625
2 0.9578125 0.3984375 0.01640625 0.01484375
0 0.98984375 0.40078125 0.0109375 0.0140625
3 0.81875 0.51875 0.021875 0.01640625
2 0.4328125 0.521875 0.01640625 0.0140625
4 0.690625 0.4453125 0.00703125 0.0109375
2 0.6265625 0.4484375 0.01875 0.01640625
6 0.07421875 0.534375 0.028125 0.0203125
3 0.05703125 0.5984375 0.01796875 0.0140625
4 0.234375 0.5640625 0.00859375 0.0140625
4 0.31015625 0.5640625 0.00546875 0.00859375