2 0.00390625 0.95625 0.00703125 0.01796875
2 0.03046875 0.96953125 0.015625 0.02578125
2 0.04296875 0.96484375 0.01640625 0.0234375
2 0.0390625 0.89453125 0.015625 0.0265625
2 0.078125 0.7984375 0.015625 0.028125
4 0.08359375 0.821875 0.00703125 0.00703125
4 0.06015625 0.8515625 0.00859375 0.0109375
4 0.1546875 0.92421875 0.00703125 0.01484375
4 0.18203125 0.884375 0.01015625 0.01171875
4 0.2203125 0.84296875 0.00703125 0.0109375
4 0.25703125 0.82578125 0.00703125 0.01015625
2 0.228125 0.93671875 0.0140625 0.02421875
2 0.18515625 0.9734375 0.01640625 0.025
2 0.190625 0.99375 0.0140625 0.01171875
2 0.2390625 0.7578125 0.01640625 0.0265625
2 0.23203125 0.70546875 0.01640625 0.02578125
2 0.3046875 0.696875 0.015625 0.025
2 0.31171875 0.65859375 0.01484375 0.025
2 0.36796875 0.5453125 0.01328125 0.025
2 0.253125 0.5125 0.01328125 0.02421875
2 0.19296875 0.63359375 0.01875 0.0140625
2 0.38125 0.37421875 0.0109375 0.0265625
2 0.44140625 0.453125 0.0140625 0.0265625
2 0.428125 0.40234375 0.01484375 0.0265625
2 0.26171875 0.0296875 0.01484375 0.0265625
2 0.29453125 0.06875 0.0140625 0.02578125
2 0.3265625 0.10859375 0.0140625 0.02578125
2 0.31875 0.1140625 0.009375 0.01796875
2 0.32109375 0.1390625 0.0140625 0.02578125
2 0.33828125 0.13359375 0.01171875 0.021875
2 0.33828125 0.15390625 0.01171875 0.021875
2 0.35390625 0.1546875 0.01484375 0.02890625
2 0.36640625 0.18046875 0.0140625 0.02578125
2 0.34921875 0.18828125 0.01484375 0.025
2 0.35703125 0.18359375 0.01171875 0.0234375
2 0.384375 0.1609375 0.01171875 0.0234375
2 0.46015625 0.140625 0.01328125 0.0234375
2 0.528125 0.05546875 0.0140625 0.02421875
2 0.52578125 0.09375 0.01484375 0.02421875
2 0.38046875 0.21640625 0.0140625 0.0265625
2 0.37421875 0.23671875 0.01796875 0.03046875
2 0.39609375 0.24765625 0.0140625 0.02578125
2 0.38828125 0.2671875 0.0140625 0.025
2 0.40703125 0.29609375 0.01328125 0.021875
2 0.4828125 0.48359375 0.0140625 0.0234375
2 0.79609375 0.0375 0.015625 0.02578125
2 0.66640625 0.25625 0.0140625 0.0234375
2 0.58046875 0.43359375 0.01484375 0.02421875
2 0.6953125 0.3453125 0.01328125 0.021875
2 0.6765625 0.3546875 0.01484375 0.02421875
2 0.67578125 0.3765625 0.0140625 0.021875
2 0.66171875 0.3765625 0.01171875 0.01953125
2 0.659375 0.4015625 0.015625 0.025
2 0.64453125 0.40546875 0.01484375 0.02421875
2 0.646875 0.43046875 0.01484375 0.0234375
2 0.62421875 0.43828125 0.01484375 0.0234375
2 0.628125 0.45625 0.015625 0.02578125
2 0.62421875 0.48125 0.01484375 0.02421875
2 0.6109375 0.46640625 0.015625 0.025
2 0.6078125 0.49375 0.01484375 0.025
2 0.590625 0.49375 0.01484375 0.021875
2 0.59453125 0.51875 0.01328125 0.01953125
2 0.59375 0.65 0.01484375 0.02109375
2 0.54453125 0.61796875 0.01328125 0.02421875
2 0.56796875 0.66171875 0.01328125 0.021875
2 0.58671875 0.69375 0.0140625 0.021875
2 0.56796875 0.68359375 0.0140625 0.025
2 0.6109375 0.73515625 0.0140625 0.02421875
2 0.5921875 0.73125 0.01328125 0.0234375
2 0.57265625 0.71796875 0.0140625 0.02578125
2 0.63984375 0.73515625 0.01328125 0.021875
2 0.6109375 0.7625 0.015625 0.028125
2 0.64296875 0.78984375 0.0140625 0.02421875
2 0.63203125 0.79765625 0.0140625 0.025
2 0.64609375 0.81953125 0.01171875 0.021875
2 0.70078125 0.81875 0.01328125 0.0234375
2 0.7296875 0.865625 0.01484375 0.02421875
2 0.6703125 0.83125 0.0140625 0.025
2 0.671875 0.86484375 0.01328125 0.025
2 0.72890625 0.8890625 0.01484375 0.02578125
0 0.271875 0.009375 0.01015625 0.01875
0 0.29140625 0.04140625 0.01015625 0.01484375
0 0.30546875 0.06484375 0.0109375 0.01796875
0 0.28046875 0.18046875 0.00859375 0.015625
0 0.30625 0.240625 0.009375 0.01484375
0 0.3203125 0.2625 0.00703125 0.01328125
0 0.3609375 0.21796875 0.00859375 0.01640625
0 0.40078125 0.18671875 0.009375 0.01796875
0 0.3671875 0.209375 0.00859375 0.0140625
0 0.36875 0.28203125 0.009375 0.01796875
0 0.4015625 0.23828125 0.00859375 0.015625
0 0.44453125 0.31953125 0.00625 0.01640625
0 0.55546875 0.3453125 0.00859375 0.01953125
0 0.59921875 0.4359375 0.0109375 0.015625
0 0.74375 0.01171875 0.01015625 0.01796875
0 0.9453125 0.0671875 0.01171875 0.01953125
0 0.675 0.41953125 0.009375 0.01875
0 0.66171875 0.4265625 0.009375 0.015625
0 0.621875 0.50859375 0.0109375 0.0140625
0 0.5484375 0.665625 0.009375 0.015625
0 0.53671875 0.62890625 0.00859375 0.01328125
0 0.428125 0.83515625 0.00859375 0.01484375
0 0.32578125 0.990625 0.01015625 0.01796875
4 0.43828125 0.771875 0.00625 0.01328125
4 0.39765625 0.5390625 0.00625 0.01015625
4 0.39140625 0.553125 0.00703125 0.00703125
4 0.38828125 0.565625 0.00546875 0.009375
4 0.246875 0.03203125 0.00625 0.01015625
4 0.23515625 0.0265625 0.00625 0.0109375
4 0.22421875 0.025 0.00546875 0.0109375
4 0.28125 0.109375 0.00625 0.01171875
4 0.29921875 0.15234375 0.00625 0.01171875
4 0.28671875 0.18046875 0.0046875 0.01171875
4 0.3125 0.20234375 0.00546875 0.009375
4 0.3390625 0.21953125 0.00546875 0.01015625
4 0.346875 0.234375 0.00546875 0.0109375
4 0.334375 0.2296875 0.00625 0.01015625
4 0.3296875 0.2328125 0.0046875 0.01015625
4 0.34375 0.26328125 0.0046875 0.01171875
4 0.35859375 0.2765625 0.0046875 0.0140625
4 0.359375 0.33984375 0.0046875 0.01328125
4 0.390625 0.32421875 0.00546875 0.01171875
4 0.39375 0.22890625 0.0046875 0.009375
4 0.40703125 0.25703125 0.00546875 0.009375
4 0.41171875 0.265625 0.0046875 0.009375
4 0.41796875 0.27109375 0.0046875 0.01328125
4 0.41640625 0.27734375 0.0046875 0.01171875
4 0.41015625 0.27421875 0.00546875 0.0109375
4 0.37421875 0.253125 0.00625 0.01171875
4 0.38203125 0.271875 0.0046875 0.00859375
4 0.38671875 0.28125 0.0046875 0.009375
4 0.396875 0.290625 0.0046875 0.0109375
4 0.415625 0.28671875 0.00546875 0.009375
4 0.4078125 0.28125 0.00703125 0.00859375
4 0.4140625 0.29140625 0.00546875 0.01328125
4 0.384375 0.33203125 0.00546875 0.01328125
4 0.38125 0.33828125 0.00546875 0.01171875
4 0.39921875 0.36640625 0.00546875 0.0109375
4 0.41484375 0.39609375 0.00546875 0.009375
4 0.4078125 0.40390625 0.00546875 0.01015625
4 0.4734375 0.1609375 0.00546875 0.0109375
4 0.5078125 0.10625 0.00625 0.0109375
4 0.509375 0.11484375 0.00546875 0.00703125
4 0.5375 0.0578125 0.00625 0.009375
4 0.85078125 0.01875 0.00859375 0.0140625
4 0.7578125 0.17421875 0.00859375 0.01328125
4 0.7328125 0.309375 0.00546875 0.009375
4 0.70234375 0.30390625 0.00546875 0.00859375
4 0.5984375 0.49453125 0.0046875 0.009375
4 0.70390625 0.46953125 0.00546875 0.01015625
4 0.61015625 0.51171875 0.0046875 0.01015625
4 0.60390625 0.51796875 0.00546875 0.00703125
4 0.59140625 0.50390625 0.00546875 0.00703125
4 0.58671875 0.51328125 0.0046875 0.009375
4 0.58046875 0.6984375 0.00546875 0.01015625
4 0.58671875 0.75390625 0.00546875 0.009375
4 0.6046875 0.77265625 0.0046875 0.00703125
4 0.621875 0.81953125 0.00546875 0.01015625
4 0.640625 0.8265625 0.00546875 0.00859375
4 0.759375 0.88515625 0.0046875 0.00703125
4 0.8 0.93203125 0.00703125 0.0109375
4 0.8078125 0.97734375 0.00546875 0.01171875
4 0.2734375 0.51328125 0.00625 0.01015625
4 0.36953125 0.20234375 0.00546875 0.0109375
4 0.3546875 0.1375 0.00625 0.00859375
5 0.36171875 0.12734375 0.02421875 0.04609375
5 0.41875 0.1515625 0.021875 0.04140625
4 0.2890625 0.08671875 0.00703125 0.01171875
3 0.709375 0.1390625 0.01875 0.03359375
4 0.52265625 0.62734375 0.00546875 0.01015625
4 0.26875 0.66640625 0.00703125 0.01171875