4 0.04609375 0.57578125 0.02421875 0.01484375
4 0.25390625 0.53046875 0.02890625 0.01953125
4 0.32421875 0.5484375 0.0234375 0.015625
4 0.6140625 0.48515625 0.021875 0.01875
4 0.62421875 0.53671875 0.02578125 0.01796875
4 0.9734375 0.4609375 0.03125 0.02109375
4 0.896875 0.315625 0.03125 0.0265625
4 0.98046875 0.30546875 0.025 0.025
4 0.77265625 0.234375 0.03046875 0.015625
4 0.76171875 0.15546875 0.028125 0.03046875
4 0.95703125 0.49453125 0.015625 0.0234375
4 0.56328125 0.3359375 0.01171875 0.0109375
4 0.0765625 0.60859375 0.0109375 0.015625
4 0.06953125 0.590625 0.015625 0.01796875
4 0.0265625 0.59921875 0.01171875 0.01484375
4 0.0734375 0.115625 0.009375 0.0234375
3 0.04296875 0.1578125 0.0140625 0.028125
2 0.01171875 0.26484375 0.0140625 0.046875
2 0.00390625 0.17421875 0.0078125 0.0421875
2 0.0046875 0.05234375 0.009375 0.034375
2 0.1421875 0.28125 0.01796875 0.040625
0 0.18671875 0.38984375 0.01640625 0.01953125