6 0.04609375 0.571875 0.03203125 0.015625
2 0.1265625 0.5015625 0.0203125 0.01484375
5 0.128125 0.67578125 0.0390625 0.021875
5 0.153125 0.64140625 0.03828125 0.01953125
3 0.17265625 0.603125 0.01640625 0.015625
4 0.2171875 0.47109375 0.00859375 0.009375
5 0.284375 0.63515625 0.034375 0.01953125
2 0.4359375 0.52734375 0.01640625 0.01328125
0 0.446875 0.5640625 0.009375 0.01328125
3 0.51015625 0.525 0.01953125 0.015625
6 0.50078125 0.621875 0.02890625 0.01796875
3 0.58359375 0.625 0.01171875 0.01015625
4 0.61328125 0.609375 0.009375 0.01015625
3 0.62578125 0.56171875 0.01171875 0.01171875
4 0.6890625 0.59921875 0.00703125 0.00546875
4 0.7390625 0.59609375 0.00703125 0.00859375
4 0.746875 0.56328125 0.00859375 0.00703125
5 0.71875 0.55703125 0.04375 0.0203125
5 0.7390625 0.53046875 0.0515625 0.025
2 0.77109375 0.603125 0.01484375 0.01640625
4 0.67890625 0.446875 0.009375 0.01328125
2 0.75546875 0.4359375 0.01171875 0.01171875
4 0.803125 0.59296875 0.0109375 0.0140625
0 0.82734375 0.603125 0.0140625 0.01171875
0 0.8453125 0.60625 0.009375 0.0109375
3 0.86640625 0.59453125 0.01875 0.0203125
3 0.87265625 0.55 0.015625 0.0203125
1 0.66796875 0.3859375 0.04296875 0.025
5 0.7265625 0.38515625 0.04921875 0.0203125
3 0.60703125 0.4953125 0.01171875 0.015625
2 0.9640625 0.521875 0.0203125 0.01484375
4 0.8859375 0.3859375 0.00859375 0.0109375
4 0.9234375 0.390625 0.00703125 0.00859375
4 0.921875 0.37890625 0.009375 0.00625
5 0.89296875 0.6390625 0.040625 0.0203125
2 0.51328125 0.328125 0.00859375 0.034375
2 0.52421875 0.328125 0.00703125 0.0359375
2 0.5640625 0.31875 0.00859375 0.0296875
2 0.57578125 0.31875 0.00859375 0.02421875