2 0.0890625 0.79453125 0.03203125 0.03125
2 0.2453125 0.6890625 0.0296875 0.02890625
2 0.41171875 0.79765625 0.025 0.02890625
2 0.52890625 0.66640625 0.025 0.06328125
4 0.1859375 0.8640625 0.0140625 0.01796875
4 0.1890625 0.884375 0.0109375 0.01796875
4 0.41640625 0.86328125 0.01953125 0.02890625
4 0.45078125 0.8796875 0.0140625 0.0203125
4 0.44140625 0.9015625 0.01484375 0.01796875
4 0.5640625 0.84140625 0.0140625 0.025
4 0.5734375 0.721875 0.0109375 0.0234375
4 0.46015625 0.59140625 0.009375 0.03046875
4 0.4828125 0.60390625 0.01328125 0.025
4 0.52109375 0.584375 0.009375 0.0265625
4 0.6265625 0.74140625 0.01484375 0.0234375
4 0.6203125 0.75859375 0.01484375 0.01484375
4 0.68125 0.753125 0.01484375 0.0234375
2 0.61796875 0.78515625 0.0296875 0.03359375
3 0.7484375 0.76484375 0.02890625 0.04375
2 0.8984375 0.79375 0.03515625 0.03515625
4 0.9640625 0.896875 0.0203125 0.0234375
2 0.478125 0.4984375 0.01640625 0.05078125
2 0.478125 0.35546875 0.01171875 0.05
2 0.52265625 0.38671875 0.0203125 0.040625
5 0.4609375 0.2859375 0.01640625 0.0984375
4 0.50546875 0.190625 0.0140625 0.0359375
4 0.52109375 0.128125 0.009375 0.03671875
2 0.48046875 0.1375 0.01640625 0.0546875
4 0.50625 0.0234375 0.01015625 0.03046875