2 0.059375 0.6390625 0.021875 0.0296875
2 0.0390625 0.54296875 0.01328125 0.04375
2 0.228125 0.484375 0.01015625 0.0359375
2 0.22578125 0.51953125 0.01015625 0.03203125
2 0.21640625 0.38671875 0.01015625 0.04140625
0 0.2046875 0.68515625 0.01875 0.02109375
0 0.01171875 0.703125 0.01875 0.015625
0 0.3234375 0.63359375 0.0203125 0.021875
0 0.353125 0.66875 0.01640625 0.02109375
0 0.34453125 0.68828125 0.01640625 0.01796875
0 0.3984375 0.709375 0.01640625 0.01953125
0 0.4015625 0.60625 0.0140625 0.025
0 0.55078125 0.43046875 0.01328125 0.0296875
0 0.54921875 0.45859375 0.01484375 0.02421875
0 0.54296875 0.63125 0.01171875 0.0234375
0 0.5375 0.7921875 0.01015625 0.0265625
0 0.54375 0.81796875 0.00703125 0.02421875
0 0.5453125 0.840625 0.00859375 0.01875
0 0.5453125 0.86484375 0.00703125 0.02109375
0 0.5453125 0.88203125 0.00546875 0.02578125
0 0.54609375 0.90625 0.00859375 0.02421875
0 0.44296875 0.89609375 0.0109375 0.02890625
0 0.528125 0.88515625 0.00859375 0.028125
0 0.51796875 0.9390625 0.009375 0.028125
0 0.53125 0.96171875 0.00859375 0.01640625
0 0.53203125 0.98359375 0.01484375 0.02421875
0 0.54140625 0.9609375 0.00703125 0.025
0 0.67578125 0.3484375 0.01640625 0.02421875
2 0.4453125 0.34453125 0.009375 0.03046875
2 0.38046875 0.64609375 0.021875 0.02109375
2 0.396875 0.6703125 0.0296875 0.01953125
2 0.42109375 0.61171875 0.02421875 0.02421875
2 0.4390625 0.58671875 0.01796875 0.028125
2 0.459375 0.621875 0.01015625 0.03203125
2 0.5296875 0.584375 0.01328125 0.04140625
2 0.53359375 0.53046875 0.01640625 0.02578125
2 0.646875 0.515625 0.0203125 0.025
2 0.5453125 0.73671875 0.0140625 0.03671875
2 0.53359375 0.7390625 0.01171875 0.0359375
2 0.54453125 0.7703125 0.01484375 0.0296875
2 0.5703125 0.971875 0.01640625 0.0140625
2 0.56953125 0.98671875 0.01953125 0.015625
2 0.39921875 0.775 0.01171875 0.03203125
2 0.39453125 0.84609375 0.0140625 0.025
2 0.396875 0.8640625 0.0140625 0.01953125
2 0.39609375 0.87890625 0.01640625 0.0234375
2 0.39296875 0.94921875 0.01875 0.028125
2 0.4515625 0.9484375 0.01171875 0.03828125
2 0.5328125 0.85 0.00859375 0.040625
2 0.434375 0.4140625 0.0109375 0.03203125
2 0.51953125 0.42890625 0.009375 0.01953125
2 0.2015625 0.7265625 0.01875 0.01953125
4 0.034375 0.6640625 0.01796875 0.015625
4 0.03203125 0.6921875 0.01171875 0.02421875
4 0.04296875 0.70625 0.01328125 0.0109375
4 0.09296875 0.66484375 0.0109375 0.015625
4 0.1140625 0.6921875 0.01484375 0.01640625
4 0.1265625 0.65390625 0.01171875 0.01953125
4 0.1765625 0.66171875 0.0140625 0.01796875
4 0.24921875 0.67421875 0.015625 0.02109375
4 0.26328125 0.68828125 0.01328125 0.0234375
4 0.2890625 0.6828125 0.01328125 0.0109375
4 0.27265625 0.6796875 0.01328125 0.01484375
4 0.29609375 0.671875 0.01171875 0.01640625
4 0.3765625 0.6734375 0.01484375 0.0109375
0 0.32421875 0.68828125 0.01953125 0.01640625
4 0.35703125 0.6046875 0.01171875 0.01796875
4 0.37890625 0.63125 0.01953125 0.015625
4 0.46015625 0.65390625 0.01015625 0.0203125
4 0.446875 0.609375 0.009375 0.01953125
4 0.4515625 0.6171875 0.00703125 0.025
4 0.45859375 0.58828125 0.00625 0.021875
4 0.453125 0.56796875 0.00859375 0.025
4 0.45546875 0.5421875 0.00703125 0.0203125
4 0.465625 0.56953125 0.00703125 0.02109375
4 0.459375 0.56796875 0.009375 0.01953125
4 0.45703125 0.51328125 0.00859375 0.028125
4 0.45625 0.4828125 0.01015625 0.02421875
4 0.45234375 0.41328125 0.015625 0.028125
4 0.453125 0.36328125 0.0109375 0.02109375
4 0.46953125 0.36328125 0.009375 0.02578125
4 0.465625 0.32734375 0.00859375 0.02109375
2 0.42578125 0.47109375 0.01171875 0.03203125
2 0.42265625 0.5171875 0.01171875 0.0453125
0 0.44609375 0.459375 0.009375 0.03125
4 0.45078125 0.80546875 0.01171875 0.028125
4 0.52109375 0.8109375 0.00859375 0.0296875
4 0.51171875 0.92890625 0.00859375 0.02578125
4 0.5109375 0.97109375 0.0109375 0.01796875
4 0.5328125 0.4984375 0.01015625 0.0234375
4 0.53125 0.45 0.01015625 0.021875
4 0.53984375 0.434375 0.009375 0.02421875
4 0.52578125 0.465625 0.015625 0.01875
4 0.56171875 0.48515625 0.00859375 0.01953125
4 0.5796875 0.471875 0.0140625 0.01796875
4 0.5890625 0.4859375 0.01328125 0.01640625
4 0.64921875 0.4671875 0.00859375 0.02421875
4 0.65390625 0.4796875 0.0203125 0.0203125
4 0.684375 0.4734375 0.01796875 0.0234375
4 0.68359375 0.4953125 0.01953125 0.0203125
4 0.52421875 0.66953125 0.01171875 0.03203125
4 0.5390625 0.6765625 0.00859375 0.03046875
4 0.51015625 0.92734375 0.01015625 0.01953125
1 0.54140625 0.36171875 0.0546875 0.05078125
2 0.04921875 0.21875 0.009375 0.03125
2 0.04921875 0.121875 0.009375 0.0359375
2 0.0484375 0.08828125 0.01171875 0.04453125
2 0.096875 0.0359375 0.021875 0.025
2 0.19375 0.0640625 0.0203125 0.01796875
2 0.21171875 0.07109375 0.0203125 0.02578125
2 0.23203125 0.0734375 0.0203125 0.02109375
2 0.2953125 0.09375 0.01640625 0.0140625
2 0.31015625 0.1015625 0.02109375 0.01640625
2 0.3421875 0.103125 0.021875 0.0234375
2 0.34140625 0.05546875 0.009375 0.04140625
2 0.40859375 0.16953125 0.01484375 0.03203125
2 0.41484375 0.18203125 0.01171875 0.0453125
2 0.43125 0.18125 0.0140625 0.01640625
2 0.53359375 0.040625 0.0203125 0.0265625
2 0.5875 0.05390625 0.021875 0.02578125
2 0.6140625 0.053125 0.0234375 0.03671875
2 0.61796875 0.00859375 0.01875 0.01640625
2 0.61953125 0.02890625 0.0296875 0.0203125
2 0.58125 0.0984375 0.01640625 0.0234375
2 0.57109375 0.1140625 0.02109375 0.0265625
2 0.565625 0.13125 0.01796875 0.015625
2 0.56953125 0.14765625 0.02109375 0.021875
2 0.57109375 0.16875 0.01796875 0.02109375
2 0.5703125 0.1890625 0.02578125 0.02421875
2 0.56796875 0.20625 0.0203125 0.0234375
2 0.52890625 0.2453125 0.01328125 0.04375
3 0.58203125 0.26015625 0.01640625 0.04453125
2 0.61796875 0.5203125 0.01875 0.025
0 0.45546875 0.17421875 0.015625 0.034375
0 0.45546875 0.24375 0.0140625 0.02890625
0 0.65078125 0.31171875 0.015625 0.0203125
2 0.19453125 0.0921875 0.0265625 0.021875
2 0.234375 0.25390625 0.01015625 0.03828125
2 0.21953125 0.29921875 0.01328125 0.03359375
2 0.3609375 0.05859375 0.0140625 0.0390625
4 0.4515625 0.284375 0.01015625 0.0265625
4 0.4546875 0.309375 0.01171875 0.028125
4 0.43984375 0.2859375 0.01484375 0.034375
4 0.459375 0.27578125 0.00703125 0.01640625
4 0.54921875 0.54453125 0.01015625 0.0203125
4 0.55546875 0.53671875 0.00703125 0.03359375
4 0.528125 0.553125 0.00625 0.0203125
4 0.540625 0.5515625 0.0109375 0.021875
4 0.51875 0.603125 0.00859375 0.0203125
4 0.52578125 0.61796875 0.0140625 0.0234375
4 0.53828125 0.1484375 0.0140625 0.028125
4 0.528125 0.171875 0.00859375 0.03828125
0 0.540625 0.08203125 0.01484375 0.034375
0 0.55703125 0.04140625 0.009375 0.03515625
0 0.57578125 0.0328125 0.00859375 0.028125
0 0.55546875 0.12578125 0.009375 0.03046875
4 0.46953125 0.153125 0.01328125 0.03046875
2 0.79296875 0.1859375 0.01015625 0.04140625
2 0.77265625 0.25703125 0.01171875 0.04609375
2 0.71328125 0.2828125 0.01328125 0.03984375
2 0.73671875 0.34921875 0.02109375 0.0265625
2 0.86953125 0.17890625 0.0140625 0.0359375
2 0.8671875 0.2140625 0.01015625 0.0359375
2 0.92109375 0.33046875 0.01875 0.028125
2 0.965625 0.27265625 0.00859375 0.01640625
2 0.834375 0.5234375 0.0203125 0.021875
2 0.6890625 0.51484375 0.0203125 0.0234375
2 0.69296875 0.54609375 0.015625 0.03203125
4 0.70859375 0.3609375 0.0109375 0.03046875
4 0.70546875 0.47421875 0.01171875 0.01015625
4 0.71953125 0.4859375 0.01015625 0.01328125
4 0.746875 0.47578125 0.01796875 0.021875
4 0.74765625 0.4875 0.0203125 0.00625
4 0.77578125 0.509375 0.01171875 0.01328125
4 0.77890625 0.51796875 0.0140625 0.01171875
4 0.90234375 0.49296875 0.015625 0.02109375
0 0.9484375 0.4890625 0.01953125 0.021875
0 0.978125 0.52109375 0.02109375 0.01640625
4 0.95703125 0.37734375 0.01796875 0.01875
4 0.9890625 0.36328125 0.0140625 0.01796875
4 0.73828125 0.33125 0.0140625 0.01640625
4 0.67890625 0.32578125 0.01171875 0.0109375
0 0.7890625 0.5 0.02421875 0.02890625
4 0.778125 0.35546875 0.021875 0.01640625
2 0.81640625 0.8921875 0.01484375 0.03984375
2 0.85625 0.90546875 0.01171875 0.03671875
2 0.8421875 0.90234375 0.01640625 0.04296875
2 0.81015625 0.95 0.01640625 0.01953125
2 0.80703125 0.96796875 0.01796875 0.01875
2 0.8046875 0.98984375 0.01640625 0.0203125