4 0.0765625 0.43203125 0.0140625 0.01015625
4 0.0984375 0.44765625 0.0140625 0.009375
4 0.13125 0.4328125 0.01171875 0.009375
4 0.14296875 0.43984375 0.01328125 0.01015625
4 0.16953125 0.42578125 0.01328125 0.01171875
4 0.190625 0.42109375 0.01171875 0.0109375
3 0.16953125 0.4515625 0.03046875 0.02109375
2 0.2015625 0.46640625 0.01875 0.015625
2 0.278125 0.4421875 0.021875 0.01953125
2 0.27421875 0.46640625 0.028125 0.0203125
2 0.31953125 0.44140625 0.01953125 0.02109375
2 0.375 0.43515625 0.01953125 0.01875
4 0.36484375 0.46171875 0.01328125 0.009375
4 0.41640625 0.45703125 0.01015625 0.009375
4 0.459375 0.41171875 0.01328125 0.01171875
2 0.44453125 0.43203125 0.01953125 0.01875
2 0.5109375 0.421875 0.0234375 0.01796875
2 0.51171875 0.44609375 0.0234375 0.01875
2 0.5328125 0.35234375 0.0203125 0.01796875
2 0.56015625 0.44140625 0.025 0.0203125
4 0.55234375 0.40390625 0.01171875 0.01015625
2 0.609375 0.41953125 0.0234375 0.0203125
2 0.63125 0.43984375 0.021875 0.01640625
0 0.65546875 0.40078125 0.01640625 0.015625
2 0.66640625 0.41796875 0.02109375 0.0203125
4 0.70078125 0.41015625 0.0109375 0.0109375
2 0.69609375 0.4390625 0.021875 0.01796875
0 0.71796875 0.4 0.015625 0.0140625
3 0.73125 0.42109375 0.01796875 0.01953125
4 0.75390625 0.3984375 0.01328125 0.0140625
2 0.759375 0.4359375 0.0234375 0.01796875
0 0.8109375 0.40859375 0.01953125 0.01796875
4 0.85234375 0.4046875 0.01328125 0.01015625
2 0.89375 0.41640625 0.02578125 0.02109375
4 0.92109375 0.39296875 0.01328125 0.009375
2 0.9703125 0.421875 0.02578125 0.01953125
4 0.971875 0.40078125 0.01015625 0.009375
4 0.9953125 0.38671875 0.009375 0.0140625
4 0.9671875 0.56171875 0.01484375 0.0140625
3 0.59375 0.61875 0.015625 0.015625
2 0.3171875 0.8015625 0.0140625 0.03671875
2 0.2984375 0.9828125 0.015625 0.034375
2 0.69375 0.84296875 0.01328125 0.03671875
2 0.7734375 0.71640625 0.015625 0.03515625
2 0.7125 0.83359375 0.0109375 0.0359375
3 0.7296875 0.82890625 0.0140625 0.04375
2 0.740625 0.840625 0.009375 0.03359375
2 0.75234375 0.84453125 0.009375 0.03203125
2 0.53359375 0.3140625 0.01171875 0.03828125
2 0.421875 0.0734375 0.025 0.0203125