2 0.73203125 0.4578125 0.0265625 0.0265625
4 0.61953125 0.45859375 0.01796875 0.021875
4 0.690625 0.43515625 0.01171875 0.02421875
4 0.4765625 0.503125 0.009375 0.02421875
1 0.490625 0.43203125 0.040625 0.084375
4 0.4953125 0.52109375 0.01171875 0.02890625
4 0.45625 0.503125 0.009375 0.02109375
4 0.45234375 0.55390625 0.00859375 0.01875
4 0.47890625 0.58125 0.009375 0.02421875
4 0.47421875 0.54453125 0.00625 0.0203125
0 0.4828125 0.53359375 0.01171875 0.028125
0 0.4640625 0.5234375 0.0109375 0.028125
0 0.4515625 0.615625 0.0140625 0.03046875
0 0.465625 0.559375 0.009375 0.02890625
4 0.78671875 0.48671875 0.0140625 0.01640625
4 0.74921875 0.4265625 0.00859375 0.021875
4 0.75703125 0.3734375 0.00546875 0.015625
4 0.88203125 0.384375 0.0109375 0.025
4 0.81015625 0.37421875 0.009375 0.02109375
4 0.7734375 0.38125 0.00703125 0.0203125
4 0.796875 0.42578125 0.00625 0.021875
4 0.8140625 0.42578125 0.00546875 0.01953125
4 0.8484375 0.42265625 0.00546875 0.01953125
4 0.871875 0.42109375 0.00546875 0.0203125
0 0.840625 0.48125 0.01796875 0.02109375
4 0.84609375 0.37734375 0.00859375 0.01796875
4 0.8609375 0.37890625 0.00859375 0.02109375
0 0.88828125 0.46640625 0.01796875 0.021875
0 0.959375 0.5734375 0.02109375 0.01796875
0 0.63828125 0.51484375 0.01484375 0.01953125
0 0.621875 0.590625 0.01796875 0.01484375
0 0.77109375 0.64296875 0.01171875 0.03203125
0 0.78828125 0.64296875 0.0109375 0.03359375
0 0.7015625 0.553125 0.0203125 0.021875
0 0.6765625 0.58125 0.01796875 0.01328125
4 0.78046875 0.65859375 0.00703125 0.02578125
4 0.7046875 0.63046875 0.01640625 0.01171875
4 0.70546875 0.63984375 0.01015625 0.00859375
4 0.70546875 0.6546875 0.0140625 0.009375
4 0.73515625 0.65234375 0.0140625 0.01328125
4 0.7328125 0.66953125 0.0109375 0.0109375
2 0.7296875 0.69921875 0.0203125 0.04140625
2 0.70546875 0.80703125 0.02578125 0.04140625
2 0.89921875 0.52265625 0.01953125 0.028125
2 0.92890625 0.484375 0.02890625 0.03046875
2 0.89140625 0.57890625 0.02109375 0.02890625
2 0.8234375 0.503125 0.0203125 0.021875
4 0.865625 0.58125 0.0140625 0.01640625
4 0.86328125 0.5984375 0.01171875 0.0140625
4 0.92578125 0.57578125 0.01171875 0.01484375
4 0.93515625 0.59296875 0.0109375 0.01484375
0 0.9671875 0.61171875 0.02109375 0.021875
0 0.646875 0.5359375 0.01796875 0.01328125
2 0.62421875 0.52890625 0.02578125 0.01796875
2 0.62421875 0.5515625 0.021875 0.01640625
2 0.6484375 0.55390625 0.01953125 0.01328125
2 0.678125 0.540625 0.0234375 0.02109375
2 0.65390625 0.5703125 0.01875 0.0109375
4 0.653125 0.51171875 0.009375 0.01640625
4 0.66328125 0.509375 0.00859375 0.01796875
4 0.615625 0.51171875 0.01171875 0.01015625
4 0.615625 0.56640625 0.01015625 0.01171875
4 0.62890625 0.565625 0.00859375 0.009375
4 0.634375 0.590625 0.00859375 0.01484375
4 0.503125 0.73671875 0.01015625 0.0203125
0 0.51015625 0.69453125 0.015625 0.03046875
0 0.45859375 0.65 0.01015625 0.02578125
0 0.44609375 0.65703125 0.01171875 0.02578125
0 0.4609375 0.68125 0.00703125 0.028125
0 0.471875 0.70078125 0.0109375 0.028125
0 0.43515625 0.73671875 0.0109375 0.03359375
0 0.45859375 0.721875 0.00859375 0.02578125
0 0.44375 0.8 0.01171875 0.0234375
0 0.4671875 0.7390625 0.01015625 0.03125
0 0.45703125 0.80546875 0.01171875 0.03125
0 0.434375 0.81875 0.009375 0.02890625
0 0.4484375 0.82578125 0.00703125 0.0234375
2 0.46328125 0.83203125 0.0140625 0.04296875
0 0.4765625 0.659375 0.01484375 0.03203125
4 0.43359375 0.67578125 0.00703125 0.02578125
4 0.453125 0.684375 0.00625 0.0234375
4 0.44609375 0.69140625 0.00625 0.01640625
4 0.44921875 0.72265625 0.00703125 0.02578125
4 0.44296875 0.76484375 0.00859375 0.0203125
4 0.79921875 0.38046875 0.00703125 0.021875
4 0.171875 0.54921875 0.00859375 0.01796875
4 0.23515625 0.565625 0.0140625 0.015625
4 0.203125 0.59140625 0.01484375 0.01640625
4 0.265625 0.61640625 0.0140625 0.01796875
0 0.14296875 0.55390625 0.01640625 0.02109375
0 0.175 0.5734375 0.0203125 0.02421875
2 0.18359375 0.61484375 0.021875 0.0296875
2 0.07578125 0.55390625 0.02421875 0.02109375
2 0.03125 0.53828125 0.021875 0.01640625
2 0.05390625 0.55078125 0.01796875 0.015625
2 0.04375 0.57421875 0.01171875 0.028125
2 0.05703125 0.578125 0.0109375 0.0265625
2 0.0921875 0.578125 0.021875 0.021875
2 0.0984375 0.65 0.021875 0.03046875
2 0.09140625 0.684375 0.021875 0.034375
2 0.0890625 0.72578125 0.01640625 0.03984375
4 0.03828125 0.36171875 0.015625 0.0203125
4 0.2078125 0.415625 0.01640625 0.01640625
4 0.25546875 0.45625 0.01640625 0.021875
2 0.33203125 0.4890625 0.02890625 0.0234375
2 0.36875 0.45703125 0.02890625 0.0234375
2 0.38828125 0.4796875 0.02421875 0.0140625
2 0.39140625 0.50078125 0.025 0.01875
0 0.421875 0.4109375 0.01875 0.01875
4 0.39140625 0.38203125 0.00703125 0.02421875
4 0.4015625 0.38203125 0.0046875 0.02421875
4 0.415625 0.378125 0.0046875 0.0234375
4 0.4265625 0.378125 0.00390625 0.0234375
4 0.434375 0.3734375 0.00703125 0.01796875
4 0.42109375 0.3453125 0.0109375 0.01484375
4 0.43671875 0.32578125 0.01171875 0.0140625
4 0.45859375 0.28671875 0.01171875 0.01015625
4 0.44921875 0.303125 0.009375 0.01171875
4 0.4671875 0.2984375 0.00859375 0.009375
4 0.453125 0.33125 0.01171875 0.01171875
4 0.44140625 0.3484375 0.00703125 0.01171875
4 0.4546875 0.3453125 0.009375 0.01171875
0 0.4734375 0.3125 0.01328125 0.021875
4 0.51953125 0.37109375 0.00859375 0.01875
2 0.49453125 0.19140625 0.01484375 0.034375
4 0.48359375 0.21328125 0.01015625 0.01015625
4 0.48125 0.225 0.01015625 0.009375
4 0.46640625 0.25 0.0109375 0.01171875
4 0.46328125 0.26875 0.009375 0.00859375
0 0.534375 0.1046875 0.01171875 0.03515625
2 0.515625 0.1078125 0.0140625 0.03828125
1 0.54140625 0.28046875 0.03046875 0.10859375
1 0.56328125 0.15625 0.02890625 0.11015625
2 0.61171875 0.1078125 0.01328125 0.0359375
6 0.59296875 0.1390625 0.025 0.0796875
6 0.57890625 0.21875 0.034375 0.071875
6 0.55703125 0.3 0.03046875 0.09296875
0 0.5828125 0.2546875 0.00859375 0.028125
0 0.571875 0.28203125 0.00859375 0.02578125
0 0.56953125 0.3203125 0.0109375 0.025
4 0.58203125 0.334375 0.00546875 0.02109375
4 0.56171875 0.34375 0.00546875 0.0140625
4 0.5609375 0.32890625 0.0046875 0.015625
4 0.58671875 0.30234375 0.00625 0.015625
4 0.60078125 0.3484375 0.00859375 0.01015625
4 0.60234375 0.36640625 0.00703125 0.015625
0 0.57578125 0.37109375 0.01328125 0.02421875
4 0.609375 0.38125 0.00703125 0.009375
4 0.609375 0.35078125 0.00859375 0.01015625
4 0.609375 0.36171875 0.00546875 0.0109375
4 0.615625 0.39921875 0.00625 0.01171875
4 0.5859375 0.4640625 0.01015625 0.00859375
6 0.609375 0.0609375 0.03359375 0.07578125