2 0.04375 0.95390625 0.01796875 0.02578125
2 0.04296875 0.9859375 0.01796875 0.0234375
2 0.05703125 0.9640625 0.02109375 0.0234375
2 0.05703125 0.98359375 0.01796875 0.03046875
2 0.078125 0.959375 0.01875 0.028125
2 0.07890625 0.915625 0.0234375 0.0203125
2 0.09296875 0.86796875 0.01796875 0.021875
2 0.0953125 0.8875 0.0234375 0.0234375
2 0.11171875 0.89375 0.01796875 0.025
2 0.103125 0.921875 0.01875 0.0296875
2 0.1265625 0.8453125 0.01796875 0.025
2 0.1296875 0.8640625 0.01640625 0.02578125
2 0.1453125 0.834375 0.02109375 0.02890625
2 0.14140625 0.87265625 0.01796875 0.02578125
2 0.19375 0.9265625 0.01875 0.021875
2 0.209375 0.97109375 0.01640625 0.03515625
2 0.23046875 0.94375 0.0203125 0.034375
2 0.18046875 0.784375 0.01796875 0.02890625
2 0.16328125 0.80625 0.01953125 0.03359375
2 0.18359375 0.80703125 0.01796875 0.02890625
2 0.2125 0.7640625 0.01796875 0.0265625
2 0.20390625 0.75078125 0.01640625 0.021875
2 0.23359375 0.7359375 0.01796875 0.02578125
2 0.21796875 0.72421875 0.015625 0.025
2 0.25078125 0.7140625 0.01953125 0.028125
2 0.24921875 0.69140625 0.01796875 0.0265625
2 0.26796875 0.671875 0.01796875 0.025
2 0.253125 0.66015625 0.01171875 0.02109375
2 0.2828125 0.6703125 0.01484375 0.0234375
2 0.2703125 0.68828125 0.01484375 0.0234375
2 0.26796875 0.64609375 0.01796875 0.028125
2 0.28203125 0.6265625 0.01640625 0.025
2 0.2984375 0.6109375 0.015625 0.028125
2 0.3046875 0.61875 0.01796875 0.02890625
2 0.31875 0.6 0.01796875 0.0265625
2 0.3421875 0.59140625 0.01484375 0.0265625
2 0.33046875 0.3109375 0.0140625 0.03125
2 0.32421875 0.2421875 0.01328125 0.03515625
2 0.3265625 0.0640625 0.01640625 0.03359375
2 0.33828125 0.06484375 0.015625 0.0296875
2 0.446875 0.26796875 0.01875 0.03046875
2 0.49765625 0.3625 0.02109375 0.025
2 0.5484375 0.4171875 0.01875 0.02890625
2 0.559375 0.32109375 0.015625 0.02578125
2 0.55546875 0.21640625 0.01015625 0.03125
2 0.584375 0.1921875 0.01328125 0.03125
2 0.56796875 0.13046875 0.01328125 0.03359375
2 0.55703125 0.04609375 0.0109375 0.03515625
2 0.59375 0.05625 0.01640625 0.02421875
2 0.64296875 0.3046875 0.01796875 0.0265625
2 0.7984375 0.16328125 0.0140625 0.034375
2 0.8234375 0.140625 0.01171875 0.03515625
2 0.8515625 0.12578125 0.01953125 0.03359375
2 0.990625 0.03515625 0.01875 0.0296875
2 0.92890625 0.22421875 0.01796875 0.02890625
2 0.93828125 0.209375 0.01796875 0.03125
2 0.94609375 0.203125 0.01796875 0.0296875
2 0.74375 0.3140625 0.0203125 0.028125
2 0.75625 0.31953125 0.01328125 0.021875
2 0.7421875 0.3390625 0.01875 0.021875
2 0.72578125 0.35625 0.01796875 0.028125
2 0.7109375 0.34921875 0.01796875 0.028125
2 0.70859375 0.37734375 0.01640625 0.0265625
2 0.68125 0.38359375 0.0140625 0.0234375
2 0.684375 0.3984375 0.01796875 0.02890625
2 0.66796875 0.40703125 0.01796875 0.02890625
2 0.58203125 0.47265625 0.01796875 0.02890625
2 0.6015625 0.50546875 0.01796875 0.02578125
2 0.615625 0.496875 0.01796875 0.028125
2 0.596875 0.5625 0.01328125 0.03828125
2 0.7203125 0.56953125 0.015625 0.03125
2 0.765625 0.696875 0.015625 0.0265625
2 0.78828125 0.73125 0.01796875 0.0234375
2 0.865625 0.74453125 0.01484375 0.028125
2 0.88125 0.76015625 0.01171875 0.0296875
2 0.90625 0.77265625 0.0140625 0.03515625
2 0.940625 0.8203125 0.01875 0.0296875
2 0.95859375 0.85625 0.01875 0.02109375
2 0.96953125 0.871875 0.01875 0.0203125
2 0.95 0.90078125 0.01953125 0.0296875
2 0.9796875 0.90078125 0.01875 0.028125
2 0.8921875 0.92890625 0.01640625 0.025
2 0.8734375 0.9078125 0.01796875 0.0265625
2 0.85546875 0.890625 0.01796875 0.025
2 0.8453125 0.903125 0.01640625 0.0234375
2 0.840625 0.87265625 0.01875 0.028125
2 0.8265625 0.88125 0.01796875 0.02421875
2 0.82265625 0.859375 0.01953125 0.02578125
2 0.809375 0.86640625 0.02109375 0.02890625
2 0.8015625 0.84453125 0.01640625 0.025
2 0.80546875 0.83125 0.015625 0.02421875
2 0.784375 0.81171875 0.01796875 0.021875
2 0.7734375 0.8265625 0.01640625 0.02421875
2 0.7296875 0.759375 0.01640625 0.021875
2 0.715625 0.78515625 0.01796875 0.02578125
2 0.709375 0.759375 0.01640625 0.02421875
2 0.71484375 0.746875 0.01640625 0.02109375
2 0.70703125 0.7234375 0.0203125 0.021875
2 0.69453125 0.73203125 0.0203125 0.021875
2 0.6921875 0.74765625 0.0203125 0.02421875
2 0.68828125 0.76171875 0.01796875 0.021875
2 0.66953125 0.75078125 0.01796875 0.021875
2 0.55234375 0.77578125 0.0203125 0.02421875
2 0.56875 0.65234375 0.0234375 0.04453125
2 0.38203125 0.73125 0.02421875 0.02578125
2 0.3234375 0.81875 0.01953125 0.034375
2 0.32734375 0.94609375 0.02109375 0.025
2 0.321875 0.990625 0.01875 0.01875
2 0.3734375 0.95390625 0.01640625 0.0265625
4 0.06328125 0.93984375 0.01015625 0.015625
4 0.06171875 0.928125 0.01015625 0.0109375
4 0.06015625 0.86953125 0.009375 0.0140625
4 0.0546875 0.85546875 0.00703125 0.0109375
4 0.07578125 0.9015625 0.01171875 0.0140625
4 0.08828125 0.90390625 0.01015625 0.009375
4 0.07421875 0.92890625 0.01015625 0.01171875
4 0.109375 0.92421875 0.00625 0.015625
4 0.11796875 0.9140625 0.00859375 0.01484375
4 0.11015625 0.878125 0.009375 0.0203125
4 0.12890625 0.89453125 0.01015625 0.0140625
4 0.08046875 0.84375 0.00625 0.01484375
4 0.084375 0.840625 0.00625 0.01796875
4 0.09140625 0.834375 0.00546875 0.02421875
4 0.10625 0.82109375 0.00859375 0.01484375
4 0.109375 0.81484375 0.009375 0.01640625
4 0.11640625 0.80703125 0.00859375 0.01796875
4 0.13671875 0.8625 0.009375 0.01171875
4 0.1421875 0.8515625 0.009375 0.01171875
4 0.21640625 0.75 0.00859375 0.01015625
4 0.215625 0.73828125 0.00703125 0.0109375
4 0.21015625 0.7359375 0.00703125 0.01171875
4 0.22265625 0.7453125 0.00625 0.01171875
4 0.23125 0.7515625 0.00625 0.0109375
4 0.24296875 0.6890625 0.00625 0.0109375
4 0.234375 0.68203125 0.009375 0.009375
4 0.24921875 0.68046875 0.00625 0.0109375
4 0.26171875 0.68984375 0.00859375 0.01015625
4 0.2765625 0.6515625 0.00625 0.01015625
4 0.28125 0.64296875 0.00859375 0.01328125
4 0.30703125 0.60390625 0.00625 0.009375
4 0.34375 0.59921875 0.00625 0.01171875
4 0.3359375 0.584375 0.00703125 0.01015625
4 0.33203125 0.58671875 0.0046875 0.0109375
4 0.328125 0.58203125 0.00859375 0.01328125
4 0.3359375 0.5765625 0.00703125 0.00859375
4 0.33359375 0.571875 0.00625 0.01015625
4 0.3328125 0.56328125 0.00546875 0.0109375
4 0.3296875 0.55625 0.00859375 0.0109375
4 0.365625 0.3671875 0.00859375 0.015625
4 0.3953125 0.196875 0.009375 0.01640625
4 0.41171875 0.22734375 0.00859375 0.015625
4 0.3703125 0.0734375 0.00859375 0.00859375
4 0.39140625 0.146875 0.00703125 0.0140625
4 0.4015625 0.15859375 0.00625 0.0140625
4 0.39609375 0.13671875 0.0046875 0.01328125
4 0.39609375 0.12421875 0.00703125 0.009375
4 0.40078125 0.12890625 0.00703125 0.00859375
4 0.409375 0.128125 0.00859375 0.0109375
4 0.40234375 0.13359375 0.00546875 0.0109375
4 0.4046875 0.13671875 0.00625 0.00703125
4 0.40703125 0.146875 0.00703125 0.00703125
4 0.4109375 0.15625 0.00546875 0.0109375
4 0.41796875 0.146875 0.0046875 0.00703125
4 0.41953125 0.1515625 0.00625 0.01015625
4 0.4140625 0.1640625 0.0046875 0.01328125
4 0.41796875 0.16875 0.00390625 0.01328125
4 0.42421875 0.1671875 0.00546875 0.01015625
4 0.4296875 0.171875 0.00703125 0.01171875
4 0.43515625 0.18203125 0.00859375 0.01328125
4 0.571875 0.35390625 0.0140625 0.01484375
4 0.59921875 0.3515625 0.01171875 0.0140625
4 0.75078125 0.2171875 0.00703125 0.0140625
4 0.75390625 0.2125 0.009375 0.01796875
4 0.81484375 0.15625 0.00703125 0.01015625
4 0.8125 0.14375 0.00703125 0.0140625
4 0.93046875 0.0328125 0.01171875 0.015625
4 0.8390625 0.23828125 0.01015625 0.01640625
4 0.809375 0.26875 0.01015625 0.01328125
4 0.79140625 0.28515625 0.01171875 0.01484375
4 0.78671875 0.30625 0.0109375 0.01484375
4 0.75546875 0.3390625 0.00859375 0.01484375
4 0.71640625 0.3859375 0.00859375 0.0140625
4 0.71171875 0.384375 0.00859375 0.0140625
4 0.69609375 0.39296875 0.00859375 0.0140625
4 0.69609375 0.40078125 0.00859375 0.009375
4 0.68984375 0.4046875 0.00703125 0.01484375
4 0.68359375 0.41171875 0.00859375 0.01328125
4 0.68359375 0.4203125 0.01015625 0.00859375
4 0.63046875 0.50546875 0.00859375 0.0140625
4 0.6078125 0.4625 0.00859375 0.01484375
4 0.71953125 0.60703125 0.01015625 0.01640625
4 0.71953125 0.6375 0.0109375 0.01640625
4 0.7390625 0.66484375 0.00859375 0.0140625
4 0.74921875 0.6875 0.00859375 0.01640625
4 0.8171875 0.70859375 0.00390625 0.015625
4 0.81953125 0.71171875 0.003125 0.015625
4 0.83359375 0.7265625 0.0046875 0.01484375
4 0.82109375 0.76328125 0.009375 0.01796875
4 0.83984375 0.7359375 0.00625 0.01875
4 0.84453125 0.73515625 0.00546875 0.0203125
4 0.84921875 0.734375 0.00390625 0.02890625
4 0.853125 0.74375 0.00390625 0.01796875
4 0.88515625 0.81796875 0.01015625 0.015625
4 0.88828125 0.8328125 0.01171875 0.01953125
4 0.9109375 0.79140625 0.00859375 0.01953125
4 0.921875 0.81171875 0.00703125 0.015625
4 0.96171875 0.9 0.00859375 0.015625
4 0.9734375 0.86015625 0.01015625 0.01171875
4 0.97890625 0.846875 0.01171875 0.01171875
4 0.98359375 0.8703125 0.00703125 0.01796875
4 0.9234375 0.9859375 0.01484375 0.01796875
4 0.834375 0.90859375 0.00859375 0.01328125
4 0.721875 0.7640625 0.0109375 0.01484375
4 0.7234375 0.7421875 0.009375 0.0140625
4 0.7015625 0.7640625 0.00859375 0.01484375
4 0.68125 0.725 0.00859375 0.01171875
4 0.67578125 0.73046875 0.01015625 0.0140625
4 0.67109375 0.7390625 0.0109375 0.01640625
4 0.68515625 0.703125 0.00859375 0.01171875
4 0.590625 0.70703125 0.01171875 0.0140625
4 0.51875 0.7609375 0.00859375 0.01484375
4 0.440625 0.8515625 0.01328125 0.0203125
4 0.471875 0.82421875 0.009375 0.01640625
4 0.24296875 0.86875 0.01328125 0.01875
0 0.06796875 0.94140625 0.01171875 0.0234375
0 0.07578125 0.94453125 0.015625 0.01953125
0 0.0890625 0.921875 0.01484375 0.0203125
0 0.096875 0.90546875 0.0140625 0.01796875
0 0.1046875 0.86015625 0.01640625 0.0203125
0 0.11796875 0.86640625 0.01171875 0.025
0 0.1234375 0.8890625 0.01796875 0.02578125
0 0.16328125 0.98671875 0.01640625 0.0265625
0 0.1984375 0.7859375 0.01328125 0.0203125
0 0.196875 0.7421875 0.01171875 0.02109375
0 0.20546875 0.72578125 0.0109375 0.0234375
0 0.215625 0.7109375 0.01015625 0.01953125
0 0.22578125 0.7015625 0.01171875 0.02109375
0 0.23515625 0.69140625 0.01015625 0.0203125
0 0.2359375 0.7109375 0.0109375 0.0203125
0 0.25703125 0.67109375 0.01171875 0.01796875
0 0.2890625 0.6390625 0.0109375 0.01640625
0 0.3453125 0.4390625 0.009375 0.02421875
0 0.35234375 0.11796875 0.01484375 0.0265625
0 0.60546875 0.28359375 0.0109375 0.02890625
0 0.60546875 0.25703125 0.01328125 0.03046875
0 0.67578125 0.29609375 0.01796875 0.025
0 0.709375 0.265625 0.01796875 0.02578125
0 0.896875 0.19140625 0.0140625 0.0234375
0 0.696875 0.37421875 0.0140625 0.01875
0 0.6734375 0.43359375 0.01171875 0.02109375
0 0.6671875 0.42890625 0.01171875 0.0234375
0 0.65078125 0.52734375 0.0140625 0.0265625
0 0.75703125 0.6453125 0.01484375 0.01953125
0 0.72890625 0.665625 0.0140625 0.01953125
0 0.871875 0.7640625 0.01171875 0.025
0 0.89609375 0.7671875 0.01484375 0.021875
0 0.99296875 0.94375 0.0140625 0.01875
0 0.821875 0.8953125 0.01484375 0.01953125
0 0.7890625 0.83125 0.01484375 0.01875
0 0.68828125 0.7140625 0.01796875 0.0203125
0 0.540625 0.73125 0.015625 0.03203125
3 0.3421875 0.03359375 0.025 0.05
3 0.22421875 0.72890625 0.015625 0.025
3 0.8265625 0.91171875 0.0203125 0.0265625
1 0.76796875 0.7796875 0.0515625 0.05703125
1 0.81875 0.7375 0.04140625 0.05859375
1 0.75078125 0.79296875 0.05 0.05625
1 0.4015625 0.1765625 0.03515625 0.06171875
1 0.32890625 0.71953125 0.0453125 0.034375
1 0.321875 0.65078125 0.04296875 0.07109375
1 0.31171875 0.628125 0.0453125 0.0640625
6 0.15625 0.840625 0.04375 0.059375