4 0.01171875 0.34921875 0.01640625 0.0140625
4 0.02890625 0.36640625 0.015625 0.0125
4 0.0421875 0.38984375 0.01640625 0.01640625
4 0.05859375 0.3765625 0.0171875 0.0140625
4 0.06484375 0.353125 0.0140625 0.0140625
4 0.08828125 0.3703125 0.01640625 0.01171875
4 0.09765625 0.3515625 0.0171875 0.01328125
4 0.046875 0.2828125 0.01640625 0.0140625
4 0.0703125 0.303125 0.01171875 0.01015625
4 0.0765625 0.31484375 0.01328125 0.0140625
0 0.0734375 0.2859375 0.01953125 0.01328125
0 0.09765625 0.29609375 0.015625 0.0140625
0 0.10625 0.3140625 0.01875 0.0140625
3 0.1078125 0.26328125 0.01953125 0.0140625
0 0.1421875 0.29375 0.01640625 0.01640625
0 0.15390625 0.31328125 0.01875 0.01484375
4 0.1953125 0.309375 0.01171875 0.009375
4 0.1875 0.32421875 0.01328125 0.00859375
0 0.2203125 0.30546875 0.01484375 0.01328125
0 0.21015625 0.321875 0.01796875 0.01171875
4 0.25546875 0.303125 0.0109375 0.01328125
0 0.28125 0.3140625 0.01875 0.01484375
0 0.32265625 0.32265625 0.015625 0.01484375
4 0.11171875 0.38984375 0.015625 0.009375
4 0.146875 0.3640625 0.0171875 0.0109375
4 0.2265625 0.38515625 0.0140625 0.01328125
4 0.228125 0.35 0.0140625 0.00859375
4 0.25390625 0.3703125 0.01640625 0.01015625
4 0.278125 0.36640625 0.01875 0.0109375
4 0.26796875 0.3875 0.015625 0.009375
4 0.30390625 0.38359375 0.01328125 0.0109375
4 0.29609375 0.3953125 0.01328125 0.009375
4 0.29453125 0.40390625 0.01328125 0.01171875
4 0.334375 0.36484375 0.015625 0.0109375
4 0.3359375 0.38203125 0.01171875 0.01015625
4 0.32265625 0.390625 0.01328125 0.0109375
4 0.35703125 0.35546875 0.0109375 0.009375
3 0.39921875 0.36484375 0.0125 0.0109375
4 0.41015625 0.371875 0.01484375 0.0125
3 0.3359375 0.4046875 0.02734375 0.0203125
4 0.45078125 0.3625 0.0109375 0.009375
4 0.4546875 0.40703125 0.0125 0.01015625
4 0.478125 0.36796875 0.01171875 0.009375
4 0.48203125 0.38984375 0.01171875 0.01171875
4 0.4765625 0.4015625 0.0109375 0.0109375
4 0.48828125 0.4046875 0.01015625 0.01171875
4 0.5046875 0.36171875 0.0125 0.01015625
4 0.50390625 0.3796875 0.01328125 0.009375
4 0.5203125 0.37890625 0.0125 0.009375
4 0.5359375 0.37109375 0.01328125 0.009375
4 0.56015625 0.36328125 0.0140625 0.01015625
4 0.55625 0.38203125 0.0125 0.01171875
4 0.4390625 0.48984375 0.0140625 0.0109375
2 0.58046875 0.40234375 0.021875 0.01796875
4 0.60078125 0.38515625 0.0125 0.009375
4 0.61796875 0.371875 0.0125 0.009375
4 0.6125 0.4 0.0125 0.01015625
4 0.63203125 0.3875 0.0125 0.00703125
4 0.63828125 0.35859375 0.0109375 0.01015625
0 0.66484375 0.371875 0.015625 0.0125
4 0.696875 0.39765625 0.01171875 0.0109375
4 0.646875 0.396875 0.0140625 0.0125
4 0.703125 0.35546875 0.0109375 0.009375
4 0.7046875 0.36796875 0.01484375 0.01171875
4 0.73125 0.38359375 0.0125 0.0125
4 0.7546875 0.34609375 0.0140625 0.015625
4 0.76953125 0.36484375 0.0109375 0.01171875
4 0.78671875 0.3984375 0.01328125 0.0140625
4 0.825 0.371875 0.015625 0.01328125
4 0.84375 0.353125 0.01171875 0.01171875
4 0.8421875 0.38515625 0.0109375 0.009375
4 0.85625 0.3703125 0.01171875 0.01328125
4 0.88359375 0.3484375 0.0125 0.01015625
4 0.87734375 0.3828125 0.0125 0.0109375
3 0.85859375 0.40078125 0.0203125 0.01875
4 0.91484375 0.353125 0.0125 0.01171875
4 0.909375 0.36953125 0.0140625 0.01328125
4 0.94375 0.39765625 0.0125 0.01171875
4 0.965625 0.35234375 0.0109375 0.0109375
4 0.95859375 0.375 0.01015625 0.009375
4 0.98359375 0.384375 0.0109375 0.00859375
4 0.97890625 0.46640625 0.01328125 0.01015625
2 0.815625 0.44453125 0.021875 0.015625
4 0.82265625 0.515625 0.0125 0.01015625
4 0.85625 0.51484375 0.0125 0.00703125
4 0.88984375 0.51875 0.0125 0.01015625
0 0.68125 0.5390625 0.01484375 0.01484375
0 0.6765625 0.55703125 0.01484375 0.01328125
4 0.6140625 0.53203125 0.0109375 0.01640625
4 0.5375 0.5546875 0.0046875 0.0171875
0 0.52109375 0.5546875 0.0171875 0.0171875
4 0.5359375 0.52421875 0.0046875 0.0171875
4 0.52109375 0.53125 0.00546875 0.01796875
4 0.5125 0.525 0.0046875 0.01640625
0 0.45703125 0.69140625 0.01015625 0.02578125
0 0.44609375 0.753125 0.00703125 0.025
0 0.44453125 0.78515625 0.01015625 0.02265625
4 0.42265625 0.81484375 0.0046875 0.01484375
0 0.3953125 0.5484375 0.0140625 0.01484375
4 0.46484375 0.94921875 0.00625 0.01796875
4 0.47265625 0.91328125 0.00546875 0.01640625
4 0.478125 0.8640625 0.00625 0.01875
4 0.48203125 0.82578125 0.00625 0.01796875
4 0.49140625 0.79375 0.00859375 0.01796875
4 0.49296875 0.75703125 0.0046875 0.0171875
0 0.5046875 0.73359375 0.0078125 0.0234375
4 0.52734375 0.725 0.01484375 0.02265625
4 0.49140625 0.578125 0.00546875 0.0203125
4 0.49921875 0.559375 0.0078125 0.01796875
4 0.48515625 0.646875 0.00546875 0.01796875
4 0.48984375 0.66484375 0.00703125 0.0203125
4 0.39453125 0.61171875 0.00859375 0.01953125
4 0.56640625 0.5265625 0.01015625 0.01015625
4 0.55625 0.5171875 0.0125 0.0078125
4 0.56328125 0.559375 0.009375 0.0140625
2 0.53359375 0.40234375 0.0234375 0.01875
4 0.5109375 0.39609375 0.01171875 0.0109375
4 0.425 0.3296875 0.0125 0.00859375
4 0.49765625 0.32265625 0.01484375 0.01328125
0 0.4703125 0.328125 0.01328125 0.01328125
4 0.45234375 0.33359375 0.009375 0.0078125
4 0.45078125 0.315625 0.0140625 0.01328125
4 0.54921875 0.32734375 0.0125 0.01015625
4 0.603125 0.315625 0.01171875 0.009375
4 0.61953125 0.30625 0.01171875 0.01171875
4 0.615625 0.32890625 0.0109375 0.01328125
4 0.67578125 0.3125 0.01015625 0.01015625
4 0.72421875 0.284375 0.0140625 0.01171875
0 0.79375 0.315625 0.01640625 0.015625
0 0.87421875 0.23828125 0.01328125 0.02890625
4 0.49609375 0.28828125 0.01328125 0.01328125
0 0.37890625 0.32734375 0.01484375 0.01328125
5 0.22890625 0.44375 0.07421875 0.02734375
4 0.16796875 0.47734375 0.0140625 0.009375
4 0.13359375 0.48984375 0.0109375 0.00859375
0 0.103125 0.48046875 0.01875 0.01796875
0 0.11015625 0.52734375 0.0171875 0.0171875
0 0.215625 0.54453125 0.015625 0.01484375
0 0.3484375 0.54453125 0.0140625 0.0140625
0 0.284375 0.52421875 0.01640625 0.0140625
0 0.2484375 0.52265625 0.01328125 0.01328125
0 0.353125 0.58515625 0.0109375 0.02578125
0 0.33984375 0.58515625 0.01328125 0.01796875
0 0.06171875 0.5234375 0.0109375 0.01015625
4 0.12734375 0.32421875 0.01171875 0.00859375
4 0.9890625 0.39609375 0.01015625 0.01328125
4 0.4578125 0.959375 0.00546875 0.01796875
4 0.51640625 0.6890625 0.00546875 0.01328125
4 0.55 0.6625 0.025 0.04140625