2 0.3609375 0.28984375 0.01484375 0.01171875
2 0.42109375 0.2546875 0.0109375 0.01796875
2 0.51171875 0.26796875 0.00859375 0.02421875
2 0.52578125 0.32578125 0.00546875 0.02578125
2 0.53671875 0.32578125 0.00625 0.0265625
2 0.58671875 0.31640625 0.00859375 0.021875
2 0.578125 0.31640625 0.00703125 0.0234375
4 0.615625 0.30625 0.003125 0.01171875
4 0.60390625 0.30078125 0.0015625 0.0109375
4 0.59921875 0.3046875 0.0015625 0.01171875
4 0.59453125 0.29453125 0.003125 0.00859375
4 0.59140625 0.290625 0.0015625 0.0109375
4 0.58828125 0.28125 0.003125 0.01171875
4 0.58828125 0.29609375 0.003125 0.0109375
4 0.60078125 0.23671875 0.003125 0.01640625
4 0.5984375 0.23828125 0.003125 0.015625
4 0.59375 0.23984375 0.003125 0.0140625
4 0.58671875 0.23828125 0.003125 0.01171875
4 0.584375 0.2390625 0.003125 0.0140625
4 0.56484375 0.2265625 0.003125 0.0140625
4 0.5671875 0.278125 0.003125 0.01328125
4 0.565625 0.29296875 0.003125 0.01484375
4 0.56171875 0.2921875 0.003125 0.01484375
4 0.5578125 0.29375 0.003125 0.01484375
4 0.54453125 0.278125 0.0015625 0.01484375
4 0.5484375 0.278125 0.003125 0.0140625
4 0.5375 0.2765625 0.003125 0.01484375
4 0.54453125 0.2265625 0.0015625 0.009375
4 0.54921875 0.228125 0.0015625 0.01015625
4 0.55234375 0.228125 0.0015625 0.00859375
4 0.56015625 0.22734375 0.003125 0.0109375
4 0.47890625 0.3984375 0.00703125 0.01015625
4 0.99453125 0.2328125 0.00546875 0.0140625
4 0.615625 0.46875 0.00703125 0.00625
4 0.465625 0.56171875 0.00625 0.00703125
4 0.440625 0.4578125 0.00625 0.00703125
4 0.35390625 0.5890625 0.00625 0.00546875
4 0.50625 0.58515625 0.00546875 0.00546875
4 0.58046875 0.60390625 0.00703125 0.009375
4 0.64453125 0.58359375 0.00625 0.00546875
4 0.77421875 0.6046875 0.00625 0.00625
4 0.83671875 0.5890625 0.00703125 0.00703125
5 0.85546875 0.415625 0.04296875 0.02421875
5 0.73828125 0.38203125 0.04453125 0.015625
5 0.68203125 0.3828125 0.03984375 0.0203125
0 0.8265625 0.384375 0.009375 0.009375
0 0.4640625 0.60390625 0.009375 0.009375
2 0.45546875 0.528125 0.0140625 0.01171875
3 0.415625 0.60703125 0.01484375 0.01171875
4 0.565625 0.58359375 0.00703125 0.00546875
5 0.6765625 0.4734375 0.03984375 0.01796875
5 0.83046875 0.5515625 0.06640625 0.025
2 0.9265625 0.51953125 0.015625 0.0109375
2 0.94296875 0.5890625 0.0140625 0.01171875
6 0.9546875 0.46796875 0.02890625 0.01484375
0 0.9703125 0.60234375 0.01484375 0.01171875
0 0.84375 0.64453125 0.0109375 0.0109375
0 0.8421875 0.60390625 0.009375 0.00859375
4 0.8703125 0.7203125 0.003125 0.01484375
6 0.9078125 0.6375 0.03828125 0.01953125
2 0.96171875 0.79921875 0.01015625 0.0140625
2 0.96171875 0.8140625 0.009375 0.01171875
2 0.98671875 0.87421875 0.00859375 0.02890625
2 0.978125 0.90078125 0.00703125 0.0234375
3 0.778125 0.8546875 0.0203125 0.0140625
3 0.73671875 0.8984375 0.00703125 0.03046875
0 0.77734375 0.66953125 0.01484375 0.015625
2 0.73984375 0.6546875 0.00703125 0.021875
2 0.69921875 0.6703125 0.00625 0.02578125
2 0.69375 0.63125 0.00625 0.02421875
2 0.68671875 0.63359375 0.00546875 0.02421875
3 0.70390625 0.621875 0.0109375 0.021875
2 0.596875 0.62421875 0.01015625 0.009375
0 0.5953125 0.60859375 0.009375 0.01015625
6 0.5125 0.62265625 0.028125 0.01796875
5 0.2984375 0.6359375 0.02890625 0.01796875
5 0.16796875 0.64296875 0.034375 0.01796875
5 0.14453125 0.67734375 0.0359375 0.0203125
5 0.05859375 0.746875 0.01015625 0.05
5 0.08828125 0.734375 0.0109375 0.05390625
5 0.05625 0.93203125 0.01015625 0.046875
2 0.03046875 0.8296875 0.01171875 0.0203125