2 0.34140625 0.29453125 0.01640625 0.01328125
2 0.5078125 0.33125 0.00546875 0.028125
2 0.51796875 0.3296875 0.00625 0.0265625
2 0.55859375 0.3203125 0.00703125 0.025
2 0.56796875 0.32109375 0.00546875 0.025
4 0.58046875 0.30546875 0.003125 0.01953125
4 0.584375 0.3046875 0.003125 0.01484375
4 0.56953125 0.30078125 0.003125 0.0140625
4 0.56875 0.2859375 0.003125 0.01328125
4 0.5484375 0.28203125 0.003125 0.0140625
4 0.54296875 0.2953125 0.003125 0.01171875
4 0.5390625 0.29609375 0.003125 0.01484375
4 0.546875 0.29609375 0.003125 0.01171875
4 0.53203125 0.28203125 0.003125 0.0109375
4 0.5265625 0.28125 0.003125 0.01484375
4 0.51953125 0.28046875 0.003125 0.01484375
4 0.39765625 0.2734375 0.00390625 0.01328125
4 0.4109375 0.27421875 0.003125 0.01328125
4 0.4140625 0.27578125 0.0015625 0.01328125
4 0.434375 0.21015625 0.00625 0.01171875
4 0.5265625 0.23125 0.003125 0.01015625
4 0.53046875 0.23125 0.003125 0.009375
4 0.53359375 0.23125 0.0015625 0.0109375
4 0.546875 0.23125 0.003125 0.01796875
4 0.565625 0.24296875 0.003125 0.01328125
4 0.57421875 0.24453125 0.003125 0.01328125
4 0.5796875 0.24453125 0.003125 0.01328125
4 0.58203125 0.24453125 0.0015625 0.01328125
4 0.56796875 0.24296875 0.003125 0.0140625
4 0.5859375 0.421875 0.00703125 0.00859375
5 0.66171875 0.3859375 0.03984375 0.01875
5 0.71875 0.3859375 0.04375 0.01640625
5 0.8609375 0.4609375 0.0453125 0.021875
4 0.81796875 0.4296875 0.00625 0.009375
4 0.8953125 0.39140625 0.009375 0.009375
2 0.94296875 0.37578125 0.01484375 0.01171875
2 0.98359375 0.52109375 0.015625 0.0140625
3 0.99453125 0.29296875 0.00859375 0.0296875
4 0.96796875 0.23671875 0.00546875 0.01484375
2 0.0078125 0.56015625 0.0109375 0.01015625
2 0.0484375 0.5171875 0.015625 0.01328125
2 0.13046875 0.51484375 0.0140625 0.0140625
2 0.00546875 0.840625 0.00703125 0.021875
4 0.0671875 0.61328125 0.009375 0.009375
4 0.09453125 0.6046875 0.00703125 0.00859375
4 0.25859375 0.4703125 0.00625 0.00546875
4 0.3140625 0.559375 0.00546875 0.00859375
4 0.3171875 0.61953125 0.009375 0.01015625
4 0.221875 0.5984375 0.00703125 0.00703125
6 0.17890625 0.56015625 0.0234375 0.01796875
6 0.171875 0.49375 0.02890625 0.01640625
3 0.2296875 0.5734375 0.01796875 0.0140625
5 0.28125 0.64140625 0.03125 0.01640625
5 0.146875 0.65 0.0359375 0.0203125
5 0.1234375 0.68671875 0.03515625 0.0203125
5 0.06640625 0.74453125 0.0140625 0.0515625
5 0.0359375 0.75546875 0.01171875 0.046875
5 0.034375 0.9453125 0.01171875 0.046875
0 0.19765625 0.621875 0.01171875 0.01171875
2 0.29609375 0.50546875 0.015625 0.01171875
2 0.31875 0.4734375 0.01484375 0.01328125
1 0.41953125 0.6 0.0265625 0.01796875
6 0.49609375 0.62421875 0.0265625 0.01953125
6 0.66015625 0.4609375 0.03515625 0.01875
6 0.68359375 0.5984375 0.02578125 0.01953125
2 0.56484375 0.4578125 0.01171875 0.01015625
2 0.578125 0.6265625 0.01171875 0.01015625
2 0.66796875 0.6359375 0.00546875 0.021875
2 0.675 0.63359375 0.00546875 0.025
2 0.68046875 0.67109375 0.00703125 0.02421875
2 0.71953125 0.6546875 0.00625 0.0203125
3 0.684375 0.62421875 0.00859375 0.0203125
3 0.71796875 0.896875 0.00703125 0.03046875
3 0.75859375 0.853125 0.01953125 0.0140625
4 0.51015625 0.60859375 0.00625 0.00625
4 0.56640625 0.615625 0.00625 0.00546875
0 0.7578125 0.66953125 0.015625 0.015625
0 0.82109375 0.60390625 0.009375 0.0109375
0 0.865625 0.57890625 0.01015625 0.0109375
0 0.821875 0.64453125 0.0109375 0.0109375
2 0.85390625 0.59296875 0.01640625 0.01640625
4 0.84140625 0.5734375 0.00625 0.009375
6 0.88515625 0.63828125 0.03671875 0.01953125
6 0.96953125 0.596875 0.02109375 0.01484375
4 0.99375 0.58828125 0.00859375 0.00859375
4 0.9953125 0.578125 0.00703125 0.00859375
5 0.96484375 0.56015625 0.06953125 0.021875
2 0.93671875 0.79453125 0.01015625 0.0109375
2 0.93828125 0.81015625 0.009375 0.0140625
2 0.98828125 0.80859375 0.01328125 0.02578125
2 0.978125 0.85859375 0.0109375 0.01875
2 0.9625 0.86640625 0.009375 0.02578125
2 0.95390625 0.89453125 0.00625 0.021875
2 0.94609375 0.90234375 0.00546875 0.025
2 0.9734375 0.9171875 0.00703125 0.0234375