3 0.03828125 0.8265625 0.025 0.0203125
4 0.1015625 0.8359375 0.00859375 0.00625
4 0.1421875 0.815625 0.009375 0.00625
4 0.2265625 0.834375 0.00703125 0.00625
4 0.26796875 0.8234375 0.00859375 0.00703125
4 0.309375 0.8390625 0.00703125 0.00625
2 0.34921875 0.784375 0.01640625 0.01484375
2 0.46484375 0.81015625 0.01640625 0.0140625
4 0.4578125 0.84296875 0.00859375 0.00546875
3 0.5734375 0.8140625 0.021875 0.01640625
5 0.578125 0.790625 0.0453125 0.021875
2 0.690625 0.7875 0.01796875 0.0140625
2 0.690625 0.8640625 0.01640625 0.01484375
4 0.71796875 0.84296875 0.009375 0.00859375
2 0.7859375 0.79375 0.01796875 0.01484375
4 0.92109375 0.83203125 0.00859375 0.00703125
0 0.98984375 0.846875 0.01328125 0.01328125
4 0.04453125 0.671875 0.0109375 0.00859375
6 0.084375 0.60078125 0.040625 0.02109375
2 0.09765625 0.66796875 0.01796875 0.01328125
4 0.15390625 0.68984375 0.01015625 0.00703125
2 0.196875 0.66796875 0.01875 0.01328125
2 0.21875 0.7015625 0.015625 0.0140625
4 0.25234375 0.67578125 0.00859375 0.00546875
1 0.2953125 0.70078125 0.03671875 0.01953125
6 0.321875 0.67109375 0.0359375 0.0203125
2 0.284375 0.59375 0.01796875 0.01875
2 0.30703125 0.59609375 0.01875 0.01328125
2 0.3734375 0.72265625 0.01640625 0.01328125
2 0.41328125 0.7265625 0.01484375 0.0109375
6 0.40546875 0.70078125 0.03984375 0.02109375
6 0.48359375 0.7265625 0.03125 0.01875
6 0.58046875 0.6984375 0.03828125 0.01953125
6 0.59296875 0.73046875 0.03203125 0.01953125
0 0.6109375 0.68203125 0.00859375 0.009375
3 0.63515625 0.675 0.0203125 0.01328125
2 0.653125 0.72890625 0.01640625 0.01171875
5 0.68125 0.70078125 0.0609375 0.02109375
2 0.70859375 0.72421875 0.01640625 0.0140625
1 0.75078125 0.7265625 0.04609375 0.021875
5 0.79296875 0.7015625 0.06328125 0.021875
6 0.8171875 0.73046875 0.0359375 0.0203125
3 0.86328125 0.68125 0.01640625 0.01484375
2 0.90703125 0.73046875 0.0140625 0.0109375
4 0.9140625 0.69609375 0.00703125 0.00625
0 0.93828125 0.67734375 0.01171875 0.01171875
2 0.96875 0.60078125 0.01953125 0.0140625
2 0.8953125 0.63046875 0.02109375 0.01484375
2 0.90546875 0.56640625 0.015625 0.01328125
2 0.90859375 0.48359375 0.00859375 0.0265625
2 0.86328125 0.52421875 0.00859375 0.0265625
3 0.78359375 0.6015625 0.01875 0.01328125
2 0.675 0.6 0.0140625 0.0109375
2 0.61171875 0.5921875 0.015625 0.01640625
2 0.57578125 0.628125 0.01484375 0.0140625
2 0.5515625 0.5890625 0.01640625 0.021875
4 0.56015625 0.6109375 0.00625 0.00546875
6 0.5265625 0.634375 0.0203125 0.05
6 0.55390625 0.646875 0.03046875 0.06328125
2 0.52890625 0.5859375 0.01171875 0.0296875
0 0.5265625 0.5546875 0.00703125 0.01796875
0 0.54140625 0.5421875 0.00625 0.01796875
2 0.5265625 0.528125 0.01328125 0.025
6 0.465625 0.5921875 0.01953125 0.0546875
3 0.26953125 0.51484375 0.02109375 0.01171875
2 0.33828125 0.4234375 0.01328125 0.0109375
2 0.3375 0.440625 0.01171875 0.01171875
0 0.4484375 0.54453125 0.00625 0.01796875
0 0.4390625 0.48984375 0.0109375 0.0109375
0 0.45078125 0.49140625 0.009375 0.01328125
0 0.4515625 0.50703125 0.00703125 0.01484375
0 0.48203125 0.48828125 0.00390625 0.0109375
2 0.5484375 0.45703125 0.00546875 0.0234375
3 0.53515625 0.43046875 0.00859375 0.034375
2 0.53203125 0.37890625 0.00703125 0.025
2 0.53984375 0.35625 0.01015625 0.025
4 0.559375 0.3203125 0.003125 0.0109375
6 0.503125 0.3265625 0.0109375 0.05390625
4 0.49375 0.1671875 0.00390625 0.01484375
6 0.50703125 0.16171875 0.01015625 0.065625
6 0.53203125 0.1484375 0.0140625 0.07109375
6 0.5 0.05546875 0.009375 0.046875
2 0.44375 0.04765625 0.00703125 0.0296875
3 0.434375 0.04375 0.00703125 0.03046875
3 0.421875 0.11796875 0.015625 0.01640625
3 0.45625 0.36328125 0.00703125 0.0359375
6 0.48203125 0.4234375 0.0109375 0.05390625
2 0.43515625 0.15703125 0.01484375 0.01328125
2 0.4734375 0.165625 0.00859375 0.03203125
2 0.44453125 0.18125 0.01640625 0.01640625
2 0.43046875 0.19296875 0.01484375 0.01796875
2 0.4609375 0.221875 0.00703125 0.02578125
2 0.4453125 0.2453125 0.01484375 0.01875
2 0.44609375 0.271875 0.01484375 0.01796875
2 0.44140625 0.29140625 0.01484375 0.01640625
2 0.453125 0.321875 0.00546875 0.0234375
4 0.46640625 0.13125 0.00390625 0.0140625
4 0.44921875 0.15703125 0.00625 0.00625
4 0.44453125 0.16796875 0.00703125 0.00625
4 0.434375 0.12734375 0.00703125 0.00625
4 0.44609375 0.228125 0.00625 0.00703125
4 0.4234375 0.26640625 0.00703125 0.00625
4 0.4265625 0.24375 0.00703125 0.00703125
4 0.421875 0.22578125 0.00625 0.00859375
4 0.4390625 0.2140625 0.00703125 0.00625
4 0.44140625 0.19921875 0.00546875 0.00625
0 0.45078125 0.2 0.009375 0.01484375
4 0.42421875 0.31015625 0.00625 0.01015625
4 0.43359375 0.3203125 0.0046875 0.0109375
4 0.44140625 0.328125 0.00625 0.00859375