4 0.071875 0.4703125 0.01796875 0.01640625
2 0.07890625 0.490625 0.01484375 0.0140625
5 0.040625 0.55546875 0.04375 0.028125
4 0.0515625 0.625 0.00859375 0.01328125
3 0.1015625 0.603125 0.021875 0.01875
5 0.134375 0.67578125 0.03671875 0.025
5 0.159375 0.64140625 0.0390625 0.01953125
4 0.1859375 0.571875 0.009375 0.009375
2 0.2625 0.465625 0.01796875 0.01796875
2 0.303125 0.46171875 0.0203125 0.01484375
5 0.30625 0.48359375 0.04375 0.01875
5 0.29140625 0.63515625 0.03203125 0.01875
2 0.3671875 0.53046875 0.01640625 0.01484375
5 0.4125 0.54921875 0.0359375 0.021875
6 0.37890625 0.46328125 0.0296875 0.01953125
2 0.35390625 0.2875 0.01953125 0.01875
2 0.51875 0.32734375 0.00703125 0.03125
2 0.53046875 0.3265625 0.00859375 0.03203125
2 0.5703125 0.31796875 0.009375 0.0265625
2 0.58046875 0.31875 0.009375 0.03203125
6 0.50546875 0.62265625 0.03125 0.01640625
3 0.58828125 0.62578125 0.0140625 0.0140625
2 0.61328125 0.59296875 0.01953125 0.01171875
0 0.58203125 0.5609375 0.0140625 0.01328125
2 0.71796875 0.61640625 0.0140625 0.01484375
2 0.71171875 0.55703125 0.01953125 0.01484375
5 0.66328125 0.53984375 0.04140625 0.021875
2 0.56640625 0.5234375 0.01640625 0.01328125
1 0.67265625 0.38359375 0.04609375 0.025
5 0.73203125 0.384375 0.046875 0.025
6 0.7078125 0.42109375 0.034375 0.0203125
0 0.83359375 0.60703125 0.0140625 0.0109375
0 0.84453125 0.59609375 0.01171875 0.0109375
3 0.853125 0.57578125 0.01875 0.021875
4 0.878125 0.58828125 0.01015625 0.01171875
2 0.8859375 0.6140625 0.021875 0.01796875
5 0.9 0.64140625 0.04375 0.0234375
5 0.95234375 0.54140625 0.03671875 0.0203125
6 0.96484375 0.4046875 0.0359375 0.021875