2 0.034375 0.5453125 0.01484375 0.04140625
2 0.0546875 0.63359375 0.0203125 0.01875
2 0.2234375 0.4796875 0.01328125 0.04296875
2 0.2140625 0.3859375 0.00859375 0.03984375
2 0.21328125 0.64609375 0.02109375 0.01796875
2 0.19609375 0.71875 0.015625 0.01875
2 0.390625 0.684375 0.02109375 0.02109375
2 0.446875 0.69140625 0.01015625 0.028125
2 0.4625 0.6640625 0.0046875 0.03125
2 0.4515625 0.78203125 0.009375 0.03828125
2 0.4515625 0.85859375 0.009375 0.04375
2 0.39609375 0.7734375 0.009375 0.03515625
2 0.3890625 0.840625 0.00859375 0.021875
2 0.39140625 0.8609375 0.01328125 0.01875
2 0.39375 0.88203125 0.01484375 0.0203125
2 0.3890625 0.94609375 0.01171875 0.0234375
2 0.53125 0.74375 0.0109375 0.03828125
2 0.54296875 0.73515625 0.0109375 0.03046875
2 0.53984375 0.76875 0.01328125 0.03515625
2 0.52890625 0.86171875 0.01015625 0.03125
2 0.521875 0.93125 0.01015625 0.0359375
2 0.5640625 0.9734375 0.0140625 0.0140625
2 0.565625 0.9890625 0.015625 0.01484375
2 0.5265625 0.596875 0.0140625 0.03515625
2 0.53671875 0.45625 0.0203125 0.01953125
2 0.55234375 0.44921875 0.0140625 0.03671875
2 0.54296875 0.403125 0.0109375 0.040625
2 0.53828125 0.36484375 0.01015625 0.03984375
2 0.5234375 0.3484375 0.01875 0.0234375
2 0.5265625 0.3984375 0.01640625 0.0234375
2 0.4203125 0.46796875 0.01015625 0.02890625
2 0.41953125 0.50859375 0.01015625 0.02890625
2 0.22265625 0.51796875 0.009375 0.03203125
2 0.5875 0.4875 0.02109375 0.0140625
2 0.45078125 0.48828125 0.0109375 0.03359375
2 0.61484375 0.51640625 0.01796875 0.0140625
2 0.67421875 0.50625 0.015625 0.02421875
2 0.6890625 0.51953125 0.015625 0.02578125
2 0.6875 0.54375 0.01171875 0.03515625
2 0.8296875 0.525 0.0234375 0.01796875
2 0.89453125 0.53046875 0.02578125 0.01953125
2 0.63828125 0.34765625 0.02578125 0.01953125
2 0.8125 0.89140625 0.01171875 0.03203125
2 0.8375 0.903125 0.0140625 0.040625
2 0.84921875 0.90390625 0.01171875 0.03671875
2 0.8046875 0.953125 0.01796875 0.02109375
2 0.803125 0.96796875 0.01796875 0.0234375
2 0.80078125 0.98515625 0.01328125 0.01875
2 0.8015625 0.153125 0.01328125 0.03203125
2 0.759375 0.33046875 0.0203125 0.0265625
2 0.9171875 0.33046875 0.01796875 0.0265625
2 0.82890625 0.26796875 0.0109375 0.03828125
2 0.709375 0.28046875 0.0140625 0.034375
2 0.53046875 0.31875 0.015625 0.03359375
2 0.51953125 0.22578125 0.01171875 0.03984375
2 0.53359375 0.14609375 0.0203125 0.03984375
2 0.5640625 0.12734375 0.015625 0.02109375
2 0.565625 0.14609375 0.021875 0.0203125
2 0.56796875 0.18515625 0.0109375 0.028125
2 0.5671875 0.2015625 0.015625 0.02421875
3 0.57890625 0.259375 0.01484375 0.04140625
2 0.58046875 0.10078125 0.0203125 0.01875
2 0.56875 0.11484375 0.01640625 0.01875
2 0.5859375 0.053125 0.0203125 0.028125
2 0.61171875 0.0484375 0.01875 0.0234375
2 0.61796875 0.028125 0.01875 0.0265625
2 0.61796875 0.0109375 0.01640625 0.02109375
2 0.63671875 0.028125 0.00859375 0.03359375
3 0.528125 0.03046875 0.01796875 0.0609375
2 0.46171875 0.06640625 0.009375 0.040625
2 0.46640625 0.13046875 0.0109375 0.03125
2 0.46328125 0.228125 0.0109375 0.04140625
2 0.40859375 0.16875 0.01171875 0.03671875
2 0.415625 0.178125 0.0109375 0.03203125
2 0.43046875 0.17890625 0.01875 0.021875
2 0.4546875 0.31640625 0.0109375 0.025
2 0.36171875 0.05390625 0.00859375 0.03359375
2 0.33984375 0.053125 0.01171875 0.03828125
2 0.33984375 0.1015625 0.01875 0.0296875
2 0.29375 0.08984375 0.015625 0.01484375
2 0.3109375 0.0984375 0.01875 0.015625
2 0.315625 0.07109375 0.01875 0.01875
2 0.228125 0.0640625 0.01640625 0.0140625
2 0.19296875 0.0578125 0.01640625 0.01875
2 0.209375 0.06171875 0.01640625 0.01640625
2 0.18828125 0.078125 0.0234375 0.028125
2 0.09296875 0.03046875 0.02421875 0.02421875
2 0.04609375 0.08046875 0.01015625 0.04453125
2 0.04453125 0.12109375 0.01484375 0.04296875
2 0.04453125 0.2140625 0.01328125 0.03984375
2 0.23125 0.24921875 0.01171875 0.0390625
2 0.21484375 0.2984375 0.01015625 0.03046875
0 0.553125 0.040625 0.0109375 0.03984375
0 0.57265625 0.028125 0.0109375 0.0265625
0 0.553125 0.12421875 0.00859375 0.02890625
0 0.69296875 0.31953125 0.01875 0.02421875
0 0.77109375 0.27265625 0.01015625 0.03125
0 0.86953125 0.18046875 0.0109375 0.03046875
0 0.95859375 0.34296875 0.0203125 0.01796875
0 0.890625 0.35703125 0.025 0.02890625
0 0.79609375 0.35546875 0.01875 0.025
0 0.52421875 0.27578125 0.00859375 0.0234375
0 0.51875 0.36796875 0.01484375 0.01484375
0 0.72421875 0.51640625 0.015625 0.01328125
2 0.98125 0.2984375 0.025 0.028125
4 0.84296875 0.35546875 0.01484375 0.02109375
4 0.61796875 0.328125 0.01015625 0.01328125
0 0.5390625 0.6484375 0.01328125 0.028125
0 0.41484375 0.59140625 0.009375 0.0234375
0 0.3984375 0.60625 0.01484375 0.01484375
0 0.4484375 0.63671875 0.01171875 0.021875
0 0.4265625 0.66328125 0.01171875 0.0203125
2 0.43046875 0.41171875 0.0109375 0.03359375
0 0.53125 0.79140625 0.01171875 0.02578125
0 0.53984375 0.8140625 0.00859375 0.0265625
0 0.54140625 0.83984375 0.00703125 0.0265625
0 0.54140625 0.8609375 0.00859375 0.03359375
0 0.54140625 0.88203125 0.01015625 0.0203125
0 0.54296875 0.90078125 0.00703125 0.0265625
0 0.53046875 0.8171875 0.01015625 0.01875
0 0.534375 0.8375 0.01015625 0.0265625
0 0.52578125 0.83359375 0.01015625 0.01640625
0 0.51796875 0.85703125 0.01015625 0.02421875
0 0.51953125 0.89296875 0.00859375 0.0265625
0 0.18203125 0.68359375 0.01640625 0.021875
0 0.28828125 0.69921875 0.01328125 0.01796875
0 0.39296875 0.70625 0.01015625 0.01640625
4 0.09609375 0.684375 0.01328125 0.0140625
4 0.13125 0.6890625 0.01484375 0.01484375
4 0.10390625 0.65078125 0.0203125 0.01328125
4 0.165625 0.6484375 0.015625 0.01640625
4 0.215625 0.68671875 0.0109375 0.01484375
4 0.22578125 0.6734375 0.01171875 0.02578125
4 0.234375 0.68046875 0.01796875 0.01484375
4 0.25703125 0.67578125 0.01171875 0.0140625
4 0.2765625 0.67578125 0.015625 0.01796875
4 0.3015625 0.64140625 0.0140625 0.01796875
4 0.28515625 0.6890625 0.01484375 0.01171875
4 0.353125 0.6640625 0.00859375 0.00859375
4 0.38125 0.6390625 0.009375 0.01796875
4 0.390625 0.66875 0.00859375 0.01015625
4 0.41015625 0.703125 0.00625 0.01640625
4 0.41953125 0.72265625 0.01015625 0.01953125
4 0.43515625 0.77734375 0.00859375 0.02421875
4 0.44296875 0.7984375 0.01015625 0.02421875
4 0.44296875 0.81640625 0.009375 0.02421875
4 0.51328125 0.81171875 0.00859375 0.0265625
4 0.51328125 0.7453125 0.0109375 0.02578125
4 0.51484375 0.725 0.01015625 0.0265625
4 0.52421875 0.71640625 0.00859375 0.01640625
4 0.51875 0.68046875 0.00859375 0.0265625
4 0.5109375 0.6921875 0.00859375 0.028125
4 0.51328125 0.63203125 0.01015625 0.0234375
4 0.53046875 0.62890625 0.00703125 0.01875
4 0.51796875 0.6078125 0.00546875 0.0140625
4 0.5140625 0.58828125 0.00859375 0.021875
4 0.52421875 0.56875 0.00859375 0.02421875
4 0.52734375 0.5515625 0.00859375 0.01953125
4 0.53125 0.53359375 0.009375 0.0234375
4 0.53828125 0.56875 0.01015625 0.02578125
4 0.5390625 0.5140625 0.009375 0.0234375
4 0.55078125 0.50703125 0.00703125 0.02421875
4 0.54921875 0.49296875 0.009375 0.01953125
4 0.55546875 0.5140625 0.00859375 0.0359375
4 0.56796875 0.49765625 0.01484375 0.03046875
4 0.55546875 0.47890625 0.00703125 0.02421875
2 0.35546875 0.63125 0.01640625 0.01640625
4 0.61484375 0.46328125 0.0203125 0.0140625
4 0.73671875 0.3578125 0.01328125 0.01640625
4 0.7765625 0.49296875 0.0109375 0.01484375
4 0.75625 0.46875 0.009375 0.0234375
4 0.81484375 0.49453125 0.015625 0.02109375
4 0.8296875 0.48125 0.01640625 0.01953125
4 0.85078125 0.47421875 0.01171875 0.01953125
4 0.91328125 0.490625 0.01171875 0.01015625
4 0.91640625 0.5015625 0.01796875 0.01484375
4 0.94140625 0.49609375 0.01328125 0.01796875
4 0.98515625 0.49453125 0.01484375 0.0140625
2 0.9859375 0.525 0.02421875 0.02890625
4 0.63828125 0.3171875 0.015625 0.01640625
4 0.546875 0.29453125 0.0109375 0.01796875
4 0.54140625 0.26796875 0.00859375 0.02109375
4 0.5359375 0.26640625 0.0109375 0.01640625
4 0.734375 0.31015625 0.0203125 0.0234375
4 0.5484375 0.38046875 0.01015625 0.01796875
4 0.55390625 0.41171875 0.0109375 0.025
4 0.4546875 0.26796875 0.00859375 0.028125
4 0.45703125 0.3546875 0.01640625 0.01015625
4 0.46171875 0.37421875 0.0109375 0.02421875
4 0.44765625 0.3890625 0.00859375 0.0234375
4 0.44453125 0.21640625 0.01015625 0.03203125
4 0.4515625 0.21328125 0.01171875 0.02109375
4 0.446875 0.10703125 0.0140625 0.021875
4 0.4578125 0.121875 0.01328125 0.0265625
4 0.459375 0.02578125 0.01171875 0.0265625