4 0.0328125 0.38125 0.015625 0.0109375
4 0.0640625 0.3703125 0.0140625 0.009375
4 0.08671875 0.35859375 0.01640625 0.01171875
4 0.08515625 0.37890625 0.01796875 0.01171875
4 0.11875 0.378125 0.01796875 0.0109375
4 0.1484375 0.38828125 0.01484375 0.015625
4 0.1390625 0.36171875 0.01484375 0.01484375
4 0.20390625 0.35859375 0.015625 0.01328125
4 0.2484375 0.36328125 0.015625 0.0140625
4 0.27734375 0.3578125 0.0171875 0.01484375
4 0.2484375 0.375 0.01328125 0.0109375
4 0.26953125 0.384375 0.01484375 0.01484375
4 0.29140625 0.37265625 0.0140625 0.0109375
4 0.28203125 0.39453125 0.01015625 0.01484375
4 0.225 0.4828125 0.015625 0.01484375
4 0.1390625 0.30859375 0.01171875 0.009375
4 0.1609375 0.31328125 0.01484375 0.0125
4 0.1828125 0.325 0.0125 0.01484375
4 0.3578125 0.371875 0.0125 0.01796875
4 0.3515625 0.39609375 0.01328125 0.0140625
4 0.4140625 0.35625 0.0109375 0.01171875
4 0.43515625 0.3890625 0.01171875 0.01171875
4 0.46875 0.36640625 0.0109375 0.01484375
4 0.44765625 0.375 0.01328125 0.0109375
4 0.46953125 0.39140625 0.0140625 0.01171875
4 0.51015625 0.38203125 0.0125 0.0109375
4 0.50859375 0.39296875 0.01484375 0.01171875
4 0.5515625 0.3546875 0.01640625 0.01328125
4 0.5296875 0.36484375 0.01171875 0.01171875
4 0.53671875 0.38125 0.0125 0.0109375
4 0.52265625 0.39765625 0.01015625 0.01328125
4 0.55234375 0.3859375 0.015625 0.01171875
4 0.59453125 0.3625 0.0125 0.01015625
4 0.621875 0.36875 0.01328125 0.01328125
4 0.65234375 0.3640625 0.01328125 0.0109375
4 0.64921875 0.40703125 0.01328125 0.01328125
4 0.678125 0.365625 0.01171875 0.0125
4 0.70234375 0.3625 0.0125 0.01171875
4 0.6875 0.3859375 0.01171875 0.01171875
4 0.675 0.4 0.01171875 0.0109375
4 0.6921875 0.4015625 0.01328125 0.01171875
4 0.73984375 0.35859375 0.01328125 0.0109375
4 0.728125 0.3671875 0.01171875 0.01328125
4 0.7265625 0.384375 0.01015625 0.01015625
4 0.7640625 0.37890625 0.0109375 0.01171875
4 0.7515625 0.3734375 0.01640625 0.01328125
4 0.725 0.32578125 0.01171875 0.01328125
4 0.75234375 0.32421875 0.0109375 0.01328125
4 0.65625 0.32890625 0.015625 0.01171875
4 0.621875 0.3125 0.0140625 0.01171875
4 0.45859375 0.4875 0.01015625 0.0125
4 0.77734375 0.52734375 0.01328125 0.0125
4 0.7125 0.521875 0.0140625 0.0109375
4 0.6875 0.53828125 0.01796875 0.0109375
4 0.65 0.55625 0.0140625 0.01015625
4 0.56484375 0.51796875 0.0125 0.009375
4 0.5453125 0.52421875 0.01015625 0.00703125
4 0.53515625 0.5359375 0.00546875 0.02109375
4 0.5171875 0.55234375 0.00625 0.0171875
4 0.5078125 0.5703125 0.00703125 0.0171875
4 0.5203125 0.60546875 0.00703125 0.01875
4 0.5171875 0.6296875 0.00703125 0.01875
4 0.5109375 0.696875 0.00859375 0.0171875
4 0.52890625 0.69296875 0.009375 0.01953125
4 0.46640625 0.75859375 0.0078125 0.01796875
4 0.45546875 0.8171875 0.00703125 0.021875
4 0.490625 0.80078125 0.00703125 0.01953125
4 0.496875 0.5453125 0.00703125 0.01640625
4 0.50234375 0.52421875 0.0078125 0.01796875
4 0.5140625 0.521875 0.0078125 0.0203125
4 0.41015625 0.66875 0.0109375 0.0203125
4 0.9546875 0.3578125 0.01171875 0.0125
4 0.959375 0.3765625 0.01484375 0.0140625
4 0.94609375 0.39375 0.01328125 0.01328125
4 0.9046875 0.3609375 0.0140625 0.01328125
4 0.9125 0.34375 0.015625 0.0140625
4 0.87421875 0.3515625 0.0109375 0.0125
4 0.83515625 0.35703125 0.01328125 0.01171875
4 0.8234375 0.37109375 0.01171875 0.01171875
4 0.82578125 0.3859375 0.01171875 0.01171875
4 0.81953125 0.3984375 0.0171875 0.0125
4 0.8390625 0.37890625 0.0125 0.0140625
4 0.8453125 0.39140625 0.0125 0.01484375
4 0.83359375 0.22890625 0.0109375 0.01796875
4 0.81953125 0.246875 0.0109375 0.01484375
4 0.8109375 0.30625 0.01171875 0.0140625
4 0.6984375 0.48046875 0.0125 0.01484375
4 0.2078125 0.5453125 0.01484375 0.0140625
4 0.234375 0.53046875 0.0140625 0.01328125
4 0.32421875 0.53828125 0.01328125 0.015625
4 0.4328125 0.94921875 0.00859375 0.025
4 0.459375 0.946875 0.00703125 0.02265625
4 0.46640625 0.96015625 0.00859375 0.01875
4 0.47421875 0.859375 0.00546875 0.01484375
4 0.71328125 0.37421875 0.009375 0.00859375
4 0.71015625 0.384375 0.01015625 0.01328125
0 0.8453125 0.484375 0.02109375 0.0203125
0 0.5515625 0.3140625 0.0140625 0.01484375
0 0.52109375 0.3171875 0.0171875 0.0203125
0 0.5015625 0.30546875 0.01640625 0.0140625
0 0.471875 0.31875 0.015625 0.01484375
0 0.496875 0.2859375 0.01484375 0.01171875
0 0.6328125 0.534375 0.015625 0.0140625
0 0.49375 0.56484375 0.01484375 0.0140625
0 0.4640625 0.5328125 0.01484375 0.01015625
0 0.4578125 0.68984375 0.00859375 0.03125
0 0.44609375 0.75390625 0.0109375 0.0296875
0 0.44453125 0.7859375 0.0140625 0.02734375
0 0.353125 0.5859375 0.01171875 0.02578125
0 0.334375 0.58671875 0.01640625 0.01328125
0 0.35 0.54453125 0.0171875 0.0171875
0 0.92265625 0.278125 0.0171875 0.01484375
0 0.925 0.3140625 0.01484375 0.01640625
2 0.8578125 0.36796875 0.01796875 0.0140625
2 0.7875 0.40234375 0.0234375 0.01484375
2 0.74140625 0.40234375 0.02578125 0.01953125
2 0.57578125 0.45078125 0.02265625 0.01875
0 0.1515625 0.29609375 0.015625 0.015625
0 0.18125 0.2953125 0.01953125 0.01484375
0 0.21640625 0.29453125 0.01640625 0.0171875
0 0.203125 0.3171875 0.0171875 0.01640625
0 0.2375 0.315625 0.01875 0.015625
0 0.28671875 0.32265625 0.01953125 0.015625
0 0.31015625 0.3140625 0.01796875 0.0171875
3 0.10625 0.26171875 0.01875 0.0171875
0 0.13828125 0.54140625 0.015625 0.0109375
0 0.15234375 0.52265625 0.0125 0.015625
0 0.20078125 0.51640625 0.015625 0.0109375
0 0.17890625 0.53828125 0.01796875 0.01640625
3 0.10703125 0.3984375 0.0234375 0.0234375
0 0.50859375 0.81171875 0.0109375 0.02578125
0 0.51328125 0.76875 0.0125 0.0296875