1 0.44140625 0.8765625 0.05625 0.0390625
1 0.28828125 0.6609375 0.05390625 0.03125
1 0.23203125 0.66875 0.0546875 0.03125
3 0.0734375 0.86171875 0.03125 0.0265625
3 0.01953125 0.821875 0.03359375 0.021875
3 0.57421875 0.8328125 0.025 0.03203125
2 0.85390625 0.80625 0.0203125 0.02109375
2 0.78359375 0.77578125 0.0234375 0.02578125
2 0.77421875 0.68984375 0.01953125 0.01796875
2 0.68046875 0.7890625 0.021875 0.0234375
2 0.60546875 0.84140625 0.01953125 0.01953125
2 0.64609375 0.87109375 0.0203125 0.021875
2 0.59296875 0.6796875 0.01796875 0.01875
2 0.521875 0.83046875 0.0140625 0.040625
2 0.490625 0.79296875 0.0203125 0.0203125
2 0.50078125 0.871875 0.025 0.02890625
2 0.55390625 0.73359375 0.02109375 0.0359375
2 0.37109375 0.796875 0.0203125 0.0203125
2 0.4796875 0.58125 0.01015625 0.0359375
2 0.528125 0.56796875 0.01171875 0.04375
2 0.53125 0.63984375 0.01640625 0.04921875
2 0.484375 0.02109375 0.01015625 0.03828125
2 0.51328125 0.35859375 0.009375 0.03515625
2 0.02890625 0.73671875 0.01953125 0.01875
2 0.11640625 0.871875 0.02109375 0.021875
2 0.1546875 0.79140625 0.0203125 0.0203125
2 0.15 0.88828125 0.021875 0.021875
2 0.1859375 0.859375 0.02109375 0.025
0 0.65703125 0.66953125 0.0140625 0.01640625
0 0.70546875 0.890625 0.015625 0.01875
0 0.48359375 0.765625 0.0140625 0.01796875
0 0.3453125 0.76484375 0.01484375 0.015625
0 0.228125 0.8859375 0.0140625 0.01640625
0 0.15625 0.9546875 0.015625 0.01875
0 0.515625 0.93203125 0.0140625 0.01171875
4 0.396875 0.934375 0.0109375 0.0109375
4 0.12421875 0.95390625 0.0140625 0.0140625
4 0.33359375 0.7859375 0.0140625 0.01328125
4 0.20078125 0.77578125 0.015625 0.01328125
4 0.1640625 0.721875 0.0109375 0.01171875
4 0.25625 0.696875 0.01171875 0.01171875
4 0.53671875 0.81328125 0.01015625 0.009375
4 0.55078125 0.81640625 0.009375 0.01484375
4 0.55859375 0.784375 0.01015625 0.009375
4 0.53828125 0.828125 0.0109375 0.01171875
4 0.6109375 0.74375 0.0109375 0.009375
4 0.62890625 0.78984375 0.015625 0.009375
4 0.6140625 0.796875 0.0109375 0.01015625
4 0.721875 0.76640625 0.01015625 0.009375
4 0.78671875 0.80390625 0.0109375 0.01015625
4 0.790625 0.846875 0.01484375 0.0140625
4 0.825 0.8765625 0.01328125 0.01015625
4 0.9859375 0.77421875 0.01171875 0.00859375
4 0.9203125 0.70703125 0.0140625 0.01015625
4 0.83671875 0.71875 0.01171875 0.01171875
4 0.53046875 0.37109375 0.00859375 0.03203125