2 0.04765625 0.53046875 0.0296875 0.0203125
0 0.0984375 0.43828125 0.02109375 0.02421875
4 0.1171875 0.4640625 0.015625 0.01484375
4 0.08125 0.45859375 0.01328125 0.01640625
4 0.0828125 0.44375 0.01484375 0.009375
4 0.0234375 0.4296875 0.01328125 0.01328125
4 0.096875 0.54375 0.01328125 0.01328125
4 0.12890625 0.53671875 0.0109375 0.015625
4 0.11015625 0.55703125 0.0109375 0.0140625
4 0.17578125 0.528125 0.0109375 0.01640625
4 0.18671875 0.5515625 0.01484375 0.009375
4 0.2140625 0.53828125 0.01015625 0.01484375
4 0.2234375 0.55625 0.01328125 0.01171875
4 0.22421875 0.571875 0.0140625 0.0109375
4 0.15859375 0.42734375 0.01171875 0.01640625
4 0.215625 0.4515625 0.0109375 0.0109375
0 0.2703125 0.43359375 0.01953125 0.01640625
0 0.26171875 0.55390625 0.01796875 0.015625
4 0.2796875 0.534375 0.01171875 0.0109375
4 0.29375 0.54375 0.0140625 0.0140625
4 0.29921875 0.53359375 0.01171875 0.01484375
4 0.3140625 0.52109375 0.01328125 0.01171875
2 0.0484375 0.528125 0.02578125 0.02421875
0 0.34140625 0.56328125 0.015625 0.01484375
0 0.39765625 0.52578125 0.01875 0.0265625
4 0.3265625 0.53828125 0.01015625 0.0203125
4 0.3421875 0.52890625 0.01171875 0.02109375
4 0.33515625 0.5484375 0.015625 0.01328125
4 0.35703125 0.5453125 0.009375 0.0140625
4 0.375 0.53671875 0.0109375 0.009375
4 0.31328125 0.43203125 0.01484375 0.0203125
4 0.40625 0.56015625 0.0140625 0.01796875
4 0.40546875 0.53984375 0.01015625 0.01484375
4 0.4328125 0.53125 0.01171875 0.01484375
4 0.44296875 0.521875 0.01171875 0.01171875
4 0.48203125 0.534375 0.01015625 0.01796875
4 0.515625 0.56328125 0.01484375 0.0140625
4 0.5234375 0.54296875 0.01796875 0.01796875
4 0.46796875 0.44921875 0.0140625 0.01640625
2 0.434375 0.425 0.03515625 0.03515625
2 0.73046875 0.44375 0.021875 0.025
2 0.78046875 0.43203125 0.02421875 0.0203125
4 0.625 0.41875 0.01328125 0.01015625
4 0.64140625 0.4359375 0.015625 0.01484375
4 0.67734375 0.428125 0.015625 0.01640625
4 0.63203125 0.51640625 0.0109375 0.01875
4 0.59296875 0.5171875 0.01640625 0.01796875
4 0.57109375 0.53125 0.01328125 0.01484375
0 0.65390625 0.54921875 0.0140625 0.0140625
0 0.6078125 0.55703125 0.021875 0.01875
0 0.60234375 0.53515625 0.01953125 0.01484375
0 0.67578125 0.5234375 0.02421875 0.015625
4 0.71328125 0.534375 0.0109375 0.01640625
4 0.71796875 0.54921875 0.015625 0.0140625
4 0.740625 0.52578125 0.01484375 0.0140625
4 0.74140625 0.55390625 0.01484375 0.01171875
4 0.7421875 0.56796875 0.021875 0.01171875
4 0.7609375 0.54921875 0.015625 0.01015625
4 0.79609375 0.51796875 0.01484375 0.01953125
4 0.80625 0.54140625 0.01328125 0.01484375
4 0.7875 0.4125 0.0140625 0.01640625
4 0.7328125 0.415625 0.015625 0.0109375
4 0.83046875 0.41328125 0.01328125 0.0140625
4 0.85390625 0.4359375 0.01484375 0.01640625
4 0.88515625 0.42890625 0.0140625 0.0140625
4 0.9109375 0.41875 0.015625 0.01015625
4 0.9234375 0.43359375 0.01484375 0.01171875
6 0.83203125 0.45625 0.0296875 0.025
6 0.79921875 0.45859375 0.03203125 0.02421875
4 0.8765625 0.5515625 0.01796875 0.01484375
4 0.87109375 0.53046875 0.01640625 0.01875
4 0.8984375 0.5203125 0.015625 0.01328125
4 0.8890625 0.56171875 0.01796875 0.015625
4 0.92890625 0.5390625 0.0140625 0.0140625
2 0.9390625 0.51640625 0.03515625 0.025
2 0.9875 0.45078125 0.025 0.0296875