3 0.140625 0.50859375 0.02421875 0.01640625
3 0.18828125 0.49296875 0.01640625 0.015625
2 0.14609375 0.603125 0.0203125 0.01484375
5 0.13125 0.67890625 0.03828125 0.02578125
5 0.15546875 0.64296875 0.0390625 0.0203125
4 0.25625 0.6171875 0.01171875 0.01171875
5 0.28671875 0.63671875 0.0359375 0.01640625
6 0.3015625 0.46796875 0.0296875 0.01953125
0 0.4046875 0.61171875 0.01171875 0.01171875
3 0.38984375 0.48671875 0.01640625 0.0203125
2 0.43828125 0.4640625 0.01796875 0.0234375
0 0.496875 0.56171875 0.0140625 0.009375
6 0.5015625 0.6265625 0.02890625 0.0203125
0 0.51328125 0.60546875 0.01015625 0.01484375
4 0.53046875 0.6109375 0.00859375 0.00859375
5 0.54765625 0.54453125 0.04296875 0.02421875
2 0.515625 0.328125 0.009375 0.0265625
2 0.5265625 0.32890625 0.00703125 0.02890625
2 0.565625 0.3203125 0.0109375 0.025
2 0.5765625 0.3203125 0.00859375 0.021875
4 0.478125 0.31953125 0.009375 0.01796875
4 0.6015625 0.4234375 0.01875 0.01640625
1 0.66875 0.384375 0.0515625 0.0203125
4 0.6640625 0.4046875 0.01171875 0.01953125
5 0.728125 0.38515625 0.05390625 0.0234375
1 0.77890625 0.47421875 0.04375 0.03125
4 0.703125 0.56875 0.01796875 0.02890625
2 0.778125 0.52109375 0.01796875 0.01796875
5 0.8328125 0.54375 0.0453125 0.02421875
2 0.8359375 0.51875 0.025 0.0140625
0 0.82890625 0.60859375 0.025 0.02109375
2 0.91875 0.59375 0.01953125 0.021875
5 0.89609375 0.640625 0.0484375 0.03046875
2 0.71484375 0.61640625 0.01953125 0.01875
4 0.96328125 0.6109375 0.021875 0.01796875
4 0.09296875 0.621875 0.0109375 0.028125