2 0.33046875 0.06171875 0.01875 0.03203125
2 0.353125 0.071875 0.02109375 0.0359375
2 0.3203125 0.0984375 0.02109375 0.03515625
2 0.30625 0.0140625 0.01953125 0.028125
6 0.38203125 0.05703125 0.025 0.0484375
2 0.3734375 0.1234375 0.01875 0.0359375
2 0.353125 0.109375 0.01953125 0.034375
2 0.4015625 0.18046875 0.01953125 0.0359375
2 0.3859375 0.18828125 0.01640625 0.03046875
2 0.40703125 0.22578125 0.01875 0.03828125
2 0.4265625 0.23046875 0.02109375 0.0453125
4 0.38828125 0.1265625 0.00703125 0.01953125
4 0.3828125 0.153125 0.00703125 0.015625
4 0.3765625 0.25078125 0.009375 0.015625
2 0.4546875 0.25546875 0.01875 0.03671875
3 0.434375 0.28359375 0.01875 0.0359375
0 0.50078125 0.1859375 0.01484375 0.0234375
2 0.403125 0.35703125 0.0140625 0.03515625
4 0.3953125 0.39296875 0.00859375 0.01640625
2 0.41953125 0.440625 0.01015625 0.03828125
4 0.465625 0.3734375 0.00546875 0.015625
2 0.47890625 0.365625 0.015625 0.03671875
2 0.4625 0.32109375 0.015625 0.03515625
2 0.48671875 0.33125 0.01796875 0.0359375
4 0.51171875 0.3484375 0.00859375 0.0140625
2 0.471875 0.421875 0.0140625 0.04375
4 0.49609375 0.4671875 0.00546875 0.01953125
2 0.46328125 0.4921875 0.0109375 0.03984375
2 0.48125 0.503125 0.01328125 0.03203125
2 0.45625 0.53671875 0.01484375 0.03046875
2 0.43671875 0.58515625 0.01640625 0.034375
2 0.409375 0.63046875 0.01953125 0.02890625
4 0.421875 0.63046875 0.00625 0.0109375
4 0.41484375 0.64921875 0.009375 0.01015625
4 0.40625 0.66796875 0.009375 0.01171875
2 0.378125 0.67890625 0.01796875 0.0296875
4 0.33203125 0.74453125 0.00859375 0.01171875
4 0.303125 0.803125 0.009375 0.0140625
2 0.33125 0.7796875 0.01640625 0.0296875
2 0.2390625 0.896875 0.0234375 0.03046875
2 0.18671875 0.9734375 0.0203125 0.03125
2 0.14453125 0.98671875 0.01875 0.02578125
4 0.109375 0.990625 0.0109375 0.0109375
4 0.1234375 0.9671875 0.009375 0.01796875
4 0.13984375 0.94140625 0.009375 0.01484375
4 0.146875 0.94296875 0.009375 0.01328125
4 0.14375 0.95703125 0.01171875 0.01640625
2 0.16015625 0.95625 0.021875 0.03203125
2 0.165625 0.91875 0.0203125 0.03046875
4 0.17421875 0.890625 0.01015625 0.01328125
4 0.184375 0.871875 0.00859375 0.01328125
4 0.190625 0.88125 0.00859375 0.01484375
2 0.2 0.90078125 0.01796875 0.0265625
2 0.20859375 0.8453125 0.01875 0.03125
2 0.21640625 0.87421875 0.01640625 0.028125
2 0.2328125 0.8484375 0.01875 0.03125
2 0.2359375 0.803125 0.01875 0.02890625
2 0.2546875 0.8109375 0.0203125 0.03046875
4 0.2609375 0.75234375 0.00859375 0.01328125
4 0.25703125 0.7890625 0.009375 0.01328125
0 0.2328125 0.68671875 0.01640625 0.0234375
2 0.19921875 0.678125 0.02109375 0.0359375
2 0.1734375 0.725 0.0203125 0.03125
2 0.18671875 0.7859375 0.01796875 0.02890625
0 0.340625 0.5203125 0.01484375 0.025
4 0.3328125 0.5359375 0.00859375 0.01796875
2 0.24140625 0.51328125 0.01640625 0.0390625
4 0.26953125 0.7046875 0.009375 0.01484375
4 0.30078125 0.66796875 0.01015625 0.0109375
2 0.303125 0.68984375 0.01796875 0.028125
4 0.32109375 0.67421875 0.00703125 0.01484375
2 0.27421875 0.78046875 0.02109375 0.03203125
4 0.28046875 0.79921875 0.00078125 0.003125
6 0.2953125 0.74609375 0.03125 0.05078125
4 0.3046875 0.71640625 0.00859375 0.00859375
4 0.3203125 0.69140625 0.00859375 0.009375
4 0.32890625 0.68125 0.00859375 0.01015625
4 0.33515625 0.6671875 0.00703125 0.009375
2 0.32109375 0.70859375 0.01875 0.02578125
2 0.3484375 0.678125 0.01953125 0.03125
4 0.35078125 0.65390625 0.00625 0.00703125
4 0.32265625 0.6484375 0.00703125 0.0109375
3 0.33515625 0.64375 0.02109375 0.03359375
2 0.36171875 0.6453125 0.01875 0.02578125
2 0.3734375 0.615625 0.01796875 0.0265625
2 0.390625 0.59921875 0.01640625 0.02421875
4 0.3859375 0.57890625 0.00703125 0.0109375
2 0.71875 0.01875 0.02109375 0.028125
0 0.68671875 0.08515625 0.01484375 0.02109375
0 0.6734375 0.0984375 0.01171875 0.0203125
0 0.69453125 0.1546875 0.0140625 0.02109375
2 0.67421875 0.19453125 0.021875 0.028125
4 0.60703125 0.21328125 0.01328125 0.009375
4 0.771875 0.18203125 0.01171875 0.01484375
4 0.809375 0.096875 0.015625 0.01328125
4 0.81484375 0.11171875 0.01171875 0.01484375
4 0.89375 0.0265625 0.01328125 0.01328125
2 0.92421875 0.01171875 0.0234375 0.0234375
0 0.8546875 0.06171875 0.015625 0.02578125
6 0.83828125 0.14296875 0.03359375 0.03203125
2 0.71640625 0.2078125 0.0203125 0.028125
2 0.69140625 0.253125 0.01796875 0.02890625
4 0.7328125 0.20703125 0.0109375 0.01015625
2 0.73125 0.23359375 0.01796875 0.0265625
2 0.71484375 0.26875 0.02109375 0.03359375
0 0.68984375 0.27890625 0.01171875 0.01875
0 0.69296875 0.29453125 0.01328125 0.01953125
0 0.68203125 0.3265625 0.01328125 0.01953125
2 0.67578125 0.2796875 0.01796875 0.028125
2 0.67890625 0.30390625 0.01328125 0.01796875
5 0.6546875 0.328125 0.034375 0.0609375
3 0.65078125 0.37578125 0.0203125 0.03359375
2 0.62578125 0.3796875 0.01796875 0.028125
2 0.6359375 0.40546875 0.01484375 0.025
4 0.62421875 0.40546875 0.00625 0.009375
4 0.61796875 0.42109375 0.00859375 0.01171875
4 0.6265625 0.44453125 0.00703125 0.0109375
4 0.62109375 0.46171875 0.00546875 0.01171875
2 0.6984375 0.66953125 0.01796875 0.0390625
2 0.71015625 0.7078125 0.01640625 0.03046875
0 0.65625 0.7890625 0.0140625 0.02421875
4 0.67890625 0.80625 0.00703125 0.01640625
0 0.6859375 0.84453125 0.01328125 0.02421875
2 0.678125 0.92109375 0.02109375 0.03671875
4 0.69140625 0.88203125 0.00859375 0.01640625
0 0.75625 0.96484375 0.0140625 0.028125
4 0.74921875 0.9125 0.00859375 0.01328125
4 0.75625 0.92578125 0.00625 0.01328125
2 0.62734375 0.82421875 0.0203125 0.040625
0 0.61171875 0.8328125 0.01171875 0.02421875
2 0.6171875 0.77890625 0.0140625 0.0265625
1 0.59296875 0.72890625 0.03828125 0.078125
0 0.56171875 0.72265625 0.01171875 0.01953125
4 0.56953125 0.70625 0.00703125 0.015625
4 0.56953125 0.6890625 0.00546875 0.0140625
3 0.54609375 0.71015625 0.01640625 0.03671875
4 0.53671875 0.6796875 0.00703125 0.01875
4 0.5453125 0.6703125 0.00625 0.01328125
4 0.54921875 0.6515625 0.00546875 0.0140625
4 0.5578125 0.64765625 0.00546875 0.0140625
4 0.5609375 0.6609375 0.00859375 0.01484375
4 0.56796875 0.67265625 0.00703125 0.015625
4 0.57890625 0.6734375 0.00625 0.01640625
0 0.5703125 0.65625 0.009375 0.02421875
2 0.6203125 0.9484375 0.021875 0.02578125
2 0.3953125 0.54609375 0.02109375 0.0296875
2 0.878125 0.196875 0.01484375 0.03828125