2 0.278125 0.596875 0.01484375 0.01484375
2 0.359375 0.290625 0.01796875 0.0140625
2 0.41875 0.25625 0.01171875 0.02109375
2 0.409375 0.21875 0.01640625 0.01875
2 0.5234375 0.328125 0.0109375 0.03125
2 0.53515625 0.3265625 0.00859375 0.03515625
2 0.57578125 0.31796875 0.00703125 0.02890625
2 0.5859375 0.31796875 0.00859375 0.025
2 0.98359375 0.8734375 0.0109375 0.02578125
2 0.96875 0.90625 0.009375 0.02890625
2 0.73828125 0.65546875 0.00859375 0.0234375
6 0.90625 0.6390625 0.03984375 0.0203125
5 0.73671875 0.38203125 0.04609375 0.01953125
6 0.68046875 0.384375 0.040625 0.01953125
6 0.2984375 0.63828125 0.03046875 0.01953125
6 0.16796875 0.64375 0.0390625 0.01953125
6 0.14296875 0.6765625 0.0390625 0.025
4 0.565625 0.2796875 0.0046875 0.0140625
3 0.7765625 0.85546875 0.021875 0.01796875
3 0.7359375 0.9 0.01015625 0.03515625
4 0.54296875 0.27890625 0.003125 0.0140625
4 0.559375 0.29296875 0.00390625 0.01484375
4 0.5859375 0.28125 0.0046875 0.01484375
4 0.596875 0.3046875 0.00390625 0.01484375
4 0.58515625 0.23984375 0.003125 0.01484375
4 0.55078125 0.2265625 0.003125 0.01015625
4 0.55859375 0.2265625 0.0046875 0.01171875
4 0.59921875 0.240625 0.003125 0.01328125
4 0.53515625 0.27890625 0.00390625 0.01328125
4 0.43046875 0.27578125 0.00390625 0.01328125
4 0.59140625 0.24140625 0.00390625 0.01328125
4 0.5484375 0.27890625 0.003125 0.0140625
4 0.55546875 0.2953125 0.003125 0.01171875
4 0.5640625 0.2953125 0.00390625 0.01171875
2 0.5546875 0.4046875 0.01875 0.01484375
0 0.8421875 0.6453125 0.01484375 0.01484375
6 0.51328125 0.6234375 0.028125 0.0203125
2 0.69921875 0.6484375 0.00546875 0.025
2 0.69296875 0.63125 0.00625 0.025
2 0.684375 0.6359375 0.00703125 0.021875
2 0.6921875 0.65703125 0.00625 0.01953125
4 0.82578125 0.615625 0.009375 0.00859375
2 0.50859375 0.26796875 0.01328125 0.02421875
2 0.8796875 0.47109375 0.015625 0.01484375
1 0.6921875 0.41796875 0.03203125 0.02109375
0 0.840625 0.603125 0.01171875 0.00859375
2 0.8796875 0.40703125 0.01875 0.0140625
0 0.4234375 0.61484375 0.01484375 0.015625
2 0.86796875 0.51953125 0.01640625 0.01796875
4 0.765625 0.453125 0.01015625 0.00859375
3 0.14453125 0.4890625 0.0234375 0.01484375
6 0.1046875 0.47109375 0.03671875 0.0203125
4 0.25859375 0.61875 0.01015625 0.01015625
2 0.99609375 0.9234375 0.00703125 0.0234375
2 0.8484375 0.4890625 0.015625 0.01484375
2 0.64296875 0.55546875 0.01484375 0.015625
2 0.5140625 0.603125 0.0140625 0.01328125
3 0.596875 0.60546875 0.0203125 0.01171875
5 0.28203125 0.553125 0.0453125 0.021875
6 0.8671875 0.8890625 0.01328125 0.03671875
2 0.24140625 0.59609375 0.015625 0.01640625
4 0.1859375 0.57109375 0.009375 0.0140625