2 0.47578125 0.51875 0.03125 0.03515625
2 0.53125 0.4734375 0.01484375 0.04140625
2 0.52890625 0.41875 0.0140625 0.04921875
3 0.39296875 0.45859375 0.034375 0.046875
3 0.3484375 0.59765625 0.01640625 0.03671875
3 0.27890625 0.684375 0.02109375 0.03125
0 0.76875 0.95078125 0.01640625 0.02890625
0 0.60703125 0.74296875 0.01484375 0.02578125
0 0.434375 0.64609375 0.01484375 0.025
0 0.6 0.5140625 0.0140625 0.03515625
0 0.55546875 0.484375 0.015625 0.02578125
0 0.46328125 0.40859375 0.02578125 0.0265625
0 0.76171875 0.14375 0.02109375 0.028125
2 0.5359375 0.3203125 0.02421875 0.03046875
2 0.3609375 0.2640625 0.0265625 0.0453125
2 0.3046875 0.11953125 0.0203125 0.034375
2 0.32890625 0.6703125 0.01953125 0.04609375
2 0.359375 0.74921875 0.01640625 0.0296875
0 0.31015625 0.90078125 0.0140625 0.03203125
3 0.25546875 0.8078125 0.02109375 0.03984375
3 0.18671875 0.21640625 0.02421875 0.0390625
3 0.2109375 0.2625 0.02421875 0.03984375
6 0.2328125 0.29140625 0.02578125 0.04296875
3 0.25 0.24375 0.01953125 0.03359375
3 0.80859375 0.33046875 0.0296875 0.03984375
3 0.73203125 0.390625 0.02890625 0.0390625
3 0.7265625 0.671875 0.0203125 0.03125
3 0.70546875 0.63359375 0.02109375 0.05
3 0.69140625 0.609375 0.01875 0.03203125
3 0.68359375 0.5859375 0.02421875 0.040625
3 0.66953125 0.4390625 0.034375 0.04375
2 0.59609375 0.2203125 0.01875 0.02890625
2 0.54921875 0.24921875 0.025 0.02890625
2 0.51640625 0.278125 0.025 0.03046875
4 0.284375 0.2515625 0.0109375 0.02421875
4 0.23671875 0.165625 0.01640625 0.021875
4 0.28046875 0.11171875 0.0140625 0.01875
4 0.30859375 0.16171875 0.0140625 0.021875
4 0.33046875 0.19921875 0.0140625 0.02109375
4 0.35546875 0.23046875 0.01171875 0.015625
4 0.28203125 0.21328125 0.01484375 0.0140625
4 0.240625 0.03046875 0.0140625 0.0234375
4 0.39453125 0.278125 0.01171875 0.021875
4 0.38046875 0.12265625 0.0109375 0.01953125
4 0.3578125 0.0671875 0.01015625 0.0203125
4 0.340625 0.0796875 0.01015625 0.01953125
4 0.3390625 0.04453125 0.01171875 0.02421875
4 0.4671875 0.359375 0.01484375 0.01953125
4 0.434375 0.359375 0.01328125 0.01875
4 0.45859375 0.3171875 0.01484375 0.01484375
4 0.50546875 0.36796875 0.01484375 0.025
4 0.46015625 0.38828125 0.01171875 0.01484375
4 0.446875 0.528125 0.0140625 0.0203125
4 0.40703125 0.51171875 0.01015625 0.025
4 0.3796875 0.5515625 0.0109375 0.0203125
4 0.40234375 0.58125 0.01171875 0.0203125
4 0.47890625 0.578125 0.01171875 0.01484375
4 0.51796875 0.5625 0.0140625 0.02421875
4 0.56171875 0.578125 0.0140625 0.01875
4 0.48046875 0.559375 0.01484375 0.0140625
4 0.45546875 0.5625 0.01171875 0.01953125
4 0.48671875 0.6578125 0.0140625 0.01953125
4 0.4046875 0.6671875 0.01171875 0.01640625
4 0.41953125 0.6703125 0.009375 0.015625
4 0.40078125 0.65 0.01171875 0.01875
4 0.38046875 0.67890625 0.0109375 0.01796875
4 0.396875 0.703125 0.01015625 0.01796875
4 0.29140625 0.78203125 0.01328125 0.02421875
4 0.32890625 0.8390625 0.01171875 0.025
4 0.33828125 0.8546875 0.0109375 0.01953125
4 0.24140625 0.8984375 0.00859375 0.021875
4 0.23203125 0.90078125 0.00859375 0.02421875
4 0.30546875 0.95859375 0.009375 0.02109375
4 0.3515625 0.8140625 0.01171875 0.01953125
4 0.34609375 0.78203125 0.009375 0.01875
4 0.33359375 0.78359375 0.00859375 0.01484375
4 0.5828125 0.70625 0.0140625 0.021875
4 0.621875 0.66640625 0.0109375 0.02109375
4 0.615625 0.72734375 0.01328125 0.01640625
4 0.63828125 0.78828125 0.01875 0.021875
4 0.74453125 0.890625 0.015625 0.021875
4 0.76875 0.9265625 0.01328125 0.0234375
4 0.7203125 0.871875 0.01015625 0.01875
4 0.75859375 0.80546875 0.01171875 0.03046875
4 0.69921875 0.85859375 0.0109375 0.0234375
4 0.71796875 0.89140625 0.0140625 0.02109375
2 0.72578125 0.96171875 0.02890625 0.02109375
4 0.3140625 0.9484375 0.00703125 0.02109375
4 0.4234375 0.69375 0.01171875 0.01640625
4 0.4890625 0.309375 0.01015625 0.01640625
4 0.5109375 0.32109375 0.01484375 0.015625
4 0.54296875 0.34375 0.0140625 0.01328125
4 0.51796875 0.42421875 0.00703125 0.01953125
4 0.540625 0.46171875 0.00546875 0.01953125
4 0.5578125 0.453125 0.0109375 0.01328125
4 0.54296875 0.49609375 0.00859375 0.01875
4 0.5609375 0.5109375 0.01171875 0.01640625
4 0.575 0.48046875 0.01171875 0.015625
4 0.57890625 0.4953125 0.00703125 0.0140625
4 0.628125 0.465625 0.01328125 0.0140625
4 0.60625 0.2765625 0.01171875 0.01328125
4 0.6109375 0.25078125 0.0140625 0.01328125
4 0.61328125 0.23046875 0.01015625 0.01484375
4 0.5390625 0.275 0.01171875 0.01328125
4 0.53828125 0.29375 0.009375 0.0140625
4 0.609375 0.19921875 0.01328125 0.01171875
2 0.65703125 0.1515625 0.021875 0.028125
2 0.61953125 0.16171875 0.015625 0.04296875
4 0.82265625 0.090625 0.01171875 0.01484375
4 0.821875 0.23203125 0.0140625 0.015625
4 0.87421875 0.18828125 0.01796875 0.01640625
4 0.9109375 0.14921875 0.015625 0.01640625
4 0.971875 0.25546875 0.01171875 0.0203125
2 0.8625 0.2859375 0.0234375 0.02890625
2 0.84453125 0.384375 0.02109375 0.04140625
3 0.86328125 0.3328125 0.03125 0.05625
3 0.83515625 0.30625 0.034375 0.040625
3 0.8234375 0.44765625 0.03203125 0.06484375
3 0.8046875 0.5015625 0.015625 0.03046875
2 0.75859375 0.62890625 0.0203125 0.040625
4 0.64609375 0.459375 0.0109375 0.0140625
3 0.628125 0.54375 0.01796875 0.02578125
3 0.61953125 0.4921875 0.01953125 0.02578125
3 0.671875 0.58125 0.01640625 0.0296875
4 0.721875 0.93359375 0.0140625 0.02109375
4 0.70859375 0.9734375 0.0140625 0.01640625
4 0.81953125 0.5328125 0.01171875 0.01875
4 0.46328125 0.33203125 0.0109375 0.0140625
4 0.440625 0.328125 0.0109375 0.01171875
4 0.43828125 0.44296875 0.01171875 0.01328125
4 0.453125 0.5484375 0.01328125 0.01328125
4 0.3296875 0.61953125 0.00859375 0.0234375
4 0.32109375 0.63203125 0.009375 0.021875
4 0.30546875 0.62109375 0.00859375 0.01796875
4 0.33203125 0.534375 0.01015625 0.01875
4 0.33046875 0.4515625 0.01171875 0.01796875
4 0.3359375 0.4 0.009375 0.02109375
4 0.2546875 0.17421875 0.01171875 0.025
4 0.171875 0.12109375 0.00703125 0.01640625
4 0.1953125 0.159375 0.01171875 0.00859375
4 0.1953125 0.1734375 0.0109375 0.01328125
6 0.1890625 0.2640625 0.025 0.0515625
2 0.18828125 0.1359375 0.021875 0.03046875
4 0.71875 0.34765625 0.01171875 0.01796875
4 0.7046875 0.32578125 0.01171875 0.0140625
4 0.87890625 0.965625 0.01015625 0.01640625
4 0.8984375 0.99296875 0.01328125 0.01171875
3 0.66640625 0.56640625 0.0203125 0.03515625
3 0.6984375 0.4171875 0.03046875 0.03671875
3 0.63046875 0.50703125 0.01953125 0.03203125
4 0.54609375 0.19375 0.00625 0.01796875
4 0.5515625 0.18828125 0.00546875 0.0203125
4 0.559375 0.2046875 0.00859375 0.01796875
4 0.56640625 0.20078125 0.00546875 0.021875
4 0.571875 0.19453125 0.00546875 0.0203125
4 0.57578125 0.19375 0.0046875 0.01796875
4 0.58671875 0.20078125 0.00546875 0.01875
4 0.59921875 0.17578125 0.00546875 0.0203125
4 0.60703125 0.13359375 0.00703125 0.01796875
4 0.60625 0.15859375 0.00625 0.0203125
4 0.63828125 0.1359375 0.00546875 0.01640625
4 0.6328125 0.16484375 0.00546875 0.02109375
4 0.646875 0.13046875 0.00546875 0.01953125
4 0.6515625 0.1265625 0.0046875 0.01796875
4 0.6578125 0.1265625 0.0046875 0.0203125
4 0.66328125 0.12421875 0.00625 0.02421875
4 0.67421875 0.13203125 0.01015625 0.01484375
4 0.671875 0.1140625 0.00546875 0.01953125
4 0.678125 0.11171875 0.00546875 0.0203125
4 0.6859375 0.10859375 0.00546875 0.01875
4 0.59375 0.18046875 0.00625 0.01875
4 0.58046875 0.1890625 0.00625 0.01640625
4 0.76015625 0.040625 0.00546875 0.02578125
4 0.76796875 0.0359375 0.00703125 0.021875
4 0.7734375 0.02890625 0.00625 0.01875
4 0.75 0.37109375 0.00703125 0.01875
4 0.8265625 0.596875 0.01171875 0.01171875
4 0.8140625 0.63828125 0.00859375 0.01015625
4 0.8078125 0.6453125 0.00703125 0.01875
4 0.7953125 0.68984375 0.01171875 0.00703125
4 0.77421875 0.74296875 0.00859375 0.0109375
4 0.78046875 0.7328125 0.01015625 0.00859375
4 0.78203125 0.72421875 0.00859375 0.009375
4 0.78515625 0.71640625 0.01015625 0.01328125
4 0.79296875 0.7 0.01015625 0.01171875
4 0.80078125 0.66953125 0.01171875 0.01328125
4 0.79921875 0.68125 0.01171875 0.0109375
4 0.81484375 0.63125 0.01171875 0.00859375
4 0.7828125 0.55234375 0.009375 0.01328125
4 0.78828125 0.54140625 0.01171875 0.01328125
4 0.778125 0.56171875 0.01171875 0.01015625
4 0.771875 0.5765625 0.01015625 0.009375
4 0.865625 0.4859375 0.0109375 0.0109375
4 0.865625 0.46953125 0.01015625 0.0203125
4 0.88671875 0.40859375 0.0109375 0.01640625
4 0.88828125 0.43046875 0.01015625 0.01171875
4 0.8921875 0.42109375 0.00859375 0.0140625
4 0.903125 0.3890625 0.00859375 0.02421875
4 0.91171875 0.35859375 0.00859375 0.015625
4 0.91953125 0.34609375 0.00703125 0.01640625
4 0.628125 0.14453125 0.00546875 0.01953125
4 0.496875 0.278125 0.00546875 0.01796875
4 0.4203125 0.2984375 0.00546875 0.01640625
4 0.415625 0.284375 0.00546875 0.02109375
4 0.3859375 0.19765625 0.009375 0.0203125
4 0.390625 0.23671875 0.009375 0.01875
4 0.396875 0.24375 0.00859375 0.01640625
4 0.36171875 0.1875 0.00625 0.01875
4 0.34609375 0.18359375 0.00703125 0.01640625
4 0.35078125 0.17421875 0.0109375 0.01328125
4 0.34453125 0.14453125 0.00625 0.01953125
4 0.36953125 0.084375 0.00859375 0.01953125
4 0.3765625 0.109375 0.00859375 0.01796875
4 0.3546875 0.09453125 0.00859375 0.01640625
4 0.359375 0.10390625 0.00703125 0.015625
4 0.36328125 0.12421875 0.00703125 0.015625
4 0.36875 0.1359375 0.00546875 0.01875
4 0.37421875 0.1484375 0.00625 0.02109375
4 0.35703125 0.12578125 0.00703125 0.01640625
4 0.32578125 0.0671875 0.00546875 0.01953125
4 0.33125 0.0734375 0.00703125 0.01640625
4 0.35078125 0.05703125 0.01015625 0.025
4 0.3203125 0.0765625 0.009375 0.0109375
4 0.31796875 0.08359375 0.01015625 0.009375
4 0.30859375 0.08359375 0.00625 0.01796875
4 0.3359375 0.11640625 0.00703125 0.021875
4 0.34296875 0.13046875 0.00546875 0.01640625
4 0.3359375 0.13515625 0.00703125 0.01640625
4 0.328125 0.11796875 0.00625 0.015625
2 0.4015625 0.1515625 0.02109375 0.03984375
3 0.5203125 0.22109375 0.02421875 0.0296875
4 0.503125 0.26484375 0.00625 0.01640625
4 0.44453125 0.29453125 0.00625 0.01640625
4 0.45390625 0.3015625 0.00859375 0.01328125
4 0.44453125 0.31015625 0.00859375 0.01328125
4 0.47109375 0.284375 0.00703125 0.015625
4 0.4640625 0.29140625 0.00546875 0.01953125
4 0.4546875 0.2890625 0.009375 0.01171875
4 0.434375 0.296875 0.00546875 0.01796875
4 0.42890625 0.29375 0.0046875 0.015625
4 0.43984375 0.29375 0.0046875 0.01640625
4 0.40625 0.265625 0.00703125 0.01484375
4 0.4109375 0.278125 0.00625 0.01953125
4 0.37421875 0.253125 0.009375 0.02109375
4 0.2390625 0.24921875 0.00703125 0.01875
4 0.22109375 0.24140625 0.01171875 0.00859375
4 0.2328125 0.25234375 0.009375 0.01484375
6 0.0734375 0.046875 0.03828125 0.06875
4 0.2890625 0.70546875 0.009375 0.0265625
4 0.2453125 0.775 0.0140625 0.01015625
4 0.240625 0.79765625 0.01015625 0.0109375
4 0.22890625 0.834375 0.01328125 0.01171875
4 0.22578125 0.8484375 0.01328125 0.01171875
4 0.22421875 0.87109375 0.01015625 0.02578125