6 0.01953125 0.4890625 0.0390625 0.021875
5 0.140625 0.67578125 0.040625 0.0234375
5 0.16484375 0.6390625 0.040625 0.0234375
2 0.21484375 0.53046875 0.02109375 0.01640625
5 0.21484375 0.4859375 0.046875 0.02109375
5 0.29609375 0.634375 0.03828125 0.01796875
4 0.27421875 0.5703125 0.01953125 0.0109375
5 0.2609375 0.54921875 0.04609375 0.01953125
4 0.29140625 0.4671875 0.01328125 0.01484375
4 0.32109375 0.46015625 0.01953125 0.01796875
3 0.40078125 0.6046875 0.0234375 0.0203125
6 0.5109375 0.6234375 0.03125 0.02109375
3 0.59375 0.62421875 0.01953125 0.01484375
3 0.5046875 0.55703125 0.01953125 0.01953125
6 0.6125 0.54296875 0.03203125 0.0234375
4 0.59609375 0.5640625 0.00859375 0.0140625
2 0.7234375 0.61796875 0.0203125 0.0203125
2 0.7359375 0.65546875 0.01015625 0.03046875
5 0.63359375 0.4765625 0.0453125 0.021875
2 0.615625 0.45546875 0.01875 0.01015625
3 0.6984375 0.51875 0.01875 0.01875
2 0.7234375 0.46875 0.01796875 0.01484375
2 0.7359375 0.44609375 0.0203125 0.01640625
1 0.6796875 0.38671875 0.04375 0.0265625
5 0.73671875 0.38671875 0.04921875 0.02421875
6 0.7953125 0.43671875 0.028125 0.02578125
0 0.77734375 0.609375 0.01171875 0.01328125
4 0.7765625 0.62890625 0.00859375 0.015625
2 0.82578125 0.58359375 0.01640625 0.01484375
0 0.8390625 0.60703125 0.01171875 0.01015625
4 0.83984375 0.59609375 0.01015625 0.00703125
4 0.86953125 0.59921875 0.01015625 0.0109375
6 0.8359375 0.54140625 0.034375 0.0203125
1 0.8953125 0.521875 0.04921875 0.0234375
6 0.88203125 0.4140625 0.034375 0.02109375
2 0.35859375 0.28984375 0.01875 0.021875
2 0.52265625 0.328125 0.0109375 0.0296875
2 0.534375 0.32890625 0.00859375 0.03046875
2 0.57421875 0.31875 0.00859375 0.02890625
2 0.5859375 0.31875 0.0109375 0.02890625