0 0.04921875 0.54921875 0.01875 0.015625
0 0.075 0.5296875 0.015625 0.01484375
0 0.11484375 0.53046875 0.02109375 0.0203125
0 0.16171875 0.5421875 0.01875 0.015625
0 0.23671875 0.54375 0.015625 0.01796875
2 0.1734375 0.51484375 0.0234375 0.0234375
2 0.23125 0.515625 0.021875 0.02109375
6 0.203125 0.421875 0.021875 0.02421875
4 0.165625 0.45703125 0.01328125 0.01171875
4 0.19765625 0.44296875 0.01953125 0.01484375
4 0.23203125 0.440625 0.01484375 0.00859375
4 0.16328125 0.4296875 0.01328125 0.0203125
4 0.12265625 0.4265625 0.015625 0.01484375
4 0.115625 0.4484375 0.01484375 0.015625
4 0.05 0.44609375 0.01640625 0.0109375
4 0.03203125 0.509375 0.01484375 0.01484375
4 0.0234375 0.53046875 0.0109375 0.015625
4 0.0453125 0.521875 0.0140625 0.01328125
4 0.05546875 0.51328125 0.0109375 0.00703125
4 0.0640625 0.52109375 0.009375 0.00859375
4 0.09140625 0.515625 0.01171875 0.009375
4 0.1078125 0.51328125 0.015625 0.0140625
4 0.1359375 0.51328125 0.0140625 0.0109375
4 0.13046875 0.54609375 0.0109375 0.01171875
4 0.14453125 0.53203125 0.01015625 0.0109375
4 0.17109375 0.55078125 0.0109375 0.01171875
4 0.18125 0.53125 0.009375 0.01171875
4 0.21015625 0.528125 0.009375 0.01015625
4 0.2265625 0.55625 0.0140625 0.01640625
4 0.26640625 0.51640625 0.01640625 0.025
4 0.30859375 0.45 0.01484375 0.01796875
4 0.3421875 0.43359375 0.01640625 0.0140625
4 0.340625 0.421875 0.01484375 0.01015625
4 0.334375 0.5140625 0.0109375 0.0140625
4 0.315625 0.528125 0.0140625 0.015625
4 0.33359375 0.53203125 0.01171875 0.0109375
4 0.315625 0.5515625 0.01640625 0.0203125
4 0.38125 0.5359375 0.01328125 0.01484375
4 0.396875 0.5203125 0.01171875 0.01875
4 0.409375 0.54140625 0.01171875 0.0109375
4 0.390625 0.559375 0.0140625 0.015625
0 0.3515625 0.54609375 0.01640625 0.02109375
0 0.42890625 0.42890625 0.01640625 0.0140625
4 0.41875 0.446875 0.01484375 0.01484375
4 0.42890625 0.5203125 0.0109375 0.01875
4 0.4578125 0.52890625 0.0109375 0.015625
4 0.4484375 0.5421875 0.0109375 0.01484375
4 0.50078125 0.55390625 0.0109375 0.01171875
4 0.509375 0.5140625 0.0140625 0.015625
4 0.55703125 0.5390625 0.0140625 0.01875
4 0.55703125 0.55625 0.01953125 0.01015625
4 0.60625 0.54296875 0.01796875 0.01484375
4 0.565625 0.43828125 0.0140625 0.01015625
4 0.571875 0.4296875 0.01328125 0.015625
4 0.51953125 0.428125 0.0140625 0.0140625
2 0.5640625 0.45390625 0.0265625 0.02421875
2 0.459375 0.45703125 0.02421875 0.0234375
4 0.6265625 0.42109375 0.01875 0.01953125
4 0.67421875 0.55625 0.015625 0.015625
4 0.70546875 0.55078125 0.01953125 0.01328125
4 0.696875 0.53671875 0.01484375 0.0140625
4 0.69453125 0.5265625 0.01484375 0.0109375
4 0.7015625 0.42890625 0.0109375 0.01796875
4 0.74765625 0.42890625 0.015625 0.01484375
4 0.75390625 0.41171875 0.01796875 0.01171875
4 0.82109375 0.41328125 0.01484375 0.0203125
4 0.83984375 0.43046875 0.01796875 0.01484375
4 0.8140625 0.43984375 0.01640625 0.01484375
2 0.81953125 0.45625 0.03125 0.01796875
2 0.9359375 0.45546875 0.0296875 0.034375
4 0.88828125 0.43984375 0.0140625 0.0203125
4 0.915625 0.428125 0.0140625 0.01796875
4 0.93359375 0.41796875 0.0140625 0.009375
4 0.9359375 0.43046875 0.015625 0.0140625
0 0.86640625 0.4234375 0.01796875 0.021875
4 0.846875 0.54375 0.0140625 0.01875
4 0.796875 0.54921875 0.01484375 0.01953125
0 0.75703125 0.55390625 0.02109375 0.01953125
4 0.890625 0.52421875 0.01484375 0.01953125
4 0.88203125 0.55546875 0.0140625 0.01875
4 0.99296875 0.52734375 0.0140625 0.01640625
1 0.81953125 0.51875 0.0609375 0.03515625
0 0.05625 0.42109375 0.0203125 0.02109375
4 0.08671875 0.41015625 0.015625 0.01640625
4 0.015625 0.40859375 0.01796875 0.0109375
4 0.09375 0.54609375 0.01328125 0.01796875
4 0.06796875 0.5640625 0.0140625 0.0140625
4 0.240625 0.5296875 0.01328125 0.0109375
4 0.35390625 0.5203125 0.0140625 0.015625
6 0.546875 0.41484375 0.0234375 0.02578125
6 0.9765625 0.42421875 0.021875 0.025
4 0.9890625 0.440625 0.01484375 0.01796875
4 0.93671875 0.40390625 0.01484375 0.0140625