2 0.04375 0.95625 0.02421875 0.0359375
2 0.1015625 0.9265625 0.01796875 0.03046875
2 0.0953125 0.865625 0.01484375 0.02890625
2 0.20703125 0.975 0.0203125 0.03359375
2 0.22890625 0.94921875 0.021875 0.03671875
2 0.278125 0.68203125 0.015625 0.0296875
2 0.31328125 0.64140625 0.01640625 0.02421875
2 0.33125 0.6203125 0.01640625 0.0265625
2 0.3265625 0.60703125 0.01796875 0.028125
2 0.34453125 0.5953125 0.01640625 0.03046875
2 0.3640625 0.5921875 0.01484375 0.02421875
2 0.321875 0.82421875 0.01953125 0.02578125
2 0.45078125 0.653125 0.01796875 0.03671875
2 0.396875 0.5 0.01640625 0.03828125
2 0.43671875 0.4859375 0.01484375 0.0359375
2 0.33125 0.31640625 0.01640625 0.03671875
2 0.32421875 0.01171875 0.0171875 0.0234375
2 0.3390625 0.0109375 0.01484375 0.02109375
2 0.4140625 0.2625 0.01875 0.03203125
2 0.42578125 0.2546875 0.01640625 0.028125
2 0.4375 0.28671875 0.01796875 0.03046875
2 0.42578125 0.2921875 0.015625 0.03046875
2 0.47578125 0.390625 0.02109375 0.02421875
2 0.503125 0.38671875 0.01875 0.02109375
2 0.49296875 0.409375 0.021875 0.028125
2 0.565625 0.44453125 0.025 0.03515625
2 0.58515625 0.203125 0.01640625 0.03125
2 0.55625 0.2234375 0.0140625 0.03125
2 0.56953125 0.14140625 0.0109375 0.034375
2 0.55859375 0.05625 0.01171875 0.03671875
2 0.59453125 0.0640625 0.0203125 0.02578125
2 0.64296875 0.3109375 0.021875 0.02578125
2 0.6640625 0.34609375 0.01796875 0.021875
2 0.73125 0.3359375 0.02109375 0.028125
2 0.7109375 0.35859375 0.01796875 0.028125
2 0.68125 0.3890625 0.01328125 0.02109375
2 0.6671875 0.41484375 0.01796875 0.03046875
2 0.684375 0.40625 0.01796875 0.028125
2 0.728125 0.359375 0.01328125 0.01640625
2 0.70859375 0.38671875 0.0203125 0.02421875
2 0.73828125 0.3640625 0.01796875 0.02109375
2 0.73984375 0.346875 0.02109375 0.01640625
2 0.75625 0.3265625 0.015625 0.02109375
2 0.74921875 0.31015625 0.01640625 0.01953125
2 0.78671875 0.290625 0.01640625 0.02421875
2 0.8046875 0.26875 0.0203125 0.03046875
2 0.7984375 0.1734375 0.01328125 0.03359375
2 0.809375 0.18046875 0.01796875 0.025
2 0.82421875 0.14921875 0.01328125 0.03515625
2 0.871875 0.0890625 0.021875 0.03046875
2 0.8953125 0.109375 0.0234375 0.03203125
2 0.9421875 0.053125 0.021875 0.0359375
2 0.940625 0.01328125 0.01953125 0.02578125
2 0.9609375 0.08046875 0.02421875 0.03046875
2 0.9484375 0.2109375 0.01640625 0.028125
2 0.93671875 0.215625 0.01796875 0.03359375
2 0.928125 0.23203125 0.01796875 0.03046875
2 0.709375 0.634375 0.02578125 0.021875
2 0.72109375 0.5765625 0.01328125 0.0296875
2 0.86640625 0.753125 0.01796875 0.0359375
2 0.88046875 0.771875 0.01484375 0.03515625
2 0.90625 0.77734375 0.01640625 0.0359375
2 0.9421875 0.83125 0.01796875 0.034375
2 0.95859375 0.86640625 0.02109375 0.01953125
2 0.96953125 0.88203125 0.021875 0.02109375
2 0.978125 0.9125 0.02109375 0.028125
2 0.9046875 0.95546875 0.0203125 0.02578125
2 0.890625 0.9359375 0.01796875 0.0203125
2 0.871875 0.915625 0.01796875 0.025
2 0.871875 0.93359375 0.01875 0.025
2 0.85390625 0.896875 0.01484375 0.0203125
2 0.84296875 0.90859375 0.01796875 0.021875
2 0.83828125 0.87890625 0.01875 0.0265625
2 0.821875 0.86875 0.01796875 0.02421875
2 0.828125 0.8921875 0.01796875 0.02421875
2 0.80703125 0.87265625 0.01875 0.0203125
2 0.8015625 0.85390625 0.01796875 0.02421875
2 0.8046875 0.83828125 0.01640625 0.02109375
2 0.78203125 0.81953125 0.01953125 0.025
2 0.771875 0.83203125 0.01640625 0.01875
2 0.72578125 0.765625 0.01484375 0.0203125
2 0.709375 0.75078125 0.01875 0.021875
2 0.70703125 0.765625 0.01796875 0.021875
2 0.71015625 0.7890625 0.01796875 0.025
2 0.68125 0.71640625 0.02109375 0.0234375
2 0.684375 0.73359375 0.0203125 0.0203125
2 0.68515625 0.7515625 0.021875 0.0234375
2 0.66328125 0.75625 0.01875 0.01953125
2 0.61640625 0.71953125 0.021875 0.02578125
2 0.55078125 0.778125 0.02578125 0.028125
2 0.475 0.82109375 0.01875 0.025
2 0.42421875 0.871875 0.01953125 0.025
2 0.371875 0.959375 0.01640625 0.02890625
2 0.32421875 0.9484375 0.021875 0.025
4 0.0609375 0.87109375 0.01015625 0.015625
4 0.08046875 0.84609375 0.00703125 0.015625
4 0.09296875 0.83671875 0.00546875 0.01640625
4 0.08671875 0.84140625 0.00625 0.01875
4 0.12734375 0.84453125 0.01171875 0.01796875
4 0.26328125 0.709375 0.01015625 0.01640625
4 0.30234375 0.640625 0.00859375 0.0109375
4 0.31328125 0.61953125 0.00859375 0.01796875
4 0.334375 0.57890625 0.009375 0.0140625
4 0.39609375 0.55859375 0.009375 0.0140625
4 0.3984375 0.53125 0.00546875 0.01484375
4 0.4265625 0.63359375 0.01015625 0.01953125
4 0.43125 0.6546875 0.00859375 0.01875
4 0.45546875 0.71640625 0.00703125 0.0203125
4 0.409375 0.51171875 0.00859375 0.02109375
4 0.41328125 0.4828125 0.0109375 0.021875
4 0.38203125 0.478125 0.009375 0.0203125
4 0.36640625 0.39296875 0.01015625 0.0203125
4 0.37421875 0.3890625 0.00859375 0.01640625
4 0.3765625 0.3640625 0.00859375 0.01640625
4 0.36953125 0.359375 0.009375 0.01875
4 0.35625 0.33984375 0.00859375 0.02109375
4 0.37109375 0.07890625 0.0140625 0.0140625
4 0.39140625 0.14765625 0.01328125 0.0140625
4 0.39609375 0.13046875 0.0109375 0.01171875
4 0.4 0.13515625 0.009375 0.009375
4 0.403125 0.1421875 0.0109375 0.00859375
4 0.4109375 0.134375 0.01015625 0.0140625
4 0.409375 0.15625 0.01015625 0.01015625
4 0.41328125 0.16171875 0.01015625 0.01015625
4 0.41953125 0.15703125 0.00703125 0.0140625
4 0.4265625 0.17421875 0.00859375 0.01953125
4 0.43046875 0.18125 0.00859375 0.01796875
4 0.43671875 0.18828125 0.009375 0.015625
4 0.43984375 0.19453125 0.01328125 0.01171875
4 0.41328125 0.2265625 0.00859375 0.01484375
4 0.44453125 0.31953125 0.009375 0.015625
4 0.52265625 0.3390625 0.0109375 0.01015625
4 0.57421875 0.359375 0.01328125 0.01328125
4 0.5703125 0.3359375 0.01328125 0.015625
4 0.5859375 0.31796875 0.00703125 0.01953125
4 0.58515625 0.240625 0.00859375 0.01875
4 0.64453125 0.3375 0.0109375 0.0140625
4 0.69609375 0.32421875 0.01015625 0.0140625
4 0.71640625 0.29296875 0.01328125 0.02109375
4 0.7515625 0.22265625 0.00859375 0.01640625
4 0.76796875 0.2125 0.00859375 0.01328125
4 0.8125 0.16171875 0.009375 0.00625
4 0.85703125 0.14296875 0.01171875 0.01484375
4 0.8265625 0.271875 0.01328125 0.01875
4 0.753125 0.35234375 0.01171875 0.01171875
4 0.7453125 0.32734375 0.0109375 0.01640625
4 0.7296875 0.37890625 0.00625 0.00859375
4 0.72421875 0.375 0.00859375 0.00859375
4 0.71875 0.3828125 0.00859375 0.00703125
4 0.7234375 0.3859375 0.00859375 0.00546875
4 0.71796875 0.39375 0.00703125 0.0109375
4 0.71171875 0.3921875 0.009375 0.00703125
4 0.70703125 0.40703125 0.00625 0.00859375
4 0.69609375 0.39921875 0.00859375 0.0109375
4 0.703125 0.4 0.00625 0.009375
4 0.69609375 0.409375 0.00703125 0.0109375
4 0.690625 0.41328125 0.00859375 0.0140625
4 0.68046875 0.42109375 0.00703125 0.01328125
4 0.68359375 0.4265625 0.00703125 0.01015625
4 0.68203125 0.44375 0.00546875 0.01328125
4 0.67421875 0.46171875 0.00546875 0.009375
4 0.678125 0.453125 0.0046875 0.009375
4 0.66953125 0.54609375 0.01015625 0.015625
4 0.77421875 0.71640625 0.0140625 0.015625
4 0.74453125 0.65859375 0.01015625 0.0203125
4 0.815625 0.71796875 0.00546875 0.01484375
4 0.81953125 0.72109375 0.00390625 0.01640625
4 0.83203125 0.73359375 0.00546875 0.01796875
4 0.84375 0.74296875 0.0046875 0.01640625
4 0.84921875 0.746875 0.0015625 0.01640625
4 0.85390625 0.75390625 0.0046875 0.015625
4 0.88984375 0.8359375 0.009375 0.01484375
4 0.92109375 0.828125 0.01015625 0.01640625
4 0.9140625 0.86640625 0.01171875 0.02109375
4 0.94453125 0.86796875 0.00703125 0.0140625
4 0.9796875 0.8609375 0.009375 0.0109375
4 0.971875 0.86796875 0.009375 0.009375
4 0.965625 0.91796875 0.0140625 0.01015625
4 0.98046875 0.93671875 0.01015625 0.01640625
4 0.9921875 0.946875 0.00859375 0.01328125
4 0.83828125 0.91875 0.00703125 0.01171875
4 0.83203125 0.909375 0.00859375 0.01328125
4 0.8390625 0.89375 0.00859375 0.0109375
4 0.83203125 0.8859375 0.009375 0.01171875
4 0.82421875 0.9015625 0.00859375 0.01171875
4 0.81640625 0.8953125 0.00859375 0.01171875
4 0.80390625 0.8859375 0.00859375 0.00703125
4 0.809375 0.89609375 0.00703125 0.0109375
4 0.72109375 0.77109375 0.01015625 0.01328125
4 0.7171875 0.78046875 0.009375 0.0140625
4 0.69296875 0.76640625 0.01015625 0.01328125
4 0.70703125 0.7359375 0.01015625 0.01796875
4 0.66328125 0.73671875 0.00859375 0.01484375
4 0.58046875 0.659375 0.0109375 0.01796875
4 0.58359375 0.67890625 0.01484375 0.01953125
4 0.59296875 0.69453125 0.015625 0.01640625
4 0.60625 0.70390625 0.01015625 0.021875
4 0.5828125 0.7140625 0.01328125 0.0203125
4 0.36640625 0.921875 0.01484375 0.01796875
4 0.3578125 0.946875 0.01484375 0.0203125
4 0.3421875 0.95546875 0.01171875 0.02109375
4 0.26953125 0.8640625 0.01640625 0.0203125
4 0.2609375 0.90703125 0.01484375 0.0109375
4 0.2609375 0.83828125 0.01328125 0.01328125
0 0.109375 0.8578125 0.015625 0.0296875
0 0.20546875 0.95390625 0.015625 0.025
0 0.246875 0.6890625 0.0140625 0.034375
0 0.396875 0.778125 0.01640625 0.03046875
0 0.3359375 0.5890625 0.01015625 0.01171875
0 0.65625 0.70859375 0.01796875 0.02109375
0 0.34609375 0.4421875 0.0109375 0.02578125
0 0.42421875 0.22734375 0.01328125 0.02421875
0 0.42578125 0.3109375 0.01015625 0.025
0 0.57578125 0.32421875 0.00859375 0.02421875
0 0.60625 0.2890625 0.01484375 0.02109375
0 0.6046875 0.25859375 0.0140625 0.02421875
0 0.675 0.30546875 0.01484375 0.0234375
0 0.71015625 0.2734375 0.01171875 0.0265625
0 0.69765625 0.38125 0.015625 0.02109375
0 0.67421875 0.4390625 0.01171875 0.0234375
0 0.6671875 0.43671875 0.0140625 0.025
0 0.76171875 0.33515625 0.009375 0.01796875
0 0.90078125 0.19921875 0.01953125 0.0234375
0 0.94921875 0.02265625 0.015625 0.0265625
0 0.659375 0.559375 0.01171875 0.01484375
0 0.6484375 0.54765625 0.01640625 0.0203125
0 0.7578125 0.6546875 0.01484375 0.021875
0 0.87109375 0.76953125 0.01484375 0.02578125
0 0.89453125 0.77578125 0.0140625 0.028125
0 0.78828125 0.8390625 0.01640625 0.0234375
3 0.34375 0.0390625 0.025 0.04609375
3 0.82578125 0.921875 0.0203125 0.03671875
1 0.59140625 0.51484375 0.03125 0.0984375
1 0.453125 0.27734375 0.03671875 0.0609375
1 0.34453125 0.07734375 0.0390625 0.06484375
1 0.3109375 0.603125 0.046875 0.0734375
1 0.528125 0.41484375 0.0453125 0.0359375
1 0.81015625 0.81875 0.03828125 0.046875
1 0.76796875 0.78359375 0.05546875 0.059375
1 0.7484375 0.80390625 0.05390625 0.0546875