2 0.6703125 0.6984375 0.025 0.0453125
0 0.54375 0.6859375 0.01953125 0.02578125
0 0.44609375 0.428125 0.01640625 0.02109375
0 0.4484375 0.66640625 0.01640625 0.01953125
0 0.4046875 0.71328125 0.0109375 0.021875
0 0.378125 0.67421875 0.01328125 0.028125
0 0.40078125 0.69140625 0.0140625 0.0203125
0 0.40390625 0.66875 0.01640625 0.02109375
2 0.3046875 0.73203125 0.01875 0.04453125
0 0.32890625 0.540625 0.0109375 0.02890625
2 0.3546875 0.30703125 0.0203125 0.03203125
2 0.28125 0.2140625 0.0203125 0.0390625
2 0.55078125 0.24453125 0.021875 0.0296875
0 0.628125 0.46015625 0.0140625 0.0234375
1 0.68125 0.19609375 0.05 0.06640625
2 0.66171875 0.1515625 0.02578125 0.0296875
2 0.6234375 0.159375 0.01484375 0.04375
2 0.40546875 0.14140625 0.01953125 0.03671875
0 0.415625 0.303125 0.01875 0.03828125
6 0.56328125 0.953125 0.04296875 0.0734375
2 0.75703125 0.63359375 0.025 0.04609375
2 0.215625 0.103125 0.0296875 0.0484375
0 0.1453125 0.021875 0.0140625 0.0234375
2 0.23203125 0.18359375 0.02421875 0.03359375
3 0.253125 0.23125 0.01796875 0.03046875
3 0.19140625 0.2015625 0.0265625 0.03984375
4 0.51328125 0.6546875 0.01484375 0.01796875
4 0.52109375 0.621875 0.01171875 0.0203125
4 0.54296875 0.60390625 0.0109375 0.01875
4 0.55546875 0.6 0.01171875 0.021875
4 0.57109375 0.58984375 0.01015625 0.02578125
4 0.56953125 0.61484375 0.01328125 0.01953125
4 0.5828125 0.671875 0.0140625 0.01796875
4 0.6375 0.65625 0.01171875 0.021875
4 0.61328125 0.59296875 0.0109375 0.02109375
4 0.58671875 0.565625 0.01171875 0.02109375
4 0.5640625 0.540625 0.01171875 0.01875
4 0.50390625 0.4484375 0.01171875 0.01953125
4 0.5515625 0.41953125 0.0140625 0.021875
4 0.55703125 0.31328125 0.01328125 0.01640625
4 0.5390625 0.3359375 0.0109375 0.015625
4 0.5453125 0.3453125 0.01171875 0.01796875
4 0.58125 0.2796875 0.01171875 0.01796875
4 0.60703125 0.28203125 0.0140625 0.0203125
4 0.60234375 0.23046875 0.01328125 0.01796875
4 0.65 0.25078125 0.0140625 0.02109375
4 0.678125 0.3578125 0.01484375 0.01796875
4 0.61953125 0.2890625 0.0109375 0.015625
4 0.778125 0.146875 0.01171875 0.0203125
4 0.91640625 0.04140625 0.01171875 0.02578125
4 0.92578125 0.16328125 0.01640625 0.01953125
4 0.97578125 0.19921875 0.01640625 0.0234375
4 0.8640625 0.2421875 0.01171875 0.02421875
4 0.85625 0.21875 0.01796875 0.01953125
4 0.853125 0.19921875 0.015625 0.01875
4 0.9265625 0.28359375 0.01328125 0.028125
2 0.865625 0.28828125 0.02578125 0.03125
2 0.8453125 0.38984375 0.0234375 0.04296875
4 0.78359375 0.62890625 0.01171875 0.02578125
4 0.665625 0.72578125 0.01171875 0.01640625
4 0.6640625 0.7453125 0.01171875 0.02109375
4 0.71328125 0.69921875 0.01328125 0.01875
4 0.6703125 0.8390625 0.01640625 0.01953125
4 0.69609375 0.85 0.01171875 0.021875
4 0.72578125 0.88125 0.01484375 0.02109375
4 0.73359375 0.94765625 0.01328125 0.01875
4 0.8046875 0.98359375 0.0140625 0.01640625
2 0.72109375 0.96328125 0.0234375 0.0234375
4 0.49453125 0.559375 0.01328125 0.01875
4 0.47890625 0.55390625 0.01171875 0.015625
4 0.48203125 0.5328125 0.0140625 0.01953125
4 0.52421875 0.496875 0.01171875 0.02109375
4 0.53125 0.4828125 0.0109375 0.0203125
4 0.515625 0.46875 0.01171875 0.01484375
4 0.52109375 0.47734375 0.01015625 0.01875
4 0.459375 0.5515625 0.0109375 0.01875
4 0.453125 0.61953125 0.0109375 0.01875
4 0.4328125 0.63125 0.0140625 0.01953125
4 0.41328125 0.609375 0.009375 0.021875
4 0.41484375 0.565625 0.01171875 0.015625
4 0.41328125 0.5515625 0.01171875 0.015625
4 0.421875 0.52421875 0.01171875 0.01796875
4 0.41953125 0.50234375 0.01171875 0.021875
4 0.40078125 0.521875 0.01171875 0.02421875
4 0.41953125 0.47578125 0.0109375 0.01328125
4 0.42265625 0.4484375 0.009375 0.015625
4 0.40078125 0.46328125 0.01171875 0.0234375
4 0.40390625 0.409375 0.01015625 0.02109375
4 0.3609375 0.4203125 0.0140625 0.02421875
4 0.34609375 0.46328125 0.009375 0.0234375
4 0.42578125 0.4109375 0.01171875 0.01953125
4 0.43671875 0.41015625 0.01328125 0.01953125
4 0.45859375 0.40546875 0.01328125 0.01875
4 0.4734375 0.40546875 0.01171875 0.021875
4 0.45546875 0.38671875 0.0109375 0.01640625
4 0.46171875 0.33671875 0.01484375 0.01875
4 0.503125 0.29296875 0.0140625 0.01640625
4 0.50390625 0.30859375 0.0140625 0.01640625
4 0.51484375 0.321875 0.0140625 0.0203125
4 0.5203125 0.34375 0.01015625 0.01953125
4 0.51796875 0.39453125 0.0109375 0.0234375
4 0.51015625 0.378125 0.01015625 0.01875
4 0.50078125 0.36171875 0.01328125 0.015625
4 0.50546875 0.3453125 0.009375 0.01796875
4 0.49375 0.34375 0.01171875 0.01953125
4 0.503125 0.32734375 0.01171875 0.01484375
4 0.38671875 0.33828125 0.01015625 0.0203125
4 0.4 0.309375 0.01171875 0.01484375
4 0.39921875 0.2953125 0.01171875 0.01484375
4 0.38046875 0.27421875 0.0109375 0.02109375
4 0.328125 0.27109375 0.01171875 0.02578125
4 0.33046875 0.19140625 0.01171875 0.01875
4 0.346875 0.2421875 0.009375 0.01640625
4 0.35859375 0.2453125 0.01015625 0.02109375
4 0.365625 0.27578125 0.01015625 0.01875
4 0.321875 0.134375 0.0140625 0.0203125
4 0.25859375 0.0625 0.0109375 0.01953125
4 0.30703125 0.240625 0.01171875 0.01796875
0 0.3484375 0.34296875 0.02109375 0.034375
4 0.253125 0.021875 0.01171875 0.01953125
4 0.24453125 0.06796875 0.01171875 0.021875
4 0.2453125 0.1390625 0.01328125 0.01953125
6 0.19296875 0.2484375 0.02890625 0.04921875
4 0.34375 0.646875 0.01171875 0.02578125
4 0.328125 0.6234375 0.01015625 0.028125
4 0.2859375 0.70390625 0.009375 0.02578125
4 0.2734375 0.72109375 0.0109375 0.0234375
4 0.30859375 0.85234375 0.009375 0.02109375
4 0.3234375 0.83046875 0.01328125 0.02578125
4 0.3375 0.83359375 0.009375 0.0203125
4 0.3296875 0.79375 0.01171875 0.02109375
4 0.33984375 0.74921875 0.01328125 0.0265625
4 0.3546875 0.7296875 0.01015625 0.021875
4 0.36640625 0.72578125 0.0140625 0.01875
4 0.37890625 0.74453125 0.0140625 0.0203125
4 0.3484375 0.76953125 0.01171875 0.0265625
4 0.35703125 0.784375 0.01171875 0.028125
4 0.284375 0.984375 0.0109375 0.0203125
4 0.27109375 0.9890625 0.01015625 0.02109375
4 0.23125 0.94296875 0.0140625 0.0265625
4 0.30390625 0.90078125 0.01015625 0.0234375
4 0.30234375 0.88203125 0.009375 0.01875
4 0.3171875 0.578125 0.009375 0.025
4 0.45390625 0.49296875 0.01171875 0.01796875
4 0.4421875 0.49296875 0.01171875 0.01796875
4 0.440625 0.44609375 0.0109375 0.015625
4 0.75546875 0.340625 0.01328125 0.01875
4 0.8734375 0.990625 0.009375 0.01875
4 0.54296875 0.65546875 0.01015625 0.0203125
4 0.52890625 0.66015625 0.01328125 0.01953125
3 0.86796875 0.33828125 0.03203125 0.06328125
3 0.83828125 0.31015625 0.03203125 0.0453125
3 0.8234375 0.45078125 0.03203125 0.065625
3 0.80625 0.50625 0.01796875 0.03203125
3 0.809375 0.33359375 0.0265625 0.03359375
3 0.734375 0.38828125 0.028125 0.040625
3 0.67109375 0.4359375 0.02890625 0.03203125
3 0.690625 0.61015625 0.01875 0.03359375
3 0.61953125 0.4890625 0.01796875 0.0265625
4 0.43671875 0.32578125 0.0109375 0.015625
3 0.21796875 0.27109375 0.0203125 0.0390625
4 0.3984375 0.64921875 0.01171875 0.021875
4 0.59765625 0.53671875 0.009375 0.01484375
4 0.60546875 0.53046875 0.0109375 0.01953125
3 0.6296875 0.50625 0.02109375 0.03125
3 0.70078125 0.41875 0.028125 0.034375
3 0.66640625 0.5609375 0.01640625 0.03046875
3 0.6703125 0.58046875 0.015625 0.02578125
3 0.628125 0.5421875 0.0140625 0.02890625
3 0.68359375 0.5875 0.0203125 0.04140625
3 0.70546875 0.63203125 0.02109375 0.03671875
3 0.7265625 0.6765625 0.021875 0.03125
3 0.71640625 0.64921875 0.02578125 0.03671875
3 0.5234375 0.2171875 0.021875 0.02890625
4 0.63203125 0.14140625 0.00703125 0.0203125
4 0.609375 0.13125 0.00859375 0.02109375
4 0.6109375 0.159375 0.00703125 0.025
4 0.60390625 0.17109375 0.00546875 0.01875
4 0.596875 0.178125 0.00546875 0.01953125
4 0.59140625 0.19765625 0.00546875 0.01796875
4 0.59140625 0.1734375 0.0046875 0.02109375
4 0.584375 0.18671875 0.00546875 0.01640625
4 0.578125 0.2015625 0.00859375 0.01796875
4 0.55 0.1875 0.00546875 0.0203125
4 0.55546875 0.18125 0.00625 0.021875
4 0.5640625 0.1984375 0.00625 0.021875
4 0.5515625 0.209375 0.00625 0.01796875
4 0.5140625 0.24453125 0.01015625 0.01875
4 0.51796875 0.26171875 0.01171875 0.01015625
4 0.48515625 0.2640625 0.00625 0.02109375
4 0.48046875 0.27578125 0.00859375 0.01796875
4 0.471875 0.27890625 0.00859375 0.01875
4 0.40859375 0.26171875 0.00703125 0.01875
4 0.40703125 0.24140625 0.0109375 0.01328125
4 0.41484375 0.27265625 0.00859375 0.01875
4 0.421875 0.28203125 0.0046875 0.015625
4 0.43203125 0.28515625 0.0046875 0.015625
4 0.43828125 0.28828125 0.00703125 0.021875
4 0.434375 0.30546875 0.009375 0.01640625
4 0.446875 0.309375 0.00625 0.01640625
4 0.39453125 0.1109375 0.00625 0.01953125
4 0.39140625 0.18828125 0.00703125 0.01875
4 0.31328125 0.08515625 0.009375 0.01640625
4 0.31796875 0.09375 0.0109375 0.01484375
4 0.32578125 0.06796875 0.009375 0.01328125
4 0.33125 0.05703125 0.00703125 0.01796875
4 0.34375 0.06875 0.009375 0.015625
4 0.35546875 0.04921875 0.01015625 0.01953125
4 0.3625 0.059375 0.00859375 0.0203125
4 0.34296875 0.03671875 0.01015625 0.01640625
4 0.34375 0.01171875 0.01015625 0.015625
4 0.3765625 0.078125 0.00703125 0.01484375
4 0.3796875 0.09921875 0.00859375 0.01953125
4 0.38359375 0.11328125 0.00625 0.015625
4 0.3765625 0.11796875 0.00703125 0.01640625
4 0.36796875 0.11484375 0.00703125 0.01875
4 0.3640625 0.09296875 0.0046875 0.01640625
4 0.359375 0.08671875 0.00703125 0.01640625
4 0.34921875 0.09296875 0.00859375 0.01640625
4 0.353125 0.10078125 0.00625 0.01640625
4 0.35546875 0.10859375 0.009375 0.01796875
4 0.3609375 0.11484375 0.00703125 0.01953125
4 0.34921875 0.13671875 0.00703125 0.01796875
4 0.378125 0.1390625 0.00859375 0.01875
4 0.34375 0.13203125 0.00703125 0.01796875
4 0.33125 0.07890625 0.00859375 0.01875
4 0.340625 0.10078125 0.00703125 0.0203125
4 0.34609375 0.10859375 0.00625 0.01796875
4 0.340625 0.12421875 0.00703125 0.0140625
3 0.2765625 0.671875 0.015625 0.0296875
4 0.30703125 0.58515625 0.00859375 0.0203125
4 0.22421875 0.83671875 0.0109375 0.01484375
4 0.22734375 0.8234375 0.01328125 0.0140625
4 0.24921875 0.78203125 0.00703125 0.02109375
4 0.23671875 0.784375 0.01171875 0.0140625
4 0.23203125 0.80078125 0.01015625 0.01171875
4 0.2421875 0.76796875 0.009375 0.0109375
4 0.50625 0.7140625 0.01171875 0.0140625
3 0.51875 0.70390625 0.02578125 0.03359375
4 0.7734375 0.74609375 0.00859375 0.01015625
4 0.778125 0.73515625 0.0109375 0.00859375
4 0.7828125 0.72734375 0.009375 0.01015625
4 0.78828125 0.70859375 0.009375 0.00859375
4 0.784375 0.7203125 0.01015625 0.01015625
4 0.796875 0.684375 0.00859375 0.01875
4 0.8 0.671875 0.0109375 0.0140625
4 0.80625 0.66015625 0.009375 0.0109375
4 0.8078125 0.65078125 0.00859375 0.01171875
4 0.8265625 0.60234375 0.01015625 0.01796875
4 0.81796875 0.62890625 0.01328125 0.01328125
4 0.8140625 0.64453125 0.01171875 0.0140625
4 0.78359375 0.55546875 0.0109375 0.01171875
4 0.78984375 0.54609375 0.01328125 0.01484375
4 0.79453125 0.5234375 0.01015625 0.01171875
4 0.77890625 0.5640625 0.01171875 0.0109375
4 0.775 0.5734375 0.01015625 0.01015625
4 0.8703125 0.44921875 0.00859375 0.0203125
4 0.88203125 0.44296875 0.00703125 0.021875
4 0.8671875 0.471875 0.009375 0.01640625
4 0.8671875 0.4890625 0.01171875 0.015625
4 0.890625 0.4359375 0.00859375 0.01484375
4 0.89375 0.4265625 0.0109375 0.01015625
4 0.90390625 0.3984375 0.00703125 0.02109375
4 0.90859375 0.3859375 0.00703125 0.0203125
4 0.7859375 0.02578125 0.00859375 0.021875
6 0.07890625 0.03125 0.04375 0.06171875
4 0.2359375 0.23984375 0.00859375 0.01328125
4 0.22578125 0.2265625 0.009375 0.009375
4 0.24140625 0.23671875 0.00703125 0.01640625
3 0.2125 0.246875 0.021875 0.03828125
3 0.23359375 0.28046875 0.028125 0.04375
4 0.146875 0.1828125 0.00625 0.01953125
4 0.11640625 0.115625 0.00859375 0.021875
4 0.14375 0.17578125 0.00859375 0.01640625
4 0.7046875 0.1171875 0.01015625 0.01171875
4 0.69375 0.10625 0.0046875 0.01953125
4 0.690625 0.10703125 0.00546875 0.0203125
4 0.6796875 0.13203125 0.00859375 0.015625
4 0.6453125 0.1734375 0.01171875 0.015625
4 0.65625 0.12578125 0.0046875 0.02109375
4 0.65078125 0.12890625 0.00546875 0.01875
4 0.6625 0.12578125 0.00546875 0.01953125