0 0.2578125 0.0203125 0.01171875 0.0265625
2 0.28515625 0.07109375 0.01953125 0.04140625
0 0.2984375 0.06796875 0.01328125 0.02421875
2 0.303125 0.015625 0.0203125 0.03125
2 0.32109375 0.053125 0.02109375 0.040625
2 0.34609375 0.0390625 0.0203125 0.0390625
2 0.34453125 0.10703125 0.015625 0.03359375
2 0.36171875 0.14375 0.01796875 0.03515625
2 0.3859375 0.19140625 0.01640625 0.03359375
2 0.3890625 0.134375 0.01796875 0.03515625
3 0.41015625 0.18671875 0.015625 0.034375
2 0.41328125 0.22578125 0.01875 0.03828125
2 0.3875 0.2421875 0.01796875 0.03515625
2 0.42890625 0.128125 0.0203125 0.03125
4 0.3578125 0.08046875 0.00703125 0.01484375
4 0.36640625 0.0984375 0.00859375 0.01953125
4 0.428125 0.1859375 0.009375 0.01328125
4 0.421875 0.16484375 0.00859375 0.0140625
4 0.42890625 0.2109375 0.0046875 0.01484375
4 0.434375 0.21640625 0.00546875 0.015625
0 0.4484375 0.2265625 0.0140625 0.02578125
4 0.43046875 0.26484375 0.00625 0.015625
4 0.39609375 0.27578125 0.00859375 0.01484375
4 0.36640625 0.265625 0.0046875 0.0140625
2 0.4484375 0.259375 0.01640625 0.03125
2 0.4484375 0.29921875 0.01640625 0.03515625
2 0.409375 0.31796875 0.015625 0.034375
2 0.396875 0.3625 0.015625 0.03671875
2 0.4625 0.35390625 0.01953125 0.0390625
2 0.43671875 0.353125 0.01640625 0.034375
4 0.40859375 0.34375 0.00703125 0.01328125
4 0.421875 0.375 0.00703125 0.01484375
4 0.43359375 0.38359375 0.009375 0.0140625
4 0.46484375 0.39765625 0.00546875 0.01640625
4 0.47578125 0.39375 0.00546875 0.015625
4 0.490625 0.40546875 0.00546875 0.01796875
6 0.471875 0.3171875 0.025 0.05546875
4 0.27734375 0.02109375 0.00859375 0.0140625
4 0.28125 0.03984375 0.00625 0.0140625
4 0.259375 0.04921875 0.00703125 0.015625
4 0.3734375 0.11875 0.00703125 0.0140625
2 0.484375 0.4328125 0.01328125 0.04453125
2 0.41953125 0.43828125 0.01015625 0.03984375
0 0.5609375 0.5125 0.01015625 0.025
4 0.48203125 0.5015625 0.00546875 0.015625
2 0.4390625 0.596875 0.0234375 0.01953125
2 0.39609375 0.540625 0.01796875 0.02890625
0 0.3375 0.5234375 0.0140625 0.01953125
4 0.32890625 0.5359375 0.00703125 0.015625
2 0.38671875 0.59921875 0.01640625 0.0265625
2 0.35859375 0.59921875 0.01796875 0.0296875
2 0.3703125 0.61640625 0.01796875 0.028125
3 0.35859375 0.6484375 0.01875 0.0296875
2 0.3328125 0.63828125 0.01875 0.03125
2 0.34296875 0.6796875 0.01875 0.03046875
2 0.3 0.69375 0.01640625 0.03046875
0 0.22890625 0.6890625 0.0140625 0.021875
2 0.19609375 0.68125 0.01875 0.0390625
2 0.16875 0.7296875 0.01875 0.034375
2 0.184375 0.78828125 0.01640625 0.02890625
2 0.3171875 0.7109375 0.01640625 0.03046875
6 0.2921875 0.74921875 0.0296875 0.0484375
2 0.26953125 0.78359375 0.02109375 0.03359375
2 0.25 0.7765625 0.01640625 0.02421875
2 0.25078125 0.81328125 0.0203125 0.03203125
2 0.215625 0.834375 0.0203125 0.03515625
2 0.21328125 0.878125 0.01875 0.03046875
2 0.190625 0.87421875 0.01953125 0.03125
2 0.196875 0.90546875 0.01796875 0.0296875
2 0.20859375 0.9609375 0.01640625 0.03125
2 0.165625 0.91796875 0.01953125 0.03046875
2 0.140625 0.953125 0.02109375 0.0296875
2 0.14140625 0.98828125 0.0203125 0.0234375
4 0.18984375 0.96328125 0.00703125 0.01171875
4 0.17421875 0.8875 0.00703125 0.01328125
4 0.32734375 0.7765625 0.00859375 0.01171875
4 0.284375 0.72265625 0.00859375 0.01015625
4 0.3015625 0.71796875 0.00703125 0.009375
4 0.23359375 0.7640625 0.00703125 0.01015625
4 0.26171875 0.6390625 0.00703125 0.01171875
4 0.31484375 0.65703125 0.00859375 0.01484375
4 0.31796875 0.69375 0.00859375 0.00859375
4 0.29609375 0.66875 0.00859375 0.00703125
4 0.328125 0.665625 0.00703125 0.01171875
4 0.32578125 0.68359375 0.00859375 0.01171875
4 0.3453125 0.65625 0.00703125 0.01171875
0 0.36171875 0.703125 0.01171875 0.0203125
4 0.38203125 0.58046875 0.00703125 0.01015625
2 0.33125 0.88203125 0.0140625 0.03046875
0 0.53125 0.2015625 0.0140625 0.0203125
4 0.58203125 0.2140625 0.01015625 0.01015625
4 0.6234375 0.21171875 0.01015625 0.0109375
2 0.6859375 0.165625 0.01796875 0.02578125
0 0.66796875 0.09296875 0.01171875 0.025
0 0.68125 0.08125 0.01484375 0.01953125
2 0.7265625 0.02890625 0.0203125 0.03203125
2 0.75625 0.075 0.01796875 0.0296875
6 0.83203125 0.13828125 0.02578125 0.0359375
4 0.7609375 0.184375 0.00859375 0.0109375
4 0.69296875 0.271875 0.009375 0.01328125
4 0.715625 0.28828125 0.00859375 0.01171875
4 0.69140625 0.31875 0.00859375 0.01484375
4 0.6765625 0.3390625 0.00859375 0.01640625
2 0.68671875 0.2484375 0.01796875 0.03125
2 0.671875 0.27578125 0.01796875 0.028125
5 0.65 0.32578125 0.03359375 0.05625
3 0.646875 0.37109375 0.0203125 0.03515625
2 0.621875 0.3765625 0.01796875 0.02890625
2 0.63203125 0.40078125 0.0140625 0.028125
2 0.60703125 0.41171875 0.01796875 0.0359375
4 0.61484375 0.453125 0.00859375 0.01484375
4 0.62109375 0.3984375 0.00703125 0.01484375
4 0.72578125 0.20390625 0.00859375 0.0140625
2 0.8734375 0.19140625 0.0140625 0.03359375
2 0.23671875 0.51640625 0.01640625 0.0359375
1 0.59140625 0.7265625 0.03828125 0.08203125
0 0.59375 0.625 0.01171875 0.02421875
0 0.5671875 0.6546875 0.0109375 0.021875
0 0.5484375 0.68828125 0.0109375 0.021875
0 0.5578125 0.71953125 0.0109375 0.021875
4 0.57734375 0.67265625 0.00703125 0.01484375
4 0.55546875 0.6453125 0.00546875 0.01015625
4 0.5578125 0.659375 0.00703125 0.01171875
4 0.565625 0.67265625 0.00546875 0.01328125
4 0.56796875 0.68828125 0.00546875 0.01328125
4 0.56640625 0.70546875 0.00546875 0.01796875
4 0.54296875 0.66875 0.00703125 0.0140625
4 0.53359375 0.678125 0.00703125 0.0140625
4 0.5765625 0.58671875 0.00703125 0.0140625
2 0.6953125 0.66875 0.01640625 0.03515625
2 0.70703125 0.703125 0.0140625 0.0296875
4 0.68515625 0.7796875 0.00625 0.01640625
0 0.78203125 0.98984375 0.0109375 0.0203125
4 0.75546875 0.92109375 0.00859375 0.0140625
2 0.91875 0.0109375 0.0203125 0.01953125