2 0.01796875 0.03984375 0.01953125 0.05
4 0.03046875 0.00859375 0.01015625 0.01640625
4 0.0046875 0.05 0.00859375 0.01953125
4 0.00625 0.06875 0.009375 0.01640625
2 0.0890625 0.0390625 0.01953125 0.04609375
2 0.04375 0.22109375 0.01796875 0.04296875
2 0.15390625 0.259375 0.0203125 0.0359375
3 0.0703125 0.3234375 0.02578125 0.06875
0 0.0296875 0.27578125 0.0140625 0.021875
4 0.009375 0.271875 0.0109375 0.0203125
2 0.009375 0.3109375 0.01875 0.05078125
0 0.19609375 0.371875 0.01953125 0.0203125
4 0.23671875 0.41328125 0.01328125 0.01640625
2 0.49921875 0.36640625 0.025 0.02421875
2 0.68984375 0.421875 0.0234375 0.0203125
2 0.76953125 0.1734375 0.025 0.02421875
2 0.7765625 0.25625 0.0296875 0.025
2 0.9796875 0.49453125 0.0296875 0.03125
0 0.8890625 0.5359375 0.0203125 0.025
4 0.5328125 0.559375 0.01484375 0.0140625
6 0.4671875 0.590625 0.040625 0.03984375
2 0.42109375 0.50390625 0.02890625 0.02578125
4 0.36875 0.56015625 0.01875 0.01640625
2 0.22109375 0.53984375 0.02890625 0.02578125
2 0.15546875 0.509375 0.0234375 0.021875
2 0.125 0.515625 0.02578125 0.02890625
2 0.103125 0.540625 0.02421875 0.02109375
3 0.1015625 0.51640625 0.0203125 0.0234375
2 0.07421875 0.515625 0.0296875 0.02421875
2 0.0765625 0.54296875 0.02421875 0.0203125
0 0.07734375 0.5640625 0.01796875 0.01484375
4 0.10390625 0.5546875 0.0109375 0.0109375
2 0.0453125 0.5203125 0.02109375 0.01796875
4 0.0375 0.5046875 0.0109375 0.00859375
4 0.09140625 0.55546875 0.009375 0.00859375
4 0.0375 0.534375 0.0109375 0.01171875
2 0.04296875 0.55078125 0.02578125 0.0203125
2 0.0453125 0.5703125 0.02421875 0.01640625
4 0.03046875 0.60390625 0.01015625 0.009375
4 0.0640625 0.559375 0.009375 0.00859375
4 0.06484375 0.56953125 0.01015625 0.00859375
4 0.065625 0.57890625 0.01328125 0.00546875
4 0.053125 0.5859375 0.009375 0.01015625
4 0.0421875 0.5859375 0.01328125 0.01171875