1 0.2890625 0.646875 0.0546875 0.02890625
1 0.23125 0.653125 0.05625 0.02890625
2 0.14453125 0.69609375 0.021875 0.01953125
2 0.12265625 0.84453125 0.02421875 0.02578125
2 0.22890625 0.8015625 0.0234375 0.021875
2 0.27265625 0.7796875 0.0234375 0.021875
2 0.41796875 0.80546875 0.01875 0.01796875
2 0.50234375 0.7265625 0.015625 0.0390625
2 0.52421875 0.62578125 0.01171875 0.0390625
2 0.57421875 0.8796875 0.021875 0.0234375
1 0.40234375 0.85703125 0.05703125 0.040625
2 0.765625 0.859375 0.021875 0.0203125
2 0.80078125 0.81484375 0.0234375 0.0203125
0 0.14921875 0.94453125 0.01640625 0.015625
3 0.32578125 0.80625 0.02109375 0.01796875
0 0.51875 0.93828125 0.01328125 0.0109375
0 0.68671875 0.89140625 0.01796875 0.01953125
0 0.7984375 0.8984375 0.01640625 0.01640625
0 0.4765625 0.65703125 0.01015625 0.02578125
4 0.48828125 0.16640625 0.0046875 0.0203125
4 0.52109375 0.67890625 0.0046875 0.01640625
4 0.51328125 0.73046875 0.00546875 0.01796875
4 0.47109375 0.78046875 0.01171875 0.01015625
4 0.53515625 0.8046875 0.01171875 0.01171875
4 0.5421875 0.78671875 0.01015625 0.0109375
4 0.58125 0.76953125 0.0140625 0.01171875
4 0.4515625 0.90078125 0.0109375 0.01015625
4 0.496875 0.91171875 0.00859375 0.01171875
4 0.5609375 0.83671875 0.0109375 0.01328125
4 0.64453125 0.65625 0.01015625 0.0109375
4 0.678125 0.68671875 0.01171875 0.009375
4 0.7078125 0.67421875 0.009375 0.01171875
4 0.73046875 0.67578125 0.0109375 0.01015625
4 0.8515625 0.73359375 0.0109375 0.009375
4 0.8828125 0.78203125 0.0109375 0.0109375
4 0.96640625 0.85703125 0.01484375 0.01171875
4 0.93671875 0.89453125 0.0140625 0.01171875
4 0.90390625 0.896875 0.01484375 0.01171875
4 0.86640625 0.88671875 0.0140625 0.01171875
4 0.85078125 0.875 0.01328125 0.0109375
4 0.70703125 0.7984375 0.0109375 0.01015625
4 0.6734375 0.77421875 0.0109375 0.00859375
4 0.6734375 0.7609375 0.01015625 0.01015625
4 0.7078125 0.87890625 0.01171875 0.01640625
4 0.68125 0.87421875 0.01171875 0.01328125
4 0.63515625 0.846875 0.01328125 0.01328125
4 0.1171875 0.93984375 0.0109375 0.009375
4 0.1375 0.8765625 0.01328125 0.01171875
4 0.265625 0.8796875 0.0109375 0.015625
4 0.22890625 0.76953125 0.0140625 0.0109375
4 0.27890625 0.68671875 0.0140625 0.01484375
4 0.05703125 0.69375 0.01171875 0.00859375
4 0.4171875 0.784375 0.0140625 0.01484375
4 0.86953125 0.85546875 0.0140625 0.01796875