2 0.35625 0.2890625 0.015625 0.0109375
2 0.50703125 0.26640625 0.00859375 0.021875
2 0.521875 0.32578125 0.00546875 0.025
2 0.53203125 0.32421875 0.00546875 0.02890625
2 0.5734375 0.315625 0.00859375 0.025
2 0.5828125 0.315625 0.00703125 0.02421875
4 0.58359375 0.2953125 0.003125 0.0140625
4 0.5609375 0.290625 0.003125 0.01484375
4 0.55703125 0.28984375 0.003125 0.0140625
4 0.553125 0.29296875 0.003125 0.01328125
4 0.5625 0.2765625 0.003125 0.01171875
4 0.58359375 0.2796875 0.00390625 0.01328125
4 0.59453125 0.3015625 0.003125 0.01640625
4 0.59921875 0.2984375 0.003125 0.01328125
4 0.54375 0.2765625 0.003125 0.01328125
4 0.540625 0.27578125 0.003125 0.01484375
4 0.54609375 0.2765625 0.0015625 0.0109375
4 0.5328125 0.2765625 0.003125 0.01328125
4 0.5828125 0.23671875 0.003125 0.0140625
4 0.58046875 0.23671875 0.003125 0.0140625
4 0.59140625 0.228125 0.003125 0.01171875
4 0.596875 0.23828125 0.003125 0.01328125
4 0.5890625 0.240625 0.003125 0.01171875
4 0.55625 0.22578125 0.003125 0.01171875
4 0.9890625 0.2328125 0.00625 0.009375
0 0.9234375 0.38359375 0.01015625 0.0109375
0 0.8640625 0.22421875 0.00546875 0.01640625
3 0.8609375 0.04140625 0.009375 0.0453125
5 0.734375 0.38046875 0.04296875 0.01640625
5 0.67734375 0.38125 0.040625 0.01875
2 0.2109375 0.471875 0.01640625 0.01171875
2 0.29140625 0.49921875 0.0140625 0.0109375
2 0.40859375 0.4984375 0.01328125 0.0109375
6 0.321875 0.5484375 0.02578125 0.01484375
5 0.31640625 0.5671875 0.03828125 0.015625
4 0.3484375 0.55390625 0.0046875 0.00703125
3 0.38046875 0.48125 0.0140625 0.01171875
6 0.478125 0.5390625 0.034375 0.015625
4 0.48046875 0.56484375 0.00625 0.00546875
4 0.5359375 0.55 0.00703125 0.00625
4 0.58125 0.60390625 0.00703125 0.00703125
3 0.53828125 0.48671875 0.0234375 0.01640625
2 0.50703125 0.553125 0.0140625 0.01171875
2 0.54453125 0.6 0.0140625 0.01171875
5 0.634375 0.47109375 0.0515625 0.01640625
6 0.65703125 0.53515625 0.0296875 0.01796875
3 0.6703125 0.44921875 0.0140625 0.0109375
2 0.6984375 0.58125 0.01328125 0.01171875
4 0.75546875 0.575 0.00625 0.00546875
4 0.8421875 0.58984375 0.00625 0.00859375
0 0.76953125 0.59140625 0.009375 0.00859375
0 0.83828125 0.60078125 0.0109375 0.00859375
3 0.90625 0.59921875 0.01796875 0.015625
0 0.928125 0.60390625 0.0109375 0.00859375
5 0.975 0.55859375 0.05 0.01953125
4 0.96875 0.45 0.00625 0.00625
4 0.98828125 0.58359375 0.00703125 0.00703125
4 0.98046875 0.57890625 0.00625 0.00546875
4 0.96796875 0.68046875 0.00703125 0.00859375
4 0.96796875 0.85703125 0.00625 0.0109375
4 0.9953125 0.896875 0.00390625 0.0109375
4 0.9890625 0.8984375 0.0046875 0.01328125
2 0.99296875 0.92109375 0.009375 0.021875
2 0.97265625 0.8984375 0.00703125 0.021875
2 0.96484375 0.9046875 0.00703125 0.0265625
2 0.98046875 0.87109375 0.009375 0.02578125
2 0.95625 0.8109375 0.0109375 0.0140625
2 0.95546875 0.79609375 0.009375 0.0140625
6 0.903125 0.63671875 0.03671875 0.01796875
4 0.89921875 0.61640625 0.00625 0.00625
0 0.8390625 0.64453125 0.0109375 0.01015625
3 0.77421875 0.853125 0.0203125 0.015625
3 0.73203125 0.896875 0.00859375 0.03125
0 0.771875 0.66640625 0.01484375 0.01484375
2 0.73515625 0.6515625 0.00625 0.0203125
2 0.6828125 0.634375 0.00546875 0.0234375
2 0.6953125 0.66875 0.00859375 0.0234375
2 0.68984375 0.63125 0.00625 0.0234375
3 0.6984375 0.61953125 0.00703125 0.01953125
4 0.6109375 0.60390625 0.00546875 0.00703125
2 0.59296875 0.621875 0.0109375 0.0109375
6 0.50859375 0.61953125 0.02578125 0.01796875
4 0.434375 0.60703125 0.00546875 0.00625
5 0.29453125 0.63359375 0.03046875 0.01796875
5 0.1625 0.64296875 0.03359375 0.01796875
5 0.13828125 0.678125 0.034375 0.01953125
2 0.0234375 0.8296875 0.00859375 0.0203125
5 0.05390625 0.746875 0.0109375 0.04921875
5 0.0828125 0.734375 0.01328125 0.04921875
5 0.05078125 0.93359375 0.01015625 0.04375