2 0.15078125 0.26171875 0.02109375 0.04140625
2 0.0140625 0.04375 0.01953125 0.0484375
2 0.0203125 0.0109375 0.0109375 0.01875
2 0.046875 0.1359375 0.021875 0.05078125
2 0.0328125 0.1875 0.01640625 0.04375
2 0.04609375 0.19921875 0.01953125 0.040625
2 0.01953125 0.2390625 0.01875 0.05078125
2 0.0359375 0.24296875 0.01875 0.04375
0 0.02578125 0.28203125 0.015625 0.028125
4 0.00703125 0.27578125 0.01328125 0.01953125
3 0.06796875 0.328125 0.02578125 0.065625
4 0.06796875 0.38203125 0.015625 0.0109375
0 0.1921875 0.375 0.0203125 0.01796875
4 0.25390625 0.40859375 0.01640625 0.01484375
4 0.25703125 0.36875 0.01171875 0.0109375
3 0.034375 0.5234375 0.02890625 0.0234375
2 0.00859375 0.54609375 0.015625 0.01875
2 0.0140625 0.5734375 0.02578125 0.02421875
2 0.08359375 0.54921875 0.02578125 0.021875
4 0.26015625 0.51171875 0.01796875 0.01640625
6 0.24453125 0.546875 0.06796875 0.034375
2 0.36484375 0.55625 0.0265625 0.025
4 0.42578125 0.5640625 0.01484375 0.0140625
4 0.46171875 0.559375 0.01328125 0.015625
6 0.46484375 0.590625 0.04140625 0.02890625
2 0.4984375 0.36640625 0.025 0.02421875
2 0.76875 0.171875 0.0265625 0.025
2 0.7765625 0.253125 0.02890625 0.02578125
2 0.65390625 0.53515625 0.02578125 0.028125
4 0.73671875 0.41484375 0.0140625 0.01796875
4 0.85703125 0.4046875 0.01484375 0.01484375
0 0.93203125 0.43046875 0.01875 0.01875