2 0.59609375 0.34453125 0.02578125 0.0265625
4 0.6265625 0.346875 0.0109375 0.015625
2 0.53828125 0.4 0.0203125 0.01640625
2 0.4984375 0.49375 0.01484375 0.0453125
2 0.51171875 0.6109375 0.01015625 0.03671875
2 0.56796875 0.88515625 0.0140625 0.040625
2 0.60078125 0.81640625 0.01875 0.0203125
4 0.54453125 0.82890625 0.00703125 0.02109375
0 0.5703125 0.790625 0.009375 0.025
4 0.56796875 0.56640625 0.00859375 0.01796875
4 0.58671875 0.540625 0.009375 0.00859375
4 0.60546875 0.73984375 0.009375 0.01015625
2 0.7296875 0.3609375 0.0265625 0.02109375
2 0.71328125 0.41875 0.025 0.02109375
0 0.8828125 0.40078125 0.021875 0.02578125
2 0.7859375 0.5609375 0.0140625 0.03359375
2 0.73828125 0.5609375 0.02578125 0.025
2 0.77890625 0.246875 0.0203125 0.02109375
2 0.890625 0.4953125 0.0203125 0.021875
2 0.9140625 0.503125 0.01953125 0.01640625
4 0.9859375 0.478125 0.01171875 0.015625
4 0.93671875 0.5078125 0.01015625 0.01796875
5 0.97734375 0.5390625 0.0203125 0.06875
0 0.471875 0.034375 0.01015625 0.025
0 0.484375 0.1890625 0.01171875 0.028125
2 0.50625 0.13984375 0.0140625 0.03828125
2 0.50703125 0.21484375 0.01171875 0.03515625
4 0.54453125 0.21953125 0.00703125 0.02109375
2 0.015625 0.0671875 0.02578125 0.02421875
2 0.05703125 0.178125 0.015625 0.04296875
2 0.221875 0.1203125 0.0234375 0.02421875
0 0.07421875 0.07734375 0.01640625 0.0296875
0 0.146875 0.04453125 0.01875 0.021875
2 0.39921875 0.20078125 0.025 0.028125
0 0.31796875 0.1609375 0.0140625 0.021875
0 0.43046875 0.2125 0.0140625 0.01640625
3 0.428125 0.24296875 0.02421875 0.03203125
2 0.3703125 0.31171875 0.021875 0.025
2 0.44375 0.36171875 0.01953125 0.0265625
2 0.3984375 0.315625 0.021875 0.02421875
2 0.371875 0.340625 0.01484375 0.03046875
2 0.35234375 0.32734375 0.01171875 0.03359375
2 0.396875 0.34296875 0.025 0.021875
2 0.421875 0.390625 0.01484375 0.03671875
2 0.40546875 0.3640625 0.01171875 0.040625
2 0.42890625 0.40390625 0.009375 0.0359375
3 0.43828125 0.4046875 0.009375 0.040625
2 0.059375 0.5796875 0.01640625 0.03125
2 0.02890625 0.6171875 0.02109375 0.02109375
4 0.046875 0.584375 0.00546875 0.01796875
4 0.04140625 0.59453125 0.00546875 0.01484375
4 0.4921875 0.0234375 0.01015625 0.0203125
4 0.10625 0.121875 0.01015625 0.0140625
4 0.51484375 0.40546875 0.01015625 0.01171875