4 0.11015625 0.75546875 0.0140625 0.021875
4 0.06875 0.87109375 0.01640625 0.0203125
4 0.178125 0.90546875 0.01640625 0.021875
4 0.34453125 0.88671875 0.0203125 0.025
2 0.37578125 0.85 0.034375 0.0359375
2 0.290625 0.79609375 0.0265625 0.02578125
2 0.5109375 0.540625 0.01796875 0.05703125
4 0.471875 0.67578125 0.01171875 0.03359375
4 0.02578125 0.68203125 0.01875 0.02109375
3 0.7234375 0.8125 0.03515625 0.03203125
2 0.66953125 0.753125 0.02578125 0.02578125
2 0.66328125 0.85078125 0.0296875 0.028125
2 0.7640625 0.8546875 0.03046875 0.03046875
2 0.96640625 0.69375 0.02421875 0.021875
0 0.59921875 0.8484375 0.02109375 0.0234375
4 0.91796875 0.76875 0.01484375 0.0234375
4 0.7578125 0.890625 0.015625 0.01953125
4 0.67578125 0.8828125 0.01484375 0.0234375
4 0.6515625 0.90390625 0.01875 0.025
4 0.96171875 0.7734375 0.01875 0.01953125
4 0.98359375 0.78203125 0.015625 0.0203125
4 0.96953125 0.86796875 0.01953125 0.0234375
2 0.51796875 0.37890625 0.01796875 0.04453125
4 0.521875 0.446875 0.01171875 0.0296875
3 0.95703125 0.8109375 0.03125 0.03125
1 0.4109375 0.79921875 0.06640625 0.04921875