2 0.61875 0.87421875 0.009375 0.0296875
2 0.61953125 0.646875 0.01015625 0.03046875
2 0.69375 0.578125 0.01640625 0.015625
2 0.71328125 0.57578125 0.01953125 0.01875
2 0.69296875 0.54609375 0.01796875 0.01484375
2 0.690625 0.5171875 0.015625 0.015625
2 0.71953125 0.51171875 0.01640625 0.01484375
2 0.73828125 0.50625 0.01796875 0.0140625
2 0.759375 0.5140625 0.01796875 0.01171875
2 0.74296875 0.53046875 0.015625 0.0109375
2 0.72109375 0.52734375 0.01953125 0.0140625
2 0.7515625 0.5671875 0.01953125 0.01484375
2 0.7734375 0.5484375 0.01875 0.0140625
2 0.7796875 0.5015625 0.01640625 0.0140625
2 0.7984375 0.49453125 0.02109375 0.01484375
2 0.7984375 0.51171875 0.01875 0.01796875
2 0.790625 0.55703125 0.0203125 0.015625
2 0.82109375 0.54453125 0.01640625 0.015625
2 0.82109375 0.50859375 0.0203125 0.01484375
2 0.83828125 0.49140625 0.02109375 0.01484375
2 0.84140625 0.5109375 0.01875 0.01484375
2 0.846875 0.521875 0.0203125 0.01796875
2 0.8546875 0.5359375 0.01953125 0.01875
2 0.87265625 0.5359375 0.01796875 0.015625
2 0.8734375 0.50390625 0.01875 0.01953125
2 0.86875 0.4890625 0.01796875 0.0140625
2 0.90625 0.47890625 0.01875 0.01875
2 0.91640625 0.51796875 0.01640625 0.01484375
2 0.890625 0.5234375 0.02109375 0.01875
2 0.93984375 0.51796875 0.01875 0.015625
2 0.9625 0.509375 0.021875 0.02109375
1 0.9546875 0.4734375 0.05546875 0.03125
0 0.98203125 0.4890625 0.015625 0.0140625
4 0.9046875 0.49921875 0.01171875 0.01171875
4 0.8859375 0.5515625 0.01171875 0.01171875
4 0.81171875 0.53203125 0.00859375 0.009375
4 0.80546875 0.52890625 0.00859375 0.00703125
4 0.803125 0.540625 0.00859375 0.00703125
4 0.80390625 0.5484375 0.00859375 0.00625
4 0.81640625 0.559375 0.00859375 0.01015625
4 0.6578125 0.55859375 0.00859375 0.00625
4 0.6796875 0.5390625 0.009375 0.00859375
4 0.68046875 0.5078125 0.00859375 0.00625
4 0.67890625 0.553125 0.00859375 0.009375
4 0.6859375 0.55625 0.00859375 0.00859375
4 0.69375 0.55703125 0.00859375 0.00859375
4 0.6890625 0.56796875 0.00703125 0.00859375
4 0.703125 0.559375 0.00859375 0.00625
4 0.7078125 0.5640625 0.00859375 0.00703125
4 0.70390625 0.553125 0.00859375 0.00625
4 0.6859375 0.52890625 0.00859375 0.00625
4 0.73359375 0.5234375 0.00859375 0.00859375
4 0.74375 0.51875 0.009375 0.00859375
4 0.74609375 0.54140625 0.00859375 0.00546875
4 0.72734375 0.54296875 0.00859375 0.009375
4 0.72578125 0.55546875 0.00859375 0.00703125
4 0.70546875 0.53828125 0.009375 0.00859375
0 0.73046875 0.56328125 0.01171875 0.01171875
0 0.68046875 0.56796875 0.01171875 0.01015625
0 0.70546875 0.5078125 0.01015625 0.01015625
0 0.69609375 0.53203125 0.01015625 0.01015625
0 0.73203125 0.5734375 0.01171875 0.01015625
0 0.74140625 0.55625 0.01171875 0.0109375
0 0.78671875 0.5421875 0.01015625 0.01015625
0 0.80703125 0.55859375 0.01171875 0.01171875
0 0.8125 0.521875 0.01328125 0.01015625
0 0.834375 0.54296875 0.01171875 0.01171875
0 0.75546875 0.50078125 0.01328125 0.01171875
4 0.85078125 0.4984375 0.01171875 0.009375
4 0.7515625 0.54609375 0.00859375 0.00703125
3 0.76796875 0.528125 0.021875 0.01953125
3 0.790625 0.52890625 0.02109375 0.0140625
0 0.65078125 0.41484375 0.01171875 0.01484375
0 0.65390625 0.37421875 0.01328125 0.0140625
2 0.69921875 0.41171875 0.015625 0.01875
2 0.66015625 0.43046875 0.01640625 0.02109375
2 0.7890625 0.403125 0.01875 0.01953125
2 0.7796875 0.3328125 0.009375 0.028125
2 0.8265625 0.33828125 0.01796875 0.01640625
2 0.87578125 0.359375 0.0203125 0.01796875
2 0.90859375 0.36015625 0.0203125 0.01796875
2 0.975 0.3765625 0.01796875 0.01953125
2 0.98125 0.334375 0.01796875 0.02109375
2 0.01640625 0.43828125 0.0203125 0.01640625
2 0.02421875 0.45703125 0.021875 0.015625
2 0.078125 0.465625 0.0203125 0.01875
2 0.1015625 0.44921875 0.01796875 0.01875
1 0.12265625 0.509375 0.05703125 0.025
0 0.1515625 0.41484375 0.01171875 0.01484375
2 0.171875 0.475 0.01875 0.015625
2 0.19296875 0.3140625 0.01328125 0.03125
2 0.30390625 0.4609375 0.01796875 0.01875
0 0.28984375 0.44609375 0.01484375 0.015625
0 0.1921875 0.359375 0.01015625 0.021875
0 0.23828125 0.303125 0.01015625 0.01875
4 0.2234375 0.31875 0.009375 0.01640625
4 0.18984375 0.3421875 0.00625 0.01484375
4 0.1828125 0.39140625 0.00859375 0.01484375
4 0.171875 0.40546875 0.00859375 0.01015625
4 0.35078125 0.42421875 0.009375 0.0109375
4 0.37578125 0.42109375 0.009375 0.00703125
4 0.38203125 0.41328125 0.009375 0.00703125
4 0.40078125 0.4265625 0.009375 0.009375
4 0.38046875 0.440625 0.01328125 0.009375
4 0.3953125 0.465625 0.009375 0.009375
4 0.40546875 0.41484375 0.009375 0.0109375
4 0.4234375 0.4 0.009375 0.009375
4 0.4640625 0.38359375 0.00859375 0.0109375
4 0.44921875 0.3921875 0.01171875 0.0109375
4 0.47578125 0.40078125 0.009375 0.00859375
4 0.48203125 0.3890625 0.009375 0.00703125
4 0.51015625 0.38671875 0.00859375 0.009375
4 0.521875 0.3890625 0.01015625 0.00859375
4 0.49921875 0.403125 0.01171875 0.01015625
4 0.48203125 0.409375 0.01015625 0.009375
4 0.48359375 0.4359375 0.00859375 0.00703125
4 0.49296875 0.459375 0.01015625 0.00625
4 0.5015625 0.4609375 0.00859375 0.009375
4 0.559375 0.3890625 0.01015625 0.009375
4 0.59296875 0.39609375 0.01015625 0.01015625
4 0.6390625 0.40703125 0.00859375 0.01171875
4 0.66484375 0.38359375 0.00859375 0.0109375
4 0.784375 0.36796875 0.01015625 0.009375
4 0.8234375 0.39453125 0.009375 0.01015625
2 0.47578125 0.42578125 0.01796875 0.01328125
2 0.446875 0.40859375 0.01796875 0.0140625
2 0.4671875 0.409375 0.015625 0.0109375
2 0.49609375 0.4125 0.01640625 0.01484375
2 0.50078125 0.4484375 0.01640625 0.01328125
2 0.45625 0.43828125 0.015625 0.01484375
2 0.4453125 0.425 0.01875 0.015625
2 0.43671875 0.4453125 0.01796875 0.01171875
2 0.45078125 0.4609375 0.01640625 0.01328125
1 0.50078125 0.48828125 0.040625 0.02578125
4 0.440625 0.45625 0.009375 0.00859375
4 0.4859375 0.4484375 0.00859375 0.00625
0 0.47265625 0.44453125 0.01015625 0.01171875
0 0.4859375 0.39765625 0.01171875 0.0109375
0 0.47890625 0.45703125 0.01015625 0.009375
0 0.46640625 0.45703125 0.0109375 0.00859375
0 0.4984375 0.434375 0.01015625 0.0109375
0 0.56484375 0.3765625 0.01171875 0.01171875