2 0.53515625 0.62890625 0.01640625 0.0390625
0 0.53828125 0.684375 0.01796875 0.03671875
4 0.46796875 0.70390625 0.01953125 0.02890625
2 0.50703125 0.865625 0.0203125 0.04375
4 0.5328125 0.90234375 0.0109375 0.025
2 0.45703125 0.82109375 0.01484375 0.0359375
2 0.090625 0.55859375 0.02890625 0.03671875
2 0.0453125 0.553125 0.02578125 0.03125
2 0.03671875 0.58203125 0.0296875 0.03203125
2 0.034375 0.66953125 0.028125 0.0296875
4 0.4109375 0.37265625 0.015625 0.01875
4 0.33046875 0.328125 0.01640625 0.021875
0 0.3515625 0.36171875 0.02109375 0.02890625
2 0.39140625 0.34453125 0.025 0.03046875
2 0.4203125 0.33359375 0.025 0.0296875
2 0.50703125 0.34140625 0.0296875 0.03203125
2 0.5546875 0.346875 0.02578125 0.0359375
3 0.28203125 0.35625 0.025 0.0265625
2 0.48671875 0.38671875 0.02421875 0.02890625
2 0.43125 0.40078125 0.021875 0.03828125
6 0.57109375 0.421875 0.02890625 0.0453125
4 0.58046875 0.3890625 0.01875 0.021875
4 0.60625 0.4046875 0.0203125 0.021875
3 0.5984375 0.4203125 0.02421875 0.03359375
3 0.634375 0.4359375 0.0234375 0.03125
3 0.58671875 0.34765625 0.02421875 0.0296875
2 0.68125 0.35859375 0.03046875 0.03359375
1 0.54296875 0.246875 0.0515625 0.04140625
3 0.6359375 0.2109375 0.01796875 0.02578125
4 0.5765625 0.19140625 0.0203125 0.025
4 0.603125 0.190625 0.01640625 0.0234375
0 0.5296875 0.17421875 0.0203125 0.028125
4 0.4875 0.18125 0.01640625 0.0234375
4 0.50625 0.1765625 0.0140625 0.02421875
1 0.671875 0.23828125 0.0609375 0.04140625
4 0.759375 0.2140625 0.01875 0.01796875
4 0.8859375 0.23984375 0.02109375 0.01953125
4 0.89921875 0.2578125 0.01640625 0.02421875
2 0.77890625 0.15546875 0.01640625 0.04296875
2 0.83828125 0.18046875 0.02578125 0.028125
2 0.915625 0.20234375 0.03046875 0.02578125
2 0.821875 0.02734375 0.01796875 0.04609375
4 0.6984375 0.1265625 0.00859375 0.025
4 0.7078125 0.1265625 0.01171875 0.02421875
2 0.54140625 0.0109375 0.01796875 0.02109375
2 0.62578125 0.01328125 0.01640625 0.0265625
2 0.5609375 0.084375 0.025 0.0484375
0 0.50625 0.14296875 0.02109375 0.034375
2 0.5484375 0.19921875 0.0234375 0.02578125
0 0.040625 0.01171875 0.01875 0.0234375
4 0.028125 0.04609375 0.01640625 0.025
4 0.0328125 0.07890625 0.01796875 0.021875
4 0.01328125 0.06328125 0.01640625 0.01796875
4 0.01171875 0.07578125 0.01875 0.02109375
2 0.12421875 0.1625 0.03046875 0.028125
2 0.02890625 0.15859375 0.028125 0.02890625
4 0.06953125 0.14140625 0.01640625 0.02578125
4 0.16875 0.11171875 0.01640625 0.0296875
4 0.21640625 0.13203125 0.01953125 0.025
4 0.2984375 0.1375 0.01796875 0.0234375
4 0.31328125 0.1234375 0.01640625 0.025
4 0.25703125 0.17734375 0.01640625 0.025
2 0.18046875 0.1859375 0.028125 0.03203125
2 0.2640625 0.2015625 0.03046875 0.0265625
0 0.44921875 0.1515625 0.01875 0.0265625
0 0.41796875 0.14296875 0.01953125 0.03046875
0 0.4171875 0.22421875 0.0203125 0.0265625
0 0.4015625 0.225 0.01875 0.0296875
0 0.3859375 0.21796875 0.01796875 0.028125
0 0.340625 0.1890625 0.01953125 0.025
2 0.3265625 0.21484375 0.0296875 0.0265625
4 0.328125 0.19921875 0.015625 0.02109375
4 0.34921875 0.203125 0.01796875 0.015625
4 0.34453125 0.21953125 0.01484375 0.0203125
4 0.340625 0.15546875 0.0140625 0.0203125
4 0.35625 0.128125 0.01640625 0.01796875
4 0.3609375 0.1515625 0.01484375 0.0234375
4 0.36875 0.14296875 0.0203125 0.01640625
4 0.375 0.15625 0.01796875 0.02109375
4 0.40703125 0.1734375 0.0140625 0.01875
4 0.40234375 0.1859375 0.01484375 0.021875
4 0.4234375 0.18828125 0.01640625 0.02109375
0 0.39375 0.1265625 0.01953125 0.0265625
0 0.37734375 0.1328125 0.0203125 0.0265625
4 0.40859375 0.128125 0.01484375 0.015625
4 0.43046875 0.15546875 0.01875 0.02109375
2 0.37421875 0.178125 0.02421875 0.03046875
2 0.396875 0.15 0.0265625 0.02890625
3 0.35703125 0.19296875 0.02578125 0.02890625
2 0.3921875 0.1984375 0.034375 0.0265625
2 0.415625 0.19921875 0.025 0.0296875
2 0.39921875 0.15234375 0.0296875 0.03125
2 0.3609375 0.21640625 0.0265625 0.0265625
4 0.88828125 0.38046875 0.01875 0.025
4 0.934375 0.40390625 0.01640625 0.025
2 0.86953125 0.4078125 0.02890625 0.034375
0 0.82734375 0.4328125 0.021875 0.02109375
0 0.809375 0.41640625 0.025 0.025
2 0.72578125 0.36171875 0.03125 0.02890625
2 0.478125 0.77265625 0.015625 0.04921875
2 0.58515625 0.4765625 0.021875 0.0390625
1 0.74609375 0.38828125 0.06953125 0.03671875
0 0.7359375 0.4125 0.0203125 0.03359375
2 0.71328125 0.43203125 0.0296875 0.0265625
2 0.68984375 0.3875 0.02578125 0.0265625
4 0.6859375 0.4015625 0.01640625 0.021875
0 0.67421875 0.4296875 0.01796875 0.03046875
2 0.6578125 0.3828125 0.02578125 0.0296875
2 0.640625 0.3546875 0.0234375 0.02890625
1 0.615625 0.378125 0.05703125 0.04453125
4 0.46328125 0.56328125 0.01328125 0.028125
4 0.48046875 0.52421875 0.015625 0.028125
4 0.48125 0.50390625 0.0140625 0.03125
4 0.49375 0.490625 0.015625 0.03359375
4 0.484375 0.48515625 0.009375 0.0296875
4 0.478125 0.4859375 0.0109375 0.025
2 0.48828125 0.53203125 0.0140625 0.0453125
2 0.50078125 0.5078125 0.01640625 0.04921875
1 0.23515625 0.33125 0.065625 0.03984375
4 0.23828125 0.35234375 0.01640625 0.0265625
2 0.2734375 0.31171875 0.0265625 0.02890625
2 0.203125 0.3 0.02890625 0.03125
4 0.17734375 0.315625 0.01484375 0.02109375
4 0.16875 0.3234375 0.01640625 0.02578125
4 0.1296875 0.35 0.015625 0.02109375
1 0.11328125 0.31171875 0.07578125 0.04453125
0 0.14375 0.33828125 0.025 0.0296875
3 0.34453125 0.4078125 0.0234375 0.02890625
4 0.33046875 0.41640625 0.0140625 0.01875
4 0.29921875 0.58203125 0.01484375 0.0203125
4 0.2984375 0.5859375 0.01796875 0.01796875
4 0.29609375 0.59765625 0.01640625 0.01875
2 0.9765625 0.42109375 0.0296875 0.02890625
2 0.97578125 0.44375 0.02890625 0.028125
4 0.9953125 0.43125 0.009375 0.028125