2 0.340625 0.05546875 0.02109375 0.040625
2 0.38046875 0.0578125 0.02421875 0.0484375
2 0.353125 0.12578125 0.01796875 0.0390625
2 0.38515625 0.15859375 0.01796875 0.040625
2 0.38828125 0.19609375 0.01796875 0.03984375
2 0.41328125 0.1875 0.01875 0.04453125
2 0.409375 0.24296875 0.0203125 0.03671875
2 0.43046875 0.278125 0.02109375 0.04140625
3 0.45546875 0.2484375 0.01484375 0.03125
4 0.44296875 0.278125 0.00703125 0.01484375
4 0.45546875 0.30390625 0.00859375 0.01875
2 0.44609375 0.3203125 0.01796875 0.03515625
0 0.3609375 0.2859375 0.01328125 0.025
4 0.5703125 0.371875 0.01015625 0.01796875
2 0.565625 0.41640625 0.0234375 0.0359375
2 0.40625 0.51171875 0.0203125 0.03671875
2 0.38203125 0.56796875 0.01796875 0.02578125
3 0.34140625 0.6234375 0.01640625 0.03046875
2 0.321875 0.66328125 0.0203125 0.03046875
2 0.3421875 0.68125 0.01953125 0.0234375
2 0.2734375 0.778125 0.01875 0.0296875
2 0.27890625 0.725 0.01875 0.03671875
2 0.23828125 0.80703125 0.02421875 0.03984375
2 0.17578125 0.9015625 0.0234375 0.03203125
2 0.1984375 0.9 0.0203125 0.04296875
2 0.36953125 0.60390625 0.01875 0.03203125
2 0.3921875 0.59921875 0.02109375 0.03125
2 0.45546875 0.528125 0.0203125 0.028125
4 0.4609375 0.484375 0.01171875 0.01640625
2 0.50234375 0.45546875 0.02421875 0.02578125
4 0.503125 0.4203125 0.009375 0.01328125
4 0.53515625 0.390625 0.0109375 0.01328125
4 0.5640625 0.3515625 0.0109375 0.0140625
4 0.6578125 0.20390625 0.00859375 0.01640625
4 0.57578125 0.334375 0.00859375 0.01953125
4 0.61015625 0.40078125 0.009375 0.01328125
4 0.6203125 0.50625 0.00703125 0.01015625
4 0.63203125 0.5140625 0.00859375 0.01796875
4 0.62421875 0.528125 0.009375 0.01171875
4 0.63359375 0.49296875 0.00703125 0.01328125
4 0.64140625 0.4796875 0.00546875 0.0140625
4 0.6359375 0.4609375 0.009375 0.01015625
4 0.6765625 0.32890625 0.00859375 0.00859375
4 0.68125 0.34453125 0.00859375 0.01015625
4 0.68671875 0.33203125 0.00703125 0.01171875
4 0.6921875 0.3234375 0.00703125 0.0109375
4 0.696875 0.33671875 0.00859375 0.0140625
4 0.71328125 0.28671875 0.00625 0.0109375
4 0.7265625 0.26328125 0.00703125 0.00859375
4 0.7359375 0.25546875 0.00703125 0.009375
4 0.6640625 0.275 0.00859375 0.0140625
4 0.71875 0.22578125 0.00859375 0.01640625
4 0.7515625 0.19609375 0.00859375 0.01328125
4 0.74375 0.0875 0.00859375 0.015625
2 0.8453125 0.0140625 0.021875 0.028125
2 0.82421875 0.040625 0.0203125 0.03125
2 0.8484375 0.065625 0.01875 0.0296875
2 0.83046875 0.09921875 0.01875 0.03046875
2 0.80625 0.09609375 0.015625 0.025
2 0.78984375 0.09375 0.01796875 0.0296875
2 0.771875 0.12421875 0.0203125 0.034375
2 0.8296875 0.1484375 0.02578125 0.0359375
2 0.778125 0.171875 0.01875 0.028125
2 0.75390625 0.17578125 0.01796875 0.02890625
2 0.71796875 0.19609375 0.01875 0.02578125
2 0.715625 0.140625 0.0203125 0.034375
2 0.69921875 0.22421875 0.0203125 0.03125
2 0.75 0.22734375 0.01875 0.028125
2 0.72890625 0.24375 0.01953125 0.0234375
2 0.71171875 0.26640625 0.01640625 0.02421875
2 0.67578125 0.26796875 0.015625 0.0296875
2 0.66171875 0.29609375 0.01484375 0.0265625
2 0.68046875 0.29921875 0.01796875 0.03359375
2 0.696875 0.29921875 0.01640625 0.0265625
2 0.603125 0.42109375 0.0140625 0.025
2 0.61328125 0.459375 0.015625 0.02578125
1 0.57265625 0.68203125 0.03671875 0.0765625
2 0.6609375 0.74921875 0.01796875 0.040625
2 0.74140625 0.93671875 0.025 0.0359375
4 0.6234375 0.55703125 0.01328125 0.01640625
4 0.60625 0.55703125 0.00859375 0.0203125
4 0.7609375 0.05 0.00859375 0.01484375
0 0.68125 0.084375 0.01171875 0.01875
0 0.66953125 0.0953125 0.0109375 0.02109375
2 0.728125 0.034375 0.01796875 0.02890625
0 0.8078125 0.0640625 0.01171875 0.025
0 0.790625 0.12265625 0.01171875 0.021875
0 0.81015625 0.11953125 0.0140625 0.01796875
0 0.765625 0.19453125 0.01171875 0.021875
1 0.634375 0.35625 0.04296875 0.08515625
2 0.38515625 0.28828125 0.01484375 0.03671875
4 0.41171875 0.44140625 0.009375 0.0203125
4 0.20078125 0.8453125 0.009375 0.01640625
4 0.53984375 0.67109375 0.009375 0.01875
4 0.54921875 0.665625 0.009375 0.0203125
4 0.640625 0.49765625 0.00625 0.015625
0 0.6203125 0.48828125 0.01015625 0.02109375
2 0.653125 0.503125 0.01171875 0.0359375
0 0.6296875 0.43359375 0.01171875 0.01953125
4 0.87265625 0.040625 0.01015625 0.01953125
2 0.76640625 0.075 0.02109375 0.03359375
4 0.6546875 0.22421875 0.01171875 0.01953125
4 0.68125 0.17734375 0.00859375 0.015625
4 0.67109375 0.17734375 0.009375 0.01640625
4 0.66640625 0.2234375 0.01015625 0.01640625
4 0.63984375 0.23125 0.00859375 0.01640625
4 0.5453125 0.40078125 0.0109375 0.01640625
2 0.4171875 0.56015625 0.01953125 0.02890625
4 0.3484375 0.646875 0.0109375 0.01171875
4 0.22265625 0.84453125 0.009375 0.01484375
4 0.1515625 0.915625 0.01171875 0.01328125
4 0.146875 0.93515625 0.01171875 0.01875
4 0.453125 0.55859375 0.009375 0.015625
2 0.40546875 0.353125 0.01171875 0.0390625
2 0.32890625 0.13671875 0.01875 0.03359375
2 0.278125 0.0234375 0.02109375 0.03984375
4 0.40625 0.0890625 0.01171875 0.01640625
2 0.384375 0.11640625 0.01875 0.03515625
4 0.29921875 0.6828125 0.01484375 0.021875
0 0.3375 0.52421875 0.01484375 0.01875
2 0.23828125 0.5171875 0.01796875 0.03671875
0 0.22734375 0.690625 0.01640625 0.02421875
4 0.2109375 0.828125 0.01015625 0.01796875
4 0.2484375 0.77109375 0.0109375 0.01328125
4 0.60078125 0.3140625 0.009375 0.01484375
4 0.56484375 0.21171875 0.00859375 0.0234375
4 0.6515625 0.2453125 0.01015625 0.01328125
4 0.64921875 0.27421875 0.01015625 0.01484375
2 0.684375 0.20234375 0.0203125 0.034375
4 0.78671875 0.0203125 0.0140625 0.01484375
4 0.8109375 0.01875 0.009375 0.01796875
4 0.88671875 0.0140625 0.01015625 0.02109375
4 0.76171875 0.0328125 0.01328125 0.01484375
2 0.44296875 0.215625 0.02109375 0.03203125
4 0.4515625 0.14375 0.0140625 0.01953125
4 0.61796875 0.5765625 0.00703125 0.01796875
4 0.2109375 0.85390625 0.009375 0.0140625
2 0.35703125 0.090625 0.01640625 0.03046875
4 0.40625 0.4765625 0.00625 0.01796875
4 0.628125 0.859375 0.009375 0.01796875