4 0.040625 0.51796875 0.01328125 0.01796875
4 0.01015625 0.3328125 0.0140625 0.01640625
4 0.07421875 0.36796875 0.01015625 0.0109375
4 0.06953125 0.378125 0.009375 0.00859375
0 0.0953125 0.36953125 0.01796875 0.01796875
4 0.096875 0.38515625 0.01328125 0.01015625
2 0.0953125 0.4046875 0.021875 0.021875
4 0.11875 0.54609375 0.01171875 0.0109375
4 0.146875 0.55234375 0.0109375 0.0140625
0 0.2078125 0.571875 0.01875 0.01953125
2 0.2515625 0.55078125 0.02421875 0.025
4 0.26171875 0.5796875 0.01328125 0.01328125
4 0.27578125 0.4265625 0.01171875 0.01640625
4 0.321875 0.42578125 0.01171875 0.0140625
4 0.365625 0.4234375 0.01171875 0.01875
4 0.41953125 0.41015625 0.01171875 0.01796875
2 0.38359375 0.55 0.02421875 0.01953125
4 0.3859375 0.584375 0.01171875 0.01484375
0 0.43203125 0.55625 0.01796875 0.01875
4 0.440625 0.5765625 0.01328125 0.01171875
2 0.26953125 0.98125 0.0203125 0.0234375
3 0.26875 0.9234375 0.01953125 0.02421875
0 0.28828125 0.9234375 0.01328125 0.01953125
2 0.2875 0.86328125 0.01171875 0.040625
2 0.26796875 0.79609375 0.021875 0.01796875
2 0.26640625 0.77578125 0.01875 0.01796875
4 0.32265625 0.940625 0.00703125 0.01953125
2 0.35078125 0.97109375 0.0109375 0.03984375
2 0.36015625 0.92421875 0.0140625 0.0390625
2 0.36640625 0.88203125 0.01171875 0.03359375
1 0.34765625 0.83046875 0.0234375 0.09296875
2 0.3703125 0.80078125 0.0109375 0.0359375
4 0.371875 0.83828125 0.00625 0.0140625
2 0.35625 0.759375 0.01171875 0.04140625
2 0.371875 0.7609375 0.01484375 0.040625
4 0.3515625 0.7109375 0.00625 0.015625
2 0.3625 0.71484375 0.0109375 0.03671875
2 0.375 0.71875 0.0109375 0.03671875
2 0.4546875 0.8984375 0.01171875 0.03828125
3 0.459375 0.94609375 0.01875 0.04453125
2 0.4671875 0.90234375 0.0109375 0.03046875
4 0.44140625 0.7234375 0.009375 0.0203125
4 0.42421875 0.6265625 0.00859375 0.021875
2 0.228125 0.38671875 0.01953125 0.02109375
4 0.25390625 0.34140625 0.0140625 0.01953125
4 0.278125 0.38359375 0.01015625 0.0109375
0 0.2859375 0.3640625 0.01640625 0.01484375
2 0.290625 0.396875 0.02109375 0.0140625
2 0.30859375 0.37578125 0.0203125 0.01875
4 0.32109375 0.3546875 0.009375 0.01484375
4 0.365625 0.3734375 0.01015625 0.0109375
4 0.3796875 0.3765625 0.009375 0.0109375
0 0.396875 0.36796875 0.01796875 0.01796875
4 0.38671875 0.34609375 0.0140625 0.01484375
0 0.4703125 0.3515625 0.01640625 0.0203125
4 0.478125 0.41015625 0.01171875 0.01328125
2 0.49609375 0.43125 0.025 0.021875
0 0.48828125 0.56015625 0.015625 0.01640625
2 0.515625 0.5328125 0.02578125 0.021875
0 0.52109375 0.559375 0.01484375 0.01640625
4 0.546875 0.5640625 0.01171875 0.01328125
4 0.571875 0.54375 0.01171875 0.01171875
4 0.603125 0.5484375 0.01171875 0.0109375
2 0.53125 0.6953125 0.01875 0.02890625
2 0.56015625 0.6609375 0.0203125 0.02578125
0 0.50546875 0.61015625 0.01640625 0.01796875
2 0.5265625 0.60546875 0.0234375 0.01953125
2 0.5578125 0.60546875 0.0203125 0.01875
2 0.56875 0.584375 0.021875 0.01171875
2 0.584375 0.6 0.01953125 0.015625
4 0.59453125 0.6203125 0.01015625 0.01015625
4 0.58203125 0.6140625 0.01171875 0.00859375
2 0.58359375 0.65 0.0203125 0.02578125
4 0.6953125 0.5765625 0.01171875 0.01171875
4 0.58671875 0.58046875 0.01328125 0.009375
2 0.61171875 0.57734375 0.0203125 0.01875
4 0.709375 0.53046875 0.01328125 0.0140625
2 0.7359375 0.5046875 0.025 0.021875
2 0.74140625 0.57109375 0.0296875 0.02109375
2 0.79296875 0.49609375 0.021875 0.02109375
0 0.84375 0.51953125 0.01796875 0.01796875
4 0.8515625 0.5765625 0.0109375 0.015625
0 0.540625 0.396875 0.01875 0.01875
2 0.56328125 0.42265625 0.02578125 0.0234375
4 0.571875 0.3859375 0.01171875 0.01640625
4 0.546875 0.3234375 0.00703125 0.00859375
4 0.54765625 0.340625 0.00859375 0.00859375
4 0.55625 0.33359375 0.00546875 0.00859375
4 0.5609375 0.3515625 0.01171875 0.01328125
0 0.56171875 0.31953125 0.0140625 0.01484375
0 0.578125 0.32109375 0.01328125 0.01796875
4 0.42578125 0.26796875 0.00859375 0.0140625
4 0.421875 0.246875 0.00703125 0.015625
0 0.61171875 0.3171875 0.0140625 0.0140625
4 0.6265625 0.34609375 0.0109375 0.01171875
2 0.53671875 0.5015625 0.02109375 0.0203125
4 0.53046875 0.47109375 0.01328125 0.0109375
4 0.51328125 0.4578125 0.00625 0.015625
2 0.58828125 0.446875 0.0203125 0.01953125
2 0.625 0.4921875 0.02578125 0.01484375
2 0.6484375 0.4890625 0.01796875 0.015625
2 0.66953125 0.48671875 0.02109375 0.01875
2 0.6515625 0.4359375 0.021875 0.01875
2 0.6734375 0.4359375 0.0203125 0.0203125
2 0.62265625 0.440625 0.0203125 0.015625
2 0.803125 0.39296875 0.0234375 0.021875
2 0.88359375 0.38828125 0.02421875 0.0203125
2 0.90859375 0.4921875 0.02578125 0.0203125
2 0.89921875 0.46171875 0.025 0.0203125
4 0.95546875 0.51953125 0.01328125 0.01171875
4 0.95390625 0.50703125 0.01328125 0.009375
4 0.96171875 0.49609375 0.01328125 0.0109375
2 0.90703125 0.59296875 0.01875 0.03125
4 0.890625 0.565625 0.0140625 0.01171875
4 0.90234375 0.3609375 0.01171875 0.01171875
4 0.921875 0.35625 0.01015625 0.01171875
4 0.921875 0.37421875 0.01171875 0.01015625
4 0.984375 0.34765625 0.0109375 0.01015625
2 0.9875 0.37734375 0.025 0.0203125
2 0.77578125 0.24609375 0.0203125 0.01640625
2 0.753125 0.23359375 0.02421875 0.021875
2 0.73359375 0.2015625 0.01328125 0.03984375
2 0.746875 0.1984375 0.0109375 0.04140625
2 0.75859375 0.19765625 0.01015625 0.0390625
2 0.76875 0.196875 0.01015625 0.03984375
2 0.71328125 0.2078125 0.01015625 0.03984375
4 0.9015625 0.3046875 0.0140625 0.01328125
2 0.33359375 0.03125 0.009375 0.03203125
0 0.34296875 0.03046875 0.00859375 0.02578125
2 0.33671875 0.06328125 0.01796875 0.028125
2 0.446875 0.2390625 0.009375 0.03984375
2 0.4359375 0.23046875 0.009375 0.03828125
2 0.425 0.215625 0.009375 0.0359375
2 0.43125 0.17734375 0.009375 0.0359375
2 0.4578125 0.21015625 0.009375 0.03671875
2 0.45625 0.16328125 0.009375 0.0359375
3 0.44296875 0.16875 0.01015625 0.03671875
0 0.4359375 0.13671875 0.00625 0.025
0 0.4671875 0.234375 0.00703125 0.02421875
0 0.47421875 0.23828125 0.00625 0.02578125
4 0.49140625 0.2453125 0.00546875 0.01640625
4 0.48359375 0.2453125 0.00390625 0.01640625
2 0.43046875 0.09375 0.009375 0.0390625
2 0.4203125 0.08828125 0.009375 0.0359375
2 0.45546875 0.109375 0.009375 0.0390625
2 0.42109375 0.04453125 0.0109375 0.03515625
2 0.47890625 0.065625 0.01015625 0.0359375
0 0.45625 0.07109375 0.00859375 0.021875
0 0.46640625 0.11171875 0.00859375 0.02421875
0 0.46484375 0.084375 0.00625 0.025
4 0.4484375 0.01484375 0.00625 0.02109375
2 0.4578125 0.015625 0.0109375 0.03046875
2 0.434375 0.02578125 0.009375 0.0359375
1 0.48046875 0.16875 0.01796875 0.10546875
0 0.465625 0.140625 0.00703125 0.025
2 0.46640625 0.1734375 0.009375 0.034375
4 0.49375 0.16796875 0.00546875 0.01875
4 0.5015625 0.19453125 0.00625 0.0109375