4 0.24609375 0.059375 0.00859375 0.01484375
4 0.3234375 0.15390625 0.0109375 0.01171875
4 0.3515625 0.21171875 0.0109375 0.0140625
4 0.428125 0.12421875 0.01171875 0.01328125
4 0.425 0.1921875 0.01015625 0.0109375
4 0.42578125 0.2109375 0.01015625 0.0109375
4 0.5234375 0.0265625 0.00859375 0.01953125
4 0.503125 0.16796875 0.00703125 0.01875
4 0.475 0.23515625 0.01328125 0.01328125
4 0.46328125 0.253125 0.01015625 0.0109375
4 0.4734375 0.26015625 0.01328125 0.0109375
4 0.42890625 0.28046875 0.01015625 0.01328125
4 0.41328125 0.303125 0.009375 0.01953125
4 0.41796875 0.31875 0.01015625 0.01953125
4 0.4890625 0.271875 0.01171875 0.01328125
4 0.49609375 0.28125 0.01171875 0.0109375
4 0.5265625 0.31875 0.01171875 0.009375
4 0.596875 0.0390625 0.00546875 0.01953125
4 0.64140625 0.01640625 0.0046875 0.02109375
4 0.665625 0.03515625 0.01015625 0.01328125
4 0.65703125 0.07890625 0.01015625 0.0140625
4 0.6234375 0.12265625 0.00625 0.02109375
4 0.62890625 0.14453125 0.00390625 0.02109375
4 0.6171875 0.15703125 0.00546875 0.0234375
4 0.61015625 0.27109375 0.00546875 0.0203125
4 0.70546875 0.14921875 0.0109375 0.01015625
4 0.70078125 0.175 0.01171875 0.01171875
4 0.7015625 0.19296875 0.01015625 0.01015625
4 0.7015625 0.20625 0.01015625 0.009375
4 0.7 0.2234375 0.0109375 0.00703125
4 0.696875 0.253125 0.01015625 0.009375
4 0.6953125 0.27109375 0.0109375 0.00625
4 0.69453125 0.28125 0.01171875 0.009375
4 0.6765625 0.2515625 0.01171875 0.009375
4 0.678125 0.26171875 0.0109375 0.00859375
4 0.675 0.2703125 0.01171875 0.009375
4 0.58046875 0.3796875 0.00859375 0.015625
4 0.61328125 0.45234375 0.00859375 0.0203125
4 0.60390625 0.46796875 0.0046875 0.01953125
4 0.6140625 0.50390625 0.00546875 0.021875
4 0.6109375 0.53984375 0.00625 0.01875
4 0.6359375 0.53046875 0.00546875 0.02109375
4 0.628125 0.55234375 0.00625 0.0203125
4 0.6359375 0.56796875 0.00625 0.01796875
4 0.80390625 0.5625 0.00703125 0.01796875
4 0.76328125 0.553125 0.009375 0.015625
4 0.6390625 0.66171875 0.00859375 0.01796875
4 0.73046875 0.63515625 0.01015625 0.015625
4 0.71640625 0.65625 0.009375 0.01875
4 0.73515625 0.665625 0.009375 0.01640625
4 0.821875 0.68671875 0.00859375 0.01640625
4 0.79296875 0.76328125 0.009375 0.01796875
4 0.8265625 0.77421875 0.01328125 0.01328125
4 0.83828125 0.740625 0.00859375 0.01640625
4 0.82421875 0.74921875 0.00859375 0.0140625
4 0.853125 0.87890625 0.01015625 0.0140625
4 0.89453125 0.8359375 0.00859375 0.01640625
4 0.89921875 0.81953125 0.00625 0.01796875
4 0.84453125 0.9703125 0.01015625 0.01171875
4 0.81796875 0.959375 0.009375 0.015625
4 0.73203125 0.83984375 0.0109375 0.01484375
4 0.68828125 0.821875 0.01171875 0.0109375
4 0.67421875 0.81953125 0.01171875 0.01171875
4 0.63203125 0.8109375 0.01171875 0.0140625
4 0.61484375 0.7890625 0.01015625 0.01015625
4 0.571875 0.684375 0.0109375 0.01484375
4 0.5515625 0.69296875 0.00859375 0.0140625
4 0.53671875 0.70234375 0.01015625 0.01171875
4 0.5265625 0.746875 0.009375 0.01484375
4 0.428125 0.7828125 0.01171875 0.01171875
4 0.43828125 0.68125 0.01015625 0.01484375
4 0.35703125 0.909375 0.0109375 0.01640625
4 0.23671875 0.69921875 0.00859375 0.0140625
4 0.259375 0.6734375 0.009375 0.01953125
4 0.2734375 0.7484375 0.00859375 0.01640625
4 0.23671875 0.75859375 0.00859375 0.015625
4 0.24453125 0.83515625 0.009375 0.01796875
4 0.28984375 0.48828125 0.00703125 0.01953125
4 0.31796875 0.5515625 0.00703125 0.0203125
4 0.32421875 0.48671875 0.00859375 0.0203125
4 0.340625 0.46015625 0.00625 0.01640625
4 0.3359375 0.4890625 0.00703125 0.01640625
4 0.32578125 0.50859375 0.00859375 0.01640625
4 0.33828125 0.509375 0.00703125 0.0203125
4 0.35078125 0.51796875 0.00859375 0.01875
4 0.334375 0.54609375 0.00859375 0.01875
4 0.315625 0.41796875 0.00703125 0.01640625
4 0.29140625 0.4015625 0.00625 0.01796875
4 0.278125 0.3984375 0.00625 0.01953125
4 0.32578125 0.38046875 0.00546875 0.015625
4 0.26796875 0.2921875 0.00703125 0.01796875
4 0.396875 0.4234375 0.00625 0.01796875
2 0.2015625 0.1609375 0.02421875 0.04453125
2 0.321875 0.07578125 0.01796875 0.040625
2 0.34921875 0.09296875 0.0203125 0.03828125
2 0.36640625 0.0984375 0.0203125 0.04296875
2 0.33671875 0.084375 0.01875 0.0359375
2 0.40078125 0.06953125 0.021875 0.034375
2 0.41953125 0.01875 0.01796875 0.03359375
2 0.5890625 0.13203125 0.01015625 0.04375
2 0.60703125 0.15078125 0.0109375 0.040625
2 0.6203125 0.20390625 0.00859375 0.03671875
2 0.63046875 0.29921875 0.01640625 0.046875
2 0.603125 0.303125 0.01015625 0.03984375
2 0.565625 0.315625 0.02109375 0.034375
2 0.553125 0.33046875 0.025 0.034375
2 0.515625 0.296875 0.0265625 0.0203125
2 0.60703125 0.36640625 0.01171875 0.0390625
2 0.63046875 0.36875 0.0109375 0.0390625
2 0.628125 0.4828125 0.01015625 0.0359375
2 0.6046875 0.59296875 0.015625 0.03671875
2 0.72578125 0.55703125 0.015625 0.034375
2 0.73359375 0.60625 0.01796875 0.03359375
2 0.8015625 0.68046875 0.0203125 0.03125
2 0.82578125 0.71171875 0.021875 0.02578125
2 0.86328125 0.7625 0.01953125 0.02890625
2 0.8578125 0.78359375 0.025 0.04296875
2 0.8734375 0.73125 0.0203125 0.03515625
2 0.80703125 0.73125 0.01953125 0.03359375
2 0.76640625 0.7390625 0.021875 0.04296875
2 0.91484375 0.84140625 0.0203125 0.03359375
2 0.9296875 0.87109375 0.0203125 0.03984375
2 0.9390625 0.88671875 0.02109375 0.03828125
2 0.9734375 0.93359375 0.02421875 0.04296875
2 0.984375 0.95234375 0.02109375 0.034375
2 0.64296875 0.76953125 0.0234375 0.0265625
2 0.596875 0.809375 0.0234375 0.0234375
2 0.5078125 0.73984375 0.0203125 0.025
2 0.30703125 0.97421875 0.01875 0.02890625
2 0.26328125 0.52578125 0.01796875 0.0453125
2 0.396875 0.3890625 0.01484375 0.03515625
2 0.31171875 0.33828125 0.01640625 0.04296875
2 0.284375 0.290625 0.01796875 0.0390625
2 0.41171875 0.23359375 0.02421875 0.025
2 0.44453125 0.24609375 0.01796875 0.03671875
0 0.23203125 0.17421875 0.015625 0.02578125
0 0.228125 0.221875 0.0140625 0.025
0 0.43671875 0.06015625 0.01171875 0.0296875
1 0.62421875 0.040625 0.021875 0.08046875
3 0.58203125 0.19609375 0.009375 0.0390625
3 0.596875 0.2296875 0.01015625 0.04375
3 0.59453125 0.41796875 0.01953125 0.04453125
0 0.63359375 0.43828125 0.00859375 0.02890625
0 0.64921875 0.44453125 0.00859375 0.02890625
0 0.62578125 0.60546875 0.01171875 0.0265625
0 0.77578125 0.66953125 0.01484375 0.02421875
3 0.965625 0.98671875 0.01796875 0.0265625
3 0.58828125 0.7703125 0.02109375 0.0234375
0 0.55703125 0.7453125 0.01640625 0.01796875
0 0.4109375 0.81875 0.01484375 0.02109375
3 0.359375 0.84375 0.025 0.03828125
3 0.27109375 0.809375 0.0265625 0.05546875
0 0.22109375 0.67421875 0.01328125 0.025
0 0.31796875 0.66484375 0.01328125 0.02578125
0 0.36953125 0.58828125 0.0140625 0.025