1 0.1640625 0.478125 0.065625 0.059375
0 0.0984375 0.5375 0.0203125 0.02109375
2 0.02578125 0.534375 0.025 0.025
2 0.071875 0.5515625 0.0203125 0.02578125
2 0.0484375 0.5484375 0.01796875 0.021875
2 0.18046875 0.61171875 0.0203125 0.0296875
2 0.09140625 0.5765625 0.0203125 0.0203125
2 0.03828125 0.5765625 0.01171875 0.03125
2 0.05234375 0.58125 0.01328125 0.03046875
2 0.09296875 0.646875 0.0203125 0.03046875
2 0.0890625 0.68203125 0.015625 0.03125
2 0.08359375 0.7234375 0.0140625 0.03515625
2 0.38125 0.45859375 0.0234375 0.01796875
2 0.384375 0.4765625 0.01953125 0.0140625
2 0.38671875 0.49453125 0.02109375 0.015625
0 0.35703125 0.45703125 0.01640625 0.0109375
2 0.36328125 0.49453125 0.02421875 0.01796875
4 0.37109375 0.440625 0.009375 0.01015625
4 0.4046875 0.45234375 0.009375 0.01171875
4 0.36953125 0.46953125 0.00859375 0.00625
4 0.3609375 0.46953125 0.009375 0.00625
4 0.35703125 0.47890625 0.009375 0.00703125
4 0.36796875 0.478125 0.009375 0.00625
4 0.3875 0.38046875 0.00703125 0.0203125
4 0.3984375 0.3765625 0.00546875 0.02109375
4 0.40703125 0.37578125 0.00546875 0.01875
4 0.415625 0.375 0.00390625 0.02109375
4 0.4234375 0.3734375 0.00390625 0.01953125
4 0.43046875 0.36953125 0.00390625 0.021875
4 0.4171875 0.34140625 0.00703125 0.01484375
4 0.42734375 0.33671875 0.00859375 0.0140625
4 0.434375 0.3234375 0.01015625 0.01015625
4 0.434375 0.309375 0.009375 0.009375
4 0.45625 0.284375 0.01015625 0.01015625
4 0.44453125 0.30703125 0.00859375 0.01171875
4 0.4515625 0.34140625 0.009375 0.01328125
4 0.43828125 0.34765625 0.009375 0.01328125
4 0.4640625 0.29453125 0.00859375 0.0109375
4 0.45703125 0.31015625 0.00703125 0.01171875
4 0.4515625 0.32265625 0.009375 0.01328125
0 0.47109375 0.3109375 0.01015625 0.02421875
0 0.47890625 0.40546875 0.01484375 0.0296875
2 0.4828125 0.4484375 0.01328125 0.03984375
0 0.50859375 0.25546875 0.015625 0.03046875
0 0.51875 0.1484375 0.01171875 0.02421875
0 0.50859375 0.21328125 0.01015625 0.025
0 0.5234375 0.17890625 0.0109375 0.028125
0 0.53046875 0.1296875 0.01328125 0.02109375
0 0.53671875 0.065625 0.01171875 0.028125
2 0.51171875 0.103125 0.01953125 0.03515625
2 0.48828125 0.1890625 0.0140625 0.03359375
4 0.478125 0.22109375 0.009375 0.009375
4 0.47890625 0.2109375 0.01171875 0.009375
4 0.5265625 0.1 0.00859375 0.01796875
2 0.54765625 0.08359375 0.015625 0.04375
4 0.546875 0.0203125 0.0109375 0.01640625
4 0.546875 0.03671875 0.00859375 0.01875
0 0.55703125 0.03671875 0.0109375 0.02890625
0 0.44453125 0.7765625 0.0109375 0.03203125
0 0.42109375 0.821875 0.01171875 0.0296875
0 0.34140625 0.7890625 0.01953125 0.0265625
0 0.76875 0.64296875 0.01015625 0.02578125
0 0.7859375 0.63671875 0.009375 0.02578125
0 0.63671875 0.5125 0.01484375 0.015625
0 0.66015625 0.49375 0.01796875 0.01875
0 0.64296875 0.53125 0.01640625 0.0140625
0 0.6984375 0.54609375 0.01796875 0.01484375
0 0.690625 0.578125 0.01328125 0.01484375
0 0.6734375 0.5765625 0.01875 0.01875
0 0.61953125 0.58828125 0.015625 0.0140625
2 0.621875 0.525 0.021875 0.01953125
2 0.62265625 0.54921875 0.0234375 0.01796875
2 0.64375 0.54921875 0.0203125 0.01796875
2 0.67109375 0.5375 0.02421875 0.01640625
2 0.71796875 0.5609375 0.02109375 0.01875
2 0.69375 0.5625 0.01640625 0.01953125
2 0.67421875 0.55859375 0.0234375 0.01484375
2 0.64921875 0.56484375 0.02109375 0.01484375
4 0.60703125 0.496875 0.0140625 0.01328125
4 0.628125 0.49609375 0.0140625 0.01328125
4 0.728125 0.540625 0.01328125 0.0140625
4 0.66796875 0.51875 0.01484375 0.01328125
4 0.6140625 0.5625 0.009375 0.01015625
4 0.62421875 0.56171875 0.00859375 0.00546875
4 0.61328125 0.571875 0.00859375 0.00703125
4 0.6234375 0.57265625 0.00859375 0.009375
4 0.634375 0.58046875 0.00859375 0.00546875
4 0.63203125 0.58828125 0.00859375 0.00859375
4 0.640625 0.59140625 0.00703125 0.01171875
4 0.6390625 0.57109375 0.009375 0.009375
4 0.61328125 0.509375 0.00859375 0.009375
4 0.62109375 0.50625 0.00703125 0.0109375
4 0.703125 0.6265625 0.0109375 0.00859375
4 0.73203125 0.6484375 0.009375 0.01015625
4 0.7015625 0.63671875 0.01015625 0.00703125
4 0.7015625 0.65078125 0.00859375 0.00625
4 0.7296875 0.65625 0.0109375 0.00625
4 0.69921875 0.6578125 0.009375 0.00546875
4 0.72890625 0.6640625 0.009375 0.00625
4 0.778125 0.6515625 0.00546875 0.02109375
2 0.7265625 0.69375 0.01640625 0.04140625
2 0.703125 0.80625 0.025 0.03359375
2 0.73046875 0.4578125 0.0265625 0.02421875
4 0.81015625 0.4640625 0.01640625 0.01640625
4 0.7078125 0.3390625 0.00625 0.01796875
4 0.715625 0.3421875 0.00703125 0.01796875
4 0.77109375 0.3765625 0.00625 0.01875
4 0.753125 0.37109375 0.00546875 0.01875
4 0.759375 0.3796875 0.00546875 0.02109375
4 0.753125 0.421875 0.00625 0.01953125
4 0.746875 0.4234375 0.00546875 0.02109375
4 0.79140625 0.421875 0.00546875 0.0234375
4 0.7765625 0.38828125 0.00546875 0.01640625
4 0.7953125 0.37578125 0.0046875 0.02578125
4 0.80625 0.3703125 0.00546875 0.01796875
4 0.82265625 0.42109375 0.00546875 0.0234375
4 0.815625 0.4203125 0.00390625 0.021875
4 0.81015625 0.41875 0.00546875 0.025
4 0.8328125 0.3875 0.0046875 0.01875
4 0.846875 0.434375 0.009375 0.0109375
4 0.88046875 0.38203125 0.01015625 0.02421875
4 0.84375 0.37578125 0.00859375 0.01328125
4 0.85703125 0.37578125 0.00625 0.01640625
4 0.85078125 0.41796875 0.00390625 0.01640625
4 0.871875 0.41875 0.00546875 0.01796875
4 0.89609375 0.45703125 0.0109375 0.0109375
4 0.92421875 0.4765625 0.01328125 0.01328125
4 0.9265625 0.58125 0.01328125 0.0203125
4 0.5921875 0.20078125 0.00625 0.0203125
4 0.5765625 0.24609375 0.0046875 0.01875
4 0.58828125 0.27265625 0.0046875 0.0203125
4 0.596875 0.34609375 0.0109375 0.01328125
4 0.61328125 0.39375 0.00859375 0.01328125
4 0.5984375 0.36328125 0.00859375 0.015625
4 0.60546875 0.378125 0.00859375 0.0109375
4 0.60703125 0.3578125 0.00859375 0.01328125
4 0.559375 0.340625 0.00546875 0.01875
4 0.5734375 0.31953125 0.00703125 0.0140625
2 0.58125 0.271875 0.00859375 0.04296875
0 0.571875 0.29609375 0.01171875 0.0203125
0 0.5703125 0.27578125 0.009375 0.01796875
0 0.565625 0.31484375 0.00859375 0.0234375
1 0.53203125 0.3140625 0.0265625 0.11640625
1 0.55078125 0.1953125 0.02578125 0.1109375
1 0.57578125 0.07109375 0.02578125 0.0859375
6 0.60703125 0.05625 0.0234375 0.07890625
6 0.590625 0.13671875 0.0265625 0.071875
4 0.5984375 0.15859375 0.00625 0.01953125
6 0.5734375 0.21328125 0.02890625 0.06796875
6 0.55625 0.29921875 0.02890625 0.09296875
4 0.51328125 0.3984375 0.00703125 0.025