5 0.21640625 0.68046875 0.06328125 0.05
2 0.371875 0.93828125 0.03046875 0.0203125
2 0.52578125 0.86015625 0.0203125 0.040625
2 0.49140625 0.884375 0.028125 0.02578125
2 0.78828125 0.82421875 0.028125 0.02890625
2 0.80703125 0.88828125 0.021875 0.021875
2 0.75703125 0.8984375 0.0359375 0.028125
2 0.83671875 0.80625 0.02890625 0.028125
2 0.8640625 0.86640625 0.025 0.03125
2 0.9625 0.82578125 0.0296875 0.0296875
2 0.68671875 0.90703125 0.03203125 0.01796875
2 0.453125 0.8984375 0.01953125 0.02890625
2 0.51953125 0.60625 0.0140625 0.05078125
4 0.1046875 0.89921875 0.01171875 0.0140625
4 0.39921875 0.68125 0.01171875 0.01640625
4 0.34609375 0.68984375 0.015625 0.015625
4 0.4625 0.20546875 0.009375 0.02890625
4 0.478125 0.22109375 0.01015625 0.0265625
4 0.51328125 0.25625 0.009375 0.021875
4 0.46953125 0.3046875 0.01484375 0.03046875
4 0.52421875 0.375 0.01015625 0.01953125
4 0.4734375 0.59765625 0.01015625 0.03125
4 0.58203125 0.7921875 0.0140625 0.01953125
4 0.6109375 0.79609375 0.01484375 0.01875
4 0.5640625 0.853125 0.01796875 0.0203125
4 0.82578125 0.77578125 0.021875 0.01796875
4 0.78359375 0.75546875 0.01796875 0.0203125
4 0.97109375 0.79296875 0.01484375 0.0203125
0 0.35078125 0.7078125 0.01875 0.0140625
0 0.50390625 0.75546875 0.01796875 0.03671875
0 0.50859375 0.846875 0.00859375 0.03125
5 0.278125 0.6765625 0.0546875 0.03984375
4 0.0734375 0.80703125 0.01484375 0.01796875
6 0.3890625 0.8984375 0.04453125 0.03671875
5 0.68515625 0.87265625 0.06953125 0.040625
4 0.6140625 0.6859375 0.01953125 0.015625