2 0.58515625 0.48515625 0.02890625 0.0296875
2 0.609375 0.5125 0.028125 0.02890625
2 0.95546875 0.48125 0.02578125 0.02890625
2 0.89609375 0.31484375 0.03046875 0.03046875
2 0.98125 0.30625 0.03046875 0.025
2 0.7734375 0.23359375 0.03125 0.0265625
2 0.76328125 0.1515625 0.02578125 0.0296875
4 0.5625 0.334375 0.01484375 0.0203125
4 0.2890625 0.56796875 0.01875 0.021875
4 0.18671875 0.56171875 0.01953125 0.021875
0 0.18828125 0.3890625 0.0203125 0.025
2 0.14375 0.27890625 0.02421875 0.04296875
2 0.046875 0.57421875 0.028125 0.025
4 0.028125 0.596875 0.0140625 0.01796875
2 0.00703125 0.053125 0.0140625 0.04375
2 0.0359375 0.17578125 0.01953125 0.053125