0 0.50703125 0.14609375 0.0203125 0.03125
4 0.42421875 0.184375 0.01328125 0.0234375
4 0.4234375 0.21796875 0.01484375 0.02109375
4 0.421875 0.23359375 0.01640625 0.02421875
2 0.28828125 0.18828125 0.025 0.034375
4 0.2796875 0.33984375 0.0140625 0.01953125
6 0.34609375 0.40625 0.0234375 0.03359375
4 0.3 0.57890625 0.01484375 0.02109375
4 0.2984375 0.58671875 0.01796875 0.01484375
4 0.296875 0.59453125 0.01640625 0.021875
2 0.08828125 0.559375 0.0265625 0.025
2 0.04453125 0.5515625 0.02421875 0.028125
2 0.03828125 0.5765625 0.0265625 0.0296875
2 0.0328125 0.665625 0.021875 0.02890625
4 0.15078125 0.33671875 0.0140625 0.02578125
4 0.1296875 0.34765625 0.01640625 0.015625
3 0.02421875 0.315625 0.01953125 0.03125
4 0.09375 0.078125 0.01328125 0.03046875
4 0.03046875 0.1171875 0.01953125 0.021875
2 0.24921875 0.1625 0.02578125 0.03046875
4 0.22109375 0.1828125 0.015625 0.02109375
0 0.0421875 0.01328125 0.021875 0.0265625
4 0.01328125 0.0484375 0.01640625 0.01796875
4 0.01484375 0.059375 0.01796875 0.01796875
2 0.0828125 0.025 0.0203125 0.0453125
2 0.56015625 0.08046875 0.01875 0.034375
2 0.54296875 0.009375 0.01953125 0.01875
2 0.625 0.015625 0.01484375 0.03046875
2 0.63984375 0.0109375 0.0140625 0.02109375
4 0.68125 0.12734375 0.0140625 0.03203125
4 0.696875 0.12734375 0.01171875 0.02421875
4 0.70859375 0.1296875 0.00859375 0.0203125
4 0.7671875 0.18828125 0.0203125 0.025
4 0.82109375 0.215625 0.01796875 0.03046875
2 0.77890625 0.15859375 0.01796875 0.04375
2 0.82109375 0.03125 0.01640625 0.040625
4 0.859375 0.19296875 0.01484375 0.025
2 0.83984375 0.18125 0.02421875 0.028125
4 0.9796875 0.41796875 0.02109375 0.02578125
4 0.89453125 0.42578125 0.01640625 0.03046875
2 0.825 0.41484375 0.02578125 0.03125
2 0.8203125 0.37734375 0.02578125 0.0265625
2 0.79140625 0.378125 0.02578125 0.02890625
2 0.77578125 0.39609375 0.028125 0.025
2 0.7859375 0.4359375 0.02578125 0.0234375
2 0.73671875 0.4375 0.02578125 0.025
4 0.74609375 0.41953125 0.01796875 0.0203125
4 0.74453125 0.36875 0.02890625 0.02578125
4 0.71796875 0.36640625 0.02890625 0.0265625
2 0.71875 0.390625 0.025 0.028125
2 0.709375 0.41640625 0.02421875 0.02578125
3 0.68828125 0.43671875 0.02578125 0.0234375
2 0.74453125 0.40546875 0.021875 0.02421875
0 0.73046875 0.415625 0.0203125 0.0296875
4 0.69296875 0.41171875 0.01796875 0.01875
4 0.67421875 0.40703125 0.021875 0.02578125
4 0.65703125 0.40625 0.01796875 0.01953125
4 0.64921875 0.390625 0.0140625 0.02578125
4 0.646875 0.38046875 0.0140625 0.01796875
4 0.6421875 0.3515625 0.01640625 0.02578125
4 0.62890625 0.34453125 0.01875 0.01484375
4 0.63203125 0.353125 0.01796875 0.015625
2 0.6390625 0.3671875 0.02578125 0.02578125
2 0.6640625 0.3625 0.02890625 0.03046875
2 0.6921875 0.36328125 0.028125 0.03046875
2 0.66875 0.3890625 0.03046875 0.02890625
2 0.69296875 0.3890625 0.02890625 0.03046875
4 0.628125 0.39921875 0.01484375 0.01953125
4 0.63125 0.40859375 0.01640625 0.01953125
4 0.63046875 0.4171875 0.015625 0.01640625
4 0.62109375 0.4265625 0.015625 0.01796875
4 0.63125 0.4265625 0.01484375 0.01328125
4 0.64921875 0.43125 0.0140625 0.01796875
4 0.65859375 0.43828125 0.01171875 0.01953125
0 0.66328125 0.41953125 0.01875 0.021875
0 0.68046875 0.42109375 0.01640625 0.0203125
4 0.64453125 0.415625 0.01171875 0.01640625
2 0.62890625 0.446875 0.0234375 0.03046875
3 0.634375 0.3875 0.02421875 0.025
4 0.50625 0.31640625 0.01796875 0.025
4 0.49140625 0.3515625 0.01171875 0.0265625
4 0.48359375 0.3828125 0.01015625 0.021875
4 0.490625 0.38359375 0.01015625 0.028125
4 0.50625 0.39921875 0.0109375 0.025
4 0.496875 0.409375 0.01171875 0.0265625
4 0.50703125 0.4234375 0.009375 0.02578125
4 0.51640625 0.4390625 0.0140625 0.03046875
4 0.5625 0.34296875 0.0140625 0.0234375
4 0.56640625 0.328125 0.01171875 0.025
4 0.559375 0.315625 0.01015625 0.028125
2 0.51640625 0.3765625 0.01640625 0.04921875
2 0.56953125 0.5328125 0.0203125 0.0453125
2 0.5265625 0.84609375 0.01640625 0.040625
0 0.51015625 0.8359375 0.01328125 0.03359375
4 0.521875 0.803125 0.0109375 0.03359375
4 0.521875 0.9140625 0.0140625 0.03046875
2 0.4546875 0.98515625 0.015625 0.0296875
2 0.45859375 0.9484375 0.01484375 0.05078125
2 0.46171875 0.89609375 0.01640625 0.04296875
2 0.4703125 0.85078125 0.0140625 0.04609375
2 0.453125 0.81875 0.01484375 0.04609375
2 0.47109375 0.796875 0.015625 0.0453125
4 0.44609375 0.79296875 0.01171875 0.028125
3 0.44296875 0.7515625 0.02109375 0.0515625
2 0.45546875 0.72109375 0.015625 0.04453125
2 0.4640625 0.73671875 0.01796875 0.05078125
2 0.48359375 0.70234375 0.01875 0.0515625
2 0.48828125 0.65078125 0.01640625 0.040625
2 0.46953125 0.6953125 0.01796875 0.04140625
4 0.47890625 0.578125 0.01484375 0.0265625
4 0.46953125 0.6015625 0.0140625 0.02421875
4 0.46171875 0.63046875 0.009375 0.02421875
4 0.46328125 0.646875 0.01171875 0.0265625
4 0.45625 0.665625 0.01328125 0.02578125
4 0.44609375 0.67421875 0.0109375 0.02421875
4 0.44375 0.6390625 0.01015625 0.028125
2 0.453125 0.64453125 0.01640625 0.04921875
2 0.4609375 0.596875 0.015625 0.04921875
2 0.471875 0.5578125 0.01640625 0.04921875
2 0.4859375 0.54140625 0.01484375 0.04375
4 0.49375 0.525 0.01171875 0.025
4 0.509375 0.52421875 0.01171875 0.02421875
4 0.47890625 0.50078125 0.01171875 0.02421875
2 0.47734375 0.6234375 0.01640625 0.0484375
0 0.46796875 0.65703125 0.0140625 0.03671875
0 0.4609375 0.6859375 0.0140625 0.034375
4 0.48984375 0.44375 0.009375 0.0234375
4 0.49609375 0.43984375 0.01328125 0.03046875
4 0.478125 0.45546875 0.01015625 0.0296875
4 0.48203125 0.46953125 0.01015625 0.0296875
4 0.4734375 0.478125 0.01015625 0.034375
4 0.46796875 0.36171875 0.0140625 0.03203125
4 0.44609375 0.35234375 0.01875 0.02890625
2 0.4921875 0.49140625 0.01484375 0.04453125
2 0.5046875 0.46875 0.01796875 0.0453125
2 0.496875 0.58671875 0.01875 0.03984375
2 0.46171875 0.78125 0.015625 0.03984375
2 0.4765625 0.74609375 0.015625 0.053125
4 0.5125 0.47890625 0.009375 0.0296875
0 0.4671875 0.62578125 0.0140625 0.03203125
4 0.55078125 0.740625 0.01171875 0.03046875
4 0.68203125 0.44921875 0.01875 0.01875
3 0.928125 0.18359375 0.02109375 0.02109375