0 0.07421875 0.74140625 0.02109375 0.0203125
0 0.2109375 0.69140625 0.0203125 0.01875
0 0.1578125 0.734375 0.01640625 0.0140625
0 0.10390625 0.73828125 0.01328125 0.01171875
3 0.09609375 0.6609375 0.015625 0.01484375
0 0.0359375 0.6765625 0.01328125 0.015625
0 0.25390625 0.73828125 0.015625 0.01484375
0 0.33671875 0.5109375 0.0140625 0.01484375
4 0.259375 0.66796875 0.0140625 0.01484375
4 0.28203125 0.44375 0.01171875 0.01171875
0 0.43046875 0.3359375 0.015625 0.0140625
0 0.29375 0.6734375 0.01484375 0.01328125
0 0.3015625 0.5546875 0.0109375 0.0203125
2 0.36796875 0.5640625 0.01640625 0.0203125
0 0.49921875 0.425 0.01328125 0.01953125
0 0.584375 0.50703125 0.01328125 0.01875
0 0.5453125 0.4453125 0.01328125 0.01640625
0 0.51796875 0.653125 0.01171875 0.015625
4 0.55390625 0.60625 0.01015625 0.015625
0 0.60625 0.371875 0.01171875 0.0140625
0 0.61171875 0.2765625 0.01015625 0.02109375
0 0.63828125 0.2953125 0.01484375 0.01796875
0 0.6515625 0.30390625 0.0109375 0.01484375
0 0.71171875 0.3609375 0.0140625 0.0265625
3 0.7421875 0.06796875 0.0109375 0.02109375
0 0.67578125 0.16796875 0.0140625 0.01484375
4 0.77109375 0.2359375 0.009375 0.02421875
0 0.8640625 0.06875 0.0140625 0.0296875
0 0.5589589984375001 0.3190474359375 0.55451209375 0.30666329062500003 0.538503228125 0.3237902953125 0.5422585390625 0.335937846875 0.5589589984375001 0.3190474359375
2 0.0156416515625 0.7429712328125 0 0.7477130671875 0.00121253125 0.7597832062500001 0.016975437500000003 0.755041371875 0.0156416515625 0.7429712328125
4 0.43828125 0.63125 0.009375 0.009375
4 0.30859375 0.6515625 0.0109375 0.01171875
4 0.36953125 0.53515625 0.009375 0.01171875
0 0.20390625 0.62578125 0.01171875 0.01328125
4 0.23046875 0.60703125 0.0109375 0.009375
4 0.4859375 0.49296875 0.0109375 0.01484375
4 0.38359375 0.346875 0.01015625 0.01484375
4 0.48984375 0.40546875 0.01015625 0.0140625
2 0.409375 0.38125 0.01640625 0.0203125
0 0.471875 0.34453125 0.01484375 0.01484375
4 0.453125 0.4015625 0.01171875 0.01484375
4 0.465625 0.41953125 0.01015625 0.01796875
4 0.27734375 0.41640625 0.00859375 0.01484375
2 0.26640625 0.26796875 0.02109375 0.028125
0 0.1890625 0.18671875 0.0109375 0.01796875
0 0.29296875 0.4859375 0.01171875 0.0140625
0 0.1546875 0.353125 0.0109375 0.015625
4 0.08046875 0.2703125 0.0109375 0.0140625
2 0.1984375 0.390625 0.01953125 0.0296875
4 0.5890625 0.51640625 0.01171875 0.01640625
4 0.60078125 0.60703125 0.01015625 0.01875
4 0.60546875 0.51484375 0.0140625 0.01328125
4 0.596875 0.5 0.0109375 0.01640625
4 0.55078125 0.62734375 0.0109375 0.015625
4 0.59765625 0.4875 0.01328125 0.01328125
4 0.5734375 0.47578125 0.01328125 0.01171875
2 0.64140625 0.73359375 0.01875 0.028125
0 0.5859375 0.484375 0.01015625 0.015625
4 0.70078125 0.67109375 0.01015625 0.01875
4 0.796875 0.7578125 0.01171875 0.01953125
2 0.684375 0.5921875 0.01796875 0.0234375
4 0.7162404171875 0.814919821875 0.7193604578125 0.8086804078125001 0.7118579953124999 0.8001986531249999 0.708830325 0.8066006 0.7162404171875 0.814919821875
0 0.8265625 0.73828125 0.01796875 0.0265625
4 0.85390625 0.9359375 0.01015625 0.0203125
4 0.91328125 0.84375 0.009375 0.0140625
4 0.92578125 0.86640625 0.01171875 0.0140625
4 0.8390625 0.9375 0.0109375 0.01796875
4 0.7640625 0.715625 0.01171875 0.01875
4 0.94453125 0.9140625 0.00859375 0.01875
0 0.6734375 0.6359375 0.0109375 0.0203125
4 0.8890625 0.96171875 0.01171875 0.01328125
0 0.709375 0.78828125 0.01328125 0.0140625
0 0.6796875 0.5015625 0.01015625 0.021875
0 0.665625 0.50546875 0.009375 0.01953125
0 0.7359375 0.47109375 0.00859375 0.01875
4 0.68515625 0.42109375 0.00703125 0.015625
4 0.809375 0.190625 0.0109375 0.01171875
0 0.734375 0.66875 0.01015625 0.0203125
4 0.49453125 0.41640625 0.01171875 0.0109375
0 0.67578125 0.46171875 0.0109375 0.02421875
2 0.24453125 0.41875 0.01953125 0.02421875
0 0.48515625 0.6390625 0.01640625 0.01953125
0 0.50625 0.6359375 0.009375 0.02421875
0 0.4765625 0.44296875 0.0109375 0.02421875
4 0.4015625 0.61328125 0.01015625 0.0203125
0 0.5 0.659375 0.01484375 0.01796875
4 0.41328125 0.4859375 0.0109375 0.02109375
4 0.46875 0.6421875 0.009375 0.01484375
0 0.53359375 0.65390625 0.01015625 0.0109375
4 0.534375 0.471875 0.00859375 0.0203125
4 0.56640625 0.4875 0.00703125 0.01640625
4 0.56640625 0.434375 0.00703125 0.01796875
4 0.5203125 0.38984375 0.009375 0.01015625
4 0.546875 0.40859375 0.0109375 0.0109375
3 0.5015625 0.48046875 0.0140625 0.021875
4 0.76640625 0.86328125 0.01171875 0.01328125
3 0.6765625 0.8046875 0.0140625 0.01953125
0 0.6296875 0.75546875 0.015625 0.0140625
4 0.61796875 0.5515625 0.01015625 0.015625
2 0.54609375 0.690625 0.01953125 0.01875
4 0.5671875 0.721875 0.01171875 0.01328125
0 0.5421875 0.67109375 0.01328125 0.015625
0 0.5734375 0.6984375 0.009375 0.01484375
0 0.4609375 0.59609375 0.01171875 0.01171875
4 0.60703125 0.571875 0.00859375 0.0140625
4 0.60859375 0.53125 0.00859375 0.015625
4 0.61171875 0.51328125 0.01328125 0.01171875
4 0.428125 0.54453125 0.00703125 0.01328125
4 0.35703125 0.4953125 0.00859375 0.01484375
0 0.36953125 0.509375 0.015625 0.01875
3 0.33359375 0.39140625 0.02890625 0.03359375
2 0.196875 0.33359375 0.01875 0.02421875
2 0.134375 0.33203125 0.02109375 0.0234375
2 0.27578125 0.52421875 0.025 0.01640625
0 0.21953125 0.55 0.0109375 0.0203125
0 0.43984375 0.60859375 0.0140625 0.02109375
4 0.284375 0.6453125 0.01171875 0.015625
3 0.4390625 0.52265625 0.01640625 0.01796875
4 0.41875 0.40546875 0.0109375 0.01875
2 0.44140625 0.65078125 0.0203125 0.01953125
4 0.428125 0.61953125 0.00859375 0.015625
4 0.40859375 0.55859375 0.01015625 0.0109375
0 0.5859375 0.33125 0.00859375 0.01796875
0 0.60546875 0.40625 0.015625 0.0109375
4 0.540625 0.38125 0.0109375 0.015625
4 0.4890625 0.3875 0.01171875 0.0109375
4 0.54609375 0.421875 0.01015625 0.01484375
2 0.5806041359375 0.6440281859375 0.56611643125 0.6264861734375 0.5610772265625 0.6376832109375 0.573045321875 0.6548520078125 0.5806041359375 0.6440281859375
3 0.3578020734375 0.6009143031249999 0.3591880265625 0.6178861343750001 0.387611325 0.6095856109375 0.3847689921875 0.5933454484375 0.3578020734375 0.6009143031249999
0 0.6203125 0.43828125 0.01328125 0.021875
4 0.6265625 0.2953125 0.01015625 0.015625
4 0.7984375 0.8640625 0.01328125 0.0203125
3 0.52890625 0.4390625 0.01484375 0.01875
2 0.5203125 0.45546875 0.021875 0.02890625
2 0.52421875 0.48125 0.01953125 0.0296875
2 0.5515625 0.46875 0.01796875 0.02421875
3 0.55078125 0.4890625 0.0234375 0.03671875
2 0.57109375 0.51875 0.01640625 0.03046875
2 0.584375 0.4234375 0.0109375 0.0390625
1 0.58203125 0.56328125 0.04609375 0.07109375
1 0.50859375 0.61171875 0.05625 0.028125
3 0.5421875 0.64140625 0.025 0.03125
6 0.6125 0.71796875 0.03125 0.04140625
1 0.62421875 0.66875 0.04296875 0.05703125
2 0.703125 0.6109375 0.01484375 0.03515625
4 0.51640625 0.4078125 0.01328125 0.0140625
2 0.62578125 0.384375 0.01796875 0.046875
3 0.70546875 0.16171875 0.02109375 0.05078125
1 0.81328125 0.08125 0.05859375 0.09375