2 0.82109375 0.02109375 0.01875 0.028125
5 0.7984375 0.06015625 0.03828125 0.06171875
6 0.82734375 0.1265625 0.025 0.03515625
2 0.76328125 0.10703125 0.01875 0.03046875
2 0.73828125 0.13984375 0.0203125 0.03125
2 0.75703125 0.14375 0.01953125 0.03203125
2 0.73359375 0.17890625 0.01796875 0.028125
2 0.746875 0.20078125 0.0203125 0.0296875
2 0.6953125 0.209375 0.01796875 0.03203125
0 0.71171875 0.23125 0.01328125 0.021875
0 0.6984375 0.25390625 0.01484375 0.01953125
0 0.6765625 0.27734375 0.0140625 0.01953125
0 0.68984375 0.2890625 0.01171875 0.0234375
2 0.6734375 0.32109375 0.01953125 0.02890625
0 0.671875 0.3 0.01171875 0.01953125
3 0.68203125 0.2453125 0.01484375 0.02890625
2 0.65078125 0.29921875 0.01640625 0.0296875
2 0.65234375 0.35859375 0.01796875 0.034375
2 0.61796875 0.37734375 0.015625 0.02890625
2 0.6015625 0.409375 0.0140625 0.028125
3 0.60625 0.43359375 0.01640625 0.0296875
0 0.63203125 0.34296875 0.0140625 0.0203125
0 0.6484375 0.33203125 0.0109375 0.01953125
0 0.71796875 0.17578125 0.0140625 0.02109375
4 0.82578125 0.0734375 0.00859375 0.01640625
4 0.834375 0.1015625 0.01015625 0.009375
4 0.75625 0.0359375 0.00859375 0.01328125
4 0.7140625 0.20703125 0.009375 0.01328125
4 0.70546875 0.29375 0.00859375 0.015625
4 0.61484375 0.20625 0.01015625 0.0109375
4 0.66328125 0.296875 0.00625 0.0140625
4 0.65546875 0.3140625 0.00703125 0.01171875
4 0.65546875 0.3359375 0.00859375 0.01171875
4 0.68671875 0.33515625 0.009375 0.01171875
4 0.678125 0.3390625 0.00859375 0.00703125
4 0.62890625 0.36796875 0.00703125 0.0109375
4 0.63671875 0.35546875 0.00625 0.0109375
4 0.603125 0.3859375 0.00546875 0.0140625
4 0.61875 0.396875 0.00625 0.0109375
4 0.6109375 0.40390625 0.00625 0.01484375
0 0.67578125 0.07109375 0.01328125 0.01953125
0 0.66171875 0.08515625 0.01171875 0.02421875
2 0.72109375 0.01953125 0.01796875 0.03125
0 0.63671875 0.1953125 0.01484375 0.01875
2 0.56171875 0.434375 0.01953125 0.01875
2 0.51796875 0.43515625 0.02109375 0.0234375
1 0.54609375 0.48125 0.05546875 0.03046875
3 0.57890625 0.496875 0.015625 0.015625
0 0.58203125 0.459375 0.01171875 0.01640625
4 0.5984375 0.4578125 0.01015625 0.0109375
4 0.484375 0.40546875 0.00859375 0.01015625
2 0.4484375 0.40390625 0.01875 0.034375
0 0.45078125 0.378125 0.01328125 0.021875
2 0.69453125 0.65859375 0.01640625 0.03515625
2 0.70625 0.69296875 0.0140625 0.0296875
1 0.590625 0.71875 0.03671875 0.07890625
0 0.56640625 0.6484375 0.0109375 0.021875
2 0.5546875 0.6703125 0.01796875 0.03671875
4 0.55390625 0.63984375 0.00859375 0.01328125
4 0.54453125 0.64296875 0.00703125 0.01328125
4 0.54140625 0.6625 0.00703125 0.0140625
4 0.5359375 0.66640625 0.00625 0.0140625
4 0.57578125 0.66484375 0.00625 0.015625
4 0.56796875 0.70625 0.00625 0.015625
2 0.71328125 0.853125 0.02109375 0.02578125
2 0.78359375 0.97890625 0.0140625 0.0265625
4 0.709375 0.98046875 0.00859375 0.01640625
4 0.7546875 0.90859375 0.00703125 0.01328125
4 0.7453125 0.91953125 0.00703125 0.01171875
4 0.684375 0.76953125 0.0046875 0.01484375
4 0.671875 0.62109375 0.0046875 0.0140625
2 0.271875 0.015625 0.01796875 0.03046875
2 0.2796875 0.0578125 0.01640625 0.03203125
0 0.26015625 0.05546875 0.01328125 0.0234375
0 0.2640625 0.08203125 0.01171875 0.01953125
2 0.296875 0.0140625 0.01875 0.028125
2 0.31328125 0.04921875 0.02109375 0.04140625
2 0.3359375 0.03046875 0.01875 0.03828125
2 0.34296875 0.07890625 0.01640625 0.03125
2 0.33203125 0.09296875 0.01640625 0.03125
2 0.309375 0.0890625 0.01796875 0.034375
2 0.3484375 0.12265625 0.01953125 0.03671875
2 0.36953125 0.1046875 0.01796875 0.03515625
2 0.36953125 0.134375 0.01875 0.03515625
2 0.38671875 0.1390625 0.01640625 0.034375
2 0.3703125 0.16796875 0.01640625 0.034375
2 0.3890625 0.1765625 0.01796875 0.03671875
2 0.40703125 0.1765625 0.01640625 0.03203125
6 0.42578125 0.215625 0.02890625 0.05703125
0 0.45703125 0.23828125 0.01171875 0.02109375
0 0.4453125 0.26484375 0.01171875 0.0234375
2 0.4015625 0.28046875 0.01640625 0.03203125
2 0.371875 0.2890625 0.015625 0.03828125
2 0.371875 0.21796875 0.01796875 0.034375
2 0.39140625 0.2109375 0.01640625 0.03125
2 0.4109375 0.24765625 0.01953125 0.03828125
2 0.4265625 0.28671875 0.01953125 0.03828125
4 0.34296875 0.06171875 0.00703125 0.01328125
4 0.35625 0.0875 0.00859375 0.01640625
4 0.4046875 0.19609375 0.00859375 0.01796875
4 0.40625 0.22109375 0.00625 0.01328125
4 0.41953125 0.1734375 0.00703125 0.01484375
4 0.44296875 0.24609375 0.00546875 0.01484375
4 0.4359375 0.26015625 0.0046875 0.01328125
4 0.42890625 0.2640625 0.00859375 0.01328125
4 0.4140625 0.296875 0.00859375 0.01484375
4 0.26171875 0.034375 0.00625 0.01640625
2 0.321875 0.15546875 0.01640625 0.03515625
4 0.42109375 0.31796875 0.00859375 0.0140625
4 0.3734375 0.3359375 0.00703125 0.015625
4 0.39140625 0.3625 0.00625 0.01484375
4 0.3828125 0.3484375 0.00546875 0.01484375
4 0.40390625 0.4203125 0.00546875 0.01796875
4 0.40390625 0.4640625 0.0046875 0.01484375
2 0.40390625 0.3625 0.0140625 0.0359375
4 0.43671875 0.35 0.00625 0.0140625
2 0.40390625 0.51171875 0.01796875 0.04140625
2 0.3703125 0.5796875 0.01640625 0.0265625
2 0.3859375 0.596875 0.01640625 0.0265625
2 0.36953125 0.61328125 0.01640625 0.028125
2 0.34375 0.62265625 0.01875 0.03359375
2 0.4 0.65078125 0.01640625 0.02890625
3 0.35859375 0.646875 0.01640625 0.0296875
2 0.34375 0.678125 0.01796875 0.0296875
2 0.31953125 0.66640625 0.01875 0.0296875
2 0.29453125 0.70625 0.0203125 0.0359375
2 0.31796875 0.71015625 0.01796875 0.028125
6 0.29296875 0.74921875 0.03046875 0.05
2 0.25703125 0.78046875 0.0203125 0.03359375
2 0.24921875 0.81796875 0.01953125 0.03515625
2 0.228125 0.81328125 0.01796875 0.02578125
2 0.23125 0.8515625 0.0203125 0.03203125
2 0.21484375 0.87890625 0.01640625 0.0296875
2 0.190625 0.87734375 0.02421875 0.03828125
2 0.1984375 0.90703125 0.01796875 0.028125
2 0.17578125 0.93671875 0.01796875 0.0296875
2 0.159375 0.9640625 0.0203125 0.03515625
4 0.1484375 0.93359375 0.00859375 0.0109375
4 0.1609375 0.9171875 0.009375 0.01796875
4 0.171875 0.896875 0.009375 0.015625
4 0.184375 0.90546875 0.00859375 0.01484375
4 0.2578125 0.75390625 0.00859375 0.015625
4 0.271875 0.7265625 0.00859375 0.01953125
4 0.33046875 0.68984375 0.00859375 0.01328125
4 0.34453125 0.65703125 0.00859375 0.01484375
0 0.22890625 0.69296875 0.0140625 0.01953125
2 0.19453125 0.68515625 0.0203125 0.0359375
2 0.184375 0.790625 0.01640625 0.03046875
2 0.16953125 0.7328125 0.01953125 0.03515625