4 0.97265625 0.39375 0.0109375 0.009375
4 0.97734375 0.3828125 0.01171875 0.009375
4 0.60859375 0.3984375 0.01640625 0.01171875
4 0.60703125 0.35625 0.015625 0.01484375
4 0.48046875 0.53828125 0.01484375 0.01640625
4 0.2171875 0.4046875 0.01640625 0.015625
4 0.26171875 0.35390625 0.0140625 0.021875
4 0.009375 0.04609375 0.01015625 0.02578125
2 0.0234375 0.02578125 0.02109375 0.05078125
2 0.05859375 0.01875 0.02578125 0.03671875
2 0.02890625 0.2140625 0.0203125 0.0546875
2 0.01875 0.26875 0.02421875 0.0546875
2 0.1578125 0.2484375 0.0265625 0.05390625
2 0.0484375 0.53671875 0.03515625 0.03203125
2 0.2359375 0.5015625 0.03359375 0.03046875
2 0.23359375 0.55390625 0.03515625 0.03671875
2 0.459375 0.509375 0.028125 0.03203125
2 0.45625 0.56328125 0.0296875 0.03203125
2 0.50078125 0.36796875 0.02890625 0.03125
2 0.7734375 0.18203125 0.02578125 0.0265625
2 0.78046875 0.2640625 0.03046875 0.028125
2 0.9828125 0.3515625 0.02421875 0.028125
0 0.196875 0.3609375 0.01875 0.01640625
6 0.0734375 0.3109375 0.03125 0.06875