2 0.03828125 0.5390625 0.0109375 0.0359375
2 0.059375 0.63359375 0.0203125 0.02109375
2 0.10625 0.66484375 0.0234375 0.01484375
2 0.14921875 0.69140625 0.0203125 0.0234375
2 0.1703125 0.678125 0.0203125 0.01640625
2 0.2109375 0.68671875 0.02109375 0.02421875
2 0.225 0.52109375 0.00859375 0.03125
2 0.2265625 0.48671875 0.00859375 0.04296875
2 0.21640625 0.39296875 0.00859375 0.03671875
2 0.2671875 0.6890625 0.0234375 0.0203125
2 0.315625 0.6765625 0.01953125 0.01953125
2 0.42421875 0.47421875 0.01328125 0.03984375
2 0.421875 0.51328125 0.00703125 0.03515625
2 0.440625 0.64296875 0.01640625 0.028125
2 0.465625 0.6578125 0.0046875 0.0359375
2 0.4515625 0.71015625 0.009375 0.03125
2 0.396875 0.77578125 0.009375 0.02890625
2 0.19921875 0.72421875 0.01796875 0.01328125
2 0.3921875 0.8484375 0.01015625 0.0234375
2 0.39296875 0.86875 0.01875 0.01953125
2 0.390625 0.884375 0.01484375 0.02890625
2 0.3890625 0.95078125 0.01015625 0.02421875
2 0.56640625 0.45859375 0.02109375 0.025
2 0.596875 0.4921875 0.015625 0.02109375
2 0.54453125 0.740625 0.01796875 0.02578125
2 0.53203125 0.74453125 0.01015625 0.03359375
2 0.54375 0.77421875 0.01328125 0.02578125
2 0.53125 0.85625 0.01171875 0.03828125
2 0.56796875 0.97734375 0.01171875 0.01328125
2 0.56640625 0.99140625 0.0140625 0.01640625
2 0.81484375 0.89453125 0.01484375 0.03984375
2 0.840625 0.90625 0.01171875 0.03671875
2 0.853125 0.91015625 0.0109375 0.03828125
2 0.80703125 0.95625 0.0203125 0.01640625
2 0.8046875 0.97578125 0.01640625 0.02109375
2 0.8015625 0.9921875 0.0140625 0.015625
2 0.8984375 0.53515625 0.01796875 0.01796875
2 0.8296875 0.528125 0.02578125 0.02421875
2 0.69140625 0.52109375 0.015625 0.02421875
2 0.69140625 0.5484375 0.01171875 0.0296875
2 0.646875 0.51875 0.0265625 0.01640625
2 0.51875 0.31796875 0.00859375 0.0359375
2 0.71328125 0.2859375 0.01171875 0.03671875
2 0.91875 0.33671875 0.01875 0.01875
1 0.8296875 0.39375 0.04921875 0.02421875
2 0.43359375 0.41875 0.00703125 0.03203125
2 0.46328125 0.72109375 0.01015625 0.04140625
0 0.903125 0.50390625 0.0140625 0.01796875
0 0.72578125 0.51953125 0.01484375 0.01640625
0 0.615625 0.46953125 0.02421875 0.02578125
0 0.69296875 0.32578125 0.01484375 0.01640625
0 0.65390625 0.31875 0.01328125 0.01953125
0 0.55625 0.340625 0.01640625 0.02109375
0 0.53203125 0.3546875 0.01015625 0.021875
0 0.52890625 0.37890625 0.0140625 0.01796875
0 0.76796875 0.3109375 0.01328125 0.01953125
0 0.73828125 0.359375 0.01640625 0.01796875
0 0.540625 0.65 0.00859375 0.021875
0 0.45703125 0.553125 0.01171875 0.02421875
0 0.53671875 0.79765625 0.01015625 0.03515625
0 0.54140625 0.8171875 0.009375 0.0203125
0 0.54296875 0.840625 0.009375 0.02421875
0 0.54375 0.86171875 0.00859375 0.02890625
0 0.54453125 0.88671875 0.01328125 0.03046875
0 0.54375 0.9078125 0.0109375 0.02421875
0 0.540625 0.9609375 0.00859375 0.02578125
0 0.52890625 0.965625 0.00859375 0.0234375
0 0.528125 0.98359375 0.009375 0.028125
0 0.41328125 0.5953125 0.009375 0.01953125
0 0.39921875 0.61015625 0.01171875 0.01875
0 0.42421875 0.66875 0.01015625 0.02578125
0 0.3953125 0.71015625 0.0109375 0.01796875
0 0.38359375 0.68828125 0.015625 0.01484375
0 0.23046875 0.640625 0.01796875 0.01796875
0 0.2359375 0.67734375 0.01171875 0.0203125
0 0.19375 0.65859375 0.01328125 0.0203125
4 0.0734375 0.70546875 0.01796875 0.009375
4 0.1765625 0.696875 0.01328125 0.01171875
4 0.14375 0.6640625 0.01484375 0.01640625
4 0.22578125 0.659375 0.01328125 0.01171875
4 0.221875 0.64765625 0.00703125 0.01328125
4 0.29453125 0.67109375 0.01015625 0.0203125
4 0.334375 0.63359375 0.01015625 0.02421875
4 0.353125 0.64296875 0.01640625 0.01875
4 0.3578125 0.60625 0.01328125 0.01796875
4 0.38828125 0.63359375 0.01171875 0.01484375
4 0.3984375 0.62890625 0.01015625 0.0140625
4 0.41171875 0.62421875 0.01171875 0.021875
4 0.36796875 0.67734375 0.00625 0.01640625
4 0.33828125 0.66640625 0.01015625 0.01171875
4 0.33828125 0.6796875 0.01171875 0.0140625
4 0.32890625 0.6828125 0.01015625 0.01171875
4 0.35078125 0.68671875 0.01015625 0.01484375
4 0.33046875 0.70703125 0.009375 0.0140625
4 0.3859375 0.66875 0.01484375 0.0140625
4 0.4046875 0.67578125 0.009375 0.0140625
4 0.41328125 0.71953125 0.01015625 0.01953125
4 0.44609375 0.7796875 0.00625 0.021875
4 0.43671875 0.79140625 0.00859375 0.0265625
4 0.44375 0.8515625 0.00859375 0.02890625
4 0.44296875 0.88359375 0.009375 0.03125
4 0.446875 0.671875 0.009375 0.03359375
4 0.43828125 0.69921875 0.00859375 0.02890625
4 0.44375 0.70078125 0.00625 0.0203125
4 0.4484375 0.60625 0.009375 0.02421875
4 0.459375 0.628125 0.01015625 0.021875
4 0.45546875 0.63828125 0.00859375 0.0265625
4 0.4578125 0.65625 0.00703125 0.02109375
4 0.521875 0.528125 0.00859375 0.0265625
4 0.5375 0.553125 0.00546875 0.021875
4 0.54296875 0.5390625 0.00546875 0.01640625
4 0.5203125 0.55859375 0.01015625 0.021875
4 0.515625 0.60390625 0.00859375 0.01640625
4 0.515625 0.63671875 0.00859375 0.02578125
4 0.52578125 0.6921875 0.01015625 0.028125
4 0.51796875 0.8140625 0.00859375 0.028125
4 0.5078125 0.92421875 0.00859375 0.02890625
4 0.37890625 0.60859375 0.00859375 0.01875
4 0.4484375 0.46015625 0.00859375 0.02421875
4 0.5265625 0.44609375 0.01171875 0.01875
4 0.55390625 0.38984375 0.01015625 0.025
4 0.5640625 0.92890625 0.0140625 0.0234375
4 0.5859375 0.9703125 0.01015625 0.01953125
4 0.53046875 0.9171875 0.01171875 0.01484375
4 0.01015625 0.703125 0.015625 0.01796875
4 0.99453125 0.33203125 0.00859375 0.02109375
4 0.98359375 0.3515625 0.0109375 0.01953125
4 0.959375 0.35625 0.015625 0.01015625
4 0.96015625 0.36796875 0.01171875 0.01796875
4 0.9734375 0.50546875 0.015625 0.01328125
4 0.9640625 0.5234375 0.0109375 0.02578125
4 0.77578125 0.48515625 0.01015625 0.01875
4 0.759375 0.5 0.015625 0.0234375
4 0.709375 0.4875 0.015625 0.025
4 0.70703125 0.503125 0.0109375 0.01796875
4 0.68203125 0.47578125 0.01875 0.02109375
4 0.68203125 0.49296875 0.01484375 0.02578125
4 0.571875 0.346875 0.01484375 0.01484375
4 0.5375 0.1984375 0.0140625 0.0234375
4 0.521875 0.2640625 0.01015625 0.021875
4 0.5328125 0.08125 0.00859375 0.040625
4 0.70703125 0.3421875 0.01796875 0.01328125
4 0.7390625 0.3125 0.01328125 0.0140625
4 0.534375 0.01640625 0.00859375 0.02421875
4 0.46171875 0.11953125 0.00859375 0.021875
4 0.46640625 0.20625 0.01015625 0.03046875
4 0.45703125 0.23203125 0.00859375 0.02421875
4 0.46171875 0.25 0.00703125 0.028125
4 0.46953125 0.2515625 0.01015625 0.02421875
4 0.45546875 0.29609375 0.0109375 0.01875
2 0.86953125 0.14375 0.01484375 0.03828125
4 0.453125 0.0859375 0.01484375 0.01953125
2 0.61484375 0.521875 0.02109375 0.0234375
2 0.86796875 0.18359375 0.015625 0.03828125
2 0.86875 0.21953125 0.0109375 0.03984375
2 0.7703125 0.26640625 0.01015625 0.03203125
2 0.8109375 0.22265625 0.01015625 0.03359375
2 0.83203125 0.2796875 0.01171875 0.03125
3 0.5796875 0.2640625 0.01640625 0.040625
2 0.56875 0.2078125 0.01640625 0.02421875
2 0.5703125 0.19140625 0.01796875 0.02421875
2 0.5703125 0.17109375 0.021875 0.01796875
2 0.56875 0.1484375 0.01875 0.01796875
2 0.56796875 0.13671875 0.01875 0.0265625
2 0.5859375 0.05625 0.0234375 0.021875
2 0.58203125 0.1078125 0.015625 0.0234375
2 0.6140625 0.0546875 0.0203125 0.0234375
2 0.62109375 0.03046875 0.01796875 0.01484375
2 0.61953125 0.0140625 0.0203125 0.0234375
2 0.54375 0.05078125 0.01328125 0.0453125
2 0.4625 0.0640625 0.009375 0.0359375
2 0.40859375 0.16953125 0.009375 0.02421875
2 0.41875 0.18515625 0.00625 0.034375
2 0.43125 0.1796875 0.01484375 0.01640625
0 0.578125 0.03203125 0.01015625 0.02578125
0 0.55625 0.0453125 0.0109375 0.02578125
0 0.55625 0.13203125 0.0109375 0.0234375
2 0.365625 0.0640625 0.01171875 0.03671875
2 0.34296875 0.10703125 0.02109375 0.021875
2 0.340625 0.059375 0.01171875 0.03828125
2 0.31171875 0.1 0.01796875 0.01484375
2 0.296875 0.09453125 0.01484375 0.01875
2 0.23125 0.0734375 0.01640625 0.01796875
2 0.21328125 0.06875 0.01875 0.01484375
2 0.196875 0.0625 0.015625 0.01171875
2 0.09609375 0.03828125 0.02109375 0.01640625
2 0.234375 0.25703125 0.01328125 0.028125
2 0.21796875 0.30703125 0.01015625 0.03359375
2 0.04609375 0.21953125 0.009375 0.03515625
2 0.05078125 0.0875 0.01015625 0.03828125
2 0.0484375 0.12578125 0.009375 0.03828125