2 0.034375 0.55 0.01328125 0.05546875
2 0.21171875 0.38828125 0.009375 0.03671875
2 0.221875 0.4859375 0.0109375 0.0390625
2 0.21953125 0.525 0.00703125 0.03125
2 0.05390625 0.640625 0.02109375 0.01796875
2 0.2328125 0.6890625 0.01875 0.01640625
2 0.25390625 0.678125 0.01875 0.01953125
2 0.30390625 0.684375 0.02109375 0.0234375
2 0.353125 0.6828125 0.02109375 0.01640625
2 0.3828125 0.67421875 0.0203125 0.01953125
2 0.196875 0.72578125 0.01640625 0.01171875
2 0.39375 0.7734375 0.01171875 0.03828125
2 0.390625 0.84296875 0.01015625 0.021875
2 0.39296875 0.865625 0.01484375 0.01640625
2 0.390625 0.88359375 0.01640625 0.02109375
2 0.38828125 0.94921875 0.0109375 0.02421875
2 0.446875 0.85625 0.00859375 0.04296875
2 0.4578125 0.884375 0.00546875 0.0453125
2 0.46328125 0.665625 0.00703125 0.03984375
2 0.45390625 0.58359375 0.01875 0.03125
2 0.41875 0.5140625 0.009375 0.03671875
2 0.421875 0.46875 0.01015625 0.03046875
2 0.54140625 0.73671875 0.0140625 0.02890625
2 0.53125 0.74453125 0.01015625 0.04140625
2 0.53984375 0.76796875 0.015625 0.03359375
2 0.53046875 0.8546875 0.00859375 0.03359375
2 0.56484375 0.97421875 0.015625 0.01953125
2 0.5640625 0.9890625 0.01640625 0.01484375
2 0.81328125 0.88671875 0.01484375 0.04296875
2 0.83671875 0.90546875 0.01328125 0.04375
2 0.8515625 0.90234375 0.01484375 0.0453125
2 0.8046875 0.9515625 0.021875 0.021875
2 0.80390625 0.96796875 0.01640625 0.0265625
2 0.80078125 0.98515625 0.015625 0.02109375
2 0.828125 0.52109375 0.01796875 0.021875
2 0.89453125 0.52890625 0.0203125 0.01875
2 0.67734375 0.4890625 0.0203125 0.021875
2 0.6859375 0.51796875 0.01875 0.021875
2 0.68828125 0.54453125 0.009375 0.03359375
2 0.6453125 0.5109375 0.02109375 0.01953125
2 0.70859375 0.28203125 0.0109375 0.0296875
2 0.9140625 0.32890625 0.0203125 0.02421875
2 0.465625 0.321875 0.01015625 0.03515625
2 0.453125 0.328125 0.01015625 0.0296875
2 0.61171875 0.51796875 0.01875 0.0140625
2 0.66171875 0.4640625 0.02421875 0.02109375
1 0.68671875 0.371875 0.04609375 0.0265625
0 0.78046875 0.47421875 0.0203125 0.02421875
0 0.728125 0.5140625 0.015625 0.01796875
0 0.68984375 0.31796875 0.01796875 0.01796875
0 0.68125 0.33046875 0.01640625 0.01953125
0 0.646875 0.31484375 0.0140625 0.028125
0 0.61015625 0.359375 0.01484375 0.02421875
0 0.5390625 0.64765625 0.01328125 0.02421875
0 0.534375 0.79375 0.01328125 0.03046875
0 0.540625 0.81484375 0.01015625 0.0234375
0 0.54296875 0.83984375 0.00859375 0.02421875
0 0.54296875 0.86015625 0.00859375 0.02578125
0 0.54296875 0.88203125 0.00859375 0.0234375
0 0.540625 0.96640625 0.0109375 0.03046875
0 0.52890625 0.9625 0.00703125 0.0265625
0 0.528125 0.9828125 0.01015625 0.0234375
0 0.5734375 0.03203125 0.00859375 0.03203125
0 0.5515625 0.04375 0.01171875 0.021875
0 0.54921875 0.1265625 0.00859375 0.02421875
0 0.4546875 0.1703125 0.01015625 0.03046875
0 0.409375 0.60390625 0.01171875 0.02578125
0 0.396875 0.60703125 0.01328125 0.01484375
0 0.39921875 0.6359375 0.01171875 0.01796875
0 0.39375 0.7078125 0.01875 0.01953125
0 0.32265625 0.66953125 0.01484375 0.01953125
0 0.28671875 0.70703125 0.015625 0.01640625
0 0.0734375 0.675 0.015625 0.01640625
0 0.10390625 0.69140625 0.01796875 0.01640625
4 0.03359375 0.703125 0.01328125 0.01875
4 0.06171875 0.69609375 0.01015625 0.01328125
4 0.09296875 0.6609375 0.0140625 0.01640625
4 0.11171875 0.66328125 0.0140625 0.0140625
4 0.140625 0.6859375 0.01171875 0.01796875
4 0.15078125 0.696875 0.0109375 0.01171875
4 0.20546875 0.68359375 0.01015625 0.01484375
4 0.21640625 0.653125 0.015625 0.01796875
4 0.29375 0.64609375 0.0109375 0.01640625
4 0.31796875 0.646875 0.015625 0.01640625
4 0.3296875 0.68515625 0.00859375 0.01171875
4 0.328125 0.7078125 0.0140625 0.01015625
4 0.3765625 0.70390625 0.00859375 0.0140625
4 0.41875 0.66640625 0.01171875 0.028125
4 0.353125 0.60859375 0.01328125 0.01484375
4 0.309375 0.60625 0.01171875 0.01015625
4 0.3671875 0.603125 0.00703125 0.0140625
4 0.421875 0.6140625 0.0109375 0.01328125
4 0.44296875 0.6078125 0.00859375 0.01875
4 0.43125 0.665625 0.00859375 0.01640625
4 0.4390625 0.64765625 0.009375 0.01796875
4 0.4421875 0.69375 0.01015625 0.021875
4 0.45078125 0.69375 0.01015625 0.01875
4 0.45703125 0.709375 0.00703125 0.01875
4 0.45390625 0.75625 0.00859375 0.0234375
4 0.440625 0.84765625 0.00859375 0.02421875
4 0.43359375 0.8796875 0.009375 0.02578125
4 0.44140625 0.884375 0.00859375 0.021875
4 0.509375 0.9125 0.00546875 0.02421875
4 0.51875 0.86015625 0.00859375 0.0234375
4 0.5203125 0.73828125 0.01015625 0.03046875
4 0.51875 0.53203125 0.01640625 0.0265625
4 0.45625 0.490625 0.00546875 0.02421875
4 0.45 0.490625 0.00625 0.01875
4 0.45703125 0.453125 0.0046875 0.01953125
4 0.4515625 0.3765625 0.00859375 0.01953125
4 0.4609375 0.365625 0.01015625 0.0265625
2 0.43203125 0.4125 0.01171875 0.02890625
4 0.459375 0.62578125 0.01171875 0.01015625
4 0.4453125 0.63046875 0.009375 0.01484375
4 0.44765625 0.640625 0.00859375 0.01953125
4 0.51875 0.48671875 0.00859375 0.01796875
4 0.5296875 0.44921875 0.01171875 0.01796875
4 0.54453125 0.45390625 0.00859375 0.025
4 0.5484375 0.5109375 0.01171875 0.01640625
4 0.58515625 0.46953125 0.00859375 0.02109375
4 0.56875 0.49765625 0.00859375 0.0140625
4 0.56328125 0.51328125 0.01015625 0.01328125
4 0.55234375 0.54765625 0.01328125 0.0140625
4 0.55078125 0.565625 0.0109375 0.01796875
4 0.5453125 0.57421875 0.00859375 0.01640625
4 0.65078125 0.4875 0.01015625 0.0234375
4 0.69453125 0.4609375 0.01484375 0.01640625
4 0.85703125 0.496875 0.0140625 0.01328125
4 0.89609375 0.4796875 0.01328125 0.01328125
4 0.89453125 0.496875 0.01796875 0.01171875
4 0.959375 0.49609375 0.0140625 0.01328125
4 0.946875 0.50546875 0.01328125 0.01328125
4 0.8484375 0.3375 0.01171875 0.01953125
4 0.84140625 0.34140625 0.0109375 0.009375
4 0.7984375 0.32578125 0.01328125 0.01328125
4 0.7359375 0.30703125 0.00859375 0.0140625
4 0.53125 0.2015625 0.009375 0.028125
4 0.51875 0.228125 0.0140625 0.028125
4 0.45703125 0.209375 0.0140625 0.02578125
4 0.46484375 0.18203125 0.009375 0.028125
4 0.45703125 0.1125 0.00703125 0.02109375
4 0.98828125 0.32578125 0.01015625 0.025
4 0.515625 0.084375 0.01015625 0.028125
4 0.515625 0.01796875 0.00859375 0.028125
4 0.459375 0.03828125 0.00859375 0.0234375
4 0.45390625 0.04921875 0.009375 0.02421875
4 0.459375 0.00625 0.01328125 0.01171875
4 0.46015625 0.07578125 0.01171875 0.01953125
4 0.45546875 0.0828125 0.01015625 0.01953125
4 0.453125 0.14140625 0.01015625 0.01875
2 0.61484375 0.01171875 0.0203125 0.0234375
2 0.6171875 0.02578125 0.01796875 0.015625
2 0.60859375 0.0484375 0.01875 0.02890625
2 0.58359375 0.0515625 0.025 0.021875
2 0.578125 0.10390625 0.01875 0.01796875
2 0.56640625 0.11640625 0.0203125 0.01796875
2 0.5625 0.128125 0.01796875 0.01953125
2 0.56484375 0.14453125 0.0203125 0.021875
2 0.56640625 0.1640625 0.02109375 0.01328125
2 0.56796875 0.18671875 0.015625 0.02421875
2 0.5625 0.20703125 0.0203125 0.01796875
3 0.5796875 0.259375 0.01640625 0.03984375
2 0.53828125 0.04921875 0.01328125 0.040625
2 0.51796875 0.140625 0.01328125 0.03359375
2 0.40546875 0.17734375 0.00859375 0.05546875
2 0.4140625 0.1796875 0.0109375 0.03203125
2 0.4265625 0.18046875 0.0140625 0.021875
2 0.86796875 0.1390625 0.01015625 0.034375
2 0.865625 0.18046875 0.01328125 0.03359375
2 0.86328125 0.21640625 0.01015625 0.040625
2 0.97890625 0.296875 0.01875 0.01796875
2 0.9625 0.2703125 0.0109375 0.01796875
2 0.8296875 0.27265625 0.00859375 0.02890625
2 0.80703125 0.221875 0.01171875 0.0265625
2 0.76796875 0.26015625 0.01015625 0.03359375
2 0.359375 0.06171875 0.009375 0.0359375
2 0.3375 0.1046875 0.0203125 0.01953125
2 0.3359375 0.05390625 0.0109375 0.03828125
2 0.309375 0.1015625 0.01796875 0.01328125
2 0.29140625 0.09296875 0.01796875 0.01796875
2 0.2265625 0.071875 0.01640625 0.01953125
2 0.19296875 0.06171875 0.01640625 0.01015625
2 0.20703125 0.06640625 0.015625 0.01796875
2 0.18671875 0.0890625 0.01875 0.02109375
2 0.09296875 0.0390625 0.02421875 0.01640625
2 0.04453125 0.08828125 0.01015625 0.03046875
2 0.04296875 0.1234375 0.01015625 0.0359375
2 0.0421875 0.21953125 0.015625 0.02890625
2 0.23046875 0.25625 0.01171875 0.03671875
2 0.21328125 0.3046875 0.00859375 0.03046875
4 0.53359375 0.3484375 0.01015625 0.025
4 0.5609375 0.38125 0.01015625 0.028125