2 0.01328125 0.04921875 0.01796875 0.046875
4 0.01953125 0.0109375 0.0109375 0.01640625
2 0.078125 0.08046875 0.01796875 0.04375
2 0.046875 0.13671875 0.0203125 0.04609375
2 0.03359375 0.18828125 0.01875 0.05390625
2 0.04453125 0.203125 0.01640625 0.03984375
2 0.01875 0.240625 0.01953125 0.05390625
2 0.03671875 0.24453125 0.01796875 0.04140625
0 0.0265625 0.28828125 0.01796875 0.0296875
4 0.00625 0.28203125 0.0109375 0.02421875
3 0.06953125 0.33203125 0.0265625 0.07578125
2 0.1515625 0.2640625 0.021875 0.04375
4 0.0046875 0.39921875 0.00859375 0.01953125
2 0.121875 0.45546875 0.03046875 0.028125
4 0.03984375 0.528125 0.015625 0.01875
2 0.046875 0.5875 0.02890625 0.0265625
6 0.13359375 0.55703125 0.06953125 0.03359375
4 0.134375 0.58203125 0.0234375 0.01796875
4 0.16640625 0.5875 0.015625 0.01796875
0 0.19140625 0.37734375 0.02109375 0.02109375
4 0.2578125 0.36796875 0.01484375 0.01171875
2 0.36015625 0.55625 0.0265625 0.028125
4 0.47734375 0.403125 0.015625 0.01796875
6 0.46640625 0.590625 0.04140625 0.03125
2 0.496875 0.36953125 0.025 0.021875
2 0.7671875 0.16953125 0.028125 0.0296875
2 0.7765625 0.253125 0.028125 0.03046875
4 0.87890625 0.53046875 0.01796875 0.01640625
4 0.9234375 0.48828125 0.0203125 0.01796875