2 0.61953125 0.396875 0.0234375 0.028125
2 0.596875 0.34609375 0.02890625 0.03203125
2 0.54140625 0.36953125 0.025 0.028125
2 0.57734375 0.375 0.02578125 0.0265625
4 0.578125 0.4125 0.01640625 0.01796875
4 0.58125 0.4015625 0.01875 0.0203125
4 0.5890625 0.39296875 0.01953125 0.01640625
2 0.553125 0.40390625 0.02578125 0.02890625
2 0.51875 0.390625 0.02890625 0.02578125
2 0.50390625 0.3640625 0.02890625 0.02890625
4 0.565625 0.3265625 0.01328125 0.02421875
4 0.55703125 0.309375 0.0140625 0.025
4 0.62578125 0.3609375 0.01171875 0.0203125
4 0.63359375 0.35390625 0.015625 0.01875
1 0.49140625 0.3203125 0.05546875 0.05
2 0.4578125 0.359375 0.0265625 0.02578125
2 0.45703125 0.38046875 0.0296875 0.028125
4 0.46796875 0.39609375 0.015625 0.0203125
4 0.46171875 0.4140625 0.01796875 0.0203125
3 0.66015625 0.359375 0.0265625 0.034375
4 0.68671875 0.35390625 0.01796875 0.02421875
2 0.72109375 0.390625 0.02890625 0.02890625
0 0.68203125 0.39375 0.0203125 0.02890625
4 0.76015625 0.43515625 0.0140625 0.0234375
4 0.7265625 0.43359375 0.01796875 0.021875
2 0.734375 0.41484375 0.02890625 0.02890625
2 0.68359375 0.421875 0.02578125 0.03125
3 0.640625 0.43359375 0.02890625 0.02421875
4 0.59921875 0.421875 0.015625 0.01796875
4 0.79609375 0.38828125 0.021875 0.021875
4 0.91328125 0.43984375 0.01875 0.025
4 0.91640625 0.4 0.0203125 0.0234375
4 0.978125 0.42734375 0.0234375 0.01953125
3 0.9234375 0.18671875 0.02109375 0.02890625
4 0.86875 0.21953125 0.01640625 0.01875
4 0.85859375 0.1921875 0.01796875 0.01875
2 0.83671875 0.18046875 0.02578125 0.0296875
2 0.77890625 0.159375 0.0203125 0.0484375
2 0.81953125 0.03203125 0.0234375 0.04296875
4 0.70625 0.12890625 0.01171875 0.02109375
4 0.696875 0.128125 0.0109375 0.02109375
4 0.68203125 0.1296875 0.009375 0.02890625
2 0.63671875 0.01171875 0.0140625 0.0234375
2 0.62421875 0.015625 0.01953125 0.03046875
2 0.56015625 0.08046875 0.02421875 0.04296875
2 0.484375 0.10546875 0.0203125 0.05859375
4 0.471875 0.1375 0.0140625 0.02421875
4 0.45625 0.1453125 0.01640625 0.01953125
0 0.48671875 0.23046875 0.02109375 0.0390625
2 0.39296875 0.32890625 0.0265625 0.02890625
2 0.4171875 0.35078125 0.02578125 0.03203125
4 0.4234375 0.36953125 0.01484375 0.01796875
4 0.4140625 0.39140625 0.015625 0.01875
0 0.40546875 0.371875 0.02578125 0.028125
4 0.3671875 0.378125 0.01484375 0.01875
4 0.36015625 0.365625 0.01484375 0.01484375
4 0.34453125 0.35625 0.01484375 0.015625
2 0.34375 0.31875 0.0265625 0.0265625
2 0.30859375 0.3359375 0.028125 0.02890625
4 0.296875 0.35703125 0.0140625 0.01640625
4 0.27421875 0.36015625 0.01796875 0.015625
4 0.26953125 0.346875 0.01484375 0.01484375
4 0.27109375 0.32890625 0.015625 0.01640625
4 0.240625 0.35234375 0.015625 0.01953125
4 0.1984375 0.34140625 0.0140625 0.01640625
4 0.18984375 0.328125 0.0140625 0.02109375
0 0.203125 0.3234375 0.021875 0.02421875
2 0.2546875 0.30703125 0.02890625 0.0265625
2 0.240625 0.3265625 0.02421875 0.03046875
2 0.18515625 0.30234375 0.0265625 0.0265625
4 0.159375 0.340625 0.01171875 0.021875
4 0.1578125 0.32578125 0.01640625 0.02109375
2 0.13359375 0.30078125 0.02578125 0.0265625
4 0.109375 0.32421875 0.01640625 0.01640625
4 0.09453125 0.32890625 0.015625 0.015625
2 0.09921875 0.28203125 0.0296875 0.0265625
0 0.0875 0.3109375 0.02421875 0.0234375
4 0.07109375 0.29140625 0.01640625 0.0203125
4 0.05859375 0.31328125 0.01640625 0.01796875
4 0.0359375 0.3125 0.01640625 0.025
2 0.04140625 0.2953125 0.03046875 0.03046875
2 0.03046875 0.2671875 0.034375 0.03046875
0 0.02578125 0.06171875 0.025 0.03125
0 0.09453125 0.04296875 0.01796875 0.03671875
4 0.01171875 0.05859375 0.015625 0.01953125
4 0.03203125 0.0265625 0.01796875 0.0234375
0 0.04140625 0.01328125 0.025 0.02578125
2 0.2453125 0.1640625 0.0265625 0.03046875
4 0.2828125 0.1578125 0.01875 0.021875
4 0.29296875 0.1390625 0.015625 0.03046875
4 0.3765625 0.12421875 0.0140625 0.0234375
2 0.334375 0.15625 0.025 0.02421875
2 0.340625 0.190625 0.03203125 0.03359375
2 0.33671875 0.2125 0.03046875 0.0296875
4 0.4015625 0.1359375 0.0140625 0.025
4 0.38671875 0.14375 0.01484375 0.021875
4 0.41015625 0.14296875 0.01640625 0.01640625
4 0.4234375 0.15078125 0.01640625 0.0140625
4 0.42421875 0.15703125 0.01640625 0.01875
4 0.4265625 0.16875 0.015625 0.01640625
4 0.42109375 0.17578125 0.01640625 0.01171875
4 0.42109375 0.18359375 0.01171875 0.01875
2 0.3734375 0.178125 0.025 0.02578125
2 0.3984375 0.17109375 0.0296875 0.03203125
3 0.40546875 0.153125 0.0234375 0.028125
4 0.41875 0.23359375 0.015625 0.01796875
4 0.40703125 0.23125 0.01328125 0.015625
4 0.39921875 0.234375 0.01171875 0.01796875
2 0.39453125 0.2203125 0.021875 0.02421875
2 0.36953125 0.215625 0.0296875 0.02890625
2 0.38515625 0.1984375 0.0265625 0.025
2 0.4171875 0.203125 0.03359375 0.02890625
4 0.39921875 0.1859375 0.01640625 0.02109375
4 0.41015625 0.1875 0.01640625 0.01484375
4 0.421875 0.21796875 0.01796875 0.01875
4 0.41328125 0.225 0.0140625 0.01640625
4 0.4109375 0.2140625 0.01640625 0.01796875
4 0.58671875 0.5171875 0.01015625 0.0234375
0 0.56953125 0.56875 0.01796875 0.03671875
2 0.5265625 0.7609375 0.01796875 0.04921875
4 0.51171875 0.88046875 0.0109375 0.02421875
4 0.503125 0.94921875 0.0109375 0.03359375
2 0.45703125 0.97890625 0.01640625 0.04140625
2 0.465625 0.903125 0.01875 0.0453125
2 0.43515625 0.9921875 0.01640625 0.015625
2 0.47109375 0.828125 0.01796875 0.03984375
2 0.45625 0.80078125 0.01953125 0.04453125
4 0.453125 0.7421875 0.01171875 0.02578125
2 0.46875 0.69921875 0.0203125 0.04375
2 0.48828125 0.646875 0.01875 0.0453125
2 0.47421875 0.640625 0.01953125 0.04921875
2 0.48671875 0.60703125 0.0203125 0.04453125
4 0.465625 0.58671875 0.01015625 0.02890625
0 0.4734375 0.59921875 0.01484375 0.0359375
4 0.50078125 0.56484375 0.01015625 0.021875
4 0.5046875 0.54375 0.01015625 0.02109375
4 0.47578125 0.54140625 0.00859375 0.0234375
2 0.48046875 0.56015625 0.015625 0.0515625
2 0.49296875 0.559375 0.015625 0.04921875
0 0.49453125 0.51640625 0.01171875 0.0359375
2 0.50625 0.5125 0.01796875 0.0484375
4 0.4734375 0.4859375 0.009375 0.02421875
4 0.48046875 0.4859375 0.009375 0.0203125
4 0.47421875 0.50859375 0.009375 0.0265625
2 0.484375 0.51328125 0.01953125 0.0515625
4 0.378125 0.43125 0.0140625 0.01875
6 0.34375 0.409375 0.02421875 0.028125
4 0.33046875 0.42109375 0.01640625 0.01640625
4 0.2984375 0.57890625 0.01171875 0.01796875
4 0.29609375 0.5875 0.0140625 0.01328125
4 0.29609375 0.596875 0.0140625 0.01484375
2 0.08671875 0.56171875 0.02578125 0.02890625
2 0.04140625 0.5546875 0.025 0.021875
2 0.03515625 0.58046875 0.02578125 0.02890625
2 0.03125 0.66875 0.0296875 0.03515625