6 0.83046875 0.13515625 0.02578125 0.0359375
2 0.72890625 0.1828125 0.01796875 0.03125
2 0.715625 0.2484375 0.0203125 0.03515625
2 0.684375 0.24921875 0.01640625 0.03046875
5 0.66171875 0.2984375 0.034375 0.06015625
4 0.7015625 0.29453125 0.01015625 0.0140625
4 0.73984375 0.2265625 0.01015625 0.01328125
2 0.87109375 0.18828125 0.01484375 0.034375
4 0.82890625 0.0328125 0.01015625 0.01328125
4 0.7984375 0.12578125 0.00703125 0.01484375
2 0.72421875 0.02734375 0.01875 0.03125
2 0.71015625 0.01328125 0.01796875 0.0265625
0 0.6796875 0.07890625 0.01171875 0.02109375
0 0.66640625 0.09140625 0.01171875 0.025
0 0.62421875 0.0859375 0.01171875 0.0140625
2 0.56328125 0.22109375 0.01953125 0.01953125
2 0.50078125 0.18671875 0.0203125 0.028125
2 0.2515625 0.015625 0.01953125 0.03046875
0 0.26875 0.01328125 0.01328125 0.025
2 0.2765625 0.04296875 0.01640625 0.0296875
2 0.3015625 0.01328125 0.01953125 0.0265625
2 0.31796875 0.0125 0.015625 0.025
2 0.340625 0.03046875 0.01953125 0.03828125
2 0.31796875 0.04765625 0.02109375 0.04140625
2 0.3078125 0.07890625 0.01640625 0.03203125
2 0.35078125 0.08515625 0.01484375 0.03359375
2 0.37421875 0.10546875 0.01875 0.0359375
2 0.35234375 0.12265625 0.01875 0.0390625
3 0.390625 0.1390625 0.01640625 0.03359375
2 0.41015625 0.178125 0.01640625 0.03203125
2 0.39296875 0.178125 0.01796875 0.03515625
2 0.3734375 0.16796875 0.01796875 0.03203125
2 0.3953125 0.21171875 0.01640625 0.03359375
6 0.43046875 0.21953125 0.0265625 0.0546875
2 0.41953125 0.26015625 0.0203125 0.0390625
0 0.378125 0.25390625 0.01171875 0.02421875
0 0.4 0.290625 0.01171875 0.021875
3 0.415625 0.31015625 0.0140625 0.025
4 0.371875 0.06640625 0.00703125 0.0140625
4 0.34765625 0.06171875 0.00546875 0.01484375
4 0.3609375 0.08828125 0.00625 0.0140625
4 0.3203125 0.12265625 0.00703125 0.0140625
4 0.3921875 0.11640625 0.00859375 0.015625
4 0.409375 0.09140625 0.00859375 0.015625
4 0.409375 0.14921875 0.00703125 0.01328125
4 0.42265625 0.17421875 0.0046875 0.0109375
4 0.41171875 0.228125 0.00625 0.015625
4 0.3859375 0.23828125 0.00625 0.01328125
4 0.3734375 0.2078125 0.009375 0.01484375
0 0.334375 0.146875 0.01328125 0.02109375
4 0.36328125 0.2671875 0.00859375 0.01640625
4 0.38203125 0.303125 0.00625 0.01484375
4 0.39375 0.3109375 0.00625 0.015625
4 0.3890625 0.29140625 0.00703125 0.0140625
4 0.4 0.30859375 0.00625 0.01484375
4 0.409375 0.3296875 0.00703125 0.0140625
4 0.44140625 0.2921875 0.00546875 0.01171875
4 0.45078125 0.3015625 0.00546875 0.01328125
4 0.46171875 0.3171875 0.00546875 0.01015625
4 0.46171875 0.328125 0.00703125 0.01171875
4 0.47109375 0.31328125 0.00703125 0.015625
2 0.403125 0.36875 0.01484375 0.03984375
2 0.43671875 0.378125 0.01796875 0.0265625
2 0.45859375 0.3765625 0.01953125 0.0296875
2 0.471875 0.41484375 0.01953125 0.02890625
2 0.51796875 0.4453125 0.0203125 0.028125
0 0.49140625 0.5265625 0.01328125 0.01640625
4 0.5484375 0.45546875 0.009375 0.01171875
4 0.52109375 0.47421875 0.009375 0.01015625
4 0.51640625 0.48359375 0.009375 0.01171875
4 0.40703125 0.471875 0.00546875 0.01640625
4 0.403125 0.43203125 0.00625 0.01953125
2 0.39375 0.5375 0.01953125 0.03046875
4 0.4546875 0.3953125 0.009375 0.01171875
2 0.13828125 0.95546875 0.0203125 0.0296875
2 0.1421875 0.98671875 0.01953125 0.02578125
2 0.15859375 0.95859375 0.0203125 0.0359375
2 0.17109375 0.90546875 0.021875 0.034375
2 0.19921875 0.903125 0.01796875 0.0296875
2 0.2140625 0.87578125 0.01796875 0.0265625
2 0.2 0.85546875 0.01640625 0.02890625
2 0.23046875 0.8484375 0.01953125 0.03515625
2 0.2515625 0.81171875 0.0203125 0.03359375
2 0.234375 0.80390625 0.01796875 0.03046875
2 0.271875 0.78203125 0.01875 0.0359375
2 0.18359375 0.78671875 0.01640625 0.0265625
2 0.2640625 0.74765625 0.01796875 0.03125
0 0.2296875 0.68828125 0.01328125 0.02421875
2 0.19609375 0.68046875 0.0203125 0.03515625
6 0.2921875 0.74765625 0.03046875 0.05078125
2 0.31640625 0.70859375 0.01640625 0.028125
2 0.29375 0.6984375 0.01796875 0.03125
2 0.34375 0.6765625 0.01875 0.03359375
2 0.334375 0.64140625 0.01640625 0.03046875
3 0.35859375 0.64453125 0.01640625 0.03046875
2 0.38828125 0.66640625 0.01640625 0.03046875
2 0.3703125 0.61328125 0.01640625 0.028125
2 0.36875 0.58203125 0.01875 0.03125
2 0.38671875 0.59609375 0.01640625 0.028125
4 0.3828125 0.578125 0.00703125 0.0109375
4 0.34921875 0.6421875 0.00546875 0.00859375
4 0.34609375 0.6546875 0.00625 0.01171875
4 0.33046875 0.66640625 0.00546875 0.00859375
4 0.33046875 0.68828125 0.00859375 0.0109375
4 0.31796875 0.6921875 0.00703125 0.009375
4 0.29609375 0.66640625 0.00625 0.009375
4 0.32890625 0.7421875 0.00703125 0.01484375
4 0.246875 0.771875 0.00703125 0.0109375
4 0.259375 0.78203125 0.00703125 0.01328125
4 0.2625 0.8859375 0.00625 0.01171875
0 0.33671875 0.521875 0.0140625 0.021875
4 0.3296875 0.53359375 0.00546875 0.01484375
2 0.2375 0.515625 0.01640625 0.03515625
0 0.78125 0.98671875 0.01171875 0.02578125
4 0.7546875 0.91640625 0.00703125 0.01484375
4 0.68359375 0.7765625 0.00546875 0.01640625
1 0.59140625 0.72421875 0.0359375 0.07890625
0 0.5671875 0.6515625 0.01171875 0.02421875
0 0.546875 0.684375 0.01015625 0.0234375
0 0.5578125 0.715625 0.0109375 0.021875
2 0.50703125 0.671875 0.01953125 0.034375
4 0.5328125 0.67578125 0.00703125 0.0140625
4 0.54296875 0.66484375 0.00546875 0.0140625
4 0.55703125 0.65625 0.00625 0.01328125
4 0.5546875 0.64375 0.00546875 0.01015625
4 0.56484375 0.66953125 0.00625 0.01484375
4 0.5765625 0.66875 0.00625 0.0140625
4 0.5671875 0.684375 0.00625 0.01484375
4 0.56640625 0.7 0.00625 0.01640625
2 0.61953125 0.94296875 0.01953125 0.02421875
0 0.484375 0.32421875 0.01015625 0.021875
0 0.48828125 0.3546875 0.01171875 0.02109375
0 0.5 0.34296875 0.01171875 0.0234375
2 0.63828125 0.38359375 0.0140625 0.0265625
2 0.62109375 0.3734375 0.01640625 0.03203125
2 0.60546875 0.40859375 0.01796875 0.034375
2 0.33203125 0.88046875 0.01484375 0.03125
2 0.16953125 0.72578125 0.0203125 0.03203125
2 0.69453125 0.6640625 0.01640625 0.0359375
2 0.70625 0.69921875 0.0140625 0.0296875