4 0.278125 0.5703125 0.01015625 0.01015625
2 0.2625 0.59375 0.01875 0.01640625
2 0.23203125 0.40703125 0.0140625 0.03125
2 0.28046875 0.44609375 0.01953125 0.021875
2 0.196875 0.3078125 0.009375 0.034375
0 0.23125 0.2984375 0.01171875 0.0203125
0 0.2421875 0.296875 0.00703125 0.0203125
0 0.15546875 0.40859375 0.01328125 0.01484375
0 0.03359375 0.43515625 0.015625 0.0140625
4 0.11328125 0.43984375 0.01328125 0.009375
4 0.18671875 0.3859375 0.00703125 0.01484375
4 0.228125 0.359375 0.00625 0.01796875
0 0.19609375 0.35546875 0.00859375 0.0203125
4 0.240625 0.15703125 0.00625 0.01796875
2 0.72578125 0.53046875 0.01796875 0.015625
2 0.72578125 0.51484375 0.01796875 0.015625
2 0.7453125 0.53359375 0.01640625 0.01484375
2 0.69609375 0.54921875 0.01875 0.01328125
2 0.69375 0.51796875 0.015625 0.01484375
0 0.70703125 0.5109375 0.01328125 0.01015625
0 0.6984375 0.53515625 0.0109375 0.01015625
4 0.7859375 0.553125 0.01015625 0.009375
4 0.68125 0.5421875 0.00859375 0.009375
4 0.678125 0.559375 0.01015625 0.00703125
4 0.6703125 0.56875 0.0109375 0.00703125
4 0.68828125 0.56171875 0.00859375 0.01015625
4 0.7078125 0.54140625 0.01015625 0.009375
4 0.728125 0.553125 0.01015625 0.009375
4 0.759375 0.540625 0.01171875 0.01015625
4 0.78046875 0.54140625 0.01171875 0.009375
4 0.82578125 0.515625 0.01328125 0.01171875
4 0.8734375 0.50546875 0.015625 0.01015625
0 0.890625 0.52890625 0.01484375 0.01484375
4 0.9265625 0.5296875 0.0109375 0.00859375
4 0.94921875 0.49921875 0.01171875 0.00859375
4 0.621875 0.696875 0.00546875 0.01640625
4 0.56796875 0.728125 0.00390625 0.01796875
4 0.5640625 0.69453125 0.0046875 0.0203125
4 0.57109375 0.65 0.0046875 0.015625
4 0.57578125 0.66640625 0.0046875 0.01484375
4 0.5671875 0.646875 0.0046875 0.015625
4 0.55390625 0.659375 0.00546875 0.01484375
4 0.55703125 0.653125 0.00390625 0.01484375
4 0.56171875 0.675 0.0046875 0.0140625
2 0.58203125 0.92734375 0.00859375 0.03671875
2 0.5640625 0.859375 0.01015625 0.03828125
2 0.5640625 0.8125 0.00703125 0.03203125
2 0.571875 0.81953125 0.00859375 0.034375
2 0.584375 0.81953125 0.00859375 0.03125
2 0.5859375 0.78515625 0.00859375 0.028125
2 0.57421875 0.78046875 0.00859375 0.03203125
2 0.57578125 0.7359375 0.00859375 0.028125
2 0.57421875 0.7015625 0.00859375 0.03046875
2 0.58515625 0.70625 0.00859375 0.03125
2 0.58671875 0.66875 0.00859375 0.02890625
2 0.56796875 0.67265625 0.00625 0.02578125
0 0.565625 0.77890625 0.00546875 0.01953125
0 0.57265625 0.8484375 0.00625 0.02109375
0 0.5765625 0.64921875 0.00546875 0.02109375
4 0.80859375 0.38671875 0.00703125 0.009375
4 0.790625 0.39609375 0.01171875 0.0109375
4 0.7984375 0.36953125 0.00859375 0.01015625
4 0.5953125 0.55 0.00859375 0.015625
0 0.6515625 0.3796875 0.0140625 0.01640625
0 0.5671875 0.378125 0.01015625 0.01171875
2 0.83046875 0.34296875 0.01796875 0.0140625
2 0.78359375 0.3359375 0.00859375 0.028125
4 0.81796875 0.340625 0.00703125 0.009375
4 0.64140625 0.65703125 0.01015625 0.01640625
4 0.5625 0.646875 0.00390625 0.0140625
4 0.56171875 0.6609375 0.0046875 0.01328125
4 0.57890625 0.66796875 0.00390625 0.01171875
4 0.58125 0.678125 0.00390625 0.01328125
4 0.56796875 0.6984375 0.0046875 0.01328125
4 0.56796875 0.7109375 0.00390625 0.0140625
4 0.5640625 0.72578125 0.0046875 0.01484375
4 0.55625 0.825 0.00546875 0.01484375
0 0.55625 0.80546875 0.00625 0.02109375