2 0.04453125 0.9640625 0.01875 0.03046875
2 0.09765625 0.87578125 0.01796875 0.03359375
2 0.10390625 0.91875 0.02109375 0.03515625
2 0.2109375 0.98046875 0.01875 0.03671875
2 0.23203125 0.953125 0.01953125 0.03828125
2 0.28046875 0.8296875 0.0203125 0.02421875
2 0.18203125 0.790625 0.01875 0.02890625
2 0.2140625 0.75078125 0.0203125 0.028125
2 0.22890625 0.72734375 0.01875 0.02421875
2 0.2421875 0.70625 0.01875 0.0296875
2 0.25078125 0.71875 0.01796875 0.0265625
2 0.2671875 0.7 0.01796875 0.02421875
2 0.25859375 0.68984375 0.01875 0.0296875
2 0.28359375 0.67890625 0.01640625 0.0296875
2 0.2984375 0.659375 0.021875 0.025
2 0.29453125 0.64609375 0.01953125 0.0296875
2 0.31484375 0.64453125 0.01796875 0.03203125
2 0.32578125 0.82890625 0.01953125 0.03125
2 0.33046875 0.621875 0.01875 0.02890625
2 0.3265625 0.609375 0.01875 0.02578125
2 0.3453125 0.5984375 0.01875 0.03046875
2 0.43125 0.56953125 0.01640625 0.0296875
2 0.42109375 0.5140625 0.015625 0.03203125
2 0.39453125 0.45078125 0.01640625 0.034375
2 0.35 0.30546875 0.015625 0.03515625
2 0.33046875 0.321875 0.01484375 0.03515625
2 0.33125 0.25234375 0.01796875 0.03125
2 0.2640625 0.10390625 0.01796875 0.034375
2 0.3140625 0.02734375 0.0203125 0.03828125
2 0.321875 0.01328125 0.01875 0.02578125
2 0.33359375 0.01171875 0.0171875 0.0234375
2 0.396875 0.19609375 0.01875 0.03359375
2 0.396875 0.21640625 0.015625 0.0296875
2 0.40859375 0.234375 0.01875 0.03515625
2 0.4234375 0.23125 0.01875 0.03125
2 0.42578125 0.25625 0.01171875 0.028125
2 0.415625 0.26640625 0.015625 0.03046875
2 0.41640625 0.29375 0.01484375 0.0265625
2 0.4265625 0.290625 0.01875 0.0359375
2 0.43828125 0.28984375 0.01640625 0.02890625
2 0.440625 0.2625 0.0140625 0.0265625
2 0.534375 0.409375 0.01796875 0.01875
2 0.584375 0.45078125 0.01875 0.025
2 0.60546875 0.54921875 0.01171875 0.0390625
2 0.58359375 0.20078125 0.01640625 0.02890625
2 0.55546875 0.22421875 0.0140625 0.03515625
2 0.56796875 0.13984375 0.01171875 0.03203125
2 0.55625 0.0546875 0.01328125 0.03125
2 0.59296875 0.0640625 0.0203125 0.028125
2 0.64140625 0.3125 0.021875 0.02421875
2 0.796875 0.16875 0.0140625 0.034375
2 0.8109375 0.17734375 0.01953125 0.02578125
2 0.8234375 0.14609375 0.015625 0.03359375
2 0.871875 0.08203125 0.0203125 0.03125
2 0.9390625 0.01015625 0.02109375 0.0203125
2 0.92734375 0.228125 0.02109375 0.02890625
2 0.93828125 0.2125 0.01796875 0.03203125
2 0.946875 0.20625 0.01953125 0.03359375
2 0.815625 0.234375 0.02109375 0.0265625
2 0.82109375 0.25078125 0.0203125 0.03203125
2 0.79609375 0.25390625 0.01875 0.028125
2 0.803125 0.2640625 0.01875 0.028125
2 0.78046875 0.2734375 0.02109375 0.025
2 0.78828125 0.28984375 0.01953125 0.03046875
2 0.7515625 0.30859375 0.01640625 0.02578125
2 0.75703125 0.3265625 0.01328125 0.021875
2 0.7328125 0.3328125 0.0203125 0.03203125
2 0.740625 0.34453125 0.01953125 0.0203125
2 0.7390625 0.36171875 0.01796875 0.02109375
2 0.7265625 0.3609375 0.01875 0.02421875
2 0.71171875 0.353125 0.01953125 0.025
2 0.71015625 0.38203125 0.01796875 0.02578125
2 0.68125 0.38828125 0.0140625 0.02890625
2 0.68359375 0.40546875 0.0203125 0.028125
2 0.66796875 0.4125 0.0203125 0.03125
2 0.72109375 0.57421875 0.01484375 0.03359375
2 0.86796875 0.74921875 0.015625 0.03203125
2 0.8828125 0.76171875 0.0140625 0.02890625
2 0.90703125 0.77578125 0.015625 0.02890625
2 0.94375 0.821875 0.01953125 0.03671875
2 0.9515625 0.84140625 0.0203125 0.02890625
2 0.9609375 0.8609375 0.0203125 0.02421875
2 0.9734375 0.87734375 0.02109375 0.01953125
2 0.98125 0.90390625 0.02421875 0.028125
2 0.9015625 0.94921875 0.0203125 0.0265625
2 0.87578125 0.92890625 0.0203125 0.03125
2 0.8578125 0.89296875 0.01640625 0.02578125
2 0.74609375 0.796875 0.0234375 0.0265625
2 0.671875 0.73125 0.021875 0.025
2 0.59296875 0.715625 0.0203125 0.0265625
2 0.5921875 0.6453125 0.0140625 0.03046875
2 0.5640625 0.64296875 0.0140625 0.03203125
2 0.53671875 0.68671875 0.0203125 0.02421875
2 0.51328125 0.65625 0.021875 0.03359375
2 0.47578125 0.61796875 0.01953125 0.0265625
2 0.553125 0.78125 0.021875 0.028125
2 0.4734375 0.8109375 0.015625 0.03359375
2 0.3734375 0.9609375 0.02109375 0.03046875
2 0.32890625 0.95703125 0.01953125 0.0234375
4 0.05546875 0.98515625 0.01328125 0.0203125
4 0.05546875 0.8671875 0.01015625 0.015625
4 0.06328125 0.88046875 0.01171875 0.01796875
4 0.08203125 0.85390625 0.00859375 0.0140625
4 0.08828125 0.84921875 0.00625 0.0140625
4 0.09375 0.84609375 0.00625 0.01484375
4 0.1078125 0.83203125 0.00625 0.01171875
4 0.1109375 0.82421875 0.00703125 0.0140625
4 0.11640625 0.821875 0.0046875 0.01328125
4 0.1203125 0.90546875 0.01171875 0.02109375
4 0.1296875 0.88125 0.01015625 0.01796875
4 0.16328125 0.9875 0.0109375 0.0203125
4 0.203125 0.7375 0.00859375 0.01875
4 0.25390625 0.678125 0.00859375 0.01328125
4 0.25859375 0.65859375 0.0109375 0.01328125
4 0.2609375 0.67421875 0.00859375 0.01171875
4 0.26796875 0.66640625 0.009375 0.009375
4 0.275 0.65703125 0.009375 0.01015625
4 0.28203125 0.65 0.009375 0.0109375
4 0.2953125 0.61484375 0.00859375 0.0109375
4 0.30859375 0.6265625 0.00859375 0.009375
4 0.31640625 0.62265625 0.01015625 0.01484375
4 0.3359375 0.58125 0.00859375 0.0140625
4 0.32890625 0.59453125 0.00625 0.01328125
4 0.30078125 0.85859375 0.00859375 0.01328125
4 0.3984375 0.534375 0.00703125 0.01875
4 0.409375 0.4859375 0.009375 0.015625
4 0.36328125 0.359375 0.00859375 0.01640625
4 0.33515625 0.30078125 0.00703125 0.01484375
4 0.33359375 0.2765625 0.00859375 0.015625
4 0.2765625 0.11640625 0.00703125 0.015625
4 0.23203125 0.0234375 0.00859375 0.01640625
4 0.37109375 0.07890625 0.00703125 0.0140625
4 0.35859375 0.1328125 0.00859375 0.01796875
4 0.390625 0.13671875 0.00859375 0.01484375
4 0.39609375 0.13046875 0.00859375 0.01328125
4 0.39921875 0.1359375 0.00859375 0.01015625
4 0.40234375 0.1234375 0.00625 0.01015625
4 0.40859375 0.13671875 0.00859375 0.01015625
4 0.403125 0.14140625 0.00859375 0.01328125
4 0.40546875 0.15625 0.009375 0.009375
4 0.40625 0.1640625 0.0046875 0.0140625
4 0.4109375 0.1640625 0.00703125 0.01328125
4 0.4015625 0.18359375 0.01015625 0.01640625
4 0.4140625 0.1734375 0.00625 0.0109375
4 0.41796875 0.17734375 0.0046875 0.0140625
4 0.41796875 0.15625 0.00625 0.0109375
4 0.42109375 0.159375 0.00546875 0.01328125
4 0.425 0.17265625 0.00546875 0.01484375
4 0.42890625 0.1796875 0.00859375 0.01171875
4 0.43828125 0.18984375 0.00859375 0.01328125
4 0.446875 0.28203125 0.00703125 0.01484375
4 0.44609375 0.29296875 0.00859375 0.0140625
4 0.48046875 0.31796875 0.00703125 0.0109375
4 0.51953125 0.3734375 0.009375 0.01484375
4 0.5265625 0.353125 0.01015625 0.0140625
4 0.54375 0.340625 0.009375 0.0109375
4 0.59140625 0.3625 0.00625 0.0203125
4 0.60078125 0.36796875 0.00625 0.01640625
4 0.6796875 0.30078125 0.0109375 0.01171875
4 0.75078125 0.221875 0.00703125 0.0109375
4 0.7546875 0.21875 0.00859375 0.0140625
4 0.8140625 0.15859375 0.00859375 0.01015625
4 0.79375 0.30625 0.01015625 0.01484375
4 0.74453125 0.3265625 0.009375 0.0140625
4 0.7515625 0.34765625 0.01171875 0.01484375
4 0.72421875 0.37109375 0.0109375 0.01171875
4 0.72578125 0.38359375 0.00859375 0.00703125
4 0.71953125 0.38125 0.01015625 0.00859375
4 0.71796875 0.38828125 0.00859375 0.01015625
4 0.71328125 0.39140625 0.00859375 0.00859375
4 0.7140625 0.39765625 0.00859375 0.00625
4 0.696875 0.39765625 0.00859375 0.0109375
4 0.703125 0.3984375 0.00859375 0.009375
4 0.70703125 0.40546875 0.00703125 0.01015625
4 0.696875 0.40625 0.00625 0.01328125
4 0.6890625 0.409375 0.00703125 0.01953125
4 0.69375 0.4234375 0.009375 0.00859375
4 0.68125 0.41875 0.00859375 0.0109375
4 0.684375 0.4234375 0.00703125 0.01171875
4 0.6875 0.43046875 0.00859375 0.01015625
4 0.690625 0.43671875 0.009375 0.00703125
4 0.6828125 0.44140625 0.00703125 0.0109375
4 0.6765625 0.4609375 0.009375 0.00625
4 0.67109375 0.45390625 0.00859375 0.00703125
4 0.678125 0.453125 0.00703125 0.01171875
4 0.68515625 0.45 0.00859375 0.01328125
4 0.6546875 0.5390625 0.009375 0.0140625
4 0.68515625 0.50546875 0.00546875 0.01484375
4 0.81796875 0.7140625 0.00390625 0.0109375
4 0.821875 0.715625 0.0015625 0.0140625
4 0.82421875 0.71953125 0.003125 0.015625
4 0.83515625 0.73046875 0.0046875 0.01484375
4 0.8453125 0.73515625 0.0046875 0.01875
4 0.8515625 0.7421875 0.00703125 0.01015625
4 0.85625 0.7484375 0.00546875 0.01328125
4 0.91171875 0.79296875 0.00625 0.01640625
4 0.9765625 0.8421875 0.009375 0.0109375
4 0.98359375 0.85390625 0.00859375 0.01171875
4 0.97578125 0.86328125 0.00859375 0.01015625
4 0.984375 0.875 0.00703125 0.01796875
4 0.98671875 0.9296875 0.01015625 0.015625
4 0.7859375 0.8109375 0.01171875 0.01953125
4 0.68671875 0.75859375 0.0109375 0.01171875
4 0.66328125 0.74296875 0.0109375 0.01328125
4 0.61796875 0.69375 0.009375 0.0140625
4 0.60703125 0.70859375 0.0109375 0.01171875
4 0.578125 0.67578125 0.00703125 0.0109375
4 0.59140625 0.628125 0.00703125 0.01875
4 0.56875 0.65625 0.00625 0.015625
4 0.5703125 0.66875 0.00546875 0.01640625
4 0.53671875 0.64140625 0.00859375 0.01953125
4 0.5171875 0.63359375 0.01171875 0.015625
4 0.4859375 0.64140625 0.009375 0.01640625
4 0.52578125 0.74921875 0.01171875 0.02109375
4 0.471875 0.75390625 0.00703125 0.02109375
4 0.45390625 0.671875 0.00703125 0.01953125
4 0.46171875 0.58125 0.00859375 0.01484375
4 0.45703125 0.5859375 0.009375 0.015625
4 0.44609375 0.6578125 0.00859375 0.01953125
4 0.36328125 0.93671875 0.009375 0.01796875
4 0.26328125 0.9109375 0.00703125 0.015625
4 0.24921875 0.9359375 0.00546875 0.015625
0 0.1109375 0.8640625 0.015625 0.02421875
0 0.20703125 0.74609375 0.015625 0.01875
0 0.27421875 0.66796875 0.01171875 0.01796875
0 0.3375 0.59140625 0.01171875 0.01875
0 0.45546875 0.6359375 0.01171875 0.0234375
0 0.346875 0.44609375 0.01015625 0.021875
0 0.278125 0.15625 0.0140625 0.02109375
0 0.409375 0.21640625 0.01171875 0.02109375
0 0.42578125 0.309375 0.01171875 0.02421875
0 0.60546875 0.28671875 0.01171875 0.0203125
0 0.6046875 0.25859375 0.01015625 0.0203125
0 0.709375 0.2734375 0.01328125 0.01953125
0 0.853125 0.22578125 0.01640625 0.025
0 0.76328125 0.33203125 0.0109375 0.01640625
0 0.696875 0.378125 0.01328125 0.01953125
0 0.67421875 0.43828125 0.01328125 0.02109375
0 0.66640625 0.434375 0.0109375 0.02109375
0 0.759375 0.64921875 0.01171875 0.021875
0 0.87421875 0.765625 0.01171875 0.021875
0 0.7984375 0.84453125 0.015625 0.02109375
0 0.52890625 0.63203125 0.01328125 0.01484375
0 0.49296875 0.73125 0.01640625 0.01796875
0 0.4 0.78125 0.01953125 0.021875
0 0.178125 0.9609375 0.01171875 0.01953125
3 0.34921875 0.61875 0.02421875 0.0359375
3 0.2890625 0.634375 0.01875 0.02421875
3 0.828125 0.91640625 0.0203125 0.03359375
3 0.928125 0.97578125 0.0234375 0.0359375
3 0.3421875 0.04453125 0.02421875 0.0484375
1 0.30703125 0.071875 0.04296875 0.084375
1 0.31953125 0.58984375 0.03984375 0.07109375
1 0.30703125 0.78203125 0.05546875 0.059375
1 0.2234375 0.76328125 0.05 0.07421875
1 0.246875 0.89921875 0.046875 0.06875
1 0.4796875 0.703125 0.05546875 0.03359375
1 0.859375 0.83125 0.040625 0.065625
6 0.834375 0.88671875 0.03125 0.0453125
0 0.896875 0.771875 0.01015625 0.01953125