2 0.00703125 0.50625 0.0140625 0.021875
2 0.0546875 0.47578125 0.0234375 0.025
4 0.04453125 0.41640625 0.015625 0.01875
5 0.10859375 0.68203125 0.04140625 0.02578125
5 0.13359375 0.6453125 0.046875 0.025
5 0.0609375 0.540625 0.046875 0.02578125
5 0.11171875 0.56171875 0.046875 0.02578125
3 0.15625 0.54296875 0.02109375 0.0203125
4 0.18984375 0.56875 0.01640625 0.025
3 0.19921875 0.5046875 0.01875 0.02109375
5 0.26875 0.63984375 0.03984375 0.028125
2 0.28515625 0.47421875 0.0234375 0.021875
4 0.3484375 0.4640625 0.01640625 0.015625
0 0.4015625 0.4609375 0.01484375 0.01953125
3 0.44140625 0.53125 0.01796875 0.015625
2 0.446875 0.5015625 0.01796875 0.015625
2 0.49453125 0.54921875 0.015625 0.01484375
6 0.48671875 0.62890625 0.03125 0.0234375
3 0.56875 0.63046875 0.01796875 0.015625
5 0.5890625 0.4796875 0.0390625 0.02578125
5 0.72109375 0.559375 0.03984375 0.03125
2 0.334375 0.29140625 0.01875 0.01875
2 0.49921875 0.33125 0.00859375 0.03046875
2 0.51015625 0.33125 0.01015625 0.03203125
2 0.55 0.3234375 0.00859375 0.028125
2 0.5609375 0.3234375 0.01171875 0.0265625
1 0.65234375 0.390625 0.04375 0.025
5 0.7109375 0.3890625 0.04609375 0.025
2 0.76640625 0.40390625 0.01875 0.0203125
2 0.709375 0.66328125 0.01640625 0.0359375
0 0.73671875 0.609375 0.01484375 0.01953125
2 0.75703125 0.59375 0.01796875 0.02578125
0 0.8109375 0.61015625 0.01328125 0.01171875
4 0.834375 0.6015625 0.01015625 0.0140625
0 0.890625 0.61015625 0.01328125 0.01640625
6 0.87421875 0.6484375 0.040625 0.02578125
0 0.928125 0.6640625 0.0140625 0.021875
6 0.921875 0.5421875 0.034375 0.02421875
5 0.96640625 0.49921875 0.040625 0.02421875
4 0.95703125 0.40078125 0.015625 0.0265625