2 0.371875 0.1578125 0.01640625 0.034375
2 0.40390625 0.63203125 0.01953125 0.03125
6 0.34296875 0.678125 0.02578125 0.04296875
2 0.68515625 0.24140625 0.0203125 0.03515625
2 0.634375 0.33671875 0.01796875 0.034375
1 0.6203125 0.79609375 0.04453125 0.09140625
2 0.403125 0.5796875 0.01953125 0.02890625
0 0.33515625 0.5234375 0.01484375 0.01875
2 0.184375 0.7921875 0.01640625 0.03046875
0 0.2265625 0.69296875 0.0140625 0.0203125
2 0.31328125 0.72109375 0.01953125 0.03125
2 0.665625 0.2734375 0.01796875 0.0296875
4 0.3640625 0.621875 0.00859375 0.01484375
2 0.365625 0.64453125 0.02109375 0.03046875
2 0.61328125 0.41875 0.01953125 0.03671875
2 0.55703125 0.72890625 0.01796875 0.03359375
2 0.584375 0.740625 0.01875 0.0359375
2 0.58046875 0.7703125 0.01953125 0.03671875
1 0.5734375 0.67734375 0.034375 0.0734375
2 0.746875 0.92890625 0.02109375 0.03828125
2 0.7234375 0.859375 0.02109375 0.0234375
4 0.54921875 0.65859375 0.00859375 0.01796875
4 0.53984375 0.66484375 0.00625 0.0140625
4 0.54140625 0.68828125 0.00859375 0.01640625
4 0.52578125 0.68828125 0.00703125 0.015625
4 0.53359375 0.6734375 0.00859375 0.01640625
4 0.54140625 0.71953125 0.00703125 0.01640625
4 0.534375 0.70703125 0.00703125 0.01484375
2 0.70546875 0.2171875 0.01796875 0.03125
2 0.83125 0.1296875 0.0265625 0.03828125
2 0.72578125 0.02109375 0.01875 0.03203125
0 0.68046875 0.07265625 0.0140625 0.02421875
0 0.66640625 0.084375 0.01171875 0.02421875
2 0.19609375 0.903125 0.0203125 0.0359375
2 0.23203125 0.84609375 0.01875 0.03125
2 0.25546875 0.815625 0.025 0.03984375
2 0.1953125 0.68359375 0.0203125 0.03515625
2 0.29375 0.74453125 0.0203125 0.03359375
2 0.2734375 0.78125 0.02109375 0.03125
2 0.384375 0.615625 0.01875 0.028125
0 0.35859375 0.309375 0.0140625 0.0234375
2 0.2140625 0.86640625 0.01796875 0.03046875
2 0.27890625 0.8265625 0.0203125 0.03359375
2 0.45859375 0.49453125 0.0140625 0.03671875
5 0.6359375 0.38984375 0.02109375 0.03671875
2 0.559375 0.7609375 0.01640625 0.03203125
2 0.2359375 0.51796875 0.015625 0.03515625
4 0.36953125 0.603125 0.00546875 0.01171875
2 0.17578125 0.93125 0.01953125 0.03359375
2 0.653125 0.33671875 0.01953125 0.034375
2 0.61328125 0.38203125 0.01875 0.03203125
0 0.6359375 0.3640625 0.01171875 0.01796875
2 0.48046875 0.48828125 0.0109375 0.0390625
4 0.61015625 0.45234375 0.009375 0.01484375
4 0.63125 0.41953125 0.009375 0.01796875
4 0.6015625 0.44375 0.00859375 0.02109375
4 0.74453125 0.0390625 0.00859375 0.0234375
2 0.325 0.78671875 0.01875 0.03125
2 0.16015625 0.96796875 0.0203125 0.03671875
2 0.47890625 0.5484375 0.02109375 0.0390625
2 0.65078125 0.30390625 0.01875 0.034375
4 0.5953125 0.7125 0.00859375 0.01484375
2 0.4453125 0.5890625 0.01640625 0.03359375
2 0.66796875 0.3078125 0.01796875 0.03046875
2 0.35703125 0.72890625 0.02109375 0.03671875
2 0.46484375 0.446875 0.0140625 0.03984375
2 0.43359375 0.57890625 0.01640625 0.03125
2 0.415625 0.2578125 0.01875 0.03203125
2 0.2109375 0.9390625 0.021875 0.03828125
2 0.15390625 0.93984375 0.02109375 0.03359375
2 0.34765625 0.62109375 0.01875 0.03515625
2 0.465625 0.54140625 0.01640625 0.03984375
0 0.675 0.14609375 0.0140625 0.025
2 0.253125 0.78203125 0.0203125 0.03828125
2 0.43671875 0.2953125 0.01796875 0.03125
2 0.740625 0.21640625 0.0203125 0.03515625
2 0.71796875 0.18515625 0.015625 0.02890625
1 0.70078125 0.28984375 0.0484375 0.08984375
2 0.734375 0.16015625 0.01796875 0.034375
4 0.6234375 0.45859375 0.00703125 0.01328125
4 0.62734375 0.4375 0.00703125 0.0140625
4 0.6203125 0.471875 0.00703125 0.01171875
2 0.3953125 0.35546875 0.01328125 0.03828125
0 0.753125 0.1546875 0.01328125 0.02421875
4 0.76875 0.14375 0.01171875 0.01875
0 0.728125 0.2484375 0.01171875 0.02109375
4 0.2671875 0.746875 0.00859375 0.01875
2 0.459375 0.3609375 0.01796875 0.03828125
0 0.596875 0.215625 0.0140625 0.021875
4 0.6703125 0.25078125 0.00703125 0.015625
6 0.62421875 0.871875 0.03046875 0.05546875
2 0.65 0.903125 0.01875 0.03125
2 0.3015625 0.69296875 0.01875 0.02890625
2 0.14296875 0.984375 0.01875 0.0296875
2 0.48359375 0.43828125 0.0109375 0.03828125
2 0.45546875 0.2921875 0.01640625 0.03125
2 0.48828125 0.396875 0.01796875 0.03515625
2 0.3140625 0.01640625 0.01875 0.03203125
4 0.60390625 0.496875 0.00859375 0.015625
4 0.76640625 0.1125 0.00859375 0.01953125
2 0.74296875 0.18046875 0.0203125 0.028125
2 0.4140625 0.65078125 0.01875 0.03125
4 0.40546875 0.55625 0.00703125 0.01015625
2 0.3765625 0.67578125 0.01875 0.03046875
4 0.2265625 0.81328125 0.009375 0.01640625
4 0.28515625 0.865625 0.009375 0.01796875
2 0.265625 0.871875 0.01953125 0.0359375
2 0.41171875 0.4578125 0.01328125 0.03828125
2 0.38671875 0.075 0.02421875 0.03828125
0 0.690625 0.15546875 0.0140625 0.0203125
4 0.82578125 0.0921875 0.009375 0.01875
4 0.84296875 0.05078125 0.01171875 0.015625
4 0.78046875 0.1625 0.00859375 0.01796875
4 0.76875 0.18046875 0.009375 0.015625
0 0.72578125 0.2328125 0.009375 0.02109375
2 0.746875 0.97109375 0.01796875 0.03828125
2 0.665625 0.8984375 0.0203125 0.03671875
2 0.64921875 0.85703125 0.01640625 0.03203125
4 0.6015625 0.72890625 0.00859375 0.0140625
2 0.3765625 0.5703125 0.01875 0.03359375
4 0.64140625 0.203125 0.01015625 0.015625
4 0.30546875 0.7921875 0.00859375 0.01796875
4 0.33203125 0.7390625 0.009375 0.015625
4 0.45078125 0.5609375 0.009375 0.01328125
4 0.45390625 0.54140625 0.009375 0.0140625
4 0.4921875 0.4875 0.00703125 0.01953125
2 0.37421875 0.25234375 0.0203125 0.040625
4 0.42890625 0.221875 0.009375 0.02109375
4 0.3890625 0.16875 0.00703125 0.01875
2 0.66796875 0.2 0.01875 0.025
4 0.640625 0.2515625 0.01015625 0.02109375
4 0.78203125 0.17734375 0.00859375 0.015625
4 0.7984375 0.17734375 0.00859375 0.01484375
4 0.61875 0.50546875 0.00703125 0.01171875
4 0.63125 0.45625 0.00625 0.01484375
4 0.61484375 0.49296875 0.00703125 0.01171875
2 0.33125 0.08125 0.01796875 0.03828125
4 0.33359375 0.13125 0.00859375 0.015625
4 0.284375 0.04453125 0.00859375 0.02109375
4 0.40390625 0.49765625 0.00859375 0.02421875
2 0.1234375 0.98203125 0.01796875 0.034375
2 0.1671875 0.73203125 0.01875 0.03828125
4 0.2375 0.79296875 0.00859375 0.0140625
4 0.3171875 0.66328125 0.01015625 0.01875
4 0.28359375 0.70546875 0.00859375 0.01484375
0 0.603125 0.64921875 0.0109375 0.02890625
4 0.34765625 0.64765625 0.009375 0.0140625
3 0.84453125 0.01171875 0.01796875 0.0234375