2 0.03828125 0.95859375 0.01875 0.02421875
2 0.08203125 0.8984375 0.0203125 0.028125
2 0.08984375 0.87109375 0.01953125 0.0265625
2 0.096875 0.91640625 0.01796875 0.034375
2 0.11875 0.8546875 0.015625 0.02890625
2 0.125 0.865625 0.01640625 0.028125
2 0.1359375 0.87578125 0.01640625 0.0234375
2 0.140625 0.83828125 0.01953125 0.025
2 0.1578125 0.809375 0.02109375 0.0296875
2 0.17578125 0.7859375 0.01875 0.0265625
2 0.18125 0.8140625 0.01640625 0.03203125
2 0.209375 0.76953125 0.01875 0.0265625
2 0.1953125 0.759375 0.015625 0.02109375
2 0.23046875 0.73671875 0.015625 0.02109375
2 0.2140625 0.7265625 0.015625 0.0203125
2 0.2484375 0.715625 0.01953125 0.02578125
2 0.24609375 0.69375 0.01796875 0.02578125
2 0.26328125 0.67421875 0.01640625 0.02421875
2 0.2671875 0.690625 0.0140625 0.02109375
2 0.278125 0.6734375 0.01484375 0.025
2 0.26328125 0.6484375 0.015625 0.0234375
2 0.2484375 0.66328125 0.01328125 0.02421875
2 0.27890625 0.62890625 0.01484375 0.0234375
2 0.29453125 0.61171875 0.0140625 0.0265625
2 0.3 0.621875 0.01484375 0.021875
2 0.3140625 0.59921875 0.01640625 0.02421875
2 0.3390625 0.59140625 0.01484375 0.021875
2 0.32578125 0.3125 0.01328125 0.03203125
2 0.246875 0.1234375 0.01640625 0.03984375
2 0.3015625 0.02421875 0.015625 0.0296875
2 0.31171875 0.01953125 0.01484375 0.028125
2 0.31953125 0.05703125 0.015625 0.03046875
2 0.3578125 0.140625 0.015625 0.02890625
2 0.3765625 0.171875 0.01640625 0.0265625
2 0.38828125 0.1578125 0.01640625 0.02890625
2 0.39140625 0.2046875 0.01640625 0.03359375
2 0.41328125 0.25234375 0.0140625 0.03359375
2 0.4328125 0.26796875 0.01484375 0.03359375
2 0.471875 0.30859375 0.0203125 0.03203125
2 0.4765625 0.346875 0.02421875 0.03203125
2 0.52421875 0.40859375 0.01640625 0.0234375
2 0.54453125 0.415625 0.01796875 0.0296875
2 0.5796875 0.1953125 0.0140625 0.03046875
2 0.5515625 0.215625 0.01171875 0.034375
2 0.56328125 0.134375 0.01171875 0.03515625
2 0.55234375 0.04453125 0.01015625 0.03203125
2 0.5890625 0.05625 0.01796875 0.0265625
2 0.5390625 0.04140625 0.0140625 0.0359375
2 0.6359375 0.30546875 0.0203125 0.025
2 0.79140625 0.1609375 0.01484375 0.0296875
2 0.81875 0.1390625 0.0109375 0.03125
2 0.846875 0.096875 0.01640625 0.021875
2 0.88828125 0.0859375 0.01953125 0.03046875
2 0.92109375 0.221875 0.0140625 0.0265625
2 0.93125 0.2078125 0.01796875 0.034375
2 0.93984375 0.19921875 0.01796875 0.03046875
2 0.81015625 0.3171875 0.0203125 0.02578125
2 0.68671875 0.38828125 0.0203125 0.02890625
2 0.66328125 0.40546875 0.01640625 0.03125
2 0.8609375 0.74375 0.01484375 0.02890625
2 0.87578125 0.75546875 0.01015625 0.02890625
2 0.9 0.76875 0.01328125 0.02890625
2 0.9359375 0.81640625 0.01796875 0.02890625
2 0.8703125 0.81171875 0.01640625 0.025
2 0.95390625 0.853125 0.01953125 0.01796875
2 0.96484375 0.86875 0.01875 0.0203125
2 0.9734375 0.896875 0.01953125 0.0234375
2 0.9109375 0.95078125 0.01875 0.0265625
2 0.88046875 0.91796875 0.0203125 0.02578125
2 0.8625 0.9265625 0.0203125 0.03359375
2 0.8640625 0.89609375 0.01796875 0.028125
2 0.8484375 0.88203125 0.021875 0.0265625
2 0.84140625 0.89453125 0.0203125 0.0234375
2 0.8234375 0.91015625 0.01796875 0.0296875
2 0.821875 0.88125 0.01875 0.0265625
2 0.82578125 0.8671875 0.0203125 0.0296875
2 0.8 0.86796875 0.01796875 0.025
2 0.80546875 0.8515625 0.01640625 0.02421875
2 0.80546875 0.8328125 0.015625 0.02109375
2 0.78828125 0.8171875 0.02109375 0.0265625
2 0.7765625 0.8328125 0.01484375 0.02890625
2 0.71875 0.78984375 0.0203125 0.021875
2 0.728125 0.75625 0.02109375 0.01875
2 0.7109375 0.74765625 0.01640625 0.01953125
2 0.7046875 0.75703125 0.01796875 0.02578125
2 0.703125 0.7203125 0.021875 0.0203125
2 0.69140625 0.73125 0.02109375 0.02109375
2 0.690625 0.74609375 0.025 0.021875
2 0.6859375 0.7625 0.02109375 0.028125
2 0.6671875 0.74921875 0.01953125 0.021875
2 0.6171875 0.75 0.021875 0.01484375
2 0.55 0.771875 0.02109375 0.0234375
2 0.47734375 0.79765625 0.0203125 0.04375
2 0.503125 0.6890625 0.01953125 0.025
2 0.515625 0.63359375 0.02421875 0.0203125
2 0.46015625 0.68671875 0.01875 0.01953125
2 0.46171875 0.73671875 0.01484375 0.0390625
2 0.6015625 0.49296875 0.0203125 0.03359375
2 0.36953125 0.95546875 0.01796875 0.02890625
2 0.32421875 0.953125 0.01875 0.028125
2 0.31953125 0.82109375 0.01640625 0.0265625
2 0.2046875 0.96875 0.02109375 0.04375
2 0.2265625 0.94609375 0.0203125 0.040625
2 0.03671875 0.86328125 0.01484375 0.03359375
4 0.09609375 0.93828125 0.01015625 0.01171875
4 0.06796875 0.8796875 0.009375 0.015625
4 0.05546875 0.87421875 0.009375 0.00859375
4 0.05078125 0.86953125 0.009375 0.01015625
4 0.04921875 0.8609375 0.009375 0.01171875
4 0.07578125 0.846875 0.00625 0.01328125
4 0.0890625 0.83828125 0.00546875 0.0140625
4 0.08359375 0.84140625 0.00390625 0.02109375
4 0.10234375 0.88828125 0.00546875 0.01640625
4 0.12890625 0.896875 0.009375 0.0109375
4 0.1203125 0.88359375 0.01015625 0.01484375
4 0.1015625 0.82578125 0.00859375 0.0140625
4 0.10546875 0.8171875 0.009375 0.0140625
4 0.11328125 0.80859375 0.00703125 0.015625
4 0.17421875 0.76171875 0.00703125 0.0140625
4 0.19296875 0.7421875 0.009375 0.0109375
4 0.20390625 0.73828125 0.00625 0.0109375
4 0.20625 0.74453125 0.0046875 0.009375
4 0.21328125 0.75234375 0.00859375 0.009375
4 0.21953125 0.74765625 0.00546875 0.01015625
4 0.2265625 0.75390625 0.00625 0.01171875
4 0.23046875 0.68203125 0.00859375 0.00703125
4 0.23828125 0.69296875 0.00625 0.01328125
4 0.2453125 0.68125 0.00703125 0.01015625
4 0.2578125 0.69140625 0.00859375 0.0109375
4 0.25625 0.64296875 0.0046875 0.0109375
4 0.2734375 0.653125 0.00703125 0.01328125
4 0.278125 0.64375 0.00703125 0.015625
4 0.284375 0.60703125 0.00703125 0.0140625
4 0.3046875 0.6046875 0.00859375 0.00859375
4 0.31015625 0.59453125 0.00859375 0.00859375
4 0.325 0.5921875 0.0046875 0.0109375
4 0.3234375 0.58203125 0.00625 0.01328125
4 0.3328125 0.5875 0.00625 0.009375
4 0.33984375 0.60078125 0.00625 0.01015625
4 0.33203125 0.5796875 0.00703125 0.009375
4 0.33046875 0.57109375 0.009375 0.01171875
4 0.3265625 0.565625 0.009375 0.01640625
4 0.36015625 0.79453125 0.009375 0.01953125
4 0.303125 0.85 0.0046875 0.0203125
4 0.29453125 0.853125 0.00703125 0.01171875
4 0.25390625 0.91953125 0.00859375 0.01171875
4 0.2984375 0.00546875 0.01171875 0.0109375
4 0.31875 0.01796875 0.009375 0.01484375
4 0.321875 0.0359375 0.009375 0.0203125
4 0.32890625 0.05234375 0.00859375 0.01953125
4 0.3390625 0.0640625 0.009375 0.01796875
4 0.34296875 0.07734375 0.00546875 0.015625
4 0.34921875 0.078125 0.00859375 0.01015625
4 0.35546875 0.11796875 0.009375 0.01484375
4 0.36640625 0.11484375 0.00859375 0.015625
4 0.3734375 0.1125 0.00859375 0.01640625
4 0.40546875 0.153125 0.00625 0.01171875
4 0.403125 0.14453125 0.00859375 0.00625
4 0.39921875 0.1390625 0.00703125 0.00546875
4 0.39609375 0.1296875 0.00625 0.0109375
4 0.40546875 0.12734375 0.00859375 0.01328125
4 0.41328125 0.14921875 0.00625 0.01328125
4 0.41640625 0.153125 0.00625 0.0109375
4 0.409375 0.16640625 0.00625 0.0140625
4 0.41328125 0.1703125 0.0046875 0.015625
4 0.41953125 0.16640625 0.0046875 0.01015625
4 0.42578125 0.1734375 0.00625 0.00625
4 0.43203125 0.18203125 0.00546875 0.00859375
4 0.40859375 0.20859375 0.01015625 0.0203125
4 0.4484375 0.31328125 0.00859375 0.0140625
4 0.459375 0.3296875 0.00625 0.01328125
4 0.50546875 0.33828125 0.00859375 0.01015625
4 0.51640625 0.33046875 0.01171875 0.01484375
4 0.74453125 0.2140625 0.00859375 0.01484375
4 0.74609375 0.21015625 0.01171875 0.01875
4 0.80703125 0.16171875 0.01015625 0.009375
4 0.8109375 0.153125 0.00390625 0.0109375
4 0.9203125 0.1078125 0.0140625 0.01484375
4 0.98125 0.040625 0.009375 0.01640625
4 0.67890625 0.41953125 0.01015625 0.0140625
4 0.6828125 0.4046875 0.01015625 0.01328125
4 0.68515625 0.60625 0.01015625 0.01875
4 0.7015625 0.6109375 0.009375 0.01640625
4 0.7265625 0.65625 0.009375 0.0140625
4 0.73828125 0.64453125 0.01171875 0.01640625
4 0.77890625 0.7109375 0.0109375 0.0203125
4 0.8125 0.73828125 0.01015625 0.01796875
4 0.8125 0.70859375 0.0046875 0.01484375
4 0.81796875 0.7125 0.00390625 0.01484375
4 0.82890625 0.72265625 0.00625 0.01171875
4 0.83671875 0.73125 0.00703125 0.00703125
4 0.84453125 0.73671875 0.0046875 0.01484375
4 0.90546875 0.78671875 0.00859375 0.01171875
4 0.91875 0.8125 0.00703125 0.01015625
4 0.90546875 0.8515625 0.00859375 0.0203125
4 0.91796875 0.9890625 0.01171875 0.01953125
4 0.83046875 0.90078125 0.01015625 0.0140625
4 0.8125 0.890625 0.0140625 0.0109375
4 0.6984375 0.76640625 0.01171875 0.01328125
4 0.7171875 0.76015625 0.01640625 0.02109375
4 0.71875 0.7390625 0.009375 0.01015625
4 0.66796875 0.73828125 0.0109375 0.0109375
4 0.671875 0.7296875 0.01171875 0.01015625
4 0.6765625 0.725 0.00859375 0.01796875
4 0.57578125 0.71640625 0.01015625 0.01640625
4 0.56328125 0.621875 0.01171875 0.0265625
4 0.5078125 0.61328125 0.01328125 0.01875
4 0.484375 0.659375 0.01171875 0.03125
4 0.459375 0.759375 0.00859375 0.02109375
4 0.5828125 0.52890625 0.00703125 0.02421875
4 0.4859375 0.4203125 0.01328125 0.01796875
4 0.36796875 0.92265625 0.0109375 0.01875
4 0.3390625 0.9203125 0.01171875 0.02109375
0 0.121875 0.89296875 0.01328125 0.01796875
0 0.109375 0.88359375 0.01015625 0.025
0 0.134375 0.81875 0.0140625 0.0203125
0 0.19375 0.78828125 0.015625 0.02109375
0 0.184375 0.75703125 0.01328125 0.021875
0 0.2015625 0.7265625 0.0140625 0.0265625
0 0.2109375 0.71171875 0.0109375 0.01875
0 0.21953125 0.7046875 0.015625 0.01640625
0 0.2328125 0.7140625 0.01171875 0.0203125
0 0.2296875 0.690625 0.0140625 0.021875
0 0.253125 0.6734375 0.01171875 0.01484375
0 0.284375 0.640625 0.009375 0.01953125
0 0.353125 0.103125 0.0140625 0.01953125
0 0.3703125 0.13671875 0.0140625 0.0234375
0 0.425 0.22109375 0.01640625 0.02421875
0 0.50078125 0.38828125 0.01171875 0.0203125
0 0.528125 0.3921875 0.0140625 0.0234375
0 0.6015625 0.28203125 0.009375 0.02421875
0 0.69375 0.28125 0.0109375 0.01796875
0 0.703125 0.2640625 0.01484375 0.021875
0 0.66953125 0.4328125 0.009375 0.0234375
0 0.66171875 0.428125 0.015625 0.021875
0 0.65625 0.559375 0.01796875 0.02578125
0 0.57890625 0.54921875 0.01328125 0.02421875
0 0.753125 0.64453125 0.0140625 0.0203125
0 0.68359375 0.71484375 0.01328125 0.01796875
0 0.86796875 0.759375 0.01171875 0.01953125
0 0.79375 0.83359375 0.01328125 0.01953125
6 0.153125 0.840625 0.03515625 0.053125
3 0.215625 0.73828125 0.01640625 0.021875
3 0.33671875 0.034375 0.02421875 0.04453125
3 0.44921875 0.265625 0.01640625 0.03125
3 0.5640625 0.44765625 0.02109375 0.03984375
1 0.31953125 0.64609375 0.04375 0.06796875
1 0.30859375 0.63046875 0.04609375 0.06484375
1 0.325 0.715625 0.03828125 0.04921875
1 0.415625 0.709375 0.04921875 0.046875
1 0.5390625 0.375 0.03828125 0.0515625
1 0.7859375 0.78828125 0.05625 0.05859375
1 0.74609375 0.7984375 0.0484375 0.06875