4 0.1328125 0.540625 0.0140625 0.021875
4 0.13984375 0.52578125 0.0140625 0.0140625
4 0.08203125 0.54921875 0.015625 0.01953125
2 0.0640625 0.52109375 0.0296875 0.02578125
2 0.103125 0.528125 0.028125 0.02109375
2 0.21796875 0.51640625 0.021875 0.02109375
2 0.33515625 0.51875 0.028125 0.02109375
2 0.32109375 0.45859375 0.02421875 0.021875
2 0.3953125 0.45625 0.02421875 0.02421875
4 0.1734375 0.54296875 0.0109375 0.01328125
4 0.11171875 0.43125 0.01796875 0.01640625
4 0.05 0.41953125 0.01796875 0.0140625
4 0.18203125 0.43046875 0.0140625 0.0203125
4 0.20234375 0.44296875 0.015625 0.01328125
4 0.25546875 0.43203125 0.01171875 0.0109375
4 0.2640625 0.446875 0.01328125 0.015625
4 0.175 0.528125 0.01015625 0.01875
4 0.19375 0.51953125 0.0109375 0.01171875
4 0.20703125 0.53671875 0.009375 0.01171875
4 0.2234375 0.54375 0.0109375 0.01171875
4 0.23828125 0.53046875 0.0109375 0.01015625
4 0.23984375 0.54609375 0.01328125 0.01171875
4 0.26015625 0.51484375 0.0109375 0.01484375
4 0.2703125 0.53125 0.0140625 0.009375
4 0.3015625 0.5203125 0.01640625 0.00703125
4 0.31328125 0.553125 0.01875 0.01328125
4 0.33125 0.53671875 0.01015625 0.0140625
4 0.36484375 0.53125 0.0140625 0.01328125
4 0.3640625 0.5578125 0.0140625 0.0140625
4 0.3390625 0.55 0.01171875 0.015625
4 0.33359375 0.43828125 0.009375 0.01328125
4 0.3390625 0.41875 0.0109375 0.01015625
6 0.0265625 0.546875 0.03984375 0.03125
0 0.41484375 0.43046875 0.01796875 0.01953125
0 0.43515625 0.55546875 0.01796875 0.02890625
0 0.4609375 0.5328125 0.01640625 0.0234375
0 0.5234375 0.43203125 0.01796875 0.0203125
0 0.5265625 0.54609375 0.01796875 0.01640625
0 0.57421875 0.55078125 0.01875 0.021875
0 0.59296875 0.434375 0.01796875 0.01875
4 0.38203125 0.434375 0.0109375 0.015625
4 0.36796875 0.440625 0.01328125 0.02109375
4 0.38046875 0.41640625 0.0109375 0.0109375
4 0.39453125 0.5359375 0.0109375 0.01171875
4 0.40546875 0.53671875 0.0140625 0.01171875
4 0.3984375 0.55 0.0109375 0.01484375
4 0.46328125 0.5140625 0.01640625 0.01484375
4 0.4546875 0.446875 0.01484375 0.01796875
4 0.4265625 0.44140625 0.01484375 0.01640625
4 0.50546875 0.415625 0.01640625 0.0109375
4 0.5484375 0.428125 0.01484375 0.0140625
4 0.54375 0.4484375 0.0140625 0.01640625
4 0.528125 0.46015625 0.01640625 0.01484375
4 0.5375 0.51875 0.0140625 0.01171875
4 0.50859375 0.52421875 0.0109375 0.01015625
4 0.52890625 0.52890625 0.01171875 0.0109375
4 0.55390625 0.5234375 0.0140625 0.01171875
4 0.575 0.53515625 0.0140625 0.01328125
4 0.596875 0.540625 0.01328125 0.0140625
4 0.61796875 0.51640625 0.01796875 0.01796875
4 0.6234375 0.53125 0.015625 0.01171875
0 0.66015625 0.546875 0.01796875 0.01953125
4 0.64296875 0.55625 0.01171875 0.0109375
2 0.6578125 0.5203125 0.0234375 0.025
2 0.7203125 0.53125 0.02578125 0.0203125
1 0.65390625 0.45703125 0.05546875 0.0265625
4 0.67421875 0.53203125 0.009375 0.01640625
4 0.62578125 0.41953125 0.0109375 0.01171875
4 0.61171875 0.40703125 0.01015625 0.00859375
4 0.58125 0.4609375 0.0140625 0.01171875
4 0.5859375 0.453125 0.01015625 0.01484375
4 0.59609375 0.44609375 0.009375 0.00859375
4 0.6140625 0.45390625 0.0140625 0.0140625
4 0.70859375 0.41484375 0.01171875 0.0109375
4 0.80078125 0.44140625 0.01640625 0.01796875
4 0.79921875 0.515625 0.015625 0.01796875
4 0.77578125 0.51953125 0.01484375 0.015625
4 0.77265625 0.5421875 0.02578125 0.01953125
4 0.76328125 0.55546875 0.015625 0.015625
4 0.83359375 0.55078125 0.01953125 0.01875
4 0.846875 0.52890625 0.01484375 0.0109375
4 0.884375 0.528125 0.01015625 0.01484375
4 0.9015625 0.5140625 0.0140625 0.009375
4 0.92734375 0.5234375 0.01640625 0.01640625
4 0.9109375 0.53125 0.015625 0.0109375
4 0.90859375 0.54453125 0.01875 0.00859375
4 0.90234375 0.56328125 0.01484375 0.01171875
0 0.853125 0.54453125 0.0203125 0.01484375
2 0.471875 0.46015625 0.0265625 0.028125
0 0.67890625 0.4265625 0.0203125 0.01953125
0 0.63203125 0.43125 0.01953125 0.01875
4 0.90703125 0.43671875 0.0203125 0.01953125
4 0.92890625 0.41328125 0.01875 0.025
4 0.965625 0.41640625 0.021875 0.01640625
4 0.98359375 0.55546875 0.01796875 0.02421875
0 0.2015625 0.5546875 0.0203125 0.03515625
6 0.215625 0.4109375 0.02421875 0.03203125
0 0.3078125 0.5359375 0.01640625 0.0203125
6 0.47578125 0.43046875 0.01875 0.02578125
4 0.7109375 0.546875 0.015625 0.025
4 0.50625 0.56328125 0.01875 0.03125