6 0.10546875 0.8390625 0.0484375 0.0390625
4 0.11640625 0.759375 0.01875 0.0234375
4 0.00859375 0.86953125 0.01484375 0.0203125
4 0.140625 0.93359375 0.01640625 0.021875
4 0.18515625 0.90390625 0.015625 0.02578125
4 0.22578125 0.87109375 0.01875 0.03203125
4 0.3765625 0.753125 0.01484375 0.0203125
4 0.39765625 0.79609375 0.01875 0.0234375
4 0.390625 0.89453125 0.01953125 0.0296875
4 0.4765625 0.76328125 0.0203125 0.0234375
4 0.4734375 0.54140625 0.01484375 0.03046875
4 0.49296875 0.63046875 0.0140625 0.0265625
4 0.49765625 0.67421875 0.01015625 0.02890625
4 0.52109375 0.5859375 0.009375 0.0296875
4 0.5375 0.61640625 0.01015625 0.02421875
4 0.5078125 0.9 0.01484375 0.02421875
4 0.55078125 0.8203125 0.021875 0.02578125
4 0.09921875 0.92890625 0.0203125 0.0265625
2 0.07109375 0.8640625 0.02578125 0.03515625
2 0.0796875 0.91015625 0.0234375 0.02578125
2 0.36875 0.7859375 0.025 0.03046875
2 0.5265625 0.35625 0.01953125 0.05
2 0.4328125 0.79296875 0.03203125 0.034375
2 0.4734375 0.84375 0.028125 0.0390625
2 0.5140625 0.846875 0.01953125 0.0484375
2 0.7140625 0.80703125 0.03203125 0.03125
2 0.93828125 0.88046875 0.03203125 0.034375
4 0.90390625 0.7796875 0.02109375 0.03046875
4 0.62578125 0.90703125 0.01796875 0.0203125
4 0.859375 0.90390625 0.01953125 0.0203125
3 0.82421875 0.70390625 0.034375 0.03125
2 0.75078125 0.6765625 0.0203125 0.01796875
4 0.64296875 0.7875 0.021875 0.028125
4 0.59453125 0.73984375 0.01796875 0.02578125
4 0.990625 0.784375 0.01875 0.025