0 0.38828125 0.97109375 0.0265625 0.0359375
0 0.309375 0.87890625 0.01796875 0.03828125
0 0.42265625 0.83984375 0.01640625 0.03828125
4 0.53359375 0.40546875 0.01328125 0.025
2 0.63828125 0.46328125 0.02421875 0.02109375
4 0.45078125 0.95234375 0.009375 0.0265625
2 0.109375 0.6703125 0.0296875 0.03828125
4 0.015625 0.56171875 0.01640625 0.02578125
4 0.12265625 0.59140625 0.0203125 0.02109375
4 0.05234375 0.58515625 0.0203125 0.01484375
0 0.04375 0.60703125 0.02890625 0.01875
4 0.1984375 0.6140625 0.015625 0.01796875
4 0.228125 0.61640625 0.0140625 0.0203125
4 0.22109375 0.64609375 0.01796875 0.0140625
4 0.23828125 0.63671875 0.01484375 0.01484375
4 0.290625 0.64375 0.0140625 0.01796875
4 0.3140625 0.64921875 0.01796875 0.01640625
4 0.33828125 0.6734375 0.01640625 0.01484375
2 0.34140625 0.64921875 0.028125 0.02890625
2 0.3734375 0.62734375 0.0265625 0.02421875
4 0.396875 0.6578125 0.01640625 0.01875
4 0.4109375 0.70234375 0.01171875 0.01953125
4 0.40859375 0.6 0.01171875 0.0359375
4 0.43046875 0.59609375 0.01328125 0.0203125
4 0.43046875 0.6453125 0.01875 0.015625
4 0.42421875 0.68046875 0.01328125 0.01640625
4 0.4328125 0.66171875 0.01484375 0.0140625
4 0.4703125 0.63125 0.01640625 0.025
4 0.48671875 0.6515625 0.01796875 0.01640625
2 0.478125 0.6 0.03203125 0.021875
2 0.5265625 0.59375 0.0296875 0.025
4 0.5265625 0.640625 0.0203125 0.02109375
4 0.49375 0.61953125 0.01796875 0.01875
4 0.51171875 0.621875 0.015625 0.01796875
4 0.55703125 0.6359375 0.01640625 0.0203125
4 0.571875 0.6140625 0.01640625 0.0203125
4 0.575 0.65703125 0.01640625 0.0234375
2 0.590625 0.5640625 0.02578125 0.03046875
2 0.75546875 0.88671875 0.03046875 0.03984375
2 0.78046875 0.746875 0.0203125 0.04140625
0 0.83125 0.6828125 0.0140625 0.03359375
4 0.7515625 0.66640625 0.01640625 0.015625
4 0.75078125 0.6796875 0.01953125 0.0109375
4 0.7484375 0.69375 0.01796875 0.0109375
4 0.74765625 0.70703125 0.01484375 0.0140625
4 0.784375 0.71328125 0.0140625 0.01796875
4 0.7875 0.6921875 0.01484375 0.01796875
0 0.85390625 0.65390625 0.021875 0.03359375
2 0.78203125 0.4546875 0.03046875 0.03671875
4 0.8046875 0.353125 0.01015625 0.03515625
4 0.815625 0.359375 0.00859375 0.028125
4 0.8015625 0.415625 0.009375 0.028125
4 0.828125 0.3546875 0.01015625 0.03203125
4 0.85625 0.41328125 0.015625 0.0265625
4 0.9625 0.35546875 0.01015625 0.03046875
4 0.8734375 0.346875 0.0140625 0.02421875
4 0.83671875 0.36953125 0.00859375 0.0234375
4 0.859375 0.35703125 0.00859375 0.02578125
4 0.91796875 0.3515625 0.01171875 0.0265625
4 0.934375 0.35078125 0.01015625 0.0234375
4 0.87890625 0.415625 0.00859375 0.03359375
4 0.89296875 0.4109375 0.00859375 0.03125
4 0.921875 0.4046875 0.00859375 0.028125
4 0.93046875 0.40625 0.00546875 0.0265625
4 0.95390625 0.4015625 0.0140625 0.0296875
4 0.88515625 0.465625 0.01171875 0.01796875
4 0.8796875 0.4953125 0.01640625 0.015625
4 0.9203125 0.46484375 0.015625 0.0140625
0 0.903125 0.48125 0.01796875 0.02421875
0 0.75703125 0.51640625 0.0234375 0.01875
4 0.78203125 0.51875 0.01328125 0.01640625
1 0.66953125 0.51796875 0.08046875 0.03828125
4 0.7296875 0.521875 0.01328125 0.01875
4 0.7140625 0.534375 0.01171875 0.01796875
4 0.73515625 0.5609375 0.01015625 0.02421875
4 0.71953125 0.55390625 0.01171875 0.01953125
4 0.68125 0.54921875 0.021875 0.02109375
2 0.6515625 0.56796875 0.02890625 0.0234375
2 0.64296875 0.590625 0.02890625 0.01953125
4 0.62109375 0.56171875 0.0140625 0.0265625
4 0.615625 0.62734375 0.01015625 0.01796875
4 0.63515625 0.625 0.0140625 0.01875
4 0.6484375 0.61484375 0.015625 0.01953125
0 0.671875 0.60859375 0.0203125 0.015625
2 0.6828125 0.58828125 0.02890625 0.025
2 0.71484375 0.5859375 0.02421875 0.03046875
2 0.74609375 0.5890625 0.025 0.0234375
2 0.8359375 0.56015625 0.0265625 0.0265625
2 0.81484375 0.61875 0.034375 0.02421875
2 0.81171875 0.590625 0.02890625 0.028125
2 0.87890625 0.6 0.028125 0.028125
4 0.94375 0.61875 0.0140625 0.02421875
4 0.90703125 0.59765625 0.015625 0.02578125
4 0.8546875 0.6234375 0.015625 0.01953125
4 0.85 0.58203125 0.015625 0.0140625
4 0.88828125 0.6265625 0.0140625 0.01953125
4 0.86953125 0.63046875 0.01171875 0.01875
4 0.76328125 0.578125 0.01171875 0.01484375
4 0.7796875 0.59296875 0.0140625 0.01640625
4 0.76875 0.63203125 0.01484375 0.01875
4 0.7484375 0.6296875 0.0140625 0.01328125
4 0.7203125 0.60703125 0.01171875 0.0140625
4 0.73671875 0.609375 0.01015625 0.0140625
4 0.69921875 0.6109375 0.015625 0.01640625
0 0.7578125 0.60859375 0.02578125 0.0140625
4 0.78828125 0.615625 0.01328125 0.01640625
4 0.77734375 0.60703125 0.01015625 0.0109375
4 0.7734375 0.61640625 0.01171875 0.015625
2 0.48828125 0.26953125 0.01875 0.04453125
2 0.49609375 0.3609375 0.02578125 0.06015625
4 0.509375 0.30390625 0.009375 0.021875
4 0.49921875 0.3140625 0.01015625 0.021875
4 0.528125 0.35625 0.01875 0.01796875
4 0.515625 0.3671875 0.009375 0.02578125
2 0.50859375 0.04140625 0.0203125 0.0546875
2 0.48359375 0.140625 0.0234375 0.0453125
4 0.46796875 0.18203125 0.01015625 0.015625
4 0.47265625 0.17109375 0.01484375 0.015625
4 0.36015625 0.38046875 0.01171875 0.0296875
4 0.3734375 0.3765625 0.0109375 0.0265625
4 0.38515625 0.37265625 0.00546875 0.02578125
4 0.3984375 0.37109375 0.009375 0.0234375
4 0.396875 0.33125 0.00859375 0.02109375
4 0.4265625 0.28828125 0.01171875 0.01796875
4 0.415625 0.30625 0.015625 0.015625
4 0.41171875 0.365625 0.01015625 0.02578125
4 0.44140625 0.2578125 0.01796875 0.01640625
4 0.44453125 0.29140625 0.0109375 0.01875
4 0.43203125 0.31484375 0.01484375 0.0140625
4 0.4453125 0.23359375 0.01328125 0.015625
4 0.44921875 0.21328125 0.01328125 0.01875
4 0.40859375 0.3234375 0.00859375 0.01875
4 0.45390625 0.26953125 0.009375 0.01484375
0 0.4609375 0.28828125 0.01484375 0.028125
1 0.07734375 0.53359375 0.0703125 0.0515625
4 0.20703125 0.47890625 0.01640625 0.021875
4 0.05625 0.421875 0.015625 0.04296875
4 0.2234375 0.46484375 0.01640625 0.01796875
4 0.30859375 0.44765625 0.01796875 0.02109375
4 0.321875 0.471875 0.01328125 0.01640625
4 0.33046875 0.4984375 0.01953125 0.01875
4 0.35859375 0.4515625 0.01640625 0.015625
0 0.33828125 0.4671875 0.01640625 0.01796875
0 0.3453125 0.48671875 0.01640625 0.01953125
0 0.3421875 0.528125 0.0203125 0.02421875
0 0.3640625 0.52890625 0.01875 0.01875
2 0.365625 0.509375 0.028125 0.02109375
0 0.36484375 0.4875 0.021875 0.0234375
4 0.35625 0.46875 0.0140625 0.0140625
4 0.371875 0.46875 0.01484375 0.015625
4 0.615625 0.32734375 0.01328125 0.01640625
4 0.61796875 0.346875 0.01328125 0.021875
4 0.634375 0.3859375 0.01171875 0.01875
4 0.628125 0.32890625 0.009375 0.01953125
4 0.63046875 0.36640625 0.0140625 0.01328125
0 0.62578125 0.0703125 0.01640625 0.03984375
2 0.60390625 0.04921875 0.0203125 0.05078125
0 0.59375 0.1046875 0.0140625 0.03828125
0 0.60625 0.128125 0.01328125 0.03671875
4 0.59921875 0.12421875 0.00859375 0.028125
0 0.55546875 0.3390625 0.01796875 0.0265625
0 0.584375 0.3109375 0.01328125 0.03359375
0 0.5953125 0.29453125 0.01171875 0.0359375
4 0.54140625 0.27421875 0.0109375 0.02421875
4 0.53671875 0.3015625 0.01015625 0.02421875
4 0.5578125 0.31875 0.0140625 0.01953125
0 0.5796875 0.24453125 0.01328125 0.03046875
0 0.5796875 0.2796875 0.009375 0.028125
4 0.5703125 0.2765625 0.00859375 0.025
2 0.59375 0.196875 0.01796875 0.0515625
0 0.60234375 0.215625 0.0140625 0.0390625
6 0.57578125 0.178125 0.05078125 0.11171875
6 0.55703125 0.27734375 0.03203125 0.09375