4 0.303125 0.3640625 0.015625 0.015625
6 0.34609375 0.4078125 0.02421875 0.02578125
4 0.3765625 0.43046875 0.0140625 0.01796875
4 0.39609375 0.39375 0.01640625 0.021875
4 0.425 0.39375 0.01171875 0.028125
4 0.40546875 0.415625 0.01875 0.0234375
4 0.421875 0.23125 0.01640625 0.01953125
4 0.39609375 0.20625 0.01484375 0.01875
4 0.3734375 0.165625 0.01796875 0.025
4 0.13046875 0.34921875 0.015625 0.0203125
3 0.06171875 0.3296875 0.025 0.02421875
2 0.12265625 0.1515625 0.03046875 0.0359375
2 0.16015625 0.12421875 0.028125 0.03359375
4 0.10546875 0.10546875 0.015625 0.02578125
0 0.040625 0.01328125 0.02109375 0.0265625
4 0.01171875 0.05 0.01640625 0.01640625
4 0.01328125 0.06015625 0.02109375 0.01640625
0 0.5046875 0.14453125 0.0203125 0.028125
2 0.56015625 0.08125 0.01796875 0.04453125
2 0.53984375 0.01015625 0.01796875 0.0203125
2 0.62421875 0.015625 0.0140625 0.03125
2 0.63828125 0.0125 0.0140625 0.025
4 0.64296875 0.21640625 0.01875 0.02578125
4 0.68203125 0.128125 0.0109375 0.028125
4 0.696875 0.1265625 0.01171875 0.02578125
4 0.7078125 0.1265625 0.009375 0.0265625
4 0.76796875 0.1890625 0.01484375 0.01953125
2 0.7765625 0.15625 0.01640625 0.04921875
2 0.7953125 0.2234375 0.0296875 0.03125
2 0.83671875 0.18203125 0.025 0.03125
2 0.821875 0.03203125 0.01875 0.0390625
4 0.85703125 0.19453125 0.01484375 0.028125
2 0.92109375 0.221875 0.0265625 0.028125
2 0.90390625 0.4328125 0.03125 0.0265625
2 0.821875 0.42421875 0.0265625 0.03515625
2 0.83828125 0.375 0.02578125 0.028125
2 0.98828125 0.40234375 0.0234375 0.034375
2 0.790625 0.375 0.02578125 0.028125
4 0.78671875 0.42890625 0.01484375 0.01953125
4 0.7640625 0.4140625 0.0140625 0.01640625
2 0.77421875 0.3953125 0.0265625 0.03203125
3 0.75625 0.43359375 0.02578125 0.025
2 0.74453125 0.36953125 0.028125 0.02578125
2 0.74375 0.40390625 0.0234375 0.025
0 0.7296875 0.41796875 0.0203125 0.0203125
4 0.721875 0.434375 0.01796875 0.01953125
4 0.69453125 0.4328125 0.01640625 0.015625
4 0.690625 0.40859375 0.0140625 0.01796875
4 0.65625 0.40625 0.0140625 0.01640625
4 0.6734375 0.4046875 0.02109375 0.025
4 0.63359375 0.42890625 0.0140625 0.0140625
4 0.69140625 0.36484375 0.02578125 0.02421875
4 0.7171875 0.3640625 0.0265625 0.028125
4 0.71796875 0.38984375 0.02578125 0.025
4 0.69296875 0.390625 0.02578125 0.0203125
4 0.66796875 0.38828125 0.0265625 0.025
4 0.66171875 0.3625 0.02890625 0.025
4 0.62109375 0.428125 0.0140625 0.01953125
4 0.63203125 0.409375 0.0140625 0.015625
4 0.63046875 0.41640625 0.01328125 0.01953125
4 0.64375 0.4109375 0.01328125 0.0234375
4 0.6265625 0.4 0.01171875 0.015625
4 0.6484375 0.39140625 0.01484375 0.01953125
4 0.6453125 0.37578125 0.01328125 0.01640625
4 0.63046875 0.35390625 0.01328125 0.015625
4 0.62890625 0.34296875 0.01640625 0.015625
3 0.63359375 0.3859375 0.0234375 0.02421875
2 0.6375 0.36484375 0.02421875 0.02421875
4 0.640625 0.35 0.0140625 0.01953125
2 0.67265625 0.4390625 0.025 0.0234375
2 0.64140625 0.440625 0.0265625 0.0234375
0 0.66171875 0.41796875 0.01796875 0.0234375
0 0.68046875 0.4203125 0.01953125 0.0234375
2 0.709375 0.4125 0.0234375 0.0265625
2 0.453125 0.98515625 0.01640625 0.0296875
2 0.4578125 0.9484375 0.015625 0.046875
0 0.4265625 0.9421875 0.01484375 0.03671875
3 0.43828125 0.909375 0.01953125 0.05703125
2 0.46171875 0.89375 0.01484375 0.04609375
2 0.47109375 0.8515625 0.015625 0.04921875
2 0.453125 0.83984375 0.0140625 0.0453125
4 0.53828125 0.734375 0.009375 0.03203125
2 0.46015625 0.78203125 0.0140625 0.03828125
2 0.47109375 0.7953125 0.01796875 0.0484375
2 0.5453125 0.67734375 0.01484375 0.0453125
4 0.559375 0.67890625 0.01015625 0.03125
2 0.51796875 0.696875 0.01484375 0.0515625
2 0.4546875 0.72578125 0.01484375 0.04375
4 0.44296875 0.7 0.01015625 0.0296875
4 0.44921875 0.68203125 0.0140625 0.0234375
0 0.4609375 0.6890625 0.0140625 0.03359375
2 0.46328125 0.740625 0.0140625 0.0453125
2 0.48125 0.69921875 0.01640625 0.04921875
2 0.47421875 0.74765625 0.015625 0.0453125
0 0.55078125 0.5640625 0.01796875 0.0359375
4 0.56875 0.52109375 0.0203125 0.02578125
4 0.4734375 0.59296875 0.01171875 0.0234375
4 0.46796875 0.60703125 0.009375 0.021875
4 0.46015625 0.63125 0.01015625 0.02421875
4 0.4609375 0.64921875 0.009375 0.03046875
0 0.46796875 0.65546875 0.01328125 0.0359375
0 0.45078125 0.64921875 0.01484375 0.05
2 0.459375 0.60546875 0.0140625 0.040625
2 0.47578125 0.62421875 0.0140625 0.04921875
2 0.4859375 0.65390625 0.01796875 0.04921875
4 0.565625 0.32734375 0.01171875 0.0234375
4 0.5609375 0.33984375 0.01015625 0.02421875
4 0.55703125 0.31484375 0.0109375 0.025
4 0.44921875 0.4828125 0.01171875 0.01953125
4 0.46953125 0.46171875 0.00859375 0.02421875
4 0.471875 0.48046875 0.00859375 0.025
4 0.48515625 0.46953125 0.00859375 0.02578125
4 0.478125 0.48515625 0.00703125 0.0203125
4 0.48203125 0.4921875 0.00703125 0.0234375
4 0.48671875 0.4921875 0.00859375 0.028125
4 0.49375 0.48828125 0.00859375 0.02578125
2 0.503125 0.48125 0.01484375 0.046875
4 0.46875 0.4984375 0.009375 0.01953125
4 0.46796875 0.515625 0.00859375 0.0203125
4 0.47109375 0.51796875 0.00703125 0.02578125
4 0.47578125 0.5171875 0.009375 0.02421875
4 0.47578125 0.50234375 0.0109375 0.02578125
4 0.48125 0.50625 0.01171875 0.025
2 0.49765625 0.55390625 0.015625 0.04296875
4 0.48984375 0.56171875 0.009375 0.0234375
2 0.48203125 0.5671875 0.01328125 0.03828125
2 0.471875 0.5640625 0.01484375 0.03984375
2 0.4859375 0.52890625 0.015625 0.04296875
4 0.50859375 0.5109375 0.00859375 0.02890625
2 0.0875 0.55703125 0.028125 0.03359375
2 0.04296875 0.553125 0.0296875 0.0203125
2 0.03828125 0.58125 0.0265625 0.02421875
2 0.03359375 0.66796875 0.02890625 0.03046875
4 0.29921875 0.578125 0.0140625 0.0203125
4 0.29609375 0.58828125 0.01640625 0.01484375
4 0.2953125 0.59609375 0.01484375 0.0234375
2 0.4921875 0.6109375 0.01640625 0.046875