2 0.03671875 0.55 0.0109375 0.0390625
2 0.22421875 0.48515625 0.0140625 0.0453125
2 0.221875 0.52421875 0.01328125 0.03203125
2 0.42109375 0.47421875 0.009375 0.03125
2 0.4203125 0.515625 0.009375 0.03515625
2 0.459375 0.54296875 0.01640625 0.040625
2 0.37421875 0.646875 0.0203125 0.025
2 0.45546875 0.70078125 0.01015625 0.040625
2 0.44609375 0.721875 0.01484375 0.03984375
2 0.396875 0.7796875 0.0140625 0.040625
2 0.39453125 0.84375 0.0140625 0.03203125
2 0.39375 0.86796875 0.0140625 0.0203125
2 0.39453125 0.8859375 0.01875 0.025
2 0.39140625 0.95390625 0.0140625 0.028125
2 0.58828125 0.88125 0.0140625 0.02421875
2 0.56640625 0.975 0.0203125 0.01640625
2 0.56796875 0.99140625 0.01484375 0.01640625
2 0.54375 0.73828125 0.0203125 0.034375
2 0.54453125 0.771875 0.01640625 0.03125
2 0.53125 0.84921875 0.01171875 0.03515625
2 0.52421875 0.93125 0.01484375 0.03671875
2 0.46015625 0.46640625 0.0140625 0.040625
2 0.68828125 0.51640625 0.01640625 0.0296875
2 0.6890625 0.5453125 0.01328125 0.03203125
2 0.615625 0.515625 0.01640625 0.021875
2 0.51875 0.528125 0.009375 0.04453125
2 0.19921875 0.72890625 0.01640625 0.01796875
2 0.21328125 0.39609375 0.01171875 0.04453125
2 0.05703125 0.6390625 0.02421875 0.01953125
3 0.4015625 0.628125 0.025 0.02109375
2 0.534375 0.559375 0.01171875 0.03984375
0 0.01328125 0.68046875 0.0203125 0.0203125
0 0.2890625 0.70703125 0.01640625 0.0203125
0 0.39375 0.7109375 0.01171875 0.01953125
0 0.39765625 0.6078125 0.01796875 0.015625
0 0.5375 0.44296875 0.01171875 0.03046875
0 0.52578125 0.5015625 0.01171875 0.02109375
0 0.54296875 0.5046875 0.0109375 0.025
0 0.54453125 0.5640625 0.0140625 0.028125
0 0.5234375 0.57421875 0.01328125 0.0296875
0 0.5375 0.7984375 0.01640625 0.02890625
0 0.5421875 0.81484375 0.009375 0.025
0 0.5453125 0.8359375 0.01171875 0.02421875
0 0.5453125 0.86171875 0.0109375 0.028125
0 0.5453125 0.88359375 0.01171875 0.02578125
0 0.5453125 0.909375 0.01171875 0.02890625
0 0.5328125 0.91484375 0.009375 0.03203125
0 0.540625 0.9609375 0.01015625 0.03203125
0 0.53046875 0.95703125 0.0140625 0.0296875
0 0.521875 0.97578125 0.01328125 0.03515625
0 0.53125 0.9859375 0.01171875 0.0265625
0 0.6734375 0.48203125 0.021875 0.025
0 0.46015625 0.64296875 0.01484375 0.01875
4 0.05859375 0.70703125 0.01640625 0.02421875
4 0.10390625 0.69140625 0.01796875 0.01875
4 0.13671875 0.68359375 0.0140625 0.01875
4 0.12421875 0.7015625 0.01171875 0.01875
0 0.14296875 0.6984375 0.01796875 0.0140625
4 0.178125 0.684375 0.0140625 0.02109375
4 0.2046875 0.64609375 0.0140625 0.01328125
4 0.2171875 0.71328125 0.01328125 0.0140625
4 0.25546875 0.684375 0.01875 0.01953125
4 0.296875 0.6859375 0.01015625 0.0234375
4 0.33125 0.64375 0.0140625 0.01484375
4 0.3671875 0.61875 0.0140625 0.0140625
4 0.3859375 0.61171875 0.00625 0.021875
4 0.3640625 0.70078125 0.01328125 0.01796875
4 0.3796875 0.6890625 0.0140625 0.01953125
4 0.4078125 0.69921875 0.01171875 0.02109375
4 0.43828125 0.67421875 0.01015625 0.0234375
4 0.43359375 0.5734375 0.009375 0.0203125
4 0.44453125 0.58671875 0.00859375 0.02109375
4 0.44921875 0.60234375 0.01171875 0.02109375
4 0.4578125 0.65859375 0.01171875 0.015625
4 0.45859375 0.76875 0.01171875 0.034375
4 0.42734375 0.74609375 0.00703125 0.0234375
4 0.51875 0.68671875 0.00859375 0.025
4 0.53203125 0.68359375 0.01015625 0.02578125
4 0.52578125 0.709375 0.0109375 0.01640625
4 0.51796875 0.7515625 0.00859375 0.01953125
4 0.51328125 0.79453125 0.00859375 0.03203125
4 0.51796875 0.846875 0.00703125 0.021875
4 0.5234375 0.809375 0.00625 0.01953125
4 0.528125 0.81875 0.009375 0.01953125
4 0.44140625 0.43359375 0.01328125 0.0265625
2 0.09375 0.040625 0.02109375 0.015625
2 0.19453125 0.06484375 0.01875 0.015625
2 0.18828125 0.09375 0.01796875 0.021875
2 0.228125 0.078125 0.0234375 0.0140625
2 0.209375 0.07109375 0.01796875 0.01796875
2 0.29296875 0.0953125 0.01796875 0.01796875
2 0.31015625 0.09921875 0.01953125 0.0109375
2 0.33671875 0.10625 0.02578125 0.015625
2 0.36171875 0.059375 0.01328125 0.04140625
2 0.37109375 0.096875 0.01875 0.0265625
2 0.5234375 0.103125 0.01328125 0.04296875
2 0.40546875 0.16875 0.0140625 0.03828125
2 0.41328125 0.18515625 0.01328125 0.040625
2 0.428125 0.18125 0.015625 0.01953125
2 0.4609375 0.290625 0.01484375 0.040625
1 0.45859375 0.3578125 0.01640625 0.07890625
1 0.52265625 0.39765625 0.01796875 0.09453125
2 0.46484375 0.1390625 0.01171875 0.040625
2 0.51796875 0.228125 0.0109375 0.04375
2 0.5265625 0.321875 0.01484375 0.0359375
2 0.61875 0.02734375 0.0203125 0.01796875
2 0.61171875 0.0390625 0.02890625 0.01328125
2 0.61015625 0.053125 0.025 0.02109375
2 0.584375 0.05390625 0.02109375 0.02421875
2 0.58046875 0.1015625 0.0234375 0.0234375
2 0.56796875 0.1125 0.0234375 0.025
2 0.56328125 0.13203125 0.0234375 0.01640625
2 0.565625 0.1484375 0.01640625 0.01328125
2 0.5671875 0.1640625 0.025 0.01953125
2 0.56875 0.1890625 0.01796875 0.02578125
2 0.5640625 0.2078125 0.01640625 0.02578125
3 0.57890625 0.26328125 0.015625 0.04140625
2 0.5265625 0.2734375 0.015625 0.04296875
2 0.646875 0.515625 0.0265625 0.025
2 0.04453125 0.225 0.015625 0.04140625
2 0.23125 0.25703125 0.0140625 0.03359375
2 0.21640625 0.30703125 0.009375 0.03203125
1 0.721875 0.34140625 0.05 0.03671875
2 0.7109375 0.28359375 0.01015625 0.03828125
0 0.240625 0.0234375 0.0140625 0.0296875
2 0.046875 0.0890625 0.01171875 0.0359375
2 0.04453125 0.13125 0.01015625 0.0453125
0 0.3234375 0.03671875 0.00859375 0.028125
2 0.3375 0.05859375 0.01171875 0.0453125
0 0.534375 0.01015625 0.009375 0.0203125
0 0.57109375 0.03046875 0.01171875 0.0265625
0 0.5515625 0.04375 0.01171875 0.03203125
0 0.5140625 0.04609375 0.01484375 0.034375
0 0.5515625 0.12734375 0.00859375 0.03515625
0 0.6484375 0.31015625 0.01796875 0.025
0 0.6921875 0.31640625 0.01640625 0.0203125
0 0.44140625 0.16953125 0.01328125 0.02578125
4 0.453125 0.16875 0.00703125 0.02109375
4 0.46328125 0.19296875 0.009375 0.01875
4 0.453125 0.290625 0.01015625 0.02421875
4 0.54453125 0.078125 0.01015625 0.02109375
4 0.5328125 0.16875 0.01484375 0.021875
4 0.525 0.1859375 0.01328125 0.03046875
4 0.53671875 0.23828125 0.01171875 0.0234375
4 0.5265625 0.22109375 0.00859375 0.0265625
4 0.465625 0.2515625 0.00859375 0.028125
4 0.54921875 0.5328125 0.00546875 0.01796875
4 0.54140625 0.52421875 0.01171875 0.01640625
4 0.52890625 0.53046875 0.01328125 0.0203125
4 0.63671875 0.48671875 0.01171875 0.02109375
4 0.7203125 0.47421875 0.01875 0.02421875
4 0.559375 0.51171875 0.01640625 0.02109375
4 0.5734375 0.49609375 0.0140625 0.025
4 0.73828125 0.30703125 0.0140625 0.0203125
2 0.73125 0.23828125 0.01015625 0.06015625
2 0.76796875 0.25859375 0.01640625 0.03984375
4 0.6890625 0.3625 0.01796875 0.02109375
4 0.6890625 0.46171875 0.01484375 0.01484375
4 0.46640625 0.43515625 0.009375 0.0296875
4 0.46015625 0.04296875 0.009375 0.02421875
4 0.46328125 0.05625 0.00859375 0.0140625
2 0.78828125 0.18671875 0.01796875 0.04296875
2 0.81328125 0.084375 0.01171875 0.028125
2 0.80859375 0.21640625 0.01171875 0.0296875
2 0.86796875 0.1375 0.01328125 0.03984375
2 0.86640625 0.17890625 0.01171875 0.0359375
2 0.86484375 0.21796875 0.01015625 0.03828125
0 0.80625 0.18046875 0.01328125 0.03203125
0 0.86015625 0.290625 0.01328125 0.03125
0 0.8984375 0.48359375 0.015625 0.02421875
0 0.8859375 0.49765625 0.015625 0.01953125
2 0.9171875 0.3265625 0.02109375 0.02109375
2 0.98203125 0.48984375 0.02890625 0.0234375
2 0.83125 0.52109375 0.021875 0.02109375
2 0.896875 0.521875 0.0234375 0.01796875
4 0.85390625 0.49921875 0.01796875 0.02109375
4 0.84453125 0.4765625 0.01640625 0.01875
4 0.7953125 0.48125 0.021875 0.025
4 0.915625 0.47734375 0.01640625 0.01640625
4 0.959375 0.53125 0.01015625 0.01796875
3 0.55625 0.45703125 0.01875 0.021875
4 0.89375 0.36171875 0.01171875 0.0203125
4 0.89921875 0.33671875 0.0140625 0.02109375
2 0.81640625 0.8859375 0.01171875 0.03359375
2 0.84140625 0.90234375 0.01796875 0.04453125
2 0.81015625 0.94921875 0.021875 0.02421875
2 0.80546875 0.9703125 0.0203125 0.02109375
2 0.80234375 0.9890625 0.01875 0.01953125