2 0.3453125 0.28515625 0.01796875 0.0140625
2 0.40546875 0.2515625 0.01171875 0.02109375
2 0.3953125 0.2140625 0.01640625 0.01875
2 0.51015625 0.325 0.00625 0.02890625
2 0.52109375 0.32421875 0.00859375 0.0296875
2 0.56171875 0.31640625 0.00703125 0.025
2 0.57109375 0.315625 0.00859375 0.02421875
2 0.9609375 0.87109375 0.0109375 0.02578125
2 0.9453125 0.90390625 0.00859375 0.0265625
2 0.721875 0.6515625 0.00859375 0.0234375
6 0.8875 0.63828125 0.03984375 0.0203125
5 0.72109375 0.38359375 0.04609375 0.01953125
6 0.665625 0.38203125 0.04140625 0.01953125
6 0.28046875 0.63125 0.03046875 0.01953125
6 0.1484375 0.63828125 0.0390625 0.01953125
6 0.125 0.671875 0.0390625 0.02421875
4 0.5515625 0.278125 0.0046875 0.0140625
3 0.75859375 0.85078125 0.021875 0.01796875
3 0.71796875 0.89453125 0.01015625 0.03515625
4 0.52890625 0.2765625 0.00390625 0.0140625
4 0.54609375 0.290625 0.003125 0.01484375
4 0.57109375 0.28046875 0.0046875 0.01484375
4 0.5875 0.29921875 0.00390625 0.01484375
4 0.56796875 0.23828125 0.003125 0.01484375
4 0.5375 0.2265625 0.003125 0.0109375
4 0.5453125 0.225 0.0046875 0.01171875
4 0.5859375 0.2390625 0.003125 0.01328125
4 0.521875 0.275 0.00390625 0.01328125
4 0.41796875 0.26796875 0.00390625 0.01328125
4 0.57890625 0.240625 0.003125 0.01328125
4 0.53515625 0.2765625 0.003125 0.0140625
4 0.5421875 0.29375 0.00390625 0.01171875
4 0.55078125 0.29296875 0.003125 0.01171875
0 0.8234375 0.64453125 0.01484375 0.01484375
2 0.6828125 0.6453125 0.00546875 0.025
2 0.6765625 0.62890625 0.00625 0.02421875
2 0.66875 0.6328125 0.00703125 0.021875
2 0.67578125 0.65390625 0.00625 0.01953125
0 0.8234375 0.603125 0.01171875 0.00859375
5 0.9640625 0.5640625 0.071875 0.02421875
6 0.7234375 0.60390625 0.0265625 0.015625
4 0.79921875 0.38984375 0.00703125 0.00859375
6 0.62265625 0.58828125 0.03203125 0.01796875
2 0.5765625 0.47890625 0.01484375 0.01171875
6 0.54921875 0.540625 0.03203125 0.01640625
2 0.77734375 0.43125 0.01484375 0.0140625
0 0.91640625 0.403125 0.01015625 0.01171875
6 0.46796875 0.52109375 0.025 0.01640625
6 0.4515625 0.54140625 0.040625 0.01796875
2 0.1328125 0.49921875 0.01640625 0.01328125
2 0.60390625 0.5640625 0.01171875 0.01015625
2 0.16796875 0.4859375 0.01796875 0.01328125
3 0.7515625 0.59921875 0.0203125 0.01484375
3 0.88125 0.58828125 0.0203125 0.01875
6 0.88359375 0.534375 0.04140625 0.021875
2 0.86328125 0.41328125 0.0140625 0.01171875
6 0.9109375 0.3859375 0.025 0.01640625
6 0.9515625 0.40390625 0.03671875 0.01875
4 0.9515625 0.3734375 0.009375 0.01015625
2 0.4390625 0.47109375 0.01484375 0.015625
6 0.3359375 0.528125 0.025 0.01484375
4 0.1390625 0.47421875 0.00859375 0.00859375
3 0.02578125 0.5453125 0.01484375 0.0109375
4 0.25859375 0.46796875 0.00703125 0.00703125
2 0.57578125 0.6203125 0.0109375 0.01171875
5 0.6421875 0.53671875 0.0546875 0.01796875
3 0.61796875 0.51484375 0.0203125 0.01328125
5 0.6046875 0.49296875 0.0390625 0.01875
2 0.7046875 0.5390625 0.0140625 0.0140625
2 0.69453125 0.515625 0.01640625 0.015625
0 0.7953125 0.60390625 0.01015625 0.0109375
2 0.99296875 0.88125 0.0140625 0.02578125
2 0.978125 0.86015625 0.01171875 0.0203125
2 0.9890625 0.81171875 0.01328125 0.02578125
2 0.9734375 0.91875 0.00859375 0.02421875
6 0.00859375 0.4734375 0.0171875 0.015625
0 0.171875 0.46171875 0.01328125 0.0109375
6 0.0734375 0.553125 0.02421875 0.01484375
5 0.08203125 0.53046875 0.04296875 0.015625
6 0.51796875 0.4734375 0.034375 0.01484375
6 0.4890625 0.49453125 0.0296875 0.015625
4 0.52734375 0.45078125 0.00703125 0.00703125
4 0.52265625 0.45703125 0.00546875 0.00625
2 0.56328125 0.5203125 0.015625 0.01171875
2 0.5765625 0.553125 0.0140625 0.0140625
4 0.50546875 0.56015625 0.00703125 0.009375
4 0.45234375 0.56015625 0.00625 0.00859375
6 0.59140625 0.4515625 0.034375 0.01796875