4 0.44921875 0.44296875 0.01171875 0.02421875
4 0.4984375 0.41015625 0.01484375 0.01796875
4 0.55703125 0.4140625 0.0140625 0.0203125
4 0.565625 0.396875 0.01796875 0.01640625
4 0.45390625 0.38828125 0.0140625 0.015625
4 0.4703125 0.37421875 0.01796875 0.01484375
4 0.5078125 0.36875 0.01484375 0.01640625
4 0.53203125 0.38046875 0.01640625 0.01875
4 0.60078125 0.4109375 0.01796875 0.021875
0 0.50703125 0.4 0.0203125 0.0234375
0 0.53828125 0.3984375 0.02109375 0.028125
0 0.4484375 0.36953125 0.021875 0.0234375
0 0.496875 0.51796875 0.0140625 0.03515625
3 0.46875 0.36015625 0.021875 0.0265625
2 0.56171875 0.35546875 0.0265625 0.03359375
2 0.590625 0.38203125 0.03203125 0.02578125
2 0.59921875 0.35390625 0.02890625 0.03125
4 0.6671875 0.4265625 0.015625 0.0203125
4 0.66796875 0.4453125 0.01640625 0.01953125
4 0.6421875 0.44453125 0.01640625 0.02109375
4 0.625 0.4390625 0.015625 0.0234375
4 0.6171875 0.4578125 0.01875 0.02109375
4 0.68203125 0.425 0.015625 0.02421875
4 0.69296875 0.44609375 0.01796875 0.02421875
4 0.72578125 0.42421875 0.015625 0.01875
4 0.71015625 0.41328125 0.01640625 0.015625
4 0.70546875 0.42578125 0.015625 0.01640625
4 0.69375 0.41328125 0.01796875 0.021875
0 0.66015625 0.40859375 0.0203125 0.0234375
0 0.7734375 0.42421875 0.021875 0.02578125
2 0.6671875 0.38359375 0.02578125 0.02578125
2 0.6484375 0.35625 0.03046875 0.0234375
2 0.7203125 0.36796875 0.02578125 0.02421875
2 0.7578125 0.36875 0.02890625 0.02578125
2 0.73984375 0.3921875 0.0265625 0.028125
2 0.6296875 0.38359375 0.0296875 0.028125
2 0.62890625 0.40546875 0.028125 0.0234375
2 0.75 0.4140625 0.0296875 0.02578125
2 0.58515625 0.47265625 0.028125 0.04140625
4 0.59140625 0.51796875 0.015625 0.034375
2 0.540625 0.634375 0.01796875 0.0546875
2 0.465625 0.78203125 0.021875 0.05703125
4 0.4671875 0.715625 0.01484375 0.034375
4 0.465625 0.6765625 0.01484375 0.02578125
2 0.48359375 0.67421875 0.01875 0.05390625
2 0.50703125 0.5140625 0.01796875 0.053125
2 0.48359375 0.521875 0.01796875 0.05625
4 0.43828125 0.42890625 0.0109375 0.02109375
4 0.42421875 0.4109375 0.01484375 0.02421875
4 0.42265625 0.3640625 0.01640625 0.02421875
2 0.3796875 0.36640625 0.021875 0.021875
2 0.4109375 0.33203125 0.021875 0.02578125
4 0.559375 0.30703125 0.01796875 0.02890625
4 0.56875 0.328125 0.01875 0.0265625
4 0.49140625 0.3515625 0.01796875 0.0203125
4 0.465625 0.34296875 0.01640625 0.01796875
4 0.44921875 0.3328125 0.01640625 0.01875
4 0.43515625 0.34296875 0.01484375 0.01796875
4 0.40078125 0.29921875 0.01171875 0.01484375
4 0.403125 0.4140625 0.0140625 0.01953125
6 0.346875 0.40859375 0.025 0.025
4 0.31171875 0.32578125 0.01484375 0.01953125
4 0.2890625 0.34140625 0.015625 0.01640625
4 0.24609375 0.315625 0.01484375 0.01953125
4 0.22109375 0.33359375 0.015625 0.0234375
4 0.20546875 0.31875 0.015625 0.01796875
4 0.17421875 0.31640625 0.0140625 0.01875
4 0.13671875 0.303125 0.015625 0.01796875
4 0.12578125 0.315625 0.01484375 0.01953125
4 0.096875 0.28125 0.015625 0.0234375
4 0.0125 0.30390625 0.01796875 0.01875
4 0.096875 0.10546875 0.01640625 0.02421875
4 0.01875 0.10859375 0.01953125 0.0203125
2 0.01171875 0.13125 0.0234375 0.03671875
0 0.096875 0.03828125 0.015625 0.0453125
0 0.028125 0.0640625 0.0234375 0.03046875
4 0.0140625 0.0515625 0.01640625 0.01171875
4 0.015625 0.0609375 0.01796875 0.01796875
0 0.04375 0.01328125 0.0234375 0.02578125
4 0.296875 0.16328125 0.01484375 0.0203125
4 0.3890625 0.134375 0.0140625 0.01953125
3 0.3890625 0.15078125 0.02421875 0.028125
2 0.34296875 0.18984375 0.03046875 0.0296875
2 0.36484375 0.1796875 0.02421875 0.03125
2 0.38828125 0.19921875 0.02890625 0.025
2 0.340625 0.2140625 0.0265625 0.0265625
4 0.41953125 0.1421875 0.0140625 0.01796875
4 0.428125 0.1515625 0.0140625 0.01796875
4 0.428125 0.16015625 0.0140625 0.015625
4 0.421875 0.165625 0.0140625 0.015625
4 0.42421875 0.17578125 0.015625 0.01484375
4 0.40234375 0.23515625 0.01171875 0.01640625
4 0.4109375 0.23359375 0.01171875 0.01484375
4 0.421875 0.23359375 0.015625 0.01953125
4 0.41640625 0.22578125 0.0109375 0.01484375
4 0.4125 0.215625 0.0140625 0.01640625
4 0.4234375 0.22109375 0.0140625 0.01875
4 0.415625 0.1890625 0.0140625 0.01796875
4 0.42421875 0.1859375 0.01796875 0.01640625
2 0.41875 0.20390625 0.02890625 0.028125
2 0.3703125 0.21796875 0.028125 0.0265625
0 0.50625 0.15 0.021875 0.028125
2 0.56171875 0.084375 0.0203125 0.040625
2 0.54296875 0.01328125 0.01796875 0.0265625
2 0.6265625 0.015625 0.0140625 0.03125
2 0.640625 0.0109375 0.015625 0.021875
4 0.68203125 0.203125 0.01796875 0.0203125
4 0.7 0.12890625 0.009375 0.02421875
4 0.70859375 0.1328125 0.01171875 0.0234375
2 0.78125 0.16015625 0.015625 0.040625
2 0.8234375 0.03203125 0.01796875 0.04609375
2 0.8421875 0.18359375 0.025 0.02578125
4 0.8609375 0.19140625 0.01328125 0.0265625
3 0.928125 0.18359375 0.02109375 0.01953125
4 0.98984375 0.26328125 0.01796875 0.0234375
4 0.9796875 0.45546875 0.01484375 0.01953125
4 0.93125 0.44921875 0.015625 0.02109375
2 0.959375 0.43828125 0.03203125 0.0265625
2 0.9671875 0.4109375 0.03203125 0.03203125
0 0.93515625 0.4125 0.021875 0.0265625
3 0.91015625 0.3765625 0.03046875 0.03203125
2 0.915625 0.40546875 0.02890625 0.0296875
0 0.9046875 0.45390625 0.0265625 0.0296875
3 0.928125 0.43515625 0.0234375 0.0265625
2 0.90625 0.4328125 0.028125 0.02421875
4 0.846875 0.46796875 0.01484375 0.0203125
4 0.81484375 0.4515625 0.01953125 0.01875
4 0.809375 0.4375 0.015625 0.01484375
4 0.82890625 0.4125 0.01484375 0.0203125
0 0.81953125 0.421875 0.0203125 0.01875
2 0.84453125 0.40078125 0.02578125 0.025
2 0.86796875 0.40546875 0.02890625 0.0265625
2 0.89140625 0.409375 0.02890625 0.028125
2 0.853125 0.42265625 0.028125 0.02890625
2 0.88046875 0.42578125 0.02890625 0.02890625
4 0.80546875 0.41328125 0.01484375 0.01484375
4 0.79140625 0.42109375 0.01484375 0.01875
4 0.76953125 0.453125 0.01328125 0.01484375
4 0.76953125 0.4640625 0.01640625 0.01796875
2 0.790625 0.44375 0.0265625 0.02578125
2 0.784375 0.3984375 0.0265625 0.0265625
2 0.7953125 0.375 0.02890625 0.028125
1 0.8359375 0.375 0.0640625 0.04375
2 0.8765625 0.38046875 0.034375 0.03359375
2 0.8203125 0.40078125 0.03203125 0.02421875
2 0.72578125 0.4421875 0.025 0.0296875
4 0.740625 0.4515625 0.01640625 0.01953125
2 0.70390625 0.39609375 0.02578125 0.028125
2 0.5234375 0.98359375 0.01875 0.03203125
4 0.3015625 0.578125 0.01640625 0.01796875
4 0.2984375 0.5859375 0.01640625 0.01484375
4 0.296875 0.5953125 0.01640625 0.01640625
4 0.6828125 0.12890625 0.01171875 0.03046875
4 0.79296875 0.40859375 0.01796875 0.01875
4 0.77109375 0.41171875 0.01796875 0.01953125
2 0.75546875 0.44296875 0.02890625 0.03125
2 0.08984375 0.55859375 0.0234375 0.02578125
2 0.04453125 0.55078125 0.02421875 0.02578125
2 0.03828125 0.57734375 0.028125 0.02578125
2 0.034375 0.665625 0.0234375 0.0265625
2 0.39765625 0.21953125 0.0234375 0.028125