2 0.5515625 0.653125 0.02421875 0.03515625
2 0.37734375 0.621875 0.028125 0.02421875
0 0.396875 0.68984375 0.0140625 0.028125
0 0.3609375 0.54765625 0.01171875 0.02421875
0 0.38203125 0.7265625 0.01484375 0.0265625
0 0.29921875 0.75390625 0.01171875 0.028125
0 0.7359375 0.34609375 0.01875 0.0234375
0 0.7203125 0.146875 0.01796875 0.0203125
0 0.740625 0.1828125 0.01875 0.02109375
2 0.66796875 0.221875 0.0234375 0.03125
2 0.6609375 0.1515625 0.02421875 0.0265625
2 0.55234375 0.2453125 0.02421875 0.02890625
2 0.51875 0.27421875 0.0234375 0.034375
2 0.30859375 0.109375 0.021875 0.03828125
2 0.23125 0.18515625 0.02578125 0.03359375
2 0.19296875 0.1265625 0.02578125 0.03671875
3 0.25546875 0.234375 0.02109375 0.03359375
3 0.19140625 0.20703125 0.025 0.03984375
2 0.15078125 0.290625 0.02578125 0.0390625
2 0.328125 0.3765625 0.01171875 0.03984375
2 0.725 0.96171875 0.0234375 0.02421875
4 0.63203125 0.409375 0.01484375 0.0203125
4 0.47421875 0.42890625 0.01015625 0.01171875
4 0.50546875 0.44453125 0.01484375 0.01796875
4 0.5265625 0.43515625 0.0140625 0.01640625
4 0.56953125 0.4046875 0.01328125 0.0140625
4 0.584375 0.42890625 0.01171875 0.015625
4 0.609375 0.4 0.0140625 0.01640625
4 0.6484375 0.38046875 0.01484375 0.01875
4 0.55078125 0.4734375 0.01171875 0.01796875
4 0.534375 0.471875 0.01015625 0.02109375
4 0.51796875 0.490625 0.01328125 0.021875
4 0.50546875 0.52421875 0.01171875 0.015625
4 0.48359375 0.55703125 0.0140625 0.01875
4 0.49609375 0.56328125 0.01015625 0.01328125
4 0.4984375 0.578125 0.01015625 0.01875
4 0.5234375 0.55625 0.0109375 0.01328125
4 0.5375 0.5953125 0.0109375 0.0203125
4 0.5421875 0.57578125 0.01015625 0.01875
4 0.55703125 0.5625 0.00859375 0.021875
4 0.60078125 0.57109375 0.01328125 0.021875
4 0.61875 0.63046875 0.01484375 0.01875
4 0.61796875 0.65546875 0.01328125 0.01328125
4 0.56484375 0.69140625 0.009375 0.0140625
4 0.57890625 0.72109375 0.01171875 0.01484375
4 0.428125 0.63046875 0.01171875 0.02421875
4 0.4546875 0.66796875 0.01484375 0.015625
4 0.41875 0.65078125 0.0109375 0.01796875
4 0.3515625 0.634375 0.00859375 0.0203125
4 0.34453125 0.62890625 0.009375 0.02421875
4 0.3515625 0.59609375 0.009375 0.02421875
4 0.3609375 0.59296875 0.009375 0.02109375
4 0.36875 0.59296875 0.009375 0.01796875
4 0.38984375 0.578125 0.0140625 0.01796875
4 0.3203125 0.64296875 0.0109375 0.021875
4 0.315625 0.72109375 0.00859375 0.021875
4 0.29296875 0.740625 0.00703125 0.0203125
4 0.27265625 0.81015625 0.009375 0.02109375
4 0.25859375 0.87265625 0.0109375 0.021875
4 0.3234375 0.834375 0.00859375 0.02109375
4 0.3484375 0.7765625 0.009375 0.01640625
4 0.35078125 0.74140625 0.009375 0.025
4 0.35859375 0.77734375 0.009375 0.0203125
4 0.3296875 0.84921875 0.01015625 0.01875
4 0.3234375 0.90078125 0.00859375 0.01953125
4 0.3015625 0.9140625 0.00859375 0.02109375
4 0.26875 0.9890625 0.009375 0.0203125
4 0.25625 0.93125 0.01015625 0.01875
4 0.28671875 0.9375 0.01171875 0.02421875
4 0.2359375 0.98125 0.01015625 0.0234375
4 0.30078125 0.64453125 0.00625 0.0203125
4 0.34921875 0.54921875 0.009375 0.02421875
4 0.38984375 0.5359375 0.009375 0.015625
4 0.36953125 0.515625 0.009375 0.01640625
4 0.39296875 0.50546875 0.01171875 0.01953125
4 0.4171875 0.50546875 0.00859375 0.0203125
4 0.409375 0.4546875 0.01171875 0.01484375
4 0.44140625 0.48046875 0.0109375 0.0203125
4 0.36953125 0.42578125 0.009375 0.02421875
4 0.4265625 0.38359375 0.01171875 0.01484375
4 0.4390625 0.4015625 0.01015625 0.01640625
4 0.4515625 0.396875 0.0109375 0.015625
4 0.44609375 0.43125 0.00859375 0.01640625
4 0.43125 0.43046875 0.009375 0.015625
4 0.4609375 0.5109375 0.00859375 0.02109375
4 0.60703125 0.77578125 0.01328125 0.0203125
4 0.58984375 0.74375 0.01171875 0.01953125
4 0.71953125 0.890625 0.01171875 0.01953125
4 0.76328125 0.84609375 0.01171875 0.01875
4 0.77421875 0.821875 0.01171875 0.01875
4 0.7765625 0.80390625 0.01171875 0.0203125
4 0.77578125 0.74375 0.01171875 0.01484375
4 0.7625 0.953125 0.01484375 0.02109375
4 0.796875 0.90546875 0.01328125 0.02109375
4 0.78203125 0.85 0.01171875 0.0203125
4 0.81328125 0.97890625 0.01328125 0.01875
4 0.81484375 0.9140625 0.01171875 0.01953125
4 0.871875 0.9890625 0.01015625 0.01953125
4 0.721875 0.93203125 0.01171875 0.02421875
6 0.56796875 0.95234375 0.040625 0.06484375
4 0.32109375 0.30546875 0.009375 0.01796875
4 0.32109375 0.26328125 0.0109375 0.01640625
4 0.32421875 0.2890625 0.01015625 0.01953125
4 0.34296875 0.296875 0.01015625 0.021875
4 0.34921875 0.3609375 0.01015625 0.0203125
4 0.3859375 0.296875 0.0140625 0.01875
4 0.3734375 0.2609375 0.0109375 0.01640625
4 0.35078125 0.2234375 0.01171875 0.01796875
4 0.3484375 0.19765625 0.01015625 0.01484375
4 0.2203125 0.13046875 0.009375 0.01640625
4 0.1765625 0.109375 0.009375 0.0234375
4 0.24921875 0.16796875 0.01015625 0.02109375
4 0.42890625 0.3015625 0.01171875 0.0203125
4 0.40390625 0.29453125 0.009375 0.01875
4 0.58046875 0.3 0.01171875 0.01953125
4 0.56171875 0.28515625 0.0109375 0.015625
4 0.61640625 0.26484375 0.01328125 0.01640625
4 0.646875 0.21796875 0.0140625 0.0234375
4 0.70390625 0.20703125 0.01484375 0.01796875
4 0.55625 0.353125 0.01328125 0.01796875
4 0.72421875 0.31484375 0.0140625 0.01875
4 0.77109375 0.30078125 0.0140625 0.01796875
4 0.78671875 0.2640625 0.015625 0.01875
4 0.74296875 0.16328125 0.0140625 0.01328125
4 0.7984375 0.1328125 0.01328125 0.01875
4 0.81640625 0.14140625 0.0140625 0.01484375
4 0.83203125 0.115625 0.01484375 0.01796875
4 0.8234375 0.0859375 0.0140625 0.0203125
4 0.8796875 0.05078125 0.015625 0.02109375
4 0.95390625 0.25625 0.01484375 0.02109375
4 0.92578125 0.30625 0.0140625 0.025
4 0.90546875 0.26953125 0.01328125 0.02890625
4 0.903125 0.15625 0.015625 0.01953125
4 0.88046875 0.178125 0.01796875 0.0203125
4 0.94921875 0.11015625 0.01796875 0.021875
4 0.9921875 0.1109375 0.0140625 0.025
4 0.95234375 0.00859375 0.01484375 0.01640625
4 0.98515625 0.20625 0.01875 0.0234375
2 0.91953125 0.27578125 0.0234375 0.05
2 0.8671875 0.28671875 0.02578125 0.0359375
2 0.8484375 0.3890625 0.0234375 0.0453125
2 0.759375 0.63046875 0.02109375 0.0453125
3 0.2140625 0.25078125 0.021875 0.040625
6 0.19453125 0.25078125 0.0296875 0.05
3 0.23359375 0.28359375 0.02578125 0.04375
4 0.64921875 0.46015625 0.01171875 0.0140625
3 0.6203125 0.48984375 0.01953125 0.025
3 0.63046875 0.5390625 0.01640625 0.03125
3 0.67421875 0.57890625 0.01875 0.0296875
3 0.69296875 0.6109375 0.0203125 0.03359375
3 0.7078125 0.634375 0.025 0.0359375
3 0.7296875 0.6734375 0.021875 0.03984375
3 0.671875 0.434375 0.025 0.03984375
3 0.73671875 0.38828125 0.02578125 0.03515625
3 0.8125 0.33125 0.02421875 0.0296875
3 0.8390625 0.3109375 0.03359375 0.04296875
3 0.86796875 0.3359375 0.03203125 0.059375
3 0.82578125 0.44921875 0.03203125 0.06953125
3 0.80703125 0.50390625 0.015625 0.0359375
4 0.759375 0.346875 0.01171875 0.01953125
4 0.753125 0.3734375 0.01171875 0.01796875
4 0.81328125 0.54296875 0.0109375 0.0234375
2 0.62421875 0.15625 0.01640625 0.0453125
3 0.52109375 0.70625 0.02890625 0.03515625
3 0.2546875 0.7984375 0.01640625 0.03828125
2 0.33046875 0.9171875 0.01796875 0.03671875
2 0.40546875 0.14296875 0.01953125 0.03671875
3 0.7015625 0.41796875 0.03125 0.0359375
3 0.63046875 0.50703125 0.02109375 0.03125
3 0.66796875 0.55859375 0.0203125 0.03515625
3 0.71796875 0.646875 0.021875 0.0390625
3 0.68671875 0.5859375 0.02109375 0.0359375
4 0.77421875 0.034375 0.00859375 0.01953125
4 0.77890625 0.028125 0.00703125 0.01953125
4 0.7859375 0.02265625 0.00546875 0.0203125
4 0.68359375 0.11015625 0.00546875 0.015625
4 0.69453125 0.10390625 0.00546875 0.0203125
4 0.68125 0.13046875 0.0109375 0.01328125
4 0.66875 0.12109375 0.00625 0.01875
4 0.66328125 0.12265625 0.00546875 0.0203125
4 0.65703125 0.12734375 0.00625 0.01953125
4 0.65078125 0.1296875 0.00625 0.02109375
4 0.64375 0.1328125 0.00546875 0.01796875
4 0.63203125 0.14296875 0.00703125 0.0203125
4 0.63828125 0.13828125 0.00546875 0.01796875
4 0.69453125 0.13125 0.00859375 0.0203125
4 0.61171875 0.15625 0.0046875 0.01640625
4 0.6109375 0.13125 0.00703125 0.0203125
4 0.60546875 0.17265625 0.00546875 0.01640625
4 0.5921875 0.19453125 0.00625 0.0203125
4 0.565625 0.20078125 0.00859375 0.021875
4 0.55703125 0.184375 0.00546875 0.01953125
4 0.5515625 0.18828125 0.00546875 0.01953125
4 0.57265625 0.19140625 0.009375 0.015625
4 0.58125 0.19296875 0.00546875 0.0203125
4 0.59140625 0.171875 0.00546875 0.01953125
4 0.59765625 0.178125 0.00546875 0.015625
4 0.584375 0.184375 0.00546875 0.01796875
4 0.5015625 0.2734375 0.00859375 0.01875
4 0.48203125 0.278125 0.00625 0.01796875
4 0.4859375 0.26328125 0.00859375 0.01875
4 0.47421875 0.28046875 0.00703125 0.01953125
4 0.415625 0.2765625 0.00859375 0.01640625
4 0.42421875 0.2828125 0.00703125 0.015625
3 0.521875 0.21796875 0.025 0.0296875
6 0.078125 0.03046875 0.03671875 0.05703125
4 0.1171875 0.11953125 0.00859375 0.025
4 0.14921875 0.18515625 0.00625 0.015625
4 0.14453125 0.17890625 0.00859375 0.01875
4 0.23671875 0.24296875 0.009375 0.0140625
4 0.24296875 0.24140625 0.00625 0.01796875
4 0.2265625 0.23125 0.009375 0.0109375
4 0.33203125 0.059375 0.00859375 0.01484375
4 0.34453125 0.03828125 0.00859375 0.01796875
4 0.3546875 0.05234375 0.009375 0.01953125
4 0.36328125 0.059375 0.009375 0.01953125
4 0.34453125 0.071875 0.009375 0.01640625
4 0.33671875 0.065625 0.00625 0.01796875
4 0.32578125 0.06796875 0.01015625 0.0109375
4 0.321875 0.075 0.00703125 0.00859375
4 0.31328125 0.08671875 0.009375 0.01640625
4 0.31953125 0.09921875 0.00859375 0.0203125
4 0.32578125 0.0984375 0.00703125 0.01640625
4 0.32890625 0.10546875 0.00703125 0.01640625
4 0.3734375 0.128125 0.00625 0.01640625
4 0.3859375 0.128125 0.00546875 0.015625
4 0.390625 0.10625 0.00625 0.01796875
4 0.38046875 0.1015625 0.00703125 0.01484375
4 0.378125 0.11796875 0.00859375 0.01484375
4 0.36796875 0.11640625 0.00703125 0.0140625
4 0.3765625 0.08203125 0.00859375 0.015625
4 0.36484375 0.0953125 0.00625 0.01640625
4 0.3609375 0.08828125 0.00703125 0.015625
4 0.340625 0.10546875 0.00546875 0.01796875
4 0.334375 0.11328125 0.00625 0.01953125
4 0.340625 0.12578125 0.00859375 0.015625
4 0.34921875 0.1375 0.00625 0.01640625
4 0.34453125 0.13515625 0.00703125 0.01796875
4 0.35078125 0.09609375 0.00859375 0.01640625
4 0.3546875 0.10390625 0.00859375 0.01796875
4 0.2984375 0.315625 0.00703125 0.01953125
4 0.30859375 0.5890625 0.00859375 0.021875
4 0.2265625 0.83671875 0.01171875 0.01015625
4 0.23046875 0.82421875 0.01015625 0.0109375
4 0.23671875 0.79453125 0.009375 0.009375
4 0.240625 0.78671875 0.01015625 0.01171875
4 0.24609375 0.77265625 0.0109375 0.01171875
3 0.28046875 0.6734375 0.01640625 0.03046875
4 0.40625 0.7375 0.009375 0.01015625
4 0.36796875 0.775 0.01015625 0.01953125
3 0.775 0.76953125 0.01171875 0.01328125