5 0.06796875 0.42578125 0.02421875 0.01953125
2 0.12890625 0.509375 0.021875 0.01484375
3 0.3515625 0.46640625 0.02109375 0.02109375
4 0.3734375 0.55390625 0.04375 0.02890625
3 0.51953125 0.47890625 0.01875 0.021875
2 0.6484375 0.490625 0.01953125 0.01875
6 0.70703125 0.55625 0.02109375 0.021875
3 0.840625 0.4703125 0.0234375 0.02890625
4 0.92578125 0.56015625 0.0109375 0.01171875
2 0.946875 0.521875 0.01796875 0.02109375
3 0.20546875 0.6140625 0.0203125 0.02109375
5 0.28984375 0.6390625 0.03203125 0.0203125
5 0.15859375 0.64609375 0.04296875 0.02578125
5 0.13125 0.68203125 0.04609375 0.028125
2 0.58203125 0.58828125 0.0140625 0.02578125
2 0.61328125 0.590625 0.01484375 0.01875