3 0.35390625 0.01953125 0.0234375 0.0390625
2 0.31328125 0.02890625 0.01640625 0.034375
2 0.3109375 0.090625 0.01640625 0.02890625
4 0.28828125 0.0796875 0.0109375 0.0109375
2 0.3578125 0.11328125 0.01875 0.034375
2 0.3734375 0.14765625 0.01640625 0.03203125
2 0.3515625 0.16640625 0.01484375 0.0234375
2 0.39609375 0.19453125 0.01953125 0.03828125
2 0.42109375 0.228125 0.01875 0.03515625
2 0.44140625 0.2296875 0.01640625 0.03828125
2 0.4296875 0.28203125 0.0203125 0.04375
3 0.46171875 0.3359375 0.02109375 0.04453125
2 0.4828125 0.36640625 0.01484375 0.040625
2 0.44375 0.39921875 0.0203125 0.021875
2 0.48046875 0.4390625 0.009375 0.040625
0 0.5296875 0.41640625 0.01171875 0.0234375
4 0.38203125 0.3234375 0.00625 0.01875
4 0.3859375 0.3984375 0.00625 0.0140625
4 0.4109375 0.42890625 0.00859375 0.01953125
2 0.41484375 0.4734375 0.01171875 0.03671875
4 0.4796875 0.4953125 0.00546875 0.015625
0 0.34296875 0.52578125 0.01171875 0.0203125
2 0.24296875 0.51953125 0.01640625 0.03515625
4 0.3359375 0.54140625 0.00703125 0.01875
2 0.17421875 0.73203125 0.0203125 0.03359375
2 0.20234375 0.68359375 0.0203125 0.0359375
0 0.234375 0.69140625 0.015625 0.0234375
4 0.2421875 0.6546875 0.00859375 0.0140625
2 0.190625 0.7890625 0.01953125 0.028125
4 0.134375 0.9625 0.009375 0.01171875
4 0.14921875 0.940625 0.0109375 0.01640625
4 0.178125 0.89453125 0.0109375 0.01640625
2 0.19765625 0.87109375 0.01796875 0.03359375
2 0.14609375 0.98828125 0.0203125 0.0234375
4 0.14921875 0.959375 0.01015625 0.01640625
2 0.16328125 0.9625 0.01875 0.03359375
2 0.18046875 0.93515625 0.015625 0.02890625
2 0.196875 0.965625 0.0203125 0.03359375
2 0.20234375 0.90703125 0.01875 0.0296875
2 0.21875 0.88125 0.0203125 0.0296875
2 0.23515625 0.8515625 0.01796875 0.03125
2 0.23671875 0.80859375 0.01875 0.03203125
4 0.21796875 0.83125 0.009375 0.01328125
4 0.184375 0.91171875 0.009375 0.0140625
4 0.21953125 0.859375 0.01015625 0.01015625
2 0.25625 0.815625 0.02109375 0.02890625
4 0.25859375 0.79609375 0.01015625 0.01484375
4 0.30390625 0.71640625 0.01015625 0.01015625
4 0.3203125 0.68671875 0.00546875 0.01640625
2 0.2421875 0.8953125 0.0203125 0.03125
2 0.16328125 0.92890625 0.01640625 0.02890625
2 0.2765625 0.78671875 0.01953125 0.03203125
6 0.296875 0.7515625 0.03046875 0.04921875
2 0.27578125 0.73984375 0.01953125 0.02890625
2 0.30703125 0.68828125 0.01875 0.0296875
2 0.321875 0.71328125 0.01875 0.028125
2 0.34921875 0.6828125 0.01875 0.0296875
4 0.33046875 0.6796875 0.01015625 0.0109375
4 0.32578125 0.6515625 0.01015625 0.01328125
4 0.32578125 0.66171875 0.009375 0.01328125
4 0.340625 0.65390625 0.00703125 0.01328125
4 0.3484375 0.65078125 0.0046875 0.01171875
4 0.3375 0.6703125 0.00625 0.009375
4 0.33515625 0.69375 0.009375 0.01015625
2 0.3828125 0.67578125 0.01796875 0.03046875
2 0.4015625 0.678125 0.01875 0.03203125
3 0.36328125 0.65078125 0.01796875 0.028125
2 0.37578125 0.6203125 0.01640625 0.02890625
3 0.39296875 0.603125 0.01640625 0.025
2 0.3765625 0.58203125 0.02109375 0.03125
2 0.425 0.61796875 0.01796875 0.028125
4 0.44375 0.62734375 0.009375 0.0109375
4 0.43671875 0.58828125 0.009375 0.01328125
4 0.3546875 0.6078125 0.01015625 0.01328125
4 0.36171875 0.61640625 0.01015625 0.0109375
2 0.465625 0.56796875 0.01796875 0.02890625
2 0.48828125 0.6359375 0.02109375 0.03203125
2 0.33671875 0.884375 0.01484375 0.03203125
2 0.71796875 0.021875 0.01796875 0.03203125
2 0.73125 0.0375 0.0203125 0.03046875
0 0.68671875 0.08828125 0.0140625 0.0203125
0 0.671875 0.10078125 0.01171875 0.021875
5 0.76875 0.05390625 0.0140625 0.025
2 0.78203125 0.1171875 0.01875 0.03125
2 0.7984375 0.11796875 0.01875 0.0296875
2 0.68671875 0.18203125 0.0203125 0.0296875
2 0.7765625 0.1609375 0.01875 0.03203125
4 0.78671875 0.17734375 0.01015625 0.01171875
6 0.83828125 0.14765625 0.02578125 0.03984375
0 0.753125 0.21015625 0.015625 0.0203125
4 0.715625 0.19921875 0.01015625 0.01484375
4 0.69921875 0.225 0.00859375 0.015625
2 0.70703125 0.2265625 0.01640625 0.0296875
0 0.709375 0.24921875 0.01328125 0.02109375
2 0.728125 0.24140625 0.015625 0.028125
2 0.71484375 0.2734375 0.01875 0.03046875
4 0.66171875 0.28984375 0.00859375 0.015625
2 0.69296875 0.25625 0.01875 0.03046875
0 0.68984375 0.2828125 0.01171875 0.01953125
0 0.69609375 0.31484375 0.0140625 0.02109375
2 0.6765625 0.2828125 0.01640625 0.02890625
0 0.68046875 0.30625 0.01328125 0.01953125
0 0.68203125 0.32890625 0.01328125 0.0234375
5 0.65390625 0.33203125 0.034375 0.0609375
4 0.6046875 0.221875 0.01171875 0.015625
4 0.621875 0.3703125 0.00859375 0.01015625
4 0.63671875 0.3890625 0.00546875 0.01171875
4 0.61015625 0.3984375 0.00625 0.0109375
4 0.61796875 0.4234375 0.00859375 0.01171875
4 0.63359375 0.434375 0.00859375 0.009375
4 0.62734375 0.44765625 0.00703125 0.01171875
4 0.61875 0.45703125 0.00859375 0.01328125
4 0.62890625 0.46015625 0.00625 0.01328125
4 0.6296875 0.4703125 0.00859375 0.01171875
4 0.6484375 0.45546875 0.0046875 0.01015625
4 0.63046875 0.39375 0.00546875 0.01328125
4 0.62578125 0.40703125 0.00703125 0.0109375
4 0.6875 0.3390625 0.0046875 0.00859375
4 0.684375 0.35859375 0.0046875 0.00703125
2 0.68046875 0.85546875 0.015625 0.03203125
2 0.6265625 0.86328125 0.01875 0.04140625
2 0.60703125 0.81953125 0.015625 0.02890625
3 0.62890625 0.8265625 0.01875 0.0390625
2 0.65078125 0.86171875 0.01875 0.0359375
2 0.6234375 0.9515625 0.021875 0.02890625
4 0.684375 0.8265625 0.009375 0.01796875
0 0.63828125 0.64609375 0.01015625 0.02578125
0 0.60625 0.653125 0.01171875 0.02890625
0 0.571875 0.6609375 0.01171875 0.0203125
0 0.56328125 0.72578125 0.009375 0.02109375
0 0.5859375 0.7859375 0.01328125 0.02578125
3 0.546875 0.7125 0.01640625 0.03671875
2 0.61953125 0.78125 0.01328125 0.03046875
1 0.5953125 0.73203125 0.03671875 0.07890625
4 0.53515625 0.69296875 0.00546875 0.01796875
4 0.54609375 0.6734375 0.00625 0.01640625
4 0.5515625 0.65625 0.00859375 0.015625
4 0.55859375 0.65078125 0.00703125 0.0140625
4 0.56171875 0.6640625 0.009375 0.015625
4 0.58125 0.678125 0.00703125 0.01796875
4 0.56953125 0.67890625 0.00859375 0.0140625
4 0.57109375 0.70859375 0.00546875 0.01953125
4 0.628125 0.60625 0.0046875 0.01640625
4 0.6390625 0.59296875 0.00546875 0.015625
2 0.6984375 0.6734375 0.01796875 0.03515625
2 0.71171875 0.709375 0.01484375 0.03046875
4 0.678125 0.63828125 0.00703125 0.015625