2 0.91328125 0.8421875 0.02109375 0.0390625
2 0.928125 0.87109375 0.0203125 0.03984375
2 0.9390625 0.8875 0.01875 0.03828125
2 0.97265625 0.934375 0.02421875 0.04296875
2 0.9828125 0.953125 0.02109375 0.034375
2 0.82109375 0.93828125 0.02421875 0.0390625
2 0.74375 0.89296875 0.02890625 0.0359375
2 0.80625 0.73046875 0.01796875 0.03515625
2 0.871875 0.7296875 0.02109375 0.040625
2 0.88125 0.715625 0.0234375 0.03671875
2 0.82578125 0.7140625 0.02578125 0.02890625
2 0.85546875 0.78046875 0.0296875 0.05
2 0.86328125 0.7625 0.025 0.03671875
2 0.8 0.68203125 0.02421875 0.0390625
2 0.6453125 0.4296875 0.01796875 0.046875
2 0.67421875 0.51328125 0.021875 0.046875
2 0.61171875 0.446875 0.01328125 0.046875
2 0.6296875 0.496875 0.015625 0.0453125
2 0.56875 0.35546875 0.0234375 0.0390625
2 0.5546875 0.3109375 0.03203125 0.034375
2 0.5828125 0.3015625 0.015625 0.0390625
2 0.596875 0.28203125 0.01875 0.04921875
2 0.615625 0.31796875 0.0203125 0.04609375
2 0.5828125 0.20078125 0.0140625 0.040625
2 0.58828125 0.115625 0.01484375 0.05078125
2 0.5953125 0.01875 0.01875 0.0375
2 0.76171875 0.31953125 0.02421875 0.04375
2 0.81953125 0.18359375 0.01875 0.05
2 0.428125 0.24140625 0.0265625 0.02890625
2 0.45390625 0.24296875 0.01953125 0.04609375
2 0.19921875 0.1609375 0.025 0.05
2 0.26171875 0.10078125 0.0234375 0.03828125
2 0.32109375 0.0765625 0.0203125 0.046875
2 0.3328125 0.084375 0.021875 0.04609375
2 0.346875 0.09609375 0.02421875 0.0484375
2 0.36328125 0.1015625 0.025 0.0515625
2 0.39765625 0.06875 0.0265625 0.040625
2 0.41953125 0.01875 0.0203125 0.0375
2 0.19921875 0.06171875 0.025 0.0484375
2 0.26171875 0.52578125 0.01953125 0.053125
2 0.25703125 0.66640625 0.01640625 0.040625
2 0.26875 0.7125 0.02421875 0.04921875
2 0.20859375 0.85703125 0.0234375 0.0515625
2 0.33359375 0.90234375 0.021875 0.03359375
2 0.43046875 0.8359375 0.02890625 0.02890625
2 0.496875 0.72421875 0.0265625 0.021875
2 0.54453125 0.70390625 0.02578125 0.03671875
2 0.60078125 0.65546875 0.01953125 0.04375
2 0.72578125 0.55703125 0.01640625 0.04296875
2 0.584375 0.3484375 0.021875 0.03828125
2 0.60390625 0.38515625 0.01640625 0.046875
1 0.621875 0.20546875 0.0234375 0.1296875
6 0.2859375 0.72421875 0.0296875 0.06875
3 0.2109375 0.92421875 0.034375 0.0703125
3 0.44765625 0.7265625 0.01875 0.0296875
3 0.34765625 0.565625 0.028125 0.06796875
3 0.59921875 0.6015625 0.0203125 0.05078125
0 0.73203125 0.6078125 0.01875 0.03203125
0 0.77421875 0.66953125 0.015625 0.025
0 0.6203125 0.603125 0.0140625 0.03515625
0 0.61328125 0.6609375 0.01640625 0.02890625
0 0.68515625 0.81171875 0.01875 0.0234375
0 0.540625 0.7484375 0.021875 0.02421875
0 0.2203125 0.67421875 0.015625 0.03828125
0 0.384375 0.4515625 0.0140625 0.03203125
0 0.309375 0.3953125 0.01171875 0.03203125
0 0.228125 0.22109375 0.01640625 0.028125
0 0.22578125 0.0328125 0.01875 0.03125
0 0.434375 0.059375 0.01171875 0.03203125
0 0.62890625 0.11015625 0.009375 0.03671875
0 0.81171875 0.97734375 0.0203125 0.02890625
0 0.44453125 0.69453125 0.01875 0.025
3 0.6015625 0.33046875 0.01875 0.04609375
4 0.15859375 0.91328125 0.0109375 0.025
4 0.16640625 0.921875 0.0109375 0.0234375
4 0.22421875 0.76796875 0.009375 0.028125
4 0.24609375 0.74140625 0.009375 0.0234375
4 0.25625 0.98125 0.0109375 0.02109375
4 0.3015625 0.9890625 0.009375 0.01328125
4 0.34296875 0.92890625 0.01328125 0.01953125
4 0.3734375 0.87578125 0.01171875 0.01875
4 0.478125 0.78828125 0.01171875 0.01484375
4 0.5 0.75625 0.01171875 0.01171875
4 0.57421875 0.79140625 0.0109375 0.015625
4 0.55703125 0.75 0.0140625 0.01640625
4 0.55625 0.715625 0.009375 0.02109375
4 0.55546875 0.67578125 0.01015625 0.0109375
4 0.56875 0.66953125 0.01171875 0.01484375
4 0.578125 0.6703125 0.009375 0.02421875
4 0.5953125 0.75859375 0.01484375 0.0140625
4 0.58671875 0.77109375 0.01328125 0.0140625
4 0.62421875 0.81015625 0.0140625 0.01640625
4 0.66015625 0.7953125 0.0140625 0.0203125
4 0.44375 0.74140625 0.01171875 0.01484375
4 0.390625 0.60078125 0.009375 0.01796875
4 0.33359375 0.6125 0.01328125 0.01953125
4 0.3296875 0.46640625 0.009375 0.02109375
4 0.33828125 0.484375 0.009375 0.0234375
4 0.36953125 0.496875 0.009375 0.021875
4 0.21796875 0.11484375 0.01015625 0.01640625
4 0.20625 0.1359375 0.009375 0.015625
4 0.21796875 0.140625 0.01015625 0.01640625
4 0.23203125 0.13984375 0.009375 0.01796875
4 0.23046875 0.16328125 0.009375 0.015625
4 0.25703125 0.20546875 0.00859375 0.01875
4 0.4640625 0.175 0.01171875 0.02109375
4 0.46953125 0.11796875 0.009375 0.0234375
4 0.39609375 0.20234375 0.01171875 0.01328125
4 0.609375 0.12421875 0.00859375 0.025
4 0.603125 0.159375 0.00703125 0.025
4 0.5140625 0.23359375 0.01328125 0.0140625
4 0.38828125 0.28828125 0.00859375 0.01953125
4 0.40078125 0.265625 0.01015625 0.01484375
4 0.4015625 0.2859375 0.00859375 0.02109375
4 0.39296875 0.34140625 0.00859375 0.02421875
4 0.41796875 0.3171875 0.01171875 0.01953125
4 0.440625 0.3046875 0.01171875 0.0140625
4 0.4203125 0.35859375 0.01171875 0.025
4 0.46328125 0.321875 0.01484375 0.01328125
4 0.49453125 0.315625 0.0140625 0.0109375
4 0.51796875 0.25390625 0.01171875 0.0203125
4 0.51953125 0.3140625 0.01015625 0.01484375
4 0.5328125 0.315625 0.01015625 0.01640625
4 0.55078125 0.278125 0.01171875 0.01484375
4 0.56328125 0.28359375 0.01015625 0.0109375
4 0.5515625 0.2890625 0.0109375 0.01171875
4 0.55078125 0.33359375 0.01328125 0.01328125
4 0.546875 0.34296875 0.0109375 0.01875
4 0.63203125 0.3078125 0.01015625 0.01953125
4 0.603125 0.25703125 0.00859375 0.01875
4 0.63359375 0.246875 0.00625 0.02109375
4 0.634375 0.36875 0.00859375 0.0234375
4 0.6265625 0.39375 0.00625 0.0234375
4 0.62109375 0.415625 0.0046875 0.0203125
4 0.6234375 0.44609375 0.00859375 0.021875
4 0.60625 0.53046875 0.00625 0.01796875
4 0.665625 0.55078125 0.01015625 0.02421875
4 0.6390625 0.6625 0.01171875 0.021875
4 0.69296875 0.84375 0.01328125 0.01484375
4 0.72421875 0.846875 0.0140625 0.0203125
4 0.7390625 0.83203125 0.009375 0.01640625
4 0.76953125 0.85078125 0.01171875 0.01796875
4 0.846875 0.878125 0.01171875 0.01875
4 0.85703125 0.86328125 0.01171875 0.02109375
4 0.83125 0.78125 0.01015625 0.021875
4 0.8234375 0.7484375 0.00859375 0.01640625
4 0.83671875 0.73828125 0.00703125 0.01640625
4 0.84453125 0.75 0.0109375 0.0140625
4 0.83359375 0.98828125 0.0109375 0.01640625
4 0.84609375 0.98671875 0.01171875 0.02421875
4 0.9203125 0.98984375 0.01484375 0.0203125
4 0.43828125 0.22421875 0.01171875 0.0109375
4 0.7046875 0.15078125 0.01015625 0.009375
4 0.69921875 0.17421875 0.0140625 0.01171875
4 0.7 0.19375 0.009375 0.0109375
4 0.69921875 0.20625 0.01015625 0.009375
4 0.6984375 0.22421875 0.0109375 0.01015625
4 0.6953125 0.25390625 0.009375 0.01015625
4 0.67578125 0.25078125 0.01171875 0.0140625
4 0.67421875 0.26875 0.009375 0.0109375
4 0.69453125 0.26953125 0.01015625 0.01015625
4 0.6921875 0.27890625 0.01484375 0.01015625
4 0.678125 0.26171875 0.0109375 0.01015625
4 0.62578125 0.04140625 0.00859375 0.025