2 0.040625 0.95859375 0.01953125 0.028125
2 0.09375 0.86875 0.015625 0.03515625
2 0.13671875 0.86484375 0.021875 0.03359375
2 0.20625 0.97578125 0.01796875 0.03828125
2 0.228125 0.9515625 0.01875 0.0359375
2 0.18828125 0.7890625 0.021875 0.03203125
2 0.2515625 0.7109375 0.0203125 0.0359375
2 0.3234375 0.82734375 0.01875 0.02578125
2 0.29609375 0.6578125 0.02109375 0.025
2 0.3125 0.640625 0.01640625 0.028125
2 0.3296875 0.61953125 0.01796875 0.02578125
2 0.32578125 0.60859375 0.015625 0.028125
2 0.34375 0.59765625 0.01640625 0.03046875
2 0.40234375 0.534375 0.01640625 0.0265625
2 0.38515625 0.43359375 0.01484375 0.034375
2 0.3515625 0.3046875 0.015625 0.0390625
2 0.33046875 0.31796875 0.01484375 0.0296875
2 0.32265625 0.01171875 0.01640625 0.0234375
2 0.33671875 0.0109375 0.01796875 0.021875
2 0.415625 0.2640625 0.01875 0.02578125
2 0.42421875 0.25546875 0.01640625 0.028125
2 0.42578125 0.28984375 0.01875 0.03203125
2 0.43671875 0.28828125 0.02109375 0.03359375
2 0.51875 0.40234375 0.0203125 0.021875
2 0.56328125 0.44375 0.0203125 0.02890625
2 0.60390625 0.3578125 0.01796875 0.01953125
2 0.584375 0.20078125 0.01484375 0.03359375
2 0.5546875 0.22421875 0.01171875 0.034375
2 0.5671875 0.13828125 0.01484375 0.03359375
2 0.55703125 0.0546875 0.0109375 0.03125
2 0.59375 0.0640625 0.01875 0.0265625
2 0.64140625 0.3140625 0.0203125 0.02578125
2 0.640625 0.353125 0.01953125 0.0234375
2 0.796875 0.17109375 0.01015625 0.03671875
2 0.80859375 0.18046875 0.01875 0.0265625
2 0.82421875 0.14921875 0.01171875 0.03984375
2 0.81328125 0.20703125 0.01796875 0.02421875
2 0.834375 0.240625 0.021875 0.0359375
2 0.87109375 0.08984375 0.0140625 0.03203125
2 0.9390625 0.015625 0.01875 0.03046875
2 0.946875 0.21171875 0.01796875 0.0265625
2 0.93828125 0.21875 0.0203125 0.03984375
2 0.928125 0.23515625 0.0203125 0.03125
2 0.803125 0.26953125 0.0203125 0.02890625
2 0.78828125 0.29140625 0.01875 0.034375
2 0.74921875 0.31171875 0.015625 0.021875
2 0.75546875 0.3296875 0.015625 0.02421875
2 0.7296875 0.33359375 0.0203125 0.0296875
2 0.740625 0.3453125 0.01796875 0.0203125
2 0.7109375 0.35703125 0.01796875 0.028125
2 0.72578125 0.36328125 0.01796875 0.028125
2 0.73828125 0.3640625 0.01953125 0.02421875
2 0.7078125 0.384375 0.01796875 0.03046875
2 0.68125 0.38828125 0.015625 0.025
2 0.6828125 0.40703125 0.015625 0.02890625
2 0.66640625 0.4140625 0.0203125 0.03359375
2 0.71953125 0.57578125 0.015625 0.0296875
2 0.79296875 0.73125 0.02421875 0.03046875
2 0.8640625 0.75390625 0.01484375 0.02578125
2 0.878125 0.76171875 0.01484375 0.04140625
2 0.90546875 0.78125 0.01484375 0.0296875
2 0.9390625 0.828125 0.01875 0.02890625
2 0.95859375 0.86640625 0.01796875 0.0203125
2 0.96953125 0.88203125 0.01875 0.021875
2 0.978125 0.91015625 0.02109375 0.0265625
2 0.90546875 0.95546875 0.0203125 0.0265625
2 0.88984375 0.93671875 0.01796875 0.03125
2 0.8734375 0.915625 0.01875 0.0265625
2 0.8703125 0.93125 0.01875 0.03046875
2 0.85625 0.89921875 0.01875 0.02578125
2 0.84453125 0.91171875 0.01796875 0.02109375
2 0.83828125 0.87734375 0.01796875 0.03125
2 0.8265625 0.8921875 0.0203125 0.021875
2 0.81875 0.865625 0.02109375 0.0265625
2 0.80546875 0.87109375 0.01796875 0.02421875
2 0.79375 0.84375 0.01796875 0.02578125
2 0.79921875 0.83203125 0.01953125 0.0234375
2 0.7640625 0.80625 0.021875 0.025
2 0.765625 0.8265625 0.01796875 0.0265625
2 0.728125 0.80703125 0.01796875 0.02109375
2 0.6890625 0.740625 0.0203125 0.01953125
2 0.6578125 0.721875 0.01796875 0.01875
2 0.6484375 0.7328125 0.01875 0.01875
2 0.659375 0.7578125 0.01796875 0.01953125
2 0.61953125 0.71953125 0.021875 0.0234375
2 0.61015625 0.69609375 0.02109375 0.02890625
2 0.57890625 0.68046875 0.0203125 0.02421875
2 0.5765625 0.71015625 0.0203125 0.025
2 0.553125 0.78125 0.0203125 0.02421875
2 0.58359375 0.57890625 0.0109375 0.03828125
2 0.4984375 0.63984375 0.0203125 0.02890625
2 0.36328125 0.94375 0.01796875 0.025
2 0.37109375 0.96171875 0.01484375 0.02421875
2 0.325 0.95390625 0.01875 0.02421875
2 0.334375 0.9859375 0.01640625 0.02421875
4 0.05859375 0.875 0.00859375 0.01796875
4 0.053125 0.86171875 0.01015625 0.01640625
4 0.078125 0.84921875 0.00703125 0.01640625
4 0.08203125 0.84609375 0.00859375 0.0203125
4 0.0859375 0.84140625 0.00703125 0.015625
4 0.09140625 0.83984375 0.00703125 0.01484375
4 0.08125 0.928125 0.0109375 0.01796875
4 0.109375 0.884375 0.0109375 0.01875
4 0.12890625 0.83671875 0.01171875 0.01796875
4 0.31171875 0.66015625 0.009375 0.0109375
4 0.30859375 0.62890625 0.00703125 0.015625
4 0.315625 0.6109375 0.009375 0.0140625
4 0.3328125 0.58046875 0.00859375 0.01796875
4 0.3640625 0.5265625 0.009375 0.01484375
4 0.39921875 0.490625 0.009375 0.0234375
4 0.36953125 0.3875 0.00859375 0.02109375
4 0.33359375 0.29453125 0.00546875 0.021875
4 0.34296875 0.33046875 0.009375 0.01875
4 0.33515625 0.2546875 0.009375 0.01953125
4 0.27109375 0.1125 0.009375 0.01875
4 0.2578125 0.10078125 0.01015625 0.02109375
4 0.33359375 0.05546875 0.009375 0.01953125
4 0.3640625 0.1234375 0.009375 0.021875
4 0.37109375 0.07734375 0.00546875 0.01640625
4 0.38828125 0.128125 0.00703125 0.015625
4 0.3953125 0.12890625 0.00859375 0.01171875
4 0.3984375 0.1359375 0.00625 0.009375
4 0.3953125 0.14921875 0.00859375 0.009375
4 0.4015625 0.140625 0.00625 0.01484375
4 0.409375 0.134375 0.00859375 0.01328125
4 0.40625 0.1546875 0.0140625 0.01328125
4 0.41171875 0.15859375 0.00625 0.015625
4 0.41796875 0.15625 0.00625 0.01875
4 0.42109375 0.159375 0.009375 0.01171875
4 0.41484375 0.1703125 0.00859375 0.01640625
4 0.41796875 0.17734375 0.00859375 0.01171875
4 0.42421875 0.1734375 0.00859375 0.01171875
4 0.43046875 0.17890625 0.009375 0.0140625
4 0.4359375 0.18828125 0.01015625 0.01015625
4 0.440625 0.19609375 0.009375 0.00703125
4 0.43828125 0.26640625 0.00859375 0.01640625
4 0.4453125 0.32578125 0.009375 0.01796875
4 0.50625 0.3609375 0.01015625 0.01796875
4 0.5015625 0.33515625 0.0109375 0.01171875
4 0.4734375 0.409375 0.01171875 0.01796875
4 0.55078125 0.3515625 0.01015625 0.01796875
4 0.5734375 0.34609375 0.01015625 0.0203125
4 0.58515625 0.31875 0.009375 0.0203125
4 0.5828125 0.240625 0.009375 0.01484375
4 0.59140625 0.2375 0.01328125 0.01796875
4 0.7296875 0.28125 0.01328125 0.0140625
4 0.78671875 0.22890625 0.01015625 0.01484375
4 0.78046875 0.21171875 0.00703125 0.01328125
4 0.75 0.225 0.00859375 0.01875
4 0.76796875 0.21171875 0.00859375 0.01484375
4 0.8359375 0.1828125 0.01171875 0.01796875
4 0.85078125 0.1484375 0.01171875 0.01953125
4 0.7515625 0.34921875 0.00859375 0.01484375
4 0.74375 0.3296875 0.00703125 0.01640625
4 0.73828125 0.38046875 0.00859375 0.01484375
4 0.7234375 0.3734375 0.009375 0.00625
4 0.72890625 0.378125 0.00859375 0.01328125
4 0.71796875 0.3828125 0.00859375 0.00390625
4 0.721875 0.3859375 0.009375 0.00546875
4 0.71640625 0.39375 0.00859375 0.00703125
4 0.71171875 0.390625 0.01015625 0.01015625
4 0.70546875 0.40703125 0.00859375 0.0109375
4 0.6953125 0.39921875 0.00625 0.01015625
4 0.696875 0.40859375 0.009375 0.0140625
4 0.6890625 0.41328125 0.00859375 0.01171875
4 0.68046875 0.42109375 0.00859375 0.01484375
4 0.68203125 0.4265625 0.00859375 0.015625
4 0.68203125 0.44375 0.00625 0.009375
4 0.6734375 0.4609375 0.009375 0.01328125
4 0.684375 0.509375 0.00390625 0.0140625
4 0.753125 0.66171875 0.01015625 0.0109375
4 0.815625 0.71796875 0.00546875 0.0140625
4 0.81953125 0.72109375 0.00390625 0.01640625
4 0.8234375 0.72578125 0.0046875 0.0140625
4 0.8359375 0.74609375 0.00625 0.01015625
4 0.83203125 0.73515625 0.00546875 0.01484375
4 0.84296875 0.74140625 0.00546875 0.01328125
4 0.8484375 0.74921875 0.00546875 0.015625
4 0.853125 0.7546875 0.00625 0.01640625
4 0.84453125 0.7765625 0.01015625 0.01484375
4 0.909375 0.7984375 0.00703125 0.01484375
4 0.91953125 0.8265625 0.00859375 0.01484375
4 0.971875 0.86796875 0.00859375 0.01015625
4 0.97890625 0.85859375 0.01015625 0.01171875
4 0.96640625 0.89453125 0.0140625 0.01015625
4 0.98203125 0.88046875 0.0046875 0.01640625
4 0.971875 0.9328125 0.0109375 0.015625
4 0.8390625 0.89375 0.00859375 0.01171875
4 0.83125 0.88515625 0.01015625 0.01484375
4 0.83828125 0.91640625 0.00859375 0.01015625
4 0.8328125 0.909375 0.00859375 0.01484375
4 0.8234375 0.89921875 0.00859375 0.01640625
4 0.815625 0.89609375 0.009375 0.01484375
4 0.80703125 0.88203125 0.00859375 0.01015625
4 0.809375 0.896875 0.00703125 0.01171875
4 0.690625 0.7578125 0.01171875 0.01328125
4 0.68046875 0.7625 0.0109375 0.015625
4 0.678125 0.7703125 0.01015625 0.01328125
4 0.66640625 0.74453125 0.00859375 0.01171875
4 0.628125 0.7359375 0.009375 0.009375
4 0.6328125 0.69765625 0.01171875 0.0140625
4 0.57890625 0.69453125 0.00859375 0.01015625
4 0.57890625 0.66328125 0.00625 0.015625
4 0.47265625 0.778125 0.0140625 0.021875
4 0.46953125 0.81328125 0.01328125 0.01875
4 0.47578125 0.6234375 0.01171875 0.01640625
4 0.45390625 0.5984375 0.01328125 0.01640625
4 0.44609375 0.56484375 0.00859375 0.02421875
4 0.45390625 0.57578125 0.01171875 0.0203125
4 0.390625 0.734375 0.01328125 0.015625
4 0.35859375 0.75078125 0.015625 0.01953125
4 0.3609375 0.79921875 0.01171875 0.01015625
4 0.41484375 0.86953125 0.01171875 0.015625
4 0.4140625 0.88359375 0.01171875 0.01171875
4 0.29609375 0.85625 0.00625 0.015625
4 0.259375 0.90859375 0.00859375 0.01640625
0 0.3453125 0.44453125 0.01171875 0.0296875
0 0.10625 0.85703125 0.02109375 0.025
0 0.0421875 0.9875 0.025 0.025
0 0.39375 0.78203125 0.01875 0.02109375
0 0.33515625 0.5875 0.01640625 0.02109375
0 0.2921875 0.61328125 0.01796875 0.01953125
0 0.56015625 0.67734375 0.01796875 0.01875
0 0.425 0.3109375 0.0140625 0.01953125
0 0.421875 0.228125 0.0140625 0.01640625
0 0.57578125 0.3265625 0.00859375 0.02578125
0 0.603125 0.284375 0.01328125 0.02890625
0 0.60390625 0.26015625 0.0140625 0.0234375
0 0.67421875 0.30546875 0.01796875 0.015625
0 0.665625 0.4359375 0.01328125 0.0234375
0 0.6734375 0.44140625 0.00859375 0.028125
0 0.69609375 0.38125 0.0109375 0.01953125
0 0.70859375 0.27421875 0.01171875 0.025
0 0.76328125 0.33359375 0.01484375 0.01875
0 0.896875 0.19921875 0.01484375 0.02421875
0 0.7390625 0.6625 0.01171875 0.02109375
0 0.7296875 0.65703125 0.0140625 0.02421875
0 0.75703125 0.65546875 0.01328125 0.01796875
0 0.87109375 0.76875 0.009375 0.02421875
0 0.89609375 0.778125 0.0140625 0.02578125
0 0.77890625 0.82890625 0.015625 0.021875
3 0.34140625 0.040625 0.02421875 0.046875
3 0.82578125 0.91953125 0.02578125 0.03046875
3 0.3484375 0.61953125 0.01875 0.034375
1 0.30859375 0.60234375 0.05 0.07578125
1 0.546875 0.625 0.0546875 0.05390625
1 0.73671875 0.7609375 0.05390625 0.06015625
1 0.72578125 0.78359375 0.05703125 0.05859375
1 0.784375 0.796875 0.04375 0.0484375
1 0.60703125 0.4953125 0.04375 0.06875
1 0.459375 0.290625 0.03359375 0.05859375