2 0.56484375 0.92109375 0.01171875 0.03359375
2 0.57578125 0.83046875 0.00859375 0.02578125
2 0.5578125 0.78046875 0.01015625 0.03125
2 0.5546875 0.6765625 0.009375 0.02421875
2 0.58125 0.659375 0.01171875 0.03359375
2 0.58984375 0.61875 0.0109375 0.03515625
2 0.58828125 0.55859375 0.01171875 0.02578125
2 0.52109375 0.596875 0.01640625 0.02890625
2 0.60078125 0.50546875 0.01640625 0.03046875
2 0.6203125 0.49296875 0.01484375 0.0296875
2 0.609375 0.45703125 0.01875 0.0265625
2 0.64609375 0.4515625 0.01796875 0.025
2 0.64765625 0.42109375 0.01796875 0.0234375
2 0.6953125 0.43125 0.021875 0.01796875
2 0.74140625 0.4265625 0.01640625 0.01171875
2 0.746875 0.39296875 0.015625 0.0140625
2 0.8265625 0.415625 0.01875 0.01796875
2 0.78671875 0.34375 0.0109375 0.03203125
2 0.83203125 0.35078125 0.015625 0.015625
2 0.8640625 0.53203125 0.021875 0.0203125
2 0.759375 0.53125 0.01640625 0.01875
2 0.753125 0.51171875 0.01796875 0.01796875
2 0.7265625 0.5171875 0.01640625 0.01171875
2 0.74296875 0.54296875 0.01875 0.01171875
2 0.74453125 0.55546875 0.01875 0.01484375
2 0.73671875 0.571875 0.0203125 0.01484375
2 0.71875 0.53984375 0.01875 0.01484375
2 0.7078125 0.55546875 0.015625 0.01484375
2 0.6828125 0.53125 0.015625 0.01796875
2 0.66796875 0.59609375 0.01796875 0.01875
2 0.8890625 0.49609375 0.01640625 0.01640625
2 0.47734375 0.415625 0.015625 0.0140625
2 0.47421875 0.43125 0.015625 0.01328125
2 0.49140625 0.45078125 0.01640625 0.01328125
2 0.47109375 0.45625 0.01640625 0.0109375
2 0.43359375 0.45703125 0.0140625 0.01484375
2 0.45078125 0.4609375 0.01640625 0.01328125
2 0.384375 0.46328125 0.01796875 0.01484375
2 0.3640625 0.446875 0.015625 0.01484375
2 0.321875 0.434375 0.01640625 0.01328125
2 0.2328125 0.28046875 0.01015625 0.03359375
2 0.23671875 0.21328125 0.01015625 0.0296875
2 0.20078125 0.29921875 0.009375 0.028125
2 0.1890625 0.44609375 0.0203125 0.01484375
2 0.11171875 0.45078125 0.01953125 0.01796875
2 0.0140625 0.43515625 0.0203125 0.01640625
2 0.1359375 0.55 0.0203125 0.015625
2 0.03828125 0.5796875 0.01953125 0.01640625
0 0.56875 0.72890625 0.00859375 0.0265625
0 0.60859375 0.528125 0.009375 0.01796875
0 0.6296875 0.42265625 0.009375 0.01640625
0 0.56875 0.378125 0.00859375 0.01171875
0 0.490625 0.4375 0.0109375 0.0140625
0 0.4140625 0.43046875 0.01171875 0.01171875
0 0.4046875 0.41015625 0.01171875 0.01171875
0 0.2515625 0.41171875 0.01171875 0.01796875
0 0.28984375 0.42109375 0.0109375 0.01328125
0 0.31015625 0.45859375 0.0140625 0.0109375
0 0.11796875 0.41796875 0.01484375 0.01328125
0 0.15625 0.3984375 0.0140625 0.01171875
0 0.6859375 0.4109375 0.01015625 0.01328125
0 0.70546875 0.40625 0.009375 0.01328125
0 0.721875 0.3890625 0.01328125 0.01484375
0 0.825 0.38671875 0.01171875 0.0140625
0 0.8484375 0.3890625 0.01171875 0.01015625
1 0.796875 0.5140625 0.0515625 0.0265625
1 0.95703125 0.5078125 0.053125 0.02578125
4 0.978125 0.52421875 0.0109375 0.01171875
4 0.93828125 0.48359375 0.009375 0.009375
4 0.978125 0.3921875 0.01171875 0.01015625
4 0.91953125 0.3640625 0.00859375 0.00703125
4 0.8265625 0.39609375 0.00859375 0.00703125
4 0.79375 0.39609375 0.00859375 0.00625
4 0.80234375 0.415625 0.01015625 0.009375
4 0.83125 0.54140625 0.01015625 0.01015625
4 0.80078125 0.5640625 0.009375 0.01015625
4 0.88984375 0.54375 0.01015625 0.00859375
4 0.73203125 0.5546875 0.00859375 0.01015625
4 0.721875 0.55234375 0.01015625 0.009375
4 0.70859375 0.515625 0.009375 0.00625
4 0.6890625 0.56328125 0.00859375 0.00625
4 0.68359375 0.56796875 0.00859375 0.00625
4 0.68125 0.56171875 0.009375 0.00546875
4 0.6890625 0.55703125 0.00703125 0.00546875
4 0.68984375 0.55 0.00859375 0.00390625
4 0.6890625 0.54296875 0.00703125 0.00546875
4 0.68203125 0.54453125 0.00859375 0.00625
4 0.68046875 0.51640625 0.00859375 0.00625
4 0.68203125 0.553125 0.00859375 0.00546875
4 0.6796875 0.575 0.00859375 0.00703125
4 0.62578125 0.68359375 0.00546875 0.01640625
4 0.63203125 0.7234375 0.0046875 0.01328125
4 0.5859375 0.7109375 0.00546875 0.0140625
4 0.575 0.57734375 0.00390625 0.0140625
4 0.57578125 0.621875 0.00546875 0.01171875
4 0.57890625 0.54453125 0.00625 0.01484375
4 0.6078125 0.39921875 0.009375 0.00703125
4 0.63125 0.390625 0.00859375 0.00625
4 0.5265625 0.390625 0.00859375 0.00546875
4 0.515625 0.39765625 0.00859375 0.00703125
4 0.48828125 0.38828125 0.009375 0.00625
4 0.49375 0.3984375 0.00859375 0.00546875
4 0.48828125 0.40546875 0.00859375 0.00625
4 0.47109375 0.3984375 0.00859375 0.00859375
4 0.45078125 0.3984375 0.009375 0.00703125
4 0.440625 0.39453125 0.009375 0.00859375
4 0.43125 0.40546875 0.009375 0.00859375
4 0.50390625 0.4390625 0.00859375 0.00859375
4 0.38203125 0.43515625 0.009375 0.00703125
4 0.33828125 0.42578125 0.009375 0.00703125
4 0.2703125 0.4609375 0.00859375 0.0109375
4 0.23828125 0.44140625 0.01015625 0.009375
4 0.2390625 0.4609375 0.009375 0.00703125
4 0.19453125 0.42734375 0.009375 0.00859375
4 0.11640625 0.434375 0.01171875 0.00859375
4 0.09296875 0.43125 0.01015625 0.00703125
4 0.07890625 0.43359375 0.01015625 0.01015625
4 0.03828125 0.41015625 0.01328125 0.00703125
4 0.04609375 0.41796875 0.009375 0.00546875
4 0.0484375 0.4296875 0.0140625 0.00703125
4 0.05703125 0.44140625 0.01015625 0.00703125
4 0.26640625 0.56953125 0.009375 0.009375
4 0.2671875 0.58671875 0.009375 0.0109375
4 0.6796875 0.38515625 0.00625 0.00703125