4 0.02109375 0.434375 0.01171875 0.01171875
4 0.01953125 0.44453125 0.0140625 0.01171875
4 0.0515625 0.4328125 0.0140625 0.0140625
4 0.01953125 0.5640625 0.0109375 0.01328125
4 0.040625 0.55859375 0.0109375 0.015625
4 0.065625 0.5296875 0.0109375 0.01171875
4 0.06171875 0.56875 0.01171875 0.009375
4 0.11953125 0.5640625 0.01171875 0.01484375
4 0.14296875 0.56640625 0.01015625 0.01171875
4 0.1390625 0.4546875 0.01328125 0.015625
4 0.159375 0.434375 0.0109375 0.0140625
4 0.1734375 0.45078125 0.0109375 0.01171875
4 0.196875 0.52578125 0.01171875 0.015625
4 0.18125 0.553125 0.009375 0.01484375
4 0.234375 0.5265625 0.009375 0.01015625
4 0.22421875 0.54296875 0.01015625 0.01171875
4 0.2203125 0.55703125 0.01015625 0.01328125
4 0.28046875 0.540625 0.01015625 0.0109375
4 0.22109375 0.459375 0.01328125 0.0109375
4 0.2140625 0.4296875 0.01015625 0.01171875
4 0.24765625 0.434375 0.01328125 0.01171875
4 0.28515625 0.42109375 0.01015625 0.0140625
4 0.27578125 0.44296875 0.0109375 0.0109375
6 0.04375 0.46796875 0.04609375 0.03125
1 0.13046875 0.5359375 0.0515625 0.028125
2 0.175 0.47109375 0.02421875 0.01796875
2 0.27734375 0.4640625 0.0203125 0.01640625
0 0.09140625 0.44140625 0.01875 0.01796875
0 0.11875 0.43515625 0.01796875 0.01484375
0 0.20078125 0.44296875 0.01640625 0.01640625
0 0.31640625 0.43828125 0.01640625 0.01640625
0 0.31875 0.56328125 0.01640625 0.0203125
0 0.34375 0.5515625 0.01171875 0.015625
0 0.38359375 0.55 0.01484375 0.01796875
4 0.31796875 0.4546875 0.01328125 0.01484375
4 0.3421875 0.453125 0.01171875 0.01171875
4 0.384375 0.43203125 0.01171875 0.01328125
4 0.4140625 0.4515625 0.01171875 0.01484375
4 0.33046875 0.5234375 0.0109375 0.01015625
4 0.328125 0.534375 0.0140625 0.00859375
4 0.3484375 0.52578125 0.009375 0.01015625
4 0.365625 0.5234375 0.01171875 0.009375
4 0.35546875 0.53828125 0.009375 0.01015625
4 0.36796875 0.534375 0.01015625 0.00703125
4 0.36640625 0.55859375 0.0109375 0.00546875
4 0.36640625 0.57265625 0.0109375 0.00703125
4 0.35390625 0.56796875 0.009375 0.009375
4 0.42421875 0.53203125 0.0109375 0.01015625
4 0.43984375 0.55546875 0.01328125 0.01328125
4 0.45078125 0.4359375 0.01171875 0.0109375
4 0.51015625 0.4328125 0.009375 0.01171875
4 0.52421875 0.4296875 0.0140625 0.01171875
4 0.5296875 0.4109375 0.01015625 0.01171875
4 0.53828125 0.421875 0.01171875 0.00859375
4 0.57890625 0.44921875 0.01171875 0.01015625
4 0.58515625 0.4625 0.01171875 0.01015625
4 0.5078125 0.5609375 0.0109375 0.01015625
4 0.5390625 0.5515625 0.01171875 0.01171875
4 0.55703125 0.53984375 0.01328125 0.009375
4 0.58203125 0.5546875 0.01015625 0.00859375
4 0.64921875 0.45546875 0.01328125 0.01171875
4 0.68984375 0.415625 0.01171875 0.01171875
4 0.6765625 0.40859375 0.009375 0.00859375
2 0.38203125 0.4640625 0.02109375 0.01875
2 0.64453125 0.5265625 0.025 0.01796875
2 0.7078125 0.521875 0.0234375 0.01953125
0 0.5453125 0.4390625 0.01953125 0.02109375
1 0.496875 0.5265625 0.05 0.03046875
0 0.703125 0.43125 0.01484375 0.015625
0 0.71015625 0.546875 0.01953125 0.0203125
0 0.77890625 0.55078125 0.01640625 0.0140625
0 0.87890625 0.5484375 0.015625 0.01953125
0 0.93046875 0.41796875 0.01953125 0.0265625
6 0.853125 0.45703125 0.02421875 0.021875
4 0.77109375 0.521875 0.01171875 0.01640625
4 0.78203125 0.53671875 0.01171875 0.01328125
4 0.83125 0.534375 0.0140625 0.01484375
4 0.83203125 0.43671875 0.0109375 0.0140625
4 0.86953125 0.5171875 0.015625 0.0109375
4 0.8625 0.52890625 0.01328125 0.00859375
4 0.88828125 0.52578125 0.01328125 0.015625
4 0.903125 0.44765625 0.0140625 0.0109375
4 0.9625 0.44453125 0.01328125 0.01328125
4 0.93671875 0.5296875 0.0140625 0.0140625
4 0.93046875 0.54375 0.0140625 0.009375
4 0.8984375 0.55078125 0.0140625 0.0140625
4 0.96171875 0.51640625 0.01171875 0.01484375
4 0.990625 0.54140625 0.01171875 0.01640625