2 0.303125 0.16953125 0.01640625 0.02890625
2 0.33359375 0.23359375 0.0140625 0.0265625
2 0.33046875 0.259375 0.01640625 0.02578125
2 0.27109375 0.13046875 0.01484375 0.021875
2 0.2859375 0.0890625 0.0140625 0.021875
2 0.28671875 0.034375 0.01953125 0.03125
2 0.30390625 0.07421875 0.01328125 0.01953125
2 0.3234375 0.109375 0.01640625 0.02890625
2 0.34140625 0.14296875 0.01484375 0.0265625
2 0.31484375 0.140625 0.01796875 0.0265625
2 0.33203125 0.165625 0.01171875 0.02890625
2 0.3203125 0.125 0.01796875 0.0265625
2 0.3359375 0.15078125 0.01171875 0.0234375
2 0.2609375 0.009375 0.01640625 0.015625
2 0.371875 0.24140625 0.0140625 0.0265625
2 0.38671875 0.27734375 0.0140625 0.02578125
2 0.40390625 0.3015625 0.01484375 0.021875
2 0.4015625 0.23203125 0.01484375 0.025
2 0.3734375 0.2015625 0.0140625 0.0265625
2 0.35859375 0.19609375 0.0140625 0.0234375
2 0.3453125 0.19609375 0.0140625 0.02578125
2 0.41796875 0.34140625 0.01484375 0.0234375
2 0.36953125 0.40625 0.01484375 0.01953125
2 0.42265625 0.42890625 0.01171875 0.0234375
2 0.440625 0.446875 0.01171875 0.028125
2 0.246875 0.5109375 0.015625 0.021875
2 0.3265625 0.65390625 0.01015625 0.01875
2 0.340625 0.6234375 0.01484375 0.02578125
2 0.35078125 0.596875 0.0140625 0.021875
2 0.35625 0.5484375 0.01171875 0.02578125
2 0.36796875 0.57109375 0.01171875 0.01640625
2 0.384375 0.51015625 0.00703125 0.03125
2 0.40078125 0.528125 0.01796875 0.04453125
2 0.38984375 0.559375 0.0109375 0.01953125
2 0.25390625 0.89375 0.01484375 0.0296875
2 0.2859375 0.89453125 0.0140625 0.02421875
2 0.35625 0.8890625 0.015625 0.02578125
2 0.30546875 0.9890625 0.015625 0.021875
2 0.75703125 0.984375 0.02109375 0.03125
2 0.63984375 0.80625 0.01640625 0.03046875
2 0.59609375 0.71015625 0.0140625 0.0265625
2 0.61171875 0.734375 0.01484375 0.02578125
2 0.59453125 0.73125 0.01796875 0.03046875
2 0.62109375 0.61640625 0.01640625 0.02890625
2 0.5015625 0.79609375 0.0140625 0.01953125
2 0.6234375 0.428125 0.01796875 0.025
2 0.56328125 0.4515625 0.0203125 0.0265625
2 0.51171875 0.45625 0.01640625 0.02890625
2 0.57578125 0.509375 0.0109375 0.02109375
2 0.55625 0.53828125 0.00859375 0.01640625
2 0.7078125 0.19921875 0.01328125 0.025
2 0.81171875 0.2484375 0.015625 0.025
2 0.86171875 0.0328125 0.01640625 0.02890625
2 0.453125 0.13828125 0.015625 0.03046875
2 0.03203125 0.97734375 0.0296875 0.03125
2 0.07421875 0.80625 0.01484375 0.02109375
2 0.37734375 0.1578125 0.0140625 0.028125
2 0.228125 0.70859375 0.015625 0.02578125
2 0.26328125 0.7296875 0.01484375 0.02421875
2 0.28671875 0.725 0.0140625 0.01875
2 0.31171875 0.76875 0.0140625 0.021875
4 0.24296875 0.08671875 0.00703125 0.01328125
4 0.31015625 0.221875 0.009375 0.0140625
4 0.38671875 0.2046875 0.00546875 0.01015625
4 0.37734375 0.18203125 0.00703125 0.01015625
4 0.38046875 0.1984375 0.00625 0.0109375
4 0.36953125 0.21796875 0.00703125 0.01171875
4 0.365625 0.18046875 0.00859375 0.01484375
4 0.3515625 0.18125 0.00625 0.0109375
4 0.34921875 0.18671875 0.00625 0.0109375
4 0.36328125 0.18828125 0.00625 0.01015625
4 0.38515625 0.21328125 0.00546875 0.0140625
4 0.390625 0.21640625 0.00546875 0.0109375
4 0.37890625 0.2390625 0.00625 0.01171875
4 0.39453125 0.240625 0.00859375 0.009375
4 0.3859375 0.2578125 0.0046875 0.009375
4 0.396875 0.2515625 0.00625 0.01015625
4 0.4046875 0.25546875 0.00703125 0.01640625
4 0.409375 0.25390625 0.00546875 0.01015625
4 0.41171875 0.2671875 0.0046875 0.0109375
4 0.409375 0.2734375 0.0046875 0.0109375
4 0.39140625 0.26875 0.0046875 0.01015625
4 0.396875 0.27890625 0.00546875 0.0109375
4 0.39375 0.3015625 0.0046875 0.01015625
4 0.440625 0.1765625 0.00703125 0.009375
4 0.4015625 0.165625 0.00625 0.0109375
4 0.40859375 0.178125 0.00859375 0.01484375
4 0.4140625 0.1890625 0.00546875 0.01015625
4 0.30625 0.05 0.00703125 0.0109375
4 0.29609375 0.02890625 0.00625 0.01328125
4 0.41796875 0.459375 0.00703125 0.0140625
4 0.43828125 0.42421875 0.009375 0.01171875
4 0.3578125 0.65390625 0.009375 0.01640625
4 0.30078125 0.7484375 0.00703125 0.01484375
4 0.31328125 0.7390625 0.009375 0.01640625
4 0.3640625 0.81328125 0.00703125 0.01640625
4 0.346875 0.85859375 0.00703125 0.0140625
4 0.18984375 0.89453125 0.00859375 0.01484375
4 0.2265625 0.83515625 0.00625 0.01484375
4 0.27421875 0.94453125 0.00546875 0.015625
4 0.278125 0.96796875 0.0046875 0.0140625
4 0.340625 0.92109375 0.00703125 0.01171875
4 0.378125 0.91875 0.01015625 0.015625
4 0.38125 0.89453125 0.00625 0.01015625
4 0.43828125 0.79375 0.00859375 0.01328125
4 0.45078125 0.7375 0.00703125 0.01796875
4 0.55703125 0.70625 0.00703125 0.0140625
4 0.57578125 0.7171875 0.00859375 0.01328125
4 0.571875 0.6640625 0.00859375 0.01328125
4 0.60703125 0.76953125 0.00859375 0.01328125
2 0.6875 0.89140625 0.01171875 0.01875
2 0.6828125 0.91328125 0.01328125 0.01796875
2 0.734375 0.96328125 0.009375 0.0140625
2 0.81796875 0.85390625 0.00859375 0.015625
2 0.82578125 0.86875 0.00546875 0.009375
2 0.59921875 0.50625 0.00625 0.01328125
2 0.88828125 0.03203125 0.00859375 0.0109375
2 0.690625 0.07578125 0.00859375 0.0140625
2 0.66640625 0.13203125 0.00859375 0.01171875
4 0.36875 0.58828125 0.00703125 0.01171875
4 0.37421875 0.53046875 0.00625 0.00703125
4 0.38125 0.5359375 0.00625 0.01015625
4 0.37265625 0.53984375 0.00625 0.009375