2 0.05546875 0.85703125 0.01796875 0.03046875
2 0.07421875 0.79921875 0.01640625 0.0265625
2 0.0265625 0.96953125 0.01796875 0.0265625
2 0.03984375 0.965625 0.01796875 0.021875
2 0.11875 0.98671875 0.015625 0.025
2 0.16953125 0.90078125 0.01640625 0.02890625
2 0.21640625 0.84375 0.01640625 0.0234375
2 0.23046875 0.70390625 0.01796875 0.0296875
2 0.253125 0.76953125 0.01015625 0.02421875
2 0.25 0.51171875 0.0140625 0.02578125
2 0.31640625 0.65390625 0.01484375 0.0265625
2 0.3359375 0.61796875 0.0140625 0.021875
2 0.3328125 0.64453125 0.01484375 0.02421875
2 0.3484375 0.58828125 0.01484375 0.02578125
2 0.35703125 0.60625 0.01640625 0.02578125
2 0.36953125 0.55546875 0.0140625 0.0234375
2 0.3859375 0.55859375 0.01328125 0.02109375
2 0.384375 0.4765625 0.0140625 0.02578125
2 0.38984375 0.50078125 0.01171875 0.0203125
2 0.40078125 0.5109375 0.0140625 0.021875
2 0.4265625 0.48828125 0.015625 0.01640625
2 0.4375 0.45390625 0.01875 0.01796875
2 0.41796875 0.340625 0.01015625 0.02890625
2 0.403125 0.29375 0.01328125 0.021875
2 0.41328125 0.2390625 0.01640625 0.01953125
2 0.34609375 0.3046875 0.0109375 0.0265625
2 0.26796875 0.0375 0.015625 0.0265625
2 0.38125 0.159375 0.0140625 0.0234375
2 0.45703125 0.13828125 0.0140625 0.025
2 0.6984375 0.14140625 0.01484375 0.02578125
2 0.69375 0.215625 0.01484375 0.025
2 0.6640625 0.28515625 0.015625 0.02578125
2 0.62109375 0.35703125 0.01640625 0.025
2 0.53203125 0.41328125 0.015625 0.028125
2 0.48359375 0.49140625 0.015625 0.02578125
2 0.52890625 0.51328125 0.01328125 0.0203125
2 0.3515625 0.71875 0.0140625 0.02421875
2 0.3453125 0.790625 0.0140625 0.021875
2 0.5359375 0.5796875 0.01171875 0.01484375
2 0.69375 0.33515625 0.01484375 0.0265625
2 0.6609375 0.403125 0.01484375 0.02421875
2 0.6578125 0.37421875 0.01171875 0.0203125
2 0.640625 0.403125 0.0140625 0.0234375
2 0.62578125 0.45234375 0.015625 0.02578125
2 0.62109375 0.43671875 0.01484375 0.0234375
2 0.60703125 0.4640625 0.015625 0.025
2 0.621875 0.47890625 0.015625 0.02578125
2 0.6046875 0.49140625 0.015625 0.025
2 0.590625 0.51640625 0.0140625 0.021875
2 0.58671875 0.4921875 0.0140625 0.021875
2 0.59609375 0.71171875 0.01484375 0.02421875
2 0.59453125 0.73359375 0.015625 0.02578125
2 0.61328125 0.73828125 0.0140625 0.0234375
2 0.6265625 0.76015625 0.015625 0.02421875
2 0.60859375 0.75703125 0.015625 0.025
2 0.60703125 0.7734375 0.015625 0.025
2 0.584375 0.76875 0.01328125 0.02109375
2 0.6265625 0.7859375 0.01484375 0.0234375
2 0.62109375 0.79609375 0.0140625 0.021875
2 0.6484375 0.8 0.0140625 0.02421875
2 0.6453125 0.821875 0.01328125 0.0234375
2 0.63359375 0.8203125 0.0140625 0.02578125
2 0.66015625 0.846875 0.015625 0.025
2 0.66171875 0.828125 0.01484375 0.021875
2 0.678125 0.8484375 0.01484375 0.025
2 0.69375 0.87421875 0.01484375 0.025
3 0.08046875 0.8421875 0.01796875 0.02578125
3 0.371875 0.33203125 0.01015625 0.03046875
3 0.56328125 0.02734375 0.01640625 0.0265625
5 0.35859375 0.12578125 0.025 0.04453125
5 0.41484375 0.15078125 0.02421875 0.04140625
4 0.309375 0.04453125 0.00546875 0.01171875
4 0.27109375 0.12421875 0.00625 0.01015625
4 0.33046875 0.14921875 0.00703125 0.01171875
4 0.29609375 0.18671875 0.0109375 0.01484375
4 0.3484375 0.16875 0.00625 0.0109375
4 0.365625 0.196875 0.00859375 0.01171875
4 0.3640625 0.22109375 0.00546875 0.01171875
4 0.3421875 0.24296875 0.0046875 0.01015625
4 0.35703125 0.27890625 0.00546875 0.01328125
4 0.39296875 0.28671875 0.00546875 0.01015625
4 0.396875 0.29921875 0.00625 0.01171875
4 0.43203125 0.28984375 0.0046875 0.01328125
4 0.48671875 0.14375 0.00625 0.01015625
4 0.68984375 0.10546875 0.00625 0.009375
4 0.746875 0.18828125 0.00625 0.01171875
4 0.8140625 0.06640625 0.00703125 0.01328125
4 0.6140625 0.23046875 0.00703125 0.009375
4 0.5984375 0.24453125 0.00546875 0.009375
4 0.4328125 0.3515625 0.00390625 0.0140625
4 0.42734375 0.37421875 0.0046875 0.01328125
4 0.41328125 0.37109375 0.00390625 0.01328125
4 0.41484375 0.465625 0.0046875 0.01328125
4 0.41328125 0.51328125 0.00703125 0.00859375
4 0.40390625 0.52265625 0.00625 0.009375
4 0.4046875 0.53125 0.00703125 0.01015625
4 0.35625 0.55390625 0.00859375 0.01015625
4 0.209375 0.634375 0.00546875 0.009375
4 0.053125 0.8875 0.009375 0.01328125
4 0.15390625 0.884375 0.00703125 0.0109375
4 0.16171875 0.896875 0.00625 0.01015625
4 0.20546875 0.8390625 0.00859375 0.0109375
4 0.38515625 0.78359375 0.00625 0.0109375
4 0.3765625 0.58203125 0.00625 0.009375
4 0.5734375 0.46875 0.00703125 0.01171875
4 0.61328125 0.40703125 0.00703125 0.0109375
2 0.61875 0.32734375 0.01640625 0.028125
4 0.63359375 0.48046875 0.00546875 0.01328125
4 0.59453125 0.49296875 0.0046875 0.009375
4 0.58828125 0.503125 0.00546875 0.00703125
4 0.5828125 0.51171875 0.00546875 0.00859375
4 0.59609375 0.61796875 0.00703125 0.0046875
4 0.55546875 0.6046875 0.00625 0.009375
4 0.553125 0.64453125 0.00625 0.00625
4 0.57265625 0.66640625 0.00546875 0.0109375
4 0.5765625 0.6984375 0.00546875 0.01015625
4 0.57421875 0.70625 0.00703125 0.00625
4 0.57578125 0.71875 0.00546875 0.009375
4 0.57109375 0.71953125 0.0046875 0.01015625
4 0.58828125 0.73671875 0.00625 0.009375
4 0.584375 0.740625 0.00546875 0.009375
4 0.58125 0.746875 0.00546875 0.009375
4 0.59296875 0.7515625 0.0046875 0.00859375
4 0.58828125 0.75390625 0.00546875 0.01015625
4 0.59140625 0.76328125 0.0046875 0.009375
4 0.59453125 0.7609375 0.00546875 0.00859375
4 0.59765625 0.771875 0.00546875 0.0109375
4 0.5984375 0.7859375 0.0046875 0.00859375
4 0.603125 0.78125 0.00546875 0.009375
4 0.63359375 0.80390625 0.00546875 0.0109375
4 0.61796875 0.81875 0.00703125 0.009375
4 0.63828125 0.7984375 0.00546875 0.009375
4 0.64375 0.834375 0.0046875 0.00859375
4 0.646875 0.8453125 0.00625 0.009375
4 0.640625 0.84375 0.00546875 0.009375
4 0.65859375 0.87734375 0.00703125 0.009375
4 0.74140625 0.88046875 0.00546875 0.00703125
4 0.78046875 0.9453125 0.0046875 0.01015625
4 0.73125 0.9890625 0.00546875 0.01015625
0 0.675 0.7125 0.00625 0.01640625
0 0.63671875 0.78125 0.009375 0.015625
0 0.6125 0.79921875 0.00859375 0.01484375
0 0.709375 0.93984375 0.01015625 0.01796875
0 0.546875 0.740625 0.01171875 0.01015625
0 0.42578125 0.83359375 0.009375 0.01640625
0 0.4921875 0.71875 0.00546875 0.01640625
0 0.5828125 0.6890625 0.009375 0.01484375
0 0.85546875 0.08828125 0.01171875 0.01875
0 0.940625 0.06640625 0.01171875 0.01953125
0 0.43671875 0.26171875 0.00859375 0.01796875
0 0.340625 0.27109375 0.009375 0.01484375
0 0.30390625 0.240625 0.01015625 0.01640625
0 0.2765625 0.18046875 0.01015625 0.015625
0 0.334375 0.1015625 0.009375 0.015625
0 0.36875 0.50859375 0.009375 0.01640625
0 0.403125 0.44921875 0.00859375 0.015625
0 0.43125 0.55234375 0.009375 0.01640625
0 0.178125 0.85859375 0.0109375 0.01875
0 0.40703125 0.33984375 0.00859375 0.01640625