4 0.02265625 0.73359375 0.015625 0.0203125
5 0.221875 0.68359375 0.0546875 0.03359375
5 0.28046875 0.67734375 0.0546875 0.03984375
2 0.0109375 0.87109375 0.01953125 0.028125
2 0.03125 0.89453125 0.02578125 0.01953125
0 0.07421875 0.86953125 0.021875 0.01875
2 0.07890625 0.8984375 0.0234375 0.02421875
2 0.13515625 0.875 0.02890625 0.0265625
2 0.371875 0.93515625 0.025 0.0296875
2 0.4390625 0.8890625 0.028125 0.04609375
2 0.46953125 0.7609375 0.01953125 0.0484375
2 0.51875 0.86640625 0.0203125 0.03046875
2 0.5859375 0.86875 0.021875 0.034375
2 0.6109375 0.78671875 0.034375 0.02578125
0 0.7890625 0.86953125 0.02421875 0.03515625
2 0.96015625 0.86640625 0.02578125 0.03515625
5 0.52109375 0.3046875 0.01171875 0.090625
4 0.50703125 0.2734375 0.00859375 0.034375
4 0.24921875 0.7234375 0.015625 0.01328125
4 0.12890625 0.80390625 0.021875 0.01328125
4 0.2265625 0.8046875 0.01484375 0.021875
0 0.03125 0.9453125 0.0234375 0.01796875
0 0.11484375 0.9515625 0.02578125 0.01953125
4 0.31328125 0.9 0.01328125 0.01953125
4 0.7 0.82421875 0.01953125 0.01484375
4 0.71171875 0.79140625 0.021875 0.01953125
4 0.7515625 0.7734375 0.01171875 0.02578125
4 0.7875 0.71328125 0.015625 0.0265625
4 0.82421875 0.696875 0.02109375 0.01953125
4 0.82890625 0.884375 0.0140625 0.0203125
4 0.86171875 0.88984375 0.01171875 0.0203125
4 0.92890625 0.8046875 0.01953125 0.02421875
3 0.98671875 0.72890625 0.01640625 0.0203125
5 0.21484375 0.87265625 0.06796875 0.03828125