5 0.215625 0.678125 0.05703125 0.0484375
5 0.2765625 0.66953125 0.059375 0.0484375
2 0.1484375 0.728125 0.02578125 0.03515625
2 0.24453125 0.8609375 0.03125 0.03828125
4 0.19140625 0.7859375 0.01875 0.0234375
4 0.171875 0.89140625 0.0203125 0.02578125
2 0.36796875 0.925 0.0296875 0.03515625
0 0.44609375 0.71484375 0.01640625 0.0359375
3 0.37109375 0.7640625 0.03203125 0.02421875
2 0.47421875 0.4859375 0.01875 0.05546875
2 0.509375 0.55859375 0.0234375 0.05390625
3 0.52421875 0.6734375 0.0140625 0.0265625
4 0.5125 0.3765625 0.0140625 0.02109375
2 0.5765625 0.81875 0.03203125 0.02109375
4 0.52109375 0.83515625 0.0140625 0.01953125
4 0.5859375 0.76171875 0.01953125 0.01953125
2 0.66875 0.86875 0.0234375 0.03046875
0 0.71328125 0.78203125 0.01953125 0.03046875
0 0.828125 0.8640625 0.03046875 0.021875
4 0.79453125 0.78671875 0.015625 0.0203125
4 0.7390625 0.86328125 0.015625 0.02578125
2 0.9296875 0.74375 0.0265625 0.025
2 0.965625 0.728125 0.03046875 0.0234375
4 0.68828125 0.684375 0.0109375 0.01875
4 0.5734375 0.66796875 0.01171875 0.01640625
4 0.09140625 0.71484375 0.01875 0.01484375
4 0.65390625 0.92421875 0.01328125 0.0140625
4 0.64453125 0.85625 0.0109375 0.01875
4 0.97265625 0.7984375 0.0140625 0.015625
4 0.95546875 0.7921875 0.0140625 0.01796875