2 0.034375 0.4609375 0.0265625 0.025
2 0.1546875 0.45390625 0.02578125 0.025
0 0.07734375 0.428125 0.01796875 0.01640625
0 0.1421875 0.54375 0.0140625 0.01953125
4 0.015625 0.5453125 0.01328125 0.01953125
4 0.03359375 0.54375 0.0140625 0.01484375
4 0.03203125 0.43828125 0.015625 0.01796875
4 0.084375 0.44609375 0.01484375 0.015625
4 0.11328125 0.4484375 0.01953125 0.0140625
4 0.15078125 0.4265625 0.0140625 0.01328125
4 0.0875 0.52578125 0.01015625 0.02109375
4 0.10546875 0.51796875 0.0203125 0.02578125
4 0.10703125 0.546875 0.01484375 0.01640625
4 0.11484375 0.56015625 0.01015625 0.0140625
4 0.13203125 0.55625 0.0109375 0.015625
4 0.14609375 0.52421875 0.009375 0.015625
4 0.1578125 0.55546875 0.00703125 0.01796875
4 0.17890625 0.5546875 0.01875 0.01796875
4 0.1984375 0.42578125 0.01328125 0.015625
4 0.24375 0.4359375 0.021875 0.0265625
4 0.22890625 0.56328125 0.0109375 0.0203125
4 0.25546875 0.5515625 0.01171875 0.02578125
4 0.265625 0.42109375 0.01484375 0.0140625
0 0.28671875 0.52421875 0.03828125 0.0296875
4 0.32734375 0.44921875 0.01484375 0.0234375
4 0.334375 0.5484375 0.01640625 0.0203125
4 0.36171875 0.44140625 0.01328125 0.02890625
4 0.3671875 0.415625 0.0109375 0.01796875
4 0.39765625 0.465625 0.0140625 0.01875
4 0.40390625 0.45 0.0140625 0.01171875
4 0.403125 0.434375 0.0140625 0.0140625
4 0.421875 0.44921875 0.01171875 0.01640625
4 0.42890625 0.46328125 0.0109375 0.01484375
4 0.3609375 0.559375 0.01875 0.02109375
4 0.384375 0.565625 0.01484375 0.021875
4 0.42421875 0.55234375 0.015625 0.02109375
4 0.43984375 0.53828125 0.01484375 0.01875
4 0.4453125 0.45625 0.01875 0.028125
4 0.4796875 0.453125 0.01953125 0.021875
4 0.50703125 0.52890625 0.01796875 0.03046875
4 0.515625 0.41640625 0.01796875 0.02109375
4 0.509375 0.5640625 0.02578125 0.03359375
4 0.61328125 0.546875 0.021875 0.01484375
0 0.6140625 0.5484375 0.02421875 0.0265625
0 0.64296875 0.559375 0.0265625 0.02578125
6 0.69609375 0.5265625 0.03828125 0.02578125
4 0.72890625 0.53515625 0.0140625 0.01953125
4 0.81015625 0.5421875 0.01171875 0.0140625
4 0.809375 0.55859375 0.01328125 0.01015625
4 0.8015625 0.43203125 0.015625 0.01171875
4 0.80703125 0.415625 0.01171875 0.01171875
2 0.825 0.44375 0.0234375 0.021875
4 0.8640625 0.4265625 0.02109375 0.01953125
4 0.8296875 0.56953125 0.01953125 0.03125
6 0.8765625 0.55 0.03515625 0.0265625
4 0.921875 0.54609375 0.0203125 0.03359375
4 0.934375 0.5328125 0.01953125 0.021875
4 0.99375 0.41796875 0.01171875 0.015625
4 0.9890625 0.53515625 0.01953125 0.02421875
0 0.47421875 0.54140625 0.01953125 0.02578125
0 0.4734375 0.43125 0.01875 0.02421875
2 0.01484375 0.521875 0.02890625 0.021875