0 0.0453125 0.01640625 0.02578125 0.03203125
4 0.015625 0.05546875 0.01796875 0.01640625
4 0.01796875 0.06328125 0.0203125 0.01640625
4 0.01796875 0.07578125 0.0203125 0.021875
4 0.09453125 0.08359375 0.01328125 0.02578125
4 0.10390625 0.096875 0.01640625 0.0203125
2 0.11796875 0.12109375 0.025 0.03125
4 0.20703125 0.15078125 0.01796875 0.0203125
0 0.20078125 0.1671875 0.02421875 0.021875
2 0.08359375 0.05546875 0.02109375 0.04609375
4 0.134375 0.353125 0.01328125 0.01953125
3 0.24296875 0.3609375 0.01953125 0.02421875
6 0.3484375 0.4109375 0.025 0.03671875
0 0.43046875 0.21875 0.0203125 0.02890625
4 0.45625 0.31484375 0.01171875 0.0265625
4 0.4984375 0.31640625 0.01640625 0.025
0 0.50625 0.146875 0.0234375 0.02890625
4 0.5703125 0.2734375 0.01484375 0.02421875
4 0.56328125 0.19375 0.01953125 0.01953125
4 0.603125 0.178125 0.01953125 0.01796875
4 0.55703125 0.32734375 0.015625 0.025
4 0.56953125 0.3265625 0.0140625 0.02578125
2 0.54296875 0.37890625 0.01796875 0.04296875
4 0.559375 0.45546875 0.01171875 0.02578125
0 0.56796875 0.54375 0.01640625 0.0359375
4 0.5609375 0.57734375 0.01171875 0.02890625
4 0.553125 0.65390625 0.0140625 0.0265625
2 0.53671875 0.62421875 0.01328125 0.04375
2 0.5390625 0.50546875 0.015625 0.05
4 0.47421875 0.4640625 0.01328125 0.0234375
4 0.39140625 0.39453125 0.01640625 0.01953125
4 0.40546875 0.415625 0.015625 0.0203125
4 0.47421875 0.48203125 0.01015625 0.02890625
4 0.4796875 0.4859375 0.01171875 0.02578125
4 0.4859375 0.4890625 0.01171875 0.021875
4 0.490625 0.490625 0.0109375 0.025
4 0.4953125 0.49375 0.01015625 0.02578125
4 0.4765625 0.5078125 0.0140625 0.028125
4 0.48359375 0.50546875 0.0109375 0.025
4 0.5109375 0.53046875 0.01328125 0.0234375
4 0.51484375 0.51171875 0.0109375 0.03046875
4 0.465625 0.5625 0.0140625 0.03046875
4 0.46796875 0.521875 0.01171875 0.0296875
4 0.47265625 0.53046875 0.009375 0.025
4 0.47578125 0.534375 0.009375 0.0265625
4 0.48203125 0.5265625 0.01015625 0.025
0 0.5203125 0.86953125 0.01328125 0.03359375
2 0.5140625 0.8359375 0.01484375 0.04375
4 0.45390625 0.8875 0.01484375 0.03046875
2 0.46171875 0.94609375 0.01953125 0.0484375
2 0.459375 0.98671875 0.01640625 0.02578125
2 0.47421875 0.8515625 0.0140625 0.04140625
2 0.465625 0.89609375 0.01484375 0.04296875
2 0.46484375 0.784375 0.01640625 0.03984375
2 0.475 0.7984375 0.015625 0.0453125
4 0.4453125 0.76171875 0.015625 0.02890625
2 0.45859375 0.7265625 0.01640625 0.04140625
2 0.46875 0.74296875 0.01875 0.04921875
4 0.44921875 0.690625 0.01171875 0.02421875
4 0.4578125 0.68125 0.0140625 0.02421875
0 0.4640625 0.690625 0.01171875 0.03828125
0 0.47265625 0.65703125 0.01640625 0.034375
2 0.47265625 0.69296875 0.015625 0.05
2 0.484375 0.7 0.01796875 0.05078125
2 0.48046875 0.75078125 0.0140625 0.04296875
2 0.490625 0.65703125 0.01796875 0.05
2 0.4796875 0.62890625 0.01796875 0.0453125
4 0.4765625 0.59296875 0.01171875 0.0265625
4 0.471875 0.6109375 0.01171875 0.028125
2 0.46328125 0.60625 0.0203125 0.04609375
2 0.45625 0.65625 0.01953125 0.04609375
4 0.46328125 0.634375 0.0140625 0.0296875
2 0.50078125 0.559375 0.01484375 0.04375
2 0.490625 0.534375 0.0203125 0.0484375
4 0.49296875 0.5640625 0.0109375 0.03046875
2 0.48515625 0.57734375 0.0140625 0.04140625
2 0.503125 0.5109375 0.015625 0.0453125
2 0.47578125 0.565625 0.01484375 0.04453125
4 0.74765625 0.23984375 0.01796875 0.03359375
4 0.7734375 0.24921875 0.015625 0.02421875
4 0.7921875 0.22421875 0.01875 0.02109375
4 0.77109375 0.18359375 0.01953125 0.025
2 0.84140625 0.21171875 0.025 0.0265625
2 0.89921875 0.24921875 0.0265625 0.025
2 0.84296875 0.18046875 0.0265625 0.028125
2 0.96015625 0.2328125 0.02578125 0.0265625
2 0.78125 0.1546875 0.01796875 0.0453125
4 0.9546875 0.4078125 0.01796875 0.021875
2 0.834375 0.3953125 0.02890625 0.03046875
2 0.8109375 0.371875 0.02890625 0.03046875
2 0.77578125 0.40625 0.025 0.02578125
4 0.71640625 0.3640625 0.01640625 0.021875
2 0.721875 0.3890625 0.025 0.03125
2 0.734375 0.42109375 0.0265625 0.03359375
2 0.6671875 0.36171875 0.028125 0.03046875
4 0.63203125 0.3515625 0.0203125 0.01953125
4 0.64609375 0.3515625 0.01484375 0.01953125
4 0.63359375 0.42109375 0.01796875 0.01796875
4 0.63515625 0.41171875 0.0140625 0.015625
4 0.63046875 0.39921875 0.01875 0.01953125
2 0.640625 0.36484375 0.025 0.02578125
3 0.63671875 0.38671875 0.0265625 0.02578125
4 0.65078125 0.39140625 0.01796875 0.02109375
4 0.65859375 0.40703125 0.01640625 0.01875
4 0.70703125 0.40859375 0.01640625 0.0203125
4 0.671875 0.403125 0.01796875 0.021875
0 0.6640625 0.415625 0.02109375 0.025
2 0.678125 0.43046875 0.02890625 0.03203125
0 0.703125 0.42421875 0.0203125 0.03125
2 0.69609375 0.3890625 0.02890625 0.0296875
2 0.671875 0.38828125 0.0296875 0.03203125
0 0.646875 0.4046875 0.0203125 0.021875
4 0.646875 0.41484375 0.0140625 0.0203125
4 0.303125 0.58046875 0.01640625 0.01484375
4 0.3015625 0.5890625 0.01640625 0.01796875
4 0.3 0.59765625 0.01640625 0.01484375
2 0.09140625 0.5625 0.02109375 0.02578125
2 0.04765625 0.5546875 0.025 0.02109375
2 0.04296875 0.58125 0.0265625 0.0234375
2 0.0359375 0.66953125 0.0265625 0.025
2 0.56171875 0.08125 0.01796875 0.03828125
2 0.54375 0.009375 0.01640625 0.01875
2 0.625 0.0140625 0.01875 0.028125
2 0.63984375 0.009375 0.0140625 0.01875
4 0.684375 0.1265625 0.00859375 0.02890625
4 0.69921875 0.1265625 0.01015625 0.0234375
4 0.7109375 0.12890625 0.0140625 0.028125
4 0.86171875 0.1859375 0.0140625 0.02421875
2 0.82421875 0.02890625 0.01796875 0.03828125
2 0.49609375 0.6125 0.01875 0.04453125
3 0.92890625 0.1796875 0.021875 0.02421875
0 0.46953125 0.63203125 0.015625 0.03359375
4 0.7296875 0.1671875 0.01640625 0.02421875