0 0.56484375 0.3765625 0.01328125 0.0140625
4 0.5359375 0.4703125 0.009375 0.01328125
4 0.5109375 0.41796875 0.01015625 0.009375
4 0.46015625 0.390625 0.009375 0.0109375
4 0.44921875 0.4234375 0.01015625 0.01171875
4 0.590625 0.55703125 0.00859375 0.01484375
4 0.540625 0.57109375 0.009375 0.01484375
4 0.50859375 0.55078125 0.009375 0.01171875
0 0.56328125 0.65078125 0.00859375 0.02109375
0 0.58125 0.6609375 0.00703125 0.021875
0 0.56484375 0.77421875 0.00625 0.0234375
2 0.5703125 0.72265625 0.00703125 0.02890625
2 0.571875 0.6515625 0.00859375 0.03125
2 0.571875 0.68359375 0.00859375 0.0296875
2 0.58203125 0.6859375 0.00625 0.025
2 0.5640625 0.68203125 0.00859375 0.02421875
2 0.56171875 0.746875 0.00859375 0.034375
2 0.57890625 0.75625 0.00859375 0.03125
2 0.56640625 0.8140625 0.009375 0.03515625
2 0.57734375 0.83046875 0.00859375 0.03203125
4 0.57578125 0.7890625 0.00703125 0.025
4 0.684375 0.5546875 0.00859375 0.00703125
4 0.7359375 0.55859375 0.01015625 0.009375
4 0.67421875 0.565625 0.009375 0.00859375
4 0.6765625 0.55703125 0.009375 0.00703125
4 0.67578125 0.54140625 0.009375 0.00859375
4 0.67421875 0.5140625 0.01015625 0.00625
2 0.67890625 0.52890625 0.01640625 0.01484375
2 0.7140625 0.53671875 0.02109375 0.015625
2 0.7359375 0.53984375 0.01640625 0.0140625
2 0.24765625 0.5875 0.01953125 0.01640625
0 0.2046875 0.37421875 0.01171875 0.0234375
2 0.2265625 0.34296875 0.01015625 0.0296875
4 0.2578125 0.415625 0.009375 0.01875
4 0.2734375 0.428125 0.0109375 0.01484375
2 0.92109375 0.49375 0.01875 0.0203125
2 0.8265625 0.3484375 0.015625 0.015625
2 0.78046875 0.340625 0.01015625 0.0265625
4 0.9734375 0.35625 0.01015625 0.0109375
4 0.98125 0.3765625 0.0109375 0.00859375
4 0.98671875 0.35546875 0.01171875 0.009375
4 0.953125 0.51953125 0.01015625 0.00859375
4 0.9046875 0.53046875 0.01171875 0.01015625
4 0.67578125 0.43046875 0.01015625 0.01015625
4 0.959375 0.53046875 0.009375 0.00859375
4 0.9859375 0.36328125 0.0109375 0.00859375
4 0.740625 0.38984375 0.009375 0.00625
2 0.19453125 0.29453125 0.009375 0.028125
4 0.17265625 0.38828125 0.00859375 0.01015625
4 0.18828125 0.35625 0.00859375 0.0109375
4 0.68515625 0.54609375 0.00625 0.00703125
4 0.68359375 0.53828125 0.00859375 0.00703125
4 0.6765625 0.54921875 0.009375 0.00703125