2 0.73046875 0.45703125 0.02578125 0.0296875
2 0.91328125 0.57109375 0.028125 0.01953125
2 0.6234375 0.52578125 0.02421875 0.01953125
2 0.621875 0.55078125 0.0203125 0.015625
2 0.64921875 0.54765625 0.02421875 0.01640625
2 0.65 0.56484375 0.0234375 0.01484375
2 0.63046875 0.57890625 0.02109375 0.01640625
2 0.70625 0.80625 0.02890625 0.0390625
2 0.72890625 0.69609375 0.01796875 0.04296875
0 0.746875 0.48515625 0.01640625 0.0234375
0 0.76953125 0.640625 0.0109375 0.03046875
0 0.7875 0.6375 0.01171875 0.02578125
0 0.63828125 0.51328125 0.01640625 0.015625
4 0.72890625 0.540625 0.01015625 0.01875
4 0.70546875 0.628125 0.01328125 0.0109375
4 0.734375 0.64921875 0.0109375 0.01171875
4 0.70546875 0.65 0.01015625 0.01015625
4 0.7046875 0.63828125 0.01328125 0.00859375
4 0.73125 0.66640625 0.0109375 0.01015625
4 0.7015625 0.66015625 0.01171875 0.00859375
4 0.73203125 0.65703125 0.01171875 0.009375
4 0.59453125 0.47890625 0.00859375 0.01640625
4 0.64296875 0.4609375 0.01484375 0.015625
4 0.6140625 0.50859375 0.009375 0.00859375
4 0.6234375 0.5046875 0.00859375 0.01328125
4 0.55 0.55390625 0.01171875 0.0109375
4 0.753125 0.36875 0.00703125 0.02109375
4 0.7703125 0.37578125 0.00703125 0.01953125
4 0.746875 0.4234375 0.00703125 0.02421875
4 0.79296875 0.42109375 0.009375 0.01875
4 0.753125 0.41953125 0.0046875 0.01875
4 0.8234375 0.41953125 0.00625 0.02421875
4 0.8078125 0.36875 0.00703125 0.0234375
4 0.79609375 0.37578125 0.0046875 0.02109375
4 0.7765625 0.38671875 0.0046875 0.015625
4 0.88046875 0.3765625 0.00703125 0.01875
4 0.84296875 0.371875 0.00703125 0.0140625
4 0.859375 0.371875 0.00859375 0.0140625
4 0.8328125 0.38515625 0.0046875 0.01640625
4 0.87421875 0.41328125 0.0046875 0.01796875
4 0.8109375 0.41953125 0.00546875 0.01953125
4 0.84609375 0.41953125 0.00703125 0.02109375
4 0.81640625 0.41953125 0.0046875 0.01875
4 0.853125 0.41875 0.00546875 0.01875
4 0.6265625 0.5640625 0.01015625 0.0109375
4 0.6140625 0.56484375 0.01015625 0.00703125
4 0.609375 0.5859375 0.01171875 0.0140625
4 0.6109375 0.57421875 0.01171875 0.009375
4 0.55078125 0.36328125 0.00859375 0.015625
4 0.50390625 0.4234375 0.01171875 0.015625
4 0.46953125 0.37890625 0.01015625 0.01875
4 0.46953125 0.39765625 0.01171875 0.015625
4 0.54921875 0.39375 0.00703125 0.01640625
4 0.56171875 0.43046875 0.009375 0.01953125
4 0.5984375 0.34375 0.00703125 0.0140625
4 0.5984375 0.36328125 0.00625 0.01171875
4 0.60625 0.3765625 0.00703125 0.00703125
4 0.6078125 0.359375 0.00703125 0.01171875
4 0.56328125 0.29296875 0.00859375 0.01875
4 0.54921875 0.31953125 0.00859375 0.0140625
4 0.61328125 0.3953125 0.00703125 0.01875
0 0.5421875 0.45390625 0.01328125 0.028125
0 0.53046875 0.5078125 0.01796875 0.028125
0 0.53828125 0.571875 0.01328125 0.0234375
0 0.521875 0.603125 0.0140625 0.03125
0 0.46796875 0.6359375 0.01015625 0.02421875
0 0.40546875 0.58046875 0.0140625 0.01953125
0 0.509375 0.6390625 0.00859375 0.028125
0 0.5125 0.69921875 0.0109375 0.0296875
0 0.49921875 0.75078125 0.0140625 0.02578125
0 0.46953125 0.7 0.01171875 0.03359375
0 0.434375 0.76328125 0.00859375 0.0296875
0 0.446875 0.77578125 0.00859375 0.02421875
0 0.453125 0.8140625 0.01171875 0.02890625
0 0.4375 0.859375 0.01328125 0.0296875
0 0.34296875 0.79375 0.015625 0.028125
0 0.4265625 0.92890625 0.0109375 0.03203125
0 0.43828125 0.93359375 0.00859375 0.03359375
0 0.478125 0.91796875 0.009375 0.02578125
4 0.44140625 0.89921875 0.009375 0.01875
4 0.48125 0.84609375 0.00859375 0.021875
4 0.4859375 0.89296875 0.009375 0.0203125
4 0.46875 0.91328125 0.00625 0.01640625
4 0.46953125 0.94296875 0.00546875 0.01875
4 0.48984375 0.84296875 0.0046875 0.0234375
2 0.48359375 0.80234375 0.01328125 0.0453125
2 0.45390625 0.91875 0.01875 0.03125
0 0.496875 0.784375 0.009375 0.02578125
6 0.45234375 0.52578125 0.0296875 0.0546875
6 0.365625 0.6046875 0.05546875 0.05
4 0.440625 0.659375 0.009375 0.03046875
2 0.221875 0.57265625 0.02578125 0.021875
2 0.17890625 0.61875 0.02421875 0.02109375
2 0.2515625 0.603125 0.021875 0.0296875
2 0.02578125 0.54140625 0.02421875 0.0234375
2 0.07265625 0.55703125 0.021875 0.01953125
2 0.0484375 0.55390625 0.02109375 0.01953125
2 0.03984375 0.58203125 0.009375 0.03203125
2 0.0515625 0.58359375 0.0109375 0.03046875
2 0.09140625 0.5828125 0.0203125 0.0203125
2 0.0953125 0.653125 0.01484375 0.0296875
2 0.090625 0.68984375 0.015625 0.0359375
2 0.084375 0.72890625 0.0140625 0.03359375
0 0.16875 0.57109375 0.0203125 0.0234375
0 0.10625 0.54609375 0.0140625 0.01875
4 0.13203125 0.5359375 0.0140625 0.01875
4 0.11875 0.57421875 0.01171875 0.01328125
4 0.07578125 0.53515625 0.00859375 0.01171875
6 0.07890625 0.515625 0.04296875 0.03671875
0 0.034375 0.3734375 0.01875 0.01796875
4 0.16796875 0.403125 0.01640625 0.0234375
4 0.215625 0.434375 0.01015625 0.01328125
2 0.2359375 0.45625 0.01953125 0.028125
4 0.228125 0.59921875 0.01171875 0.01640625
2 0.30859375 0.46796875 0.025 0.021875
2 0.33203125 0.4515625 0.0234375 0.0203125
2 0.30703125 0.49140625 0.01953125 0.0203125
2 0.33203125 0.490625 0.0203125 0.01875
2 0.36015625 0.490625 0.01640625 0.015625
2 0.390625 0.4890625 0.0203125 0.01796875
0 0.36953125 0.45625 0.01484375 0.01328125
0 0.3734375 0.50546875 0.01015625 0.0140625
0 0.38671875 0.50859375 0.01171875 0.01796875
4 0.4046875 0.40625 0.0140625 0.015625
4 0.38828125 0.4359375 0.01015625 0.01015625
4 0.36640625 0.44296875 0.00859375 0.009375
4 0.3765625 0.44609375 0.00625 0.00859375
4 0.3859375 0.44453125 0.00859375 0.00703125
4 0.39765625 0.4484375 0.009375 0.009375
4 0.38359375 0.45625 0.00859375 0.01015625
4 0.3953125 0.45859375 0.00859375 0.009375
4 0.35703125 0.4453125 0.009375 0.00625
4 0.34140625 0.4640625 0.009375 0.00546875
4 0.34453125 0.47109375 0.00703125 0.009375
4 0.35546875 0.45625 0.009375 0.00859375
4 0.36328125 0.471875 0.009375 0.00859375
4 0.35390625 0.478125 0.00859375 0.009375
4 0.353125 0.46640625 0.01015625 0.00703125
4 0.3765625 0.48125 0.00703125 0.01015625
4 0.36171875 0.50625 0.00859375 0.01171875
0 0.37578125 0.47109375 0.01328125 0.01328125
0 0.390625 0.471875 0.0140625 0.0140625
0 0.471875 0.31171875 0.01484375 0.021875
0 0.615625 0.07421875 0.0109375 0.02578125
2 0.5265625 0.12890625 0.0203125 0.03828125
2 0.51328125 0.228125 0.021875 0.03984375
2 0.4890625 0.19140625 0.01953125 0.03359375
2 0.50859375 0.10546875 0.0203125 0.03671875
4 0.50703125 0.278125 0.00859375 0.01953125
4 0.38671875 0.38203125 0.00546875 0.01796875
4 0.3984375 0.38046875 0.0046875 0.01796875
4 0.4171875 0.34375 0.00625 0.01328125
4 0.4078125 0.37890625 0.0046875 0.01953125
4 0.41484375 0.37578125 0.003125 0.01484375
4 0.42265625 0.37421875 0.00390625 0.015625
4 0.43046875 0.3734375 0.00625 0.01796875
4 0.43671875 0.34921875 0.00703125 0.009375
4 0.4265625 0.340625 0.00703125 0.0140625
4 0.434375 0.31171875 0.00859375 0.009375
4 0.44375 0.31015625 0.00546875 0.0109375
4 0.45078125 0.34296875 0.00859375 0.0109375
4 0.44140625 0.33828125 0.00859375 0.0109375
4 0.45078125 0.3234375 0.00625 0.01328125
4 0.45546875 0.28671875 0.01015625 0.00859375
4 0.446875 0.29609375 0.00859375 0.0046875
4 0.46328125 0.29609375 0.00859375 0.009375
4 0.45703125 0.31171875 0.00859375 0.0109375
4 0.459375 0.26640625 0.00859375 0.009375
4 0.46171875 0.2515625 0.00625 0.009375
4 0.4765625 0.22421875 0.01015625 0.0109375
4 0.4796875 0.2140625 0.01015625 0.00859375
6 0.58359375 0.18671875 0.04296875 0.09921875
6 0.59921875 0.071875 0.04453125 0.07421875