4 0.1828125 0.01328125 0.00625 0.01328125
2 0.23125 0.04140625 0.01328125 0.02421875
2 0.28828125 0.07265625 0.01328125 0.02421875
2 0.2859375 0.15 0.009375 0.01875
2 0.315625 0.22578125 0.0140625 0.0265625
2 0.37265625 0.16328125 0.01171875 0.021875
2 0.4484375 0.13984375 0.01171875 0.02109375
2 0.509375 0.0953125 0.015625 0.028125
2 0.7859375 0.16640625 0.01640625 0.028125
2 0.68515625 0.14375 0.0140625 0.02109375
2 0.71171875 0.15703125 0.01484375 0.025
2 0.6875 0.23203125 0.015625 0.0265625
2 0.6234375 0.25234375 0.01484375 0.02578125
2 0.696875 0.29453125 0.0140625 0.0234375
2 0.715625 0.31875 0.0140625 0.0234375
2 0.73671875 0.37421875 0.01640625 0.0265625
2 0.6765625 0.3265625 0.0140625 0.021875
2 0.68359375 0.3359375 0.0140625 0.02578125
2 0.65546875 0.36328125 0.0140625 0.021875
2 0.665625 0.36796875 0.01328125 0.02109375
2 0.6640625 0.3890625 0.0140625 0.02421875
2 0.6515625 0.3890625 0.01171875 0.02109375
2 0.6375 0.39453125 0.0140625 0.0234375
2 0.646875 0.41484375 0.01640625 0.025
2 0.625 0.41953125 0.015625 0.025
2 0.6234375 0.44375 0.015625 0.02578125
2 0.6109375 0.440625 0.01328125 0.02109375
2 0.60390625 0.4703125 0.0140625 0.02421875
2 0.59609375 0.4640625 0.01328125 0.02109375
2 0.603125 0.49453125 0.01484375 0.02578125
2 0.5921875 0.49375 0.01484375 0.02578125
2 0.58203125 0.4890625 0.01328125 0.02109375
2 0.61328125 0.646875 0.009375 0.0265625
2 0.734375 0.96171875 0.01640625 0.02890625
2 0.4765625 0.56875 0.01796875 0.02890625
2 0.41484375 0.61328125 0.01484375 0.02578125
2 0.38125 0.64375 0.01171875 0.02109375
2 0.3640625 0.70390625 0.01484375 0.02578125
2 0.3265625 0.73125 0.0140625 0.02578125
2 0.2546875 0.8890625 0.015625 0.02578125
2 0.03515625 0.98359375 0.01640625 0.02109375
2 0.021875 0.98671875 0.01640625 0.0265625
2 0.06953125 0.8140625 0.015625 0.028125
2 0.23671875 0.62421875 0.0140625 0.025
2 0.24375 0.51796875 0.01484375 0.0234375
2 0.29453125 0.45625 0.0140625 0.0203125
2 0.35625 0.38671875 0.01484375 0.021875
2 0.3640625 0.57421875 0.01484375 0.028125
2 0.3546875 0.53203125 0.01171875 0.02109375
2 0.38359375 0.5609375 0.01328125 0.021875
2 0.3703125 0.4984375 0.01640625 0.0296875
2 0.38359375 0.51328125 0.01328125 0.02578125
2 0.38984375 0.52734375 0.0140625 0.02421875
2 0.39609375 0.540625 0.0140625 0.0265625
2 0.378125 0.39296875 0.00859375 0.025
2 0.396875 0.3765625 0.0140625 0.025
2 0.36875 0.33828125 0.0140625 0.02421875
2 0.46796875 0.3859375 0.01171875 0.02421875
2 0.421875 0.4171875 0.01328125 0.02578125
2 0.44921875 0.3515625 0.01171875 0.025
2 0.39921875 0.30390625 0.01171875 0.02421875
2 0.36953125 0.30625 0.01171875 0.0234375
2 0.38203125 0.28203125 0.01484375 0.02578125
2 0.36796875 0.24609375 0.01171875 0.02421875
2 0.33671875 0.2703125 0.01484375 0.02578125
5 0.3484375 0.12734375 0.025 0.04609375
5 0.40625 0.153125 0.0234375 0.04140625
6 0.4359375 0.29453125 0.0203125 0.0484375
6 0.5421875 0.4421875 0.025 0.04453125
0 0.23125 0.75859375 0.0109375 0.015625
0 0.25390625 0.75859375 0.0109375 0.01796875
0 0.3734375 0.5125 0.009375 0.015625
0 0.34921875 0.2140625 0.009375 0.01640625
0 0.32578125 0.2234375 0.009375 0.01640625
0 0.29453125 0.24609375 0.009375 0.01640625
0 0.26796875 0.1859375 0.01015625 0.01484375
0 0.3203125 0.29453125 0.00859375 0.01328125
0 0.32578125 0.30390625 0.00859375 0.0140625
0 0.3796875 0.23125 0.009375 0.01796875
0 0.378125 0.24296875 0.009375 0.015625
0 0.48125 0.4640625 0.009375 0.01796875
0 0.7953125 0.1875 0.01015625 0.01953125
0 0.76875 0.1765625 0.01015625 0.01796875
0 0.74453125 0.21875 0.00859375 0.015625
0 0.68046875 0.36015625 0.01015625 0.01484375
0 0.709375 0.41796875 0.01015625 0.01640625
0 0.665625 0.3421875 0.00859375 0.01328125
0 0.621875 0.46875 0.00859375 0.015625
0 0.58046875 0.5375 0.00859375 0.01328125
0 0.62421875 0.57421875 0.00859375 0.01328125
0 0.58515625 0.6265625 0.00859375 0.01484375
0 0.67109375 0.70859375 0.00625 0.01484375
0 0.725 0.82578125 0.01015625 0.0140625
4 0.6734375 0.8765625 0.00546875 0.00859375
4 0.596875 0.62421875 0.00546875 0.01015625
4 0.59921875 0.603125 0.00390625 0.01328125
4 0.62109375 0.590625 0.00546875 0.01015625
4 0.559375 0.49140625 0.00546875 0.01015625
4 0.609375 0.4765625 0.00546875 0.00859375
4 0.6140625 0.48125 0.00546875 0.0109375
4 0.6140625 0.4921875 0.0046875 0.00859375
4 0.60703125 0.50546875 0.00546875 0.01015625
4 0.65703125 0.5390625 0.00546875 0.00859375
4 0.6890625 0.46796875 0.00546875 0.009375
4 0.59921875 0.51640625 0.00546875 0.00625
4 0.59296875 0.51328125 0.0046875 0.00625
4 0.5875 0.5140625 0.00546875 0.00859375
4 0.5859375 0.5234375 0.00546875 0.01015625
4 0.5890625 0.52890625 0.0046875 0.00625
0 0.45546875 0.6359375 0.009375 0.01796875
0 0.45078125 0.79140625 0.00703125 0.0140625
4 0.28203125 0.9625 0.00546875 0.00859375
4 0.19609375 0.9265625 0.00625 0.01171875
4 0.14296875 0.95859375 0.00625 0.01015625
4 0.20390625 0.821875 0.0046875 0.0109375
4 0.234375 0.815625 0.00625 0.009375
4 0.24375 0.790625 0.0046875 0.00859375
4 0.26640625 0.7078125 0.00625 0.01171875
4 0.35703125 0.9015625 0.00625 0.00859375
4 0.40546875 0.57109375 0.00546875 0.01015625
4 0.69296875 0.3484375 0.00546875 0.0109375
4 0.7015625 0.328125 0.00546875 0.01015625
4 0.68828125 0.31484375 0.00546875 0.009375
4 0.6734375 0.346875 0.00625 0.009375
4 0.66953125 0.30078125 0.00625 0.00859375
4 0.678125 0.26640625 0.00859375 0.009375
4 0.734375 0.2421875 0.00859375 0.01015625
4 0.759375 0.21953125 0.00625 0.009375
4 0.721875 0.2140625 0.00546875 0.01015625
4 0.80390625 0.25859375 0.00625 0.0109375
4 0.8953125 0.01328125 0.00703125 0.01015625
0 0.9296875 0.05703125 0.01171875 0.01796875
4 0.71171875 0.0296875 0.00546875 0.009375
4 0.678125 0.0953125 0.00625 0.01171875
4 0.63046875 0.2015625 0.00625 0.0109375
4 0.62109375 0.228125 0.00546875 0.00859375
4 0.3484375 0.58046875 0.00546875 0.00859375
4 0.37578125 0.55703125 0.0046875 0.009375
4 0.37890625 0.54140625 0.00625 0.00625
4 0.3828125 0.54296875 0.0046875 0.0109375
4 0.40390625 0.51796875 0.00625 0.0109375
4 0.38125 0.45546875 0.0046875 0.01015625
4 0.3078125 0.14453125 0.00546875 0.01015625
4 0.315625 0.13984375 0.00546875 0.01171875
4 0.36875 0.19140625 0.0046875 0.00859375
4 0.4359375 0.18046875 0.0046875 0.01171875
4 0.38671875 0.234375 0.00390625 0.00625
4 0.38671875 0.24375 0.0046875 0.009375
4 0.3921875 0.24375 0.00390625 0.009375
4 0.4109375 0.25703125 0.00390625 0.01015625
4 0.40546875 0.25703125 0.0046875 0.009375
4 0.39921875 0.25625 0.0046875 0.01328125
4 0.40703125 0.26796875 0.0046875 0.01015625
4 0.3921875 0.2828125 0.0046875 0.00859375
4 0.38671875 0.2703125 0.0046875 0.009375
4 0.38046875 0.2609375 0.00390625 0.00859375
4 0.38828125 0.30390625 0.00390625 0.009375
4 0.3859375 0.3234375 0.0046875 0.009375
4 0.33671875 0.29140625 0.00546875 0.009375
3 0.05703125 0.89375 0.01640625 0.0296875
4 0.25859375 0.12890625 0.00625 0.01328125