2 0.7671875 0.99296875 0.009375 0.0140625
2 0.73671875 0.95078125 0.01328125 0.021875
2 0.74375 0.90703125 0.01171875 0.021875
2 0.70078125 0.884375 0.01171875 0.02578125
2 0.68359375 0.878125 0.0140625 0.02421875
2 0.64765625 0.82578125 0.01328125 0.025
2 0.62734375 0.7890625 0.01015625 0.01953125
2 0.65078125 0.7265625 0.0140625 0.0234375
2 0.61640625 0.74609375 0.01328125 0.0234375
2 0.60546875 0.7515625 0.01484375 0.02421875
2 0.59140625 0.70625 0.0140625 0.0234375
2 0.56875 0.6859375 0.015625 0.0296875
2 0.55390625 0.634375 0.01328125 0.025
2 0.5484375 0.64921875 0.01328125 0.0234375
2 0.53046875 0.59296875 0.009375 0.01328125
2 0.52109375 0.61875 0.01171875 0.0203125
2 0.5890625 0.49140625 0.0140625 0.021875
2 0.59296875 0.51796875 0.01328125 0.02109375
2 0.60625 0.4921875 0.0140625 0.025
2 0.6234375 0.48125 0.01484375 0.025
2 0.609375 0.465625 0.01484375 0.02421875
2 0.6234375 0.43828125 0.0140625 0.0234375
2 0.6265625 0.45546875 0.01640625 0.025
2 0.64609375 0.43046875 0.01484375 0.02109375
2 0.64296875 0.40390625 0.0140625 0.0234375
2 0.65859375 0.40078125 0.01484375 0.02578125
2 0.66015625 0.37578125 0.01328125 0.02109375
2 0.67578125 0.35390625 0.01484375 0.0234375
2 0.67421875 0.3765625 0.0140625 0.021875
2 0.69375 0.34453125 0.01328125 0.0234375
2 0.7953125 0.1515625 0.01640625 0.02578125
2 0.69609375 0.12578125 0.0140625 0.02421875
2 0.5265625 0.0546875 0.0140625 0.021875
2 0.459375 0.1390625 0.01171875 0.02421875
2 0.384375 0.16015625 0.0140625 0.0234375
2 0.29375 0.03671875 0.015625 0.02109375
2 0.29453125 0.09453125 0.01171875 0.0234375
2 0.3265625 0.11015625 0.01171875 0.0203125
2 0.3234375 0.1234375 0.01328125 0.021875
2 0.32109375 0.140625 0.01328125 0.02421875
2 0.33671875 0.13359375 0.01171875 0.0234375
2 0.353125 0.15390625 0.01484375 0.0265625
2 0.33671875 0.153125 0.01171875 0.0234375
2 0.3640625 0.17890625 0.01171875 0.021875
2 0.35859375 0.18671875 0.01171875 0.0203125
2 0.3484375 0.18671875 0.0140625 0.02578125
2 0.37890625 0.215625 0.0140625 0.0265625
2 0.3734375 0.2359375 0.01796875 0.03046875
2 0.39453125 0.246875 0.0140625 0.025
2 0.38671875 0.2671875 0.0140625 0.025
2 0.40546875 0.29453125 0.01171875 0.021875
2 0.41796875 0.33203125 0.0140625 0.0265625
2 0.38203125 0.3140625 0.01484375 0.02578125
2 0.36171875 0.28203125 0.0140625 0.028125
2 0.340625 0.2453125 0.01328125 0.02578125
2 0.33828125 0.2171875 0.01484375 0.028125
5 0.36015625 0.12578125 0.025 0.0453125
5 0.41640625 0.15 0.02109375 0.04140625
0 0.3984375 0.18671875 0.00859375 0.0140625
0 0.3046875 0.06953125 0.009375 0.01640625
0 0.2953125 0.05546875 0.00859375 0.01640625
0 0.253125 0.05078125 0.009375 0.01875
0 0.27890625 0.18125 0.009375 0.01484375
0 0.30546875 0.24140625 0.009375 0.01796875
0 0.31875 0.26171875 0.00546875 0.01875
0 0.33046875 0.290625 0.009375 0.0140625
0 0.33515625 0.30078125 0.00859375 0.01640625
0 0.35859375 0.21640625 0.00859375 0.0140625
0 0.365625 0.20859375 0.00859375 0.01484375
4 0.21796875 0.01953125 0.00625 0.0109375
4 0.23203125 0.0390625 0.00546875 0.01015625
4 0.2453125 0.04921875 0.00625 0.01328125
4 0.234375 0.05859375 0.00625 0.01015625
4 0.24140625 0.059375 0.0046875 0.009375
4 0.25390625 0.08125 0.00546875 0.01015625
4 0.28046875 0.0984375 0.00625 0.0109375
4 0.28671875 0.0109375 0.00625 0.00859375
4 0.2953125 0.15859375 0.0046875 0.00859375
4 0.303125 0.171875 0.0046875 0.01015625
4 0.31328125 0.1671875 0.00546875 0.009375
4 0.315625 0.19296875 0.00625 0.01015625
4 0.36796875 0.20078125 0.00546875 0.01171875
4 0.384375 0.2109375 0.0046875 0.01015625
4 0.3921875 0.228125 0.00546875 0.0109375
4 0.4046875 0.25625 0.0046875 0.01015625
4 0.41015625 0.26484375 0.0046875 0.009375
4 0.41640625 0.26953125 0.0046875 0.01015625
4 0.415625 0.278125 0.0046875 0.01171875
4 0.40859375 0.27421875 0.00546875 0.00859375
4 0.40703125 0.28203125 0.00390625 0.00625
4 0.41171875 0.29140625 0.00546875 0.009375
4 0.4140625 0.28515625 0.00546875 0.009375
4 0.37578125 0.25703125 0.00546875 0.0109375
4 0.38046875 0.27109375 0.00390625 0.01015625
4 0.3859375 0.2828125 0.00546875 0.01328125
4 0.39609375 0.2890625 0.0046875 0.009375
4 0.4 0.3015625 0.00546875 0.01328125
4 0.3515625 0.28203125 0.00546875 0.0109375
4 0.3296875 0.26171875 0.00546875 0.00703125
4 0.44609375 0.17578125 0.0046875 0.0109375
2 0.04140625 0.965625 0.01640625 0.021875
2 0.028125 0.96953125 0.01640625 0.0265625
2 0.0765625 0.79921875 0.015625 0.025
2 0.07578125 0.83203125 0.015625 0.02421875
2 0.10546875 0.784375 0.01796875 0.02421875
2 0.21953125 0.83515625 0.015625 0.02421875
2 0.23125 0.7046875 0.015625 0.02578125
2 0.29140625 0.80546875 0.015625 0.02578125
2 0.30078125 0.90078125 0.0140625 0.025
2 0.33671875 0.7484375 0.01171875 0.02109375
2 0.4078125 0.68359375 0.01328125 0.02421875
2 0.43046875 0.5953125 0.01484375 0.02421875
2 0.4359375 0.55546875 0.01171875 0.021875
2 0.47734375 0.51953125 0.01171875 0.021875
2 0.51796875 0.503125 0.01484375 0.025
2 0.4515625 0.34296875 0.009375 0.025
2 0.4140625 0.39140625 0.01171875 0.021875
2 0.440625 0.4265625 0.01328125 0.0234375
2 0.434375 0.44453125 0.01328125 0.02421875
2 0.36640625 0.5453125 0.0140625 0.02421875
2 0.34453125 0.56171875 0.01484375 0.025
2 0.35625 0.58359375 0.01328125 0.0234375
2 0.371875 0.578125 0.0140625 0.02421875
4 0.35859375 0.3453125 0.0046875 0.0109375
4 0.39921875 0.38828125 0.00546875 0.009375
4 0.3984375 0.5359375 0.00546875 0.0109375
4 0.40625 0.53046875 0.0046875 0.009375
4 0.42421875 0.44921875 0.00625 0.0109375
4 0.42890625 0.5359375 0.00546875 0.01015625
2 0.2515625 0.5109375 0.0140625 0.0234375
4 0.2015625 0.6578125 0.00546875 0.00703125
4 0.19140625 0.65546875 0.00625 0.00859375
4 0.16953125 0.6890625 0.00703125 0.01015625
4 0.29296875 0.69296875 0.00703125 0.00703125
4 0.2796875 0.73359375 0.00703125 0.0109375
4 0.33203125 0.94453125 0.0046875 0.01328125
4 0.2140625 0.88828125 0.00625 0.01015625
0 0.428125 0.83515625 0.00859375 0.01796875
0 0.43125 0.70859375 0.009375 0.01484375
4 0.6859375 0.9109375 0.00546875 0.0109375
4 0.5359375 0.64296875 0.00546875 0.009375
4 0.55078125 0.66796875 0.00546875 0.0109375
4 0.5390625 0.65703125 0.0046875 0.00859375
4 0.5484375 0.67421875 0.0046875 0.009375
4 0.603125 0.51640625 0.00703125 0.009375
4 0.609375 0.51171875 0.00546875 0.009375
4 0.596875 0.49375 0.00390625 0.009375
4 0.58984375 0.50390625 0.00546875 0.009375
4 0.58515625 0.51328125 0.00546875 0.00625
4 0.6375 0.49140625 0.0046875 0.01171875
0 0.6359375 0.4609375 0.009375 0.0140625
0 0.62109375 0.50703125 0.00859375 0.01328125
0 0.6234375 0.53671875 0.00625 0.01484375
0 0.59609375 0.53046875 0.00859375 0.0140625
4 0.62421875 0.5921875 0.00546875 0.00703125
4 0.7046875 0.2609375 0.00703125 0.01328125
4 0.76640625 0.1515625 0.00703125 0.009375
4 0.6421875 0.1765625 0.00546875 0.0109375
0 0.75078125 0.01640625 0.009375 0.0203125
0 0.790625 0.11171875 0.01015625 0.01796875
0 0.94453125 0.0671875 0.01171875 0.01953125
4 0.38671875 0.5640625 0.00546875 0.00859375