4 0.48359375 0.0359375 0.00859375 0.0203125
2 0.490625 0.21484375 0.01484375 0.04140625
2 0.5203125 0.290625 0.0140625 0.03515625
2 0.5015625 0.26328125 0.01171875 0.04140625
2 0.48984375 0.29921875 0.01015625 0.03828125
2 0.5015625 0.37578125 0.01171875 0.03671875
2 0.4890625 0.43046875 0.015625 0.04140625
2 0.50078125 0.49609375 0.01171875 0.03515625
2 0.52421875 0.4546875 0.0140625 0.04296875
4 0.53671875 0.49375 0.00703125 0.02109375
4 0.53828125 0.678125 0.01015625 0.03046875
2 0.50078125 0.6171875 0.01796875 0.04453125
2 0.49140625 0.684375 0.015625 0.04296875
2 0.471875 0.65390625 0.01328125 0.04140625
2 0.50546875 0.81171875 0.0140625 0.04453125
4 0.48046875 0.778125 0.009375 0.0203125
0 0.484375 0.8515625 0.01328125 0.0265625
2 0.49296875 0.8875 0.01328125 0.03984375
2 0.503125 0.98359375 0.01328125 0.03203125
2 0.53671875 0.78203125 0.01328125 0.0390625