0 0.453125 0.38671875 0.01875 0.03046875
0 0.4015625 0.37421875 0.01328125 0.03671875
0 0.40703125 0.475 0.01953125 0.02578125
0 0.39609375 0.4546875 0.02109375 0.02578125
0 0.390625 0.50703125 0.01484375 0.02421875
0 0.50390625 0.471875 0.01875 0.03203125
0 0.5265625 0.55078125 0.01875 0.021875
0 0.34453125 0.61875 0.01796875 0.03359375
3 0.2453125 0.859375 0.01875 0.03828125
3 0.2765625 0.68125 0.01875 0.03359375
2 0.41328125 0.440625 0.01875 0.040625
2 0.32421875 0.38203125 0.01171875 0.03984375
2 0.30546875 0.115625 0.01875 0.040625
2 0.6296875 0.2234375 0.02578125 0.03515625
2 0.8265625 0.21953125 0.02421875 0.04140625
4 0.9109375 0.2 0.015625 0.0265625
4 0.759375 0.11328125 0.01640625 0.028125
4 0.740625 0.14609375 0.01484375 0.0265625
4 0.86484375 0.07421875 0.01875 0.01875
4 0.8125 0.09609375 0.01640625 0.025
4 0.69609375 0.18828125 0.01640625 0.02109375
4 0.63984375 0.246875 0.01796875 0.0140625
4 0.6359375 0.3640625 0.01328125 0.02578125
4 0.653125 0.36640625 0.01640625 0.01953125
4 0.61640625 0.4140625 0.01796875 0.021875
4 0.571875 0.44375 0.01640625 0.01953125
4 0.54296875 0.45 0.015625 0.021875
4 0.51484375 0.375 0.01796875 0.02890625
4 0.5390625 0.3359375 0.0140625 0.021875
4 0.54609375 0.29453125 0.0140625 0.02109375
4 0.315625 0.30078125 0.01484375 0.0296875
4 0.28359375 0.23359375 0.01484375 0.02421875
4 0.309375 0.1640625 0.01484375 0.0296875
4 0.2265625 0.15703125 0.01953125 0.02578125
4 0.2609375 0.10625 0.01484375 0.0203125
4 0.24609375 0.06953125 0.01484375 0.02421875
4 0.27578125 0.115625 0.01328125 0.025
4 0.3640625 0.553125 0.0140625 0.0265625
4 0.4359375 0.54765625 0.01171875 0.02578125
4 0.4421875 0.584375 0.01796875 0.0203125
4 0.50625 0.63359375 0.0140625 0.028125
4 0.49453125 0.60078125 0.015625 0.028125
4 0.53125 0.628125 0.0109375 0.01640625
4 0.52109375 0.640625 0.01171875 0.0234375
4 0.578125 0.66171875 0.015625 0.0296875
4 0.4671875 0.6546875 0.01640625 0.02421875
4 0.62890625 0.68203125 0.0140625 0.02109375
4 0.63046875 0.79453125 0.01796875 0.01953125
4 0.66875 0.8046875 0.01328125 0.025
4 0.73828125 0.790625 0.02109375 0.028125
4 0.30703125 0.88828125 0.02109375 0.02421875
4 0.290625 0.92578125 0.009375 0.021875
4 0.3109375 0.928125 0.01171875 0.0234375
4 0.3 0.96328125 0.015625 0.0203125
4 0.35546875 0.7296875 0.01640625 0.0265625
4 0.28671875 0.76484375 0.01875 0.0234375
4 0.3703125 0.7171875 0.01640625 0.0265625
4 0.3265625 0.63046875 0.01484375 0.0296875
4 0.34609375 0.653125 0.01796875 0.025
4 0.34921875 0.57109375 0.01484375 0.02578125
3 0.2515625 0.80546875 0.01796875 0.03984375
3 0.209375 0.94140625 0.01484375 0.04140625
4 0.23359375 0.98203125 0.01328125 0.02109375
4 0.2640625 0.91328125 0.01015625 0.01875
4 0.33125 0.70625 0.0109375 0.028125
4 0.390625 0.48046875 0.0140625 0.02578125
4 0.3265625 0.45546875 0.01171875 0.0265625
4 0.17109375 0.11796875 0.00859375 0.021875
4 0.22109375 0.115625 0.01328125 0.02421875
3 0.1859375 0.2140625 0.0265625 0.03671875
3 0.25 0.24140625 0.0234375 0.0359375
3 0.209375 0.25859375 0.02109375 0.040625
6 0.18828125 0.25859375 0.02890625 0.05546875
2 0.18671875 0.13125 0.0234375 0.03125
2 0.5171875 0.43671875 0.015625 0.04296875
4 0.48359375 0.44765625 0.01328125 0.021875
4 0.4734375 0.40625 0.0140625 0.01796875
4 0.4640625 0.3390625 0.01640625 0.015625
4 0.41640625 0.31328125 0.01171875 0.01953125
4 0.403125 0.2953125 0.009375 0.01796875
4 0.38828125 0.31328125 0.01328125 0.01484375
4 0.38515625 0.3328125 0.0109375 0.0203125
4 0.37109375 0.2734375 0.01171875 0.015625
4 0.36640625 0.28359375 0.01171875 0.01328125
4 0.35859375 0.22890625 0.01015625 0.01875
4 0.46953125 0.3171875 0.01328125 0.0140625
2 0.5453125 0.246875 0.02578125 0.03046875
2 0.5140625 0.27578125 0.02421875 0.03046875
2 0.59609375 0.21640625 0.0203125 0.02578125
4 0.628125 0.19921875 0.01171875 0.015625
2 0.61953125 0.16015625 0.01640625 0.040625
2 0.65625 0.1515625 0.0234375 0.0265625
4 0.70078125 0.20546875 0.0140625 0.01171875
4 0.73984375 0.16640625 0.0140625 0.01640625
4 0.834375 0.12265625 0.01484375 0.015625
4 0.88671875 0.05859375 0.0140625 0.01328125
4 0.884375 0.04609375 0.0140625 0.01640625
2 0.86171875 0.284375 0.0234375 0.03515625
2 0.8421875 0.384375 0.02578125 0.0390625
4 0.87578125 0.37734375 0.01171875 0.01953125
3 0.80703125 0.32890625 0.02578125 0.03046875
3 0.834375 0.30703125 0.03203125 0.03984375
3 0.8625 0.334375 0.0296875 0.05859375
3 0.8234375 0.446875 0.034375 0.06875
3 0.73203125 0.38828125 0.02890625 0.03359375
3 0.66875 0.4359375 0.028125 0.03203125
3 0.68984375 0.609375 0.021875 0.03671875
3 0.70390625 0.63203125 0.02109375 0.03359375
3 0.72578125 0.6734375 0.0203125 0.034375
2 0.75625 0.63125 0.0203125 0.0453125
4 0.61328125 0.52578125 0.01171875 0.0140625
4 0.64453125 0.45859375 0.01171875 0.0140625
4 0.6171875 0.5515625 0.009375 0.009375
4 0.6578125 0.715625 0.009375 0.01171875
4 0.71953125 0.934375 0.009375 0.02421875
4 0.76796875 0.86640625 0.01484375 0.01328125
4 0.81875 0.93359375 0.01328125 0.02109375
4 0.834375 0.92578125 0.01171875 0.015625
4 0.80703125 0.9046875 0.01171875 0.0140625
4 0.809375 0.89375 0.0109375 0.01484375
4 0.803125 0.871875 0.01171875 0.015625
4 0.796875 0.8859375 0.009375 0.01171875
4 0.7875 0.86640625 0.015625 0.01953125
4 0.78515625 0.88359375 0.01015625 0.01953125
2 0.72421875 0.959375 0.02578125 0.021875
3 0.80546875 0.98046875 0.025 0.0390625
4 0.77109375 0.66796875 0.01015625 0.02109375
4 0.78125 0.6234375 0.01328125 0.02109375
4 0.79296875 0.62421875 0.01015625 0.0203125
4 0.83046875 0.490625 0.0140625 0.0234375
4 0.5515625 0.34921875 0.00859375 0.01796875
4 0.53828125 0.271875 0.009375 0.0140625
4 0.334375 0.39609375 0.009375 0.0234375
4 0.31875 0.41796875 0.01171875 0.01640625
4 0.19453125 0.16953125 0.0109375 0.0140625
4 0.3046875 0.61640625 0.009375 0.021875
4 0.309375 0.778125 0.009375 0.0203125
4 0.36640625 0.759375 0.009375 0.021875
4 0.2984375 0.93359375 0.00859375 0.01953125
4 0.2734375 0.971875 0.01015625 0.01953125
2 0.32890625 0.92265625 0.01640625 0.03984375
2 0.40078125 0.14453125 0.021875 0.03984375
3 0.61796875 0.48984375 0.01796875 0.0234375
4 0.5390625 0.590625 0.01328125 0.01875
4 0.54375 0.52890625 0.01171875 0.01640625
4 0.5265625 0.4765625 0.009375 0.0234375
4 0.57578125 0.52734375 0.01171875 0.01796875
4 0.63671875 0.8296875 0.01171875 0.01484375
4 0.63828125 0.81875 0.015625 0.01875
6 0.5625 0.86953125 0.02890625 0.078125
4 0.496875 0.27578125 0.00546875 0.01953125
4 0.503125 0.26015625 0.00625 0.0203125
4 0.49296875 0.27421875 0.00546875 0.02109375
4 0.4703125 0.2828125 0.00859375 0.01875
4 0.4640625 0.290625 0.00546875 0.01796875
4 0.4578125 0.30859375 0.00625 0.01796875
4 0.45390625 0.29921875 0.00703125 0.015625
4 0.45234375 0.2875 0.00703125 0.01484375
4 0.44296875 0.29140625 0.00546875 0.01484375
4 0.43828125 0.29296875 0.0046875 0.01875
4 0.43359375 0.29296875 0.0046875 0.01875
4 0.428125 0.29140625 0.0046875 0.01796875
4 0.4234375 0.29296875 0.00625 0.01796875
4 0.4140625 0.28125 0.00546875 0.01953125
4 0.4109375 0.275 0.0046875 0.01875
4 0.396875 0.2421875 0.00859375 0.01640625
4 0.40078125 0.26171875 0.00703125 0.01796875
4 0.38984375 0.2359375 0.01015625 0.01796875
4 0.3734375 0.14453125 0.00546875 0.01875
4 0.3796875 0.12109375 0.009375 0.015625
4 0.36796875 0.08125 0.00703125 0.01953125
4 0.37578125 0.10546875 0.009375 0.01796875
4 0.3578125 0.06640625 0.009375 0.01796875
4 0.35078125 0.05546875 0.009375 0.01953125
4 0.3390625 0.0453125 0.009375 0.01953125
4 0.3390625 0.07578125 0.01015625 0.0140625
4 0.3296875 0.07109375 0.00703125 0.015625
4 0.32578125 0.065625 0.00703125 0.01640625
4 0.35546875 0.09296875 0.00546875 0.01953125
4 0.35859375 0.10078125 0.00625 0.01484375
4 0.36796875 0.1328125 0.00625 0.01796875
4 0.3625 0.1234375 0.00703125 0.01796875
4 0.35625 0.121875 0.00625 0.015625
4 0.3484375 0.10703125 0.00625 0.01796875
4 0.3421875 0.128125 0.00703125 0.01640625
4 0.334375 0.1328125 0.00703125 0.01796875
4 0.31953125 0.07421875 0.01171875 0.0109375
4 0.31640625 0.08203125 0.01171875 0.01015625
4 0.30625 0.08125 0.00859375 0.01640625
4 0.3203125 0.10390625 0.00703125 0.015625
4 0.33515625 0.109375 0.00859375 0.01875
4 0.328125 0.115625 0.00703125 0.01875
4 0.34375 0.14375 0.009375 0.01796875
4 0.38671875 0.19453125 0.0109375 0.01796875
4 0.28203125 0.6515625 0.00859375 0.015625
4 0.28828125 0.6203125 0.01015625 0.0109375
4 0.284375 0.63203125 0.009375 0.01171875
4 0.24453125 0.771875 0.01015625 0.01328125
4 0.2359375 0.803125 0.009375 0.0109375
4 0.23359375 0.81328125 0.01171875 0.0109375
4 0.228125 0.83203125 0.0109375 0.0109375
4 0.2234375 0.84453125 0.01484375 0.0109375
4 0.3109375 0.94921875 0.00859375 0.02109375
4 0.31796875 0.95546875 0.00859375 0.01796875
4 0.54609375 0.19140625 0.00703125 0.01875
4 0.559375 0.20390625 0.00546875 0.01875
4 0.5515625 0.18671875 0.00625 0.0203125
3 0.51796875 0.2203125 0.0234375 0.03046875
4 0.58671875 0.1984375 0.00625 0.01640625
4 0.60625 0.13125 0.00703125 0.01796875
4 0.59921875 0.1734375 0.00625 0.01875
4 0.59296875 0.17890625 0.00703125 0.01953125
4 0.58671875 0.175 0.0046875 0.01875
4 0.58046875 0.18671875 0.0046875 0.01640625
4 0.57578125 0.19140625 0.00546875 0.01875
4 0.571875 0.1953125 0.00546875 0.01640625
4 0.60625 0.15859375 0.0046875 0.0203125
4 0.6265625 0.14375 0.00703125 0.01796875
4 0.63828125 0.134375 0.00546875 0.01875
4 0.64453125 0.12890625 0.00546875 0.01796875
4 0.6515625 0.1265625 0.0046875 0.01875
4 0.6578125 0.125 0.0046875 0.01796875
4 0.66328125 0.12421875 0.00546875 0.01875
4 0.67421875 0.1296875 0.0109375 0.0140625
4 0.671875 0.1140625 0.00546875 0.01640625
4 0.6765625 0.11171875 0.0046875 0.015625
4 0.68046875 0.10859375 0.00546875 0.01953125
4 0.74921875 0.371875 0.00703125 0.01640625
3 0.6265625 0.50625 0.0234375 0.03359375
3 0.62734375 0.54296875 0.01796875 0.02421875
3 0.66328125 0.56171875 0.0203125 0.03359375
3 0.6703125 0.57890625 0.015625 0.02421875
3 0.68359375 0.5859375 0.021875 0.04296875
3 0.69609375 0.41640625 0.03203125 0.0390625
4 0.6484375 0.58125 0.00859375 0.01640625
4 0.77265625 0.74140625 0.01171875 0.01015625
4 0.7734375 0.753125 0.01171875 0.01015625
4 0.778125 0.7328125 0.01171875 0.009375
4 0.78203125 0.7234375 0.009375 0.009375
4 0.7828125 0.71640625 0.0109375 0.00703125
4 0.79296875 0.68984375 0.01171875 0.00859375
4 0.78828125 0.7046875 0.01171875 0.009375
4 0.80703125 0.646875 0.01015625 0.01484375
4 0.78359375 0.5515625 0.01171875 0.009375
4 0.78671875 0.54140625 0.01484375 0.01328125
4 0.77734375 0.56171875 0.0140625 0.01015625
4 0.77421875 0.57109375 0.01015625 0.0109375
4 0.825 0.5984375 0.0140625 0.01171875
4 0.81484375 0.6328125 0.01015625 0.009375
3 0.80390625 0.503125 0.015625 0.03046875
4 0.8640625 0.46875 0.00859375 0.0203125
4 0.865625 0.484375 0.01796875 0.01328125
4 0.884375 0.41171875 0.0109375 0.01953125
4 0.90078125 0.390625 0.0109375 0.02109375
4 0.88671875 0.43046875 0.009375 0.01484375
4 0.890625 0.41953125 0.01015625 0.01015625
4 0.76015625 0.04140625 0.00546875 0.01953125
4 0.76796875 0.03203125 0.00703125 0.01640625
4 0.7734375 0.028125 0.00546875 0.0203125
4 0.6890625 0.1046875 0.00546875 0.01953125
4 0.684375 0.10625 0.0046875 0.0203125
4 0.63203125 0.1640625 0.00625 0.0203125
4 0.425 0.6890625 0.00859375 0.01640625
4 0.43046875 0.68671875 0.00390625 0.02109375
6 0.065625 0.046875 0.046875 0.07421875
3 0.246875 0.03046875 0.02421875 0.03046875