2 0.359375 0.56015625 0.034375 0.02578125
0 0.3015625 0.51640625 0.01796875 0.01796875
0 0.1984375 0.521875 0.01875 0.01953125
4 0.1671875 0.53984375 0.01796875 0.01171875
4 0.22421875 0.53828125 0.0140625 0.01875
2 0.16015625 0.50078125 0.03046875 0.02890625
2 0.7734375 0.1796875 0.025 0.021875
2 0.78125 0.26328125 0.02578125 0.021875
2 0.98359375 0.353125 0.02421875 0.01875
4 0.60859375 0.35546875 0.0109375 0.009375
2 0.503125 0.365625 0.025 0.01953125
4 0.26484375 0.35625 0.01171875 0.009375
0 0.2 0.359375 0.01796875 0.01328125
2 0.1625 0.38125 0.0265625 0.03046875
3 0.07578125 0.30703125 0.02421875 0.06484375
2 0.02578125 0.0234375 0.01796875 0.040625
4 0.01328125 0.046875 0.00859375 0.01640625
4 0.009375 0.03125 0.01171875 0.0109375
0 0.04453125 0.06796875 0.015625 0.0265625
4 0.03203125 0.08203125 0.00859375 0.01796875
2 0.09765625 0.0125 0.01796875 0.025
2 0.065625 0.09765625 0.015625 0.03984375
4 0.0609375 0.16640625 0.009375 0.01640625
2 0.05625 0.14453125 0.0203125 0.03046875
2 0.03984375 0.18515625 0.01796875 0.04140625
2 0.028125 0.2390625 0.021875 0.040625
2 0.00390625 0.21015625 0.0078125 0.0328125
2 0.009375 0.28671875 0.01796875 0.0390625
2 0.0328125 0.27578125 0.01953125 0.04296875
2 0.16015625 0.2484375 0.02109375 0.03984375
4 0.00390625 0.0453125 0.0078125 0.015625