2 0.28125 0.06171875 0.01953125 0.03671875
3 0.3 0.015625 0.021875 0.03125
2 0.340625 0.03125 0.02109375 0.0390625
2 0.31796875 0.0515625 0.02109375 0.04140625
2 0.33671875 0.09453125 0.01640625 0.034375
2 0.34765625 0.08125 0.01640625 0.03359375
2 0.37421875 0.1359375 0.01796875 0.03515625
2 0.353125 0.12578125 0.01953125 0.0390625
2 0.37421875 0.16953125 0.01640625 0.03828125
2 0.39296875 0.18046875 0.01796875 0.03828125
2 0.39140625 0.1421875 0.01640625 0.03671875
2 0.4109375 0.17890625 0.01875 0.0390625
2 0.39609375 0.21328125 0.01640625 0.03125
3 0.3734375 0.2234375 0.01640625 0.03515625
2 0.3171875 0.1390625 0.01484375 0.034375
2 0.36171875 0.25703125 0.01171875 0.0296875
3 0.384375 0.28984375 0.01640625 0.03359375
6 0.42890625 0.21875 0.028125 0.05703125
0 0.4609375 0.2421875 0.01171875 0.0234375
0 0.44921875 0.26796875 0.01171875 0.021875
4 0.4484375 0.24921875 0.00625 0.01796875
4 0.4390625 0.26328125 0.0046875 0.01484375
4 0.43203125 0.26796875 0.00859375 0.015625
4 0.4390625 0.28203125 0.00859375 0.01484375
4 0.40703125 0.27734375 0.00859375 0.015625
4 0.39609375 0.27890625 0.00859375 0.01484375
4 0.4078125 0.30703125 0.00703125 0.01484375
4 0.403125 0.3390625 0.009375 0.01796875
4 0.37578125 0.321875 0.00703125 0.01640625
4 0.3828125 0.2546875 0.00703125 0.01640625
4 0.38671875 0.23359375 0.00859375 0.01796875
4 0.5390625 0.21484375 0.01015625 0.01015625
4 0.54296875 0.20078125 0.01015625 0.01328125
4 0.33359375 0.1390625 0.00703125 0.01640625
4 0.3484375 0.15390625 0.009375 0.015625
4 0.359375 0.0890625 0.00625 0.01640625
0 0.3875 0.06171875 0.0140625 0.025
4 0.28203125 0.03046875 0.00703125 0.01328125
4 0.25078125 0.0078125 0.009375 0.0140625
2 0.40546875 0.39453125 0.0140625 0.03671875
2 0.45703125 0.3796875 0.01875 0.03125
2 0.4765625 0.421875 0.01953125 0.03203125
2 0.509375 0.42109375 0.01953125 0.02890625
2 0.559375 0.44609375 0.0203125 0.01953125
2 0.590625 0.46796875 0.01875 0.02421875
2 0.409375 0.49375 0.01171875 0.04296875
0 0.3390625 0.52578125 0.01484375 0.021875
2 0.23828125 0.51875 0.01640625 0.034375
0 0.23046875 0.69296875 0.01328125 0.02421875
2 0.196875 0.6859375 0.01953125 0.0390625
2 0.17109375 0.73359375 0.01875 0.0359375
2 0.18671875 0.79296875 0.0203125 0.03046875
2 0.13046875 0.98359375 0.01796875 0.028125
2 0.15390625 0.978125 0.02109375 0.03671875
2 0.15703125 0.94609375 0.0203125 0.03203125
2 0.178125 0.9015625 0.021875 0.03671875
2 0.19921875 0.91015625 0.01875 0.03203125
2 0.203125 0.86953125 0.01953125 0.034375
2 0.2234375 0.828125 0.01953125 0.03515625
2 0.25078125 0.8203125 0.0203125 0.034375
2 0.24765625 0.7859375 0.01640625 0.0265625
2 0.27109375 0.78828125 0.01953125 0.03515625
6 0.29453125 0.7515625 0.03046875 0.04921875
2 0.31953125 0.71171875 0.01875 0.0296875
2 0.328125 0.6625 0.01875 0.03125
2 0.34609375 0.68125 0.01875 0.03359375
2 0.36015625 0.6484375 0.01640625 0.03046875
2 0.3546875 0.61015625 0.01875 0.03125
2 0.38828125 0.6 0.01640625 0.028125
2 0.37265625 0.61640625 0.015625 0.028125
2 0.38359375 0.5640625 0.01640625 0.02890625
4 0.42109375 0.62578125 0.0046875 0.0109375
4 0.409375 0.64765625 0.00703125 0.01171875
4 0.41484375 0.66015625 0.009375 0.01171875
4 0.4265625 0.63828125 0.00859375 0.01484375
4 0.334375 0.6328125 0.00859375 0.0140625
4 0.346875 0.659375 0.00703125 0.0109375
4 0.31484375 0.66953125 0.00859375 0.0140625
4 0.31171875 0.684375 0.00859375 0.01484375
4 0.30703125 0.69921875 0.00859375 0.01328125
4 0.30390625 0.71640625 0.00859375 0.0140625
4 0.328125 0.68515625 0.00859375 0.01328125
4 0.34453125 0.73828125 0.00703125 0.01484375
4 0.3609375 0.7265625 0.00703125 0.01640625
4 0.3703125 0.72421875 0.00859375 0.01171875
4 0.321875 0.76875 0.00859375 0.01796875
4 0.309375 0.809375 0.00859375 0.01484375
4 0.29140625 0.8140625 0.00859375 0.01484375
4 0.26953125 0.84296875 0.00859375 0.01484375
4 0.2765625 0.86015625 0.00859375 0.01328125
4 0.2890625 0.86015625 0.009375 0.01484375
4 0.21953125 0.93203125 0.00859375 0.01640625
4 0.23984375 0.93203125 0.00859375 0.015625
4 0.190625 0.97734375 0.00703125 0.015625
4 0.14140625 0.95546875 0.00859375 0.01640625
4 0.159375 0.91875 0.00859375 0.01171875
2 0.2328125 0.85390625 0.01796875 0.03203125
1 0.68515625 0.934375 0.040625 0.07578125
2 0.621875 0.94453125 0.02421875 0.02890625
2 0.725 0.8609375 0.0234375 0.02109375
0 0.78671875 0.98671875 0.0140625 0.0265625
4 0.71953125 0.903125 0.00859375 0.0140625
4 0.75859375 0.91796875 0.00859375 0.015625
4 0.68671875 0.7765625 0.00546875 0.01484375
0 0.55 0.68671875 0.0109375 0.0203125
0 0.56953125 0.65390625 0.01171875 0.021875
4 0.55703125 0.6453125 0.00703125 0.015625
4 0.53984375 0.67109375 0.00625 0.01484375
4 0.57890625 0.6703125 0.00859375 0.01484375
4 0.5484375 0.64765625 0.00546875 0.0140625
0 0.6390625 0.50625 0.0109375 0.02421875
1 0.6625 0.35234375 0.05 0.08203125
2 0.71171875 0.01328125 0.01953125 0.02578125
2 0.72578125 0.025 0.0203125 0.03125
0 0.68046875 0.07578125 0.01328125 0.02109375
0 0.6671875 0.08828125 0.01171875 0.02421875
4 0.74609375 0.03984375 0.01015625 0.015625
5 0.84140625 0.01796875 0.034375 0.0359375
2 0.8359375 0.07265625 0.02109375 0.034375
2 0.79765625 0.06953125 0.01875 0.0296875
2 0.8015625 0.0921875 0.0203125 0.03359375
2 0.77421875 0.10390625 0.021875 0.03125
6 0.83203125 0.1328125 0.025 0.03828125
2 0.8734375 0.1859375 0.015625 0.034375
4 0.846875 0.10703125 0.0109375 0.0109375
6 0.77578125 0.203125 0.02890625 0.04921875
0 0.7578125 0.13359375 0.015625 0.02109375
2 0.7328125 0.1609375 0.0203125 0.03125
2 0.753125 0.1609375 0.01796875 0.028125
0 0.76328125 0.1875 0.01328125 0.021875
0 0.74609375 0.190625 0.0140625 0.0234375
0 0.7453125 0.2125 0.01640625 0.02109375
0 0.715625 0.23359375 0.01484375 0.0203125
0 0.7203125 0.20859375 0.01328125 0.02109375
3 0.7140625 0.19140625 0.01640625 0.025
0 0.6828125 0.265625 0.0140625 0.02109375
0 0.690625 0.3015625 0.0140625 0.021875
2 0.715625 0.26015625 0.01953125 0.03359375
2 0.74296875 0.23671875 0.02109375 0.03203125
2 0.69296875 0.234375 0.01796875 0.02890625
2 0.66875 0.27890625 0.01796875 0.028125
2 0.65390625 0.30234375 0.015625 0.02578125
2 0.63125 0.3578125 0.01640625 0.03359375
3 0.7046875 0.2984375 0.01328125 0.02421875
2 0.6140625 0.43125 0.01796875 0.03515625
4 0.6140625 0.3796875 0.00859375 0.01328125
4 0.60859375 0.4 0.00703125 0.01328125
4 0.6171875 0.365625 0.00625 0.01015625
4 0.69453125 0.2734375 0.00859375 0.01328125
4 0.703125 0.25703125 0.00703125 0.01171875
4 0.7203125 0.27109375 0.00703125 0.0140625
4 0.72890625 0.2359375 0.00859375 0.0109375
4 0.70390625 0.2265625 0.00859375 0.0140625
4 0.69453125 0.2609375 0.009375 0.01015625
4 0.81015625 0.11796875 0.00859375 0.01328125
4 0.7953125 0.12421875 0.0109375 0.0140625
4 0.7828125 0.14609375 0.00859375 0.0140625
4 0.79453125 0.15390625 0.00859375 0.01484375
4 0.78203125 0.1640625 0.00859375 0.015625
4 0.771875 0.1640625 0.01171875 0.01484375
4 0.7703125 0.14296875 0.009375 0.0109375
4 0.7078125 0.046875 0.00703125 0.0140625