4 0.603125 0.19296875 0.01171875 0.01875
4 0.6375 0.2109375 0.01640625 0.01875
4 0.678125 0.11953125 0.0109375 0.03203125
4 0.6953125 0.12109375 0.00859375 0.01875
4 0.70546875 0.1234375 0.0109375 0.02109375
2 0.61796875 0.01171875 0.0140625 0.0234375
2 0.55546875 0.08125 0.01640625 0.03828125
2 0.53671875 0.00859375 0.0140625 0.0171875
2 0.7765625 0.14609375 0.0140625 0.040625
2 0.8171875 0.01953125 0.01484375 0.0390625
2 0.8375 0.16796875 0.0234375 0.021875
3 0.89609375 0.1609375 0.01640625 0.03046875
3 0.92578125 0.1625 0.021875 0.03359375
3 0.9765625 0.3609375 0.02890625 0.0265625
2 0.98125 0.39140625 0.02890625 0.021875
2 0.98984375 0.41953125 0.0203125 0.0234375
4 0.98984375 0.4328125 0.0203125 0.021875
4 0.91796875 0.4203125 0.02109375 0.015625
4 0.95546875 0.37734375 0.01796875 0.021875
4 0.92109375 0.4359375 0.01875 0.021875
2 0.9109375 0.3609375 0.02578125 0.02109375
2 0.94296875 0.36640625 0.02890625 0.021875
1 0.94296875 0.3953125 0.0609375 0.03515625
1 0.8796875 0.39609375 0.06953125 0.03203125
2 0.8734375 0.42421875 0.03125 0.0234375
2 0.88125 0.3703125 0.028125 0.02578125
2 0.85078125 0.35859375 0.02890625 0.02890625
6 0.815625 0.3640625 0.02890625 0.0265625
1 0.80390625 0.38984375 0.07578125 0.03203125
4 0.7859375 0.42578125 0.01484375 0.01953125
0 0.78046875 0.3671875 0.021875 0.021875
2 0.75390625 0.36171875 0.02890625 0.02421875
2 0.73203125 0.425 0.025 0.02421875
6 0.740625 0.384375 0.0390625 0.03203125
4 0.7265625 0.36796875 0.015625 0.01796875
2 0.71171875 0.35859375 0.03203125 0.02578125
4 0.7078125 0.3890625 0.0140625 0.01875
4 0.7015625 0.4015625 0.01640625 0.02109375
4 0.69296875 0.36640625 0.01640625 0.02109375
2 0.69375 0.38671875 0.0234375 0.0265625
2 0.67421875 0.36171875 0.02578125 0.021875
2 0.66953125 0.3828125 0.02578125 0.02578125
2 0.64140625 0.37890625 0.02421875 0.02421875
2 0.6484375 0.3578125 0.02890625 0.0296875
4 0.65546875 0.41796875 0.01328125 0.015625
4 0.6640625 0.41875 0.0140625 0.01875
4 0.665625 0.409375 0.01171875 0.0140625
4 0.671875 0.403125 0.01328125 0.01796875
4 0.66328125 0.39609375 0.01484375 0.01875
4 0.65390625 0.3921875 0.01328125 0.01484375
4 0.65 0.403125 0.0140625 0.01484375
4 0.640625 0.3921875 0.01328125 0.01484375
4 0.63203125 0.41484375 0.0140625 0.01484375
4 0.64375 0.41171875 0.01328125 0.01953125
0 0.6359375 0.40546875 0.0203125 0.02421875
0 0.634375 0.42578125 0.021875 0.021875
4 0.62734375 0.35703125 0.01484375 0.01640625
4 0.62890625 0.34609375 0.01484375 0.01328125
4 0.64140625 0.340625 0.01171875 0.01484375
4 0.6578125 0.3453125 0.01171875 0.01328125
4 0.584375 0.5265625 0.01171875 0.02578125
4 0.621875 0.45 0.0140625 0.01796875
4 0.525 0.79140625 0.01015625 0.02578125
2 0.45625 0.97109375 0.0140625 0.04609375
2 0.4421875 0.984375 0.01640625 0.03046875
2 0.45078125 0.90859375 0.01328125 0.04609375
4 0.440625 0.8984375 0.009375 0.028125
2 0.47578125 0.88359375 0.015625 0.04921875
2 0.46328125 0.8765625 0.01796875 0.05078125
2 0.47109375 0.83828125 0.01640625 0.04375
0 0.46328125 0.8265625 0.0140625 0.03203125
2 0.46171875 0.7828125 0.01796875 0.0515625
2 0.44296875 0.7890625 0.01640625 0.05
3 0.45078125 0.79296875 0.0140625 0.03671875
3 0.45546875 0.75390625 0.01328125 0.0359375
2 0.46171875 0.7140625 0.01796875 0.04453125
2 0.46953125 0.73984375 0.01875 0.0390625
2 0.48203125 0.746875 0.01640625 0.04609375
4 0.46953125 0.7890625 0.009375 0.0234375
4 0.47265625 0.771875 0.009375 0.02578125
2 0.4765625 0.703125 0.01484375 0.04140625
2 0.465625 0.66953125 0.0140625 0.0390625
0 0.4765625 0.66953125 0.0140625 0.03359375
2 0.48671875 0.68828125 0.01484375 0.04609375
4 0.49765625 0.66796875 0.01171875 0.0234375
4 0.46875 0.640625 0.01328125 0.0234375
2 0.49453125 0.64140625 0.01640625 0.04921875
2 0.47890625 0.62734375 0.0140625 0.0515625
2 0.50078125 0.56875 0.01875 0.04375
2 0.4828125 0.58359375 0.01875 0.05390625
2 0.47109375 0.58046875 0.0140625 0.053125
2 0.50546875 0.52109375 0.01640625 0.04296875
2 0.48984375 0.52421875 0.0140625 0.0453125
2 0.48203125 0.496875 0.01328125 0.03671875
2 0.478125 0.53671875 0.0140625 0.04296875
4 0.47421875 0.453125 0.009375 0.0265625
4 0.45078125 0.4625 0.0109375 0.021875
4 0.45078125 0.43671875 0.01015625 0.025
0 0.45859375 0.428125 0.01484375 0.03359375
0 0.4640625 0.446875 0.0109375 0.0359375
4 0.459375 0.4890625 0.00703125 0.01953125
4 0.46796875 0.48359375 0.009375 0.025
4 0.46484375 0.50078125 0.009375 0.0265625
4 0.47578125 0.48671875 0.01015625 0.0296875
4 0.46953125 0.50078125 0.00703125 0.025
4 0.4734375 0.5109375 0.0109375 0.021875
4 0.49921875 0.49453125 0.009375 0.021875
4 0.49921875 0.5109375 0.01015625 0.02421875
4 0.496875 0.528125 0.00703125 0.0265625
4 0.49453125 0.546875 0.01171875 0.0234375
4 0.49453125 0.56484375 0.01015625 0.025
4 0.46796875 0.55546875 0.01171875 0.02109375
4 0.46953125 0.5234375 0.01015625 0.02109375
4 0.47109375 0.5390625 0.01015625 0.02421875
4 0.459375 0.54453125 0.01171875 0.028125
4 0.459375 0.60078125 0.01015625 0.028125
4 0.30078125 0.5921875 0.0140625 0.015625
4 0.2984375 0.59921875 0.01328125 0.01484375
4 0.296875 0.609375 0.0140625 0.015625
4 0.378125 0.44140625 0.01171875 0.0140625
4 0.3296875 0.43046875 0.015625 0.01640625
6 0.34375 0.42109375 0.025 0.02890625
3 0.26875 0.3671875 0.01640625 0.02109375
2 0.06484375 0.3046875 0.025 0.025
2 0.075 0.059375 0.015625 0.04375
0 0.034375 0.03203125 0.015625 0.034375
4 0.021875 0.06796875 0.01328125 0.0234375
4 0.00859375 0.08359375 0.01640625 0.02109375
4 0.190625 0.15625 0.015625 0.021875
4 0.37421875 0.1609375 0.01484375 0.021875
0 0.41171875 0.228125 0.01875 0.02890625
0 0.396875 0.234375 0.0203125 0.02421875
0 0.50078125 0.14921875 0.01796875 0.02890625
4 0.70546875 0.15703125 0.015625 0.0234375
2 0.96328125 0.42421875 0.02890625 0.028125
2 0.0890625 0.58125 0.021875 0.021875
2 0.04453125 0.57578125 0.02421875 0.02109375
2 0.0375 0.60234375 0.0234375 0.02421875
2 0.034375 0.69140625 0.021875 0.021875