2 0.03671875 0.54140625 0.015625 0.040625
2 0.2140625 0.38828125 0.009375 0.03828125
2 0.2234375 0.4859375 0.01015625 0.0453125
2 0.23359375 0.25625 0.0109375 0.04375
2 0.215625 0.3015625 0.009375 0.0265625
2 0.0484375 0.21796875 0.01328125 0.034375
2 0.0546875 0.6359375 0.02578125 0.02109375
2 0.42109375 0.515625 0.01171875 0.034375
2 0.42421875 0.47421875 0.0109375 0.0359375
2 0.45546875 0.275 0.0109375 0.0453125
2 0.221875 0.51796875 0.01328125 0.03828125
2 0.1984375 0.72265625 0.0203125 0.01953125
2 0.44609375 0.609375 0.015625 0.02890625
2 0.421875 0.65546875 0.0140625 0.021875
2 0.45078125 0.65078125 0.01015625 0.03359375
2 0.396875 0.775 0.0140625 0.034375
2 0.4515625 0.78046875 0.01015625 0.03984375
2 0.43984375 0.75078125 0.01484375 0.04609375
4 0.44375 0.89609375 0.00859375 0.025
2 0.45390625 0.7390625 0.01171875 0.0453125
2 0.5234375 0.3484375 0.01328125 0.040625
2 0.5390625 0.36328125 0.01640625 0.03359375
2 0.521875 0.3890625 0.01015625 0.040625
2 0.55234375 0.44296875 0.01796875 0.02890625
2 0.5421875 0.45546875 0.0234375 0.025
2 0.53359375 0.46796875 0.01875 0.028125
2 0.5265625 0.5359375 0.0140625 0.034375
2 0.5140625 0.69921875 0.01171875 0.040625
2 0.67421875 0.5109375 0.0203125 0.0265625
2 0.69140625 0.51953125 0.0203125 0.03125
2 0.68984375 0.54609375 0.0140625 0.040625
2 0.54453125 0.74296875 0.01875 0.0359375
2 0.5328125 0.74375 0.01171875 0.02890625
2 0.54140625 0.76953125 0.01171875 0.03125
2 0.52890625 0.84921875 0.0140625 0.03125
2 0.521875 0.93359375 0.0140625 0.0453125
2 0.828125 0.52109375 0.0203125 0.01875
2 0.896875 0.53125 0.02109375 0.01796875
2 0.81015625 0.221875 0.0140625 0.01875
2 0.871875 0.14375 0.01015625 0.04296875
2 0.86796875 0.21875 0.00859375 0.03359375
2 0.91875 0.33671875 0.0234375 0.021875
2 0.71171875 0.2828125 0.01015625 0.03125
2 0.56640625 0.20390625 0.015625 0.025
2 0.5703125 0.18671875 0.0203125 0.025
2 0.56953125 0.16328125 0.02578125 0.01796875
2 0.56875 0.146875 0.02578125 0.015625
2 0.56796875 0.134375 0.01796875 0.01796875
2 0.56953125 0.115625 0.015625 0.015625
2 0.58125 0.09765625 0.0203125 0.02109375
2 0.58671875 0.0515625 0.01796875 0.02890625
2 0.62109375 0.0109375 0.02109375 0.01875
2 0.62109375 0.03046875 0.02109375 0.01875
2 0.61328125 0.05390625 0.02578125 0.02421875
3 0.58125 0.2625 0.01953125 0.04609375
2 0.4078125 0.16484375 0.01171875 0.0359375
2 0.415625 0.17890625 0.009375 0.040625
2 0.43125 0.17890625 0.01640625 0.02421875
2 0.3640625 0.05859375 0.01015625 0.03359375
2 0.34140625 0.05390625 0.0109375 0.0359375
2 0.34140625 0.1015625 0.0203125 0.015625
2 0.3125 0.10078125 0.01640625 0.01328125
2 0.29609375 0.09140625 0.01796875 0.01875
2 0.43359375 0.41328125 0.015625 0.03359375
3 0.70703125 0.30390625 0.01484375 0.02109375
2 0.228125 0.07109375 0.01953125 0.028125
2 0.19296875 0.05859375 0.01875 0.01875
2 0.21015625 0.06171875 0.02578125 0.02109375
2 0.18828125 0.08984375 0.0203125 0.02890625
2 0.096875 0.03046875 0.0234375 0.01875
2 0.05078125 0.08125 0.0109375 0.0359375
2 0.04765625 0.11953125 0.01015625 0.04609375
0 0.68984375 0.31640625 0.0109375 0.01796875
0 0.646875 0.3109375 0.01796875 0.015625
0 0.55546875 0.128125 0.00703125 0.03046875
0 0.57421875 0.03125 0.00703125 0.021875
0 0.55625 0.04140625 0.01015625 0.025
0 0.725 0.51640625 0.015625 0.01171875
0 0.52109375 0.56484375 0.01171875 0.01953125
0 0.54140625 0.64921875 0.01171875 0.034375
0 0.534375 0.79453125 0.00859375 0.028125
0 0.54140625 0.82109375 0.00546875 0.02890625
0 0.54453125 0.83828125 0.0109375 0.03671875
0 0.54296875 0.859375 0.0140625 0.034375
0 0.54453125 0.88125 0.0109375 0.02890625
0 0.54296875 0.90390625 0.00859375 0.028125
0 0.5390625 0.96015625 0.01015625 0.02890625
0 0.52890625 0.96328125 0.01015625 0.02109375
0 0.5265625 0.98359375 0.01328125 0.01953125
0 0.39453125 0.70625 0.01171875 0.01875
0 0.415625 0.59609375 0.01171875 0.021875
0 0.39765625 0.603125 0.01171875 0.02109375
0 0.396875 0.62578125 0.01015625 0.015625
4 0.3046875 0.6390625 0.01171875 0.01328125
4 0.32578125 0.634375 0.01484375 0.01953125
4 0.35390625 0.603125 0.0109375 0.01875
4 0.38359375 0.6359375 0.0109375 0.0265625
2 0.3796875 0.66796875 0.015625 0.02578125
4 0.50546875 0.92109375 0.01015625 0.021875
4 0.53203125 0.7734375 0.01171875 0.025
4 0.3953125 0.6421875 0.01796875 0.01796875
4 0.66015625 0.4828125 0.0203125 0.01875
2 0.8140625 0.8921875 0.0140625 0.03359375
2 0.84140625 0.909375 0.015625 0.04375
2 0.85390625 0.90703125 0.01171875 0.03984375
2 0.80703125 0.95546875 0.01953125 0.015625
2 0.803125 0.9734375 0.0203125 0.02109375
2 0.7984375 0.990625 0.01875 0.01875
4 0.96484375 0.378125 0.01328125 0.021875
2 0.60625 0.459375 0.028125 0.02421875
4 0.5234375 0.30546875 0.0140625 0.01796875
2 0.83046875 0.271875 0.01171875 0.03828125
4 0.74140625 0.31171875 0.01953125 0.02109375
2 0.58046875 0.328125 0.01796875 0.0265625
4 0.4640625 0.3609375 0.0109375 0.0265625
4 0.45 0.37109375 0.01015625 0.028125
0 0.0171875 0.66953125 0.01875 0.02421875
0 0.21328125 0.68203125 0.0234375 0.03203125
0 0.2859375 0.70390625 0.01171875 0.03515625
4 0.1359375 0.65625 0.01328125 0.01640625
4 0.1359375 0.68359375 0.015625 0.01953125
4 0.2140625 0.646875 0.0140625 0.015625
4 0.23125 0.66953125 0.0140625 0.02109375
4 0.30703125 0.66875 0.0140625 0.01640625
4 0.3484375 0.6890625 0.01171875 0.01015625
4 0.3578125 0.68671875 0.00859375 0.0140625
4 0.36640625 0.68359375 0.009375 0.02421875
4 0.3984375 0.67578125 0.009375 0.01640625
2 0.459375 0.6375 0.0109375 0.03828125
3 0.440625 0.7140625 0.0140625 0.025
0 0.44296875 0.50390625 0.01015625 0.040625
2 0.4609375 0.5109375 0.01484375 0.03828125
4 0.43203125 0.56796875 0.01328125 0.02421875
4 0.42421875 0.6875 0.01015625 0.01875
4 0.4171875 0.69609375 0.01328125 0.02890625
4 0.45546875 0.69921875 0.0046875 0.02421875
4 0.43671875 0.68671875 0.00859375 0.01015625
4 0.43359375 0.6765625 0.009375 0.01484375
4 0.434375 0.6609375 0.01015625 0.01640625
4 0.4359375 0.6390625 0.00859375 0.021875
4 0.4234375 0.6015625 0.01015625 0.01484375
4 0.44609375 0.56640625 0.009375 0.01796875
4 0.459375 0.59453125 0.009375 0.01953125
4 0.5234375 0.625 0.0109375 0.028125
4 0.50625 0.8546875 0.01015625 0.0265625
4 0.515625 0.8703125 0.00859375 0.03046875
4 0.5109375 0.90390625 0.00859375 0.0234375
4 0.45078125 0.8765625 0.00625 0.03125
2 0.51796875 0.42109375 0.01171875 0.03359375
6 0.51953125 0.48515625 0.0140625 0.05546875
4 0.5453125 0.52578125 0.00546875 0.01875
4 0.53203125 0.56484375 0.00859375 0.01640625
4 0.5375 0.54921875 0.00546875 0.01953125
4 0.53828125 0.5234375 0.00703125 0.01796875
4 0.5453125 0.50859375 0.00859375 0.02109375
4 0.5484375 0.48984375 0.00703125 0.01640625
4 0.5515625 0.471875 0.00859375 0.01484375
4 0.5625 0.45859375 0.009375 0.01640625
4 0.5296875 0.5140625 0.009375 0.0140625
4 0.5390625 0.58125 0.009375 0.01171875
4 0.5875 0.48984375 0.01015625 0.02109375
4 0.5828125 0.503125 0.00703125 0.01796875
4 0.5328125 0.3984375 0.009375 0.02421875
4 0.54296875 0.41484375 0.009375 0.01953125
4 0.590625 0.346875 0.0109375 0.01484375
4 0.52421875 0.321875 0.0140625 0.01796875
2 0.3875 0.8421875 0.015625 0.021875
2 0.3890625 0.8609375 0.01796875 0.01796875
2 0.38828125 0.88125 0.01875 0.01796875
2 0.3859375 0.94921875 0.0140625 0.028125
2 0.56875 0.49453125 0.01796875 0.0234375
2 0.52578125 0.09375 0.015625 0.03671875
2 0.52421875 0.24140625 0.01171875 0.0359375
2 0.84609375 0.3359375 0.0203125 0.028125
2 0.86796875 0.18046875 0.0109375 0.03671875
0 0.4515625 0.1921875 0.01171875 0.03203125
4 0.44609375 0.21875 0.00859375 0.02578125
4 0.434375 0.28046875 0.009375 0.01640625
4 0.4671875 0.27421875 0.00703125 0.028125
4 0.71484375 0.4828125 0.0140625 0.01171875
4 0.8734375 0.490625 0.015625 0.01796875
4 0.8921875 0.50234375 0.01640625 0.01640625
4 0.946875 0.5015625 0.0140625 0.01875
4 0.95859375 0.52109375 0.01171875 0.01484375
2 0.53203125 0.434375 0.01484375 0.01953125
2 0.6140625 0.515625 0.01875 0.01328125