0 0.371875 0.27109375 0.01953125 0.03359375
0 0.3984375 0.45 0.01484375 0.03046875
0 0.62421875 0.6578125 0.01875 0.02578125
0 0.5484375 0.67890625 0.01953125 0.028125
3 0.70703125 0.18359375 0.02578125 0.02890625
2 0.4984375 0.56640625 0.02421875 0.0359375
2 0.40078125 0.3140625 0.02890625 0.03828125
2 0.325 0.37734375 0.0140625 0.04453125
0 0.3234375 0.184375 0.02109375 0.0296875
0 0.1421875 0.01640625 0.01875 0.0328125
0 0.3328125 0.6796875 0.0140625 0.03125
0 0.3515625 0.60703125 0.01640625 0.03125
0 0.31328125 0.67421875 0.01640625 0.0359375
2 0.7265625 0.8078125 0.01796875 0.03515625
2 0.6375 0.7609375 0.02578125 0.040625
2 0.8609375 0.98515625 0.028125 0.0296875
2 0.59453125 0.21640625 0.02421875 0.0265625
2 0.3046875 0.11328125 0.02109375 0.0359375
3 0.24453125 0.85859375 0.0203125 0.040625
3 0.25078125 0.80546875 0.01875 0.04453125
6 0.55703125 0.9421875 0.02578125 0.08359375
4 0.53828125 0.62421875 0.01484375 0.01875
4 0.4765625 0.63984375 0.0140625 0.01953125
4 0.5109375 0.659375 0.0140625 0.01953125
4 0.53984375 0.7109375 0.01484375 0.015625
4 0.5984375 0.62265625 0.01328125 0.01640625
4 0.6234375 0.63125 0.0109375 0.01640625
4 0.6421875 0.64609375 0.0140625 0.021875
4 0.5265625 0.5171875 0.01171875 0.015625
4 0.48671875 0.528125 0.0140625 0.015625
4 0.4765625 0.58203125 0.0140625 0.01875
4 0.484375 0.59765625 0.0140625 0.01484375
4 0.45546875 0.59453125 0.01484375 0.01953125
4 0.45390625 0.6484375 0.01171875 0.01796875
4 0.465625 0.540625 0.01171875 0.01640625
4 0.5578125 0.5140625 0.01015625 0.0140625
4 0.55703125 0.43203125 0.0140625 0.01875
4 0.528125 0.3375 0.0140625 0.0203125
4 0.53828125 0.30703125 0.01484375 0.01796875
4 0.54921875 0.27890625 0.01484375 0.01953125
4 0.57109375 0.29609375 0.015625 0.015625
4 0.5640625 0.3125 0.01640625 0.01796875
4 0.55859375 0.3296875 0.01484375 0.01796875
4 0.52890625 0.41796875 0.00859375 0.02578125
4 0.45859375 0.3765625 0.009375 0.01953125
4 0.459375 0.33671875 0.01171875 0.01484375
4 0.46640625 0.315625 0.0140625 0.015625
4 0.503125 0.32265625 0.0140625 0.0140625
4 0.409375 0.35859375 0.0140625 0.01640625
4 0.41953125 0.3984375 0.01015625 0.028125
4 0.43046875 0.34453125 0.01171875 0.01328125
4 0.44609375 0.3984375 0.01328125 0.01953125
4 0.45078125 0.41171875 0.01484375 0.01796875
4 0.4265625 0.4234375 0.01328125 0.01796875
4 0.40859375 0.41875 0.01015625 0.021875
4 0.4109375 0.446875 0.009375 0.01953125
4 0.41328125 0.46640625 0.009375 0.021875
4 0.42265625 0.4859375 0.01171875 0.0234375
4 0.38984375 0.54375 0.0109375 0.025
4 0.38359375 0.5984375 0.01015625 0.021875
4 0.43046875 0.63828125 0.01171875 0.01953125
4 0.371875 0.51640625 0.009375 0.025
4 0.3796875 0.56875 0.01171875 0.028125
4 0.353125 0.43671875 0.01171875 0.02578125
4 0.33515625 0.39296875 0.00859375 0.025
4 0.33984375 0.46875 0.009375 0.0234375
4 0.3359375 0.5265625 0.009375 0.0265625
4 0.33046875 0.58828125 0.01015625 0.02421875
4 0.33203125 0.62578125 0.01171875 0.015625
4 0.31640625 0.72109375 0.0109375 0.02578125
4 0.34375 0.75390625 0.01171875 0.025
4 0.3390625 0.79375 0.01328125 0.02421875
4 0.353125 0.7890625 0.01015625 0.02578125
4 0.2828125 0.8015625 0.009375 0.021875
4 0.31953125 0.84375 0.0109375 0.01953125
4 0.31953125 0.82265625 0.009375 0.02421875
4 0.26796875 0.88984375 0.0109375 0.02578125
4 0.2390625 0.9328125 0.01328125 0.0265625
4 0.31015625 0.94453125 0.01171875 0.02578125
2 0.21015625 0.9390625 0.01640625 0.04296875
2 0.18671875 0.13046875 0.0203125 0.03125
4 0.24296875 0.06953125 0.0140625 0.01796875
4 0.215625 0.0109375 0.01328125 0.02109375
4 0.29609375 0.15625 0.01171875 0.01953125
4 0.34453125 0.21796875 0.01171875 0.02109375
4 0.428125 0.33125 0.0140625 0.0140625
4 0.35390625 0.3484375 0.0140625 0.01796875
4 0.3265625 0.45546875 0.01171875 0.02109375
4 0.31953125 0.41640625 0.0109375 0.0140625
4 0.40390625 0.7015625 0.01171875 0.01328125
4 0.515625 0.55078125 0.01328125 0.01796875
2 0.546875 0.24609375 0.02421875 0.03515625
2 0.5140625 0.27421875 0.025 0.0296875
2 0.65625 0.15078125 0.025 0.028125
2 0.61875 0.1578125 0.01796875 0.04453125
3 0.66796875 0.4359375 0.03046875 0.0296875
3 0.73203125 0.3875 0.02890625 0.03125
3 0.8078125 0.328125 0.025 0.02890625
3 0.72578125 0.67265625 0.0203125 0.03359375
3 0.703125 0.63359375 0.021875 0.040625
3 0.690625 0.60703125 0.02109375 0.03359375
3 0.6828125 0.58671875 0.0234375 0.04375
3 0.61875 0.4890625 0.01796875 0.025
4 0.69296875 0.8359375 0.01484375 0.01875
4 0.6984375 0.86640625 0.0109375 0.021875
4 0.70546875 0.90390625 0.01328125 0.01484375
4 0.72109375 0.93203125 0.01171875 0.01953125
4 0.7546875 0.946875 0.01171875 0.01953125
4 0.7515625 0.81484375 0.01328125 0.01875
4 0.78515625 0.871875 0.009375 0.01640625
4 0.803125 0.89609375 0.01171875 0.01796875
4 0.82421875 0.9234375 0.0140625 0.01875
4 0.8125 0.93125 0.0140625 0.01640625
4 0.84609375 0.94609375 0.01328125 0.015625
4 0.809375 0.97578125 0.0140625 0.01796875
4 0.77578125 0.95546875 0.01015625 0.01640625
4 0.7734375 0.93671875 0.01328125 0.01796875
4 0.76328125 0.9421875 0.0109375 0.0203125
2 0.7234375 0.959375 0.0265625 0.025
2 0.86171875 0.28671875 0.02578125 0.02890625
2 0.84375 0.3859375 0.021875 0.04296875
4 0.83984375 0.09296875 0.0109375 0.0203125
4 0.790625 0.14140625 0.01640625 0.01875
4 0.8859375 0.04609375 0.0140625 0.0203125
4 0.9078125 0.05546875 0.0140625 0.01640625
4 0.984375 0.11796875 0.01796875 0.02109375
4 0.8890625 0.02734375 0.01484375 0.015625
4 0.8890625 0.00625 0.01875 0.0125
4 0.8359375 0.4859375 0.0140625 0.0234375
4 0.84296875 0.45078125 0.01484375 0.0234375
4 0.8203125 0.50625 0.01171875 0.025
4 0.81328125 0.54375 0.0109375 0.021875
4 0.76640625 0.68203125 0.0140625 0.0265625
4 0.753125 0.73828125 0.00859375 0.02890625
2 0.75703125 0.628125 0.0203125 0.040625
3 0.865625 0.33359375 0.02890625 0.05859375
4 0.90703125 0.334375 0.01015625 0.021875
4 0.8859375 0.40859375 0.01015625 0.01640625
4 0.7015625 0.78359375 0.01015625 0.01484375
4 0.6140625 0.72109375 0.01171875 0.01953125
3 0.18671875 0.2109375 0.02421875 0.040625
3 0.2515625 0.23671875 0.021875 0.03359375
3 0.209375 0.25546875 0.0234375 0.03984375
6 0.1890625 0.25703125 0.02890625 0.04921875
2 0.4 0.14375 0.02109375 0.03515625
4 0.39765625 0.47578125 0.01171875 0.01640625
4 0.290625 0.68671875 0.009375 0.021875
4 0.6765625 0.3765625 0.01796875 0.01796875
4 0.61328125 0.29140625 0.01328125 0.0203125
3 0.23046875 0.2890625 0.025 0.04609375
3 0.215625 0.2796875 0.01875 0.0390625
3 0.83515625 0.30703125 0.03125 0.040625
3 0.82265625 0.44765625 0.03046875 0.06171875
3 0.80390625 0.50390625 0.01640625 0.02421875
4 0.365625 0.75625 0.00859375 0.01640625
4 0.36953125 0.7671875 0.009375 0.0140625
4 0.40390625 0.740625 0.0109375 0.009375
4 0.41953125 0.70625 0.0109375 0.01953125
2 0.32734375 0.91953125 0.01796875 0.03828125
4 0.3171875 0.95390625 0.009375 0.01796875
0 0.31796875 0.978125 0.0140625 0.02421875
4 0.21875 0.8546875 0.01328125 0.01171875
4 0.22890625 0.828125 0.01171875 0.0109375
4 0.2359375 0.80078125 0.01015625 0.01015625
4 0.23828125 0.79140625 0.01015625 0.01015625
4 0.24453125 0.76953125 0.0140625 0.0109375
4 0.22421875 0.84296875 0.0140625 0.01328125
3 0.2765625 0.678125 0.015625 0.03125
4 0.30390625 0.61484375 0.00859375 0.021875
4 0.29609375 0.6078125 0.009375 0.01875
4 0.3015625 0.4359375 0.01171875 0.01875
4 0.23203125 0.2453125 0.01171875 0.0140625
4 0.2390625 0.24375 0.00859375 0.01875
4 0.19609375 0.1671875 0.01484375 0.0109375
4 0.19453125 0.15390625 0.01171875 0.01171875
4 0.171875 0.115625 0.009375 0.025
4 0.1390625 0.184375 0.009375 0.01484375
4 0.11171875 0.12421875 0.00703125 0.01953125
4 0.2734375 0.0234375 0.01015625 0.01953125
4 0.2953125 0.0796875 0.009375 0.0203125
4 0.32109375 0.07421875 0.0109375 0.0109375
4 0.33203125 0.06953125 0.009375 0.02109375
4 0.32734375 0.0640625 0.00859375 0.01796875
4 0.340625 0.07421875 0.009375 0.015625
4 0.346875 0.178125 0.00703125 0.01640625
4 0.37109375 0.23046875 0.009375 0.015625
4 0.4109375 0.271875 0.00703125 0.015625
4 0.41484375 0.28046875 0.00859375 0.01875
4 0.42421875 0.29453125 0.0046875 0.028125
4 0.4296875 0.290625 0.00546875 0.0203125
4 0.45703125 0.30703125 0.00703125 0.01484375
4 0.46484375 0.290625 0.00390625 0.0203125
4 0.4703125 0.28203125 0.00703125 0.01953125
4 0.4765625 0.275 0.00546875 0.01875
4 0.396875 0.2390625 0.00625 0.01875
4 0.453125 0.28671875 0.009375 0.01484375
4 0.453125 0.2984375 0.009375 0.0140625
4 0.43671875 0.31015625 0.01484375 0.01015625
4 0.496875 0.27421875 0.00546875 0.01875
4 0.503125 0.259375 0.00546875 0.01484375
4 0.51171875 0.24921875 0.00703125 0.015625
3 0.51875 0.21875 0.021875 0.028125
4 0.58828125 0.196875 0.00703125 0.01640625
4 0.54609375 0.190625 0.00625 0.01640625
4 0.55078125 0.184375 0.00546875 0.01796875
4 0.5609375 0.2015625 0.00625 0.02109375
4 0.5765625 0.19140625 0.00546875 0.015625
4 0.5796875 0.1859375 0.00625 0.01875
4 0.5875 0.1734375 0.0046875 0.0203125
4 0.59296875 0.1765625 0.00703125 0.01875
4 0.59921875 0.17265625 0.00625 0.01796875
4 0.60625 0.13125 0.00703125 0.0203125
4 0.60703125 0.15703125 0.00546875 0.01640625
4 0.628125 0.140625 0.00859375 0.0203125
4 0.63828125 0.13359375 0.00859375 0.01875
4 0.64609375 0.12890625 0.00625 0.01640625
4 0.65234375 0.12421875 0.0046875 0.01953125
4 0.65859375 0.12421875 0.0046875 0.0203125
4 0.66328125 0.12265625 0.0046875 0.01796875
4 0.66640625 0.11875 0.00546875 0.01640625
4 0.67578125 0.1296875 0.00859375 0.01484375
4 0.671875 0.1109375 0.00546875 0.0203125
4 0.678125 0.11171875 0.00546875 0.01640625
4 0.68203125 0.1078125 0.0046875 0.015625
4 0.6859375 0.10546875 0.0046875 0.01796875
4 0.71171875 0.2140625 0.009375 0.01171875
4 0.6453125 0.45859375 0.01015625 0.0140625
3 0.6296875 0.50546875 0.02109375 0.0359375
3 0.628125 0.54375 0.015625 0.02578125
3 0.6640625 0.559375 0.01796875 0.0359375
3 0.66953125 0.5765625 0.01640625 0.025
3 0.71484375 0.6484375 0.021875 0.04609375
4 0.61328125 0.52421875 0.0109375 0.0140625
4 0.76171875 0.0390625 0.0046875 0.021875
4 0.76796875 0.0328125 0.00625 0.01953125
4 0.77421875 0.02734375 0.00625 0.0203125
4 0.8515625 0.20546875 0.01328125 0.0140625
2 0.79609375 0.85703125 0.0234375 0.04140625
4 0.7734375 0.74140625 0.01171875 0.01484375
4 0.77890625 0.7328125 0.01171875 0.01015625
4 0.7828125 0.7234375 0.01171875 0.0140625
4 0.78359375 0.715625 0.01171875 0.01171875
4 0.79375 0.6890625 0.01171875 0.00703125
4 0.80625 0.64609375 0.01015625 0.015625
4 0.78359375 0.5515625 0.01015625 0.01171875
4 0.78828125 0.5421875 0.01171875 0.01171875
4 0.82578125 0.5984375 0.0140625 0.0109375
4 0.815625 0.63203125 0.0109375 0.01328125
4 0.77734375 0.56171875 0.01328125 0.0109375
4 0.771875 0.5765625 0.01328125 0.01328125
4 0.9015625 0.38984375 0.009375 0.02109375
4 0.91328125 0.359375 0.01171875 0.0109375
4 0.91875 0.34296875 0.00859375 0.01875
4 0.8546875 0.09609375 0.0109375 0.015625
3 0.69453125 0.41640625 0.034375 0.040625
6 0.071875 0.03671875 0.03828125 0.06328125
4 0.40078125 0.11015625 0.00859375 0.021875
4 0.38046875 0.11796875 0.00859375 0.01484375
4 0.3765625 0.10234375 0.00859375 0.01484375
4 0.36875 0.1328125 0.00625 0.01953125
4 0.37421875 0.14296875 0.0046875 0.01953125
4 0.3578125 0.0640625 0.009375 0.01953125
4 0.35 0.05390625 0.01015625 0.01953125
4 0.3390625 0.040625 0.00859375 0.021875
4 0.33671875 0.10703125 0.00859375 0.01953125
4 0.34921875 0.10703125 0.00703125 0.021875
4 0.3640625 0.11875 0.00625 0.01484375
4 0.35703125 0.11875 0.00703125 0.0203125
4 0.3609375 0.09921875 0.00703125 0.01640625
4 0.35546875 0.090625 0.00703125 0.01796875
4 0.36875 0.078125 0.009375 0.01953125
4 0.34453125 0.140625 0.00859375 0.01796875
4 0.34140625 0.12421875 0.00625 0.01796875
4 0.334375 0.1296875 0.00703125 0.01953125
4 0.36328125 0.02890625 0.00859375 0.01484375
4 0.378125 0.02890625 0.009375 0.01640625
4 0.36953125 0.03671875 0.00859375 0.01953125