1 0.2234375 0.67890625 0.05859375 0.03203125
1 0.28125 0.66953125 0.05546875 0.03515625
1 0.96953125 0.709375 0.06015625 0.03046875
2 0.0984375 0.8109375 0.021875 0.0203125
2 0.30625 0.8234375 0.025 0.0203125
2 0.52265625 0.8046875 0.02109375 0.01953125
2 0.72734375 0.80546875 0.025 0.021875
2 0.73515625 0.78203125 0.0234375 0.0203125
2 0.79296875 0.80078125 0.01875 0.01796875
2 0.4765625 0.05703125 0.0109375 0.0484375
4 0.19609375 0.80703125 0.01015625 0.01015625
4 0.2140625 0.78828125 0.0140625 0.01015625
4 0.21171875 0.7984375 0.01015625 0.00859375
4 0.21796875 0.81328125 0.0109375 0.009375
4 0.3234375 0.79921875 0.01171875 0.00859375
4 0.36328125 0.77890625 0.0109375 0.009375
4 0.39296875 0.784375 0.0109375 0.00859375
4 0.3921875 0.79453125 0.01015625 0.009375
4 0.40703125 0.796875 0.01015625 0.00859375
4 0.5 0.784375 0.0109375 0.01015625
4 0.54140625 0.78671875 0.009375 0.009375
4 0.521875 0.83359375 0.00859375 0.01328125
4 0.5328125 0.83046875 0.01015625 0.0140625
4 0.5453125 0.68984375 0.00703125 0.01796875
4 0.5921875 0.7859375 0.009375 0.01015625
4 0.615625 0.7546875 0.01015625 0.01171875
4 0.68125 0.78984375 0.0109375 0.0109375
4 0.75390625 0.77109375 0.01015625 0.01015625
4 0.95 0.85703125 0.0140625 0.01171875
4 0.903125 0.85625 0.0109375 0.00859375
4 0.9328125 0.725 0.01015625 0.00859375
4 0.8453125 0.721875 0.0109375 0.00859375
4 0.70859375 0.69296875 0.00859375 0.009375
4 0.7265625 0.68046875 0.01015625 0.01015625
4 0.6390625 0.65703125 0.01015625 0.00859375
4 0.4765625 0.46875 0.00546875 0.01640625
4 0.4890625 0.403125 0.0046875 0.01484375
4 0.47421875 0.39609375 0.00546875 0.01875
4 0.52890625 0.3921875 0.00546875 0.01875
4 0.48125 0.33984375 0.0046875 0.015625
4 0.48671875 0.21796875 0.0046875 0.01640625
4 0.5265625 0.20859375 0.0046875 0.01953125
4 0.11171875 0.975 0.01015625 0.00625
2 0.46796875 0.67578125 0.01015625 0.0234375
0 0.553125 0.84453125 0.01328125 0.01640625
0 0.625 0.853125 0.0140625 0.01484375
0 0.94921875 0.88203125 0.01640625 0.01875
0 0.1453125 0.9765625 0.01484375 0.01953125
3 0.86484375 0.784375 0.03125 0.021875
6 0.91171875 0.8109375 0.04296875 0.03046875