2 0.359375 0.290625 0.015625 0.01171875
2 0.52578125 0.3296875 0.00546875 0.025
2 0.5359375 0.328125 0.00546875 0.02578125
2 0.5765625 0.31875 0.00703125 0.021875
2 0.58515625 0.31875 0.00703125 0.02109375
4 0.58671875 0.284375 0.003125 0.01171875
4 0.56640625 0.28046875 0.003125 0.0109375
4 0.56484375 0.29609375 0.003125 0.0109375
4 0.5609375 0.29609375 0.0015625 0.00859375
4 0.55703125 0.2984375 0.003125 0.009375
4 0.5875 0.3 0.0015625 0.009375
4 0.5984375 0.30703125 0.003125 0.009375
4 0.60234375 0.303125 0.003125 0.00625
4 0.59375 0.2984375 0.0015625 0.00703125
4 0.54375 0.28125 0.0015625 0.009375
4 0.53671875 0.28203125 0.0015625 0.00859375
4 0.45390625 0.2 0.0046875 0.00625
4 0.4515625 0.20859375 0.0046875 0.00703125
4 0.54921875 0.23046875 0.0015625 0.009375
4 0.55234375 0.23046875 0.003125 0.00625
4 0.58359375 0.2421875 0.0015625 0.01171875
4 0.5859375 0.240625 0.0015625 0.0140625
4 0.59296875 0.24375 0.003125 0.01171875
4 0.60078125 0.24296875 0.0015625 0.0109375
4 0.596875 0.24140625 0.0015625 0.0109375
5 0.68046875 0.38515625 0.03984375 0.01640625
5 0.73671875 0.384375 0.04375 0.01484375
1 0.8328125 0.40078125 0.02890625 0.0140625
0 0.8859375 0.38203125 0.00859375 0.00859375
4 0.99375 0.23671875 0.00703125 0.01015625
2 0.0984375 0.5046875 0.01484375 0.0109375
2 0.13046875 0.571875 0.0140625 0.01171875
2 0.1765625 0.48125 0.015625 0.0109375
3 0.2234375 0.50703125 0.0140625 0.0109375
5 0.296875 0.55390625 0.06015625 0.01796875
5 0.165625 0.64375 0.03359375 0.01640625
5 0.2984375 0.63671875 0.03125 0.01015625
3 0.38046875 0.5640625 0.015625 0.01328125
4 0.28671875 0.46015625 0.00703125 0.00625
2 0.409375 0.484375 0.01484375 0.0109375
2 0.42421875 0.53046875 0.01171875 0.01171875
2 0.4796875 0.5265625 0.01328125 0.01171875
6 0.61796875 0.475 0.0265625 0.0140625
6 0.51171875 0.6234375 0.02578125 0.01484375
0 0.58359375 0.61171875 0.0109375 0.00859375
4 0.578125 0.603125 0.00546875 0.00546875
4 0.715625 0.55703125 0.00625 0.00625
4 0.721875 0.6703125 0.003125 0.01484375
2 0.6875 0.52109375 0.01484375 0.0109375
2 0.68515625 0.4921875 0.01171875 0.01171875
2 0.78125 0.5890625 0.0140625 0.01171875
2 0.7390625 0.65546875 0.00625 0.0234375
2 0.6859375 0.63828125 0.00546875 0.025
2 0.69921875 0.64921875 0.00625 0.01953125
3 0.7015625 0.6234375 0.00859375 0.0203125
3 0.7234375 0.52890625 0.01484375 0.01171875
5 0.78125 0.540625 0.04375 0.01875
6 0.82109375 0.4703125 0.02421875 0.01171875
6 0.90703125 0.63984375 0.03828125 0.01875
3 0.86953125 0.590625 0.0203125 0.01484375
3 0.89375 0.475 0.01484375 0.01171875
2 0.88125 0.49140625 0.01484375 0.01171875
0 0.8421875 0.60625 0.00859375 0.00859375
0 0.84375 0.6484375 0.01015625 0.0109375
4 0.93671875 0.584375 0.00546875 0.00703125
4 0.984375 0.58515625 0.00703125 0.00625
2 0.9609375 0.60078125 0.015625 0.01328125
2 0.996875 0.92578125 0.00546875 0.01953125
2 0.98515625 0.87578125 0.00703125 0.0234375
2 0.9765625 0.903125 0.00703125 0.02109375
2 0.96875 0.91015625 0.00859375 0.0265625
2 0.959375 0.81796875 0.0109375 0.0109375
2 0.959375 0.8015625 0.009375 0.0109375
3 0.7359375 0.9 0.00703125 0.03046875
3 0.7765625 0.85703125 0.01953125 0.0140625
2 0.028125 0.82890625 0.009375 0.01796875
5 0.0578125 0.746875 0.01015625 0.04921875
5 0.08671875 0.734375 0.0109375 0.04921875
5 0.14296875 0.678125 0.0359375 0.01953125
5 0.05546875 0.934375 0.0109375 0.040625
2 0.14609375 0.61796875 0.01015625 0.00703125
4 0.02890625 0.625 0.00703125 0.00625
2 0.5953125 0.6265625 0.0109375 0.00859375
2 0.69765625 0.671875 0.00546875 0.02421875
3 0.77578125 0.6703125 0.015625 0.0140625