2 0.03984375 0.54140625 0.0109375 0.0453125
2 0.215625 0.38515625 0.01015625 0.0359375
2 0.22578125 0.48125 0.01328125 0.04140625
2 0.22421875 0.51953125 0.009375 0.03359375
2 0.18515625 0.66171875 0.02421875 0.0203125
2 0.05703125 0.63515625 0.02421875 0.0140625
2 0.403125 0.62734375 0.02421875 0.01953125
2 0.45 0.63046875 0.01640625 0.0265625
2 0.453125 0.76796875 0.009375 0.0296875
2 0.39921875 0.77265625 0.01171875 0.03359375
2 0.39296875 0.84609375 0.009375 0.021875
2 0.39453125 0.8640625 0.0140625 0.01640625
2 0.39375 0.8859375 0.01640625 0.0234375
2 0.42265625 0.5125 0.01171875 0.03125
2 0.42421875 0.46953125 0.00703125 0.03203125
2 0.37109375 0.634375 0.0203125 0.01796875
2 0.19921875 0.72109375 0.015625 0.02109375
2 0.434375 0.409375 0.00859375 0.0265625
3 0.46796875 0.67421875 0.01015625 0.04609375
0 0.11953125 0.68828125 0.01640625 0.0203125
0 0.19765625 0.6453125 0.01484375 0.0140625
0 0.04375 0.703125 0.01953125 0.0140625
0 0.35234375 0.675 0.01484375 0.021875
0 0.396875 0.70546875 0.01328125 0.01796875
0 0.4265625 0.67421875 0.01171875 0.01796875
0 0.43046875 0.653125 0.01484375 0.01640625
0 0.45703125 0.3765625 0.01015625 0.021875
3 0.4109375 0.67578125 0.0140625 0.01875
4 0.01640625 0.6625 0.01171875 0.0140625
4 0.03046875 0.65859375 0.01484375 0.01484375
4 0.03203125 0.6859375 0.0109375 0.01328125
4 0.0234375 0.69375 0.0109375 0.01015625
4 0.0140625 0.69921875 0.0109375 0.01328125
4 0.08046875 0.684375 0.0140625 0.01796875
4 0.1484375 0.69140625 0.0140625 0.01484375
4 0.115625 0.6546875 0.01640625 0.01875
4 0.16171875 0.6875 0.01015625 0.0109375
4 0.134375 0.69921875 0.01640625 0.0109375
4 0.1078125 0.709375 0.01171875 0.01328125
4 0.30703125 0.6359375 0.01015625 0.0140625
4 0.36953125 0.66796875 0.01171875 0.015625
4 0.36796875 0.684375 0.00546875 0.0109375
4 0.38203125 0.6765625 0.009375 0.0109375
4 0.384375 0.6671875 0.0140625 0.015625
4 0.40078125 0.66875 0.009375 0.0140625
4 0.41171875 0.66015625 0.009375 0.01640625
4 0.4515625 0.7140625 0.0109375 0.02421875
4 0.4453125 0.6734375 0.00625 0.01953125
4 0.4578125 0.66875 0.00625 0.01875
4 0.446875 0.878125 0.0109375 0.0234375
4 0.44296875 0.69921875 0.00625 0.021875
4 0.44296875 0.55859375 0.00703125 0.021875
4 0.44296875 0.5140625 0.00625 0.01796875
4 0.4578125 0.45078125 0.01015625 0.02421875
4 0.45078125 0.39921875 0.00703125 0.0203125
3 0.46171875 0.52421875 0.01171875 0.0296875
4 0.46015625 0.58203125 0.01015625 0.0140625
4 0.46015625 0.60390625 0.0109375 0.021875
4 0.465625 0.6265625 0.00625 0.01796875
4 0.46015625 0.6421875 0.00703125 0.01640625
4 0.453125 0.66171875 0.009375 0.01875
4 0.41875 0.60703125 0.00859375 0.01796875
4 0.43828125 0.60078125 0.00859375 0.01953125
4 0.35625 0.60234375 0.01015625 0.015625
2 0.096875 0.03125 0.01875 0.01640625
2 0.19609375 0.059375 0.0203125 0.0140625
2 0.2140625 0.0625 0.01796875 0.01171875
2 0.23203125 0.06953125 0.01875 0.015625
2 0.190625 0.0859375 0.021875 0.01875
0 0.24375 0.015625 0.0109375 0.021875
0 0.3296875 0.02890625 0.01171875 0.02578125
2 0.296875 0.09140625 0.01953125 0.015625
2 0.31171875 0.09609375 0.015625 0.01796875
2 0.34296875 0.10390625 0.01875 0.0203125
2 0.34140625 0.0515625 0.01015625 0.03671875
2 0.3640625 0.05546875 0.00859375 0.04609375
2 0.41015625 0.16328125 0.00859375 0.03359375
2 0.4171875 0.18125 0.01484375 0.0359375
2 0.46875 0.21796875 0.0109375 0.04375
2 0.465625 0.15390625 0.009375 0.03671875
2 0.43125 0.1765625 0.0140625 0.021875
2 0.446875 0.234375 0.009375 0.03125
0 0.3703125 0.09609375 0.01640625 0.02421875
0 0.45703125 0.25546875 0.009375 0.0234375
0 0.4515625 0.33828125 0.00859375 0.02578125
4 0.4640625 0.0421875 0.01015625 0.02109375
4 0.46640625 0.290625 0.00859375 0.025
4 0.43671875 0.2796875 0.00859375 0.025
4 0.46171875 0.2234375 0.00859375 0.02578125
2 0.234375 0.25078125 0.01171875 0.03359375
2 0.2171875 0.303125 0.0109375 0.03828125
2 0.04921875 0.21484375 0.01328125 0.0359375
4 0.034375 0.259375 0.01015625 0.01875
4 0.03125 0.278125 0.009375 0.01875
4 0.0296875 0.3203125 0.009375 0.02421875
4 0.05 0.25390625 0.0109375 0.0234375
2 0.04921875 0.07890625 0.0109375 0.0484375
2 0.046875 0.12109375 0.00703125 0.04296875
2 0.534375 0.04375 0.009375 0.03046875
2 0.61875 0.00859375 0.01796875 0.015625
2 0.621875 0.025 0.01796875 0.015625
2 0.615625 0.0484375 0.0203125 0.01796875
2 0.5859375 0.05234375 0.02578125 0.015625
2 0.58203125 0.1 0.01796875 0.01484375
2 0.57109375 0.1140625 0.0203125 0.01953125
2 0.56640625 0.12890625 0.0203125 0.01796875
2 0.56953125 0.146875 0.02109375 0.01875
2 0.571875 0.1640625 0.02109375 0.02109375
2 0.57109375 0.184375 0.01875 0.021875
2 0.56875 0.203125 0.01875 0.0234375
3 0.58359375 0.26171875 0.01640625 0.04453125
3 0.52421875 0.17734375 0.0109375 0.04609375
0 0.5359375 0.3265625 0.01171875 0.0296875
0 0.559375 0.32265625 0.01640625 0.025
0 0.6515625 0.31171875 0.01484375 0.021875
0 0.69296875 0.315625 0.015625 0.015625
0 0.8640625 0.2921875 0.009375 0.02890625
0 0.9140625 0.3484375 0.01640625 0.01953125
0 0.959375 0.3578125 0.01875 0.0203125
0 0.5765625 0.02578125 0.009375 0.025
0 0.55625 0.03984375 0.00703125 0.02890625
0 0.59609375 0.37734375 0.0140625 0.0140625
2 0.53359375 0.43125 0.01953125 0.028125
2 0.59609375 0.34765625 0.021875 0.02890625
2 0.7140625 0.28125 0.0140625 0.03515625
2 0.77109375 0.26171875 0.01484375 0.04296875
2 0.79296875 0.18515625 0.0109375 0.03828125
2 0.81171875 0.21796875 0.01171875 0.02421875
2 0.87109375 0.1390625 0.01171875 0.0359375
2 0.871875 0.18046875 0.015625 0.0296875
2 0.86953125 0.215625 0.0140625 0.04140625
2 0.921875 0.3328125 0.01875 0.021875
4 0.5453125 0.29140625 0.01015625 0.015625
4 0.7484375 0.34921875 0.015625 0.01796875
4 0.76953125 0.35546875 0.0140625 0.0140625
4 0.76953125 0.31796875 0.0109375 0.01796875
4 0.85078125 0.3484375 0.00859375 0.0140625
4 0.86953125 0.35625 0.00859375 0.015625
4 0.91171875 0.36484375 0.01640625 0.01640625
4 0.5265625 0.39609375 0.00703125 0.01875
4 0.534375 0.41171875 0.01171875 0.0109375
4 0.64921875 0.48359375 0.01328125 0.01171875
4 0.65078125 0.49609375 0.01171875 0.01171875
4 0.66953125 0.47890625 0.015625 0.015625
4 0.71640625 0.47578125 0.01484375 0.0140625
4 0.80859375 0.46953125 0.01328125 0.015625
4 0.81484375 0.4828125 0.01640625 0.01640625
4 0.86015625 0.4890625 0.01484375 0.01484375
4 0.8890625 0.48984375 0.01328125 0.01875
4 0.90234375 0.47890625 0.01796875 0.01953125
4 0.94453125 0.49765625 0.015625 0.01328125
4 0.92109375 0.503125 0.01796875 0.015625
2 0.834375 0.52109375 0.021875 0.0234375
2 0.89921875 0.53125 0.02109375 0.0203125
2 0.6453125 0.5125 0.02421875 0.02578125
2 0.69296875 0.54375 0.01328125 0.03984375
2 0.69140625 0.51640625 0.0234375 0.028125
2 0.55703125 0.503125 0.02421875 0.01796875
2 0.53671875 0.53359375 0.0140625 0.03046875
0 0.54453125 0.57265625 0.00625 0.025
2 0.61640625 0.51796875 0.01796875 0.01484375
4 0.62109375 0.48125 0.0109375 0.02421875
4 0.57421875 0.50390625 0.01171875 0.01640625
4 0.5234375 0.4984375 0.01015625 0.01484375
4 0.52578125 0.396875 0.0046875 0.0234375
4 0.53359375 0.58203125 0.00859375 0.01875
4 0.52890625 0.603125 0.00859375 0.0203125
4 0.671875 0.534375 0.009375 0.01796875
2 0.81640625 0.88828125 0.01015625 0.03515625
2 0.84375 0.90390625 0.009375 0.0390625
2 0.81015625 0.953125 0.028125 0.021875
2 0.85390625 0.90859375 0.01171875 0.034375
2 0.80703125 0.97109375 0.02109375 0.0140625
2 0.80390625 0.98984375 0.01328125 0.01796875
2 0.54453125 0.7375 0.01484375 0.034375
2 0.53359375 0.7375 0.01015625 0.0359375
2 0.54609375 0.76875 0.01484375 0.0234375
2 0.53125 0.8484375 0.009375 0.0296875
2 0.5671875 0.9734375 0.01796875 0.01875
2 0.56796875 0.98671875 0.01796875 0.01484375
0 0.5359375 0.79609375 0.009375 0.028125
0 0.5421875 0.815625 0.01015625 0.02890625
0 0.54453125 0.8390625 0.00859375 0.02109375
0 0.54453125 0.85703125 0.01484375 0.0203125
0 0.5453125 0.884375 0.00703125 0.01640625
0 0.54453125 0.90625 0.00859375 0.01953125
0 0.5265625 0.88828125 0.01328125 0.0234375
0 0.53125 0.96015625 0.00859375 0.01796875
0 0.54140625 0.959375 0.00859375 0.0265625
4 0.51953125 0.890625 0.00859375 0.01953125
0 0.53046875 0.97890625 0.01171875 0.02890625
0 0.52421875 0.79453125 0.009375 0.028125
4 0.521875 0.71796875 0.00859375 0.01875
4 0.51484375 0.67421875 0.00703125 0.03125