2 0.990625 0.5046875 0.01875 0.03203125
2 0.97734375 0.425 0.0265625 0.02421875
2 0.984375 0.340625 0.02421875 0.0296875
2 0.91796875 0.428125 0.0296875 0.03125
2 0.85625 0.409375 0.02890625 0.02109375
2 0.8203125 0.4359375 0.02578125 0.02421875
2 0.7796875 0.259375 0.03203125 0.03125
2 0.77109375 0.17421875 0.02578125 0.02890625
2 0.7078125 0.44296875 0.02890625 0.028125
2 0.64921875 0.421875 0.021875 0.02421875
2 0.640625 0.44921875 0.0296875 0.02421875
2 0.5359375 0.43984375 0.02578125 0.021875
2 0.49921875 0.36796875 0.0265625 0.02578125
2 0.1484375 0.5140625 0.02578125 0.02578125
2 0.14921875 0.578125 0.028125 0.02578125
2 0.10390625 0.590625 0.028125 0.01796875
2 0.10546875 0.53984375 0.025 0.028125
2 0.071875 0.51171875 0.0296875 0.025
2 0.078125 0.54140625 0.0265625 0.021875
2 0.04609375 0.5203125 0.02421875 0.0234375
2 0.04453125 0.546875 0.02890625 0.02421875
2 0.04609375 0.56875 0.0234375 0.02109375
2 0.15546875 0.25703125 0.02421875 0.04921875
2 0.00859375 0.3078125 0.0171875 0.053125
2 0.0125 0.1609375 0.025 0.0546875
2 0.01953125 0.0390625 0.0203125 0.05390625
0 0.03046875 0.278125 0.01953125 0.03671875
0 0.1953125 0.371875 0.021875 0.02421875
0 0.1015625 0.51328125 0.02109375 0.02421875
0 0.078125 0.559375 0.01796875 0.0203125
0 0.796875 0.415625 0.021875 0.02890625
4 0.97421875 0.36953125 0.01640625 0.015625
4 0.978125 0.4015625 0.01796875 0.0203125
4 0.87265625 0.38828125 0.01484375 0.01796875
4 0.87890625 0.41796875 0.0140625 0.01875
4 0.77578125 0.53203125 0.01640625 0.015625
4 0.72109375 0.4140625 0.01640625 0.02421875
4 0.671875 0.390625 0.01484375 0.01953125
4 0.65546875 0.37109375 0.01015625 0.02421875
4 0.63359375 0.39453125 0.01640625 0.01171875
4 0.49921875 0.53671875 0.01328125 0.01875
4 0.3734375 0.5734375 0.01484375 0.01953125
4 0.30625 0.54609375 0.01640625 0.01953125
4 0.2609375 0.3640625 0.0140625 0.01484375
4 0.18828125 0.5359375 0.01796875 0.01875
4 0.13828125 0.41953125 0.0140625 0.01484375
4 0.08359375 0.57421875 0.01484375 0.01171875
4 0.065625 0.57890625 0.01328125 0.0109375
4 0.06328125 0.55859375 0.01015625 0.0140625
4 0.03828125 0.503125 0.0140625 0.01015625
4 0.05390625 0.58515625 0.0109375 0.0140625
4 0.040625 0.58359375 0.009375 0.015625
4 0.05625 0.00859375 0.00703125 0.01640625
4 0.00546875 0.0625 0.00703125 0.02578125
4 0.0109375 0.27109375 0.00703125 0.021875
6 0.0703125 0.32109375 0.03125 0.0734375
6 0.5265625 0.571875 0.053125 0.03203125
3 0.04140625 0.434375 0.03046875 0.03515625