4 0.12734375 0.5078125 0.01484375 0.028125
4 0.16875 0.49296875 0.01640625 0.0296875
2 0.31640625 0.54765625 0.0203125 0.02578125
2 0.29921875 0.59375 0.02109375 0.01875
2 0.2046875 0.5734375 0.02109375 0.025
2 0.36953125 0.55390625 0.01875 0.0203125
0 0.47734375 0.5046875 0.0140625 0.021875
4 0.396875 0.56796875 0.01328125 0.021875
2 0.48671875 0.57421875 0.02109375 0.0234375
2 0.52890625 0.55078125 0.01796875 0.025
2 0.5671875 0.54609375 0.0234375 0.0203125
2 0.578125 0.51015625 0.0265625 0.0265625
2 0.6640625 0.54453125 0.02109375 0.021875
2 0.67421875 0.5640625 0.0234375 0.01875
2 0.67578125 0.58671875 0.01953125 0.0265625
2 0.71796875 0.49140625 0.02578125 0.0265625
0 0.75703125 0.48671875 0.02421875 0.01953125
2 0.73671875 0.54296875 0.03203125 0.0265625
2 0.79453125 0.4765625 0.02421875 0.025
2 0.809375 0.515625 0.025 0.0109375
2 0.8109375 0.55703125 0.03046875 0.03125
2 0.79140625 0.58359375 0.01796875 0.015625
2 0.884375 0.490625 0.02421875 0.01328125
2 0.87578125 0.53828125 0.01875 0.021875
2 0.8453125 0.56171875 0.0234375 0.0203125
2 0.878125 0.55546875 0.021875 0.0203125
2 0.9109375 0.51640625 0.01640625 0.025
2 0.90390625 0.484375 0.01875 0.03125
2 0.9234375 0.490625 0.02421875 0.02109375
2 0.928125 0.5109375 0.0203125 0.01796875
2 0.93515625 0.55234375 0.02578125 0.01953125
2 0.9109375 0.565625 0.02890625 0.0265625
2 0.94453125 0.53984375 0.02578125 0.01796875
2 0.96484375 0.56328125 0.0234375 0.0203125
2 0.98046875 0.53828125 0.0265625 0.025
2 0.94609375 0.49296875 0.021875 0.01640625
2 0.9515625 0.5140625 0.021875 0.01953125
2 0.93984375 0.47421875 0.01953125 0.0140625
0 0.93828125 0.4609375 0.01796875 0.01640625
5 0.85078125 0.4859375 0.02109375 0.025
4 0.82890625 0.47109375 0.0203125 0.009375
4 0.84140625 0.5140625 0.01640625 0.01484375
4 0.9578125 0.46640625 0.01015625 0.01328125
2 0.721875 0.5875 0.03125 0.0203125
4 0.603125 0.56328125 0.01484375 0.015625
4 0.63359375 0.58203125 0.015625 0.01875
4 0.65078125 0.59765625 0.0109375 0.009375
4 0.59296875 0.5734375 0.01484375 0.021875
4 0.61171875 0.49453125 0.015625 0.02421875
2 0.58671875 0.6015625 0.01796875 0.0296875
2 0.56640625 0.6 0.02421875 0.02578125
2 0.50078125 0.80078125 0.01171875 0.03046875
2 0.49921875 0.83828125 0.01015625 0.03671875
4 0.5109375 0.8484375 0.009375 0.01953125
2 0.5 0.93359375 0.015625 0.03359375
2 0.5 0.97734375 0.01484375 0.0453125
4 0.57578125 0.6578125 0.00703125 0.015625
4 0.58203125 0.66171875 0.00703125 0.01171875
4 0.60078125 0.65 0.00390625 0.0140625
4 0.621875 0.678125 0.003125 0.0140625
4 0.61796875 0.675 0.0046875 0.01171875
4 0.6140625 0.68046875 0.0046875 0.01484375
4 0.60546875 0.678125 0.00390625 0.01953125
4 0.60234375 0.6796875 0.00390625 0.021875
4 0.590625 0.6796875 0.0046875 0.02421875
4 0.58671875 0.67890625 0.0015625 0.01484375
4 0.5828125 0.678125 0.003125 0.0140625
4 0.58046875 0.67890625 0.0015625 0.01875
4 0.57421875 0.6765625 0.00546875 0.0140625
4 0.79921875 0.67578125 0.0046875 0.01796875
4 0.76328125 0.6796875 0.00703125 0.01640625
4 0.74921875 0.68046875 0.0109375 0.0203125
4 0.7265625 0.6765625 0.0109375 0.0140625
4 0.8546875 0.67578125 0.00546875 0.01875
4 0.84921875 0.6734375 0.00546875 0.015625