4 0.040625 0.928125 0.01796875 0.0296875
4 0.08125 0.8359375 0.01328125 0.01875
4 0.10859375 0.86953125 0.01328125 0.02578125
4 0.13203125 0.865625 0.01484375 0.01484375
4 0.15625 0.8625 0.01640625 0.02421875
4 0.2203125 0.88515625 0.015625 0.02578125
4 0.27890625 0.89140625 0.01640625 0.02578125
4 0.36171875 0.89921875 0.01640625 0.0234375
4 0.353125 0.83828125 0.01640625 0.02421875
4 0.47109375 0.90546875 0.01484375 0.021875
0 0.04375 0.6921875 0.01875 0.021875
0 0.421875 0.7921875 0.021875 0.02421875
2 0.53984375 0.79453125 0.02890625 0.03046875
3 0.13046875 0.6953125 0.03515625 0.02890625
6 0.44453125 0.8640625 0.0453125 0.03359375
3 0.409375 0.8390625 0.02109375 0.01953125
4 0.465625 0.51640625 0.00625 0.01640625
4 0.46875 0.47265625 0.00703125 0.01875
4 0.48203125 0.4359375 0.00859375 0.021875
4 0.528125 0.453125 0.00703125 0.0203125
4 0.52578125 0.35390625 0.00625 0.021875
4 0.4609375 0.171875 0.00703125 0.01875
4 0.4703125 0.1625 0.00703125 0.0203125
2 0.5109375 0.11640625 0.01328125 0.05078125
4 0.92109375 0.80703125 0.01328125 0.015625
4 0.96796875 0.81953125 0.01171875 0.01484375
4 0.95546875 0.8578125 0.01328125 0.01484375
4 0.65859375 0.765625 0.01484375 0.0140625