1 0.796875 0.509375 0.04609375 0.01875
1 0.796875 0.53125 0.05 0.02421875
1 0.88515625 0.50078125 0.05078125 0.0234375
2 0.83125 0.521875 0.01796875 0.01484375
2 0.83203125 0.49921875 0.01640625 0.01328125
2 0.84921875 0.5046875 0.01796875 0.01640625
2 0.8515625 0.5234375 0.0203125 0.0140625
2 0.8734375 0.54609375 0.0203125 0.0140625
2 0.94609375 0.49921875 0.01875 0.01640625
2 0.9296875 0.51640625 0.0203125 0.01484375
2 0.92578125 0.534375 0.01953125 0.01640625
2 0.978125 0.5171875 0.0203125 0.0140625
2 0.91875 0.48828125 0.02109375 0.01484375
2 0.80546875 0.55390625 0.01640625 0.01484375
2 0.7484375 0.509375 0.01875 0.0140625
2 0.759375 0.5265625 0.01640625 0.01796875
2 0.759375 0.56875 0.0203125 0.01484375
2 0.709375 0.53828125 0.01796875 0.01484375
2 0.72421875 0.51484375 0.01796875 0.01484375
2 0.740625 0.53984375 0.01796875 0.01328125
2 0.740625 0.55078125 0.01796875 0.01171875
2 0.70234375 0.58046875 0.01796875 0.01640625
2 0.70703125 0.55390625 0.01640625 0.01328125
2 0.68125 0.5296875 0.01640625 0.01484375
4 0.67421875 0.55859375 0.009375 0.00703125
4 0.67578125 0.54921875 0.01015625 0.00625
4 0.67890625 0.54296875 0.01171875 0.00546875
4 0.68828125 0.546875 0.00859375 0.00703125
4 0.68671875 0.53984375 0.00859375 0.00546875
4 0.68515625 0.55390625 0.00859375 0.00703125
4 0.68671875 0.5609375 0.00859375 0.00703125
4 0.6796875 0.57265625 0.00859375 0.00703125
4 0.67890625 0.565625 0.01015625 0.00703125
4 0.6890625 0.56875 0.00859375 0.009375
4 0.6984375 0.56796875 0.00859375 0.00703125
4 0.71015625 0.56328125 0.009375 0.00703125
4 0.7265625 0.5515625 0.0109375 0.009375
4 0.728125 0.565625 0.0109375 0.00625
0 0.72421875 0.575 0.0140625 0.01171875
0 0.759375 0.55390625 0.01171875 0.01171875
4 0.76640625 0.54453125 0.009375 0.009375
4 0.75546875 0.54140625 0.00859375 0.00859375
4 0.82421875 0.54140625 0.009375 0.00859375
4 0.83125 0.5546875 0.0109375 0.009375
4 0.8484375 0.55078125 0.0109375 0.00859375
4 0.89296875 0.52890625 0.0109375 0.009375
4 0.903125 0.51953125 0.0109375 0.01015625
4 0.9015625 0.5328125 0.009375 0.009375
4 0.91015625 0.53046875 0.009375 0.00859375
4 0.89140625 0.53984375 0.0109375 0.00859375
4 0.878125 0.534375 0.0109375 0.00703125
4 0.87265625 0.521875 0.0109375 0.009375
4 0.86796875 0.53359375 0.01015625 0.00859375
4 0.94296875 0.534375 0.01171875 0.00703125
4 0.9484375 0.5234375 0.01015625 0.00703125
4 0.990625 0.49609375 0.01171875 0.01171875
0 0.96328125 0.53125 0.01484375 0.01328125
0 0.84453125 0.5359375 0.0140625 0.01171875
0 0.6640625 0.4359375 0.01171875 0.015625
0 0.6078125 0.44921875 0.01015625 0.0234375
2 0.6265625 0.47421875 0.0140625 0.028125
2 0.61640625 0.81875 0.009375 0.03359375
4 0.628125 0.790625 0.00703125 0.01796875
4 0.5921875 0.53828125 0.00703125 0.01875
4 0.58984375 0.5703125 0.01015625 0.01171875
4 0.6578125 0.57890625 0.01171875 0.00859375
4 0.67421875 0.58203125 0.00859375 0.009375
4 0.61640625 0.39140625 0.0109375 0.01015625
4 0.54375 0.39140625 0.01171875 0.01328125
0 0.56796875 0.378125 0.0109375 0.01328125
2 0.87890625 0.3828125 0.01640625 0.01640625
4 0.9015625 0.38046875 0.0109375 0.0109375
4 0.85625 0.39140625 0.009375 0.00703125
4 0.85703125 0.40390625 0.01328125 0.009375
4 0.7515625 0.4015625 0.009375 0.009375
4 0.7125 0.3828125 0.01171875 0.00859375
4 0.22578125 0.44140625 0.01015625 0.009375
4 0.303125 0.4046875 0.0109375 0.01015625
4 0.32265625 0.40390625 0.01015625 0.00859375
0 0.33125 0.41875 0.01484375 0.01171875
0 0.26015625 0.421875 0.0140625 0.01328125
0 0.3109375 0.4203125 0.01171875 0.0140625
3 0.28828125 0.4265625 0.01640625 0.015625
2 0.284375 0.4578125 0.01875 0.015625
2 0.3109375 0.44375 0.01875 0.01796875
2 0.32890625 0.45 0.01875 0.01484375
2 0.34921875 0.44140625 0.01875 0.01328125
2 0.4 0.43671875 0.01953125 0.01484375
2 0.4078125 0.4609375 0.01796875 0.01328125
2 0.44921875 0.4609375 0.015625 0.0140625
2 0.4328125 0.45703125 0.01640625 0.0140625
2 0.44921875 0.4421875 0.0140625 0.0140625
2 0.46953125 0.45703125 0.01875 0.01171875
2 0.48984375 0.45078125 0.01875 0.015625
2 0.4734375 0.43046875 0.015625 0.015625
2 0.47578125 0.415625 0.015625 0.01484375
2 0.459375 0.4109375 0.01640625 0.0140625
2 0.4328125 0.40390625 0.01875 0.0140625
2 0.41640625 0.42109375 0.01640625 0.01171875
2 0.40078125 0.4109375 0.01953125 0.01875
2 0.38046875 0.42265625 0.0203125 0.0140625
0 0.4140625 0.446875 0.0140625 0.01171875
0 0.434375 0.44375 0.01484375 0.01171875
0 0.4625 0.44140625 0.0109375 0.01328125
0 0.49140625 0.4390625 0.01328125 0.01015625
0 0.45625 0.43046875 0.01484375 0.0109375
0 0.1515625 0.43671875 0.01640625 0.015625
0 0.1234375 0.45546875 0.01640625 0.01484375
0 0.1546875 0.40234375 0.0140625 0.01328125
2 0.37109375 0.44296875 0.01796875 0.01640625
2 0.365625 0.45703125 0.01875 0.01484375
2 0.38671875 0.4609375 0.01953125 0.01796875
2 0.38125 0.56328125 0.01640625 0.01640625
4 0.17578125 0.39453125 0.01015625 0.009375
4 0.19921875 0.44140625 0.01015625 0.009375
2 0.19765625 0.303125 0.01015625 0.03125
2 0.03671875 0.58359375 0.01953125 0.01953125
2 0.78203125 0.340625 0.00859375 0.03125
2 0.8296875 0.34765625 0.01953125 0.01796875