1 0.57578125 0.72578125 0.04921875 0.08203125
2 0.915625 0.84140625 0.021875 0.03828125
2 0.9296875 0.87109375 0.025 0.04921875
2 0.9390625 0.88828125 0.021875 0.04375
2 0.984375 0.9515625 0.0234375 0.040625
2 0.85703125 0.78125 0.02578125 0.046875
2 0.8609375 0.75703125 0.02421875 0.034375
2 0.87109375 0.72421875 0.021875 0.03359375
2 0.88125 0.71640625 0.0234375 0.04921875
2 0.82578125 0.7140625 0.02421875 0.02890625
2 0.80859375 0.73671875 0.02578125 0.04375
2 0.740625 0.8796875 0.03046875 0.0359375
2 0.81328125 0.92265625 0.02578125 0.04140625
2 0.8015625 0.67890625 0.0234375 0.0359375
2 0.659375 0.4859375 0.0234375 0.0515625
2 0.7609375 0.31875 0.02578125 0.04296875
2 0.8203125 0.18203125 0.0203125 0.053125
2 0.6015625 0.20390625 0.015625 0.0484375
2 0.621875 0.20234375 0.0140625 0.04609375
2 0.61953125 0.07578125 0.01484375 0.053125
2 0.4 0.0703125 0.0265625 0.03984375
2 0.365625 0.09921875 0.02109375 0.046875
2 0.34921875 0.09375 0.02421875 0.040625
2 0.3765625 0.21796875 0.025 0.03203125
2 0.43203125 0.25703125 0.021875 0.0453125
2 0.4671875 0.30859375 0.03203125 0.03125
2 0.4984375 0.26328125 0.02890625 0.0296875
2 0.49921875 0.29609375 0.03046875 0.0296875
2 0.59453125 0.39453125 0.0203125 0.04140625
2 0.621875 0.37890625 0.01796875 0.04375
2 0.60390625 0.33671875 0.01484375 0.04609375
2 0.43046875 0.309375 0.02109375 0.04453125
2 0.2015625 0.1625 0.025 0.040625
2 0.2640625 0.52578125 0.02109375 0.05390625
2 0.34609375 0.534375 0.01875 0.0484375
2 0.384375 0.578125 0.015625 0.03984375
2 0.38515625 0.41796875 0.01640625 0.04453125
2 0.3734375 0.615625 0.021875 0.05
2 0.30703125 0.94140625 0.025 0.04453125
2 0.34453125 0.88046875 0.025 0.04140625
2 0.4046875 0.8109375 0.0265625 0.03671875
2 0.971875 0.9328125 0.03203125 0.0484375
2 0.72421875 0.55859375 0.02109375 0.0359375
2 0.609375 0.56171875 0.0140625 0.04453125
2 0.321875 0.078125 0.01796875 0.05
2 0.334375 0.08515625 0.0234375 0.04375
0 0.22109375 0.67421875 0.01640625 0.03359375
0 0.1890625 0.95546875 0.01796875 0.03046875
0 0.328125 0.34921875 0.01875 0.0140625
0 0.22890625 0.22265625 0.01640625 0.03125
0 0.4359375 0.0609375 0.01015625 0.03359375
0 0.471875 0.0171875 0.01875 0.0265625
0 0.634375 0.28359375 0.015625 0.02890625
0 0.61953125 0.31328125 0.01328125 0.03359375
0 0.64609375 0.4109375 0.01015625 0.03125
0 0.734375 0.6078125 0.0234375 0.0359375
0 0.83359375 0.82421875 0.01796875 0.028125
0 0.771875 0.8875 0.02578125 0.03671875
0 0.675 0.809375 0.021875 0.0234375
0 0.7765625 0.66953125 0.0140625 0.03046875
0 0.46484375 0.74375 0.0203125 0.0234375
0 0.54609375 0.703125 0.01953125 0.02578125
0 0.53828125 0.81640625 0.0234375 0.028125
2 0.390625 0.8640625 0.02421875 0.03359375
3 0.50078125 0.7453125 0.02578125 0.03515625
3 0.96640625 0.98515625 0.021875 0.02890625
3 0.54453125 0.33046875 0.0265625 0.03671875
3 0.6078125 0.02890625 0.01796875 0.05546875
4 0.15390625 0.940625 0.01015625 0.02421875
4 0.23203125 0.80078125 0.01328125 0.0234375
4 0.22109375 0.74296875 0.00703125 0.01953125
4 0.23828125 0.7515625 0.00859375 0.01484375
4 0.28671875 0.690625 0.01015625 0.02421875
4 0.26796875 0.66875 0.009375 0.02109375
4 0.265625 0.6390625 0.009375 0.01875
4 0.25859375 0.62734375 0.01015625 0.02109375
4 0.30078125 0.609375 0.00859375 0.025
4 0.32109375 0.57734375 0.00859375 0.02578125
4 0.3296875 0.58671875 0.0109375 0.02578125
4 0.3484375 0.609375 0.009375 0.0234375
4 0.35078125 0.5875 0.01015625 0.01953125
4 0.37109375 0.5 0.00703125 0.0234375
4 0.37890625 0.49375 0.00703125 0.021875
4 0.37421875 0.45859375 0.0140625 0.0203125
4 0.390625 0.6125 0.009375 0.021875
4 0.40078125 0.6390625 0.01171875 0.0234375
4 0.44140625 0.69375 0.01484375 0.01796875
4 0.52578125 0.7359375 0.015625 0.0203125
4 0.321875 0.87578125 0.0140625 0.0203125
4 0.29140625 0.9859375 0.00703125 0.0203125
4 0.32578125 0.9546875 0.01328125 0.01953125
4 0.33125 0.93515625 0.0140625 0.02109375
4 0.35546875 0.90078125 0.0109375 0.0234375
4 0.82109375 0.97578125 0.01328125 0.01875
4 0.86171875 0.89140625 0.0109375 0.01796875
4 0.89375 0.83828125 0.009375 0.021875
4 0.8265625 0.77265625 0.01171875 0.015625
4 0.82421875 0.75078125 0.009375 0.01796875
4 0.84375 0.75078125 0.01015625 0.0203125
4 0.83671875 0.740625 0.009375 0.01953125
4 0.67890625 0.53359375 0.01171875 0.02109375
4 0.64609375 0.53125 0.00859375 0.025
4 0.59140625 0.64453125 0.01015625 0.02109375
4 0.56484375 0.67265625 0.01171875 0.015625
4 0.60625 0.50625 0.00703125 0.02109375
4 0.61796875 0.5125 0.00859375 0.01953125
4 0.64296875 0.49765625 0.00859375 0.02421875
4 0.621875 0.44140625 0.009375 0.02578125
4 0.634375 0.4484375 0.00859375 0.01875
4 0.61484375 0.46796875 0.00859375 0.02578125
4 0.60546875 0.471875 0.00859375 0.0234375
4 0.57421875 0.35703125 0.00859375 0.021875
4 0.571875 0.36953125 0.0109375 0.01875
4 0.603125 0.3734375 0.009375 0.02421875
4 0.6296875 0.36875 0.00703125 0.02109375
4 0.63828125 0.38359375 0.00859375 0.02890625
4 0.634375 0.39921875 0.0109375 0.028125
4 0.53359375 0.30078125 0.01328125 0.015625
4 0.49296875 0.01796875 0.00859375 0.01484375
4 0.5078125 0.03671875 0.00625 0.02421875
4 0.49453125 0.04375 0.00859375 0.02109375
4 0.440625 0.1890625 0.0109375 0.021875
4 0.4734375 0.12890625 0.01171875 0.01796875
4 0.40703125 0.22890625 0.01171875 0.015625
4 0.41171875 0.24921875 0.0140625 0.0109375
4 0.396875 0.19453125 0.009375 0.0140625
4 0.36796875 0.1890625 0.009375 0.01796875
4 0.35859375 0.16171875 0.01484375 0.01484375
4 0.32421875 0.2109375 0.01171875 0.01796875
4 0.3140625 0.1484375 0.0140625 0.01640625
4 0.28125 0.1140625 0.01171875 0.015625
4 0.23828125 0.1984375 0.01015625 0.01796875
4 0.259375 0.2328125 0.01171875 0.0234375
4 0.41875 0.3609375 0.01171875 0.02109375
4 0.40078125 0.35546875 0.00859375 0.02109375
4 0.4046875 0.3859375 0.00859375 0.025
4 0.18671875 0.0703125 0.015625 0.0203125
4 0.67421875 0.58203125 0.01171875 0.01796875
4 0.7046875 0.15078125 0.00859375 0.01015625
4 0.7015625 0.17578125 0.0109375 0.01328125
4 0.70078125 0.1921875 0.01171875 0.0109375
4 0.70078125 0.20546875 0.0109375 0.0109375
4 0.69921875 0.2234375 0.01015625 0.01171875
4 0.69609375 0.2546875 0.01015625 0.01171875
4 0.67578125 0.25078125 0.01171875 0.01328125
4 0.678125 0.26171875 0.01171875 0.0109375
4 0.675 0.271875 0.0109375 0.00859375
4 0.69453125 0.271875 0.0109375 0.00859375
4 0.69296875 0.28046875 0.01171875 0.009375