2 0.72109375 0.85703125 0.025 0.0203125
0 0.78203125 0.98359375 0.0140625 0.02890625
0 0.59453125 0.7890625 0.01171875 0.021875
4 0.75390625 0.9140625 0.00703125 0.01328125
4 0.68359375 0.7734375 0.00546875 0.01484375
2 0.70546875 0.69609375 0.01484375 0.03203125
2 0.69375 0.6625 0.01640625 0.03359375
4 0.671875 0.6265625 0.00625 0.01328125
0 0.565625 0.65 0.01015625 0.02109375
2 0.55390625 0.67421875 0.01796875 0.03828125
4 0.5359375 0.66796875 0.00625 0.01328125
4 0.54140625 0.66484375 0.00546875 0.01328125
4 0.54453125 0.64609375 0.00625 0.01171875
4 0.55390625 0.6421875 0.00546875 0.01328125
4 0.57578125 0.66796875 0.00625 0.0140625
2 0.61875 0.94140625 0.01953125 0.02578125
2 0.19375 0.68203125 0.02421875 0.0359375
2 0.16796875 0.73046875 0.01796875 0.0359375
0 0.2265625 0.690625 0.0140625 0.021875
2 0.18203125 0.78828125 0.01796875 0.0296875
2 0.1265625 0.98203125 0.02109375 0.03203125
2 0.15546875 0.9265625 0.0203125 0.034375
2 0.165625 0.94609375 0.0203125 0.03203125
2 0.19921875 0.853125 0.01640625 0.03125
2 0.19921875 0.89375 0.02109375 0.03515625
4 0.13515625 0.95625 0.01015625 0.01640625
4 0.21875 0.96328125 0.00703125 0.01328125
2 0.23359375 0.51640625 0.015625 0.0359375
0 0.33515625 0.521875 0.01171875 0.01953125
4 0.3265625 0.53515625 0.00625 0.01640625
2 0.234375 0.80546875 0.01953125 0.03125
2 0.2609375 0.75625 0.0203125 0.034375
2 0.2765625 0.771875 0.01640625 0.03359375
2 0.30234375 0.68828125 0.02109375 0.03359375
2 0.33046875 0.696875 0.0203125 0.034375
2 0.33515625 0.634375 0.01953125 0.034375
3 0.353125 0.6515625 0.01640625 0.03203125
2 0.35859375 0.60546875 0.0203125 0.03515625
2 0.384375 0.596875 0.01640625 0.02578125
4 0.3671875 0.57578125 0.009375 0.0109375
6 0.234375 0.84296875 0.03203125 0.0546875
4 0.2796875 0.71875 0.00859375 0.01328125
4 0.29609375 0.740625 0.00625 0.015625
4 0.309375 0.7125 0.00859375 0.01015625
4 0.33515625 0.66171875 0.00703125 0.01171875
4 0.33359375 0.6734375 0.009375 0.01171875
4 0.390625 0.6453125 0.00859375 0.0109375
4 0.4015625 0.6609375 0.00703125 0.01171875
4 0.39453125 0.60078125 0.00859375 0.0109375
2 0.38671875 0.55 0.01640625 0.02890625
2 0.40703125 0.49296875 0.0109375 0.03515625
4 0.434375 0.59609375 0.00859375 0.01015625
4 0.44453125 0.5765625 0.009375 0.01015625
4 0.45625 0.590625 0.009375 0.01015625
4 0.4859375 0.56953125 0.00859375 0.0109375
4 0.49375 0.58671875 0.009375 0.01015625
4 0.50546875 0.55390625 0.009375 0.01015625
4 0.51015625 0.53515625 0.00859375 0.00859375
4 0.553125 0.54296875 0.00703125 0.009375
4 0.55859375 0.5609375 0.00859375 0.00859375
4 0.55859375 0.5234375 0.00859375 0.01015625
4 0.565625 0.53828125 0.00859375 0.0109375
4 0.5765625 0.54296875 0.01015625 0.01171875
4 0.57265625 0.4984375 0.00703125 0.01328125
4 0.5828125 0.50859375 0.00859375 0.01015625
4 0.52890625 0.48203125 0.00859375 0.0109375
0 0.5375 0.521875 0.01328125 0.01953125
4 0.49609375 0.46953125 0.00859375 0.01328125
4 0.50703125 0.46171875 0.01015625 0.0109375
0 0.47421875 0.440625 0.0140625 0.01796875
4 0.43984375 0.4078125 0.00703125 0.0140625
4 0.4296875 0.3765625 0.00859375 0.01171875
4 0.44296875 0.36171875 0.009375 0.01328125
4 0.4546875 0.41875 0.00625 0.0109375
4 0.459375 0.41015625 0.00390625 0.01171875
4 0.46796875 0.40546875 0.009375 0.0140625
4 0.4796875 0.40625 0.009375 0.01171875
4 0.48984375 0.40390625 0.009375 0.0109375
2 0.534375 0.4421875 0.0203125 0.0234375
2 0.57109375 0.45390625 0.0203125 0.01953125
4 0.5609375 0.43671875 0.00859375 0.00859375
4 0.55078125 0.4734375 0.009375 0.00859375
4 0.5546875 0.48203125 0.01015625 0.00859375
4 0.578125 0.46953125 0.00859375 0.009375
4 0.58828125 0.471875 0.00859375 0.009375
4 0.59921875 0.49140625 0.00859375 0.00859375
4 0.596875 0.47109375 0.009375 0.009375
4 0.603125 0.45703125 0.00703125 0.0109375
4 0.609375 0.4625 0.00546875 0.01328125
4 0.609375 0.44609375 0.00703125 0.0109375
4 0.615625 0.44609375 0.00703125 0.01015625
4 0.625 0.4609375 0.009375 0.0109375
4 0.63828125 0.44921875 0.00859375 0.0109375
4 0.63203125 0.50234375 0.00546875 0.01484375
4 0.6390625 0.4984375 0.00390625 0.01484375
4 0.61328125 0.4015625 0.00546875 0.01171875
4 0.61953125 0.3984375 0.00703125 0.009375
4 0.6296875 0.390625 0.00703125 0.01171875
4 0.63125 0.40703125 0.00625 0.01171875
4 0.62734375 0.4234375 0.00625 0.0109375
4 0.63828125 0.40625 0.00546875 0.01171875
3 0.61171875 0.4234375 0.02109375 0.02890625
0 0.58984375 0.428125 0.01171875 0.01484375
4 0.6234375 0.5234375 0.00859375 0.009375
4 0.621875 0.54375 0.00703125 0.009375
3 0.5984375 0.53359375 0.01796875 0.015625
2 0.61640625 0.3765625 0.01640625 0.03203125
2 0.6359375 0.3640625 0.01640625 0.03125
2 0.63359375 0.33671875 0.01796875 0.03203125
4 0.6421875 0.37734375 0.00703125 0.01171875
3 0.609375 0.30546875 0.0203125 0.034375
2 0.65078125 0.2984375 0.01640625 0.0296875
2 0.65234375 0.33125 0.01796875 0.02890625
1 0.6953125 0.29609375 0.05 0.084375
4 0.6703125 0.2484375 0.00625 0.0109375
4 0.67578125 0.23359375 0.00859375 0.009375
4 0.646875 0.203125 0.00859375 0.01171875
4 0.67109375 0.178125 0.00859375 0.01171875
4 0.6703125 0.19140625 0.00703125 0.009375
4 0.69375 0.20546875 0.00859375 0.01171875
4 0.6890625 0.21953125 0.00703125 0.01328125
4 0.73984375 0.19921875 0.00703125 0.01171875
4 0.74296875 0.18203125 0.00859375 0.01328125
4 0.746875 0.1984375 0.00703125 0.0109375
4 0.74921875 0.21171875 0.00859375 0.0140625
4 0.76953125 0.209375 0.00859375 0.0140625
4 0.75546875 0.19140625 0.00703125 0.0109375
0 0.75390625 0.17578125 0.01171875 0.01875
0 0.75078125 0.1515625 0.01328125 0.01953125
0 0.76328125 0.153125 0.01328125 0.021875
0 0.78125 0.15546875 0.01171875 0.0234375
0 0.78671875 0.1328125 0.01484375 0.021875
3 0.75078125 0.1328125 0.01484375 0.021875
4 0.76171875 0.128125 0.00859375 0.0109375
4 0.76171875 0.13828125 0.01015625 0.0109375
2 0.765625 0.19453125 0.01640625 0.0359375
2 0.73046875 0.16328125 0.01796875 0.02890625
2 0.68671875 0.18125 0.0203125 0.03203125
2 0.71328125 0.19296875 0.01640625 0.0265625
2 0.70078125 0.2234375 0.01640625 0.02578125
2 0.7359375 0.21953125 0.01953125 0.03203125
3 0.73671875 0.24453125 0.01328125 0.0234375
0 0.715625 0.24453125 0.01171875 0.0203125
0 0.6171875 0.20546875 0.0140625 0.0140625
2 0.54296875 0.20703125 0.0203125 0.02109375
2 0.49921875 0.190625 0.01875 0.02578125
0 0.6640625 0.08671875 0.0109375 0.02421875
0 0.678125 0.07421875 0.01171875 0.01953125
0 0.76484375 0.02578125 0.0109375 0.021875
2 0.70859375 0.01015625 0.0203125 0.0203125
2 0.7234375 0.02265625 0.01875 0.0296875
4 0.690625 0.1296875 0.00859375 0.01015625
4 0.69140625 0.1421875 0.00703125 0.01328125
4 0.7265625 0.09375 0.00859375 0.01328125
4 0.73515625 0.059375 0.00703125 0.00703125
4 0.74296875 0.0375 0.00859375 0.01484375
4 0.70390625 0.02421875 0.00546875 0.00625
4 0.70390625 0.04453125 0.00703125 0.0109375
4 0.71171875 0.0390625 0.00546875 0.009375
2 0.77109375 0.0484375 0.0203125 0.03515625
2 0.7671875 0.10390625 0.0203125 0.03125
2 0.79140625 0.109375 0.01796875 0.0265625
0 0.79296875 0.084375 0.0140625 0.02109375
6 0.809375 0.12890625 0.0296875 0.0515625
2 0.80546875 0.0546875 0.0203125 0.03515625
2 0.82734375 0.02421875 0.01796875 0.03359375
0 0.840625 0.06875 0.01484375 0.02578125
4 0.85078125 0.07109375 0.00625 0.01953125
4 0.396875 0.43046875 0.00625 0.015625
2 0.396875 0.37265625 0.01484375 0.0359375
2 0.36796875 0.271875 0.01640625 0.040625
4 0.353125 0.01015625 0.009375 0.015625
4 0.340625 0.0484375 0.00703125 0.015625
4 0.35078125 0.06796875 0.00703125 0.01796875
4 0.35625 0.08671875 0.00625 0.01484375
4 0.42578125 0.1140625 0.00859375 0.01015625
2 0.28828125 0.05234375 0.01640625 0.03203125
2 0.2984375 0.01328125 0.01875 0.0265625
2 0.31484375 0.01171875 0.01640625 0.0234375
2 0.3140625 0.04765625 0.02109375 0.0390625
2 0.33359375 0.0921875 0.015625 0.03203125
2 0.34453125 0.078125 0.01640625 0.03359375
2 0.3703125 0.10390625 0.01875 0.0359375
2 0.36953125 0.13203125 0.01953125 0.03671875
2 0.38828125 0.1375 0.01640625 0.03203125
2 0.3484375 0.121875 0.01953125 0.03515625
2 0.371875 0.165625 0.01796875 0.034375
2 0.3890625 0.1765625 0.01953125 0.03671875
2 0.4078125 0.17734375 0.01796875 0.03203125
2 0.39140625 0.209375 0.01640625 0.03203125
6 0.42578125 0.215625 0.02890625 0.05859375
4 0.40703125 0.19921875 0.00859375 0.015625
4 0.40703125 0.22109375 0.00703125 0.015625
4 0.44453125 0.246875 0.00625 0.01875
0 0.44609375 0.26640625 0.0109375 0.02421875
0 0.45703125 0.2390625 0.01171875 0.021875
2 0.428125 0.28671875 0.01953125 0.040625