2 0.62890625 0.41171875 0.01875 0.01875
2 0.60703125 0.3796875 0.01640625 0.01953125
2 0.61484375 0.8015625 0.00859375 0.03046875
2 0.56171875 0.75078125 0.00859375 0.0296875
2 0.571875 0.7234375 0.00859375 0.02890625
2 0.58125 0.725 0.00859375 0.0296875
2 0.57890625 0.76015625 0.0109375 0.0296875
2 0.58203125 0.690625 0.00859375 0.02578125
2 0.57421875 0.68828125 0.009375 0.03046875
2 0.5734375 0.653125 0.01015625 0.03203125
2 0.565625 0.68359375 0.01015625 0.02421875
2 0.5328125 0.54609375 0.01484375 0.0296875
2 0.68046875 0.53203125 0.01640625 0.015625
2 0.4734375 0.4140625 0.02109375 0.01796875
2 0.2875 0.4171875 0.01953125 0.01796875
2 0.325 0.45078125 0.02109375 0.01875
2 0.19765625 0.296875 0.01015625 0.03203125
2 0.25703125 0.76953125 0.01640625 0.01796875
2 0.221875 0.7703125 0.015625 0.015625
2 0.22109375 0.79140625 0.0203125 0.01640625
2 0.19609375 0.9 0.01171875 0.03203125
2 0.98125 0.38125 0.01875 0.01875
2 0.8296875 0.3515625 0.015625 0.0140625
2 0.78203125 0.34296875 0.009375 0.028125
2 0.58828125 0.253125 0.00859375 0.03515625
2 0.66328125 0.24453125 0.009375 0.02890625
2 0.65390625 0.24609375 0.00703125 0.03359375
2 0.45078125 0.10859375 0.01640625 0.01640625
2 0.31796875 0.06875 0.00859375 0.02890625
4 0.07109375 0.41640625 0.01015625 0.0109375
4 0.41796875 0.57265625 0.009375 0.0109375
4 0.421875 0.4125 0.009375 0.01171875
4 0.384375 0.409375 0.01015625 0.00859375
4 0.32734375 0.40625 0.01015625 0.00859375
4 0.6984375 0.40546875 0.009375 0.01015625
4 0.7421875 0.5421875 0.009375 0.00859375
4 0.76171875 0.5578125 0.00859375 0.009375
4 0.7765625 0.53046875 0.01171875 0.01015625
4 0.69296875 0.54140625 0.01015625 0.01015625
4 0.67890625 0.54453125 0.00859375 0.00703125
4 0.64921875 0.55859375 0.009375 0.01015625
4 0.55390625 0.86328125 0.00546875 0.01484375
4 0.55546875 0.97578125 0.00546875 0.01640625
4 0.5640625 0.71171875 0.00546875 0.0140625
0 0.56640625 0.7765625 0.00859375 0.021875
0 0.56640625 0.37734375 0.01171875 0.0140625
4 0.55390625 0.61796875 0.00859375 0.01640625
4 0.5640625 0.6296875 0.0046875 0.015625
4 0.55703125 0.65078125 0.00390625 0.01796875
4 0.63046875 0.671875 0.00703125 0.01640625
0 0.615625 0.89140625 0.00859375 0.021875
0 0.26484375 0.57890625 0.01171875 0.01328125
4 0.2296875 0.3 0.00625 0.01484375