4 0.5 0.046875 0.00859375 0.01875
4 0.5515625 0.08203125 0.00546875 0.01796875
4 0.55625 0.12890625 0.00625 0.0203125
0 0.48125 0.13671875 0.01015625 0.02109375
2 0.540625 0.09296875 0.01015625 0.0390625
2 0.5 0.31640625 0.01171875 0.034375
4 0.5453125 0.30390625 0.00703125 0.01875
4 0.5640625 0.31953125 0.00703125 0.01796875
4 0.56328125 0.340625 0.00703125 0.01953125
4 0.50703125 0.34296875 0.00703125 0.01796875
4 0.50390625 0.43359375 0.00703125 0.01875
4 0.546875 0.46875 0.00859375 0.01796875
4 0.540625 0.62734375 0.00546875 0.01796875
4 0.43828125 0.96953125 0.0109375 0.0140625
2 0.51875 0.55078125 0.01171875 0.0359375
2 0.515625 0.62109375 0.01171875 0.0359375
2 0.6484375 0.4640625 0.021875 0.01875
2 0.64765625 0.51796875 0.01953125 0.01640625
2 0.64921875 0.5359375 0.01796875 0.01484375
0 0.63828125 0.565625 0.00859375 0.0203125
0 0.4859375 0.75703125 0.009375 0.025
0 0.49609375 0.7921875 0.009375 0.02421875
0 0.44296875 0.9375 0.01484375 0.01484375
2 0.4140625 0.921875 0.0265625 0.02421875
2 0.39453125 0.94296875 0.0203125 0.0203125
2 0.51640625 0.89375 0.01328125 0.04453125
3 0.49453125 0.940625 0.02109375 0.053125
4 0.4734375 0.9515625 0.009375 0.01484375
4 0.184375 0.828125 0.01171875 0.015625
0 0.16328125 0.7765625 0.0140625 0.01875
2 0.21171875 0.93203125 0.0203125 0.0265625
2 0.29296875 0.978125 0.01796875 0.01875
2 0.071875 0.909375 0.0140625 0.04140625
0 0.0359375 0.984375 0.01171875 0.02421875
0 0.09296875 0.8640625 0.0140625 0.015625
2 0.15390625 0.896875 0.01328125 0.0234375
4 0.12265625 0.8515625 0.009375 0.009375
0 0.11953125 0.8640625 0.01484375 0.015625
2 0.1359375 0.88828125 0.0203125 0.02109375
0 0.33203125 0.88671875 0.01875 0.01796875
4 0.0515625 0.9078125 0.009375 0.01796875
3 0.8921875 0.4109375 0.0296875 0.04140625
4 0.440625 0.13828125 0.009375 0.00703125
4 0.440625 0.14609375 0.0109375 0.00703125
4 0.44140625 0.178125 0.01015625 0.00703125
4 0.44140625 0.19375 0.00859375 0.00625
4 0.44140625 0.18515625 0.009375 0.00625
2 0.79140625 0.965625 0.0203125 0.025