4 0.0046875 0.4453125 0.009375 0.00859375
4 0.01875 0.42890625 0.0140625 0.009375
4 0.07890625 0.43125 0.01328125 0.009375
4 0.10625 0.42734375 0.01171875 0.009375
3 0.090625 0.4515625 0.0296875 0.01640625
4 0.1765625 0.4125 0.01171875 0.01015625
2 0.1828125 0.45859375 0.01875 0.015625
2 0.2015625 0.43671875 0.021875 0.01953125
2 0.24296875 0.4359375 0.0203125 0.01640625
2 0.246875 0.459375 0.0265625 0.01953125
2 0.31875 0.42890625 0.0203125 0.01640625
4 0.37890625 0.4140625 0.0109375 0.01015625
4 0.3234375 0.4640625 0.0109375 0.009375
2 0.3859375 0.43359375 0.01953125 0.01796875
4 0.3953125 0.46171875 0.01171875 0.01015625
2 0.4640625 0.453125 0.0203125 0.01796875
2 0.49765625 0.428125 0.02421875 0.02109375
4 0.534375 0.40625 0.0109375 0.0109375
0 0.6015625 0.4125 0.015625 0.01328125
2 0.6140625 0.44453125 0.021875 0.01640625
2 0.628125 0.42265625 0.021875 0.01953125
2 0.67109375 0.440625 0.021875 0.01796875
2 0.671875 0.41640625 0.021875 0.01640625
0 0.65546875 0.39609375 0.0140625 0.01484375
2 0.71015625 0.43671875 0.0203125 0.01640625
4 0.7015625 0.41875 0.01171875 0.009375
4 0.70859375 0.40078125 0.0109375 0.0109375
3 0.73046875 0.42109375 0.01640625 0.01640625
4 0.82265625 0.39140625 0.01015625 0.009375
0 0.8265625 0.40703125 0.01953125 0.01640625
2 0.85625 0.425 0.02578125 0.01953125
4 0.9140625 0.3890625 0.01171875 0.00859375
2 0.946875 0.42578125 0.02421875 0.01875
4 0.97109375 0.39609375 0.01171875 0.009375
4 0.9859375 0.390625 0.0140625 0.01171875
4 0.98828125 0.37890625 0.01171875 0.009375
2 0.72734375 0.34296875 0.0203125 0.01875
2 0.72890625 0.30546875 0.01171875 0.03828125
2 0.0765625 0.56875 0.02109375 0.01953125
2 0.5078125 0.79140625 0.009375 0.03359375
2 0.490625 0.97421875 0.0109375 0.034375
3 0.81640625 0.609375 0.01171875 0.01953125
2 0.9671875 0.63828125 0.0140625 0.03671875
2 0.88671875 0.834375 0.01328125 0.03046875
2 0.90546875 0.828125 0.01171875 0.034375
3 0.9234375 0.82578125 0.01484375 0.04375
2 0.9359375 0.8359375 0.01015625 0.03203125
2 0.946875 0.8375 0.0109375 0.03203125
2 0.61640625 0.05859375 0.0265625 0.02421875