0 0.0125 0.94375 0.0203125 0.02890625
4 0.0765625 0.70078125 0.01953125 0.0203125
4 0.12890625 0.8265625 0.021875 0.01171875
4 0.12578125 0.84609375 0.01796875 0.01328125
4 0.1890625 0.85546875 0.0140625 0.0140625
4 0.28828125 0.67421875 0.01484375 0.0203125
4 0.31796875 0.571875 0.01640625 0.01484375
5 0.12109375 0.553125 0.0765625 0.03828125
5 0.1984375 0.5484375 0.07421875 0.0390625
2 0.2953125 0.7296875 0.03125 0.03515625
2 0.37578125 0.73984375 0.03515625 0.03359375
4 0.36796875 0.9015625 0.01875 0.0234375
4 0.44375 0.7765625 0.01328125 0.0234375
4 0.4375 0.59296875 0.0140625 0.01640625
4 0.48671875 0.58984375 0.01171875 0.03671875
4 0.5046875 0.590625 0.0109375 0.03125
3 0.5234375 0.78828125 0.0234375 0.04375
4 0.5578125 0.78125 0.01875 0.028125
4 0.51015625 0.93125 0.01953125 0.01875
4 0.63203125 0.809375 0.01640625 0.01953125
2 0.6515625 0.85625 0.03515625 0.03046875
4 0.659375 0.8109375 0.01640625 0.02109375
2 0.6640625 0.7140625 0.03046875 0.04296875
0 0.63203125 0.590625 0.02109375 0.028125
4 0.46328125 0.48671875 0.01015625 0.02890625
4 0.90546875 0.74296875 0.015625 0.01875
4 0.8734375 0.62734375 0.01796875 0.0234375
2 0.8546875 0.71953125 0.03671875 0.028125