2 0.33984375 0.2921875 0.015625 0.01328125
2 0.390625 0.221875 0.0140625 0.0140625
2 0.40078125 0.25703125 0.01015625 0.01875
2 0.50546875 0.33125 0.00546875 0.02890625
2 0.515625 0.3296875 0.00546875 0.0265625
2 0.55625 0.31953125 0.00703125 0.025
2 0.565625 0.32109375 0.00703125 0.021875
4 0.58203125 0.30390625 0.003125 0.01171875
4 0.578125 0.30859375 0.0015625 0.01171875
4 0.5765625 0.29921875 0.003125 0.0046875
4 0.5734375 0.29921875 0.003125 0.009375
4 0.5703125 0.29453125 0.0015625 0.009375
4 0.5671875 0.29921875 0.003125 0.0140625
4 0.5671875 0.28515625 0.003125 0.01171875
4 0.58046875 0.24453125 0.003125 0.0109375
4 0.57890625 0.234375 0.003125 0.00703125
4 0.5765625 0.24375 0.003125 0.0109375
4 0.5734375 0.23359375 0.0015625 0.0109375
4 0.57265625 0.2453125 0.003125 0.01015625
4 0.565625 0.24296875 0.003125 0.0140625
4 0.56328125 0.24296875 0.003125 0.0140625
4 0.54453125 0.23125 0.003125 0.0140625
4 0.53984375 0.23125 0.003125 0.01015625
4 0.53125 0.23046875 0.003125 0.009375
4 0.52890625 0.2296875 0.003125 0.009375
4 0.52421875 0.23125 0.003125 0.01015625
4 0.5296875 0.28203125 0.003125 0.01171875
4 0.5265625 0.28125 0.0015625 0.0140625
4 0.5234375 0.28125 0.003125 0.01484375
4 0.51640625 0.28125 0.00390625 0.0140625
4 0.5359375 0.2984375 0.003125 0.01171875
4 0.54609375 0.28203125 0.003125 0.01328125
4 0.540625 0.2953125 0.003125 0.0140625
4 0.54453125 0.2953125 0.003125 0.0140625
5 0.659375 0.38515625 0.0390625 0.01875
5 0.715625 0.384375 0.04296875 0.01875
5 0.78203125 0.4140625 0.03515625 0.01640625
3 0.71953125 0.40546875 0.01484375 0.01328125
4 0.8609375 0.4125 0.00546875 0.00625
4 0.8390625 0.05546875 0.003125 0.0140625
4 0.965625 0.240625 0.00546875 0.01171875
3 0.990625 0.29375 0.00859375 0.02578125
2 0.03125 0.58046875 0.01328125 0.0109375
2 0.0734375 0.546875 0.01875 0.0140625
2 0.26796875 0.47265625 0.0140625 0.01328125
2 0.396875 0.465625 0.01171875 0.01171875
4 0.3859375 0.56640625 0.00625 0.00546875
4 0.340625 0.61796875 0.00625 0.00859375
4 0.51171875 0.5890625 0.00703125 0.00703125
4 0.56015625 0.58671875 0.00546875 0.00546875
6 0.53671875 0.553125 0.02890625 0.01953125
3 0.5796875 0.46953125 0.01875 0.01171875
3 0.6734375 0.5890625 0.01015625 0.01015625
2 0.621875 0.54140625 0.0140625 0.0140625
2 0.67109375 0.46328125 0.01484375 0.0140625
2 0.69375 0.4640625 0.01328125 0.009375
4 0.59609375 0.453125 0.00703125 0.00703125
4 0.7140625 0.4453125 0.00625 0.009375
4 0.77890625 0.5609375 0.00625 0.00703125
4 0.82421875 0.584375 0.00625 0.00703125
6 0.8515625 0.49140625 0.03203125 0.01640625
6 0.8640625 0.47109375 0.03203125 0.01640625
5 0.925 0.490625 0.04375 0.01875
5 0.97890625 0.45625 0.04140625 0.01796875
5 0.96171875 0.56015625 0.06796875 0.01875
6 0.88203125 0.63671875 0.03671875 0.01796875
4 0.90390625 0.62890625 0.00546875 0.009375
2 0.93359375 0.7953125 0.009375 0.01171875
2 0.934375 0.8109375 0.0109375 0.0140625
2 0.984375 0.809375 0.01328125 0.02109375
2 0.975 0.85859375 0.01171875 0.021875
2 0.95859375 0.86953125 0.00859375 0.02578125
2 0.96953125 0.91796875 0.00859375 0.021875
2 0.99765625 0.9078125 0.0046875 0.02109375
2 0.95078125 0.8953125 0.00703125 0.0234375
2 0.94296875 0.903125 0.00625 0.0265625
3 0.75546875 0.853125 0.0203125 0.0140625
3 0.715625 0.896875 0.00859375 0.03046875
3 0.68046875 0.62421875 0.00859375 0.0234375
3 0.74765625 0.60078125 0.01796875 0.0140625
0 0.7921875 0.60390625 0.01015625 0.0109375
0 0.81953125 0.6453125 0.01015625 0.0109375
0 0.753125 0.66875 0.015625 0.01484375
0 0.81796875 0.603125 0.00859375 0.01015625
6 0.71953125 0.60625 0.02578125 0.01640625
2 0.7171875 0.65390625 0.00546875 0.0234375
2 0.6640625 0.6359375 0.00546875 0.02578125
2 0.671875 0.63359375 0.00625 0.0234375
2 0.678125 0.6703125 0.00546875 0.02578125
2 0.57578125 0.62578125 0.01171875 0.01171875
6 0.49296875 0.625 0.0265625 0.015625
4 0.459375 0.59140625 0.00625 0.00859375
5 0.278125 0.640625 0.03046875 0.01484375
5 0.14375 0.6484375 0.03515625 0.01953125
5 0.11953125 0.684375 0.0390625 0.0203125
6 0.10625 0.62265625 0.03828125 0.01796875
5 0.03203125 0.75546875 0.01015625 0.0484375
5 0.0640625 0.74296875 0.015625 0.05390625
5 0.0296875 0.94375 0.0109375 0.04609375
2 0.003125 0.83828125 0.00546875 0.02109375