4 0.56328125 0.53046875 0.01171875 0.0234375
4 0.55546875 0.58203125 0.01015625 0.02890625
4 0.5671875 0.56328125 0.01484375 0.03203125
4 0.5765625 0.5046875 0.015625 0.02578125
4 0.59140625 0.51875 0.01171875 0.03359375
4 0.4640625 0.3890625 0.01640625 0.02109375
4 0.53125 0.40703125 0.01640625 0.021875
4 0.5765625 0.41171875 0.015625 0.021875
4 0.59140625 0.40234375 0.01484375 0.01640625
4 0.60078125 0.41328125 0.01640625 0.01640625
4 0.471875 0.5546875 0.00859375 0.03125
4 0.478125 0.54921875 0.01015625 0.021875
2 0.4859375 0.5125 0.01796875 0.0546875
2 0.50859375 0.5140625 0.01640625 0.04609375
4 0.440625 0.37421875 0.01484375 0.01796875
4 0.403125 0.384375 0.0140625 0.021875
4 0.38203125 0.34609375 0.01484375 0.01953125
2 0.4453125 0.3390625 0.025 0.02421875
2 0.48046875 0.3671875 0.03125 0.028125
2 0.503125 0.34375 0.02890625 0.028125
0 0.371875 0.3640625 0.01875 0.0203125
0 0.3984375 0.36953125 0.02109375 0.02421875
2 0.61875 0.35625 0.02578125 0.02421875
2 0.57421875 0.37578125 0.02578125 0.0265625
2 0.55390625 0.3515625 0.0265625 0.02421875
0 0.54921875 0.39453125 0.0203125 0.021875
2 0.5171875 0.36796875 0.02890625 0.0265625
4 0.56796875 0.32890625 0.01328125 0.021875
4 0.56015625 0.30625 0.01171875 0.0265625
4 0.62109375 0.4046875 0.01640625 0.01640625
4 0.64609375 0.42265625 0.0140625 0.01640625
4 0.678125 0.4015625 0.01875 0.0203125
4 0.60859375 0.3703125 0.01875 0.01875
2 0.6359375 0.440625 0.021875 0.0234375
4 0.65546875 0.4359375 0.0140625 0.021875
4 0.771875 0.22734375 0.01796875 0.02421875
4 0.5890625 0.178125 0.015625 0.01953125
4 0.684375 0.13203125 0.009375 0.03046875
4 0.70078125 0.13203125 0.01015625 0.021875
4 0.7109375 0.13359375 0.01015625 0.02109375
2 0.56328125 0.08046875 0.01484375 0.03359375
2 0.5453125 0.02578125 0.0234375 0.040625
2 0.6265625 0.01484375 0.0140625 0.0296875
2 0.64140625 0.0109375 0.0140625 0.02109375
4 0.5140625 0.175 0.015625 0.02421875
0 0.5078125 0.146875 0.021875 0.025
2 0.78125 0.159375 0.01640625 0.03984375
2 0.8421875 0.184375 0.0234375 0.02421875
2 0.82578125 0.034375 0.01796875 0.04375
4 0.86328125 0.19296875 0.01640625 0.0234375
4 0.959375 0.2390625 0.01796875 0.01875
3 0.928125 0.184375 0.01796875 0.02109375
4 0.984375 0.3921875 0.01796875 0.02109375
2 0.98515625 0.41953125 0.0265625 0.02578125
2 0.95546875 0.4390625 0.02890625 0.025
2 0.95625 0.41328125 0.02890625 0.02890625
3 0.91015625 0.3765625 0.03359375 0.02890625
2 0.915625 0.40625 0.025 0.021875
0 0.934375 0.41328125 0.02421875 0.021875
3 0.92421875 0.43828125 0.021875 0.02109375
4 0.91796875 0.453125 0.01953125 0.01796875
4 0.89296875 0.41796875 0.015625 0.01484375
2 0.878125 0.37890625 0.034375 0.03046875
2 0.8765625 0.40859375 0.0234375 0.021875
4 0.84140625 0.44453125 0.015625 0.0203125
2 0.85859375 0.4265625 0.02578125 0.02421875
2 0.8453125 0.403125 0.025 0.01953125
2 0.81640625 0.41953125 0.02578125 0.02421875
2 0.8078125 0.39765625 0.02421875 0.021875
4 0.796875 0.43046875 0.01484375 0.01484375
4 0.77421875 0.40703125 0.01796875 0.01953125
0 0.78984375 0.44375 0.02421875 0.0234375
0 0.75546875 0.4171875 0.02109375 0.02109375
2 0.759375 0.39375 0.02578125 0.0296875
1 0.78828125 0.3703125 0.0546875 0.03203125
2 0.74921875 0.4421875 0.03125 0.0234375
4 0.73203125 0.453125 0.01484375 0.0140625
4 0.71328125 0.44609375 0.0140625 0.015625
4 0.7234375 0.4421875 0.015625 0.01640625
4 0.72421875 0.4234375 0.015625 0.015625
4 0.72890625 0.41640625 0.015625 0.015625
4 0.72578125 0.403125 0.01796875 0.01875
4 0.7078125 0.421875 0.01640625 0.01875
4 0.70546875 0.41328125 0.0140625 0.01015625
2 0.70703125 0.38828125 0.025 0.0234375
2 0.7265625 0.36640625 0.02578125 0.02890625
2 0.6921875 0.44140625 0.0296875 0.02109375
0 0.66953125 0.42265625 0.0234375 0.0203125
2 0.6640625 0.3609375 0.02890625 0.02578125
2 0.66328125 0.3859375 0.025 0.02421875
2 0.6546875 0.40703125 0.02578125 0.02421875
2 0.63125 0.384375 0.02578125 0.0265625
4 0.54453125 0.65546875 0.01640625 0.03046875
4 0.48828125 0.66875 0.01640625 0.0296875
2 0.51875 0.72265625 0.0203125 0.0484375
2 0.5234375 0.9859375 0.01640625 0.028125
2 0.45625 0.93828125 0.02109375 0.0453125
4 0.4390625 0.9921875 0.01015625 0.015625
2 0.49609375 0.56015625 0.01875 0.04453125
2 0.48125 0.59765625 0.01796875 0.05625
0 0.4984375 0.51640625 0.0140625 0.03671875
4 0.35078125 0.36484375 0.015625 0.0203125
4 0.31015625 0.3578125 0.01796875 0.015625
4 0.29765625 0.36875 0.0140625 0.01796875
4 0.33203125 0.41796875 0.0140625 0.015625
6 0.346875 0.409375 0.02109375 0.0234375
3 0.33046875 0.3390625 0.02109375 0.02578125
4 0.33046875 0.315625 0.01640625 0.01640625
4 0.303125 0.33046875 0.01484375 0.01796875
4 0.28203125 0.31796875 0.01640625 0.01484375
0 0.28828125 0.33984375 0.021875 0.01640625
4 0.284375 0.35390625 0.01328125 0.01484375
2 0.309375 0.15625 0.0265625 0.02890625
2 0.34296875 0.19140625 0.02890625 0.028125
2 0.34140625 0.215625 0.0296875 0.02890625
2 0.3671875 0.18125 0.028125 0.03046875
4 0.365625 0.1609375 0.015625 0.01953125
4 0.37265625 0.215625 0.03125 0.03046875
4 0.38828125 0.1984375 0.02890625 0.028125
4 0.3984375 0.2203125 0.021875 0.0296875
3 0.409375 0.15390625 0.025 0.034375
4 0.428125 0.1515625 0.01875 0.015625
4 0.42890625 0.16015625 0.0203125 0.01640625
4 0.4234375 0.165625 0.0140625 0.0140625
4 0.42421875 0.17578125 0.015625 0.015625
4 0.4265625 0.184375 0.01640625 0.01875
4 0.41640625 0.1890625 0.0140625 0.01328125
2 0.4203125 0.203125 0.0296875 0.02421875
4 0.42421875 0.21796875 0.01484375 0.021875
4 0.41328125 0.21328125 0.01796875 0.01875
4 0.4171875 0.2234375 0.01796875 0.01796875
4 0.4234375 0.23125 0.01484375 0.02578125
4 0.41015625 0.23125 0.01328125 0.01875
4 0.4015625 0.23125 0.01640625 0.01796875
4 0.21015625 0.13828125 0.01796875 0.02421875
4 0.19453125 0.1171875 0.015625 0.01953125
4 0.1546875 0.13125 0.015625 0.01875
4 0.09296875 0.0609375 0.01484375 0.03046875
0 0.0453125 0.0125 0.01875 0.025
4 0.0234375 0.1203125 0.01875 0.025
4 0.02109375 0.10625 0.0203125 0.01796875
0 0.028125 0.0625 0.021875 0.0296875
4 0.0140625 0.04921875 0.01796875 0.015625
4 0.01640625 0.059375 0.01796875 0.01953125
2 0.1640625 0.2984375 0.02421875 0.02578125
2 0.15703125 0.32265625 0.02578125 0.02578125
4 0.02578125 0.31953125 0.01640625 0.0203125
4 0.00625 0.259375 0.01171875 0.025
4 0.21328125 0.2984375 0.01640625 0.02578125
4 0.19609375 0.315625 0.01640625 0.0234375
4 0.2234375 0.3421875 0.01328125 0.01875
4 0.2265625 0.32890625 0.015625 0.01640625
4 0.25078125 0.31796875 0.01640625 0.015625
4 0.246875 0.3265625 0.01796875 0.02421875
4 0.30078125 0.578125 0.01328125 0.0203125
4 0.30078125 0.58671875 0.01484375 0.01484375
4 0.296875 0.59375 0.01484375 0.01796875
2 0.090625 0.55703125 0.02578125 0.02578125
2 0.046875 0.54921875 0.0265625 0.025
2 0.0359375 0.66171875 0.02578125 0.021875
2 0.90546875 0.43515625 0.02421875 0.02578125
2 0.50078125 0.39296875 0.021875 0.0234375
2 0.0390625 0.5765625 0.025 0.02109375