0 0.4953125 0.60625 0.0234375 0.0265625
0 0.3984375 0.45703125 0.0140625 0.02578125
0 0.4359375 0.4234375 0.0203125 0.025
0 0.49453125 0.52890625 0.01796875 0.021875
0 0.60625 0.48203125 0.01640625 0.03046875
6 0.440625 0.63671875 0.0453125 0.034375
0 0.375 0.74453125 0.01328125 0.0296875
2 0.215625 0.94609375 0.01640625 0.0453125
3 0.25703125 0.8078125 0.01640625 0.04140625
4 0.24609375 0.91015625 0.0140625 0.025
4 0.27421875 0.85703125 0.01171875 0.028125
4 0.24375 0.975 0.00859375 0.02890625
4 0.29453125 0.98046875 0.01171875 0.01875
4 0.32421875 0.834375 0.009375 0.0234375
4 0.346875 0.83359375 0.0140625 0.01953125
4 0.35859375 0.8140625 0.00859375 0.01953125
2 0.5265625 0.50546875 0.0203125 0.040625
3 0.6796875 0.69921875 0.0234375 0.03359375
2 0.5921875 0.67109375 0.021875 0.04140625
2 0.53671875 0.61953125 0.02421875 0.03828125
0 0.5109375 0.665625 0.01484375 0.02109375
3 0.50078125 0.6375 0.0296875 0.02890625
0 0.7078125 0.84296875 0.0203125 0.021875
0 0.80234375 0.27734375 0.0203125 0.02578125
2 0.83671875 0.10625 0.0265625 0.03828125
2 0.30703125 0.11796875 0.02109375 0.03359375
2 0.18984375 0.134375 0.0203125 0.03203125
0 0.29296875 0.22890625 0.0140625 0.0265625
4 0.33203125 0.69921875 0.00703125 0.021875
4 0.32421875 0.7015625 0.00703125 0.0234375
4 0.31640625 0.703125 0.009375 0.02109375
4 0.32578125 0.734375 0.009375 0.01953125
4 0.35078125 0.73828125 0.009375 0.01953125
4 0.3671875 0.73359375 0.009375 0.01640625
4 0.3734375 0.6890625 0.009375 0.01875
4 0.3640625 0.6890625 0.00859375 0.01796875
4 0.334375 0.6 0.009375 0.02109375
4 0.3484375 0.59765625 0.00859375 0.02421875
4 0.346875 0.5703125 0.01171875 0.02421875
4 0.3609375 0.55625 0.0109375 0.02109375
4 0.3578125 0.484375 0.00859375 0.021875
4 0.36640625 0.44296875 0.0109375 0.01640625
4 0.346875 0.415625 0.01015625 0.02109375
4 0.33984375 0.39453125 0.009375 0.02421875
4 0.33125 0.3390625 0.01015625 0.0203125
4 0.39296875 0.3671875 0.01171875 0.02109375
4 0.4015625 0.3515625 0.00859375 0.021875
4 0.41640625 0.4140625 0.00703125 0.02109375
4 0.4171875 0.4890625 0.009375 0.02109375
4 0.43203125 0.49921875 0.01328125 0.01953125
4 0.38203125 0.60390625 0.009375 0.02109375
4 0.3953125 0.5640625 0.01171875 0.01796875
4 0.39296875 0.54921875 0.01171875 0.01953125
4 0.3765625 0.54296875 0.01171875 0.0234375
4 0.3453125 0.65625 0.00859375 0.0203125
4 0.3046875 0.715625 0.00703125 0.01953125
4 0.29609375 0.73046875 0.009375 0.0203125
4 0.315625 0.72421875 0.009375 0.01953125
4 0.2515625 0.84140625 0.009375 0.02109375
4 0.315625 0.9453125 0.0109375 0.02421875
4 0.28203125 0.95859375 0.01015625 0.01875
4 0.33125 0.62265625 0.0109375 0.01953125
4 0.35078125 0.62421875 0.009375 0.01953125
4 0.359375 0.6234375 0.01171875 0.01953125
4 0.33125 0.6453125 0.0109375 0.0203125
4 0.31640625 0.66015625 0.01015625 0.0234375
4 0.315625 0.61953125 0.009375 0.0203125
4 0.309375 0.61953125 0.0046875 0.01953125
4 0.4046875 0.68359375 0.01171875 0.0140625
0 0.44296875 0.65859375 0.01640625 0.01484375
2 0.453125 0.59453125 0.02578125 0.02578125
2 0.55078125 0.24765625 0.025 0.028125
2 0.51796875 0.275 0.02578125 0.02890625
2 0.59921875 0.21796875 0.02109375 0.02890625
2 0.66015625 0.1484375 0.021875 0.02578125
2 0.6234375 0.159375 0.01484375 0.04609375
2 0.72890625 0.959375 0.02578125 0.0234375
4 0.7234375 0.93046875 0.0140625 0.0203125
4 0.6640625 0.803125 0.01328125 0.01796875
4 0.66953125 0.82578125 0.01484375 0.01875
4 0.7046875 0.74453125 0.01015625 0.01640625
4 0.7609375 0.7875 0.01171875 0.025
4 0.765625 0.9265625 0.0140625 0.01640625
4 0.76484375 0.9421875 0.0109375 0.01640625
4 0.75859375 0.95 0.009375 0.01640625
4 0.8359375 0.92578125 0.01171875 0.0234375
4 0.8609375 0.9484375 0.0140625 0.0203125
4 0.86640625 0.9859375 0.01328125 0.02109375
4 0.88125 0.98515625 0.01171875 0.01875
4 0.89765625 0.990625 0.01015625 0.01875
4 0.778125 0.7390625 0.0109375 0.0140625
4 0.7265625 0.3265625 0.01171875 0.01484375
4 0.6734375 0.36171875 0.01171875 0.01640625
4 0.6484375 0.3734375 0.0140625 0.01796875
4 0.65546875 0.3515625 0.01484375 0.01171875
4 0.61796875 0.40078125 0.01640625 0.01796875
4 0.6484375 0.4578125 0.0140625 0.01484375
4 0.59765625 0.4078125 0.01328125 0.01484375
4 0.55390625 0.46640625 0.01484375 0.01796875
4 0.5265625 0.47421875 0.0140625 0.015625
4 0.5234375 0.45078125 0.01171875 0.01875
4 0.521875 0.43046875 0.00859375 0.021875
4 0.5265625 0.36171875 0.01328125 0.0140625
4 0.52890625 0.34140625 0.01015625 0.01953125
4 0.54609375 0.31875 0.01171875 0.01171875
4 0.55 0.30390625 0.015625 0.0109375
4 0.471875 0.384375 0.0109375 0.01328125
4 0.4828125 0.39921875 0.0140625 0.0109375
4 0.503125 0.44609375 0.009375 0.02109375
4 0.48984375 0.4640625 0.009375 0.01875
4 0.47890625 0.5078125 0.0109375 0.01796875
4 0.46328125 0.51171875 0.009375 0.01953125
4 0.46953125 0.39609375 0.0109375 0.01640625
4 0.471875 0.34453125 0.0109375 0.01484375
4 0.43671875 0.3390625 0.01171875 0.0140625
4 0.39375 0.29765625 0.0140625 0.0140625
4 0.39921875 0.32265625 0.00859375 0.02578125
4 0.37578125 0.29375 0.01015625 0.01875
4 0.3765625 0.26953125 0.01484375 0.01640625
4 0.33359375 0.21640625 0.01171875 0.01953125
4 0.284375 0.240625 0.01171875 0.0203125
4 0.24609375 0.17734375 0.01015625 0.01484375
4 0.234375 0.14140625 0.01171875 0.02421875
4 0.30546875 0.1453125 0.01953125 0.01953125
4 0.19921875 0.17109375 0.01015625 0.01640625
4 0.19453125 0.090625 0.0109375 0.01796875
4 0.15390625 0.03984375 0.01328125 0.0203125
4 0.17421875 0.12109375 0.01015625 0.0203125
4 0.1984375 0.15625 0.01015625 0.01328125
2 0.403125 0.1484375 0.0203125 0.03515625
4 0.3078125 0.7515625 0.00859375 0.0203125
4 0.31640625 0.74609375 0.00859375 0.021875
4 0.46796875 0.671875 0.01171875 0.01484375
4 0.540625 0.70546875 0.01328125 0.01484375
4 0.5609375 0.69140625 0.01015625 0.01875
4 0.553125 0.6703125 0.01171875 0.015625
4 0.534375 0.64453125 0.01015625 0.01484375
4 0.56484375 0.64609375 0.00859375 0.01484375
4 0.57109375 0.63671875 0.00859375 0.02421875
4 0.55546875 0.6265625 0.00859375 0.01875
4 0.51953125 0.62421875 0.01015625 0.01953125
4 0.51171875 0.5359375 0.0140625 0.01875
4 0.440625 0.53671875 0.01015625 0.01640625
4 0.55546875 0.51875 0.01171875 0.021875
4 0.5421875 0.50234375 0.0109375 0.0203125
4 0.5765625 0.55390625 0.01171875 0.01796875
4 0.5640625 0.58359375 0.01328125 0.015625
4 0.59296875 0.57109375 0.01015625 0.01796875
4 0.609375 0.58828125 0.009375 0.015625
3 0.51171875 0.56875 0.0359375 0.02578125
4 0.58671875 0.7234375 0.0140625 0.01796875
4 0.59375 0.70546875 0.0109375 0.01953125
4 0.60703125 0.71796875 0.009375 0.021875
4 0.62578125 0.72421875 0.01171875 0.02109375
4 0.65859375 0.7015625 0.0109375 0.01875
4 0.559375 0.7359375 0.01015625 0.0203125
4 0.64375 0.62734375 0.01328125 0.01953125
4 0.79453125 0.9515625 0.01328125 0.01875
2 0.7609375 0.62890625 0.0203125 0.0453125
2 0.846875 0.384375 0.02421875 0.04375
4 0.84921875 0.44453125 0.01484375 0.02890625
4 0.88125 0.390625 0.01328125 0.01796875
4 0.91875 0.19453125 0.01796875 0.025
4 0.80703125 0.0890625 0.015625 0.01875
2 0.86640625 0.2828125 0.025 0.03125
3 0.86953125 0.33125 0.03125 0.06328125
3 0.83828125 0.30234375 0.03359375 0.04375
3 0.82578125 0.44375 0.03125 0.065625
3 0.8109375 0.32578125 0.02578125 0.02578125
3 0.73828125 0.3859375 0.02890625 0.03359375
3 0.67421875 0.4359375 0.02890625 0.03125
4 0.63046875 0.46328125 0.01171875 0.02109375
4 0.653125 0.58046875 0.00859375 0.0140625
3 0.63203125 0.54140625 0.01875 0.03046875
3 0.6234375 0.48984375 0.01796875 0.02578125
3 0.675 0.578125 0.01484375 0.02421875
3 0.73046875 0.6734375 0.02578125 0.03515625
3 0.253125 0.2421875 0.01875 0.03515625
3 0.1890625 0.21796875 0.0234375 0.04140625
3 0.2140625 0.25859375 0.021875 0.04453125
6 0.19375 0.26328125 0.02578125 0.05390625
2 0.33203125 0.921875 0.01484375 0.03828125
3 0.28125 0.68203125 0.01640625 0.03046875
3 0.80703125 0.4984375 0.01640625 0.03046875
3 0.69453125 0.60703125 0.0203125 0.034375
3 0.52109375 0.22109375 0.0234375 0.02890625
3 0.63125 0.50703125 0.021875 0.03359375
3 0.66875 0.559375 0.01953125 0.03359375
3 0.70859375 0.63125 0.0234375 0.03515625
3 0.71953125 0.64609375 0.02421875 0.0453125
3 0.7015625 0.415625 0.0296875 0.0390625
4 0.2296875 0.846875 0.01328125 0.0140625
4 0.23203125 0.83203125 0.0109375 0.01171875
4 0.23984375 0.80390625 0.01171875 0.00859375
4 0.25078125 0.77265625 0.0109375 0.0140625
4 0.2859375 0.65390625 0.00703125 0.01953125
4 0.30078125 0.61015625 0.009375 0.0203125
4 0.325 0.60625 0.00703125 0.01875
4 0.31328125 0.58125 0.00625 0.01953125
4 0.40859375 0.74375 0.01015625 0.009375
4 0.34140625 0.04375 0.00859375 0.021875
4 0.35234375 0.05546875 0.00703125 0.01953125
4 0.36015625 0.06640625 0.00703125 0.01953125
4 0.37109375 0.08125 0.009375 0.0203125
4 0.378125 0.10703125 0.009375 0.01640625
4 0.38203125 0.11953125 0.00859375 0.01796875
4 0.35859375 0.09375 0.00703125 0.01796875
4 0.36171875 0.1015625 0.00546875 0.01796875
4 0.365625 0.121875 0.00625 0.01484375
4 0.37109375 0.13359375 0.00625 0.01640625
4 0.378125 0.1453125 0.00546875 0.01796875
4 0.359375 0.12265625 0.00625 0.01796875
4 0.34921875 0.1 0.00625 0.0140625
4 0.3421875 0.0765625 0.00703125 0.01796875
4 0.32890625 0.06640625 0.00703125 0.01953125
4 0.334375 0.07109375 0.00859375 0.021875
4 0.3234375 0.07578125 0.009375 0.009375
4 0.31953125 0.08203125 0.009375 0.01171875
4 0.31796875 0.10234375 0.00625 0.01640625
4 0.33203125 0.115625 0.00859375 0.01796875
4 0.32421875 0.1046875 0.00703125 0.01484375
4 0.33828125 0.1109375 0.00703125 0.01875
4 0.3453125 0.128125 0.00703125 0.0140625
4 0.346875 0.14609375 0.009375 0.01640625
4 0.33828125 0.13359375 0.00859375 0.01875
4 0.3546875 0.14140625 0.00625 0.01640625
4 0.359375 0.1453125 0.00546875 0.01640625
4 0.321875 0.178125 0.01171875 0.01484375
4 0.3109375 0.196875 0.01171875 0.01875
4 0.365625 0.18671875 0.00625 0.021875
4 0.3890625 0.19609375 0.00859375 0.01640625
4 0.39140625 0.2375 0.009375 0.01953125
4 0.40234375 0.25390625 0.00625 0.015625
4 0.409375 0.2609375 0.00859375 0.01953125
4 0.4140625 0.27421875 0.00546875 0.01796875
4 0.41796875 0.28359375 0.00625 0.01953125
4 0.428125 0.29140625 0.0046875 0.01953125
4 0.43203125 0.29375 0.0046875 0.02109375
4 0.4375 0.29296875 0.00546875 0.01953125
4 0.44296875 0.29296875 0.00390625 0.01640625
4 0.446875 0.29296875 0.0046875 0.01796875
4 0.45703125 0.29921875 0.00859375 0.01875
4 0.45625 0.2875 0.00703125 0.01796875
4 0.47421875 0.28203125 0.009375 0.01328125
4 0.49453125 0.27578125 0.00625 0.01875
4 0.50078125 0.27578125 0.00546875 0.0203125
4 0.50625 0.26015625 0.00703125 0.01796875
4 0.5140625 0.24765625 0.00859375 0.01796875
4 0.55078125 0.19140625 0.00703125 0.0203125
4 0.55390625 0.18515625 0.00546875 0.01953125
4 0.56328125 0.2015625 0.00703125 0.01875
4 0.56953125 0.2 0.00546875 0.02109375
4 0.590625 0.196875 0.00390625 0.01875
4 0.57890625 0.190625 0.00546875 0.01875
4 0.5828125 0.18671875 0.00703125 0.01484375
4 0.590625 0.1734375 0.00546875 0.01953125
4 0.5953125 0.1765625 0.00625 0.0203125
4 0.603125 0.1734375 0.0046875 0.02109375
4 0.60859375 0.13125 0.00703125 0.01953125
4 0.63515625 0.1640625 0.00546875 0.0203125
4 0.63046875 0.1421875 0.00625 0.01953125
4 0.634375 0.13671875 0.00546875 0.015625
4 0.64140625 0.13125 0.00546875 0.01796875
4 0.6484375 0.12890625 0.00546875 0.01875
4 0.65546875 0.1265625 0.00546875 0.01953125
4 0.6609375 0.12421875 0.00546875 0.01953125
4 0.66640625 0.1234375 0.0046875 0.01875
4 0.678125 0.13046875 0.009375 0.01796875
4 0.6890625 0.10546875 0.00546875 0.01640625
4 0.684375 0.10859375 0.0046875 0.015625
4 0.68125 0.11171875 0.00546875 0.01875
4 0.7640625 0.0390625 0.00625 0.021875
4 0.76953125 0.0296875 0.00859375 0.0203125
4 0.7765625 0.0234375 0.00703125 0.0203125
4 0.753125 0.37109375 0.00703125 0.01953125
4 0.79140625 0.5390625 0.01171875 0.01328125
4 0.78671875 0.55 0.0109375 0.009375
4 0.78203125 0.55859375 0.01171875 0.009375
4 0.7765625 0.57578125 0.01015625 0.01015625
4 0.82890625 0.5953125 0.01328125 0.01328125
4 0.778125 0.765625 0.0109375 0.0109375
4 0.778125 0.7515625 0.01328125 0.00859375
4 0.78359375 0.73046875 0.01015625 0.0109375
4 0.78515625 0.721875 0.01171875 0.009375
4 0.90625 0.38828125 0.01171875 0.01875
4 0.890625 0.40703125 0.01015625 0.01484375
4 0.8953125 0.41953125 0.01015625 0.0109375
4 0.89140625 0.428125 0.0140625 0.01484375
4 0.86953125 0.48359375 0.0109375 0.0109375
4 0.86953125 0.46640625 0.00859375 0.01953125
4 0.81875 0.628125 0.01171875 0.01015625
4 0.81796875 0.63671875 0.0109375 0.009375
4 0.80546875 0.66640625 0.00859375 0.0140625
4 0.8015625 0.67734375 0.01015625 0.01171875
4 0.78828125 0.7140625 0.00859375 0.009375
4 0.7921875 0.70234375 0.0109375 0.00859375
6 0.071875 0.040625 0.03515625 0.06171875
3 0.234375 0.29453125 0.025 0.04453125
4 0.1484375 0.1953125 0.00859375 0.01875
4 0.14375 0.1890625 0.00859375 0.015625