1 0.23125 0.6609375 0.05390625 0.02890625
1 0.2875 0.6546875 0.053125 0.02890625
4 0.0421875 0.71015625 0.0109375 0.0109375
2 0.03046875 0.81015625 0.0203125 0.01796875
0 0.1265625 0.7765625 0.015625 0.01484375
2 0.16484375 0.80625 0.01875 0.01796875
4 0.23359375 0.79296875 0.01171875 0.01015625
2 0.23828125 0.871875 0.01953125 0.01796875
3 0.2703125 0.85078125 0.01953125 0.021875
0 0.271875 0.76796875 0.0140625 0.01484375
4 0.3109375 0.79921875 0.0109375 0.01015625
4 0.3546875 0.78515625 0.01171875 0.01015625
2 0.35625 0.8890625 0.01875 0.0203125
5 0.37578125 0.84921875 0.028125 0.0265625
2 0.46171875 0.85859375 0.01875 0.01953125
0 0.4609375 0.8828125 0.01328125 0.01484375
2 0.41953125 0.74921875 0.01953125 0.0203125
2 0.27890625 0.70078125 0.01953125 0.01484375
2 0.3984375 0.68671875 0.01875 0.01796875
0 0.37109375 0.6703125 0.01328125 0.01484375
2 0.521875 0.821875 0.01015625 0.03828125
4 0.52578125 0.78125 0.009375 0.00859375
2 0.53984375 0.865625 0.0203125 0.01953125
4 0.565625 0.82578125 0.01015625 0.01015625
4 0.6046875 0.83671875 0.0109375 0.01015625
4 0.63515625 0.840625 0.01171875 0.01015625
2 0.57265625 0.79609375 0.01953125 0.01796875
2 0.59609375 0.75078125 0.021875 0.0234375
4 0.56640625 0.721875 0.01015625 0.015625
2 0.5375 0.68046875 0.01484375 0.0390625
2 0.51875 0.55703125 0.01015625 0.03984375
2 0.49140625 0.5234375 0.009375 0.0359375
4 0.53203125 0.565625 0.0046875 0.01796875
4 0.478125 0.4609375 0.00390625 0.01640625
4 0.47421875 0.24921875 0.0046875 0.01796875
2 0.515625 0.20546875 0.0109375 0.05
2 0.521875 0.0953125 0.0109375 0.04453125
3 0.6796875 0.84921875 0.0265625 0.0203125
2 0.73046875 0.840625 0.0203125 0.01875
1 0.78671875 0.87890625 0.0609375 0.03203125
2 0.84609375 0.8546875 0.02578125 0.02109375
0 0.9328125 0.87890625 0.01796875 0.01875
4 0.99296875 0.87421875 0.0140625 0.0109375
2 0.9671875 0.84609375 0.021875 0.01875
4 0.703125 0.753125 0.0140625 0.01015625
4 0.78125 0.77109375 0.01328125 0.009375
4 0.8390625 0.7640625 0.009375 0.01015625
4 0.94140625 0.71640625 0.0109375 0.009375
0 0.97578125 0.69765625 0.01484375 0.01484375
4 0.82890625 0.684375 0.0109375 0.00859375
4 0.80859375 0.703125 0.01171875 0.009375
4 0.8015625 0.690625 0.0109375 0.009375
4 0.80078125 0.6796875 0.00859375 0.00625
4 0.7609375 0.68515625 0.009375 0.00859375
4 0.64765625 0.665625 0.009375 0.0109375
0 0.15390625 0.946875 0.01328125 0.015625