1 0.30390625 0.66484375 0.03828125 0.07890625
2 0.6140625 0.596875 0.0234375 0.034375
2 0.5421875 0.43359375 0.028125 0.02890625
2 0.38359375 0.5296875 0.02109375 0.04375
2 0.665625 0.709375 0.02421875 0.03984375
2 0.64375 0.77421875 0.02578125 0.03828125
2 0.746875 0.90390625 0.02578125 0.03515625
2 0.40859375 0.31171875 0.0296875 0.03359375
2 0.27265625 0.20078125 0.021875 0.03828125
2 0.23125 0.18203125 0.021875 0.03671875
2 0.61796875 0.63984375 0.0203125 0.034375
0 0.421875 0.65546875 0.01484375 0.03125
0 0.3296875 0.540625 0.01484375 0.028125
0 0.41640625 0.5015625 0.0140625 0.0265625
0 0.46328125 0.6625 0.01875 0.01875
0 0.40546875 0.7078125 0.01640625 0.02421875
2 0.271875 0.86875 0.01953125 0.04375
2 0.55078125 0.2421875 0.025 0.0296875
4 0.40703125 0.428125 0.01328125 0.015625
4 0.384375 0.4515625 0.00859375 0.01875
4 0.41015625 0.46875 0.01171875 0.0109375
4 0.40703125 0.45078125 0.01015625 0.015625
4 0.42890625 0.41796875 0.01171875 0.0140625
4 0.4375 0.39296875 0.01171875 0.01796875
4 0.41484375 0.39609375 0.009375 0.02109375
4 0.4671875 0.41640625 0.01171875 0.0234375
4 0.46640625 0.3765625 0.0109375 0.021875
4 0.50390625 0.37890625 0.01171875 0.01484375
4 0.4984375 0.44296875 0.009375 0.0296875
4 0.45546875 0.53671875 0.01171875 0.01875
4 0.4359375 0.52109375 0.0109375 0.01796875
4 0.4375 0.503125 0.01171875 0.01640625
4 0.43203125 0.45625 0.01015625 0.01953125
4 0.4109375 0.54921875 0.01015625 0.015625
4 0.4703125 0.5640625 0.0140625 0.01953125
4 0.4015625 0.56640625 0.01171875 0.0140625
4 0.41171875 0.60546875 0.0109375 0.01640625
4 0.359375 0.5609375 0.01171875 0.01953125
4 0.34140625 0.54453125 0.00703125 0.0203125
4 0.33203125 0.596875 0.01015625 0.02109375
4 0.3578125 0.61796875 0.01171875 0.01953125
4 0.40078125 0.6625 0.01171875 0.015625
4 0.37109375 0.68125 0.01015625 0.02109375
4 0.34609375 0.64921875 0.00859375 0.01640625
4 0.3453125 0.6265625 0.009375 0.02578125
4 0.328125 0.68046875 0.01015625 0.01953125
4 0.33203125 0.6890625 0.00859375 0.021875
4 0.32421875 0.71484375 0.009375 0.01875
4 0.31171875 0.7078125 0.009375 0.02421875
4 0.26875 0.7375 0.01171875 0.0234375
4 0.29921875 0.7296875 0.01015625 0.01875
4 0.30078125 0.753125 0.0109375 0.0234375
4 0.28671875 0.77265625 0.01171875 0.021875
4 0.29296875 0.7890625 0.009375 0.02578125
4 0.30390625 0.78125 0.0109375 0.01953125
4 0.253125 0.896875 0.01328125 0.021875
4 0.29296875 0.978125 0.00859375 0.0203125
4 0.228125 0.95703125 0.01171875 0.021875
4 0.28359375 0.915625 0.00703125 0.0234375
2 0.3265625 0.91328125 0.01328125 0.03671875
4 0.38984375 0.4890625 0.01171875 0.01796875
4 0.315625 0.53125 0.01015625 0.02109375
0 0.29453125 0.27265625 0.01640625 0.01953125
4 0.31875 0.134375 0.009375 0.01484375
4 0.30390625 0.09921875 0.009375 0.021875
4 0.30703125 0.16953125 0.01015625 0.01640625
4 0.33671875 0.19609375 0.01328125 0.021875
4 0.38515625 0.29921875 0.00859375 0.01875
4 0.39453125 0.2890625 0.01015625 0.01640625
4 0.38203125 0.24609375 0.00859375 0.01484375
4 0.428125 0.35859375 0.01015625 0.02109375
4 0.43515625 0.33828125 0.01171875 0.01484375
4 0.44609375 0.30859375 0.009375 0.01875
4 0.49609375 0.353125 0.01328125 0.01640625
4 0.509375 0.35078125 0.0109375 0.01484375
4 0.51796875 0.29921875 0.0109375 0.0140625
4 0.51796875 0.259375 0.0109375 0.01328125
4 0.5828125 0.28671875 0.01171875 0.01640625
4 0.65703125 0.234375 0.0140625 0.01875
4 0.71953125 0.19140625 0.0140625 0.015625
4 0.74296875 0.128125 0.0109375 0.01484375
4 0.80859375 0.1359375 0.01328125 0.0140625
4 0.89140625 0.30390625 0.01171875 0.0203125
4 0.80546875 0.57421875 0.01015625 0.01953125
4 0.790625 0.58046875 0.01171875 0.021875
4 0.696875 0.76328125 0.01171875 0.01640625
4 0.73203125 0.77890625 0.009375 0.0140625
4 0.73125 0.80078125 0.01328125 0.01796875
4 0.69296875 0.83671875 0.0109375 0.01796875
4 0.690625 0.85078125 0.01171875 0.015625
4 0.646875 0.79921875 0.0109375 0.01953125
4 0.759375 0.940625 0.01171875 0.01796875
4 0.77578125 0.97109375 0.01640625 0.01796875
4 0.78359375 0.9515625 0.01328125 0.01796875
4 0.80859375 0.975 0.0140625 0.01875
4 0.81328125 0.99296875 0.0140625 0.0140625
2 0.721875 0.959375 0.0234375 0.025
4 0.5921875 0.6515625 0.01171875 0.02421875
4 0.54140625 0.61953125 0.01015625 0.0203125
4 0.56953125 0.66953125 0.01015625 0.01796875
4 0.56484375 0.6828125 0.01171875 0.01484375
4 0.61328125 0.721875 0.01015625 0.015625
4 0.61328125 0.684375 0.01171875 0.01796875
4 0.628125 0.66875 0.00859375 0.015625
4 0.65390625 0.63359375 0.0109375 0.02109375
4 0.66796875 0.65625 0.009375 0.01640625
4 0.55859375 0.58203125 0.01171875 0.01484375
4 0.590625 0.58046875 0.009375 0.01875
4 0.59453125 0.5578125 0.00859375 0.01875
4 0.55703125 0.484375 0.009375 0.0203125
4 0.55703125 0.45859375 0.01015625 0.01484375
4 0.5484375 0.4546875 0.00859375 0.01796875
4 0.5359375 0.45546875 0.00859375 0.01875
4 0.521875 0.4625 0.0140625 0.021875
4 0.51640625 0.484375 0.01171875 0.01875
4 0.52734375 0.52421875 0.009375 0.01640625
4 0.62109375 0.4234375 0.01015625 0.01796875
4 0.64609375 0.4578125 0.0140625 0.01171875
4 0.70859375 0.3890625 0.01328125 0.015625
4 0.63359375 0.396875 0.01015625 0.015625
4 0.62734375 0.38359375 0.0109375 0.01484375
4 0.63359375 0.353125 0.0109375 0.015625
4 0.765625 0.321875 0.015625 0.01640625
6 0.56328125 0.9484375 0.04296875 0.06015625
0 0.57421875 0.48125 0.015625 0.02578125
0 0.628125 0.45703125 0.01796875 0.02421875
3 0.546875 0.51640625 0.0265625 0.04609375
4 0.48046875 0.64296875 0.01328125 0.01484375
4 0.203125 0.09140625 0.0109375 0.02109375
2 0.6609375 0.146875 0.0234375 0.03046875
2 0.621875 0.15703125 0.0140625 0.04296875
3 0.66953125 0.4359375 0.03046875 0.03828125
3 0.628125 0.50625 0.0203125 0.03203125
3 0.6265625 0.5390625 0.01875 0.0296875
3 0.68203125 0.5875 0.0203125 0.0484375
3 0.69140625 0.60859375 0.02109375 0.040625
3 0.70546875 0.63046875 0.01875 0.03828125
3 0.72578125 0.671875 0.021875 0.03515625
0 0.80546875 0.50390625 0.01640625 0.0296875
3 0.809375 0.3296875 0.025 0.03046875
3 0.83828125 0.30859375 0.03515625 0.03671875
3 0.8671875 0.3359375 0.0296875 0.05703125
3 0.8234375 0.4484375 0.03125 0.06484375
3 0.7359375 0.38515625 0.02578125 0.03359375
2 0.75703125 0.628125 0.01875 0.04296875
2 0.846875 0.38828125 0.02421875 0.0453125
2 0.865625 0.28984375 0.0234375 0.03359375
2 0.4046875 0.13828125 0.02421875 0.0390625
3 0.18984375 0.2 0.025 0.03984375
3 0.25390625 0.22890625 0.02109375 0.03203125
3 0.21796875 0.2703125 0.02109375 0.0390625
6 0.19375 0.24375 0.0265625 0.0484375
3 0.21171875 0.24453125 0.02421875 0.04296875
6 0.0734375 0.0265625 0.034375 0.053125
4 0.11640625 0.1140625 0.00859375 0.01953125
4 0.1484375 0.1765625 0.00625 0.01640625
4 0.14375 0.171875 0.00703125 0.0140625
4 0.2359375 0.2359375 0.00859375 0.015625
4 0.2265625 0.22578125 0.009375 0.00859375
4 0.24296875 0.2359375 0.00859375 0.01953125
3 0.23203125 0.278125 0.02578125 0.03984375
4 0.30703125 0.58203125 0.00859375 0.02109375
3 0.2765625 0.66953125 0.01640625 0.03046875
4 0.22421875 0.83359375 0.01328125 0.01328125
4 0.22734375 0.81953125 0.0109375 0.01015625
4 0.23359375 0.7984375 0.00703125 0.0109375
4 0.23515625 0.78984375 0.009375 0.00859375
4 0.24296875 0.76796875 0.00859375 0.0109375
4 0.24453125 0.7609375 0.0109375 0.01015625
4 0.32421875 0.06484375 0.01015625 0.01015625
4 0.33046875 0.05390625 0.00859375 0.01953125
4 0.34296875 0.034375 0.01171875 0.0203125
4 0.353125 0.04609375 0.01015625 0.015625
4 0.34375 0.00859375 0.01015625 0.0140625
4 0.36171875 0.05625 0.01015625 0.01875
4 0.34453125 0.065625 0.00859375 0.01171875
4 0.33515625 0.06015625 0.00859375 0.01796875
4 0.33125 0.07578125 0.00703125 0.0140625
4 0.31328125 0.08203125 0.009375 0.015625
4 0.31875 0.090625 0.00859375 0.0140625
4 0.32421875 0.0921875 0.00859375 0.01640625
4 0.33984375 0.1 0.00625 0.01484375
4 0.3453125 0.10625 0.00703125 0.015625
4 0.35078125 0.0890625 0.009375 0.01328125
4 0.35859375 0.084375 0.00859375 0.01953125
4 0.36328125 0.0921875 0.00703125 0.01875
4 0.384375 0.1140625 0.009375 0.015625
4 0.38125 0.09609375 0.00859375 0.01796875
4 0.3765625 0.0765625 0.00703125 0.01484375
4 0.3765625 0.11484375 0.00859375 0.01796875
4 0.36796875 0.1109375 0.00546875 0.01484375
4 0.36015625 0.11328125 0.009375 0.01640625
4 0.3484375 0.134375 0.00859375 0.015625
4 0.34296875 0.13046875 0.00625 0.01640625
4 0.340625 0.121875 0.00703125 0.01484375
4 0.40703125 0.28359375 0.00859375 0.01796875
4 0.40859375 0.25859375 0.00859375 0.01796875
4 0.390625 0.184375 0.01015625 0.015625
4 0.40703125 0.2390625 0.00859375 0.0109375
4 0.41328125 0.27265625 0.009375 0.01875
4 0.43125 0.28359375 0.00546875 0.01796875
4 0.43671875 0.2859375 0.00703125 0.01640625
4 0.471875 0.275 0.01171875 0.01796875
4 0.484375 0.2609375 0.00859375 0.0203125
4 0.51484375 0.24375 0.01015625 0.01640625
4 0.503125 0.26796875 0.01171875 0.01484375
4 0.553125 0.20703125 0.00625 0.01640625
4 0.54921875 0.1859375 0.00703125 0.01875
4 0.5546875 0.18125 0.00859375 0.021875
4 0.5640625 0.19765625 0.00703125 0.01640625
4 0.578125 0.196875 0.00625 0.01640625
4 0.590625 0.19609375 0.00703125 0.021875
4 0.596875 0.17421875 0.00703125 0.01796875
4 0.5921875 0.1703125 0.00546875 0.01875
4 0.58359375 0.18359375 0.00703125 0.01640625
4 0.6109375 0.128125 0.00703125 0.01640625
4 0.63203125 0.140625 0.00703125 0.0203125
4 0.67890625 0.12890625 0.01171875 0.01484375
4 0.68359375 0.1078125 0.00625 0.01875
4 0.69375 0.1015625 0.00546875 0.0203125
4 0.64921875 0.1265625 0.00546875 0.01875
4 0.65625 0.125 0.00546875 0.02109375
4 0.66171875 0.1234375 0.00546875 0.0203125
4 0.66796875 0.12265625 0.00546875 0.01953125
4 0.678125 0.11171875 0.0046875 0.01953125
4 0.77890625 0.028125 0.00546875 0.01875
4 0.77109375 0.03203125 0.00703125 0.021875
4 0.7515625 0.371875 0.00703125 0.01953125
3 0.69921875 0.41640625 0.03203125 0.0359375
3 0.715625 0.6453125 0.02421875 0.03984375
3 0.61875 0.490625 0.01875 0.021875
3 0.6671875 0.56015625 0.01875 0.028125
3 0.67109375 0.5796875 0.01640625 0.02578125
4 0.6 0.53515625 0.00859375 0.0140625
4 0.60390625 0.53046875 0.00859375 0.01328125
4 0.60234375 0.8390625 0.00625 0.01875
4 0.596875 0.834375 0.00859375 0.0140625
4 0.50546875 0.7109375 0.00859375 0.01484375
4 0.40390625 0.7328125 0.009375 0.01484375
3 0.51796875 0.703125 0.025 0.034375
4 0.30234375 0.96875 0.00703125 0.01640625
3 0.521875 0.21484375 0.021875 0.03046875
4 0.77265625 0.74296875 0.009375 0.0109375
4 0.771875 0.76875 0.0109375 0.0109375
4 0.778125 0.73359375 0.00703125 0.009375
4 0.78125 0.72421875 0.00859375 0.01015625
4 0.784375 0.7171875 0.009375 0.0109375
4 0.78828125 0.70546875 0.01171875 0.009375
4 0.796875 0.68125 0.00859375 0.01796875
4 0.80078125 0.66953125 0.00859375 0.01171875
4 0.8046875 0.65625 0.0109375 0.015625
4 0.784375 0.5515625 0.01015625 0.01015625
4 0.78828125 0.54296875 0.0109375 0.01328125
4 0.77890625 0.5640625 0.01015625 0.00859375
4 0.77421875 0.57109375 0.01015625 0.0109375