0 0.35390625 0.51875 0.01484375 0.01875
2 0.20625 0.75625 0.01640625 0.03046875
0 0.24765625 0.66640625 0.0140625 0.0203125
2 0.32421875 0.68671875 0.01875 0.03125
4 0.37421875 0.6109375 0.00859375 0.01484375
0 0.64921875 0.13359375 0.01171875 0.02421875
2 0.21171875 0.871875 0.01796875 0.03125
2 0.22109375 0.66171875 0.0203125 0.03515625
4 0.36328125 0.61328125 0.00703125 0.01484375
2 0.26328125 0.50546875 0.015625 0.03515625
4 0.38046875 0.59296875 0.00546875 0.01171875
2 0.17578125 0.9265625 0.01953125 0.03359375
2 0.64140625 0.31640625 0.01640625 0.02421875
2 0.67890625 0.25078125 0.0203125 0.03125
2 0.19140625 0.9015625 0.01640625 0.03046875
2 0.66328125 0.29296875 0.01796875 0.03046875
4 0.38671875 0.58203125 0.00546875 0.01015625
4 0.353125 0.640625 0.00703125 0.01015625
2 0.1578125 0.953125 0.01875 0.0296875
4 0.39296875 0.5734375 0.00703125 0.01171875
2 0.19921875 0.696875 0.01953125 0.03359375
4 0.6484375 0.3484375 0.00703125 0.01171875
4 0.659375 0.3546875 0.00859375 0.01171875
2 0.275 0.775 0.01875 0.0359375
4 0.3453125 0.6125 0.00703125 0.01640625
0 0.66171875 0.121875 0.01171875 0.01796875
4 0.36875 0.6046875 0.00546875 0.0109375
4 0.35234375 0.63046875 0.00703125 0.01484375
2 0.1421875 0.98125 0.01640625 0.028125
2 0.47421875 0.49609375 0.01328125 0.03515625
2 0.1703125 0.89765625 0.01875 0.03125
2 0.2390625 0.834375 0.01953125 0.03203125
2 0.34296875 0.7203125 0.01796875 0.02890625
4 0.24375 0.80703125 0.009375 0.01171875
4 0.2234375 0.8421875 0.00859375 0.0109375
2 0.25859375 0.8015625 0.01875 0.03203125
4 0.3453125 0.6515625 0.00703125 0.0109375
2 0.37578125 0.57421875 0.01953125 0.028125
2 0.4109375 0.56796875 0.01796875 0.02890625
2 0.3921875 0.596875 0.01796875 0.03125
6 0.60859375 0.83828125 0.02578125 0.05703125
2 0.609375 0.7765625 0.015625 0.03359375
2 0.59296875 0.7890625 0.01640625 0.034375
2 0.58515625 0.7328125 0.0140625 0.02890625
2 0.56640625 0.68046875 0.01640625 0.034375
2 0.565625 0.70703125 0.0140625 0.028125
0 0.56171875 0.76328125 0.01015625 0.021875
0 0.546875 0.7390625 0.0109375 0.02109375
2 0.5453125 0.6640625 0.01484375 0.02890625
4 0.51328125 0.6625 0.00859375 0.015625
2 0.54921875 0.628125 0.01328125 0.03203125
2 0.640625 0.72421875 0.01796875 0.03203125
1 0.62109375 0.36796875 0.04296875 0.08046875
4 0.678125 0.328125 0.00859375 0.01484375
4 0.69140625 0.303125 0.00703125 0.01171875
4 0.671875 0.30546875 0.00859375 0.01484375
2 0.703125 0.08046875 0.01875 0.03203125
2 0.6953125 0.22421875 0.01640625 0.025
2 0.70703125 0.26875 0.01796875 0.02421875
4 0.696875 0.25 0.00859375 0.01484375
2 0.690625 0.2890625 0.0203125 0.0265625
2 0.67890625 0.3265625 0.0140625 0.0234375
2 0.6640625 0.321875 0.01640625 0.03125
2 0.6109375 0.42265625 0.01796875 0.02890625
0 0.6140625 0.4390625 0.01171875 0.01953125
2 0.58828125 0.428125 0.0140625 0.0234375
2 0.59296875 0.44453125 0.0140625 0.02578125
2 0.6 0.46171875 0.0140625 0.02578125
2 0.453125 0.53046875 0.01875 0.03046875
4 0.38203125 0.60390625 0.00546875 0.00859375
2 0.33046875 0.64921875 0.01796875 0.02890625
2 0.45390625 0.5734375 0.01640625 0.03046875
2 0.46328125 0.48125 0.0140625 0.03203125
0 0.77578125 0.10859375 0.0140625 0.02109375
2 0.8015625 0.10078125 0.0203125 0.03203125
0 0.60546875 0.4890625 0.01171875 0.01953125
2 0.134375 0.95390625 0.01875 0.03203125
2 0.24921875 0.859375 0.01796875 0.034375
2 0.309375 0.72109375 0.01796875 0.03203125
2 0.278125 0.84609375 0.01796875 0.03046875
4 0.403125 0.62421875 0.00859375 0.01015625
2 0.38359375 0.6515625 0.01640625 0.02890625
2 0.41640625 0.63203125 0.01640625 0.03359375
2 0.4328125 0.578125 0.01796875 0.0234375
2 0.48046875 0.5265625 0.01640625 0.0359375
4 0.6671875 0.34609375 0.00859375 0.01328125
4 0.69765625 0.30625 0.00546875 0.01171875
4 0.690625 0.31328125 0.00625 0.00859375
4 0.6828125 0.31640625 0.00859375 0.0140625
4 0.71171875 0.278125 0.009375 0.009375
2 0.721875 0.253125 0.01796875 0.0296875
0 0.71796875 0.24140625 0.01015625 0.01875
0 0.7359375 0.2234375 0.0109375 0.01640625
2 0.78046875 0.19765625 0.02109375 0.03515625
2 0.72109375 0.184375 0.02109375 0.028125
2 0.74609375 0.1828125 0.01953125 0.025
2 0.74765625 0.20390625 0.01796875 0.028125
2 0.74453125 0.16015625 0.01640625 0.0265625
0 0.76015625 0.15859375 0.01328125 0.01875
2 0.7609375 0.12890625 0.0203125 0.0296875
4 0.35703125 0.040625 0.0109375 0.02109375
2 0.4484375 0.3265625 0.015625 0.03515625
2 0.4734375 0.41328125 0.01484375 0.03671875
4 0.43046875 0.6234375 0.00625 0.015625
2 0.765625 0.18203125 0.01953125 0.03203125
2 0.77578125 0.1359375 0.01640625 0.02890625
2 0.659375 0.8984375 0.01796875 0.04296875
2 0.7171875 0.8984375 0.0203125 0.034375
2 0.2859375 0.04140625 0.01953125 0.03984375
2 0.325 0.059375 0.01640625 0.0390625
2 0.403125 0.55390625 0.01640625 0.03046875
2 0.28984375 0.746875 0.01796875 0.03046875
2 0.1984375 0.85234375 0.01640625 0.0296875
2 0.41328125 0.42890625 0.01171875 0.03828125
4 0.4109375 0.47421875 0.00703125 0.01640625
4 0.4953125 0.51875 0.00703125 0.01796875
4 0.41015625 0.50703125 0.00703125 0.01953125
2 0.2296875 0.8109375 0.015625 0.02578125
4 0.36171875 0.62578125 0.00546875 0.0109375
4 0.48203125 0.6234375 0.00859375 0.015625
4 0.48671875 0.6 0.00859375 0.01484375
4 0.521875 0.66875 0.00546875 0.01640625
2 0.578125 0.78359375 0.01328125 0.025
0 0.61328125 0.8796875 0.01171875 0.0203125
0 0.646875 0.8984375 0.01015625 0.02109375
2 0.36640625 0.70390625 0.0203125 0.03046875
2 0.29296875 0.709375 0.01953125 0.03515625
4 0.33828125 0.75703125 0.00859375 0.01484375
4 0.31796875 0.77734375 0.00859375 0.01953125
2 0.2703125 0.73828125 0.01484375 0.028125
4 0.45546875 0.41015625 0.00859375 0.01484375
4 0.4953125 0.55 0.00859375 0.01875
4 0.5109375 0.565625 0.00859375 0.01484375
2 0.5234375 0.5734375 0.01484375 0.03671875
2 0.5046875 0.59140625 0.01328125 0.03046875
4 0.49453125 0.603125 0.00546875 0.01796875
4 0.49296875 0.61796875 0.00625 0.01640625
4 0.503125 0.61171875 0.00703125 0.01796875
4 0.50546875 0.6421875 0.00625 0.01171875
4 0.50703125 0.62890625 0.00546875 0.0140625
4 0.5203125 0.64609375 0.00546875 0.015625
0 0.51875 0.61640625 0.01171875 0.02109375
0 0.534375 0.6109375 0.01015625 0.02421875
0 0.5296875 0.64765625 0.009375 0.021875
2 0.53984375 0.6953125 0.01640625 0.034375
4 0.553125 0.7140625 0.00625 0.0140625
4 0.55703125 0.70625 0.00546875 0.01484375
0 0.565625 0.74921875 0.01015625 0.02421875
4 0.59375 0.76171875 0.00703125 0.01640625
4 0.5875 0.75625 0.00546875 0.0140625
3 0.63046875 0.86875 0.01875 0.03671875
4 0.67421875 0.83125 0.00703125 0.015625
4 0.6796875 0.86484375 0.00859375 0.01953125
4 0.6890625 0.9015625 0.00703125 0.015625
0 0.71171875 0.91953125 0.0140625 0.02578125
5 0.56640625 0.60625 0.01796875 0.03515625
4 0.61953125 0.46640625 0.009375 0.01328125
4 0.61171875 0.4609375 0.00703125 0.00859375
4 0.60546875 0.4671875 0.00546875 0.01015625
4 0.61171875 0.4734375 0.00546875 0.00859375
4 0.63671875 0.52421875 0.00546875 0.0140625
4 0.640625 0.49921875 0.00625 0.015625
4 0.61640625 0.50859375 0.00546875 0.01328125
4 0.60625 0.50546875 0.00859375 0.01484375
4 0.6109375 0.521875 0.00859375 0.01640625
4 0.60078125 0.478125 0.009375 0.01171875
4 0.6578125 0.34375 0.00625 0.0109375
4 0.6578125 0.365625 0.00703125 0.01171875
4 0.78515625 0.11171875 0.01015625 0.01640625
0 0.78671875 0.13828125 0.0109375 0.01640625
4 0.78828125 0.16328125 0.009375 0.015625
4 0.44453125 0.2890625 0.00625 0.01875
4 0.45078125 0.30546875 0.00703125 0.015625
4 0.46640625 0.31875 0.00703125 0.01640625
4 0.253125 0.76953125 0.00703125 0.01171875
4 0.2421875 0.784375 0.00703125 0.0140625
4 0.21484375 0.8484375 0.00625 0.0109375