2 0.76796875 0.1734375 0.02890625 0.02421875
2 0.775 0.25546875 0.0265625 0.02421875
4 0.98671875 0.375 0.01171875 0.01171875
3 0.93671875 0.4953125 0.021875 0.02109375
0 0.9015625 0.5296875 0.02109375 0.0203125
4 0.76875 0.53359375 0.0140625 0.01640625
4 0.73828125 0.50859375 0.01796875 0.01640625
2 0.496875 0.36953125 0.02578125 0.021875
2 0.50078125 0.44609375 0.028125 0.025
6 0.46484375 0.590625 0.040625 0.03046875
2 0.3921875 0.51015625 0.021875 0.0234375
2 0.3859375 0.54921875 0.02890625 0.0265625
4 0.2578125 0.36875 0.0140625 0.0109375
2 0.12890625 0.5515625 0.0296875 0.02578125
0 0.19375 0.3765625 0.01875 0.01640625
4 0.078125 0.57421875 0.01328125 0.01328125
2 0.03671875 0.53515625 0.0296875 0.025
4 0.03359375 0.57109375 0.01328125 0.009375
4 0.02890625 0.5625 0.015625 0.009375
0 0.0109375 0.57890625 0.0203125 0.01796875
2 0.1515625 0.2640625 0.021875 0.04453125
3 0.06875 0.33046875 0.0296875 0.06875
2 0.015625 0.046875 0.01640625 0.04453125
4 0.02109375 0.01328125 0.01171875 0.0203125