2 0.33828125 0.09140625 0.02109375 0.040625
2 0.34375 0.03203125 0.01640625 0.03515625
2 0.35546875 0.128125 0.01640625 0.0390625
2 0.36953125 0.1609375 0.01640625 0.03671875
2 0.38828125 0.19609375 0.01796875 0.03984375
2 0.41328125 0.1875 0.01875 0.04453125
2 0.409375 0.24296875 0.0203125 0.03671875
2 0.43046875 0.278125 0.02109375 0.04140625
3 0.4546875 0.25078125 0.0203125 0.0390625
0 0.43671875 0.23359375 0.0109375 0.0234375
4 0.45546875 0.30390625 0.00859375 0.01875
2 0.44609375 0.3203125 0.01796875 0.03515625
0 0.3609375 0.2859375 0.01328125 0.025
4 0.55546875 0.384375 0.01015625 0.01796875
2 0.58046875 0.37890625 0.0234375 0.0359375
2 0.4 0.53359375 0.0203125 0.03671875
2 0.3765625 0.56640625 0.01796875 0.02578125
2 0.340625 0.63125 0.01953125 0.0296875
2 0.30859375 0.684375 0.0203125 0.03046875
2 0.32578125 0.6953125 0.021875 0.034375
3 0.27109375 0.73671875 0.01953125 0.03359375
2 0.2921875 0.734375 0.01875 0.03671875
2 0.2515625 0.81328125 0.01953125 0.03671875
2 0.240625 0.79296875 0.0203125 0.03203125
2 0.19453125 0.8625 0.02421875 0.03203125
2 0.18125 0.921875 0.0203125 0.04296875
2 0.15546875 0.96875 0.01953125 0.03203125
2 0.1484375 0.9453125 0.02578125 0.0359375
4 0.22109375 0.81796875 0.01328125 0.01875
2 0.35390625 0.66015625 0.01875 0.02578125
4 0.35625 0.59609375 0.01015625 0.01328125
2 0.38359375 0.609375 0.02109375 0.03125
2 0.44296875 0.53359375 0.01953125 0.028125
4 0.46875 0.48359375 0.01171875 0.01640625
2 0.515625 0.4515625 0.0234375 0.02578125
4 0.44921875 0.49609375 0.009375 0.0203125
4 0.4671875 0.50390625 0.0140625 0.01328125
4 0.4765625 0.4546875 0.009375 0.01328125
4 0.509375 0.4765625 0.01171875 0.0140625
4 0.50390625 0.40078125 0.009375 0.01640625
4 0.53359375 0.3859375 0.0109375 0.01328125
4 0.55625 0.35859375 0.0109375 0.0140625
4 0.659375 0.21328125 0.00859375 0.01640625
4 0.665625 0.19609375 0.01015625 0.0140625
4 0.62421875 0.27578125 0.00859375 0.015625
4 0.61015625 0.40078125 0.009375 0.01328125
4 0.615625 0.47421875 0.00703125 0.009375
4 0.62890625 0.44609375 0.00859375 0.01015625
4 0.6203125 0.50625 0.00703125 0.01015625
4 0.63359375 0.509375 0.00859375 0.01640625
4 0.62578125 0.5265625 0.009375 0.01171875
4 0.63359375 0.49296875 0.00703125 0.01328125
4 0.646875 0.453125 0.00546875 0.0140625
4 0.63984375 0.4703125 0.00703125 0.0140625
4 0.6359375 0.4609375 0.009375 0.01015625
4 0.66796875 0.33125 0.00859375 0.0109375
4 0.6765625 0.32890625 0.00859375 0.00859375
4 0.68125 0.34453125 0.00859375 0.01015625
4 0.68671875 0.33203125 0.00703125 0.01171875
4 0.6921875 0.3234375 0.00703125 0.0109375
4 0.696875 0.33671875 0.00859375 0.0140625
4 0.7140625 0.29375 0.00859375 0.009375
4 0.721875 0.27578125 0.00703125 0.01171875
4 0.7265625 0.26328125 0.00703125 0.00859375
4 0.7359375 0.25546875 0.00703125 0.009375
4 0.69609375 0.2828125 0.00859375 0.01171875
4 0.6640625 0.275 0.00859375 0.0140625
4 0.7140625 0.13125 0.00859375 0.01640625
4 0.71953125 0.2234375 0.00859375 0.01640625
4 0.75390625 0.19296875 0.00859375 0.01328125
4 0.75546875 0.08828125 0.00859375 0.015625
2 0.84296875 0.0140625 0.0203125 0.028125
2 0.828125 0.03671875 0.0203125 0.03125
2 0.83046875 0.09921875 0.01875 0.03046875
2 0.78984375 0.09375 0.01796875 0.0296875
2 0.771875 0.12421875 0.0203125 0.034375
2 0.7984375 0.1453125 0.0203125 0.03984375
2 0.8296875 0.1484375 0.02578125 0.0359375
2 0.778125 0.1671875 0.01796875 0.028125
2 0.746875 0.1515625 0.0234375 0.03125
2 0.71875 0.19453125 0.01796875 0.02578125
2 0.734375 0.09296875 0.0203125 0.034375
2 0.7015625 0.221875 0.0203125 0.03125
2 0.734375 0.2046875 0.01796875 0.03046875
2 0.75078125 0.22421875 0.01796875 0.028125
2 0.73125 0.24140625 0.01953125 0.0234375
2 0.67890625 0.2671875 0.01484375 0.0296875
2 0.66484375 0.240625 0.0203125 0.0390625
2 0.66171875 0.29609375 0.01484375 0.0265625
2 0.69609375 0.3 0.01640625 0.0265625
2 0.60390625 0.41953125 0.0140625 0.025
2 0.615625 0.45625 0.015625 0.0234375
1 0.57265625 0.68203125 0.03671875 0.0765625
2 0.66328125 0.7484375 0.01796875 0.040625
2 0.590625 0.759375 0.0203125 0.04453125
2 0.74140625 0.93671875 0.025 0.0359375
4 0.61328125 0.7015625 0.00859375 0.02421875
4 0.62578125 0.55703125 0.01328125 0.01640625
4 0.6078125 0.5484375 0.00859375 0.01953125
4 0.76796875 0.0578125 0.00859375 0.01484375
0 0.68125 0.084375 0.01171875 0.01875
0 0.66953125 0.0953125 0.0109375 0.02109375
2 0.728125 0.03046875 0.01875 0.02890625
0 0.8078125 0.0640625 0.01171875 0.025
0 0.79140625 0.115625 0.01171875 0.01640625
0 0.81015625 0.11171875 0.0140625 0.01796875
0 0.84609375 0.06875 0.0140625 0.01953125
0 0.765625 0.19453125 0.01171875 0.021875
3 0.70625 0.2515625 0.0265625 0.03984375
1 0.640625 0.35078125 0.04375 0.08828125
0 0.396875 0.15390625 0.0140625 0.021875
2 0.39296875 0.303125 0.01484375 0.03671875
4 0.396875 0.35390625 0.009375 0.0203125
4 0.165625 0.91015625 0.009375 0.01640625
4 0.53984375 0.67109375 0.009375 0.01875
4 0.54921875 0.665625 0.009375 0.0203125
4 0.640625 0.553125 0.00625 0.01875
0 0.6203125 0.48828125 0.01015625 0.02109375
2 0.653125 0.503125 0.01171875 0.0359375
0 0.63046875 0.43203125 0.01171875 0.01953125
4 0.87578125 0.03828125 0.01015625 0.01953125
2 0.86640625 0.01328125 0.0203125 0.02578125
2 0.78125 0.01640625 0.021875 0.0328125
2 0.8015625 0.01875 0.02109375 0.03359375
2 0.71796875 0.14765625 0.02109375 0.03046875
4 0.696875 0.15 0.01171875 0.01953125
4 0.68125 0.16796875 0.00859375 0.015625
4 0.6796875 0.1890625 0.009375 0.01640625
4 0.6890625 0.19453125 0.01015625 0.01640625
4 0.64765625 0.2109375 0.00859375 0.01640625
2 0.596875 0.32421875 0.0203125 0.03046875
4 0.546875 0.415625 0.0109375 0.01640625
2 0.4015625 0.5734375 0.01953125 0.02890625
4 0.36796875 0.59921875 0.00859375 0.015625
4 0.13515625 0.98046875 0.01015625 0.01171875
4 0.121875 0.9765625 0.01171875 0.01875
4 0.41875 0.53125 0.009375 0.015625
4 0.5109375 0.41953125 0.00859375 0.01484375
2 0.415625 0.428125 0.01171875 0.0390625
2 0.41015625 0.4828125 0.00859375 0.015625
2 0.35703125 0.0859375 0.01875 0.03515625
2 0.55703125 0.70859375 0.0140625 0.03359375
0 0.334375 0.52421875 0.01640625 0.03046875
4 0.45 0.278125 0.00625 0.01328125
4 0.44375 0.278125 0.00546875 0.01328125
4 0.39296875 0.06328125 0.009375 0.01796875
2 0.44140625 0.21328125 0.01796875 0.03046875
4 0.66640625 0.31796875 0.00703125 0.009375
4 0.628125 0.46875 0.00625 0.009375
4 0.43125 0.525 0.00703125 0.01484375
0 0.228125 0.68671875 0.01484375 0.021875
2 0.19609375 0.67734375 0.02109375 0.03828125
2 0.18359375 0.78359375 0.01640625 0.02578125
2 0.68046875 0.2984375 0.01875 0.0359375