2 0.3515625 0.11796875 0.01484375 0.0390625
2 0.36953125 0.153125 0.01640625 0.03359375
2 0.36875 0.24609375 0.01640625 0.03359375
2 0.3875 0.259375 0.015625 0.03203125
2 0.3734375 0.21015625 0.01875 0.03046875
2 0.409375 0.2359375 0.01640625 0.03359375
2 0.44296875 0.3140625 0.015625 0.03125
0 0.403125 0.27890625 0.01171875 0.025
6 0.3359375 0.66796875 0.02578125 0.04296875
0 0.596875 0.459375 0.01171875 0.015625
4 0.53515625 0.5234375 0.01015625 0.0109375
4 0.71328125 0.290625 0.009375 0.01484375
4 0.75625 0.059375 0.009375 0.01484375
2 0.80078125 0.14140625 0.02109375 0.03046875
2 0.75703125 0.153125 0.0203125 0.02578125
2 0.7125 0.203125 0.0203125 0.0296875
2 0.6546875 0.20625 0.02421875 0.03359375
2 0.69921875 0.278125 0.01640625 0.03046875
2 0.69296875 0.23125 0.0203125 0.03515625
2 0.66484375 0.284375 0.01796875 0.02890625
4 0.6828125 0.14921875 0.00859375 0.01875
1 0.5015625 0.44140625 0.05546875 0.06328125
2 0.81328125 0.0609375 0.021875 0.034375
2 0.396875 0.5734375 0.01953125 0.02890625
2 0.33671875 0.084375 0.01875 0.03515625
0 0.33203125 0.5125 0.01484375 0.01875
2 0.259375 0.53125 0.01796875 0.03671875
2 0.1734375 0.775 0.01640625 0.03046875
2 0.2890625 0.021875 0.0203125 0.034375
4 0.3546875 0.625 0.01015625 0.0140625
2 0.59140625 0.434375 0.01640625 0.03125
0 0.6171875 0.53515625 0.0140625 0.02109375
0 0.221875 0.67734375 0.0140625 0.0203125
2 0.30703125 0.70859375 0.0203125 0.03125
2 0.7515625 0.209375 0.01875 0.0296875
2 0.34375 0.02734375 0.02109375 0.0390625
4 0.33046875 0.05625 0.00859375 0.0140625
2 0.4671875 0.48125 0.01953125 0.03828125
4 0.36484375 0.6109375 0.00859375 0.01484375
4 0.39453125 0.66875 0.009375 0.01640625
2 0.31328125 0.028125 0.01953125 0.03984375
2 0.3828125 0.30546875 0.01953125 0.03359375
3 0.45390625 0.24296875 0.01796875 0.03671875
2 0.4015625 0.471875 0.01484375 0.0390625
2 0.36015625 0.6359375 0.02109375 0.03046875
4 0.34921875 0.5828125 0.009375 0.01484375
4 0.3734375 0.67109375 0.00859375 0.01796875
4 0.42109375 0.6375 0.009375 0.01640625
4 0.23671875 0.88671875 0.0140625 0.01796875
4 0.27578125 0.84140625 0.01171875 0.01953125
4 0.57421875 0.4890625 0.00859375 0.015625
4 0.55859375 0.48671875 0.01171875 0.01328125
4 0.51171875 0.55390625 0.01015625 0.0140625
4 0.56171875 0.53046875 0.00859375 0.0140625
2 0.62578125 0.36640625 0.01796875 0.03359375
2 0.64609375 0.31640625 0.01796875 0.034375
4 0.67578125 0.334375 0.00703125 0.0140625
4 0.66484375 0.31328125 0.00625 0.015625
2 0.81953125 0.10546875 0.01953125 0.0296875
2 0.83984375 0.07265625 0.0203125 0.03046875
4 0.83359375 0.05078125 0.01015625 0.01484375
0 0.79375 0.01328125 0.0203125 0.02578125
2 0.6546875 0.74609375 0.01796875 0.0359375
4 0.64375 0.76015625 0.01171875 0.0203125
2 0.55078125 0.73828125 0.01796875 0.03359375
2 0.578125 0.74296875 0.01875 0.0359375
2 0.58359375 0.79765625 0.01953125 0.03671875
4 0.590625 0.77890625 0.009375 0.01953125
1 0.565625 0.68203125 0.03359375 0.07890625
2 0.7015625 0.90078125 0.01796875 0.03828125
2 0.7328125 0.934375 0.02109375 0.03828125
2 0.71171875 0.86640625 0.02109375 0.0234375
4 0.54296875 0.66015625 0.00859375 0.01796875
4 0.534375 0.66796875 0.00625 0.0140625
4 0.52734375 0.671875 0.00859375 0.01640625
4 0.52578125 0.68671875 0.00859375 0.01171875
4 0.5203125 0.68828125 0.00625 0.01484375
4 0.5265625 0.70546875 0.00625 0.01328125
4 0.53828125 0.725 0.00859375 0.01640625
4 0.534375 0.709375 0.00625 0.01171875
4 0.53671875 0.69921875 0.00703125 0.01484375
4 0.53515625 0.68515625 0.00625 0.01171875
4 0.503125 0.540625 0.009375 0.01015625
4 0.49296875 0.56640625 0.00859375 0.009375
4 0.5109375 0.578125 0.0140625 0.01171875
4 0.52109375 0.4984375 0.009375 0.015625
4 0.521875 0.48046875 0.00859375 0.01328125
4 0.53515625 0.43046875 0.01015625 0.0140625
4 0.553125 0.440625 0.00859375 0.01484375
4 0.540625 0.45078125 0.00859375 0.01015625
4 0.54609375 0.46640625 0.01015625 0.01015625
4 0.55546875 0.45546875 0.01328125 0.01171875
4 0.565625 0.44609375 0.00859375 0.0109375
4 0.6109375 0.4421875 0.00859375 0.01328125
4 0.59921875 0.40546875 0.00703125 0.01796875
4 0.6078125 0.3890625 0.00625 0.01640625
2 0.63046875 0.4125 0.0140625 0.03125
4 0.64453125 0.38203125 0.00625 0.0109375
4 0.65859375 0.3546875 0.00703125 0.0140625
4 0.653125 0.37265625 0.00703125 0.015625
4 0.66328125 0.34140625 0.00546875 0.0109375
4 0.66796875 0.33828125 0.0046875 0.01015625
4 0.67578125 0.34375 0.00546875 0.00859375
4 0.66640625 0.34921875 0.00625 0.01015625
4 0.69140625 0.315625 0.00625 0.0140625
2 0.68046875 0.31171875 0.01875 0.0296875
2 0.7265625 0.259375 0.01796875 0.03046875
4 0.71875 0.30078125 0.00859375 0.01328125
4 0.7390625 0.26171875 0.009375 0.01484375
0 0.746875 0.18125 0.01171875 0.025
0 0.71015625 0.1390625 0.01328125 0.0234375
4 0.63671875 0.2015625 0.00859375 0.01484375
2 0.76796875 0.21796875 0.01640625 0.02890625
2 0.77421875 0.1796875 0.0234375 0.03203125
0 0.77890625 0.15 0.01328125 0.01875
2 0.7765625 0.109375 0.01953125 0.028125
0 0.79453125 0.084375 0.01328125 0.02421875
2 0.834375 0.02578125 0.0203125 0.03125
2 0.88046875 0.0265625 0.025 0.0390625
4 0.87734375 0.05703125 0.01171875 0.01796875
4 0.82109375 0.1265625 0.01015625 0.01484375
4 0.81328125 0.14453125 0.009375 0.0140625
2 0.83046875 0.14765625 0.0265625 0.03828125
2 0.72578125 0.03515625 0.01875 0.03203125
0 0.68125 0.08671875 0.0140625 0.02421875
0 0.66640625 0.0953125 0.0109375 0.021875
4 0.73125 0.0984375 0.0109375 0.01875
2 0.546875 0.221875 0.02109375 0.028125
4 0.534375 0.20078125 0.009375 0.01796875
4 0.49765625 0.2 0.01015625 0.0140625
2 0.4390625 0.209375 0.01875 0.03203125
4 0.39921875 0.32109375 0.00703125 0.01796875
4 0.415625 0.3140625 0.00859375 0.015625
4 0.371875 0.3234375 0.00625 0.01484375
4 0.38203125 0.34140625 0.00703125 0.01484375
4 0.41875 0.35546875 0.00625 0.0140625
4 0.4125 0.36796875 0.00703125 0.01640625
0 0.44921875 0.38359375 0.0140625 0.0234375
4 0.45625 0.60625 0.01015625 0.0109375
4 0.43828125 0.60859375 0.01171875 0.0140625
2 0.165625 0.91171875 0.0203125 0.028125
2 0.19140625 0.884375 0.01796875 0.028125
2 0.165625 0.88203125 0.0203125 0.03125
4 0.14609375 0.90546875 0.01015625 0.01640625
2 0.134375 0.93828125 0.01875 0.03515625
2 0.11796875 0.97421875 0.01953125 0.0296875
2 0.09765625 0.9828125 0.02109375 0.034375
2 0.1984375 0.83046875 0.02109375 0.03359375
2 0.215625 0.834375 0.01015625 0.03125
4 0.19453125 0.85546875 0.0109375 0.01796875
2 0.2234375 0.796875 0.021875 0.03046875
2 0.246875 0.8015625 0.025 0.03984375
2 0.25390625 0.740625 0.01796875 0.0265625
2 0.18828125 0.66796875 0.0203125 0.03515625
4 0.25390625 0.62421875 0.00546875 0.01953125
2 0.28046875 0.7109375 0.01875 0.0296875
2 0.28828125 0.73203125 0.0203125 0.03359375
2 0.30625 0.66484375 0.01953125 0.034375
2 0.26875 0.76796875 0.02109375 0.03125
2 0.33125 0.625 0.01796875 0.02890625
4 0.35078125 0.60078125 0.00703125 0.015625
2 0.365625 0.57578125 0.01875 0.03046875
2 0.37890625 0.6078125 0.01875 0.028125
0 0.38828125 0.53671875 0.01171875 0.021875
2 0.3859375 0.19140625 0.01875 0.0359375
2 0.409375 0.18203125 0.01640625 0.040625
2 0.45390625 0.15703125 0.02109375 0.034375
3 0.42734375 0.178125 0.01171875 0.021875
4 0.4078125 0.15390625 0.0046875 0.01015625
4 0.4015625 0.153125 0.00546875 0.01171875
4 0.396875 0.1390625 0.00625 0.015625
0 0.40703125 0.13359375 0.01328125 0.0234375
0 0.39453125 0.115625 0.0109375 0.01875
2 0.38125 0.1109375 0.01640625 0.0359375
2 0.39296875 0.07109375 0.01796875 0.03125
2 0.359375 0.0609375 0.01875 0.03203125
2 0.371875 0.034375 0.01953125 0.03671875
4 0.31640625 0.0546875 0.00859375 0.015625
4 0.28671875 0.05078125 0.00859375 0.0140625
4 0.271875 0.03203125 0.009375 0.0140625
4 0.31796875 0.09375 0.00703125 0.01640625
2 0.34375 0.1484375 0.01484375 0.02578125
4 0.45546875 0.2984375 0.009375 0.01875
3 0.57890625 0.21171875 0.01796875 0.03046875
0 0.3921875 0.146875 0.00859375 0.0140625
2 0.428125 0.2734375 0.02109375 0.03671875
4 0.44609375 0.271875 0.00625 0.0140625
4 0.565625 0.7390625 0.00625 0.0109375
4 0.38203125 0.58671875 0.00859375 0.01171875