2 0.01796875 0.04375 0.01875 0.0484375
2 0.0484375 0.0484375 0.021875 0.046875
2 0.03515625 0.1859375 0.01796875 0.0453125
2 0.05 0.1984375 0.01796875 0.04453125
2 0.021875 0.23828125 0.01796875 0.04609375
2 0.03984375 0.24296875 0.01640625 0.04609375
2 0.00859375 0.31328125 0.0171875 0.0578125
2 0.1546875 0.26015625 0.021875 0.04375
2 0.12109375 0.45625 0.02890625 0.021875
2 0.04453125 0.5234375 0.028125 0.01875
2 0.04375 0.55078125 0.0265625 0.01953125
2 0.0453125 0.57109375 0.025 0.01796875
2 0.0734375 0.51796875 0.0265625 0.021875
2 0.07734375 0.54375 0.028125 0.02109375
2 0.103125 0.54140625 0.021875 0.0203125
2 0.1015625 0.571875 0.02578125 0.0203125
2 0.1234375 0.5140625 0.0234375 0.0234375
2 0.12890625 0.540625 0.02421875 0.02109375
2 0.13046875 0.56015625 0.02421875 0.0203125
2 0.1546875 0.5390625 0.02578125 0.01796875
2 0.153125 0.5109375 0.02578125 0.01953125
2 0.18359375 0.53671875 0.02578125 0.0234375
2 0.16171875 0.5625 0.02421875 0.021875
2 0.49375 0.4515625 0.0265625 0.025
2 0.4984375 0.36796875 0.025 0.021875
2 0.66171875 0.4453125 0.03046875 0.0203125
2 0.9828125 0.33671875 0.0265625 0.021875
2 0.76953125 0.171875 0.0265625 0.02578125
2 0.778125 0.253125 0.02890625 0.03046875
4 0.8390625 0.4015625 0.01328125 0.01640625
4 0.6890625 0.421875 0.01640625 0.01875
4 0.32421875 0.4359375 0.01484375 0.01875
4 0.2484375 0.3859375 0.0140625 0.01171875
4 0.26015625 0.365625 0.01484375 0.01484375
4 0.18203125 0.4390625 0.015625 0.01640625
4 0.0234375 0.47265625 0.015625 0.01640625
4 0.03671875 0.5046875 0.01328125 0.01328125
4 0.0375 0.5359375 0.01015625 0.009375
4 0.03203125 0.590625 0.01015625 0.01484375
4 0.04140625 0.58671875 0.0109375 0.0140625
4 0.05390625 0.58671875 0.01328125 0.01328125
4 0.0546875 0.60390625 0.01171875 0.01171875
4 0.065625 0.58046875 0.0109375 0.00859375
4 0.06328125 0.56015625 0.0109375 0.01328125
4 0.0640625 0.56953125 0.01328125 0.0109375
4 0.09140625 0.55859375 0.01328125 0.00859375
4 0.10234375 0.55625 0.01015625 0.0109375
4 0.01015625 0.2734375 0.00859375 0.021875
4 0.03046875 0.009375 0.00703125 0.01875
4 0.0203125 0.00703125 0.00625 0.0140625
4 0.00546875 0.06640625 0.00625 0.0234375
0 0.03046875 0.2828125 0.015625 0.034375
0 0.19296875 0.37421875 0.02421875 0.01875
0 0.0984375 0.51796875 0.021875 0.0203125
0 0.0765625 0.5640625 0.01875 0.01640625
0 0.12421875 0.58125 0.0203125 0.01953125
0 0.98125 0.40859375 0.02109375 0.0265625
6 0.46484375 0.5875 0.04609375 0.034375
6 0.071875 0.32578125 0.02890625 0.06796875