4 0.56015625 0.96953125 0.00546875 0.02109375
4 0.5734375 0.959375 0.00546875 0.01875
4 0.61953125 0.6921875 0.00546875 0.01484375
4 0.6484375 0.63828125 0.00703125 0.01640625
4 0.57578125 0.70390625 0.00546875 0.01484375
4 0.5265625 0.60625 0.00703125 0.01640625
4 0.46640625 0.5609375 0.009375 0.01171875
4 0.58125 0.5 0.00703125 0.01796875
4 0.5890625 0.50234375 0.009375 0.01328125
4 0.58828125 0.52109375 0.00625 0.01484375
4 0.57890625 0.53671875 0.00703125 0.015625
4 0.61484375 0.5203125 0.00703125 0.0140625
4 0.63203125 0.48515625 0.00859375 0.01328125
4 0.70703125 0.51796875 0.00859375 0.009375
4 0.67890625 0.51796875 0.00859375 0.00703125
4 0.66796875 0.44140625 0.009375 0.00859375
4 0.74375 0.578125 0.01015625 0.00625
4 0.72890625 0.55546875 0.01015625 0.009375
4 0.721875 0.55234375 0.00859375 0.00859375
4 0.68046875 0.54453125 0.00859375 0.00546875
4 0.68671875 0.54296875 0.00859375 0.00546875
4 0.68828125 0.55078125 0.00859375 0.00625
4 0.68125 0.553125 0.009375 0.0046875
4 0.6875 0.55703125 0.00859375 0.00703125
4 0.68046875 0.56171875 0.00859375 0.00625
4 0.68828125 0.5640625 0.009375 0.00625
4 0.67890625 0.57578125 0.01015625 0.00703125
4 0.81328125 0.390625 0.00859375 0.009375
4 0.96171875 0.36875 0.009375 0.00703125
4 0.453125 0.4390625 0.00859375 0.00859375
4 0.39296875 0.42734375 0.00859375 0.00703125
4 0.37109375 0.41875 0.01015625 0.00703125
4 0.3375 0.40625 0.00859375 0.009375
4 0.303125 0.4234375 0.009375 0.00703125
4 0.27578125 0.43203125 0.00859375 0.00859375
4 0.265625 0.42265625 0.01015625 0.009375
4 0.23203125 0.4359375 0.009375 0.009375
4 0.23359375 0.44609375 0.01015625 0.0109375
4 0.165625 0.4296875 0.009375 0.009375
4 0.190625 0.4390625 0.009375 0.00859375
4 0.11328125 0.415625 0.01328125 0.00703125
4 0.1 0.428125 0.0109375 0.00625
4 0.11953125 0.440625 0.01171875 0.00703125
4 0.14296875 0.4375 0.01015625 0.00859375
4 0.178125 0.38828125 0.01015625 0.00859375
4 0.19296875 0.35859375 0.00703125 0.009375
2 0.20078125 0.296875 0.009375 0.03203125
2 0.29375 0.46328125 0.01640625 0.01171875
2 0.17265625 0.4578125 0.01640625 0.015625
0 0.56015625 0.64296875 0.00625 0.02109375
0 0.56875 0.6328125 0.00625 0.0203125
0 0.5625 0.70703125 0.00859375 0.0203125
0 0.58046875 0.75859375 0.00625 0.0203125
0 0.5609375 0.815625 0.00859375 0.0203125
2 0.5609375 0.871875 0.009375 0.028125
2 0.5703125 0.84609375 0.00625 0.02890625
2 0.61015625 0.78359375 0.00859375 0.02890625
2 0.57265625 0.7484375 0.00859375 0.0359375
2 0.57578125 0.678125 0.00859375 0.03046875
2 0.57265625 0.5984375 0.00859375 0.02578125
2 0.59140625 0.6015625 0.00859375 0.0234375
2 0.5796875 0.6375 0.00859375 0.03203125
2 0.5859375 0.6734375 0.00859375 0.028125
2 0.58359375 0.721875 0.00703125 0.03125
2 0.58125 0.80703125 0.00859375 0.03125
2 0.59296875 0.54921875 0.0109375 0.02890625
2 0.68203125 0.53359375 0.01640625 0.0140625
2 0.70703125 0.55703125 0.01640625 0.01171875
2 0.71796875 0.5421875 0.01796875 0.0140625
2 0.72578125 0.51796875 0.01640625 0.0140625
2 0.740625 0.54296875 0.015625 0.0140625
2 0.759375 0.53203125 0.01640625 0.01796875
2 0.77578125 0.54453125 0.01796875 0.015625
2 0.796875 0.5109375 0.01796875 0.01484375
2 0.78515625 0.34296875 0.00859375 0.0265625
2 0.83125 0.353125 0.01640625 0.01640625
1 0.90703125 0.5140625 0.05546875 0.02890625
2 0.95390625 0.50703125 0.0203125 0.0203125
2 0.99140625 0.5265625 0.01640625 0.01640625
4 0.928125 0.53828125 0.01171875 0.009375
0 0.79375 0.36171875 0.01015625 0.0203125
2 0.671875 0.4140625 0.01875 0.02109375
2 0.490625 0.44921875 0.015625 0.01875
2 0.4765625 0.415625 0.01796875 0.01640625
2 0.4609375 0.45625 0.01953125 0.0140625
0 0.56875 0.37890625 0.01328125 0.01484375
2 0.353125 0.43671875 0.015625 0.01328125
0 0.415625 0.44453125 0.0140625 0.01171875
0 0.23828125 0.3890625 0.01171875 0.02109375
0 0.15703125 0.39453125 0.01171875 0.01328125
0 0.12578125 0.42578125 0.01484375 0.01328125
2 0.021875 0.43203125 0.0203125 0.02109375
2 0.05703125 0.5765625 0.01953125 0.01953125
4 0.02578125 0.559375 0.01328125 0.01328125
4 0.028125 0.40859375 0.01015625 0.0109375
2 0.503125 0.5578125 0.01953125 0.02578125
0 0.6125 0.50390625 0.01171875 0.02109375
0 0.6015625 0.490625 0.01015625 0.02109375