5 0.2265625 0.68046875 0.06171875 0.03515625
5 0.290625 0.67578125 0.0640625 0.03515625
6 0.14375 0.890625 0.0390625 0.03125
2 0.2046875 0.87421875 0.0265625 0.025
2 0.0796875 0.94140625 0.02109375 0.02109375
0 0.14140625 0.94296875 0.015625 0.01875
4 0.08828125 0.8 0.01796875 0.01796875
2 0.3859375 0.70390625 0.021875 0.02578125
2 0.39140625 0.8015625 0.025 0.02578125
2 0.38203125 0.9296875 0.02421875 0.02421875
5 0.54296875 0.821875 0.0640625 0.04375
2 0.56796875 0.74921875 0.0234375 0.04296875
4 0.61484375 0.90703125 0.01640625 0.01171875
5 0.6015625 0.8703125 0.04609375 0.03515625
4 0.53359375 0.68359375 0.01015625 0.02578125
4 0.515625 0.70390625 0.00703125 0.0234375
4 0.4921875 0.70078125 0.015625 0.02578125
4 0.4890625 0.65 0.01015625 0.02421875
4 0.4984375 0.60390625 0.00859375 0.01796875
4 0.52109375 0.5390625 0.01328125 0.0265625
0 0.484375 0.58125 0.01484375 0.03203125
2 0.528125 0.44453125 0.0140625 0.034375
0 0.49296875 0.51015625 0.01015625 0.02578125
4 0.47578125 0.5078125 0.00703125 0.02109375
4 0.67578125 0.8546875 0.0140625 0.0234375
4 0.65 0.86171875 0.0140625 0.01640625
2 0.70078125 0.790625 0.03046875 0.02890625
0 0.7109375 0.8640625 0.01796875 0.0296875
5 0.83359375 0.88984375 0.06875 0.0484375
4 0.86796875 0.79296875 0.01171875 0.01953125
0 0.89921875 0.89140625 0.01640625 0.0234375
2 0.78203125 0.70625 0.0265625 0.03125
0 0.93984375 0.8 0.01796875 0.025
4 0.9890625 0.884375 0.01171875 0.0203125
4 0.47890625 0.03125 0.0140625 0.02109375