3 0.1734375 0.63671875 0.0203125 0.0203125
0 0.05390625 0.76171875 0.01640625 0.0140625
0 0.13125 0.7484375 0.01328125 0.01171875
0 0.07890625 0.6703125 0.015625 0.01484375
0 0.02109375 0.70546875 0.01328125 0.015625
0 0.25390625 0.73828125 0.015625 0.01484375
0 0.31171875 0.5515625 0.0140625 0.01484375
4 0.253125 0.56796875 0.0140625 0.01484375
4 0.27421875 0.28671875 0.01171875 0.01171875
0 0.43046875 0.340625 0.015625 0.0140625
0 0.290625 0.69375 0.01484375 0.01328125
4 0.38359375 0.50703125 0.009375 0.01171875
0 0.4234375 0.39140625 0.01171875 0.01953125
0 0.56171875 0.503125 0.01328125 0.01875
0 0.415625 0.60703125 0.01171875 0.015625
4 0.53125 0.634375 0.01015625 0.015625
4 0.621875 0.328125 0.01171875 0.0140625
4 0.71953125 0.37890625 0.01015625 0.02109375
0 0.8171875 0.153125 0.01484375 0.01796875
4 0.61484375 0.29375 0.0109375 0.01484375
0 0.69296875 0.478125 0.0109375 0.021875
0 0.75625 0.03125 0.0109375 0.02109375
0 0.703125 0.159375 0.0140625 0.01484375
4 0.8484375 0.18046875 0.00859375 0.02421875
4 0.0359375 0.7640625 0.01328125 0.01015625
4 0.5125 0.6234375 0.009375 0.009375
4 0.384375 0.60625 0.0109375 0.01171875
4 0.4 0.6109375 0.009375 0.01171875
0 0.21953125 0.62734375 0.01171875 0.01328125
4 0.25546875 0.5984375 0.01171875 0.009375
4 0.42734375 0.59296875 0.0109375 0.01484375
4 0.296875 0.27109375 0.01015625 0.01484375
4 0.44296875 0.3765625 0.01015625 0.0140625
2 0.31796875 0.303125 0.021875 0.028125
0 0.471875 0.34453125 0.01484375 0.01484375
4 0.5171875 0.64765625 0.01328125 0.01484375
4 0.4484375 0.45703125 0.009375 0.01796875
4 0.25546875 0.2578125 0.00859375 0.01484375
2 0.27890625 0.23203125 0.02109375 0.028125
4 0.15546875 0.30859375 0.0109375 0.01796875
0 0.29296875 0.4859375 0.01171875 0.0140625
0 0.15625 0.35625 0.0109375 0.015625
4 0.16328125 0.16875 0.0109375 0.0140625
2 0.1984375 0.390625 0.01953125 0.0296875
4 0.59921875 0.709375 0.01015625 0.01875
4 0.6234375 0.58125 0.0109375 0.01640625
4 0.5640625 0.6390625 0.0109375 0.015625
4 0.66875 0.41015625 0.01328125 0.01328125
4 0.55625 0.421875 0.01328125 0.01171875
4 0.62109375 0.69921875 0.00859375 0.015625
0 0.61796875 0.50078125 0.01015625 0.015625
4 0.559375 0.40390625 0.009375 0.01171875
4 0.71796875 0.6515625 0.01015625 0.01875
4 0.81171875 0.75234375 0.00859375 0.01875
2 0.68671875 0.59609375 0.0203125 0.02890625
4 0.7362231296874999 0.837169278125 0.73934316875 0.8309298671875001 0.7318407078125 0.8224481125 0.7288130374999999 0.8288500578125 0.7362231296874999 0.837169278125
0 0.8265625 0.73828125 0.01796875 0.0265625
4 0.87578125 0.83046875 0.01015625 0.0203125
4 0.8234375 0.77109375 0.009375 0.0140625
4 0.86015625 0.8296875 0.01171875 0.0140625
4 0.89453125 0.85078125 0.0109375 0.01796875
4 0.82109375 0.7984375 0.01171875 0.01875
4 0.8296875 0.78984375 0.00859375 0.01875
3 0.5546875 0.69375 0.01953125 0.0203125
4 0.8734375 0.96484375 0.01171875 0.01328125
0 0.70859375 0.740625 0.01328125 0.01953125
0 0.678125 0.51328125 0.01015625 0.021875
0 0.665625 0.50546875 0.009375 0.01953125
0 0.7359375 0.47109375 0.00859375 0.01875
4 0.75703125 0.31796875 0.00703125 0.015625
4 0.79609375 0.15390625 0.0109375 0.01171875
0 0.72734375 0.67578125 0.01015625 0.0203125
4 0.4140625 0.496875 0.01171875 0.0109375
0 0.67578125 0.46171875 0.0109375 0.02421875
0 0.1765625 0.3328125 0.01640625 0.02109375
2 0.46328125 0.56171875 0.0203125 0.025
0 0.50390625 0.66015625 0.009375 0.01796875
4 0.515625 0.47109375 0.01015625 0.0203125
4 0.578125 0.690625 0.0109375 0.01796875
4 0.434375 0.615625 0.0109375 0.0109375
4 0.4515625 0.5765625 0.009375 0.01484375
4 0.55078125 0.640625 0.01015625 0.0109375
4 0.53203125 0.46796875 0.00703125 0.01484375
4 0.5390625 0.4109375 0.00703125 0.01640625
4 0.54453125 0.40625 0.00703125 0.01796875
4 0.653125 0.24453125 0.009375 0.01015625
4 0.615625 0.359375 0.0109375 0.0109375
2 0.51328125 0.4984375 0.01875 0.021875
2 0.5536233765625 0.4844120453125 0.5374412937499999 0.47567977812500006 0.5342626734375 0.4962262796875 0.5507337171875 0.50136290625 0.5536233765625 0.4844120453125
2 0.6147395718750001 0.6015322765625 0.6204208343750001 0.6017426265625 0.620193390625 0.588227325 0.608056834375 0.5728174484374999 0.6045892312500001 0.5861726859374999 0.6147395718750001 0.6015322765625
4 0.8390625 0.77421875 0.01171875 0.01328125
3 0.6765625 0.8078125 0.01796875 0.01953125
0 0.80078125 0.759375 0.01484375 0.0140625
4 0.58515625 0.67109375 0.009375 0.015625
2 0.709375 0.6859375 0.01953125 0.021875
4 0.565625 0.725 0.01171875 0.01328125
0 0.4953125 0.51171875 0.01328125 0.015625
4 0.603125 0.690625 0.01015625 0.01484375
4 0.76484375 0.7171875 0.00859375 0.0140625
4 0.70546875 0.665625 0.00859375 0.015625
4 0.69453125 0.659375 0.01328125 0.01171875
4 0.34375 0.5484375 0.00703125 0.01328125
4 0.33359375 0.53046875 0.00859375 0.01484375
0 0.20078125 0.603125 0.015625 0.01875
2 0.49140625 0.41171875 0.02109375 0.02421875
2 0.134375 0.33203125 0.02109375 0.0234375
2 0.27578125 0.52421875 0.025 0.01640625
0 0.21953125 0.55 0.0109375 0.0203125
3 0.18203125 0.75625 0.0140625 0.02109375
4 0.271875 0.6 0.01171875 0.015625
3 0.58046875 0.5421875 0.01640625 0.0234375
2 0.41328125 0.6359375 0.01796875 0.021875
4 0.503125 0.6390625 0.01015625 0.0109375
4 0.62578125 0.25078125 0.00859375 0.01796875
4 0.5484375 0.46640625 0.0109375 0.015625
4 0.46640625 0.384375 0.0109375 0.0109375
4 0.56953125 0.4234375 0.01015625 0.01484375
0 0.51796875 0.39296875 0.01328125 0.015625
0 0.68203125 0.4359375 0.01171875 0.021875
2 0.58828125 0.465625 0.009375 0.03125
4 0.63828125 0.28828125 0.01015625 0.015625
4 0.78203125 0.871875 0.01328125 0.0203125
5 0.43634169375000004 0.42126188124999997 0.4345368234375 0.44147430156249995 0.4639562421875 0.44949510468750004 0.464858678125 0.4318493390625 0.43634169375000004 0.42126188124999997
3 0.63984375 0.60234375 0.015625 0.01796875
4 0.65390625 0.60078125 0.01796875 0.0203125
0 0.51171875 0.41875 0.01328125 0.01953125
0 0.59140625 0.36875 0.01171875 0.01484375
2 0.49375 0.434375 0.02109375 0.01640625
4 0.91171875 0.88359375 0.009375 0.015625
4 0.9234375 0.8828125 0.00859375 0.01953125
4 0.9359375 0.91328125 0.01171875 0.01953125
4 0.946875 0.93671875 0.01015625 0.01640625
4 0.9734375 0.97421875 0.01171875 0.02109375
4 0.9859375 0.965625 0.01328125 0.02109375
4 0.87890625 0.8109375 0.01328125 0.01640625
4 0.70546875 0.80078125 0.01171875 0.01796875
4 0.71953125 0.8359375 0.00859375 0.01640625
4 0.66328125 0.78125 0.01015625 0.01484375
4 0.65390625 0.75625 0.009375 0.0140625
4 0.65546875 0.734375 0.00859375 0.01953125
4 0.66640625 0.75078125 0.009375 0.021875
4 0.59296875 0.73671875 0.01015625 0.01640625
4 0.5765625 0.721875 0.00859375 0.015625
4 0.56953125 0.67578125 0.01015625 0.01171875
4 0.56796875 0.6625 0.01171875 0.0109375
4 0.565625 0.65390625 0.0109375 0.01015625
4 0.34453125 0.57265625 0.01015625 0.01328125
4 0.35625 0.52578125 0.01640625 0.01484375
4 0.346875 0.4921875 0.009375 0.015625
4 0.340625 0.47265625 0.01171875 0.015625
4 0.32890625 0.48359375 0.009375 0.01328125
4 0.4734375 0.4484375 0.00859375 0.0140625
4 0.48203125 0.45 0.00546875 0.0140625
4 0.3984375 0.3890625 0.01015625 0.01953125
4 0.3640625 0.35390625 0.00859375 0.01640625
4 0.3734375 0.3390625 0.01328125 0.01484375
4 0.290625 0.2859375 0.009375 0.01171875
4 0.259375 0.246875 0.009375 0.0140625
4 0.18046875 0.17265625 0.01171875 0.0140625
4 0.125 0.13125 0.01328125 0.01875
4 0.053125 0.6765625 0.01875 0.01640625
4 0.5859375 0.50078125 0.00859375 0.01640625
4 0.59453125 0.50625 0.00546875 0.01875
4 0.60859375 0.49140625 0.00703125 0.01171875
4 0.61171875 0.5078125 0.00625 0.0140625
4 0.60703125 0.5109375 0.00625 0.015625
4 0.6015625 0.5234375 0.00703125 0.01328125
4 0.76015625 0.2765625 0.00859375 0.01328125
4 0.828125 0.1828125 0.01328125 0.01875
4 0.75859375 0.16640625 0.01015625 0.01484375
4 0.7515625 0.12578125 0.01171875 0.015625
4 0.84140625 0.11875 0.01796875 0.015625
4 0.7953125 0.0375 0.01015625 0.01640625
4 0.8515625 0.98203125 0.01328125 0.01796875
0 0.765625 0.88125 0.01484375 0.025
0 0.76484375 0.734375 0.01484375 0.01875
0 0.4140625 0.5515625 0.0109375 0.01953125
0 0.37734375 0.56953125 0.01640625 0.01875
0 0.3625 0.484375 0.01484375 0.01875
0 0.38828125 0.44921875 0.01484375 0.0140625
0 0.4171875 0.45 0.01484375 0.01484375
0 0.08515625 0.684375 0.015625 0.01484375
0 0.05546875 0.18046875 0.015625 0.025
2 0.02734375 0.0703125 0.021875 0.02890625
2 0.1484375 0.10859375 0.02109375 0.02890625
2 0.071875 0.26640625 0.02109375 0.028125
0 0.11328125 0.26640625 0.01875 0.025
2 0.159375 0.18828125 0.02421875 0.03046875
2 0.20546875 0.20625 0.02421875 0.03125
2 0.24921875 0.27265625 0.0234375 0.021875
0 0.44453125 0.39453125 0.0140625 0.01484375
2 0.4640625 0.40390625 0.021875 0.02109375
0 0.5484375 0.34765625 0.01171875 0.02578125
0 0.58125 0.33828125 0.01796875 0.0203125
0 0.73828125 0.31015625 0.01328125 0.021875
0 0.6984375 0.39140625 0.01328125 0.01640625
0 0.68828125 0.40703125 0.01171875 0.01953125
2 0.73515625 0.38515625 0.01015625 0.03515625
2 0.69453125 0.4375 0.0140625 0.028125
4 0.66328125 0.46796875 0.00625 0.01171875
4 0.66171875 0.48828125 0.00703125 0.01171875
4 0.67109375 0.48515625 0.00703125 0.01328125
0 0.6703125 0.63046875 0.0140625 0.0234375
0 0.6703125 0.596875 0.01328125 0.0234375
3 0.79296875 0.73203125 0.015625 0.02421875
3 0.765625 0.67109375 0.0140625 0.03046875
2 0.37109375 0.5125 0.01796875 0.0265625
2 0.38671875 0.4796875 0.02109375 0.028125
2 0.51796875 0.440625 0.01953125 0.02109375
3 0.11640625 0.14296875 0.01875 0.03203125
3 0.3375 0.34921875 0.01875 0.0265625
2 0.48515625 0.4671875 0.02421875 0.01875
2 0.62421875 0.459375 0.01796875 0.02421875
1 0.22421875 0.68046875 0.059375 0.0640625
1 0.546875 0.6 0.0546875 0.053125
1 0.60078125 0.65078125 0.04609375 0.0640625
1 0.64453125 0.5234375 0.021875 0.10703125
2 0.6015625 0.54609375 0.01953125 0.03515625
3 0.41328125 0.52421875 0.03203125 0.04453125
0 0.6015625 0.30078125 0.015625 0.0296875
6 0.47890625 0.62890625 0.03046875 0.05625
3 0.64453125 0.628125 0.02578125 0.046875
2 0.70625 0.6171875 0.01875 0.040625
2 0.68203125 0.665625 0.01640625 0.03203125
2 0.53515625 0.42578125 0.02578125 0.03828125