5 0.11640625 0.68203125 0.0390625 0.02578125
5 0.14140625 0.6453125 0.03828125 0.0203125
4 0.00546875 0.47109375 0.0109375 0.01015625
6 0.20390625 0.57109375 0.03203125 0.01796875
2 0.20546875 0.54921875 0.02109375 0.01171875
3 0.1890625 0.534375 0.01640625 0.00859375
2 0.2484375 0.53515625 0.01796875 0.01484375
5 0.27421875 0.63984375 0.034375 0.01953125
3 0.30703125 0.50390625 0.01953125 0.01796875
6 0.490625 0.625 0.0265625 0.0203125
4 0.4640625 0.4609375 0.009375 0.0109375
3 0.5734375 0.6265625 0.01484375 0.0109375
0 0.59609375 0.565625 0.01328125 0.01015625
2 0.60078125 0.49375 0.015625 0.0140625
2 0.59453125 0.45546875 0.01484375 0.009375
1 0.659375 0.3859375 0.04375 0.01796875
5 0.715625 0.38828125 0.0453125 0.01953125
4 0.79375 0.3953125 0.0140625 0.009375
2 0.87109375 0.403125 0.015625 0.015625
4 0.84375 0.3359375 0.00859375 0.01171875
5 0.9 0.41171875 0.01796875 0.0140625
5 0.93671875 0.3953125 0.015625 0.01640625
4 0.6984375 0.59375 0.00859375 0.0109375
3 0.6890625 0.57421875 0.0140625 0.01015625
3 0.7421875 0.5234375 0.01640625 0.01484375
0 0.81640625 0.60859375 0.01015625 0.01015625
4 0.809375 0.596875 0.009375 0.00859375
4 0.815625 0.5875 0.01015625 0.00703125
4 0.81953125 0.57734375 0.00859375 0.00703125
5 0.7890625 0.565625 0.040625 0.02578125
3 0.8109375 0.5203125 0.02109375 0.0140625
0 0.84453125 0.60859375 0.0109375 0.0109375
5 0.88125 0.64140625 0.03984375 0.02109375
2 0.86953125 0.60078125 0.0140625 0.01484375
4 0.91328125 0.6078125 0.00859375 0.00625
3 0.9484375 0.5953125 0.021875 0.01796875
5 0.94375 0.54140625 0.0546875 0.0234375
2 0.89609375 0.4796875 0.015625 0.01640625