2 0.06953125 0.67734375 0.0203125 0.01640625
2 0.11640625 0.7171875 0.01875 0.0140625
6 0.08359375 0.6015625 0.040625 0.0203125
6 0.04921875 0.703125 0.03984375 0.01953125
1 0.15625 0.72265625 0.04921875 0.021875
1 0.19140625 0.67734375 0.03828125 0.01875
6 0.2140625 0.728125 0.03671875 0.02109375
5 0.23828125 0.7015625 0.0640625 0.0203125
6 0.26484375 0.66640625 0.03203125 0.01875
2 0.284375 0.596875 0.01875 0.01484375
2 0.30703125 0.596875 0.01875 0.0140625
3 0.26953125 0.515625 0.02109375 0.01484375
2 0.33828125 0.42265625 0.01484375 0.0140625
2 0.33828125 0.44140625 0.01328125 0.0140625
2 0.3328125 0.7171875 0.01484375 0.01171875
2 0.38984375 0.7265625 0.01953125 0.01484375
2 0.43203125 0.71875 0.01796875 0.01484375
2 0.4734375 0.721875 0.0203125 0.015625
2 0.515625 0.715625 0.021875 0.01640625
2 0.57109375 0.72578125 0.021875 0.0140625
2 0.48828125 0.59296875 0.01171875 0.0265625
2 0.5375 0.60859375 0.01875 0.015625
2 0.546875 0.571875 0.0140625 0.01953125
2 0.6125 0.59140625 0.01640625 0.01875
2 0.67578125 0.5984375 0.01484375 0.01328125
0 0.309375 0.68203125 0.009375 0.00859375
5 0.3921875 0.7 0.06015625 0.021875
4 0.41328125 0.67578125 0.009375 0.00625
4 0.53671875 0.69765625 0.00859375 0.00703125
4 0.56953125 0.68203125 0.00703125 0.00859375
0 0.621875 0.68203125 0.01015625 0.0109375
5 0.64140625 0.7265625 0.0609375 0.02109375
6 0.6671875 0.69296875 0.046875 0.0265625
1 0.01953125 0.80625 0.0390625 0.025
4 0.01484375 0.83515625 0.00859375 0.00859375
4 0.19140625 0.8234375 0.009375 0.01015625
4 0.2078125 0.83046875 0.00859375 0.00859375
4 0.22890625 0.81953125 0.00703125 0.00703125
4 0.25546875 0.8203125 0.009375 0.00703125
4 0.25546875 0.83203125 0.00859375 0.00859375
4 0.28828125 0.81015625 0.00859375 0.00859375
4 0.24296875 0.85390625 0.00859375 0.009375
4 0.37109375 0.834375 0.00859375 0.00703125
3 0.4296875 0.78046875 0.0203125 0.01796875
6 0.45625 0.80859375 0.03671875 0.021875
2 0.5484375 0.8359375 0.0140625 0.01484375
4 0.58203125 0.82890625 0.00703125 0.00703125
4 0.60625 0.89296875 0.00546875 0.01328125
2 0.690625 0.86328125 0.01796875 0.01640625
3 0.71171875 0.83203125 0.025 0.0203125
4 0.91484375 0.84453125 0.009375 0.00859375
4 0.915625 0.83515625 0.009375 0.00625
4 0.9546875 0.821875 0.01015625 0.00703125
3 0.828125 0.73125 0.01796875 0.01484375
4 0.83984375 0.671875 0.00625 0.00625
4 0.83984375 0.68203125 0.00859375 0.00625
3 0.87265625 0.70859375 0.0203125 0.015625
6 0.89609375 0.68203125 0.04140625 0.021875
3 0.8984375 0.72890625 0.021875 0.01484375
3 0.96328125 0.6765625 0.01484375 0.0140625
4 0.98359375 0.70390625 0.00859375 0.00625
2 0.96875 0.6 0.01875 0.01484375
2 0.90546875 0.5640625 0.015625 0.0140625
2 0.90859375 0.48203125 0.00859375 0.0265625
2 0.8640625 0.521875 0.00859375 0.028125
3 0.7828125 0.60078125 0.01875 0.0140625
4 0.63359375 0.66640625 0.00625 0.009375
4 0.5359375 0.55703125 0.00390625 0.01328125
0 0.54296875 0.5484375 0.00859375 0.015625
3 0.5265625 0.6421875 0.009375 0.02890625
3 0.51796875 0.596875 0.00859375 0.03671875
6 0.50703125 0.51953125 0.01328125 0.0515625
6 0.52578125 0.55078125 0.01640625 0.06796875
3 0.55390625 0.53359375 0.01484375 0.02421875
0 0.446875 0.54375 0.00703125 0.01953125
0 0.4390625 0.48984375 0.0109375 0.0109375
0 0.4515625 0.490625 0.009375 0.01328125
0 0.4515625 0.50546875 0.00703125 0.01640625
2 0.48125 0.46328125 0.00859375 0.03046875
4 0.50390625 0.45859375 0.003125 0.0140625
3 0.4671875 0.3609375 0.00703125 0.0265625
3 0.45625 0.36171875 0.00859375 0.03671875
2 0.45234375 0.32109375 0.00546875 0.0234375
4 0.44140625 0.32578125 0.00625 0.00546875
2 0.440625 0.290625 0.0140625 0.01640625
2 0.4453125 0.271875 0.01484375 0.01640625
2 0.44453125 0.24453125 0.01484375 0.01953125
4 0.4640625 0.2515625 0.003125 0.01484375
4 0.43359375 0.31953125 0.00390625 0.0109375
4 0.4265625 0.325 0.00625 0.00546875
4 0.4234375 0.309375 0.0046875 0.0109375
4 0.4234375 0.265625 0.00703125 0.00625
4 0.42578125 0.24296875 0.00625 0.00625
2 0.43046875 0.19140625 0.01484375 0.01796875
2 0.44375 0.18046875 0.01640625 0.01640625
0 0.45078125 0.1984375 0.009375 0.015625
2 0.43515625 0.15625 0.0140625 0.01328125
4 0.44921875 0.15625 0.00625 0.00546875
4 0.44453125 0.1671875 0.00625 0.0046875
2 0.44296875 0.04609375 0.009375 0.0296875
3 0.43359375 0.04296875 0.00703125 0.02890625
3 0.42109375 0.1171875 0.01640625 0.015625
2 0.49375 0.0234375 0.00703125 0.03125
6 0.53203125 0.14765625 0.01484375 0.0734375
2 0.53984375 0.35546875 0.009375 0.02578125
2 0.53203125 0.378125 0.00859375 0.0265625
3 0.534375 0.428125 0.00859375 0.03359375
2 0.5484375 0.45546875 0.00625 0.02421875
4 0.440625 0.3078125 0.00625 0.00546875