4 0.3265625 0.5515625 0.01015625 0.01875
4 0.31484375 0.49609375 0.00625 0.01796875
4 0.32421875 0.46015625 0.009375 0.01953125
4 0.32421875 0.484375 0.00703125 0.01875
4 0.3328125 0.478125 0.00703125 0.01953125
0 0.34296875 0.48125 0.01171875 0.028125
2 0.34140625 0.44140625 0.01640625 0.04453125
4 0.3734375 0.46796875 0.009375 0.01875
2 0.38359375 0.421875 0.0140625 0.0390625
2 0.34609375 0.51953125 0.01875 0.0390625
2 0.35625 0.565625 0.01953125 0.0390625
4 0.38203125 0.53359375 0.00703125 0.01875
4 0.38359375 0.58046875 0.00703125 0.01875
4 0.33203125 0.628125 0.00859375 0.015625
4 0.2578125 0.5515625 0.01171875 0.01484375
2 0.26171875 0.51875 0.01875 0.046875
4 0.16875 0.83671875 0.01015625 0.0234375
4 0.19921875 0.865625 0.01015625 0.01953125
4 0.2109375 0.81640625 0.01015625 0.0203125
4 0.2234375 0.8203125 0.009375 0.021875
4 0.21171875 0.77421875 0.01015625 0.0203125
4 0.22109375 0.7546875 0.009375 0.0203125
4 0.23828125 0.7390625 0.009375 0.01953125
4 0.24296875 0.7609375 0.00859375 0.01953125
4 0.30703125 0.721875 0.009375 0.01796875
2 0.2890625 0.68125 0.021875 0.0453125
2 0.28828125 0.953125 0.0234375 0.03671875
4 0.31328125 0.909375 0.009375 0.015625
0 0.31640625 0.953125 0.01484375 0.02421875
2 0.33203125 0.85390625 0.01953125 0.03125
2 0.3484375 0.8859375 0.02109375 0.0296875
4 0.3453125 0.9171875 0.009375 0.01484375
4 0.34453125 0.96640625 0.009375 0.01328125
4 0.35390625 0.95625 0.00546875 0.015625
4 0.36796875 0.840625 0.009375 0.01484375
4 0.390625 0.8140625 0.01015625 0.01484375
4 0.4015625 0.84140625 0.009375 0.01171875
2 0.43828125 0.83125 0.025 0.0296875
2 0.43828125 0.76953125 0.021875 0.02890625
4 0.47578125 0.72890625 0.009375 0.01171875
4 0.48828125 0.7234375 0.0109375 0.01015625
4 0.49921875 0.73671875 0.01171875 0.01328125
4 0.49140625 0.75 0.01171875 0.01328125
2 0.53515625 0.71796875 0.025 0.03515625
2 0.5484375 0.76953125 0.0234375 0.0234375
4 0.56953125 0.70390625 0.01015625 0.01484375
4 0.58828125 0.71171875 0.00859375 0.01171875
4 0.6078125 0.765625 0.01171875 0.0109375
4 0.59921875 0.678125 0.00859375 0.01484375
4 0.58671875 0.62578125 0.00859375 0.015625
4 0.63046875 0.578125 0.00625 0.01875
4 0.6390625 0.6109375 0.00546875 0.01796875
4 0.66640625 0.55390625 0.00859375 0.01640625
0 0.58359375 0.6609375 0.01171875 0.02421875
2 0.60859375 0.62890625 0.01640625 0.03828125
0 0.61796875 0.65703125 0.01328125 0.028125
2 0.6046875 0.57578125 0.01484375 0.04140625
4 0.60859375 0.4734375 0.00546875 0.0234375
4 0.61796875 0.47890625 0.00546875 0.0203125
4 0.62578125 0.45546875 0.00546875 0.01875
4 0.62734375 0.403125 0.00859375 0.015625
2 0.6484375 0.4859375 0.01875 0.0359375
2 0.67890625 0.5296875 0.01640625 0.034375
2 0.59921875 0.3890625 0.01953125 0.03515625
4 0.6 0.3609375 0.00859375 0.015625
4 0.5734375 0.36875 0.009375 0.015625
4 0.56640625 0.34140625 0.009375 0.01328125
4 0.57109375 0.32421875 0.01015625 0.01328125
4 0.55078125 0.3171875 0.01015625 0.01171875
4 0.64296875 0.296875 0.00546875 0.01953125
4 0.70546875 0.1453125 0.01171875 0.01015625
4 0.7015625 0.171875 0.01328125 0.0140625
4 0.70078125 0.1890625 0.0109375 0.01328125
4 0.70078125 0.2015625 0.01171875 0.01015625
4 0.6984375 0.21875 0.01171875 0.01171875
4 0.69609375 0.25 0.01015625 0.0109375
4 0.69453125 0.26796875 0.0109375 0.00625
4 0.69375 0.278125 0.01171875 0.009375
4 0.67578125 0.24765625 0.01171875 0.0109375
4 0.678125 0.2578125 0.01015625 0.01015625
4 0.67421875 0.265625 0.01171875 0.009375
4 0.62265625 0.13046875 0.00546875 0.02109375
4 0.65703125 0.07578125 0.01171875 0.01015625
4 0.6609375 0.0578125 0.01171875 0.01328125
4 0.65703125 0.01640625 0.00703125 0.0140625
4 0.665625 0.03203125 0.01171875 0.01015625
4 0.6515625 0.03828125 0.009375 0.0140625
2 0.76171875 0.31640625 0.025 0.04140625
2 0.81953125 0.17890625 0.015625 0.046875
2 0.72421875 0.55546875 0.01796875 0.03671875
2 0.73203125 0.6046875 0.01796875 0.03125
0 0.7734375 0.6671875 0.015625 0.025
4 0.76171875 0.5515625 0.01015625 0.015625
4 0.74296875 0.69375 0.01171875 0.01875
4 0.759375 0.696875 0.01015625 0.01640625
2 0.79921875 0.678125 0.02109375 0.03359375
2 0.8234375 0.7109375 0.021875 0.02578125
2 0.8703125 0.72890625 0.0203125 0.03671875
2 0.86171875 0.7609375 0.01953125 0.03203125
2 0.85546875 0.78046875 0.02578125 0.04296875
4 0.8921875 0.83359375 0.00859375 0.01640625
2 0.91171875 0.840625 0.0203125 0.03203125
4 0.85625 0.87890625 0.01015625 0.0140625
4 0.828125 0.96953125 0.01015625 0.0140625
4 0.64765625 0.84921875 0.0109375 0.01171875
4 0.13125 0.9890625 0.01171875 0.01875
2 0.05546875 0.97734375 0.03359375 0.0453125
4 0.3390625 0.39921875 0.009375 0.0203125
0 0.36875 0.33984375 0.0140625 0.02890625
2 0.409375 0.36484375 0.021875 0.04140625
4 0.3984375 0.34921875 0.00703125 0.01875
4 0.4078125 0.30390625 0.009375 0.01640625
0 0.29296875 0.26484375 0.015625 0.02890625
4 0.26171875 0.26171875 0.009375 0.0203125
0 0.24140625 0.24921875 0.0140625 0.025
4 0.24609375 0.21796875 0.00703125 0.01875
4 0.253125 0.209375 0.009375 0.01953125
4 0.23046875 0.19453125 0.01015625 0.01796875
4 0.203125 0.121875 0.009375 0.01875
2 0.20078125 0.153125 0.02421875 0.0453125
4 0.17421875 0.03828125 0.009375 0.015625
0 0.21484375 0.009375 0.0140625 0.01875
4 0.2421875 0.09296875 0.01015625 0.01640625
0 0.28125 0.09453125 0.015625 0.0234375
2 0.39921875 0.0625 0.021875 0.0359375
2 0.365625 0.090625 0.01953125 0.04375
0 0.31171875 0.1828125 0.015625 0.02421875
4 0.33515625 0.1421875 0.01328125 0.015625
4 0.346875 0.1375 0.01171875 0.01015625
4 0.353125 0.1640625 0.01171875 0.0140625
4 0.39375 0.16953125 0.009375 0.01171875
4 0.39453125 0.18359375 0.01171875 0.01953125
4 0.359375 0.2109375 0.00859375 0.0203125
4 0.428125 0.103125 0.00859375 0.021875
2 0.33671875 0.19296875 0.02109375 0.02890625
2 0.33046875 0.21171875 0.02109375 0.0296875
2 0.365625 0.1890625 0.01953125 0.0265625
2 0.35234375 0.234375 0.02109375 0.028125
2 0.37578125 0.221875 0.01875 0.028125
0 0.3921875 0.21328125 0.01484375 0.02109375
2 0.3890625 0.265625 0.0265625 0.02890625
2 0.45625 0.2125 0.0203125 0.03828125
2 0.4734375 0.290625 0.02578125 0.02578125
0 0.4390625 0.32265625 0.01640625 0.02109375
4 0.43359375 0.25703125 0.0109375 0.01796875
4 0.44609375 0.27421875 0.0109375 0.01953125
2 0.47421875 0.13125 0.02578125 0.03984375
0 0.4359375 0.053125 0.0109375 0.0265625
2 0.41875 0.015625 0.01796875 0.02890625
4 0.4703125 0.03984375 0.009375 0.01796875
4 0.4875 0.0453125 0.01015625 0.01796875
4 0.46953125 0.06328125 0.01015625 0.01640625
4 0.4828125 0.0734375 0.01015625 0.01953125
2 0.515625 0.03515625 0.0203125 0.04375
4 0.50859375 0.10234375 0.01015625 0.01953125
4 0.803125 0.56015625 0.01015625 0.01875
4 0.81953125 0.68515625 0.01171875 0.01796875
4 0.8140625 0.65546875 0.009375 0.01484375
2 0.31953125 0.06796875 0.01796875 0.04140625
3 0.2578125 0.09375 0.01796875 0.02890625
3 0.303125 0.1234375 0.0203125 0.025
3 0.3734375 0.17265625 0.01875 0.021875
3 0.60703125 0.30078125 0.01328125 0.0609375
2 0.9359375 0.884375 0.02421875 0.03984375
2 0.9703125 0.93359375 0.025 0.04375
3 0.26796875 0.6859375 0.02578125 0.0515625
2 0.3484375 0.08671875 0.02109375 0.0359375
3 0.56953125 0.65703125 0.01328125 0.021875