0 0.0890625 0.69609375 0.015625 0.01484375
0 0.04375 0.73046875 0.01328125 0.015625
0 0.21484375 0.7171875 0.0140625 0.01484375
0 0.30703125 0.665625 0.01328125 0.01171875
4 0.34921875 0.55703125 0.009375 0.01328125
0 0.27421875 0.74765625 0.01640625 0.01484375
0 0.23671875 0.57421875 0.0109375 0.0203125
0 0.3375 0.60234375 0.01171875 0.01796875
0 0.52890625 0.6890625 0.01328125 0.01640625
4 0.525 0.459375 0.01328125 0.01875
2 0.61015625 0.52109375 0.0203125 0.02890625
0 0.575 0.6765625 0.01171875 0.015625
0 0.54453125 0.65859375 0.01484375 0.0234375
0 0.6203125 0.359375 0.01015625 0.02109375
0 0.6046875 0.36171875 0.01484375 0.01796875
0 0.5796875 0.5234375 0.00859375 0.0234375
0 0.7046875 0.20234375 0.015625 0.0234375
0 0.7953125 0.23125 0.015625 0.02109375
4 0.8296875 0.20390625 0.00859375 0.02421875
0 0.88046875 0.075 0.0140625 0.0296875
2 0.7137834703125 0.6208517687499999 0.698071084375 0.6031977875 0.695254696875 0.6129469984375 0.70906561875 0.6313018640625 0.7137834703125 0.6208517687499999
2 0.7299405734375 0.639559734375 0.719119765625 0.627702578125 0.714524621875 0.6337629109375 0.7265312749999999 0.64930894375 0.7299405734375 0.639559734375
4 0.573705909375 0.4930137859375 0.5677767015625 0.4874804453125 0.56244040625 0.50355348125 0.5659979328125 0.508559840625 0.573705909375 0.4930137859375
4 0.14921875 0.6890625 0.01015625 0.009375
4 0.13671875 0.78046875 0.0109375 0.01171875
0 0.21796875 0.6390625 0.01171875 0.009375
4 0.24296875 0.709375 0.0109375 0.01484375
4 0.38046875 0.371875 0.01015625 0.01484375
4 0.4859375 0.46953125 0.01015625 0.0140625
4 0.4125 0.53125 0.01171875 0.01328125
4 0.5046875 0.44765625 0.00859375 0.0140625
0 0.6078125 0.33984375 0.01328125 0.01484375
4 0.3859375 0.36953125 0.009375 0.01796875
4 0.3046875 0.303125 0.00859375 0.01484375
4 0.23984375 0.1921875 0.01171875 0.01171875
3 0.15703125 0.29296875 0.01875 0.028125
4 0.27109375 0.5984375 0.01171875 0.0140625
4 0.3578125 0.471875 0.0109375 0.015625
2 0.21796875 0.41484375 0.01953125 0.0296875
2 0.16796875 0.1359375 0.021875 0.02421875
4 0.553125 0.41875 0.01171875 0.0140625
0 0.58203125 0.3796875 0.01171875 0.01640625
4 0.6125 0.5890625 0.0140625 0.01328125
4 0.6171875 0.534375 0.0109375 0.01640625
4 0.659375 0.58125 0.0109375 0.015625
4 0.565625 0.3734375 0.01328125 0.01328125
4 0.67109375 0.32421875 0.01328125 0.01171875
2 0.6015625 0.54921875 0.01328125 0.0234375
2 0.755321246875 0.8639532328125 0.7581649453125 0.8503848140624999 0.7357773812499999 0.8312760984375 0.7321227703125001 0.843999671875 0.755321246875 0.8639532328125
0 0.6826499453125 0.799036028125 0.685249978125 0.7870193765625 0.670335378125 0.7753055140625 0.6674397625 0.7872504625000001 0.6826499453125 0.799036028125
4 0.9890625 0.94921875 0.01171875 0.01875
4 0.98359375 0.965625 0.01171875 0.01328125
4 0.7296875 0.846875 0.00859375 0.01171875
0 0.725 0.40703125 0.01015625 0.021875
0 0.7734375 0.42109375 0.00859375 0.01875
4 0.75703125 0.41875 0.00703125 0.015625
4 0.775 0.34609375 0.0109375 0.01171875
4 0.6640625 0.47421875 0.01171875 0.0109375
0 0.7546875 0.49765625 0.0109375 0.02421875
0 0.64375 0.3359375 0.01640625 0.02421875
2 0.19453125 0.809375 0.0203125 0.015625
4 0.14296875 0.6609375 0.015625 0.01328125
4 0.35390625 0.57890625 0.0140625 0.009375
4 0.7890625 0.7234375 0.015625 0.025
0 0.71640625 0.82578125 0.015625 0.01953125
2 0.57421875 0.67890625 0.01796875 0.00859375
2 0.45703125 0.67421875 0.01953125 0.0265625
4 0.51875 0.65234375 0.0109375 0.015625
4 0.57578125 0.70390625 0.01328125 0.01328125
4 0.58828125 0.51171875 0.00859375 0.01171875
4 0.58359375 0.6484375 0.01171875 0.015625
4 0.60546875 0.65859375 0.00703125 0.01953125
4 0.65078125 0.59140625 0.01328125 0.0203125
5 0.521875 0.53671875 0.02109375 0.078125
4 0.378125 0.52421875 0.01328125 0.0140625
3 0.41796875 0.57421875 0.01171875 0.0109375
4 0.421875 0.55078125 0.01328125 0.0140625
4 0.4640625 0.43671875 0.0140625 0.015625
4 0.46875 0.58125 0.009375 0.01015625
4 0.496875 0.5890625 0.0109375 0.0109375
0 0.17578125 0.38203125 0.0109375 0.01328125
1 0.153125 0.35625 0.01953125 0.0234375
2 0.296875 0.25546875 0.01953125 0.02109375
0 0.1578125 0.3265625 0.01953125 0.021875
0 0.68359375 0.26875 0.01328125 0.0140625
0 0.70859375 0.3203125 0.0109375 0.01328125
0 0.67109375 0.265625 0.0140625 0.015625
4 0.745051471875 0.35777880781250004 0.741447271875 0.3510516859375 0.7333378234375 0.3635449234375 0.7360997234375 0.3693716234375 0.745051471875 0.35777880781250004
4 0.77265625 0.29140625 0.01015625 0.0109375
4 0.8265625 0.18359375 0.00859375 0.02109375
2 0.68958894375 0.4848044734375 0.6835372828125 0.47717020625 0.6722148109375 0.4962558671875 0.6775571921875 0.502957234375 0.68958894375 0.4848044734375
2 0.7045132 0.48282057187499994 0.698071115625 0.4779623984375 0.6910433640625 0.4960070390625 0.6952670359375 0.50001491875 0.7045132 0.48282057187499994
0 0.530442478125 0.68388929375 0.52234880625 0.6783557421874999 0.5195471421875 0.6863793859375 0.5274851828125 0.6938497031249999 0.530442478125 0.68388929375
0 0.47842691875 0.621319071875 0.4793608015625 0.611912040625 0.46908805937500003 0.6130187453125 0.46995688125 0.6205108953125 0.47842691875 0.621319071875
0 0.6856396765625 0.6131443953125 0.678989421875 0.6224326484375 0.6991776734374999 0.662963203125 0.70587471875 0.6509878734375001 0.6856396765625 0.6131443953125
2 0.6906063671875 0.48111927187500003 0.670289578125 0.48385524999999996 0.670905228125 0.4986295375 0.69122201875 0.4942519765625 0.6906063671875 0.48111927187500003
4 0.759375 0.71640625 0.01484375 0.015625
4 0.546875 0.50078125 0.01328125 0.01328125
4 0.721875 0.65625 0.01171875 0.01328125
2 0.86640625 0.815625 0.015625 0.01796875
3 0.928125 0.87109375 0.01484375 0.0140625
2 0.7765625 0.86796875 0.0203125 0.02890625
2 0.6314285828124999 0.5653516390625 0.61939166875 0.5501145984375 0.6172031312499999 0.55951618125 0.6272338937499999 0.5718354875 0.6314285828124999 0.5653516390625
4 0.6265625 0.51875 0.009375 0.01484375
4 0.5859375 0.4890625 0.009375 0.01171875
0 0.64453125 0.26484375 0.009375 0.034375
0 0.4515625 0.5203125 0.0140625 0.01484375
3 0.57109375 0.428125 0.01796875 0.03125
0 0.6546875 0.59609375 0.01484375 0.01171875
0 0.478125 0.44375 0.01171875 0.01328125
4 0.41875 0.39609375 0.01328125 0.0140625
4 0.31171875 0.57421875 0.01171875 0.01015625
4 0.50234375 0.37421875 0.0109375 0.01171875
3 0.40546875 0.6390625 0.01640625 0.015625
0 0.35078125 0.67421875 0.0203125 0.01796875
4 0.4359375 0.621875 0.0140625 0.0140625
1 0.8190138328125001 0.7966008312499999 0.8458523031249999 0.826154353125 0.8506024796875 0.8084222531249999 0.8235264859375 0.7839350359374999 0.8231641828124999 0.7834870281249999 0.8190138328125001 0.7966008312499999
4 0.80703125 0.87421875 0.00703125 0.01640625
4 0.79375 0.8734375 0.009375 0.01953125
4 0.6703125 0.61328125 0.01171875 0.01484375
2 0.5265625 0.628125 0.0203125 0.0296875
3 0.3546875 0.371875 0.02109375 0.02890625
2 0.40078125 0.40546875 0.01875 0.025
4 0.60703125 0.39921875 0.0140625 0.0203125
4 0.53125 0.4390625 0.01015625 0.015625
2 0.5953125 0.60234375 0.021875 0.02109375
3 0.70546875 0.44140625 0.00859375 0.01875
0 0.7140625 0.453125 0.00625 0.02890625
0 0.721875 0.475 0.00859375 0.01484375
0 0.715625 0.5 0.00859375 0.02421875
0 0.64140625 0.56796875 0.01796875 0.021875
2 0.61171875 0.7140625 0.0234375 0.03203125
2 0.63515625 0.74765625 0.01796875 0.02890625
4 0.69140625 0.7984375 0.009375 0.01328125
4 0.7015625 0.815625 0.00859375 0.01171875
4 0.3578125 0.653125 0.01328125 0.01328125
0 0.28671875 0.61796875 0.01875 0.02109375
0 0.2421875 0.640625 0.01640625 0.01640625
0 0.19296875 0.646875 0.01640625 0.01640625
1 0.703125 0.371875 0.04609375 0.0890625
1 0.7546875 0.2625 0.04375 0.08046875
2 0.28671875 0.54296875 0.0265625 0.0234375
0 0.4375 0.63984375 0.01796875 0.01796875
5 0.56171875 0.62109375 0.04375 0.040625