4 0.19453125 0.43203125 0.01328125 0.01875
4 0.19609375 0.45625 0.01328125 0.01015625
4 0.2125 0.446875 0.01171875 0.01171875
4 0.2140625 0.41953125 0.01015625 0.01171875
2 0.18359375 0.61796875 0.021875 0.025
2 0.03046875 0.53828125 0.0203125 0.0234375
2 0.0546875 0.55234375 0.01796875 0.01640625
2 0.07578125 0.5546875 0.015625 0.01640625
2 0.0395833328125 0.590277778125 0.04140625 0.5935185187500001 0.0458333328125 0.5930555562500001 0.0497537109375 0.5733549 0.0434895828125 0.5648148140625 0.0395833328125 0.5791666671875 0.0395833328125 0.590277778125
2 0.05703125 0.5648148140625 0.0541713734375 0.5681167671875 0.0522079625 0.5772834875 0.0463541671875 0.5930555562500001 0.053125 0.5958333328125 0.056770832812500005 0.5930555562500001 0.060416667187499995 0.5699074078125 0.05703125 0.5648148140625
2 0.0953125 0.58046875 0.01953125 0.0203125
2 0.0953125 0.54921875 0.015625 0.01875
0 0.0390625 0.50859375 0.0140625 0.015625
4 0.03515625 0.4875 0.0109375 0.009375
4 0.06328125 0.51015625 0.009375 0.0140625
4 0.1109375 0.528125 0.01171875 0.01015625
2 0.09817708281250001 0.6398148140625 0.09427083281250001 0.64305555625 0.0916666671875 0.6523148140624999 0.0916666671875 0.6634259265625 0.096875 0.665277778125 0.10260416718750001 0.6486111109375 0.1020833328125 0.6421296296875 0.09817708281250001 0.6398148140625
2 0.0859375 0.6921296296875 0.08671875 0.7009259265625001 0.09375 0.7023148140625 0.0973958328125 0.6763888890625 0.0966145828125 0.66944444375 0.090625 0.6726851859375 0.0859375 0.6921296296875
2 0.09036458281250001 0.7074074078125 0.0838541671875 0.7125 0.08072916718749999 0.728240740625 0.08125 0.7375 0.0869791671875 0.7393518515624999 0.0901041671875 0.7328703703125 0.0921875 0.7189814812499999 0.09036458281250001 0.7074074078125
0 0.34453125 0.7921875 0.01875 0.025
2 0.3984375 0.84375 0.01484375 0.04453125
0 0.40546875 0.93984375 0.00703125 0.02421875
0 0.421875 0.96875 0.00859375 0.0203125
0 0.44921875 0.8640625 0.01484375 0.01015625
0 0.45078125 0.77265625 0.00546875 0.01640625
0 0.45859375 0.775 0.00546875 0.02109375
0 0.44453125 0.696875 0.00859375 0.025
0 0.453125 0.73046875 0.00625 0.025
0 0.48046875 0.98515625 0.00859375 0.0234375
2 0.471875 0.6390625 0.01328125 0.034375
4 0.43515625 0.6140625 0.00546875 0.01640625
0 0.44921875 0.615625 0.00703125 0.0140625
0 0.46796875 0.59609375 0.00625 0.0203125
0 0.47890625 0.5734375 0.00703125 0.02109375
4 0.46015625 0.57734375 0.00703125 0.02109375
4 0.51015625 0.57578125 0.00859375 0.01953125
4 0.46328125 0.5484375 0.0046875 0.01796875
0 0.49375 0.54140625 0.00859375 0.02890625
0 0.4765625 0.53125 0.00703125 0.02109375
4 0.46953125 0.515625 0.00546875 0.01015625
0 0.4859375 0.51953125 0.00859375 0.025
4 0.4546875 0.50625 0.00625 0.01640625
0 0.4671875 0.4875 0.00703125 0.02578125
4 0.47578125 0.48046875 0.00546875 0.0140625
0 0.48671875 0.46640625 0.00859375 0.02421875
0 0.47421875 0.43515625 0.009375 0.01484375
4 0.34921875 0.4390625 0.01015625 0.00546875
4 0.4015625 0.41640625 0.01171875 0.00703125
2 0.36640625 0.49765625 0.02109375 0.021875
2 0.390625 0.496875 0.02109375 0.01953125
2 0.3859375 0.47890625 0.01953125 0.01875
2 0.384375 0.46015625 0.0234375 0.01875
0 0.4859375 0.38046875 0.009375 0.02421875
0 0.5015625 0.35078125 0.00546875 0.01875
4 0.5109375 0.359375 0.00703125 0.021875
4 0.52109375 0.378125 0.00546875 0.02109375
4 0.39296875 0.38359375 0.00546875 0.0203125
4 0.40078125 0.378125 0.0046875 0.02421875
4 0.4109375 0.3765625 0.00390625 0.01875
4 0.41484375 0.37578125 0.003125 0.01953125
4 0.41796875 0.37578125 0.00390625 0.025
4 0.421875 0.3734375 0.00390625 0.028125
4 0.42578125 0.37421875 0.003125 0.01796875
4 0.4203125 0.34609375 0.00625 0.015625
4 0.43359375 0.3734375 0.00390625 0.01875
4 0.43541666718750005 0.36064814843750004 0.43567708281249995 0.36759259218749996 0.44114583281249997 0.36990740781250003 0.43932291718750005 0.3601851859375 0.43541666718750005 0.36064814843750004
4 0.4453125 0.36796875 0.00859375 0.00859375
4 0.44140625 0.35078125 0.00859375 0.009375
4 0.42890625 0.34140625 0.00390625 0.01484375
4 0.43359375 0.33671875 0.0046875 0.01484375
4 0.43671875 0.32734375 0.00625 0.009375
4 0.4390625 0.31484375 0.00859375 0.01015625
4 0.44609375 0.3140625 0.00703125 0.009375
4 0.45078125 0.30390625 0.00859375 0.0046875
4 0.45078125 0.296875 0.00625 0.00859375
4 0.45859375 0.28828125 0.01015625 0.00546875
4 0.46796875 0.2984375 0.00625 0.00859375
4 0.46328125 0.2703125 0.00546875 0.00859375
4 0.48203125 0.22421875 0.00859375 0.00546875
4 0.484375 0.21640625 0.009375 0.009375
4 0.46953125 0.33984375 0.00390625 0.00859375
4 0.48515625 0.30859375 0.0046875 0.015625
4 0.50078125 0.31796875 0.00390625 0.0140625
0 0.49296875 0.2796875 0.009375 0.021875
0 0.49140625 0.32734375 0.00703125 0.021875
0 0.4682291671875 0.316203703125 0.46875 0.31805555625 0.47355722343749995 0.3240998390625 0.478125 0.3078703703125 0.478125 0.30509259218749996 0.47760416718750004 0.303240740625 0.47578125 0.3009259265625 0.47421875 0.3009259265625 0.4721354171875 0.302777778125 0.47083333281249995 0.30509259218749996 0.47083333281249995 0.30694444375 0.4682291671875 0.3134259265625 0.4682291671875 0.316203703125
4 0.45857218906249997 0.3088982078125 0.4578125 0.30694444375 0.4578125 0.309722221875 0.4546871796875 0.3124518375 0.4617911890625 0.32113848125 0.46345619375 0.315215765625 0.4661458328125 0.3143518515625 0.46123618750000006 0.3112672890625 0.45857218906249997 0.3088982078125
4 0.46328125 0.3148148140625 0.4609375 0.31990740781250004 0.4609375 0.3236111109375 0.4629698609375 0.32802710625 0.46337400781250004 0.3281412921875 0.4671875 0.31990740781250004 0.46666666718750005 0.31898148125 0.46666666718750005 0.3171296296875 0.46588541718750004 0.315740740625 0.46328125 0.3148148140625
4 0.45677083281249997 0.321759259375 0.45625 0.3143518515625 0.45494791718750005 0.3120370375 0.45078125 0.3120370375 0.45 0.3134259265625 0.45 0.315277778125 0.45390625 0.322222221875 0.45494791718750005 0.3231481484375 0.4557291671875 0.3226851859375 0.45677083281249997 0.321759259375
4 0.4518229171875 0.3292821328125 0.4544270828125 0.3292821328125 0.45494791718750005 0.330208059375 0.4557291671875 0.32974509687500003 0.4575520828125 0.3292821328125 0.4583333328125 0.32789324375 0.45885416718750005 0.3251154671875 0.45807291718750004 0.323726578125 0.45598958281249996 0.32280065156250004 0.45546875 0.3218747265625 0.45234375 0.3218747265625 0.4505208328125 0.324189540625 0.4505208328125 0.3260413921875 0.4518229171875 0.3292821328125
4 0.44817708281249996 0.3333333328125 0.44921875 0.334259259375 0.45078125 0.334259259375 0.45130208281249995 0.3351851859375 0.4544270828125 0.3351851859375 0.45494791718750005 0.3361111109375 0.45520833281249995 0.3356481484375 0.45520833281249995 0.3328703703125 0.45416666718750004 0.33101851875 0.45338541718750003 0.32777777812500003 0.45078125 0.32592592656249997 0.45026041718750004 0.32685185156249996 0.44921875 0.32685185156249996 0.4486979171875 0.32777777812500003 0.44739583281249995 0.32824074062499997 0.44739583281249995 0.33101851875 0.44817708281249996 0.3333333328125
4 0.45546875 0.3481481484375 0.4557291671875 0.3476851859375 0.45677083281249997 0.346759259375 0.45729166718750003 0.3449074078125 0.45729166718750003 0.3421296296875 0.4565104171875 0.3416666671875 0.45494791718750005 0.33888888906250003 0.45078125 0.33888888906250003 0.45 0.34027777812500004 0.45 0.3421296296875 0.45130208281249995 0.34444444375 0.45546875 0.3481481484375
4 0.4466145828125 0.34351851875 0.4479166671875 0.34305555625 0.45 0.3421296296875 0.44947916718750003 0.3393518515625 0.44609375 0.3333333328125 0.44348958281249995 0.3333333328125 0.4427083328125 0.334722221875 0.4427083328125 0.3375 0.4440104171875 0.3398148140625 0.44453125 0.3398148140625 0.44557291718750003 0.3425925921875 0.4466145828125 0.34351851875
4 0.4231770828125 0.34722222187499996 0.42505010781249997 0.34798813125 0.4270833328125 0.346759259375 0.42786458281249995 0.34629629687499996 0.4286021203125 0.3471984328125 0.4258271140625 0.338906628125 0.42527211249999997 0.3355504296875 0.4237181078125 0.33712981875 0.42369791718750005 0.3333333328125 0.4234375 0.334722221875 0.421875 0.3375 0.42338510312500005 0.341078296875 0.4231770828125 0.34722222187499996
0 0.66171875 0.81875 0.01796875 0.01875
2 0.70703125 0.8109375 0.021875 0.025
2 0.49375 0.1921875 0.01171875 0.025
2 0.5190104171875001 0.08796296249999999 0.5135416671875 0.090277778125 0.509375 0.1106481484375 0.5111979171875001 0.11944444375 0.515625 0.1199074078125 0.5223958328125 0.0986111109375 0.5229166671875001 0.09120370312500001 0.5190104171875001 0.08796296249999999
1 0.58359375 0.034375 0.0109375 0.06875
6 0.6213541671875 0.0356481484375 0.621875 0.027314814062499998 0.6174479171875 0.0203703703125 0.6104166671875 0.025462962500000002 0.596875 0.090277778125 0.59921875 0.0981481484375 0.6046875 0.1004629625 0.6083333328125 0.09398148125 0.6213541671875 0.0356481484375
6 0.5924479171875 0.1611111109375 0.5963541671875 0.1504629625 0.6046875 0.1125 0.6044270828125 0.1046296296875 0.5966145828125 0.0990740734375 0.5927083328125 0.103240740625 0.584375 0.1458333328125 0.579847934375 0.1779980765625 0.5895599765624999 0.182666646875 0.5924479171875 0.1611111109375
6 0.5856770828125 0.1879629625 0.5768229171875 0.184259259375 0.5703125 0.20694444375 0.5635416671875 0.24398148125 0.5713541671875 0.2476851859375 0.5802083328125 0.2236111109375 0.5859375 0.196759259375 0.5856770828125 0.1879629625
1 0.575 0.13287037031249999 0.57265625 0.1268518515625 0.5669270828124999 0.12407407343750002 0.5630208328124999 0.1273148140625 0.5484375 0.215277778125 0.5497395828125 0.222222221875 0.5572916671875 0.22638888906250001 0.5604166671875 0.22175925937500002 0.575 0.13287037031249999
6 0.5372395828125 0.21851851875 0.5302083328125 0.2199074078125 0.5177083328125 0.28101851875 0.5174479171875 0.2870370375 0.5265625 0.29305555625 0.5302083328125 0.2884259265625 0.5432291671875 0.22453703749999998 0.5372395828125 0.21851851875
1 0.54921875 0.25833333281250004 0.5419270828125 0.2546296296875 0.5388020828125 0.25555555625 0.5364583328125 0.2625 0.5244791671875 0.34305555625 0.5252604171875 0.3509259265625 0.5354166671875 0.3541666671875 0.5505208328125 0.266203703125 0.54921875 0.25833333281250004
1 0.54453125 0.27109375 0.00078125 0.003125
6 0.5572916671875 0.3300925921875 0.571875 0.26527777812500003 0.57109375 0.2601851859375 0.5627604171875 0.2546296296875 0.5609375 0.25509259218749997 0.5567708328125 0.2699074078125 0.5442708328125 0.32824074062499997 0.5471354171875 0.3333333328125 0.5541666671875001 0.334722221875 0.5572916671875 0.3300925921875
2 0.5791666671875 0.26527777812500003 0.5830729171875 0.2703703703125 0.5885416671875 0.2699074078125 0.5921875 0.2375 0.5856770828125 0.23333333281250002 0.5817708328125 0.24398148125 0.5791666671875 0.26527777812500003
0 0.5708333328124999 0.29675925937500003 0.5713541671875 0.30416666718749996 0.5755208328125 0.30509259218749996 0.5802083328125 0.29398148125 0.57734375 0.2870370375 0.5736979171875001 0.28796296250000003 0.5708333328124999 0.29675925937500003
0 0.56953125 0.31875 0.00859375 0.01953125
4 0.5765625 0.346875 0.0046875 0.01796875
4 0.5609375 0.33046875 0.003125 0.0140625
4 0.5609375 0.34296875 0.00546875 0.01328125
4 0.559375 0.33671875 0.00078125 0.00078125
4 0.60078125 0.35 0.00703125 0.0109375
4 0.60234375 0.365625 0.0046875 0.01484375
4 0.609375 0.3625 0.00859375 0.0140625
4 0.60859375 0.38203125 0.00859375 0.00546875
4 0.6158854171875 0.378703703125 0.6118521171875 0.3887950765625 0.6140665000000001 0.39364241718750004 0.61875 0.383796296875 0.6158854171875 0.378703703125
4 0.71953125 0.31640625 0.003125 0.01328125
4 0.7625 0.38203125 0.0046875 0.015625
4 0.60078125 0.19140625 0.00625 0.0203125
4 0.6140625 0.11328125 0.0046875 0.0203125
4 0.50625 0.22421875 0.00546875 0.0234375
4 0.51796875 0.19140625 0.00703125 0.0234375
4 0.50703125 0.28671875 0.00546875 0.0203125
4 0.590625 0.28125 0.00390625 0.01953125
4 0.634375 0.45859375 0.01015625 0.01875
4 0.66796875 0.4640625 0.0140625 0.01328125
4 0.6640625 0.47890625 0.01171875 0.01328125
2 0.73359375 0.46171875 0.025 0.01796875
4 0.74921875 0.42578125 0.00390625 0.01953125
4 0.75546875 0.42578125 0.0046875 0.0203125
4 0.77421875 0.38125 0.0046875 0.01953125
4 0.7796875 0.39140625 0.0046875 0.01875
4 0.79453125 0.42578125 0.00546875 0.01796875
4 0.7984375 0.37890625 0.00625 0.01796875
4 0.81015625 0.375 0.00625 0.01875
4 0.82578125 0.4265625 0.00703125 0.01875
4 0.8484375 0.421875 0.0046875 0.015625
4 0.8546875 0.42265625 0.00390625 0.01640625
4 0.87734375 0.421875 0.00546875 0.01328125
4 0.846875 0.38046875 0.00390625 0.0140625
4 0.8359375 0.390625 0.00546875 0.01796875
4 0.8015625 0.39375 0.00390625 0.01171875
4 0.80546875 0.38828125 0.0046875 0.01328125
4 0.809375 0.39140625 0.00390625 0.01640625
4 0.85078125 0.440625 0.009375 0.00703125
2 0.97890625 0.4828125 0.02890625 0.02890625
2 0.7453125 0.56015625 0.0234375 0.01484375
2 0.871875 0.57421875 0.03046875 0.021875
2 0.7015625 0.55 0.0140625 0.015625
2 0.7296875 0.69921875 0.01484375 0.04453125
2 0.62421875 0.53046875 0.0203125 0.01796875
0 0.6390625 0.515625 0.0109375 0.01640625
2 0.59921875 0.50625 0.00859375 0.0296875
2 0.62578125 0.55078125 0.0203125 0.015625
0 0.6234375 0.59140625 0.01328125 0.01015625
2 0.6484375 0.55390625 0.0203125 0.01171875
2 0.65390625 0.5703125 0.0203125 0.0140625
4 0.62421875 0.50859375 0.01015625 0.01640625
4 0.61796875 0.51328125 0.01015625 0.01015625
4 0.65234375 0.5109375 0.00859375 0.0109375
4 0.6640625 0.5109375 0.0140625 0.0109375
0 0.6453125 0.534375 0.0140625 0.01015625
2 0.6765625 0.5640625 0.021875 0.01328125
2 0.67578125 0.57890625 0.01796875 0.015625
2 0.74453125 0.56171875 0.02109375 0.01640625
2 0.678125 0.54140625 0.02109375 0.025
4 0.66953125 0.52265625 0.01328125 0.0109375
4 0.615625 0.5671875 0.01171875 0.00625
4 0.61484375 0.578125 0.0109375 0.01015625
4 0.6265625 0.56796875 0.00703125 0.00859375
4 0.6265625 0.5765625 0.00859375 0.01015625
4 0.6328125 0.56953125 0.0046875 0.009375
4 0.64140625 0.57890625 0.00703125 0.01484375
4 0.63671875 0.58359375 0.00703125 0.009375
4 0.634375 0.59296875 0.009375 0.01171875
4 0.725 0.58828125 0.01328125 0.01484375
4 0.7546875 0.57734375 0.01171875 0.01015625
4 0.80078125 0.58828125 0.01015625 0.0140625
4 0.83046875 0.58828125 0.01171875 0.00703125
4 0.84453125 0.59453125 0.01015625 0.0109375
4 0.86953125 0.5984375 0.0109375 0.01171875
0 0.77109375 0.64609375 0.009375 0.01796875
0 0.78828125 0.64140625 0.00859375 0.02421875
4 0.78125 0.65703125 0.00625 0.02109375
4 0.70625 0.63359375 0.009375 0.0109375
4 0.70390625 0.63984375 0.01171875 0.00859375
4 0.70546875 0.65546875 0.01171875 0.00703125
4 0.7015625 0.6640625 0.009375 0.009375
4 0.73203125 0.6703125 0.01015625 0.01015625
4 0.73125 0.665625 0.00859375 0.01484375
4 0.7359375 0.653125 0.01328125 0.01484375
0 0.878125 0.6375 0.01796875 0.01328125
0 0.7984375 0.5703125 0.01796875 0.01484375