1 0.2511457171875 0.8983413140625001 0.24218311875 0.8863792140625 0.2079758671875 0.945126421875 0.21614918749999998 0.9580729703124999 0.2511457171875 0.8983413140625001
1 0.2768384875 0.843649521875 0.267577140625 0.8308899468750001 0.2430793796875 0.8879741609374999 0.2524604578125 0.8990982859375001 0.2768384875 0.843649521875
0 0.28550235 0.8136113546875 0.2834110671875 0.8024467281250001 0.27250656875 0.8125480609375 0.27509896718750004 0.8229975125 0.28550235 0.8136113546875
4 0.22890625 0.87421875 0.009375 0.01328125
2 0.21171875 0.978125 0.01640625 0.03515625
2 0.23203125 0.9515625 0.01796875 0.03046875
4 0.25078125 0.92890625 0.00546875 0.0109375
4 0.26171875 0.90703125 0.0046875 0.015625
0 0.284375 0.87109375 0.01171875 0.0234375
4 0.3171875 0.96484375 0.00546875 0.01953125
2 0.328125 0.95 0.01484375 0.021875
2 0.37421875 0.959375 0.015625 0.025
2 0.37890625 0.92421875 0.01796875 0.028125
2 0.4984375 0.82578125 0.01640625 0.02109375
2 0.55390625 0.778125 0.0203125 0.0234375
2 0.29296875 0.83359375 0.01796875 0.0265625
2 0.32578125 0.82578125 0.01640625 0.02421875
2 0.31953125 0.79296875 0.01953125 0.021875
4 0.35078125 0.7796875 0.00859375 0.0140625
0 0.35390625 0.79296875 0.01171875 0.015625
1 0.199293915625 0.8408253046875 0.1916757078125 0.8227492375000001 0.1527165359375 0.87917440625 0.1601572484375 0.8931927125 0.199293915625 0.8408253046875
1 0.2783388703125 0.72738458125 0.2707206625 0.7087768734375001 0.2312852328125 0.7648658265625 0.2392359828125 0.7795550062500001 0.2783388703125 0.72738458125
1 0.24562538906250003 0.73934668125 0.23905282187500002 0.7241946875 0.1988705015625 0.7802836531249999 0.2053902921875 0.793501721875 0.24562538906250003 0.73934668125
1 0.34385602187500003 0.63839143125 0.33668594375 0.6213786578125 0.30561561406250004 0.660720684375 0.31342753125 0.6771462640625 0.34385602187500003 0.63839143125
0 0.0841012390625 0.9462353109375 0.0875369109375 0.957931603125 0.10127955625 0.944906196875 0.09814264687499999 0.9342732109374999 0.0841012390625 0.9462353109375
0 0.09067381875 0.9196528828125 0.08738752968749999 0.91167815 0.075885534375 0.9281592578125 0.0805422796875 0.9373521359374999 0.09067381875 0.9196528828125
6 0.1099434046875 0.886158990625 0.083802490625 0.9276276171875001 0.0899563125 0.9413369109374999 0.1177109796875 0.9031717515625 0.1099434046875 0.886158990625
0 0.1015783046875 0.89439954375 0.0964995078125 0.8840323906249999 0.083802490625 0.8994502171875001 0.0908528875 0.9126465234375001 0.1015783046875 0.89439954375
2 0.11726285 0.874196890625 0.1136778109375 0.8622347906250001 0.10098080625000001 0.8763234890625 0.10430150625000001 0.8871439578125001 0.11726285 0.874196890625
0 0.1186072390625 0.8505385109375 0.11547033124999999 0.8446903765625 0.1042670828125 0.8619689703125 0.1092326671875 0.8692124671875 0.1186072390625 0.8505385109375
3 0.1318438359375 0.8993325984375 0.1270637890625 0.88976291875 0.1086904640625 0.91581370625 0.11371553906250001 0.9261947625 0.1318438359375 0.8993325984375
2 0.14588524375 0.87780080625 0.1393126765625 0.8661045265625 0.12736253749999998 0.8847122453124999 0.1332160375 0.895910465625 0.14588524375 0.87780080625
2 0.132291965625 0.87567420625 0.128408178125 0.8637121062500001 0.1139186421875 0.8825856468750001 0.11931913125 0.893918078125 0.132291965625 0.87567420625
2 0.1484246421875 0.8461676921875 0.143793975 0.835003065625 0.1278106671875 0.856800678125 0.133664325 0.8692124671875 0.1484246421875 0.8461676921875
2 0.14259895312499998 0.8368638453124999 0.13722139375 0.8243700921875 0.1230306203125 0.8464335249999999 0.1278106671875 0.8573323187499999 0.14259895312499998 0.8368638453124999
2 0.1592185453125 0.8578080390625 0.15443496406249999 0.849114265625 0.1426286953125 0.8661395765625001 0.1472738828125 0.8756905187499999 0.1592185453125 0.8578080390625
4 0.15158517968750002 0.8520121953125 0.14873538749999998 0.8456729828125 0.14028780000000002 0.8567213171875 0.1434558609375 0.8629298375 0.15158517968750002 0.8520121953125
2 0.1661394609375 0.82701759375 0.161457659375 0.8166937390625 0.1468015984375 0.838428175 0.1515500703125 0.8479971234375 0.1661394609375 0.82701759375
2 0.1722461515625 0.837160328125 0.1678696859375 0.829372159375 0.1546385265625 0.8482086687500001 0.1593388375 0.8569567515625 0.1722461515625 0.837160328125
2 0.18487501875 0.8199072984375 0.181312775 0.8117568859375 0.1698118421875 0.8284199531249999 0.1738473265625 0.8360509531250001 0.18487501875 0.8199072984375
2 0.1841065875 0.8054176734375 0.1794807671875 0.794731584375 0.16344560625 0.8150170515624999 0.1690434109375 0.8266087453125 0.1841065875 0.8054176734375
2 0.176880328125 0.7934637375 0.172503871875 0.78313988125 0.15947625625 0.8012519140625001 0.16437862812499998 0.8121586109375001 0.176880328125 0.7934637375
4 0.14453125 0.81875 0.009375 0.01328125
4 0.20703125 0.74296875 0.009375 0.01328125
4 0.19765625 0.74453125 0.00859375 0.009375
4 0.2015625 0.73515625 0.00859375 0.01015625
4 0.2109375 0.725 0.00703125 0.0109375
4 0.18671875 0.7953125 0.00859375 0.00625
4 0.221875 0.70703125 0.00859375 0.01171875
4 0.25546875 0.69921875 0.00859375 0.01171875
4 0.2484375 0.6734375 0.00546875 0.009375
4 0.290625 0.65625 0.00625 0.01015625
4 0.315625 0.62578125 0.00859375 0.0109375
0 0.303125 0.59921875 0.01015625 0.01953125
4 0.28671875 0.61640625 0.00625 0.01015625
4 0.29296875 0.6125 0.00625 0.0109375
2 0.202191253125 0.7989820828124999 0.19730589999999998 0.7877526234375 0.1834687453125 0.8050995109375 0.18804408125 0.8156451499999999 0.202191253125 0.7989820828124999
2 0.1956774453125 0.7757986859375 0.190181421875 0.7652937125 0.17786626249999998 0.7828623765625 0.182705140625 0.7931533390625 0.1956774453125 0.7757986859375
2 0.21002817187499997 0.7590498296875 0.205448153125 0.7492693359375 0.19292943437500001 0.765570159375 0.19736635 0.7760485953125 0.21002817187499997 0.7590498296875
2 0.224941203125 0.7386083015625 0.221582521875 0.7295522937500001 0.209417503125 0.7469147703125001 0.21309660625000001 0.7548712921875 0.224941203125 0.7386083015625
2 0.23929192812500003 0.7183228359375 0.23522079687500003 0.7089045796875 0.2234145296875 0.7252054078125 0.2272820984375 0.7348047765625 0.23929192812500003 0.7183228359375
0 0.2290123328125 0.7152437875000001 0.22524653749999998 0.707274496875 0.213944221875 0.721401878125 0.218325621875 0.7308201328124999 0.2290123328125 0.7152437875000001
2 0.2436206640625 0.6882812328125001 0.23771753437499998 0.6763272921875 0.22531428125000003 0.6956834468750001 0.23110194375 0.7071177359374999 0.2436206640625 0.6882812328125001
2 0.25512160625 0.6922658765625 0.250338025 0.6817608984375 0.23710686406249998 0.699872928125 0.24180814218750002 0.711973678125 0.25512160625 0.6922658765625
2 0.262042521875 0.711464621875 0.25725894843749997 0.7002351703125 0.24178865625 0.7194339171874999 0.2476115375 0.730707446875 0.262042521875 0.711464621875
2 0.27421655 0.69320360625 0.27055253437500004 0.684509834375 0.25894981875 0.6997239375000001 0.2641053984375 0.7098016484375 0.27421655 0.69320360625
2 0.2718756453125 0.6803440640625 0.26688851874999997 0.668027884375 0.25304668124999996 0.6848720687500001 0.2578438390625 0.6940544234375 0.2718756453125 0.6803440640625
2 0.2740129875 0.6533571421875 0.26912763281249996 0.642308809375 0.2552858046875 0.65915299375 0.260287375 0.6696190734374999 0.2740129875 0.6533571421875
0 0.2839872578125 0.65915299375 0.2807303484375 0.6508214640625 0.2702472 0.662232040625 0.2741849796875 0.6717911046875 0.2839872578125 0.65915299375
2 0.2933508484375 0.67110693125 0.2882619421875 0.6607830765625 0.27462365625 0.6788951 0.2802938171875 0.6897103609374999 0.2933508484375 0.67110693125
2 0.308831321875 0.6542761625 0.30394596875 0.6434089468749999 0.290511246875 0.659166409375 0.29602407343750003 0.6704335859375 0.308831321875 0.6542761625
2 0.30791531875 0.6345340562499999 0.304353084375 0.6251157968750001 0.28827213125 0.6428655859375 0.2935805375 0.6527858328125 0.30791531875 0.6345340562499999
2 0.3104597765625 0.6153353015625 0.3068975421875 0.6055548078124999 0.291732584375 0.6216745140625 0.29571863125000003 0.6318800343750001 0.3104597765625 0.6153353015625
2 0.3235443390625 0.63654190625 0.318048315625 0.62712365625 0.30686725937500003 0.6435547015624999 0.3112291734375 0.65284273125 0.3235443390625 0.63654190625
2 0.3363683921875 0.60520810625 0.32171233125 0.6242257343750001 0.327026421875 0.6332375531250001 0.3413555171875 0.6144452390625 0.3363683921875 0.60520810625
2 0.3362666109375 0.6023101765625001 0.3309741421875 0.59252968125 0.31815008749999996 0.609917228125 0.3233611203125 0.620476871875 0.3362666109375 0.6023101765625001
2 0.355604471875 0.5898128781249999 0.34980311406250003 0.57967014375 0.337284396875 0.60140458125 0.34290940000000003 0.6115172421875 0.355604471875 0.5898128781249999
3 0.362932503125 0.608106028125 0.3571311453125 0.5930730421875 0.338302171875 0.6196977218749999 0.3441311671875 0.6326945453125 0.362932503125 0.608106028125
0 0.3442053109375 0.584594640625 0.3404395140625 0.57753095 0.33087236875000003 0.5912960875 0.3358842375 0.599571071875 0.3442053109375 0.584594640625
1 0.34797110781249996 0.52681726875 0.31214517656249996 0.5813344765624999 0.32030670156249996 0.5990280640625001 0.35652047656249997 0.5413068937500001 0.34797110781249996 0.52681726875
0 0.346875 0.4421875 0.00703125 0.01953125
4 0.43515625 0.49765625 0.00546875 0.01640625
4 0.43828125 0.52734375 0.0046875 0.015625
4 0.50078125 0.43515625 0.01015625 0.01484375
2 0.51328125 0.40625 0.01484375 0.02109375
2 0.503125 0.3765625 0.01640625 0.0296875
2 0.48046875 0.42578125 0.01484375 0.025
2 0.471875 0.41328125 0.01640625 0.02421875
0 0.53203125 0.41484375 0.01015625 0.01640625
6 0.534375 0.378125 0.02890625 0.03984375
2 0.5453125 0.415625 0.01484375 0.021875
4 0.5640625 0.434375 0.00859375 0.0140625
0 0.578125 0.47421875 0.0109375 0.0234375
6 0.60078125 0.48828125 0.0265625 0.0484375
2 0.58125 0.59375 0.01015625 0.034375
4 0.55390625 0.6390625 0.00703125 0.01328125
4 0.521875 0.66015625 0.00859375 0.0109375
4 0.5796875 0.64609375 0.00703125 0.0140625
4 0.58671875 0.628125 0.00625 0.01484375
2 0.54296875 0.71640625 0.0203125 0.01796875
4 0.575 0.7046875 0.009375 0.0109375
3 0.56640625 0.68125 0.01796875 0.0390625
4 0.65078125 0.578125 0.00859375 0.0140625
0 0.66171875 0.56328125 0.01171875 0.01953125
0 0.66796875 0.5515625 0.01171875 0.01796875
2 0.6796875 0.6078125 0.01796875 0.02578125
2 0.70859375 0.63125 0.01640625 0.02578125
4 0.7046875 0.60703125 0.00859375 0.01171875
2 0.721875 0.57265625 0.0140625 0.02578125
4 0.7375 0.66015625 0.01015625 0.0109375
0 0.759375 0.64921875 0.0140625 0.01640625
4 0.64453125 0.52421875 0.00703125 0.015625
4 0.646875 0.48203125 0.01015625 0.01953125
2 0.603125 0.4109375 0.01328125 0.0296875
2 0.7515625 0.690625 0.0140625 0.025
2 0.76171875 0.675 0.0140625 0.02109375
2 0.81640625 0.74453125 0.01640625 0.021875
2 0.8359375 0.77421875 0.01484375 0.02578125
2 0.85859375 0.78984375 0.01640625 0.02578125
4 0.85703125 0.76875 0.01015625 0.0140625
4 0.80625 0.72265625 0.00703125 0.0140625
4 0.8171875 0.728125 0.00859375 0.0140625
2 0.85703125 0.89296875 0.01875 0.0234375
4 0.8828125 0.8265625 0.00859375 0.01171875
2 0.88984375 0.81875 0.0203125 0.02890625
2 0.90546875 0.85625 0.01875 0.0296875
2 0.92421875 0.86171875 0.015625 0.021875
2 0.98203125 0.90546875 0.0203125 0.02421875
4 0.99296875 0.940625 0.0109375 0.01796875
4 0.6921875 0.77109375 0.009375 0.01484375
0 0.49296875 0.72890625 0.0140625 0.0140625
4 0.4671875 0.72109375 0.0046875 0.015625
0 0.4359375 0.71953125 0.01171875 0.015625
0 0.3984375 0.7765625 0.0109375 0.0140625
2 0.45234375 0.68125 0.01640625 0.01953125
0 0.4609375 0.70859375 0.01171875 0.01640625
4 0.42421875 0.75703125 0.00859375 0.01640625
2 0.33046875 0.3140625 0.015625 0.034375
4 0.36640625 0.37734375 0.00859375 0.0203125
2 0.44375 0.2859375 0.0203125 0.0359375
2 0.303125 0.01328125 0.0140625 0.0265625
4 0.25546875 0.08828125 0.0109375 0.0203125
3 0.34296875 0.0421875 0.0234375 0.0453125
2 0.86640625 0.74609375 0.01171875 0.0296875
0 0.87421875 0.765625 0.009375 0.01953125
2 0.8828125 0.76171875 0.009375 0.03046875
0 0.896875 0.76953125 0.009375 0.01953125
2 0.90703125 0.77421875 0.01171875 0.028125
2 0.94296875 0.821875 0.015625 0.03359375
2 0.9515625 0.83828125 0.01640625 0.025
2 0.96171875 0.859375 0.01796875 0.015625
2 0.971875 0.8765625 0.01875 0.01953125
2 0.8396569656249999 0.9163343109375001 0.82219505625 0.899559571875 0.8167865031250001 0.9122093640625 0.8346017109374999 0.9313544359374999 0.8396569656249999 0.9163343109375001
0 0.8410477375 0.8976345953125 0.828221734375 0.889384728125 0.8251311359375 0.9009345421875 0.8381116734375 0.9100093953125 0.8410477375 0.8976345953125
0 0.8280671984374999 0.8899347234375 0.817095559375 0.8786599015625001 0.81292324375 0.8882847500000001 0.8262128375 0.9017595281249999 0.8280671984374999 0.8899347234375
2 0.821267875 0.8830598390625 0.83579371875 0.8990095765625 0.8408932171875 0.8877347546875001 0.8260222718750001 0.8715817625 0.821267875 0.8830598390625
2 0.823276771875 0.8649101312499999 0.8089054625 0.8486853890624999 0.8035302265625001 0.860451678125 0.8180227390624999 0.8770099281249999 0.823276771875 0.8649101312499999
2 0.821731465625 0.8629851546875 0.826676428125 0.8486853890624999 0.8102962343750001 0.8321856562500001 0.80584899375 0.8456115671875001 0.821731465625 0.8629851546875
2 0.8081328015624999 0.8327356515625001 0.7922161984375 0.8143109390625 0.78590759375 0.8274736515625 0.8027242484375 0.8456604328124999 0.8081328015624999 0.8327356515625001
2 0.7868076328125 0.8041361078125 0.7708910296875 0.7906613234375001 0.7666618234375 0.805625709375 0.7824807953125 0.8200858468750001 0.7868076328125 0.8041361078125
2 0.67035438125 0.7518119000000001 0.6876617625 0.7639117078125001 0.6910614265625 0.7498869359375 0.6753023828125 0.73966965625 0.67035438125 0.7518119000000001
0 0.67220874375 0.727337290625 0.68457115625 0.7394370984374999 0.687198171875 0.72761229375 0.6757661374999999 0.7174094875 0.67220874375 0.727337290625
2 0.71315925625 0.78316139375 0.7165589109375 0.767486646875 0.7020330734375 0.7540118687499999 0.69846454375 0.7713365890625 0.71315925625 0.78316139375
6 0.7123722640625 0.7652866781250001 0.716390059375 0.7449370140625 0.6906062484375 0.727715121875 0.6853294859375 0.746311984375 0.7123722640625 0.7652866781250001
2 0.70217326875 0.7322872109375 0.7049548140625 0.718537440625 0.6885193578125001 0.7066916296875 0.6851749515625001 0.7223873703125 0.70217326875 0.7322872109375
2 0.7160809890625 0.74521200625 0.7211804859375001 0.73201221875 0.7080454281249999 0.71743745 0.70312759375 0.7306006984375 0.7160809890625 0.74521200625
2 0.7106724359375 0.7633617140625 0.725970928125 0.7826113984374999 0.7313794812500001 0.7677616375 0.7158808140625 0.752036415625 0.7106724359375 0.7633617140625
0 0.7299887078125 0.759511771875 0.7360153875 0.746311984375 0.7225712578125 0.7311872328125 0.71796770625 0.7429674578125 0.7299887078125 0.759511771875
0 0.745750790625 0.76996160625 0.7497685859375001 0.752911878125 0.73817881875 0.7432870421875 0.7339672015625001 0.758219796875 0.745750790625 0.76996160625
6 0.7622855328125 0.803236065625 0.7669214390625 0.7867363328125 0.7386424109374999 0.7603367578125 0.733271571875 0.7775943859375001 0.7622855328125 0.803236065625
2 0.7666123687499999 0.780961425 0.7712482765625001 0.7677616375 0.75363183125 0.750711921875 0.749966696875 0.7648154015624999 0.7666123687499999 0.780961425
2 0.6453125 0.31171875 0.02421875 0.03125
0 0.55078125 0.3078125 0.01640625 0.028125
4 0.58984375 0.2671875 0.0109375 0.01953125
0 0.6109375 0.28828125 0.021875 0.025
0 0.60546875 0.2609375 0.01484375 0.0296875
2 0.55703125 0.05078125 0.01171875 0.03515625
2 0.5921875 0.05859375 0.01875 0.0234375
4 0.67578125 0.45859375 0.00859375 0.0140625
0 0.6734375 0.45 0.01015625 0.01875
4 0.659375 0.44765625 0.00859375 0.01171875
2 0.6609375 0.42265625 0.01640625 0.02578125
2 0.67578125 0.42578125 0.01640625 0.0234375
4 0.69140625 0.409375 0.00703125 0.01328125
4 0.68203125 0.38515625 0.01015625 0.01484375
4 0.8046875 0.2046875 0.0109375 0.01484375
2 0.7984375 0.16953125 0.01015625 0.0359375
2 0.8109375 0.17578125 0.01875 0.021875
2 0.82421875 0.14375 0.01015625 0.0296875
3 0.84140625 0.14921875 0.0140625 0.028125
4 0.84375 0.1703125 0.0109375 0.01875
4 0.81328125 0.146875 0.00703125 0.01640625
4 0.88515625 0.16875 0.01484375 0.01953125
2 0.871875 0.08671875 0.015625 0.04296875
4 0.95625 0.08515625 0.01328125 0.01875
2 0.940625 0.009375 0.01875 0.01875