1 0.07578125 0.196875 0.0546875 0.028125
1 0.08046875 0.21953125 0.059375 0.03203125
1 0.065625 0.2375 0.0296875 0.0265625
1 0.071875 0.25703125 0.0515625 0.03046875
1 0.075 0.284375 0.059375 0.028125
1 0.07421875 0.29921875 0.05078125 0.01640625
1 0.07421875 0.3265625 0.05078125 0.02421875
1 0.07734375 0.3484375 0.0546875 0.01953125
1 0.07265625 0.36953125 0.06015625 0.02578125
2 0.12890625 0.4890625 0.02109375 0.0203125
2 0.053125 0.49375 0.028125 0.0234375
2 0.040625 0.46484375 0.02109375 0.02109375
2 0.228125 0.4859375 0.02578125 0.02109375
2 0.15625 0.51328125 0.01875 0.0234375
0 0.16484375 0.4921875 0.01640625 0.01953125
2 0.2015625 0.43359375 0.01953125 0.02578125
2 0.21953125 0.428125 0.0140625 0.028125
2 0.21015625 0.434375 0.0109375 0.03125
2 0.25625 0.421875 0.009375 0.040625
2 0.26171875 0.421875 0.009375 0.034375
2 0.27109375 0.41640625 0.01328125 0.03984375
2 0.284375 0.4265625 0.0140625 0.03828125
3 0.3046875 0.41640625 0.00859375 0.02109375
0 0.30859375 0.44375 0.01171875 0.01796875
2 0.315625 0.4203125 0.01171875 0.03125
2 0.32421875 0.41796875 0.01015625 0.0359375
2 0.33359375 0.41953125 0.009375 0.028125
4 0.28828125 0.38203125 0.00625 0.0203125
4 0.30546875 0.37421875 0.01328125 0.01953125
4 0.3515625 0.37734375 0.00703125 0.00703125
0 0.37265625 0.46640625 0.01484375 0.01484375
5 0.3546875 0.5 0.01640625 0.0140625
0 0.3234375 0.496875 0.01640625 0.01328125
2 0.29609375 0.4734375 0.0234375 0.01796875
2 0.284375 0.51953125 0.02109375 0.01640625
2 0.22578125 0.503125 0.02421875 0.01328125
4 0.34375 0.48828125 0.01171875 0.009375
4 0.31796875 0.48125 0.01015625 0.009375
4 0.28203125 0.45859375 0.0109375 0.0046875
4 0.203125 0.48984375 0.009375 0.0109375
4 0.23671875 0.584375 0.01328125 0.01171875
2 0.184375 0.56171875 0.02109375 0.01640625
2 0.1515625 0.571875 0.0203125 0.01640625
2 0.0984375 0.51484375 0.01953125 0.01796875
2 0.134375 0.51953125 0.01953125 0.01796875
2 0.1234375 0.54296875 0.0140625 0.03203125
4 0.07578125 0.52421875 0.0109375 0.00859375
2 0.50078125 0.52109375 0.02109375 0.0203125
2 0.409375 0.51796875 0.021875 0.01953125
2 0.403125 0.60546875 0.01171875 0.03359375
2 0.49296875 0.6015625 0.01796875 0.01640625
2 0.59296875 0.5640625 0.025 0.021875
2 0.5609375 0.5140625 0.01796875 0.01953125
0 0.540625 0.4984375 0.01484375 0.01875
0 0.55625 0.47109375 0.01328125 0.0140625
0 0.590625 0.496875 0.01171875 0.0296875
4 0.6203125 0.48125 0.01171875 0.01640625
4 0.70390625 0.4953125 0.01171875 0.0109375
4 0.77421875 0.4859375 0.01328125 0.01328125
2 0.75703125 0.50078125 0.021875 0.01640625
2 0.740625 0.56875 0.021875 0.01328125
0 0.85546875 0.55859375 0.02578125 0.01484375
2 0.9140625 0.509375 0.025 0.0203125
2 0.85390625 0.5015625 0.021875 0.0203125
2 0.828125 0.50625 0.0234375 0.02578125
2 0.8140625 0.47890625 0.0234375 0.015625
2 0.790625 0.50625 0.021875 0.01796875
2 0.615625 0.26796875 0.01796875 0.03671875
2 0.5921875 0.22109375 0.0203125 0.01796875
2 0.96953125 0.45859375 0.01953125 0.03046875
2 0.95078125 0.50625 0.02109375 0.0234375
2 0.98125 0.50625 0.01875 0.01484375
0 0.9578125 0.48984375 0.01484375 0.0140625
2 0.9296875 0.4484375 0.0203125 0.01953125
2 0.884375 0.4859375 0.025 0.01953125
0 0.8765625 0.50703125 0.015625 0.015625
2 0.984375 0.4484375 0.01875 0.021875
2 0.99453125 0.44375 0.01015625 0.021875
4 0.93515625 0.375 0.0109375 0.01796875
4 0.9484375 0.39140625 0.0046875 0.01640625
4 0.95625 0.39375 0.00546875 0.025
4 0.96328125 0.38046875 0.01015625 0.01640625
4 0.90703125 0.36953125 0.01015625 0.0203125
4 0.9171875 0.38046875 0.00703125 0.0203125
4 0.92421875 0.37734375 0.00703125 0.01875
4 0.97578125 0.36640625 0.00859375 0.01875
4 0.98515625 0.36484375 0.00859375 0.0203125
4 0.90546875 0.47890625 0.01484375 0.0265625
2 0.62578125 0.8671875 0.0234375 0.02421875
2 0.62578125 0.83828125 0.02578125 0.0234375
2 0.62265625 0.88828125 0.021875 0.0140625
2 0.62421875 0.90703125 0.021875 0.01796875
2 0.62578125 0.92578125 0.01796875 0.03046875
4 0.63984375 0.8578125 0.00703125 0.00859375
4 0.640625 0.88046875 0.009375 0.01484375
4 0.63828125 0.9015625 0.01171875 0.00859375
4 0.63984375 0.90859375 0.01484375 0.01171875
4 0.6390625 0.9296875 0.00859375 0.01015625
4 0.64140625 0.8734375 0.009375 0.00859375
4 0.64140625 0.840625 0.00859375 0.01484375
0 0.59296875 0.6109375 0.01015625 0.04140625