0 0.23671875 0.64296875 0.01328125 0.01171875
0 0.071875 0.65625 0.015625 0.01484375
0 0.27109375 0.7484375 0.01640625 0.01484375
0 0.4484375 0.53203125 0.01171875 0.015625
0 0.3765625 0.52109375 0.01015625 0.015625
4 0.69765625 0.48203125 0.01171875 0.0140625
4 0.6328125 0.56953125 0.0109375 0.01484375
0 0.759375 0.409375 0.0109375 0.021875
2 0.5125 0.44765625 0.0203125 0.02421875
0 0.1859375 0.66953125 0.01484375 0.01328125
4 0.4203125 0.55625 0.0109375 0.01484375
2 0.3 0.246875 0.0203125 0.0203125
2 0.24609375 0.25625 0.0234375 0.02890625
2 0.21953125 0.40625 0.01953125 0.0296875
0 0.54453125 0.48828125 0.01328125 0.01328125
4 0.76171875 0.7015625 0.00859375 0.01171875
4 0.66796875 0.62421875 0.00859375 0.01875
4 0.3640625 0.65546875 0.01171875 0.0203125
4 0.665625 0.303125 0.00859375 0.01796875
4 0.56484375 0.6109375 0.009375 0.01953125
0 0.75703125 0.49765625 0.00859375 0.01875
0 0.7734375 0.421875 0.0109375 0.02421875
4 0.76171875 0.16796875 0.009375 0.01015625
0 0.77890625 0.13046875 0.0109375 0.01875
4 0.6984375 0.80625 0.01171875 0.01328125
4 0.64921875 0.5984375 0.00859375 0.015625
4 0.3078125 0.309375 0.00859375 0.01484375
4 0.24609375 0.71484375 0.01015625 0.015625
3 0.20078125 0.7640625 0.0140625 0.02109375
0 0.159375 0.65625 0.01171875 0.015625
4 0.51640625 0.4765625 0.009375 0.0109375
4 0.57890625 0.37265625 0.0109375 0.015625
4 0.709375 0.46484375 0.01015625 0.015625
4 0.759375 0.059375 0.01171875 0.01484375
4 0.890625 0.875 0.01171875 0.01640625
0 0.26953125 0.69296875 0.01015625 0.01328125
4 0.615625 0.44375 0.01015625 0.01953125
4 0.578125 0.4671875 0.00859375 0.01171875
4 0.559375 0.6359375 0.00546875 0.01875
4 0.6265625 0.5359375 0.009375 0.0140625
4 0.6015625 0.5640625 0.00703125 0.01328125
0 0.7421875 0.42109375 0.01171875 0.01875
0 0.74453125 0.12890625 0.0140625 0.0265625
4 0.7859375 0.29765625 0.01328125 0.01484375
0 0.24609375 0.61953125 0.01484375 0.01484375
2 0.17421875 0.12421875 0.02109375 0.02890625
4 0.45703125 0.578125 0.01171875 0.01953125
4 0.74296875 0.44296875 0.01328125 0.01640625
4 0.62578125 0.5546875 0.00859375 0.01875
4 0.434375 0.471875 0.009375 0.01171875
0 0.16796875 0.73515625 0.01171875 0.01171875
4 0.40546875 0.54296875 0.01015625 0.01328125
0 0.48125 0.52734375 0.01171875 0.01328125
4 0.53828125 0.46640625 0.00859375 0.01796875
0 0.2390625 0.70078125 0.015625 0.0109375
0 0.28828125 0.5640625 0.01484375 0.0140625
0 0.41953125 0.509375 0.01015625 0.01953125
4 0.73125 0.16953125 0.00859375 0.02109375
4 0.91796875 0.034375 0.00859375 0.025
4 0.46796875 0.4125 0.00859375 0.01484375
4 0.7671875 0.7234375 0.00859375 0.01328125
4 0.903125 0.8890625 0.00703125 0.015625
4 0.8015625 0.73046875 0.009375 0.01640625
4 0.8421875 0.82109375 0.01015625 0.01015625
4 0.70703125 0.81953125 0.01015625 0.01171875
0 0.85859375 0.82421875 0.01328125 0.01953125
4 0.590625 0.5234375 0.0109375 0.01953125
4 0.871875 0.13203125 0.01328125 0.01484375
0 0.54375 0.6265625 0.01796875 0.02109375
2 0.37578125 0.37890625 0.01875 0.0296875
2 0.52109375 0.56875 0.01640625 0.03359375
4 0.61015625 0.59609375 0.00703125 0.01484375
2 0.13671875 0.16015625 0.0203125 0.025
4 0.509375 0.42109375 0.00859375 0.01015625
4 0.49296875 0.41171875 0.009375 0.01171875
4 0.5546875 0.39453125 0.009375 0.01171875
2 0.4234375 0.52734375 0.01640625 0.021875
4 0.76328125 0.35 0.01015625 0.0140625
0 0.871875 0.809375 0.0140625 0.01875
4 0.70703125 0.6890625 0.00859375 0.01953125
4 0.45625 0.38203125 0.009375 0.0140625
4 0.6109375 0.534375 0.009375 0.01484375
3 0.6491974421875 0.6193877671875 0.64412185625 0.6287570687499999 0.6587629640625 0.6457606625000001 0.663448140625 0.6360443140625 0.6491974421875 0.6193877671875
2 0.640625 0.40546875 0.0203125 0.0359375
0 0.22890625 0.59140625 0.01015625 0.01640625
4 0.33671875 0.53828125 0.01484375 0.0109375
4 0.09921875 0.21015625 0.01171875 0.01875
0 0.284375 0.471875 0.01171875 0.01484375
2 0.478125 0.44375 0.01953125 0.03046875
0 0.09453125 0.27421875 0.01953125 0.028125
4 0.63359375 0.59296875 0.00703125 0.01875
4 0.621875 0.59296875 0.00703125 0.01640625
3 0.5671875 0.69296875 0.01640625 0.02109375
4 0.65859375 0.57109375 0.01328125 0.01953125
3 0.69375 0.828125 0.01796875 0.0296875
0 0.696875 0.78828125 0.01171875 0.01640625
0 0.6265625 0.7140625 0.015625 0.021875
2 0.734375 0.82421875 0.01796875 0.028125
3 0.3984375 0.56328125 0.015625 0.02109375
4 0.6546875 0.2859375 0.01015625 0.02109375
4 0.8484375 0.1609375 0.009375 0.01640625
4 0.86875 0.1734375 0.00859375 0.0203125
4 0.78359375 0.046875 0.01328125 0.02109375
4 0.6359375 0.31875 0.0109375 0.01953125
4 0.57890625 0.45 0.00859375 0.015625
4 0.4515625 0.403125 0.00859375 0.01875
4 0.45234375 0.4671875 0.01484375 0.015625
4 0.47109375 0.50546875 0.01015625 0.01875
4 0.7484375 0.09609375 0.01171875 0.0140625
4 0.74375 0.0765625 0.009375 0.01875
4 0.734375 0.09140625 0.009375 0.01875
4 0.7234375 0.121875 0.01015625 0.0140625
0 0.71484375 0.1546875 0.01171875 0.02578125
2 0.53046875 0.53046875 0.01015625 0.01484375
0 0.73828125 0.70625 0.01171875 0.028125
0 0.765625 0.678125 0.01328125 0.021875
0 0.72578125 0.6765625 0.0140625 0.02421875
4 0.31640625 0.6515625 0.0140625 0.01640625
4 0.3859375 0.65625 0.01171875 0.025
2 0.81328125 0.246875 0.01796875 0.04921875
5 0.66953125 0.51328125 0.034375 0.06171875
5 0.68125 0.259375 0.034375 0.0640625
3 0.784375 0.26953125 0.01796875 0.03515625
2 0.61328125 0.5609375 0.01796875 0.03359375
2 0.2921875 0.53828125 0.028125 0.0265625
2 0.32421875 0.3390625 0.0234375 0.04296875
2 0.3453125 0.3234375 0.0265625 0.0359375
1 0.16640625 0.7171875 0.06640625 0.0390625
2 0.70234375 0.6140625 0.0203125 0.0390625
2 0.7234375 0.63515625 0.01875 0.040625
2 0.68984375 0.65625 0.02578125 0.03515625
5 0.80546875 0.77890625 0.03125 0.04375
3 0.859375 0.778125 0.02578125 0.034375
0 0.91015625 0.875 0.01484375 0.021875
3 0.76953125 0.9109375 0.0234375 0.03515625
2 0.84921875 0.9609375 0.02890625 0.046875
2 0.96484375 0.9703125 0.02109375 0.03515625
2 0.24609375 0.37734375 0.02578125 0.03828125
0 0.56953125 0.41328125 0.01640625 0.0234375
0 0.5609375 0.45 0.01484375 0.0296875
0 0.60703125 0.38828125 0.0203125 0.03125
3 0.6140625 0.34609375 0.01796875 0.0296875
3 0.5296875 0.50703125 0.015625 0.0265625