2 0.44921875 0.546875 0.025 0.02421875
2 0.36171875 0.39140625 0.01640625 0.0390625
0 0.43046875 0.68359375 0.01640625 0.025
0 0.434375 0.64296875 0.01953125 0.02890625
0 0.53515625 0.496875 0.01796875 0.0234375
0 0.5265625 0.48125 0.0140625 0.028125
0 0.49921875 0.44375 0.015625 0.02421875
0 0.45078125 0.3828125 0.01953125 0.02421875
0 0.49296875 0.35859375 0.01796875 0.0265625
0 0.54375 0.31015625 0.01875 0.02421875
2 0.71640625 0.86640625 0.025 0.03671875
2 0.7234375 0.96328125 0.02421875 0.02109375
0 0.628125 0.4609375 0.01640625 0.025
3 0.35078125 0.24375 0.0203125 0.034375
2 0.2921875 0.21328125 0.02421875 0.03671875
2 0.23203125 0.18671875 0.0203125 0.03203125
3 0.190625 0.20390625 0.02109375 0.0390625
2 0.3265625 0.37421875 0.01796875 0.0359375
3 0.35 0.50078125 0.01796875 0.04296875
0 0.40546875 0.71328125 0.0140625 0.0265625
0 0.321875 0.67109375 0.01484375 0.03125
2 0.55078125 0.2484375 0.025 0.03046875
2 0.51796875 0.27734375 0.025 0.0359375
2 0.37890625 0.321875 0.0140625 0.0390625
4 0.2984375 0.7265625 0.0109375 0.021875
4 0.271875 0.78828125 0.01015625 0.01875
4 0.28203125 0.7984375 0.01328125 0.021875
4 0.30078125 0.76171875 0.00859375 0.02109375
4 0.3484375 0.73828125 0.01171875 0.025
4 0.340625 0.78046875 0.01171875 0.02578125
4 0.37578125 0.73671875 0.009375 0.021875
4 0.30625 0.88046875 0.009375 0.01875
4 0.31328125 0.89765625 0.00859375 0.021875
4 0.2984375 0.90234375 0.009375 0.01875
4 0.32421875 0.57578125 0.00859375 0.0234375
4 0.36015625 0.5734375 0.009375 0.01875
4 0.34453125 0.6046875 0.01328125 0.01328125
4 0.33828125 0.534375 0.00859375 0.0203125
6 0.56328125 0.95078125 0.03671875 0.06328125
4 0.65 0.8390625 0.00859375 0.01875
4 0.6515625 0.796875 0.01640625 0.02421875
4 0.70234375 0.7625 0.00859375 0.01875
4 0.72421875 0.796875 0.01015625 0.021875
4 0.696875 0.73203125 0.01015625 0.01484375
4 0.678125 0.71875 0.01328125 0.01875
4 0.73828125 0.80078125 0.01015625 0.01796875
4 0.75625 0.81796875 0.0109375 0.0203125
4 0.7921875 0.984375 0.01171875 0.01796875
4 0.80078125 0.90546875 0.01171875 0.021875
4 0.678125 0.684375 0.01328125 0.01875
4 0.54921875 0.50625 0.01015625 0.02578125
4 0.55859375 0.5828125 0.0140625 0.01796875
4 0.46171875 0.50234375 0.0140625 0.01953125
4 0.44453125 0.49140625 0.009375 0.01328125
4 0.43359375 0.49296875 0.01171875 0.01640625
4 0.40859375 0.58359375 0.01171875 0.01875
4 0.41796875 0.615625 0.01171875 0.01640625
4 0.45390625 0.59296875 0.00859375 0.0140625
4 0.471875 0.61640625 0.01171875 0.01953125
4 0.490625 0.64609375 0.01171875 0.015625
4 0.5 0.67734375 0.01171875 0.01953125
4 0.46328125 0.571875 0.0140625 0.01484375
4 0.44609375 0.57734375 0.01171875 0.01953125
4 0.428125 0.55390625 0.01171875 0.0140625
4 0.3765625 0.515625 0.01328125 0.01796875
4 0.365625 0.49375 0.009375 0.02109375
4 0.39921875 0.44375 0.01171875 0.01796875
4 0.40703125 0.45859375 0.01328125 0.01953125
4 0.41484375 0.4265625 0.009375 0.01953125
4 0.42578125 0.39609375 0.01171875 0.01953125
4 0.45703125 0.4203125 0.01171875 0.0203125
4 0.45 0.35703125 0.01328125 0.015625
4 0.4328125 0.35625 0.01015625 0.01640625
4 0.3984375 0.32421875 0.00859375 0.0234375
4 0.2953125 0.259375 0.01015625 0.01953125
4 0.384375 0.25078125 0.01015625 0.015625
4 0.39140625 0.2875 0.009375 0.02109375
4 0.38828125 0.303125 0.00703125 0.01953125
4 0.40390625 0.30625 0.00859375 0.02109375
4 0.4078125 0.290625 0.01171875 0.01875
4 0.43359375 0.3109375 0.01171875 0.01484375
4 0.40703125 0.3265625 0.009375 0.0203125
4 0.49453125 0.3234375 0.01171875 0.0140625
4 0.4875 0.33984375 0.01171875 0.0109375
4 0.51484375 0.37421875 0.0140625 0.021875
4 0.5765625 0.4046875 0.01171875 0.01484375
4 0.5796875 0.3890625 0.01171875 0.01171875
4 0.61015625 0.40625 0.01328125 0.01953125
4 0.57109375 0.31640625 0.0109375 0.01796875
4 0.59921875 0.24609375 0.0140625 0.02109375
4 0.62578125 0.24921875 0.009375 0.01640625
4 0.63125 0.225 0.01328125 0.01796875
4 0.6765625 0.17421875 0.01171875 0.015625
4 0.68046875 0.13046875 0.00859375 0.015625
2 0.66015625 0.1515625 0.02421875 0.028125
2 0.62421875 0.159375 0.01796875 0.04140625
2 0.759375 0.63359375 0.0203125 0.03984375
2 0.846875 0.38984375 0.025 0.0453125
2 0.865625 0.290625 0.0234375 0.03046875
4 0.83515625 0.090625 0.01171875 0.015625
4 0.92890625 0.03203125 0.0140625 0.0203125
4 0.91015625 0.14140625 0.01640625 0.01640625
4 0.95546875 0.14765625 0.015625 0.01640625
4 0.8265625 0.50078125 0.01171875 0.0203125
4 0.7765625 0.70234375 0.00859375 0.02578125
4 0.759375 0.72421875 0.01171875 0.028125
4 0.709375 0.93125 0.0109375 0.01484375
4 0.6484375 0.4609375 0.01171875 0.01171875
4 0.6890625 0.346875 0.0140625 0.0140625
4 0.74921875 0.303125 0.01328125 0.02109375
4 0.78671875 0.31015625 0.0140625 0.015625
4 0.2984375 0.95390625 0.009375 0.01953125
4 0.3265625 0.83046875 0.009375 0.01953125
0 0.61953125 0.49140625 0.01875 0.025
0 0.62890625 0.54296875 0.01796875 0.0296875
3 0.671875 0.58203125 0.01484375 0.02578125
3 0.67109375 0.4375 0.0265625 0.03515625
4 0.7515625 0.3734375 0.00859375 0.0203125
3 0.7359375 0.38828125 0.03046875 0.03359375
3 0.81171875 0.33125 0.0234375 0.03203125
3 0.83828125 0.31171875 0.03125 0.04453125
3 0.86796875 0.33828125 0.034375 0.05625
3 0.82421875 0.4515625 0.03046875 0.06796875
3 0.51953125 0.70390625 0.02421875 0.03359375
4 0.4140625 0.69296875 0.0140625 0.01640625
4 0.396875 0.675 0.0109375 0.01875
4 0.446875 0.65625 0.01171875 0.01484375
4 0.26640625 0.2015625 0.01171875 0.015625
4 0.25078125 0.18203125 0.0109375 0.01640625
4 0.23203125 0.13046875 0.01171875 0.015625
4 0.28828125 0.11015625 0.01015625 0.01796875
4 0.328125 0.18671875 0.01015625 0.01796875
4 0.28984375 0.0859375 0.01015625 0.0234375
2 0.309375 0.1109375 0.01875 0.0359375
2 0.40546875 0.14296875 0.02109375 0.03515625
3 0.25390625 0.23203125 0.0203125 0.034375
3 0.21796875 0.27421875 0.02421875 0.0390625
6 0.19296875 0.25078125 0.03046875 0.0546875
0 0.1515625 0.303125 0.01640625 0.021875
4 0.30390625 0.43359375 0.0109375 0.01875
4 0.29375 0.67109375 0.009375 0.025
2 0.32734375 0.915625 0.01640625 0.03671875
0 0.80625 0.50546875 0.01484375 0.028125
3 0.7265625 0.6765625 0.02109375 0.0359375
3 0.6921875 0.609375 0.0203125 0.0296875
3 0.71640625 0.6515625 0.02578125 0.0484375
3 0.684375 0.5875 0.025 0.046875
4 0.40546875 0.7375 0.0109375 0.01328125
4 0.22578125 0.83671875 0.01015625 0.01328125
4 0.228125 0.82421875 0.01171875 0.01328125
4 0.25859375 0.73046875 0.01015625 0.01171875
4 0.2359375 0.79453125 0.01015625 0.01015625
4 0.3078125 0.5875 0.00625 0.02109375
3 0.27890625 0.671875 0.01328125 0.03125
3 0.21328125 0.25 0.0234375 0.03671875
6 0.07734375 0.03046875 0.03828125 0.06015625
4 0.15625 0.0578125 0.0140625 0.0140625
4 0.11640625 0.1171875 0.00859375 0.021875
4 0.1484375 0.18359375 0.00625 0.015625
4 0.14453125 0.1765625 0.00625 0.015625
4 0.2359375 0.240625 0.009375 0.0109375
4 0.24296875 0.2390625 0.00703125 0.02109375
4 0.33125 0.0609375 0.00703125 0.01953125
4 0.34453125 0.0390625 0.009375 0.01640625
4 0.3546875 0.04921875 0.00703125 0.01875
4 0.3625 0.059375 0.009375 0.0203125
4 0.34453125 0.07109375 0.009375 0.0140625
4 0.33671875 0.0640625 0.00703125 0.01484375
4 0.32578125 0.06953125 0.01171875 0.01015625
4 0.33125 0.0796875 0.00703125 0.0140625
4 0.321875 0.075 0.009375 0.01171875
4 0.31328125 0.08828125 0.009375 0.01640625
4 0.31875 0.09609375 0.00859375 0.01796875
4 0.3765625 0.08125 0.00859375 0.01640625
4 0.37890625 0.1015625 0.009375 0.01796875
4 0.390625 0.10546875 0.00546875 0.02109375
4 0.38359375 0.11484375 0.00625 0.01875
4 0.37890625 0.14140625 0.0046875 0.01953125
4 0.3734375 0.12890625 0.00625 0.0203125
4 0.37890625 0.11875 0.00546875 0.01484375
4 0.36796875 0.1171875 0.00546875 0.01484375
4 0.365625 0.09609375 0.009375 0.015625
4 0.36015625 0.08671875 0.00546875 0.015625
4 0.35078125 0.0953125 0.00859375 0.01640625
4 0.34140625 0.1015625 0.00625 0.01171875
4 0.346875 0.11171875 0.00703125 0.01484375
4 0.340625 0.12578125 0.01015625 0.01640625
4 0.34296875 0.1359375 0.009375 0.01640625
4 0.35078125 0.13671875 0.00625 0.015625
4 0.36015625 0.11796875 0.00703125 0.0140625
4 0.38828125 0.2140625 0.0109375 0.015625
4 0.38984375 0.190625 0.01015625 0.01484375
4 0.40859375 0.24296875 0.009375 0.01015625
4 0.38671875 0.22890625 0.009375 0.01171875
4 0.409375 0.2625 0.00703125 0.02109375
4 0.4140625 0.27578125 0.00703125 0.015625
4 0.43203125 0.2890625 0.00625 0.01796875
4 0.46484375 0.2796875 0.00859375 0.015625
4 0.471875 0.27890625 0.00859375 0.01484375
4 0.48125 0.27890625 0.00625 0.01640625
4 0.503125 0.26640625 0.00703125 0.02109375
4 0.5640625 0.2015625 0.0046875 0.01953125
4 0.55546875 0.18515625 0.0046875 0.02109375
4 0.55078125 0.18828125 0.0046875 0.01875
4 0.55390625 0.21796875 0.01015625 0.0140625
4 0.5921875 0.196875 0.00546875 0.01796875
4 0.6046875 0.17265625 0.0046875 0.01640625
4 0.596875 0.1765625 0.00703125 0.02109375
4 0.59140625 0.17421875 0.0046875 0.01953125
4 0.584375 0.18671875 0.0046875 0.01796875
4 0.51484375 0.246875 0.00703125 0.01640625
3 0.5234375 0.21796875 0.02109375 0.02890625
4 0.61171875 0.13359375 0.00703125 0.01953125
4 0.61171875 0.159375 0.00546875 0.0203125
4 0.6390625 0.18515625 0.00859375 0.0140625
4 0.64296875 0.13359375 0.00546875 0.01953125
4 0.64921875 0.1265625 0.00625 0.0203125
4 0.65625 0.12734375 0.00546875 0.01875
4 0.6625 0.12578125 0.00546875 0.01796875
4 0.66796875 0.12578125 0.0046875 0.015625
4 0.68359375 0.11328125 0.00859375 0.01875
4 0.70625 0.11640625 0.01328125 0.0140625
4 0.72890625 0.09296875 0.00625 0.01640625
4 0.77890625 0.02890625 0.00546875 0.01640625
4 0.784375 0.025 0.0046875 0.01875
3 0.70078125 0.41796875 0.03046875 0.03984375
3 0.66796875 0.56328125 0.0203125 0.03359375