6 0.0578125 0.825 0.05859375 0.03046875
2 0.10625 0.79765625 0.021875 0.0203125
2 0.16796875 0.83671875 0.0203125 0.01875
6 0.23671875 0.715625 0.046875 0.021875
6 0.053125 0.60234375 0.046875 0.028125
6 0.32890625 0.6859375 0.0453125 0.028125
1 0.29453125 0.740625 0.05390625 0.02421875
6 0.409375 0.68515625 0.03828125 0.0265625
6 0.478125 0.5234375 0.01875 0.0765625
5 0.309375 0.64140625 0.0703125 0.02421875
5 0.37890625 0.740625 0.0703125 0.02890625
5 0.465625 0.63125 0.0546875 0.09921875
6 0.8140625 0.6890625 0.06015625 0.03203125
6 0.79296875 0.72109375 0.03984375 0.03125
6 0.7484375 0.7515625 0.03515625 0.0234375
6 0.53828125 0.61484375 0.03203125 0.06875
6 0.47890625 0.3359375 0.015625 0.06640625
6 0.534375 0.1265625 0.01640625 0.0796875
6 0.47109375 0.11796875 0.01640625 0.08515625
2 0.46015625 0.015625 0.009375 0.03125
2 0.4421875 0.01875 0.009375 0.03671875
3 0.43125 0.0140625 0.009375 0.028125
2 0.44609375 0.10859375 0.0140625 0.0234375
2 0.4421875 0.1578125 0.01875 0.02109375
2 0.42578125 0.17109375 0.01640625 0.025
2 0.4515625 0.215625 0.01484375 0.025
2 0.44296875 0.228125 0.01796875 0.0265625
2 0.44296875 0.25625 0.01640625 0.021875
2 0.4375 0.278125 0.01640625 0.0203125
2 0.44921875 0.3109375 0.009375 0.025
3 0.45390625 0.3546875 0.009375 0.03984375
2 0.534375 0.37421875 0.00859375 0.0296875
2 0.54296875 0.34921875 0.01171875 0.02890625
3 0.47578125 0.41640625 0.0109375 0.0390625
2 0.528125 0.465625 0.009375 0.03828125
2 0.5515625 0.459375 0.009375 0.03125
2 0.29296875 0.603125 0.02109375 0.01640625
2 0.26953125 0.603125 0.02109375 0.01796875
3 0.253125 0.515625 0.025 0.0203125
2 0.32578125 0.415625 0.015625 0.015625
2 0.32578125 0.43671875 0.0140625 0.0140625
2 0.43125 0.13359375 0.01640625 0.01328125
2 0.5421875 0.5453125 0.01796875 0.0265625
2 0.49453125 0.5625 0.0140625 0.03359375
3 0.503125 0.61328125 0.015625 0.02890625
3 0.28046875 0.67578125 0.025 0.01875
4 0.08046875 0.6859375 0.0109375 0.01328125
4 0.22421875 0.86484375 0.01015625 0.0109375
4 0.190625 0.615625 0.0109375 0.00859375
2 0.2 0.47421875 0.00859375 0.03359375
2 0.22890625 0.43515625 0.00859375 0.03359375
2 0.228125 0.4921875 0.015625 0.034375
6 0.309375 0.83046875 0.03984375 0.0296875
4 0.22265625 0.678125 0.0109375 0.0109375
2 0.5703125 0.809375 0.0203125 0.0203125
0 0.428125 0.71953125 0.01328125 0.01328125
4 0.4484375 0.7171875 0.01015625 0.01171875
0 0.5015625 0.69609375 0.0140625 0.01484375
4 0.51171875 0.71484375 0.01015625 0.009375
2 0.61953125 0.603125 0.0203125 0.01953125
0 0.640625 0.63984375 0.0109375 0.01953125
3 0.721875 0.64453125 0.0203125 0.01796875
2 0.68671875 0.61171875 0.015625 0.01484375
3 0.80390625 0.6171875 0.0203125 0.01328125
2 0.86953125 0.61953125 0.01640625 0.01640625
2 0.890625 0.5359375 0.0109375 0.0296875
2 0.93984375 0.49296875 0.00859375 0.0265625
2 0.934375 0.58046875 0.01953125 0.01875
2 0.8765625 0.74921875 0.02109375 0.0203125
2 0.8984375 0.84140625 0.0203125 0.01484375
0 0.96640625 0.8625 0.0140625 0.01328125
4 0.89296875 0.871875 0.00625 0.01171875
2 0.70234375 0.89609375 0.01796875 0.01796875
4 0.628125 0.8640625 0.01171875 0.0140625
4 0.7171875 0.72421875 0.01171875 0.01015625
6 0.896875 0.62421875 0.0265625 0.01953125
0 0.434375 0.490625 0.0140625 0.01171875
0 0.44765625 0.49140625 0.01171875 0.01640625
0 0.446875 0.509375 0.009375 0.0234375
0 0.44375 0.54921875 0.01015625 0.02421875