0 0.40078125 0.715625 0.01796875 0.02421875
0 0.3890625 0.68046875 0.01484375 0.02421875
0 0.3859375 0.65703125 0.01171875 0.0265625
0 0.3796875 0.7359375 0.01640625 0.0234375
0 0.32265625 0.8515625 0.01484375 0.03203125
2 0.446875 0.653125 0.02890625 0.02890625
2 0.3265625 0.375 0.0140625 0.03828125
2 0.24140625 0.16171875 0.0203125 0.03515625
3 0.2546875 0.23359375 0.01953125 0.034375
2 0.63359375 0.68125 0.025 0.03515625
0 0.73203125 0.88671875 0.0234375 0.03046875
0 0.634375 0.62109375 0.01796875 0.02578125
0 0.60078125 0.24296875 0.01640625 0.025
0 0.66015625 0.22421875 0.01875 0.0234375
0 0.78359375 0.2734375 0.02109375 0.025
0 0.921875 0.03671875 0.01875 0.0296875
0 0.79921875 0.57890625 0.015625 0.034375
3 0.371875 0.58828125 0.01796875 0.04296875
0 0.45703125 0.3828125 0.01640625 0.0234375
2 0.7 0.859375 0.02578125 0.04296875
6 0.56328125 0.95234375 0.03671875 0.06640625
2 0.7234375 0.9609375 0.025 0.02578125
2 0.75703125 0.63125 0.0203125 0.04296875
2 0.84609375 0.3890625 0.0234375 0.046875
2 0.86640625 0.2890625 0.025 0.03359375
2 0.66015625 0.15 0.025 0.02890625
2 0.54921875 0.24453125 0.02578125 0.03125
2 0.51796875 0.271875 0.02890625 0.034375
4 0.290625 0.98359375 0.009375 0.0203125
4 0.24765625 0.93125 0.01328125 0.02578125
4 0.309375 0.9234375 0.01015625 0.025
4 0.31953125 0.8984375 0.01015625 0.02109375
4 0.33203125 0.878125 0.0109375 0.01875
4 0.30078125 0.94765625 0.009375 0.02109375
4 0.25703125 0.79375 0.009375 0.01953125
4 0.29375 0.746875 0.0109375 0.021875
4 0.29296875 0.72578125 0.0109375 0.0203125
4 0.32578125 0.79765625 0.009375 0.01953125
4 0.32421875 0.70703125 0.01171875 0.0234375
4 0.36875 0.65703125 0.009375 0.01953125
4 0.38359375 0.63203125 0.009375 0.01875
4 0.340625 0.60546875 0.009375 0.021875
4 0.32421875 0.57421875 0.01015625 0.01875
4 0.3421875 0.540625 0.01328125 0.02421875
4 0.36640625 0.5140625 0.0140625 0.01796875
4 0.36171875 0.490625 0.0109375 0.01953125
4 0.38359375 0.46484375 0.01171875 0.021875
4 0.35703125 0.40625 0.009375 0.0234375
4 0.30234375 0.43125 0.01171875 0.01953125
4 0.32578125 0.309375 0.009375 0.01875
4 0.33828125 0.29453125 0.01328125 0.01875
0 0.37734375 0.28046875 0.0140625 0.03046875
4 0.40859375 0.3890625 0.00859375 0.021875
4 0.415625 0.42890625 0.00546875 0.01796875
4 0.45703125 0.4078125 0.009375 0.01875
4 0.4375 0.33984375 0.01328125 0.01796875
4 0.403125 0.28359375 0.01015625 0.01640625
4 0.3546875 0.25546875 0.01015625 0.01953125
4 0.3609375 0.2359375 0.01015625 0.01875
4 0.34140625 0.1640625 0.00859375 0.02109375
4 0.3203125 0.15078125 0.0109375 0.01796875
2 0.30859375 0.10703125 0.02109375 0.034375
2 0.23125 0.18671875 0.01953125 0.03046875
3 0.190625 0.20390625 0.025 0.03671875
6 0.1921875 0.24765625 0.02890625 0.05
3 0.21328125 0.2484375 0.021875 0.0390625
4 0.265625 0.19375 0.0109375 0.01875
4 0.47421875 0.54296875 0.0109375 0.01953125
4 0.48515625 0.5421875 0.01015625 0.015625
4 0.49296875 0.521875 0.01171875 0.0140625
4 0.53203125 0.496875 0.01171875 0.015625
4 0.5578125 0.51328125 0.00859375 0.01875
4 0.58046875 0.53671875 0.01015625 0.01953125
4 0.5890625 0.59921875 0.01171875 0.01875
4 0.5375 0.65390625 0.00859375 0.0203125
4 0.57109375 0.69921875 0.0140625 0.01484375
4 0.56328125 0.671875 0.01015625 0.01875
4 0.51484375 0.6484375 0.01171875 0.01796875
4 0.4859375 0.615625 0.01328125 0.015625
4 0.40859375 0.66171875 0.01171875 0.015625
4 0.4265625 0.50859375 0.009375 0.02421875
4 0.48671875 0.4375 0.01171875 0.015625
4 0.50546875 0.4265625 0.01171875 0.015625
4 0.53828125 0.46171875 0.0140625 0.01796875
4 0.56171875 0.38828125 0.01171875 0.0140625
4 0.51484375 0.359375 0.01484375 0.0140625
4 0.53359375 0.28125 0.01015625 0.01640625
4 0.584375 0.31328125 0.01171875 0.01171875
4 0.5921875 0.29453125 0.01484375 0.01796875
4 0.584375 0.2765625 0.01328125 0.01484375
4 0.57421875 0.23359375 0.00859375 0.02109375
4 0.60703125 0.25625 0.01484375 0.01484375
4 0.63203125 0.23828125 0.01015625 0.015625
4 0.73828125 0.17109375 0.0140625 0.015625
4 0.75625 0.12890625 0.0140625 0.015625
4 0.8078125 0.10859375 0.015625 0.01875
4 0.84453125 0.075 0.01171875 0.01484375
4 0.86796875 0.04609375 0.0140625 0.01484375
4 0.91171875 0.13671875 0.01328125 0.0140625
4 0.928125 0.14140625 0.01484375 0.01640625
4 0.88515625 0.19765625 0.015625 0.01796875
4 0.96328125 0.21328125 0.01328125 0.01796875
4 0.9109375 0.32109375 0.01328125 0.01953125
4 0.934375 0.3046875 0.0140625 0.01953125
3 0.86640625 0.33828125 0.03125 0.06015625
3 0.83828125 0.31015625 0.03359375 0.03828125
3 0.81171875 0.33046875 0.025 0.02890625
3 0.7359375 0.38671875 0.028125 0.03359375
3 0.8234375 0.4484375 0.03125 0.06796875
3 0.80546875 0.50390625 0.01640625 0.02890625
3 0.671875 0.578125 0.0140625 0.025
3 0.61875 0.48828125 0.01796875 0.0234375
0 0.6265625 0.45859375 0.01796875 0.021875
4 0.78203125 0.96328125 0.01328125 0.0203125
4 0.71875 0.934375 0.009375 0.01875
4 0.7078125 0.928125 0.00859375 0.01484375
4 0.7046875 0.971875 0.01015625 0.0203125
4 0.77890625 0.8625 0.01015625 0.01953125
4 0.840625 0.96640625 0.0109375 0.01875
4 0.709375 0.790625 0.01015625 0.0203125
4 0.73125 0.73125 0.01171875 0.01796875
4 0.665625 0.7265625 0.015625 0.01484375
4 0.6609375 0.81328125 0.0109375 0.02421875
4 0.6125 0.72421875 0.01171875 0.01796875
4 0.5796875 0.7203125 0.01328125 0.01484375
4 0.65625 0.3484375 0.01484375 0.01640625
4 0.63828125 0.184375 0.00859375 0.0140625
4 0.646875 0.171875 0.01171875 0.0140625
4 0.603125 0.20625 0.0109375 0.02421875
4 0.590625 0.19609375 0.00703125 0.0203125
4 0.63125 0.140625 0.00859375 0.0234375
4 0.7765625 0.33203125 0.01640625 0.01875
4 0.76875 0.30390625 0.01171875 0.0140625
4 0.75234375 0.284375 0.01171875 0.01796875
3 0.6703125 0.43359375 0.02890625 0.03125
3 0.68359375 0.5875 0.0234375 0.04375
3 0.715625 0.6484375 0.0265625 0.046875
3 0.728125 0.6734375 0.025 0.03515625
4 0.6796875 0.13125 0.01015625 0.01640625
4 0.64921875 0.45859375 0.0140625 0.01171875
0 0.5109375 0.56640625 0.015625 0.0265625
3 0.23203125 0.2828125 0.0265625 0.04921875
2 0.4046875 0.13828125 0.02421875 0.03671875
4 0.25703125 0.03359375 0.01171875 0.02109375
4 0.77578125 0.7015625 0.0109375 0.0234375
4 0.7734375 0.74296875 0.01328125 0.01484375
4 0.60390625 0.8390625 0.00546875 0.01640625
3 0.51953125 0.70546875 0.0234375 0.0359375
6 0.07265625 0.03125 0.0390625 0.0625
3 0.70078125 0.41796875 0.03046875 0.0359375
3 0.63046875 0.50546875 0.02421875 0.03046875
3 0.66640625 0.56328125 0.02109375 0.03203125
3 0.6296875 0.54140625 0.01796875 0.0234375
4 0.5984375 0.83515625 0.00859375 0.01953125
4 0.78828125 0.7078125 0.00859375 0.009375
4 0.78203125 0.72578125 0.009375 0.009375
4 0.80546875 0.6578125 0.00859375 0.01171875
4 0.80703125 0.64765625 0.009375 0.01015625
4 0.8265625 0.6015625 0.0109375 0.0109375
4 0.8171875 0.634375 0.009375 0.009375
4 0.81328125 0.64140625 0.0109375 0.00859375
4 0.77265625 0.578125 0.01015625 0.01015625
4 0.7859375 0.553125 0.00859375 0.0109375
4 0.7890625 0.54375 0.01171875 0.01328125
4 0.79140625 0.534375 0.01015625 0.00625
4 0.79453125 0.521875 0.01015625 0.01015625
4 0.77890625 0.56328125 0.0109375 0.01015625
4 0.77578125 0.57265625 0.01015625 0.01015625
4 0.81015625 0.484375 0.01171875 0.01328125
4 0.8671875 0.4703125 0.00859375 0.01796875
4 0.86796875 0.4890625 0.0140625 0.0109375
4 0.89375 0.425 0.01015625 0.01171875
4 0.86484375 0.415625 0.01015625 0.015625
4 0.89140625 0.4359375 0.01015625 0.01328125
4 0.90546875 0.39375 0.009375 0.0203125
4 0.778125 0.02890625 0.0046875 0.02109375
4 0.78515625 0.02421875 0.0046875 0.0203125
4 0.69453125 0.10390625 0.00546875 0.01796875
4 0.68828125 0.1046875 0.00546875 0.01953125
4 0.6828125 0.11015625 0.00625 0.02109375
4 0.67109375 0.11953125 0.0046875 0.01796875
4 0.678125 0.11171875 0.00625 0.01640625
4 0.6671875 0.121875 0.00546875 0.01796875
4 0.6609375 0.121875 0.00703125 0.01953125
4 0.65546875 0.12421875 0.0046875 0.01953125
4 0.64296875 0.1328125 0.00546875 0.0203125
4 0.65 0.12890625 0.00703125 0.02109375
4 0.6109375 0.15703125 0.00625 0.0203125
4 0.6109375 0.13125 0.00859375 0.01875
4 0.60390625 0.1734375 0.00625 0.01796875
4 0.596875 0.178125 0.00546875 0.01875
4 0.59140625 0.17421875 0.00546875 0.01953125
4 0.584375 0.184375 0.00625 0.01796875
4 0.58359375 0.20234375 0.00546875 0.01953125
4 0.56484375 0.19921875 0.00859375 0.01875
4 0.55625 0.184375 0.00703125 0.01953125
4 0.54921875 0.1890625 0.00546875 0.0203125
2 0.6234375 0.1609375 0.01640625 0.04453125
3 0.521875 0.2171875 0.02109375 0.0296875
4 0.421875 0.28359375 0.00625 0.0140625
4 0.41484375 0.2734375 0.00625 0.01953125
4 0.409375 0.2625 0.0046875 0.01875
4 0.4375 0.28828125 0.00546875 0.02421875
4 0.43125 0.2875 0.00625 0.021875
4 0.4640625 0.2765625 0.0046875 0.015625
4 0.48125 0.27734375 0.00703125 0.01875
4 0.471875 0.2765625 0.00703125 0.01953125
4 0.36328125 0.06015625 0.00703125 0.01796875
4 0.3546875 0.0484375 0.00703125 0.01796875
4 0.34296875 0.03828125 0.00859375 0.01875
4 0.34375 0.06875 0.009375 0.01796875
4 0.37734375 0.07890625 0.009375 0.01796875
4 0.38828125 0.10390625 0.00625 0.021875
4 0.3828125 0.115625 0.00625 0.015625
4 0.378125 0.140625 0.00546875 0.01875
4 0.371875 0.1265625 0.00625 0.01796875
4 0.3796875 0.10078125 0.00859375 0.01875
4 0.36796875 0.11328125 0.00625 0.015625
4 0.3640625 0.09296875 0.00625 0.01796875
4 0.359375 0.08515625 0.00625 0.0203125
4 0.35078125 0.09453125 0.00859375 0.01640625
4 0.33203125 0.05859375 0.00546875 0.01640625
4 0.33515625 0.0640625 0.00703125 0.01953125
4 0.32421875 0.0671875 0.01015625 0.00859375
4 0.33046875 0.078125 0.00625 0.0140625
4 0.31328125 0.0859375 0.01015625 0.015625
4 0.3484375 0.1359375 0.00625 0.01640625
4 0.34296875 0.13359375 0.00625 0.01640625