2 0.078125 0.55078125 0.02109375 0.01640625
2 0.134375 0.53046875 0.028125 0.021875
2 0.2140625 0.428125 0.025 0.03203125
2 0.384375 0.4609375 0.0265625 0.0265625
2 0.321875 0.52421875 0.0296875 0.01875
4 0.278125 0.53359375 0.015625 0.025
4 0.25703125 0.553125 0.01484375 0.0140625
4 0.24296875 0.55703125 0.0109375 0.01640625
4 0.1109375 0.565625 0.0203125 0.01796875
4 0.09375 0.55625 0.0140625 0.021875
4 0.1109375 0.428125 0.01640625 0.01640625
4 0.16484375 0.4515625 0.01640625 0.01953125
4 0.190625 0.565625 0.01171875 0.015625
4 0.36953125 0.43671875 0.01171875 0.01171875
4 0.40078125 0.43515625 0.01484375 0.01484375
4 0.40390625 0.421875 0.0109375 0.00859375
4 0.43203125 0.43359375 0.01171875 0.01484375
4 0.396875 0.5375 0.01328125 0.00859375
4 0.40859375 0.5234375 0.0109375 0.0109375
4 0.42421875 0.5375 0.01484375 0.01171875
4 0.44296875 0.54765625 0.0140625 0.01015625
4 0.4484375 0.565625 0.01171875 0.0109375
4 0.4671875 0.5359375 0.01171875 0.01484375
4 0.45859375 0.521875 0.01484375 0.01484375
2 0.46640625 0.5515625 0.015625 0.0203125
2 0.53203125 0.43984375 0.025 0.0203125
4 0.5375 0.53984375 0.01484375 0.0140625
4 0.50703125 0.5296875 0.01875 0.01796875
4 0.4609375 0.44609375 0.015625 0.01171875
4 0.58828125 0.43515625 0.01171875 0.00703125
4 0.5984375 0.4265625 0.01328125 0.009375
4 0.61796875 0.43828125 0.0140625 0.01171875
4 0.63125 0.41484375 0.0109375 0.01484375
4 0.6765625 0.43203125 0.0140625 0.01328125
4 0.55625 0.53359375 0.01015625 0.01328125
4 0.5671875 0.53046875 0.01015625 0.01484375
4 0.5765625 0.51484375 0.01171875 0.0140625
4 0.5890625 0.53046875 0.0109375 0.00703125
4 0.5859375 0.54765625 0.01171875 0.01015625
4 0.6109375 0.55078125 0.01484375 0.01796875
4 0.61640625 0.534375 0.01171875 0.01484375
4 0.60703125 0.52109375 0.01171875 0.01171875
4 0.64296875 0.5359375 0.009375 0.01171875
4 0.665625 0.5546875 0.01484375 0.01640625
4 0.6875 0.5359375 0.01171875 0.0140625
4 0.69140625 0.51875 0.01328125 0.0109375
2 0.68984375 0.453125 0.02890625 0.01796875
6 0.590625 0.46484375 0.0265625 0.0203125
6 0.56015625 0.4609375 0.0296875 0.01796875
0 0.54609375 0.55859375 0.0140625 0.0140625
0 0.6609375 0.5265625 0.01640625 0.01796875
4 0.784375 0.53359375 0.015625 0.015625
4 0.7515625 0.56171875 0.01796875 0.01171875
4 0.73515625 0.52890625 0.01328125 0.0203125
4 0.79296875 0.4296875 0.01328125 0.01484375
4 0.8125 0.4140625 0.015625 0.01953125
4 0.83046875 0.528125 0.01484375 0.015625
0 0.82578125 0.55 0.01875 0.0203125
0 0.86875 0.52421875 0.01640625 0.0203125
0 0.8828125 0.5453125 0.01796875 0.01953125
0 0.95546875 0.5203125 0.01796875 0.01328125
0 0.9734375 0.4140625 0.021875 0.02421875
4 0.91640625 0.42421875 0.015625 0.0109375
4 0.90234375 0.40625 0.01328125 0.01640625
6 0.91015625 0.453125 0.025 0.021875
4 0.89921875 0.51640625 0.01328125 0.0140625
4 0.93671875 0.53203125 0.01171875 0.01796875
4 0.946875 0.54453125 0.01484375 0.01171875
4 0.98046875 0.55 0.01484375 0.01796875
4 0.965625 0.43515625 0.0140625 0.01640625
0 0.009375 0.43671875 0.01875 0.0234375
4 0.52421875 0.41953125 0.0109375 0.01640625