4 0.896875 0.47421875 0.0140625 0.01484375
4 0.80625 0.409375 0.01171875 0.0140625
4 0.80703125 0.384375 0.0109375 0.01015625
4 0.63359375 0.3984375 0.01015625 0.0109375
4 0.41484375 0.5703125 0.01328125 0.01640625
4 0.36796875 0.375 0.01171875 0.01484375
4 0.25859375 0.365625 0.0109375 0.01953125
4 0.15625 0.6 0.01015625 0.01171875
4 0.1015625 0.55703125 0.01015625 0.00859375
4 0.0890625 0.55859375 0.0109375 0.00859375
4 0.0609375 0.56171875 0.01015625 0.00859375
4 0.0609375 0.57421875 0.01328125 0.009375
4 0.05 0.58828125 0.01171875 0.009375
4 0.03828125 0.5859375 0.009375 0.0109375
4 0.03125 0.59375 0.0109375 0.0140625
4 0.0359375 0.5390625 0.01171875 0.00859375
4 0.0359375 0.50703125 0.0109375 0.00859375
4 0.00546875 0.38125 0.01015625 0.021875
4 0.0078125 0.27578125 0.00703125 0.02109375
4 0.03828125 0.021875 0.00546875 0.02421875
4 0.02890625 0.00859375 0.00859375 0.01640625
4 0.01953125 0.00859375 0.0078125 0.0171875
4 0.0109375 0.00546875 0.00859375 0.0109375
2 0.015625 0.04296875 0.01953125 0.04921875
2 0.053125 0.02265625 0.0234375 0.0453125
2 0.03203125 0.18671875 0.01640625 0.04296875
2 0.0453125 0.196875 0.01328125 0.05
2 0.02109375 0.2359375 0.02109375 0.0484375
2 0.0375 0.24609375 0.01640625 0.046875
2 0.00703125 0.31484375 0.0140625 0.0546875
2 0.153125 0.2609375 0.0234375 0.04296875
2 0.04296875 0.52421875 0.025 0.01796875
2 0.04296875 0.553125 0.02890625 0.01796875
2 0.04296875 0.5734375 0.025 0.01796875
2 0.07109375 0.51796875 0.0265625 0.0234375
2 0.07421875 0.5453125 0.025 0.0234375
2 0.103125 0.54296875 0.02109375 0.01484375
2 0.09921875 0.5734375 0.02578125 0.0203125
2 0.121875 0.51640625 0.0234375 0.01953125
2 0.1265625 0.54140625 0.02421875 0.01875
2 0.128125 0.5609375 0.025 0.01953125
2 0.15625 0.5625 0.021875 0.021875
2 0.153125 0.5390625 0.02421875 0.01796875
2 0.1515625 0.51171875 0.02421875 0.01953125
2 0.18203125 0.5375 0.025 0.0203125
2 0.49609375 0.36796875 0.025 0.0203125
2 0.5078125 0.45703125 0.0265625 0.021875
2 0.6078125 0.43203125 0.02578125 0.0234375
2 0.74140625 0.4421875 0.0203125 0.02109375
2 0.9328125 0.42890625 0.0265625 0.021875
2 0.98203125 0.3390625 0.0296875 0.02421875
2 0.76796875 0.1734375 0.02578125 0.0234375
2 0.7765625 0.25625 0.0265625 0.02421875
3 0.603125 0.5265625 0.07109375 0.03671875
3 0.51953125 0.4984375 0.02578125 0.025
6 0.06953125 0.3296875 0.0265625 0.06953125
0 0.02890625 0.284375 0.015625 0.03203125
0 0.07421875 0.56328125 0.01875 0.01796875
0 0.1203125 0.58359375 0.01875 0.02109375
0 0.19140625 0.37421875 0.0203125 0.02109375
0 0.12890625 0.434375 0.0203125 0.02109375
0 0.45625 0.43125 0.01953125 0.025
6 0.46484375 0.5890625 0.03984375 0.02578125
0 0.09921875 0.51796875 0.01953125 0.0203125