0 0.0890625 0.69609375 0.015625 0.01484375
0 0.04375 0.73046875 0.01328125 0.015625
0 0.1453125 0.73984375 0.0140625 0.01484375
0 0.29609375 0.60390625 0.01171875 0.01171875
4 0.3078125 0.50625 0.01484375 0.01796875
0 0.27421875 0.74765625 0.01640625 0.01484375
0 0.23671875 0.57421875 0.0109375 0.0203125
0 0.41796875 0.48359375 0.01171875 0.01796875
0 0.44140625 0.48125 0.01328125 0.01640625
0 0.53046875 0.51328125 0.01328125 0.01875
2 0.54921875 0.5046875 0.0203125 0.02890625
0 0.5703125 0.63125 0.01171875 0.015625
0 0.54453125 0.63046875 0.01484375 0.0234375
0 0.590625 0.534375 0.01171875 0.0140625
0 0.628125 0.3171875 0.01484375 0.021875
0 0.6 0.36328125 0.01484375 0.01796875
0 0.5046875 0.521875 0.00859375 0.0234375
0 0.71796875 0.19375 0.015625 0.0234375
0 0.76953125 0.37109375 0.0109375 0.02109375
0 0.87421875 0.10859375 0.01640625 0.03046875
0 0.7765625 0.046875 0.0140625 0.0296875
4 0.30625 0.584375 0.009375 0.009375
4 0.2125 0.73828125 0.0109375 0.01171875
0 0.221875 0.65234375 0.01171875 0.009375
4 0.44453125 0.43828125 0.01015625 0.01484375
4 0.496875 0.46640625 0.01015625 0.0140625
4 0.3984375 0.46953125 0.01171875 0.01328125
4 0.52109375 0.50859375 0.00859375 0.0140625
4 0.521875 0.41171875 0.01328125 0.01484375
4 0.3859375 0.36953125 0.009375 0.01796875
4 0.3390625 0.33203125 0.00859375 0.01484375
4 0.2421875 0.19609375 0.01171875 0.01171875
4 0.259375 0.27109375 0.0109375 0.01796875
4 0.24921875 0.421875 0.01171875 0.0140625
4 0.334375 0.40234375 0.0109375 0.015625
2 0.21640625 0.42109375 0.01953125 0.0296875
4 0.3921875 0.390625 0.015625 0.01796875
4 0.534375 0.4140625 0.01328125 0.0140625
4 0.57578125 0.41953125 0.01328125 0.01640625
4 0.596875 0.58203125 0.0140625 0.01328125
4 0.6203125 0.55625 0.0109375 0.01640625
0 0.64140625 0.6265625 0.01328125 0.025
4 0.6484375 0.275 0.01328125 0.01796875
0 0.60078125 0.6546875 0.01328125 0.0234375
0 0.7515625 0.68671875 0.01015625 0.015625
4 0.6828125 0.7 0.0140625 0.0234375
4 0.809375 0.7515625 0.01015625 0.0140625
4 0.8265625 0.77890625 0.0109375 0.01796875
4 0.7296875 0.846875 0.00859375 0.01171875
0 0.721875 0.44375 0.01171875 0.01875
4 0.71875 0.40390625 0.0140625 0.01640625
0 0.7546875 0.49765625 0.0109375 0.02421875
2 0.63125 0.3765625 0.02578125 0.03359375
2 0.19453125 0.809375 0.0203125 0.015625
4 0.1328125 0.68671875 0.015625 0.01328125
4 0.33359375 0.5671875 0.0140625 0.009375
0 0.7953125 0.90546875 0.01328125 0.01953125
2 0.8546875 0.8265625 0.0296875 0.03828125
4 0.79375 0.75625 0.015625 0.025
0 0.7390625 0.7 0.01484375 0.01953125
3 0.75390625 0.63984375 0.01640625 0.02890625
3 0.78671875 0.69765625 0.01796875 0.02109375
3 0.71796875 0.82265625 0.01875 0.0265625
2 0.45703125 0.67421875 0.01953125 0.0265625
4 0.52890625 0.640625 0.0109375 0.015625
4 0.57578125 0.70390625 0.01328125 0.01328125
4 0.6140625 0.634375 0.00859375 0.01171875
4 0.60390625 0.628125 0.01171875 0.015625
4 0.58828125 0.64140625 0.00703125 0.01953125
2 0.515625 0.4796875 0.0203125 0.03046875
4 0.471875 0.51171875 0.01328125 0.0140625
4 0.3796875 0.57265625 0.01171875 0.0109375
4 0.4171875 0.55546875 0.01328125 0.0140625
4 0.34296875 0.52265625 0.0140625 0.015625
4 0.4734375 0.590625 0.009375 0.01015625
4 0.4609375 0.60859375 0.0109375 0.0109375
0 0.17578125 0.38203125 0.0109375 0.01328125
1 0.153125 0.35625 0.01953125 0.0234375
2 0.296875 0.25546875 0.01953125 0.02109375
2 0.38359375 0.51640625 0.01953125 0.021875
0 0.7484375 0.10390625 0.01328125 0.01953125
0 0.7109375 0.16171875 0.0140625 0.028125
4 0.75703125 0.05 0.0140625 0.015625
4 0.745051471875 0.35777880781250004 0.741447271875 0.3510516859375 0.7333378234375 0.3635449234375 0.7360997234375 0.3693716234375 0.745051471875 0.35777880781250004
4 0.7671875 0.30078125 0.01484375 0.01640625
0 0.81484375 0.21796875 0.01171875 0.02109375
3 0.59140625 0.48828125 0.0140625 0.02109375
0 0.530442478125 0.68388929375 0.52234880625 0.6783557421874999 0.5195471421875 0.6863793859375 0.5274851828125 0.6938497031249999 0.530442478125 0.68388929375
0 0.52592870625 0.6318739015625 0.5268625890624999 0.6224668703125 0.516589846875 0.6235735734375 0.51745866875 0.6310657234375 0.52592870625 0.6318739015625
0 0.48296994687500006 0.64128094375 0.47409803593750005 0.6379608109375 0.47347544218750004 0.6476445265625 0.48156912656250006 0.64847455625 0.48296994687500006 0.64128094375
5 0.575 0.66328125 0.040625 0.053125
1 0.7234375 0.3375 0.0453125 0.08203125
1 0.7703125 0.23125 0.0453125 0.08515625
1 0.63203125 0.5265625 0.03203125 0.04609375
2 0.703125 0.61953125 0.0203125 0.034375
2 0.7234375 0.63828125 0.01875 0.03515625
2 0.68046875 0.4921875 0.01796875 0.03203125
2 0.70390625 0.47734375 0.015625 0.0359375
0 0.70078125 0.440625 0.0140625 0.01953125
0 0.57421875 0.50703125 0.01796875 0.03515625
0 0.45546875 0.4609375 0.015625 0.01796875
2 0.290625 0.546875 0.0234375 0.03046875
2 0.659375 0.7515625 0.02109375 0.03046875
4 0.61796875 0.725 0.00859375 0.02109375
4 0.60390625 0.7125 0.01015625 0.015625
5 0.91875 0.8859375 0.04453125 0.06875
5 0.60390625 0.603125 0.03984375 0.0453125
0 0.628125 0.61640625 0.01328125 0.0265625
2 0.634375 0.56640625 0.0203125 0.03046875
3 0.49140625 0.50234375 0.01796875 0.0234375
0 0.48046875 0.459375 0.01328125 0.01953125
0 0.47578125 0.49375 0.01484375 0.01875
0 0.48828125 0.4234375 0.01328125 0.01953125
0 0.50859375 0.40625 0.0140625 0.01796875
0 0.53359375 0.3953125 0.01484375 0.0203125
3 0.40546875 0.52578125 0.01484375 0.025