6 0.02421875 0.67734375 0.0453125 0.021875
5 0.05078125 0.703125 0.071875 0.0234375
5 0.2359375 0.70078125 0.065625 0.02578125
5 0.4375 0.725 0.06328125 0.025
6 0.253125 0.80546875 0.0453125 0.0265625
6 0.0859375 0.60234375 0.04375 0.0234375
6 0.12109375 0.6671875 0.03515625 0.0265625
6 0.2765625 0.6265625 0.034375 0.0234375
6 0.59375 0.67421875 0.046875 0.04140625
6 0.76171875 0.6734375 0.0453125 0.021875
6 0.89296875 0.70546875 0.05 0.02421875
6 0.69296875 0.8109375 0.04296875 0.03046875
5 0.81484375 0.72890625 0.06640625 0.028125
6 0.9453125 0.834375 0.03046875 0.021875
3 0.61015625 0.7171875 0.0234375 0.01484375
3 0.66171875 0.72578125 0.02421875 0.01953125
3 0.78515625 0.60078125 0.0203125 0.01484375
3 0.5109375 0.52421875 0.01796875 0.03984375
3 0.52421875 0.5546875 0.01171875 0.034375
3 0.53671875 0.43125 0.01171875 0.040625
6 0.503125 0.43359375 0.015625 0.06328125
6 0.51875 0.47421875 0.0203125 0.07890625
6 0.47109375 0.1140625 0.01640625 0.071875
6 0.53359375 0.15 0.021875 0.0796875
2 0.1453125 0.70078125 0.01640625 0.01484375
2 0.184375 0.7203125 0.0234375 0.01796875
2 0.2390625 0.72265625 0.015625 0.01796875
2 0.29375 0.721875 0.02109375 0.01796875
1 0.3375 0.71875 0.021875 0.021875
3 0.371875 0.71796875 0.021875 0.01796875
2 0.28671875 0.59921875 0.01875 0.01875
2 0.30859375 0.596875 0.01953125 0.0140625
2 0.3390625 0.421875 0.01484375 0.01328125
2 0.33828125 0.440625 0.01484375 0.015625
3 0.271875 0.515625 0.021875 0.015625
2 0.43671875 0.15703125 0.01484375 0.01171875
2 0.44609375 0.17890625 0.01796875 0.01796875
2 0.46328125 0.18828125 0.009375 0.034375
2 0.43046875 0.190625 0.01640625 0.01875
2 0.44609375 0.24375 0.01640625 0.025
2 0.44609375 0.271875 0.01875 0.01640625
2 0.44140625 0.29140625 0.01875 0.02109375
2 0.453125 0.321875 0.00625 0.0265625
3 0.45703125 0.36171875 0.01328125 0.03984375
3 0.478125 0.2421875 0.00859375 0.0359375
2 0.54140625 0.35625 0.01171875 0.028125
2 0.5328125 0.378125 0.0109375 0.028125
0 0.43984375 0.4890625 0.0140625 0.01171875
0 0.4515625 0.49140625 0.01171875 0.01796875
0 0.453125 0.50390625 0.00703125 0.0234375
0 0.44921875 0.54453125 0.00859375 0.01953125
2 0.5125 0.57265625 0.01875 0.02578125
3 0.48828125 0.509375 0.015625 0.02890625
2 0.5515625 0.61796875 0.015625 0.01875
2 0.590625 0.6171875 0.0203125 0.02109375
2 0.61328125 0.59140625 0.01640625 0.021875
2 0.553125 0.57578125 0.01796875 0.02421875
0 0.54375 0.54921875 0.01015625 0.021875
2 0.67578125 0.59921875 0.015625 0.01328125
2 0.86484375 0.52109375 0.01171875 0.0296875
2 0.91015625 0.484375 0.01015625 0.0296875
2 0.90703125 0.56328125 0.01953125 0.01640625
2 0.96953125 0.5984375 0.0234375 0.0203125
3 0.86328125 0.6734375 0.01640625 0.01484375
3 0.7109375 0.78203125 0.02578125 0.01875
2 0.69296875 0.8625 0.01953125 0.01640625
2 0.621875 0.89140625 0.009375 0.028125
3 0.57890625 0.73046875 0.01953125 0.015625
0 0.17578125 0.67421875 0.0140625 0.01015625
0 0.5375 0.68203125 0.0109375 0.01015625
2 0.44453125 0.046875 0.009375 0.02890625
3 0.43515625 0.04296875 0.009375 0.03125
4 0.07890625 0.778125 0.009375 0.009375
4 0.0609375 0.63359375 0.01015625 0.0109375
4 0.1515625 0.63203125 0.01171875 0.01015625
4 0.08828125 0.81796875 0.01015625 0.0109375
4 0.10859375 0.834375 0.009375 0.00625
4 0.2828125 0.83203125 0.01171875 0.01015625
4 0.42421875 0.8359375 0.009375 0.009375
4 0.46171875 0.82578125 0.00859375 0.00703125
4 0.49609375 0.84375 0.00703125 0.00859375
4 0.534375 0.82109375 0.01015625 0.009375
4 0.55703125 0.828125 0.01015625 0.009375
4 0.546875 0.84375 0.00859375 0.00859375
4 0.64453125 0.825 0.00859375 0.00859375
4 0.79453125 0.8421875 0.00859375 0.00703125
4 0.97578125 0.6375 0.01171875 0.01015625
4 0.76015625 0.7 0.00859375 0.0109375
4 0.715625 0.66796875 0.00625 0.009375
4 0.70078125 0.66953125 0.01015625 0.009375
4 0.56171875 0.6734375 0.00703125 0.00703125
4 0.56796875 0.609375 0.009375 0.01015625
4 0.39296875 0.66875 0.009375 0.00859375
4 0.3234375 0.69296875 0.00859375 0.00859375
4 0.20859375 0.68046875 0.01015625 0.01015625
4 0.47578125 0.503125 0.00546875 0.01640625
4 0.509375 0.31640625 0.00546875 0.01640625