5 0.2109375 0.67890625 0.06796875 0.0484375
5 0.2765625 0.67421875 0.059375 0.04921875
0 0.159375 0.715625 0.02421875 0.0359375
2 0.078125 0.865625 0.0265625 0.0296875
2 0.378125 0.884375 0.025 0.0390625
2 0.3359375 0.9203125 0.0265625 0.03828125
2 0.36796875 0.928125 0.01875 0.04375
2 0.58046875 0.81796875 0.02578125 0.03828125
2 0.50546875 0.60859375 0.0296875 0.0640625
2 0.51171875 0.4390625 0.03046875 0.0546875
2 0.50703125 0.2703125 0.0203125 0.05
0 0.465625 0.140625 0.0140625 0.040625
3 0.63671875 0.703125 0.02890625 0.034375
2 0.70703125 0.6875 0.02578125 0.0296875
2 0.72734375 0.715625 0.0296875 0.021875
2 0.68125 0.79609375 0.03046875 0.04375
2 0.784375 0.796875 0.03515625 0.02890625
2 0.784375 0.83125 0.02578125 0.03515625
4 0.16171875 0.7890625 0.0203125 0.0234375
4 0.24296875 0.8109375 0.01171875 0.02109375
4 0.23125 0.89296875 0.01640625 0.034375
4 0.171875 0.94453125 0.01875 0.0234375
0 0.290625 0.790625 0.02109375 0.02421875
4 0.40078125 0.7796875 0.01953125 0.021875
4 0.39765625 0.8015625 0.021875 0.01953125
4 0.5265625 0.78203125 0.01953125 0.0203125
4 0.4890625 0.803125 0.01953125 0.02890625
4 0.528125 0.83046875 0.0109375 0.02578125
4 0.67421875 0.89453125 0.0234375 0.02578125
4 0.85859375 0.71328125 0.01328125 0.02578125
4 0.8421875 0.79140625 0.01640625 0.03125
4 0.95546875 0.73125 0.01484375 0.03359375
4 0.89375 0.80390625 0.01875 0.021875
4 0.9234375 0.796875 0.01171875 0.03203125
4 0.909375 0.8953125 0.01796875 0.02578125
4 0.46796875 0.5796875 0.01171875 0.03359375
4 0.46328125 0.303125 0.0109375 0.03125
4 0.51953125 0.03203125 0.01171875 0.02890625
0 0.096875 0.79453125 0.025 0.01640625