5 0.296875 0.0640625 0.021875 0.03671875
5 0.409375 0.1515625 0.02421875 0.04296875
2 0.24765625 0.071875 0.0140625 0.028125
2 0.35859375 0.134375 0.01171875 0.0203125
2 0.35546875 0.31171875 0.01171875 0.03203125
2 0.40234375 0.30390625 0.01328125 0.021875
2 0.434375 0.24921875 0.01015625 0.02578125
2 0.45078125 0.13828125 0.01171875 0.021875
2 0.47109375 0.15859375 0.0140625 0.02578125
2 0.51640625 0.09296875 0.01640625 0.02578125
2 0.56171875 0.01640625 0.01484375 0.0265625
2 0.703125 0.08125 0.01328125 0.02421875
2 0.790625 0.04453125 0.0140625 0.025
2 0.80546875 0.109375 0.015625 0.0265625
2 0.73671875 0.10703125 0.01328125 0.02421875
2 0.73671875 0.13203125 0.0140625 0.025
2 0.67578125 0.16328125 0.015625 0.025
2 0.5625 0.3609375 0.01484375 0.025
2 0.50625 0.46015625 0.01953125 0.03046875
2 0.04296875 0.98828125 0.015625 0.0203125
2 0.02890625 0.9890625 0.01484375 0.021875
2 0.0765625 0.81796875 0.01640625 0.0265625
2 0.2484375 0.52109375 0.01328125 0.0234375
2 0.2625 0.74453125 0.0140625 0.02421875
2 0.31328125 0.69140625 0.0140625 0.0234375
2 0.34296875 0.62421875 0.015625 0.02421875
2 0.36640625 0.571875 0.0140625 0.02109375
2 0.38125 0.52890625 0.0140625 0.02578125
2 0.3765625 0.62890625 0.01484375 0.02578125
2 0.38125 0.73984375 0.01484375 0.028125
2 0.36953125 0.89375 0.0140625 0.0234375
2 0.25625 0.9828125 0.015625 0.025
2 0.5484375 0.6625 0.015625 0.0265625
2 0.8015625 0.9640625 0.0140625 0.025
2 0.77734375 0.94765625 0.0140625 0.025
2 0.778125 0.92109375 0.01171875 0.02109375
2 0.71484375 0.93671875 0.01484375 0.02578125
2 0.71875 0.89375 0.01484375 0.02578125
2 0.6984375 0.88828125 0.0140625 0.02578125
2 0.7015625 0.87109375 0.015625 0.02578125
2 0.68203125 0.85859375 0.01328125 0.02109375
2 0.684375 0.840625 0.01328125 0.02109375
2 0.696875 0.796875 0.01484375 0.02578125
2 0.67109375 0.8640625 0.01484375 0.0234375
2 0.66875 0.815625 0.0140625 0.0234375
2 0.66328125 0.83046875 0.01328125 0.02421875
2 0.65703125 0.8421875 0.0140625 0.02890625
2 0.64453125 0.8140625 0.0140625 0.021875
2 0.63046875 0.78828125 0.01484375 0.021875
2 0.61640625 0.7859375 0.01171875 0.0234375
2 0.60546875 0.75 0.0140625 0.0234375
2 0.60078125 0.70703125 0.01171875 0.021875
2 0.61484375 0.734375 0.015625 0.028125
2 0.6265625 0.765625 0.01328125 0.02109375
2 0.571875 0.7109375 0.01015625 0.021875
6 0.64921875 0.790625 0.02578125 0.04453125
4 0.67421875 0.74375 0.00546875 0.009375
4 0.73046875 0.90625 0.00546875 0.0109375
4 0.75703125 0.89765625 0.00703125 0.01171875
4 0.68203125 0.878125 0.00546875 0.01015625
4 0.67421875 0.8390625 0.0046875 0.0109375
4 0.59921875 0.77890625 0.00546875 0.00859375
4 0.62421875 0.73515625 0.00546875 0.0109375
4 0.61953125 0.7671875 0.00390625 0.01171875
4 0.60546875 0.7625 0.0046875 0.009375
4 0.59921875 0.75390625 0.00390625 0.009375
4 0.59453125 0.753125 0.00546875 0.009375
4 0.59140625 0.74375 0.00546875 0.01015625
4 0.58671875 0.734375 0.00546875 0.009375
0 0.6765625 0.70390625 0.00625 0.015625
0 0.69453125 0.74921875 0.00859375 0.01484375
0 0.59140625 0.71171875 0.009375 0.01796875
0 0.584375 0.71640625 0.00859375 0.01640625
0 0.57890625 0.73828125 0.00859375 0.01875
0 0.5609375 0.7 0.00703125 0.01953125
0 0.55234375 0.690625 0.00703125 0.01796875
4 0.57421875 0.69609375 0.00546875 0.0109375
4 0.5609375 0.7140625 0.0046875 0.00859375
4 0.54765625 0.69375 0.003125 0.0140625
4 0.54453125 0.6703125 0.00546875 0.009375
4 0.5453125 0.68046875 0.0046875 0.0109375
4 0.55859375 0.6546875 0.00546875 0.009375
4 0.5515625 0.6359375 0.00625 0.0109375
4 0.55078125 0.64609375 0.00546875 0.01015625
4 0.65390625 0.546875 0.0046875 0.0109375
4 0.73125 0.378125 0.00546875 0.0109375
4 0.76484375 0.33984375 0.00546875 0.0109375
4 0.6890625 0.26953125 0.00703125 0.0109375
4 0.59140625 0.51015625 0.00546875 0.00859375
4 0.6140625 0.47265625 0.00546875 0.0109375
4 0.61796875 0.478125 0.00703125 0.009375
4 0.61875 0.48828125 0.00546875 0.00859375
4 0.61171875 0.5015625 0.00546875 0.009375
4 0.60390625 0.51328125 0.00625 0.00859375
4 0.59765625 0.51015625 0.00546875 0.01015625
4 0.590625 0.52109375 0.0046875 0.01015625
4 0.59375 0.52421875 0.0046875 0.00859375
0 0.62890625 0.46015625 0.00859375 0.01484375
0 0.58515625 0.534375 0.00859375 0.01484375
0 0.67109375 0.5046875 0.009375 0.015625
0 0.66875 0.33671875 0.00859375 0.01484375
0 0.934375 0.04609375 0.01171875 0.01875
0 0.75390625 0.140625 0.0109375 0.01953125
4 0.7890625 0.14921875 0.00625 0.01015625
4 0.91796875 0.0359375 0.00546875 0.01015625
0 0.503125 0.08671875 0.009375 0.01796875
0 0.4421875 0.19921875 0.009375 0.01796875
0 0.38125 0.24375 0.00859375 0.01640625
4 0.390625 0.30390625 0.0046875 0.0109375
4 0.3953125 0.28203125 0.00546875 0.00859375
4 0.4078125 0.2765625 0.0046875 0.01171875
4 0.36328125 0.28828125 0.00546875 0.0109375
4 0.28828125 0.17578125 0.00546875 0.0109375
4 0.2671875 0.04296875 0.00859375 0.01015625
0 0.27109375 0.18828125 0.009375 0.01484375
4 0.278125 0.1875 0.0046875 0.01171875
0 0.296875 0.24765625 0.009375 0.01640625
0 0.32421875 0.29609375 0.00859375 0.01640625
0 0.32890625 0.3046875 0.00859375 0.01484375
0 0.43046875 0.83046875 0.00703125 0.01875
0 0.45625 0.7890625 0.00859375 0.015625
2 0.68046875 0.321875 0.01328125 0.0234375
2 0.68515625 0.35703125 0.0140625 0.02578125
2 0.66953125 0.3625 0.0140625 0.0234375
2 0.659375 0.359375 0.01171875 0.02109375
2 0.65703125 0.38203125 0.01171875 0.01953125
2 0.65078125 0.41015625 0.01640625 0.02578125
2 0.64140625 0.390625 0.0140625 0.0234375
2 0.62890625 0.415625 0.015625 0.025
2 0.62734375 0.4390625 0.01640625 0.02578125
2 0.61484375 0.43671875 0.01328125 0.02109375
2 0.60078125 0.4609375 0.01171875 0.02109375
2 0.60859375 0.46796875 0.0140625 0.02421875
2 0.60703125 0.4921875 0.01484375 0.02578125
2 0.596875 0.48984375 0.01484375 0.02578125
2 0.58671875 0.4859375 0.0140625 0.02109375
4 0.40703125 0.51875 0.00625 0.0140625
4 0.33359375 0.6 0.00625 0.01171875
0 0.3734375 0.365625 0.00859375 0.0203125
0 0.22890625 0.09375 0.00859375 0.015625
0 0.20625 0.82109375 0.009375 0.015625
3 0.06328125 0.896875 0.01796875 0.02890625
4 0.04609375 0.9078125 0.0046875 0.01015625
4 0.23046875 0.80078125 0.00625 0.01015625
4 0.19140625 0.96171875 0.00546875 0.009375
4 0.271875 0.99140625 0.0046875 0.009375
4 0.3640625 0.81484375 0.0046875 0.01015625
4 0.37578125 0.80625 0.00625 0.01328125
4 0.37734375 0.821875 0.0046875 0.0109375
4 0.43125 0.7078125 0.00546875 0.01015625
4 0.2265625 0.84765625 0.00859375 0.0140625