2 0.76796875 0.17109375 0.0265625 0.028125
2 0.77578125 0.253125 0.0296875 0.034375
4 0.92578125 0.375 0.015625 0.01640625
4 0.94375 0.53125 0.01484375 0.01640625
3 0.86953125 0.50390625 0.03046875 0.025
2 0.49609375 0.36875 0.02578125 0.02109375
4 0.50390625 0.5453125 0.01484375 0.01640625
6 0.46328125 0.5890625 0.04296875 0.03046875
4 0.33125 0.4390625 0.01171875 0.0140625
4 0.23203125 0.57421875 0.01484375 0.01484375
0 0.19296875 0.37578125 0.02109375 0.01875
4 0.10703125 0.54453125 0.0140625 0.015625
4 0.1265625 0.45859375 0.0140625 0.01640625
2 0.1515625 0.26484375 0.0203125 0.04375
3 0.06796875 0.33046875 0.028125 0.06796875
2 0.06171875 0.09609375 0.01640625 0.040625
2 0.046875 0.140625 0.01875 0.0484375
2 0.05703125 0.15546875 0.01640625 0.040625
4 0.25625 0.36953125 0.01171875 0.01171875
2 0.0328125 0.18984375 0.01796875 0.05
2 0.0453125 0.2015625 0.01875 0.04453125
2 0.02109375 0.23984375 0.0203125 0.05546875
2 0.03671875 0.24375 0.01796875 0.05078125
4 0.04453125 0.265625 0.009375 0.021875
0 0.028125 0.2859375 0.01796875 0.03203125
4 0.00703125 0.2796875 0.01171875 0.01953125
2 0.0140625 0.046875 0.01796875 0.04609375
4 0.0203125 0.01328125 0.01015625 0.02109375
4 0.00859375 0.009375 0.01171875 0.01875