2 0.43671875 0.41640625 0.01875 0.040625
2 0.53515625 0.384375 0.01796875 0.0484375
0 0.36640625 0.36484375 0.0203125 0.025
4 0.39140625 0.37421875 0.01484375 0.01875
4 0.40546875 0.3515625 0.01640625 0.021875
2 0.5515625 0.609375 0.01796875 0.04453125
2 0.5265625 0.3109375 0.021875 0.04609375
2 0.4921875 0.290625 0.02421875 0.04375
2 0.45703125 0.25703125 0.02578125 0.0359375
3 0.5171875 0.18125 0.02421875 0.03203125
2 0.42109375 0.23125 0.02578125 0.0265625
2 0.38671875 0.23125 0.034375 0.0265625
2 0.38671875 0.20625 0.03046875 0.02890625
2 0.409375 0.19140625 0.0265625 0.0265625
4 0.3734375 0.1828125 0.01640625 0.01640625
4 0.359375 0.1734375 0.01640625 0.01484375
4 0.465625 0.17890625 0.01875 0.0203125
2 0.553125 0.18203125 0.02890625 0.0265625
2 0.59453125 0.20234375 0.0296875 0.02890625
2 0.63671875 0.23125 0.02578125 0.02890625
2 0.67109375 0.19765625 0.028125 0.0265625
2 0.70390625 0.24921875 0.028125 0.025
3 0.72890625 0.2265625 0.03203125 0.0359375
0 0.79921875 0.21015625 0.01875 0.03046875
2 0.803125 0.25234375 0.02578125 0.025
2 0.765625 0.24921875 0.0296875 0.03671875
4 0.88125 0.196875 0.01953125 0.02109375
2 0.8796875 0.23515625 0.02890625 0.028125
2 0.77578125 0.14609375 0.0203125 0.05078125
3 0.7984375 0.153125 0.01796875 0.04453125
2 0.83671875 0.16796875 0.028125 0.0265625
2 0.9234375 0.21484375 0.02578125 0.028125
2 0.921875 0.2515625 0.0296875 0.03046875
4 0.9734375 0.20859375 0.015625 0.021875
4 0.990625 0.190625 0.01875 0.01875
0 0.990625 0.2203125 0.01875 0.021875
2 0.98046875 0.24296875 0.03203125 0.03046875
4 0.984375 0.39453125 0.01875 0.01796875
4 0.9421875 0.3859375 0.01953125 0.0203125
4 0.86484375 0.36875 0.01640625 0.01953125
2 0.90390625 0.3671875 0.03125 0.03125
6 0.88046875 0.3921875 0.04609375 0.03203125
4 0.7703125 0.3984375 0.01875 0.0234375
0 0.9875 0.43359375 0.025 0.0234375
4 0.72890625 0.40859375 0.01796875 0.025
4 0.65390625 0.41328125 0.01328125 0.01875
4 0.64921875 0.40078125 0.01328125 0.01015625
4 0.6546875 0.39296875 0.0140625 0.01875
4 0.6421875 0.39296875 0.015625 0.015625
4 0.63828125 0.4390625 0.01875 0.01953125
4 0.69140625 0.365625 0.015625 0.01796875
4 0.54921875 0.696875 0.00859375 0.02578125
2 0.5078125 0.85546875 0.015625 0.040625
4 0.45546875 0.9390625 0.0109375 0.02578125
2 0.4296875 0.9875 0.0125 0.025
2 0.46328125 0.784375 0.01640625 0.05
2 0.48046875 0.79296875 0.01640625 0.03984375
0 0.45390625 0.684375 0.0140625 0.034375
0 0.478125 0.66953125 0.01484375 0.03671875
4 0.46328125 0.70546875 0.01171875 0.03203125
2 0.4765625 0.703125 0.01875 0.040625
2 0.4890625 0.6875 0.01640625 0.04609375
4 0.4984375 0.6703125 0.01171875 0.0234375
2 0.47109375 0.74140625 0.015625 0.03984375
2 0.48203125 0.7484375 0.015625 0.046875
4 0.45546875 0.80546875 0.01171875 0.02421875
0 0.446875 0.83046875 0.0140625 0.03125
4 0.50078125 0.4953125 0.01171875 0.0265625
4 0.47421875 0.4890625 0.01171875 0.0265625
4 0.46953125 0.5046875 0.009375 0.025
4 0.47421875 0.51171875 0.009375 0.0234375
2 0.48203125 0.496875 0.01640625 0.04140625
2 0.4890625 0.5234375 0.01875 0.0515625
4 0.496875 0.53203125 0.00859375 0.02578125
4 0.4984375 0.5140625 0.0140625 0.0265625
4 0.471875 0.52890625 0.00859375 0.0203125
4 0.46953125 0.54296875 0.009375 0.02109375
4 0.46328125 0.5484375 0.01015625 0.028125
4 0.46796875 0.55703125 0.009375 0.0234375
2 0.47109375 0.58125 0.0140625 0.0453125
4 0.46953125 0.61171875 0.0109375 0.02890625
2 0.478125 0.6265625 0.015625 0.05078125
2 0.49453125 0.64140625 0.015625 0.05078125
4 0.49296875 0.565625 0.01015625 0.02421875
4 0.49296875 0.54453125 0.01328125 0.0234375
2 0.49921875 0.5640625 0.0140625 0.040625
4 0.30078125 0.59375 0.01640625 0.015625
4 0.29765625 0.6015625 0.01484375 0.01484375
4 0.2984375 0.60859375 0.01328125 0.0140625
6 0.34453125 0.41484375 0.025 0.03046875
4 0.378125 0.44140625 0.01171875 0.015625
4 0.17265625 0.34765625 0.01875 0.01796875
4 0.14453125 0.3359375 0.01796875 0.01875
3 0.05859375 0.353125 0.01640625 0.02109375
4 0.00703125 0.340625 0.0140625 0.021875
2 0.08828125 0.58359375 0.021875 0.0234375
2 0.04375 0.57890625 0.0234375 0.021875
2 0.03828125 0.60546875 0.02421875 0.025
2 0.034375 0.69140625 0.02109375 0.021875
4 0.1359375 0.14609375 0.01640625 0.02578125
4 0.15546875 0.16328125 0.01796875 0.021875
2 0.196875 0.17578125 0.02578125 0.0265625
4 0.01953125 0.0703125 0.015625 0.01953125
4 0.00625 0.08515625 0.0125 0.0203125
0 0.034375 0.03359375 0.01875 0.0359375
4 0.30546875 0.225 0.0203125 0.0234375
0 0.35703125 0.159375 0.02421875 0.0234375
2 0.47421875 0.24140625 0.0265625 0.03359375
0 0.5015625 0.146875 0.01953125 0.02421875
2 0.55390625 0.0765625 0.01796875 0.02890625
2 0.534375 0.00859375 0.015625 0.0171875
2 0.61796875 0.0109375 0.01796875 0.021875
4 0.678125 0.12109375 0.009375 0.028125
4 0.715625 0.1703125 0.0140625 0.01953125
4 0.70390625 0.15546875 0.01640625 0.01640625
4 0.69453125 0.12109375 0.009375 0.0234375
4 0.703125 0.1234375 0.00859375 0.0234375
4 0.74453125 0.203125 0.01796875 0.01875
4 0.78203125 0.22578125 0.01796875 0.0203125
2 0.815625 0.01796875 0.01640625 0.0359375
4 0.63125 0.34375 0.0140625 0.01796875
4 0.62578125 0.35546875 0.01875 0.01484375
2 0.6484375 0.36015625 0.02578125 0.02421875
2 0.640625 0.378125 0.02421875 0.02109375
0 0.63515625 0.40546875 0.02109375 0.025
2 0.66953125 0.38359375 0.021875 0.0234375
2 0.6921875 0.38359375 0.025 0.028125
2 0.50390625 0.52109375 0.015625 0.040625
2 0.478125 0.53828125 0.0140625 0.04609375
2 0.675 0.3625 0.025 0.02421875
2 0.48203125 0.58359375 0.015625 0.04609375
3 0.921875 0.1640625 0.01796875 0.02109375