6 0.565625 0.95703125 0.04375 0.0703125
0 0.43203125 0.62421875 0.015625 0.02109375
0 0.51875 0.6265625 0.01640625 0.025
0 0.50859375 0.51328125 0.01484375 0.02890625
0 0.42578125 0.678125 0.01484375 0.01953125
0 0.3984375 0.71171875 0.01171875 0.0234375
0 0.4109375 0.69140625 0.015625 0.025
0 0.31796875 0.60390625 0.0109375 0.034375
0 0.63515625 0.75546875 0.01796875 0.0234375
0 0.6265625 0.77421875 0.0140625 0.021875
3 0.76796875 0.81328125 0.0234375 0.0515625
3 0.78359375 0.95 0.0203125 0.03515625
3 0.38203125 0.55078125 0.02421875 0.0296875
0 0.28203125 0.27890625 0.01875 0.02890625
3 0.2515625 0.24140625 0.02109375 0.03125
2 0.41015625 0.64609375 0.02421875 0.02421875
2 0.21015625 0.94140625 0.0140625 0.04453125
3 0.21796875 0.97578125 0.01953125 0.03984375
3 0.253125 0.80546875 0.01953125 0.040625
3 0.278125 0.68359375 0.01875 0.03671875
0 0.4765625 0.321875 0.01796875 0.028125
4 0.33203125 0.81171875 0.0140625 0.02421875
4 0.31015625 0.88359375 0.0109375 0.02421875
4 0.26796875 0.87421875 0.01171875 0.0234375
4 0.29453125 0.778125 0.01015625 0.03515625
4 0.28828125 0.7484375 0.01171875 0.0234375
4 0.2765625 0.75078125 0.01171875 0.03125
4 0.35703125 0.60625 0.01484375 0.021875
4 0.4 0.58046875 0.01171875 0.01796875
4 0.46171875 0.52265625 0.01328125 0.03671875
4 0.48984375 0.51171875 0.0140625 0.0265625
4 0.49453125 0.41875 0.01484375 0.03515625
4 0.5015625 0.3453125 0.01796875 0.0265625
2 0.596875 0.21875 0.0203125 0.0296875
2 0.5484375 0.24921875 0.021875 0.03125
2 0.51640625 0.28125 0.02578125 0.03671875
2 0.62109375 0.16328125 0.01484375 0.05625
2 0.6578125 0.15390625 0.025 0.0296875
2 0.8640625 0.2875 0.025 0.03203125
2 0.75703125 0.6328125 0.01875 0.04140625
2 0.62265625 0.63203125 0.021875 0.03984375
2 0.325 0.378125 0.01015625 0.0453125
2 0.228125 0.19375 0.0265625 0.0296875
2 0.30546875 0.11796875 0.01953125 0.03828125
2 0.18671875 0.13125 0.021875 0.0296875
4 0.54296875 0.66015625 0.01796875 0.0296875
4 0.59296875 0.57578125 0.01171875 0.0234375
4 0.58359375 0.49453125 0.01015625 0.03125
4 0.59296875 0.421875 0.00859375 0.03203125
4 0.63359375 0.40703125 0.01796875 0.0265625
4 0.43984375 0.42890625 0.01484375 0.01640625
4 0.42265625 0.440625 0.0140625 0.0296875
4 0.42109375 0.47109375 0.01875 0.015625
4 0.36484375 0.42265625 0.01171875 0.0234375
4 0.453125 0.37109375 0.02109375 0.02109375
4 0.43515625 0.50390625 0.009375 0.0265625
4 0.36875 0.51171875 0.01328125 0.02109375
4 0.34140625 0.50546875 0.01171875 0.02578125
4 0.34140625 0.4484375 0.01015625 0.0234375
4 0.30859375 0.4859375 0.01484375 0.01796875
4 0.30546875 0.46796875 0.0109375 0.021875
2 0.72421875 0.96328125 0.02890625 0.02421875
2 0.7515625 0.90625 0.021875 0.034375
2 0.846875 0.39140625 0.0265625 0.0484375
4 0.7078125 0.93984375 0.01328125 0.0203125
4 0.665625 0.79609375 0.01328125 0.02578125
4 0.74453125 0.76640625 0.01015625 0.02421875
4 0.75859375 0.7390625 0.0109375 0.02578125
4 0.684375 0.72421875 0.0140625 0.01875
4 0.74921875 0.78828125 0.01171875 0.01484375
4 0.7109375 0.86953125 0.01328125 0.02578125
4 0.71953125 0.93203125 0.0109375 0.021875
4 0.74921875 0.93125 0.01171875 0.01796875
4 0.78671875 0.98046875 0.01171875 0.01953125
4 0.80859375 0.9875 0.0171875 0.025
4 0.85859375 0.98984375 0.0109375 0.0203125
4 0.8234375 0.9078125 0.01484375 0.01875
4 0.796875 0.153125 0.015625 0.01640625
4 0.778125 0.14296875 0.01484375 0.01796875
4 0.85078125 0.08359375 0.015625 0.0203125
4 0.86875 0.08828125 0.01171875 0.01953125
4 0.92890625 0.059375 0.0140625 0.02109375
4 0.9765625 0.19140625 0.01796875 0.0234375
4 0.61484375 0.27734375 0.0140625 0.02421875
4 0.36640625 0.54453125 0.01015625 0.02421875
4 0.35859375 0.51875 0.009375 0.021875
4 0.37109375 0.6578125 0.009375 0.0203125
4 0.29375 0.96328125 0.01015625 0.025
4 0.24296875 0.9234375 0.01328125 0.0203125
4 0.3296875 0.69609375 0.009375 0.02890625
4 0.33828125 0.678125 0.009375 0.01953125
4 0.365625 0.7015625 0.0109375 0.02421875
4 0.36328125 0.728125 0.01171875 0.02109375
4 0.35546875 0.75546875 0.01015625 0.0203125
4 0.34609375 0.65 0.01015625 0.021875
4 0.32578125 0.41953125 0.01171875 0.01796875
4 0.303125 0.4375 0.01015625 0.0203125
4 0.3015625 0.25078125 0.0109375 0.01640625
4 0.2859375 0.25546875 0.01328125 0.015625
4 0.25546875 0.19375 0.01171875 0.02109375
4 0.20390625 0.12109375 0.01015625 0.01796875
4 0.26015625 0.05859375 0.01015625 0.01953125
4 0.25625 0.071875 0.01171875 0.01640625
4 0.26171875 0.04375 0.01171875 0.01796875
4 0.36640625 0.25078125 0.01171875 0.01796875
4 0.3296875 0.146875 0.009375 0.02421875
4 0.57578125 0.47265625 0.01171875 0.01875
4 0.5234375 0.60703125 0.01171875 0.01640625
4 0.871875 0.39375 0.0109375 0.02109375
3 0.80546875 0.50390625 0.01796875 0.02890625
3 0.61953125 0.49140625 0.01875 0.028125
4 0.64609375 0.46171875 0.01171875 0.01640625
4 0.61328125 0.65703125 0.0140625 0.01875
4 0.70703125 0.97421875 0.01171875 0.01796875
4 0.434375 0.6609375 0.01171875 0.01328125
4 0.42265625 0.65546875 0.01015625 0.01484375
3 0.7328125 0.38984375 0.02890625 0.03671875
3 0.66953125 0.4390625 0.028125 0.03359375
3 0.809375 0.33125 0.02578125 0.02890625
3 0.72734375 0.67578125 0.0203125 0.0359375
3 0.6921875 0.6125 0.021875 0.0359375
3 0.7046875 0.63359375 0.021875 0.03984375
3 0.6703125 0.58359375 0.01640625 0.0296875
3 0.62734375 0.54296875 0.01640625 0.028125
4 0.15625 0.034375 0.01484375 0.02421875
3 0.865625 0.3359375 0.03125 0.06171875
3 0.834375 0.31015625 0.03359375 0.04140625
3 0.821875 0.45078125 0.03828125 0.06171875
3 0.18828125 0.21328125 0.0234375 0.0390625
3 0.21171875 0.259375 0.0234375 0.0390625
6 0.190625 0.25703125 0.02578125 0.053125
2 0.40234375 0.14453125 0.02109375 0.03671875
3 0.51875 0.221875 0.02421875 0.03046875
3 0.6296875 0.50625 0.01875 0.034375
3 0.6984375 0.4203125 0.0296875 0.03828125
3 0.665625 0.565625 0.02109375 0.03515625
3 0.68359375 0.5890625 0.0203125 0.04375
3 0.7171875 0.64765625 0.021875 0.03671875
3 0.23046875 0.29296875 0.02421875 0.04140625
6 0.071875 0.040625 0.03671875 0.06015625
4 0.11328125 0.1296875 0.01015625 0.02421875
4 0.14140625 0.18515625 0.00546875 0.01640625
4 0.14453125 0.19375 0.00625 0.015625
4 0.19609375 0.16953125 0.01171875 0.01328125
4 0.1984375 0.153125 0.009375 0.01171875
4 0.17109375 0.11875 0.00859375 0.01953125
4 0.328125 0.06484375 0.00546875 0.01484375
4 0.340625 0.0453125 0.00703125 0.01875
4 0.3515625 0.053125 0.01015625 0.01953125
4 0.3609375 0.065625 0.0140625 0.01875
4 0.36953125 0.08203125 0.009375 0.02109375
4 0.38671875 0.11171875 0.00859375 0.01875
4 0.3765625 0.10703125 0.009375 0.01875
4 0.38046875 0.12109375 0.0046875 0.015625
4 0.37578125 0.1234375 0.00625 0.01796875
4 0.36953125 0.134375 0.00625 0.0203125
4 0.37578125 0.146875 0.00625 0.0203125
4 0.35703125 0.09296875 0.00859375 0.01875
4 0.359375 0.1046875 0.00625 0.01953125
4 0.365625 0.1234375 0.00859375 0.01796875
4 0.35703125 0.121875 0.00859375 0.01953125
4 0.340625 0.07421875 0.00703125 0.021875
4 0.33203125 0.07109375 0.00703125 0.01640625
4 0.321875 0.075 0.01171875 0.01328125
4 0.33125 0.09296875 0.01171875 0.01796875
4 0.3359375 0.1109375 0.00859375 0.01875
4 0.33671875 0.13203125 0.00703125 0.0140625
4 0.34609375 0.14140625 0.00625 0.01953125
4 0.3484375 0.1 0.00703125 0.015625
4 0.30859375 0.084375 0.009375 0.01875
4 0.30625 0.59453125 0.00859375 0.02109375
4 0.28359375 0.653125 0.01015625 0.01875
4 0.22109375 0.859375 0.009375 0.01484375
4 0.22421875 0.84609375 0.01328125 0.009375
4 0.228125 0.83359375 0.01171875 0.01171875
4 0.23671875 0.803125 0.009375 0.01171875
4 0.24453125 0.771875 0.0140625 0.01328125
4 0.38203125 0.209375 0.01171875 0.01328125
4 0.41171875 0.27421875 0.00703125 0.021875
4 0.415625 0.2828125 0.00546875 0.01953125
4 0.41953125 0.290625 0.00859375 0.02421875
4 0.43515625 0.2953125 0.00625 0.01953125
4 0.4296875 0.29453125 0.0046875 0.0203125
4 0.45390625 0.2875 0.01015625 0.01484375
4 0.4546875 0.29921875 0.00859375 0.0140625
4 0.4609375 0.28203125 0.00546875 0.01953125
4 0.47578125 0.271875 0.00703125 0.01875
4 0.471875 0.28203125 0.00859375 0.02109375
4 0.4953125 0.275 0.00703125 0.01875
4 0.50546875 0.2609375 0.00859375 0.021875
4 0.51171875 0.25078125 0.00859375 0.01328125
4 0.546875 0.19296875 0.00625 0.01875
4 0.553125 0.18671875 0.00625 0.01796875
4 0.5609375 0.20546875 0.00859375 0.01953125
4 0.5890625 0.19765625 0.0046875 0.01875
4 0.60078125 0.1734375 0.00859375 0.02109375
4 0.6078125 0.16171875 0.0046875 0.01953125
4 0.60703125 0.134375 0.00546875 0.01953125
4 0.59375 0.1796875 0.00546875 0.015625
4 0.58828125 0.17578125 0.0046875 0.01640625
4 0.5765625 0.19609375 0.0046875 0.01953125
4 0.58125 0.18828125 0.00546875 0.01953125
4 0.62890625 0.14296875 0.00859375 0.025
4 0.634375 0.1390625 0.00546875 0.01796875
4 0.6390625 0.13515625 0.00546875 0.015625
4 0.646875 0.13046875 0.00625 0.01953125
4 0.653125 0.128125 0.00546875 0.0203125
4 0.659375 0.125 0.00390625 0.01875
4 0.6640625 0.12578125 0.00546875 0.021875
4 0.67578125 0.13359375 0.01171875 0.015625
4 0.67421875 0.11640625 0.00546875 0.015625
4 0.6796875 0.1140625 0.00390625 0.0140625
4 0.6859375 0.10859375 0.00546875 0.01796875
4 0.690625 0.10546875 0.00546875 0.01953125
4 0.64921875 0.58359375 0.01015625 0.01640625
4 0.6140625 0.52734375 0.00859375 0.015625
4 0.75078125 0.3765625 0.00703125 0.02421875
4 0.81015625 0.48515625 0.01015625 0.01171875
4 0.79375 0.521875 0.00859375 0.01015625
4 0.79296875 0.528125 0.0109375 0.009375
4 0.790625 0.53515625 0.01171875 0.0109375
4 0.7890625 0.54375 0.01328125 0.01328125
4 0.784375 0.55390625 0.01171875 0.01484375
4 0.778125 0.565625 0.0109375 0.01015625
4 0.775 0.5734375 0.01015625 0.0109375
4 0.80703125 0.6515625 0.009375 0.01171875
4 0.815625 0.6359375 0.00859375 0.01015625
4 0.8265625 0.60078125 0.0109375 0.0140625
4 0.7734375 0.74453125 0.0109375 0.0109375
4 0.77890625 0.7359375 0.0109375 0.009375
4 0.78125 0.72578125 0.01015625 0.009375
4 0.784375 0.71953125 0.009375 0.0109375
4 0.7953125 0.69296875 0.0140625 0.009375
4 0.79921875 0.68359375 0.009375 0.0140625
4 0.80078125 0.67109375 0.01171875 0.01171875
4 0.79140625 0.703125 0.009375 0.00859375
4 0.82578125 0.56640625 0.01171875 0.01875
4 0.86640625 0.48671875 0.01171875 0.01171875
4 0.865625 0.471875 0.00859375 0.02109375
4 0.87421875 0.47578125 0.009375 0.021875
4 0.88828125 0.41328125 0.01015625 0.015625
4 0.8890625 0.434375 0.0109375 0.01640625
4 0.89375 0.42265625 0.0109375 0.01015625
4 0.903125 0.390625 0.01015625 0.0203125
4 0.91484375 0.36328125 0.009375 0.01484375
4 0.91953125 0.34921875 0.00859375 0.01640625
4 0.93203125 0.33125 0.00859375 0.021875
4 0.92578125 0.340625 0.00859375 0.01953125
4 0.76875 0.03671875 0.00546875 0.028125
4 0.77578125 0.03203125 0.00625 0.021875
4 0.78125 0.02421875 0.00546875 0.0203125
4 0.40546875 0.74375 0.0109375 0.009375
3 0.51875 0.709375 0.0265625 0.03125
0 0.384375 0.72109375 0.01171875 0.028125