2 0.04140625 0.62109375 0.02421875 0.02109375
2 0.14765625 0.62421875 0.02109375 0.01953125
2 0.28828125 0.59609375 0.0203125 0.0203125
2 0.309375 0.59453125 0.01953125 0.02109375
2 0.290625 0.67265625 0.01640625 0.01875
2 0.3796875 0.665625 0.01640625 0.01484375
2 0.4828125 0.38125 0.01015625 0.03046875
2 0.49140625 0.53359375 0.0109375 0.03671875
6 0.08671875 0.5984375 0.04453125 0.02421875
1 0.08046875 0.67421875 0.04921875 0.0265625
6 0.1890625 0.67109375 0.040625 0.02421875
6 0.31875 0.725 0.04921875 0.02109375
6 0.41953125 0.66875 0.040625 0.02421875
6 0.09453125 0.77890625 0.02578125 0.02109375
6 0.171875 0.8015625 0.03125 0.0265625
1 0.11171875 0.8234375 0.05390625 0.025
2 0.0609375 0.70859375 0.0203125 0.01484375
2 0.03046875 0.77578125 0.021875 0.0203125
2 0.221875 0.47421875 0.01015625 0.03515625
2 0.33984375 0.42109375 0.01640625 0.01640625
2 0.3390625 0.44140625 0.0140625 0.01796875
1 0.65078125 0.66953125 0.05546875 0.03125
6 0.63515625 0.78828125 0.046875 0.028125
6 0.63828125 0.81875 0.0515625 0.02890625
6 0.49296875 0.78828125 0.0609375 0.03203125
1 0.73828125 0.66796875 0.06015625 0.03984375
6 0.84921875 0.73125 0.05078125 0.021875
6 0.76875 0.79140625 0.034375 0.0234375
6 0.78046875 0.815625 0.03828125 0.0234375
6 0.83671875 0.8140625 0.03671875 0.02578125
6 0.84375 0.84140625 0.03359375 0.02109375
6 0.896875 0.81796875 0.03984375 0.028125
2 0.67890625 0.784375 0.01796875 0.015625
2 0.66171875 0.8546875 0.01875 0.01953125
2 0.6921875 0.865625 0.01796875 0.01796875
2 0.865625 0.79921875 0.0203125 0.015625
2 0.91796875 0.79140625 0.0234375 0.02109375
2 0.95546875 0.79375 0.02421875 0.02109375
2 0.9546875 0.8140625 0.021875 0.01875
2 0.89296875 0.8390625 0.02109375 0.02109375
2 0.9125 0.85546875 0.01953125 0.01796875
2 0.98671875 0.84609375 0.01953125 0.01875
2 0.90859375 0.56875 0.01875 0.01875
2 0.971875 0.6046875 0.021875 0.01875
2 0.67734375 0.60078125 0.01640625 0.01484375
2 0.696875 0.6984375 0.01875 0.02109375
2 0.6140625 0.5921875 0.01640625 0.02109375
2 0.63828125 0.62890625 0.0203125 0.015625
2 0.60625 0.62421875 0.0203125 0.01875
2 0.57734375 0.60625 0.015625 0.02109375
3 0.609375 0.88125 0.01875 0.03984375
3 0.78515625 0.6046875 0.021875 0.01796875
3 0.62421875 0.690625 0.01953125 0.01875
3 0.81875 0.78828125 0.01875 0.01953125
6 0.8734375 0.61328125 0.02890625 0.0234375
2 0.86640625 0.5265625 0.0109375 0.03203125
2 0.9125 0.4890625 0.01015625 0.03203125
2 0.55390625 0.63203125 0.01796875 0.03125
2 0.5296875 0.540625 0.01171875 0.03203125
2 0.54140625 0.5359375 0.01484375 0.0359375
2 0.534375 0.37890625 0.00859375 0.0296875
2 0.54296875 0.35859375 0.0140625 0.03515625
2 0.47265625 0.040625 0.009375 0.03828125
2 0.4484375 0.05078125 0.01171875 0.03828125
2 0.44765625 0.18046875 0.0203125 0.021875
2 0.43203125 0.1921875 0.01640625 0.02109375
2 0.4484375 0.24453125 0.01953125 0.01875
2 0.4796875 0.24609375 0.01171875 0.03359375
2 0.44921875 0.27109375 0.01875 0.01875
2 0.44296875 0.290625 0.01640625 0.02109375
2 0.4546875 0.321875 0.0109375 0.02890625
3 0.459375 0.36171875 0.01328125 0.03671875
3 0.53671875 0.43203125 0.0140625 0.040625
2 0.55078125 0.459375 0.00859375 0.02421875
3 0.53828125 0.5828125 0.02109375 0.03828125
3 0.4375 0.04453125 0.009375 0.03515625
6 0.496875 0.084375 0.01640625 0.0765625
6 0.5359375 0.14921875 0.0203125 0.08359375
0 0.4625 0.2140625 0.01171875 0.0265625
0 0.440625 0.4890625 0.01484375 0.01796875
0 0.4515625 0.49296875 0.01015625 0.02109375
0 0.45546875 0.5046875 0.01015625 0.01875
0 0.45078125 0.546875 0.01015625 0.02109375
0 0.578125 0.5890625 0.009375 0.01796875
0 0.63828125 0.5984375 0.0109375 0.01484375
3 0.27109375 0.51328125 0.021875 0.0203125
2 0.471875 0.82734375 0.0203125 0.0203125
2 0.52578125 0.83203125 0.01875 0.01953125
6 0.43203125 0.81171875 0.03515625 0.03359375
4 0.8109375 0.8515625 0.0109375 0.00859375
4 0.953125 0.6390625 0.0109375 0.01015625
4 0.8484375 0.6375 0.01015625 0.0109375
4 0.73359375 0.70234375 0.01328125 0.009375
4 0.66484375 0.61328125 0.009375 0.0109375
4 0.628125 0.8625 0.01015625 0.0140625
4 0.61484375 0.86171875 0.01015625 0.01484375
4 0.09140625 0.79921875 0.015625 0.00859375
4 0.11328125 0.8390625 0.0109375 0.009375
4 0.58203125 0.6265625 0.01171875 0.01015625
0 0.534375 0.50625 0.00859375 0.0203125
4 0.46796875 0.096875 0.00390625 0.015625
3 0.45703125 0.0484375 0.01171875 0.03359375
4 0.4765625 0.28046875 0.00625 0.015625
4 0.46171875 0.4375 0.00703125 0.01484375
4 0.41328125 0.62421875 0.00859375 0.00703125