2 0.353125 0.71640625 0.01796875 0.03046875
6 0.34296875 0.678125 0.02578125 0.04296875
2 0.684375 0.246875 0.0203125 0.0265625
2 0.634375 0.33671875 0.01796875 0.034375
1 0.61796875 0.7984375 0.04453125 0.09140625
2 0.403125 0.5796875 0.01953125 0.02890625
0 0.33515625 0.5234375 0.01484375 0.01875
2 0.18046875 0.7921875 0.01640625 0.03046875
4 0.3859375 0.59140625 0.00859375 0.01328125
0 0.2265625 0.69296875 0.0140625 0.0203125
2 0.31328125 0.72109375 0.01953125 0.03125
2 0.665625 0.2734375 0.01796875 0.0296875
4 0.3640625 0.621875 0.00859375 0.01484375
2 0.365625 0.64453125 0.02109375 0.03046875
2 0.61328125 0.41875 0.01953125 0.03671875
2 0.55703125 0.72890625 0.01796875 0.03359375
2 0.584375 0.740625 0.01875 0.0359375
2 0.58046875 0.7703125 0.01953125 0.03671875
1 0.5734375 0.67578125 0.03359375 0.07890625
2 0.74375 0.93203125 0.02109375 0.03828125
2 0.71953125 0.86484375 0.02109375 0.0234375
4 0.54921875 0.65859375 0.00859375 0.01796875
4 0.53984375 0.66484375 0.00625 0.0140625
4 0.54140625 0.68828125 0.00859375 0.01640625
4 0.5421875 0.709375 0.01015625 0.01171875
4 0.52578125 0.68828125 0.00703125 0.015625
4 0.54609375 0.70234375 0.00859375 0.01796875
4 0.53359375 0.6734375 0.00859375 0.01640625
4 0.54140625 0.71953125 0.00703125 0.01640625
4 0.534375 0.70703125 0.00703125 0.01484375
2 0.70546875 0.2171875 0.01796875 0.03125
2 0.83125 0.1296875 0.0265625 0.03828125
2 0.72578125 0.02109375 0.01875 0.03203125
0 0.68046875 0.07265625 0.0140625 0.02421875
0 0.66640625 0.084375 0.01171875 0.02421875
2 0.19375 0.90703125 0.0203125 0.0359375
2 0.23203125 0.84609375 0.01875 0.03125
2 0.25546875 0.815625 0.025 0.03984375
2 0.19296875 0.684375 0.0203125 0.03515625
2 0.29375 0.74453125 0.0203125 0.03359375
2 0.2734375 0.78125 0.02109375 0.03125
2 0.384375 0.615625 0.01875 0.028125
4 0.3765625 0.596875 0.00703125 0.01484375
0 0.35859375 0.309375 0.0140625 0.0234375
2 0.21171875 0.86875 0.01796875 0.03046875
2 0.20234375 0.94609375 0.0203125 0.03359375
2 0.45625 0.53203125 0.0140625 0.03671875
5 0.6359375 0.38984375 0.02109375 0.03671875
2 0.559375 0.7609375 0.01640625 0.03203125
2 0.2359375 0.51796875 0.015625 0.03515625
4 0.371875 0.621875 0.00546875 0.01171875
2 0.1734375 0.93125 0.01953125 0.03359375
2 0.653125 0.33671875 0.01953125 0.034375
2 0.61328125 0.38203125 0.01875 0.03203125
4 0.53203125 0.68515625 0.01015625 0.01796875
0 0.6359375 0.3640625 0.01171875 0.01796875
4 0.609375 0.4515625 0.009375 0.01484375
4 0.63125 0.41953125 0.009375 0.01796875
4 0.6 0.44453125 0.00859375 0.02109375
4 0.74453125 0.0390625 0.00859375 0.0234375
2 0.16015625 0.96796875 0.0203125 0.03671875
2 0.4234375 0.62734375 0.01796875 0.02890625
2 0.65078125 0.30390625 0.01875 0.034375
4 0.5953125 0.7125 0.00859375 0.01484375
2 0.39609375 0.6390625 0.01953125 0.03125
2 0.66796875 0.3078125 0.01796875 0.03046875
2 0.35546875 0.7453125 0.01796875 0.02578125
2 0.46953125 0.4875 0.01328125 0.03828125
2 0.42734375 0.58671875 0.01640625 0.028125
2 0.2015625 0.98046875 0.01796875 0.034375
2 0.315625 0.67109375 0.01875 0.034375
2 0.446875 0.58671875 0.01953125 0.03828125
0 0.675 0.14609375 0.0140625 0.025
2 0.25390625 0.77109375 0.01875 0.034375
4 0.34609375 0.64921875 0.00859375 0.01640625
4 0.3515625 0.63828125 0.009375 0.0109375
2 0.43984375 0.29375 0.01953125 0.0359375
2 0.740625 0.21640625 0.0203125 0.03515625
2 0.71796875 0.18515625 0.015625 0.02890625
1 0.70078125 0.3015625 0.046875 0.08046875
2 0.734375 0.16015625 0.01796875 0.034375
4 0.6234375 0.45859375 0.00703125 0.01328125
4 0.62734375 0.4375 0.00703125 0.0140625
4 0.6203125 0.471875 0.00703125 0.01171875
2 0.38671875 0.27421875 0.01875 0.04140625
0 0.753125 0.1546875 0.01328125 0.02421875
4 0.27890625 0.71640625 0.00859375 0.01875
2 0.4859375 0.48046875 0.01171875 0.03984375
2 0.72578125 0.20625 0.01875 0.02890625
4 0.6703125 0.25078125 0.00703125 0.015625
6 0.625 0.87578125 0.03046875 0.05546875
2 0.65 0.903125 0.01875 0.03125
2 0.1390625 0.984375 0.01875 0.0296875
2 0.46953125 0.565625 0.015625 0.034375
2 0.46875 0.36484375 0.01640625 0.034375
4 0.36953125 0.60390625 0.00625 0.01015625
4 0.60390625 0.496875 0.00859375 0.015625
3 0.75546875 0.13359375 0.01484375 0.02578125
2 0.74296875 0.18046875 0.0203125 0.028125
4 0.40546875 0.55625 0.00703125 0.01015625
2 0.28203125 0.83515625 0.01875 0.0359375
4 0.61171875 0.4640625 0.00859375 0.0203125
0 0.71328125 0.1390625 0.0140625 0.0203125
0 0.721875 0.23828125 0.009375 0.02109375
2 0.665625 0.8984375 0.0203125 0.03671875
2 0.64921875 0.85703125 0.01640625 0.03203125
4 0.6015625 0.72890625 0.00859375 0.0140625
2 0.384375 0.55625 0.01875 0.03359375
4 0.61875 0.50546875 0.00703125 0.01171875
4 0.63125 0.45625 0.00625 0.01484375
4 0.61484375 0.49296875 0.00703125 0.01171875
4 0.4796875 0.4296875 0.00859375 0.02421875
2 0.1671875 0.73203125 0.01875 0.03828125
4 0.2234375 0.8125 0.00859375 0.0140625
2 0.28203125 0.03515625 0.01875 0.03828125
2 0.321875 0.75546875 0.01953125 0.03359375
4 0.2375 0.790625 0.00859375 0.01484375
4 0.17109375 0.89609375 0.01171875 0.01484375
4 0.13671875 0.94453125 0.01015625 0.01328125
2 0.55703125 0.21796875 0.0234375 0.02578125
0 0.45703125 0.2859375 0.01015625 0.02578125
2 0.659375 0.815625 0.0203125 0.03828125
4 0.371875 0.2890625 0.009375 0.021875
4 0.46328125 0.421875 0.009375 0.02421875
4 0.40625 0.4765625 0.00703125 0.0203125
4 0.39609375 0.42265625 0.00703125 0.01796875
4 0.3921875 0.38515625 0.009375 0.01640625
4 0.4703125 0.33359375 0.009375 0.021875
2 0.609375 0.21953125 0.02109375 0.0234375
0 0.7640625 0.17109375 0.01171875 0.021875
2 0.803125 0.1203125 0.01953125 0.03671875
2 0.83203125 0.04375 0.0203125 0.0390625
4 0.821875 0.02421875 0.009375 0.01640625
0 0.6640625 0.79140625 0.0140625 0.0265625
2 0.3578125 0.596875 0.01484375 0.0296875
4 0.340625 0.61171875 0.00859375 0.0140625
4 0.29453125 0.68671875 0.009375 0.0140625
4 0.29140625 0.703125 0.00703125 0.01640625
2 0.20703125 0.8484375 0.0203125 0.02890625
4 0.18828125 0.865625 0.009375 0.01796875
4 0.69140625 0.21953125 0.00859375 0.01484375