2 0.35546875 0.29296875 0.01796875 0.0140625
2 0.41640625 0.25625 0.01171875 0.02109375
2 0.40703125 0.2203125 0.01640625 0.01875
2 0.52109375 0.32890625 0.00859375 0.02890625
2 0.5328125 0.328125 0.00859375 0.0296875
2 0.5734375 0.31796875 0.00703125 0.025
2 0.58203125 0.31953125 0.00859375 0.02421875
2 0.9640625 0.9109375 0.009375 0.02890625
2 0.73515625 0.65625 0.00859375 0.0234375
6 0.903125 0.63984375 0.03984375 0.0203125
5 0.73359375 0.384375 0.04609375 0.01953125
6 0.67578125 0.384375 0.04140625 0.01953125
6 0.29375 0.63828125 0.03046875 0.01953125
6 0.16328125 0.6453125 0.0390625 0.01953125
6 0.1390625 0.68125 0.0390625 0.025
4 0.5625 0.28046875 0.0046875 0.0140625
3 0.7734375 0.8546875 0.021875 0.01796875
3 0.73203125 0.9015625 0.009375 0.03515625
4 0.540625 0.2796875 0.003125 0.0140625
4 0.55703125 0.29375 0.003125 0.01484375
4 0.58359375 0.28359375 0.0046875 0.01484375
4 0.59453125 0.30703125 0.00390625 0.01484375
4 0.58203125 0.240625 0.003125 0.01484375
4 0.5484375 0.23046875 0.003125 0.01015625
4 0.55625 0.23046875 0.0046875 0.01171875
4 0.596875 0.24140625 0.003125 0.01328125
4 0.53359375 0.28046875 0.00390625 0.01484375
4 0.428125 0.27421875 0.00390625 0.01328125
4 0.5890625 0.24375 0.003125 0.01328125
4 0.54609375 0.28125 0.003125 0.0140625
4 0.553125 0.2953125 0.003125 0.01171875
4 0.56171875 0.296875 0.003125 0.01171875
0 0.8390625 0.6484375 0.01484375 0.01484375
2 0.696875 0.65 0.00546875 0.0234375
2 0.6890625 0.63203125 0.00625 0.025
2 0.68125 0.63671875 0.00703125 0.021875
2 0.6890625 0.65859375 0.00625 0.01953125
0 0.8375 0.60390625 0.01171875 0.00859375
2 0.98046875 0.87421875 0.01328125 0.028125
6 0.9109375 0.54140625 0.046875 0.0203125
2 0.5921875 0.6265625 0.01171875 0.01328125
2 0.6953125 0.40546875 0.01484375 0.01171875
0 0.92890625 0.38125 0.01484375 0.01328125
0 0.309375 0.61796875 0.01171875 0.0109375
2 0.440625 0.55703125 0.01484375 0.01171875
2 0.50625 0.26953125 0.009375 0.021875
4 0.86015625 0.603125 0.00859375 0.0109375
6 0.509375 0.62421875 0.0296875 0.01796875
4 0.97421875 0.45625 0.00703125 0.00859375
3 0.54921875 0.60546875 0.01796875 0.01796875
4 0.0859375 0.4234375 0.00703125 0.00703125
6 0.36640625 0.46484375 0.0296875 0.01640625
3 0.41328125 0.503125 0.0140625 0.01171875
1 0.646875 0.41796875 0.028125 0.021875
4 0.07265625 0.62578125 0.00859375 0.0109375
2 0.99296875 0.92421875 0.009375 0.0234375
3 0.353125 0.484375 0.0203125 0.01484375
2 0.403125 0.53125 0.01484375 0.01171875
2 0.3515625 0.59609375 0.01171875 0.01171875
2 0.378125 0.61171875 0.0140625 0.0109375
2 0.4015625 0.59453125 0.01484375 0.01171875
6 0.0625 0.5609375 0.04296875 0.01875
6 0.8640625 0.8453125 0.009375 0.0359375
4 0.86875 0.796875 0.00625 0.0109375