2 0.525 0.52578125 0.01484375 0.034375
2 0.06328125 0.21953125 0.01796875 0.0296875
4 0.31875 0.6421875 0.0109375 0.01640625
2 0.61171875 0.72578125 0.0234375 0.03359375
4 0.5515625 0.478125 0.00859375 0.01796875
2 0.153125 0.3578125 0.02421875 0.021875
2 0.2171875 0.4140625 0.02109375 0.028125
2 0.17421875 0.12421875 0.01875 0.0296875
0 0.4234375 0.415625 0.01640625 0.01953125
2 0.290625 0.54296875 0.02421875 0.025
4 0.29453125 0.61953125 0.01484375 0.02109375
4 0.3078125 0.590625 0.01484375 0.01171875
0 0.2296875 0.596875 0.015625 0.0109375
0 0.23984375 0.56015625 0.0109375 0.0203125
4 0.23515625 0.6265625 0.0140625 0.01484375
0 0.271875 0.7546875 0.015625 0.01796875
4 0.14609375 0.64609375 0.01015625 0.01015625
3 0.19921875 0.771875 0.01875 0.01796875
4 0.09296875 0.69375 0.01015625 0.0109375
4 0.0140625 0.721875 0.0109375 0.01484375
0 0.04375 0.68046875 0.01796875 0.015625
0 0.02421875 0.675 0.015625 0.0140625
0 0.07109375 0.65546875 0.01796875 0.01796875
0 0.1359375 0.665625 0.01796875 0.01640625
0 0.07109375 0.63125 0.01171875 0.021875
4 0.01796875 0.69453125 0.01015625 0.009375
3 0.05078125 0.7671875 0.0203125 0.01484375
0 0.37578125 0.465625 0.01171875 0.01640625
0 0.2671875 0.584375 0.01328125 0.01484375
0 0.3421875 0.5828125 0.01171875 0.01171875
4 0.41328125 0.57578125 0.009375 0.015625
4 0.3171875 0.67890625 0.009375 0.01015625
3 0.39375 0.4984375 0.009375 0.02421875
0 0.4359375 0.5875 0.01640625 0.02109375
4 0.57890625 0.67578125 0.01171875 0.015625
0 0.38671875 0.484375 0.01015625 0.02109375
2 0.40390625 0.55390625 0.02109375 0.01796875
4 0.54296875 0.4484375 0.00859375 0.01875
2 0.4296875 0.49296875 0.01484375 0.04140625
4 0.3515625 0.3515625 0.01015625 0.015625
0 0.27890625 0.47109375 0.01640625 0.015625
4 0.20703125 0.2234375 0.0140625 0.0140625
4 0.096875 0.14453125 0.01171875 0.0203125
4 0.0359375 0.01328125 0.01015625 0.0140625
4 0.00625 0.02265625 0.0125 0.0140625
2 0.296875 0.253125 0.01640625 0.021875
3 0.278125 0.23125 0.01328125 0.04296875
0 0.61640625 0.4515625 0.01484375 0.015625
0 0.59453125 0.51328125 0.009375 0.0203125
4 0.57109375 0.44140625 0.01015625 0.01484375
4 0.61328125 0.31796875 0.0109375 0.01640625
4 0.63828125 0.2875 0.01171875 0.01640625
4 0.584375 0.35 0.0109375 0.0140625
4 0.65078125 0.31640625 0.00859375 0.015625
0 0.71875 0.16875 0.01171875 0.021875
0 0.68828125 0.2328125 0.01015625 0.0203125
0 0.63125 0.33125 0.009375 0.01953125
4 0.69296875 0.20859375 0.009375 0.01640625
4 0.71015625 0.19453125 0.01015625 0.0234375
0 0.76953125 0.328125 0.01171875 0.02421875
4 0.90703125 0.04375 0.009375 0.01953125
0 0.7859375 0.3703125 0.01328125 0.0203125
0 0.6640625 0.2546875 0.01015625 0.01796875
4 0.746875 0.34375 0.01015625 0.025
0 0.76953125 0.41796875 0.0140625 0.0234375
4 0.71875 0.49453125 0.0109375 0.028125
0 0.67421875 0.5484375 0.0109375 0.021875
2 0.58359375 0.521875 0.015625 0.025
0 0.64609375 0.5921875 0.01171875 0.021875
4 0.6078125 0.60390625 0.01015625 0.01640625
2 0.565625 0.4734375 0.01796875 0.02890625
0 0.646875 0.46953125 0.0140625 0.01640625
4 0.63984375 0.5609375 0.01171875 0.01796875
0 0.66328125 0.78359375 0.015625 0.0203125
0 0.5625 0.68125 0.01328125 0.025
4 0.53984375 0.6703125 0.01171875 0.01875
3 0.50390625 0.53359375 0.01015625 0.025
4 0.528125 0.48671875 0.01015625 0.01640625
3 0.49375 0.453125 0.01640625 0.015625
2 0.7296875 0.7 0.02109375 0.02578125
2 0.703125 0.61640625 0.01640625 0.03203125
2 0.72265625 0.6359375 0.01953125 0.03046875
0 0.68671875 0.69453125 0.015625 0.01875
3 0.80703125 0.7671875 0.0203125 0.03046875
2 0.76796875 0.734375 0.0203125 0.03359375
2 0.69296875 0.7921875 0.0203125 0.02578125
4 0.67578125 0.76171875 0.0109375 0.01484375
4 0.63046875 0.59453125 0.01171875 0.0234375
0 0.68828125 0.84140625 0.01171875 0.01796875
0 0.70546875 0.8515625 0.01328125 0.01796875
2 0.840625 0.92734375 0.0203125 0.03203125
0 0.853125 0.8234375 0.015625 0.0203125
4 0.83828125 0.7921875 0.0140625 0.021875
4 0.82578125 0.80390625 0.0109375 0.01640625
4 0.896875 0.85078125 0.01171875 0.01953125
0 0.74921875 0.69375 0.01171875 0.01953125
4 0.24375 0.7265625 0.01171875 0.0140625
4 0.26015625 0.63671875 0.01484375 0.01640625
4 0.178125 0.66171875 0.015625 0.01875
4 0.21328125 0.66640625 0.01328125 0.01171875
0 0.08359375 0.71796875 0.01640625 0.01640625
4 0.13046875 0.65078125 0.0109375 0.01796875
4 0.35703125 0.55703125 0.009375 0.01640625
4 0.39453125 0.565625 0.00859375 0.0140625
0 0.33984375 0.51640625 0.01171875 0.01796875
0 0.3765625 0.51640625 0.01171875 0.01875
4 0.39609375 0.44921875 0.009375 0.015625
0 0.615625 0.58046875 0.01640625 0.0203125
0 0.665625 0.2765625 0.01328125 0.01484375
4 0.63359375 0.34296875 0.0140625 0.015625
0 0.61328125 0.3421875 0.009375 0.02421875
0 0.6515625 0.37578125 0.0140625 0.01796875
2 0.60546875 0.509375 0.01015625 0.03125
0 0.60859375 0.38671875 0.01484375 0.03046875
4 0.5375 0.47421875 0.009375 0.0109375
0 0.69453125 0.26875 0.01484375 0.03515625
4 0.74609375 0.14296875 0.0109375 0.0359375
4 0.84453125 0.18203125 0.0109375 0.03671875
2 0.77578125 0.06328125 0.01953125 0.028125
0 0.74921875 0.096875 0.01171875 0.01796875
0 0.690625 0.19140625 0.015625 0.0234375
4 0.7984375 0.27421875 0.00703125 0.015625
4 0.6984375 0.49921875 0.01015625 0.02421875
4 0.65234375 0.55703125 0.01015625 0.0109375
4 0.634375 0.578125 0.00859375 0.01171875
4 0.6484375 0.534375 0.01015625 0.01171875
0 0.66875 0.5328125 0.0140625 0.02421875
4 0.6140625 0.50625 0.00859375 0.01640625
0 0.6671875 0.51015625 0.0140625 0.01796875
2 0.68359375 0.65625 0.0234375 0.02890625
2 0.51640625 0.66328125 0.01875 0.03046875
2 0.51953125 0.56953125 0.015625 0.0296875
2 0.64140625 0.7265625 0.02109375 0.03359375
1 0.9359769874999999 0.9085428921875 0.9261669296875 0.9222749609375 0.9649473359374999 0.9724907640625 0.9747078109375 0.9496441109375 0.9359769874999999 0.9085428921875
3 0.7026481609374999 0.8350235078124999 0.7027976921875 0.8291388109375 0.6895656234375 0.815518175 0.6869958359375 0.8283833734374999 0.700545621875 0.8424936109375001 0.7026481609374999 0.8350235078124999
4 0.86953125 0.8109375 0.01015625 0.01171875
3 0.7890625 0.715625 0.0140625 0.01484375
4 0.7171875 0.79609375 0.00859375 0.0203125
4 0.71796875 0.82578125 0.01015625 0.01796875
0 0.80078125 0.9203125 0.01640625 0.01640625
2 0.81015625 0.89375 0.025 0.03515625
4 0.91484375 0.87578125 0.01171875 0.01796875
4 0.9421875 0.9 0.01328125 0.0140625
4 0.98046875 0.928125 0.01171875 0.01796875
4 0.4703125 0.421875 0.01171875 0.01171875
4 0.496875 0.46875 0.01015625 0.01875
4 0.46796875 0.390625 0.01015625 0.01484375
0 0.39296875 0.525 0.0109375 0.0203125
4 0.49453125 0.4359375 0.00859375 0.01875
0 0.51171875 0.51328125 0.01171875 0.01953125
4 0.35859375 0.50859375 0.009375 0.01484375
4 0.56328125 0.64765625 0.01171875 0.0203125
4 0.55546875 0.446875 0.01015625 0.0140625
3 0.77109375 0.8625 0.02578125 0.0359375
4 0.74140625 0.64296875 0.01015625 0.01875
3 0.5234375 0.43515625 0.01796875 0.0203125
3 0.54453125 0.48828125 0.01328125 0.015625
0 0.54453125 0.50625 0.01328125 0.01484375
3 0.78828125 0.69140625 0.01484375 0.0203125
4 0.81328125 0.73203125 0.01015625 0.01796875
4 0.796875 0.73203125 0.01171875 0.0109375
4 0.89296875 0.8234375 0.00859375 0.015625
2 0.88125 0.965625 0.021875 0.03046875
4 0.865625 0.975 0.0140625 0.01875
0 0.5578125 0.62578125 0.01640625 0.021875
4 0.23359375 0.2390625 0.009375 0.01171875
4 0.2359375 0.25625 0.009375 0.01328125
4 0.2734375 0.25546875 0.009375 0.01171875
4 0.05 0.23359375 0.01015625 0.01640625
0 0.1953125 0.365625 0.015625 0.02109375
0 0.153125 0.66953125 0.01484375 0.01328125
0 0.17890625 0.71640625 0.01640625 0.01484375
2 0.08828125 0.74921875 0.02578125 0.021875
4 0.06171875 0.778125 0.0140625 0.01171875
0 0.01171875 0.78359375 0.01796875 0.01328125
0 0.0140625 0.8015625 0.01875 0.0140625
4 0.734375 0.846875 0.00859375 0.01796875
4 0.73515625 0.8203125 0.01015625 0.01796875
1 0.40859375 0.50390625 0.02890625 0.075
5 0.26953125 0.290625 0.04453125 0.0609375
3 0.11875 0.29140625 0.0203125 0.034375