6 0.3453125 0.6765625 0.02578125 0.04296875
2 0.6359375 0.3390625 0.01796875 0.034375
1 0.59609375 0.73125 0.04453125 0.09140625
2 0.40546875 0.58125 0.01953125 0.02890625
0 0.33671875 0.525 0.01484375 0.01875
2 0.18515625 0.790625 0.01640625 0.03046875
4 0.3859375 0.59296875 0.00859375 0.01328125
0 0.23046875 0.69296875 0.0140625 0.0203125
2 0.31796875 0.7203125 0.01953125 0.03125
2 0.6671875 0.2765625 0.01796875 0.0296875
4 0.3640625 0.621875 0.00859375 0.01484375
2 0.36796875 0.64453125 0.02109375 0.03046875
2 0.61640625 0.421875 0.01953125 0.03671875
2 0.546875 0.640625 0.01796875 0.03125
2 0.521875 0.58359375 0.01796875 0.03359375
2 0.5625 0.71640625 0.01875 0.0359375
2 0.54375 0.71484375 0.01953125 0.03671875
1 0.4953125 0.48984375 0.03359375 0.07890625
2 0.74375 0.93203125 0.02109375 0.03828125
2 0.721875 0.8640625 0.02109375 0.0234375
4 0.421875 0.40078125 0.00859375 0.01796875
4 0.4265625 0.38359375 0.00859375 0.01640625
4 0.3984375 0.29140625 0.00859375 0.01640625
4 0.64140625 0.6140625 0.01015625 0.01171875
4 0.44375 0.43125 0.00859375 0.01640625
4 0.43203125 0.36328125 0.00703125 0.01484375
2 0.70859375 0.22109375 0.01796875 0.03125
2 0.834375 0.134375 0.0265625 0.03828125
2 0.7265625 0.02578125 0.01875 0.03203125
0 0.684375 0.078125 0.0140625 0.02421875
0 0.6703125 0.0921875 0.01171875 0.02421875
2 0.19921875 0.90625 0.0203125 0.0359375
2 0.2359375 0.84453125 0.01875 0.03125
2 0.25703125 0.8140625 0.025 0.03984375
2 0.1984375 0.68203125 0.0203125 0.03515625
2 0.296875 0.74375 0.0203125 0.03359375
2 0.278125 0.78046875 0.02109375 0.03125
2 0.3890625 0.61796875 0.01875 0.028125
0 0.359375 0.30234375 0.0140625 0.0234375
2 0.2140625 0.86640625 0.01796875 0.03046875
2 0.3921875 0.340625 0.0140625 0.04609375
5 0.640625 0.3953125 0.02109375 0.03671875
2 0.5234375 0.72265625 0.01640625 0.03203125
2 0.2359375 0.51796875 0.015625 0.03515625
4 0.378125 0.59609375 0.00546875 0.01171875
2 0.178125 0.9328125 0.01953125 0.03359375
2 0.615625 0.38828125 0.01875 0.03203125
4 0.409375 0.29609375 0.009375 0.01953125
0 0.63828125 0.365625 0.01171875 0.01796875
4 0.74609375 0.04140625 0.00859375 0.0234375
2 0.16328125 0.9671875 0.0203125 0.03671875
2 0.65390625 0.30546875 0.01796875 0.034375
2 0.60078125 0.79375 0.01796875 0.0359375
4 0.55234375 0.6734375 0.00859375 0.01484375
2 0.37890625 0.56796875 0.0203125 0.034375
4 0.35234375 0.603125 0.00859375 0.01640625
2 0.74296875 0.22109375 0.0203125 0.03515625
2 0.71953125 0.19375 0.015625 0.02890625
1 0.703125 0.296875 0.0484375 0.08984375
2 0.7359375 0.1640625 0.01796875 0.034375
0 0.753125 0.1546875 0.01328125 0.02421875
0 0.7296875 0.25234375 0.01171875 0.02109375
4 0.6734375 0.25234375 0.00625 0.015625
6 0.61953125 0.85234375 0.03046875 0.05546875
2 0.64296875 0.88828125 0.01875 0.03125
2 0.14296875 0.984375 0.01875 0.0296875
4 0.6171875 0.79140625 0.00625 0.01171875
4 0.36953125 0.60390625 0.00625 0.01015625
4 0.60703125 0.4984375 0.00859375 0.0140625
3 0.76171875 0.134375 0.01484375 0.02578125
0 0.72578125 0.2375 0.009375 0.02109375
2 0.65 0.8640625 0.0203125 0.03671875
2 0.63125 0.81796875 0.01640625 0.03203125
4 0.553125 0.753125 0.00859375 0.0140625
4 0.60703125 0.5109375 0.01015625 0.01171875
2 0.17109375 0.72578125 0.01796875 0.03828125
4 0.7546875 0.2015625 0.01015625 0.0140625
0 0.76796875 0.17421875 0.01328125 0.021875
0 0.7984375 0.10625 0.015625 0.01875
4 0.440625 0.39453125 0.00859375 0.01796875
4 0.3203125 0.69375 0.00859375 0.01484375
2 0.7765625 0.10078125 0.0203125 0.03515625
2 0.3296875 0.646875 0.0203125 0.0296875
4 0.7015625 0.20390625 0.00625 0.01875
2 0.40625 0.465625 0.01875 0.03515625
4 0.171875 0.89375 0.00859375 0.01328125
4 0.2796875 0.73125 0.009375 0.01328125
4 0.290625 0.7015625 0.00859375 0.01796875
4 0.79921875 0.18515625 0.00859375 0.01484375
4 0.61875 0.496875 0.0109375 0.01484375
4 0.61953125 0.47578125 0.00859375 0.01171875
4 0.62421875 0.5296875 0.00859375 0.0109375
4 0.61953125 0.5109375 0.00859375 0.01171875
4 0.25234375 0.05546875 0.00859375 0.01953125
4 0.46171875 0.446875 0.01484375 0.0203125
4 0.4296875 0.43125 0.00859375 0.01640625
4 0.503125 0.55859375 0.00859375 0.015625
4 0.53984375 0.54921875 0.00859375 0.01875
4 0.54453125 0.584375 0.00703125 0.01953125
4 0.5375 0.56953125 0.00859375 0.01953125
4 0.603125 0.44375 0.00859375 0.01484375
4 0.609375 0.4484375 0.00625 0.01015625
4 0.61328125 0.4640625 0.00625 0.0109375
4 0.6234375 0.45 0.00703125 0.0109375
4 0.62578125 0.46171875 0.009375 0.01015625
4 0.63828125 0.45546875 0.00859375 0.01328125
4 0.6296875 0.4390625 0.00625 0.0140625
4 0.6359375 0.440625 0.00546875 0.01171875
4 0.63046875 0.42578125 0.00703125 0.01484375
4 0.63828125 0.42421875 0.00390625 0.01328125
2 0.6390625 0.49609375 0.01328125 0.040625
2 0.653125 0.49296875 0.01328125 0.03671875
4 0.76640625 0.15546875 0.009375 0.0140625
4 0.76171875 0.19296875 0.00703125 0.0140625
4 0.7625 0.21953125 0.00859375 0.0140625
4 0.75078125 0.19140625 0.00625 0.01328125
4 0.69375 0.21875 0.00703125 0.0140625
4 0.68828125 0.22734375 0.00703125 0.01328125
4 0.6484375 0.3671875 0.00703125 0.01171875
4 0.65625 0.3609375 0.00703125 0.01171875
4 0.6265625 0.3703125 0.00703125 0.0140625
4 0.45703125 0.23203125 0.009375 0.0203125
2 0.39921875 0.40546875 0.01875 0.03515625
2 0.228125 0.81875 0.021875 0.03515625
4 0.19296875 0.86875 0.01015625 0.01640625
4 0.2109375 0.840625 0.009375 0.0140625
2 0.14453125 0.95078125 0.0203125 0.034375
4 0.6109375 0.6109375 0.00625 0.01328125
0 0.55703125 0.7359375 0.0109375 0.02421875
2 0.6734375 0.9125 0.01796875 0.03203125
2 0.41640625 0.25546875 0.0203125 0.040625
4 0.47421875 0.5171875 0.00859375 0.01484375
4 0.41953125 0.33203125 0.00859375 0.01640625
4 0.41484375 0.34140625 0.00859375 0.0140625
4 0.40859375 0.35703125 0.009375 0.01328125
4 0.371875 0.140625 0.00859375 0.015625
6 0.4390625 0.13515625 0.03984375 0.0609375
2 0.63671875 0.55 0.01484375 0.0359375
0 0.65390625 0.446875 0.00859375 0.0265625
0 0.4921875 0.584375 0.01171875 0.02578125
2 0.50859375 0.63359375 0.01796875 0.02578125
2 0.53515625 0.66328125 0.01640625 0.034375
0 0.521875 0.68125 0.0140625 0.0234375
4 0.7234375 0.9328125 0.01015625 0.01953125
2 0.4765625 0.63828125 0.01640625 0.0265625
0 0.471875 0.5453125 0.01484375 0.021875
4 0.26953125 0.7359375 0.009375 0.01875
4 0.25546875 0.76171875 0.00859375 0.01796875
2 0.23671875 0.89453125 0.02109375 0.03671875
4 0.35078125 0.63984375 0.00625 0.0109375
4 0.4109375 0.55390625 0.00703125 0.01171875
4 0.66796875 0.35625 0.00625 0.0109375
0 0.70625 0.13359375 0.0140625 0.025
4 0.65859375 0.52265625 0.00859375 0.01640625