2 0.3390625 0.29140625 0.01796875 0.01484375
2 0.4 0.25703125 0.01171875 0.02109375
2 0.3890625 0.2203125 0.01640625 0.01875
2 0.50546875 0.32890625 0.00859375 0.02890625
2 0.515625 0.32890625 0.00859375 0.0296875
2 0.55625 0.31953125 0.00703125 0.025
2 0.56640625 0.3203125 0.00859375 0.02421875
2 0.95703125 0.86640625 0.0109375 0.02578125
2 0.9421875 0.90078125 0.00859375 0.02890625
2 0.71953125 0.65390625 0.00859375 0.02421875
6 0.88203125 0.63671875 0.03984375 0.0203125
5 0.71484375 0.384375 0.04609375 0.01953125
6 0.6609375 0.38671875 0.04140625 0.01953125
6 0.2765625 0.63984375 0.03046875 0.01953125
6 0.14375 0.65 0.0390625 0.01953125
6 0.1203125 0.68203125 0.0390625 0.02421875
4 0.54609375 0.28125 0.0046875 0.0140625
3 0.75546875 0.85078125 0.021875 0.01796875
3 0.715625 0.89609375 0.009375 0.03515625
4 0.5234375 0.28046875 0.003125 0.0140625
4 0.54140625 0.29453125 0.003125 0.01484375
4 0.56640625 0.28359375 0.0046875 0.01484375
4 0.578125 0.30859375 0.00390625 0.01484375
4 0.56640625 0.24375 0.003125 0.01484375
4 0.53125 0.23046875 0.003125 0.01015625
4 0.53984375 0.23046875 0.0046875 0.01171875
4 0.58046875 0.24375 0.003125 0.01328125
4 0.51640625 0.28125 0.00390625 0.01328125
4 0.41171875 0.2765625 0.00390625 0.01328125
4 0.57265625 0.24453125 0.00390625 0.01328125
4 0.5296875 0.28203125 0.003125 0.0140625
4 0.53671875 0.2984375 0.003125 0.01171875
4 0.5453125 0.296875 0.003125 0.01171875
0 0.81953125 0.6453125 0.01484375 0.01484375
2 0.6796875 0.6515625 0.00546875 0.0234375
2 0.6734375 0.634375 0.00625 0.025
2 0.66484375 0.6359375 0.00625 0.021875
2 0.67109375 0.6578125 0.00625 0.01953125
0 0.81796875 0.603125 0.01171875 0.00859375
2 0.97109375 0.91796875 0.00703125 0.0234375
2 0.97421875 0.85703125 0.01328125 0.02421875
5 0.9625 0.56171875 0.071875 0.0234375
2 0.98359375 0.80625 0.01484375 0.03046875
0 0.79140625 0.60546875 0.01171875 0.01328125
6 0.72109375 0.60234375 0.02578125 0.01640625
3 0.7484375 0.596875 0.0203125 0.01328125
2 0.54296875 0.52421875 0.015625 0.01328125
2 0.57578125 0.628125 0.01171875 0.01328125
6 0.49140625 0.6234375 0.028125 0.021875
2 0.8140625 0.52265625 0.015625 0.01171875
6 0.978125 0.51953125 0.03671875 0.01796875
5 0.0578125 0.565625 0.04609375 0.01796875
2 0.15078125 0.490625 0.015625 0.01484375
6 0.34375 0.48671875 0.03125 0.01640625
2 0.48671875 0.496875 0.01640625 0.01171875
4 0.97890625 0.40078125 0.00703125 0.01015625
4 0.59296875 0.55859375 0.00859375 0.0140625
2 0.75703125 0.56484375 0.015625 0.01484375
3 0.671875 0.52109375 0.02109375 0.01171875
6 0.546875 0.54609375 0.04296875 0.02109375
6 0.48125 0.47890625 0.0390625 0.01796875
4 0.8390625 0.5765625 0.00859375 0.00859375
4 0.73671875 0.40078125 0.00625 0.01015625
6 0.715625 0.47421875 0.0359375 0.015625
6 0.14375 0.5109375 0.03828125 0.01796875
2 0.02421875 0.54453125 0.01953125 0.01484375
6 0.7921875 0.4859375 0.03828125 0.02109375
4 0.490625 0.5890625 0.00859375 0.0140625
6 0.6671875 0.41640625 0.03828125 0.01875
6 0.52109375 0.5 0.0296875 0.01640625
2 0.44375 0.503125 0.0140625 0.01171875
2 0.4234375 0.53828125 0.01171875 0.0140625
2 0.42890625 0.55703125 0.0140625 0.0109375
2 0.3578125 0.5484375 0.01171875 0.0109375
6 0.3375 0.534375 0.025 0.01796875
2 0.32265625 0.55 0.0140625 0.0109375
6 0.29375 0.55625 0.03125 0.02109375
4 0.375 0.4640625 0.00703125 0.009375
4 0.09453125 0.47578125 0.009375 0.0140625
4 0.04453125 0.60625 0.01171875 0.01640625
4 0.16953125 0.478125 0.00859375 0.0109375
5 0.2515625 0.50859375 0.046875 0.03203125
3 0.22890625 0.55859375 0.015625 0.0140625
6 0.40859375 0.609375 0.03828125 0.01953125
0 0.5109375 0.40625 0.01640625 0.01640625
2 0.6921875 0.5609375 0.0140625 0.01796875