4 0.00390625 0.0234375 0.0078125 0.028125
4 0.003125 0.10078125 0.00625 0.02421875
2 0.046875 0.14375 0.01484375 0.04140625
4 0.159375 0.55390625 0.01484375 0.015625
2 0.0359375 0.25625 0.01953125 0.04453125
2 0.146875 0.27578125 0.01796875 0.04296875
2 0.01640625 0.25625 0.01796875 0.03984375
5 0.071875 0.41171875 0.028125 0.07578125
2 0.01953125 0.3046875 0.0203125 0.04453125
0 0.18984375 0.38671875 0.01796875 0.025
4 0.25859375 0.59140625 0.0203125 0.021875
2 0.9890625 0.45859375 0.02109375 0.02578125
2 0.496875 0.36953125 0.02578125 0.025
4 0.56484375 0.340625 0.0140625 0.0140625
2 0.7765625 0.24375 0.02890625 0.02578125
2 0.7671875 0.159375 0.02578125 0.0296875
2 0.896875 0.3234375 0.03203125 0.02890625
2 0.9828125 0.3203125 0.02578125 0.028125
4 0.09375 0.396875 0.01328125 0.02421875
4 0.0484375 0.60625 0.01875 0.0203125
4 0.5109375 0.56328125 0.01796875 0.01796875
2 0.02265625 0.546875 0.03203125 0.02890625
4 0.34921875 0.51328125 0.01640625 0.01796875
2 0.7203125 0.4859375 0.02578125 0.025
4 0.85390625 0.5 0.01484375 0.0203125