2 0.70390625 0.01640625 0.0171875 0.0328125
2 0.721875 0.0234375 0.01796875 0.0296875
2 0.80546875 0.0546875 0.01953125 0.03515625
2 0.81171875 0.07421875 0.01796875 0.02890625
2 0.771875 0.0984375 0.01875 0.03125
2 0.790625 0.10625 0.01796875 0.028125
2 0.73203125 0.1625 0.01875 0.03125
2 0.715625 0.18984375 0.01640625 0.02890625
2 0.765625 0.1921875 0.01796875 0.03203125
3 0.82890625 0.12890625 0.02578125 0.040625
0 0.76015625 0.16953125 0.01171875 0.0203125
0 0.7765625 0.13046875 0.0140625 0.0203125
0 0.78828125 0.13203125 0.01640625 0.0203125
0 0.74921875 0.153125 0.0140625 0.0203125
0 0.78203125 0.15625 0.01484375 0.02421875
0 0.6765625 0.07578125 0.0140625 0.01953125
0 0.76171875 0.1375 0.0140625 0.021875
3 0.75546875 0.12734375 0.015625 0.021875
0 0.7921875 0.08515625 0.01328125 0.0234375
2 0.740625 0.18359375 0.01796875 0.03046875
2 0.73828125 0.21796875 0.0203125 0.034375
2 0.721875 0.209375 0.01640625 0.03046875
2 0.7046875 0.21875 0.01640625 0.028125
2 0.70546875 0.24296875 0.0203125 0.03359375
2 0.68359375 0.24453125 0.01796875 0.03203125
2 0.6875 0.27890625 0.01953125 0.03515625
2 0.6640625 0.27421875 0.01796875 0.03046875
2 0.65 0.30390625 0.01796875 0.03359375
2 0.665625 0.31015625 0.015625 0.03125
1 0.6984375 0.29296875 0.04921875 0.08671875
2 0.63359375 0.33671875 0.01640625 0.03203125
2 0.61484375 0.31640625 0.01875 0.03359375
0 0.721875 0.2359375 0.0109375 0.0203125
0 0.72421875 0.25078125 0.01171875 0.01875
2 0.7390625 0.24140625 0.0140625 0.02421875
4 0.80625 0.1375 0.00703125 0.01796875
4 0.79453125 0.14453125 0.00859375 0.01484375
4 0.7828125 0.18046875 0.00703125 0.0140625
4 0.76953125 0.2109375 0.01171875 0.01015625
4 0.7578125 0.2296875 0.01015625 0.0109375
4 0.75078125 0.2109375 0.00859375 0.0140625
4 0.74765625 0.1875 0.009375 0.01328125
4 0.75078125 0.19609375 0.00859375 0.01015625
4 0.759375 0.1859375 0.00859375 0.01328125
4 0.76796875 0.17109375 0.00703125 0.0140625
4 0.76171875 0.15390625 0.009375 0.01171875
4 0.75234375 0.165625 0.00859375 0.0109375
0 0.69296875 0.3296875 0.01484375 0.0203125
4 0.67109375 0.20546875 0.00703125 0.0109375
4 0.696875 0.19921875 0.00703125 0.0109375
4 0.690625 0.21875 0.00625 0.01484375
4 0.69609375 0.215625 0.00703125 0.01015625
4 0.6765625 0.2328125 0.00703125 0.01171875
4 0.6703125 0.2484375 0.00703125 0.015625
4 0.63203125 0.234375 0.00703125 0.01328125
4 0.62578125 0.2703125 0.00703125 0.01640625
4 0.62109375 0.196875 0.009375 0.01015625
4 0.609375 0.28125 0.00625 0.01484375
4 0.66796875 0.33125 0.009375 0.00625
4 0.66171875 0.3359375 0.00859375 0.009375
4 0.65625 0.346875 0.00859375 0.01015625
4 0.665625 0.34453125 0.00859375 0.01171875
4 0.64453125 0.36796875 0.00859375 0.0140625
4 0.62421875 0.36953125 0.00625 0.015625
4 0.64765625 0.37421875 0.0046875 0.01171875
4 0.64140625 0.39375 0.00546875 0.01328125
4 0.6359375 0.40859375 0.00859375 0.01328125
4 0.6234375 0.41953125 0.00703125 0.01484375
4 0.6140625 0.4328125 0.00703125 0.0140625
4 0.60078125 0.44296875 0.009375 0.0109375
4 0.60625 0.4484375 0.00859375 0.009375
4 0.61015625 0.46328125 0.00703125 0.0109375
4 0.6203125 0.45078125 0.00859375 0.009375
4 0.61875 0.471875 0.00625 0.009375
4 0.62578125 0.4640625 0.00703125 0.01328125
4 0.634375 0.45390625 0.00859375 0.009375
4 0.63515625 0.421875 0.0046875 0.0109375
4 0.6265625 0.4359375 0.00546875 0.0109375
4 0.6328125 0.43828125 0.0046875 0.0140625
4 0.62890625 0.421875 0.00859375 0.01328125
4 0.63828125 0.4609375 0.00546875 0.0140625
4 0.6453125 0.47421875 0.00546875 0.01640625
4 0.66015625 0.49140625 0.00546875 0.01953125
4 0.615625 0.50625 0.01015625 0.0109375
4 0.615625 0.49375 0.0109375 0.00703125
4 0.621875 0.5171875 0.00859375 0.009375
4 0.61953125 0.525 0.009375 0.0109375
2 0.6359375 0.49921875 0.0140625 0.0359375
4 0.60390625 0.4984375 0.00859375 0.00859375
4 0.6046875 0.5109375 0.01015625 0.0109375
0 0.6140625 0.5390625 0.0140625 0.0140625
4 0.61484375 0.55390625 0.009375 0.00625
4 0.61796875 0.5609375 0.01015625 0.00703125
2 0.61015625 0.41796875 0.01796875 0.03125
2 0.609375 0.38828125 0.01796875 0.03359375
3 0.634375 0.3890625 0.0203125 0.0359375
0 0.63359375 0.36328125 0.01015625 0.02109375
2 0.65078125 0.33828125 0.01640625 0.03203125
4 0.653125 0.37265625 0.0046875 0.0109375
4 0.66015625 0.35703125 0.00546875 0.00703125
4 0.58046875 0.346875 0.00859375 0.01171875
4 0.56875 0.35078125 0.00703125 0.01171875
4 0.56328125 0.3703125 0.00859375 0.0109375
4 0.74296875 0.040625 0.00859375 0.01796875
4 0.715625 0.11875 0.00859375 0.0109375
4 0.7015625 0.1359375 0.00859375 0.01484375
4 0.70390625 0.04453125 0.00859375 0.01171875
0 0.66328125 0.0890625 0.01171875 0.0234375
2 0.503125 0.19609375 0.0203125 0.02421875
2 0.54375 0.41640625 0.01875 0.028125
4 0.5328125 0.390625 0.00859375 0.01328125
4 0.51015625 0.415625 0.00859375 0.01171875
4 0.5171875 0.42734375 0.00859375 0.01328125
4 0.503125 0.43828125 0.009375 0.0109375
4 0.64296875 0.709375 0.00546875 0.01796875
4 0.60703125 0.80859375 0.00859375 0.015625
4 0.63203125 0.8234375 0.00859375 0.01875
4 0.5765625 0.71796875 0.00703125 0.01640625
2 0.721875 0.85703125 0.021875 0.02109375
2 0.6203125 0.94140625 0.0203125 0.028125
4 0.684375 0.77421875 0.00546875 0.01796875
2 0.46640625 0.503125 0.02109375 0.02890625
2 0.4046875 0.51015625 0.01484375 0.03515625
4 0.446875 0.534375 0.009375 0.00859375
4 0.453125 0.490625 0.00859375 0.01015625
4 0.40390625 0.54609375 0.009375 0.01171875
4 0.38671875 0.5453125 0.00859375 0.01328125
4 0.4125 0.54921875 0.00859375 0.01328125
4 0.41328125 0.5671875 0.00859375 0.0140625
4 0.43359375 0.546875 0.01015625 0.0140625
4 0.3734375 0.5703125 0.00859375 0.0140625
4 0.378125 0.58828125 0.00703125 0.0109375
4 0.378125 0.596875 0.009375 0.01015625
4 0.36796875 0.59921875 0.00859375 0.01328125
4 0.3515625 0.64921875 0.009375 0.01015625
4 0.34140625 0.65546875 0.009375 0.01171875
6 0.36875 0.634375 0.025 0.04140625
2 0.35 0.6140625 0.01875 0.0296875
0 0.33671875 0.5234375 0.0140625 0.01953125
4 0.328125 0.53671875 0.00625 0.0140625
2 0.2359375 0.5203125 0.01640625 0.03515625
0 0.228125 0.69296875 0.01328125 0.0203125
2 0.19453125 0.6859375 0.0203125 0.03828125
2 0.16875 0.73359375 0.0203125 0.0359375
2 0.1828125 0.79140625 0.01875 0.03046875
2 0.3234375 0.66015625 0.01875 0.03671875
2 0.3390625 0.68125 0.01953125 0.03203125
2 0.31796875 0.70859375 0.0203125 0.03203125
3 0.28828125 0.715625 0.0203125 0.034375
2 0.29375 0.7546875 0.0203125 0.03203125
2 0.2515625 0.77421875 0.02109375 0.040625
3 0.26328125 0.80390625 0.021875 0.03515625
2 0.2265625 0.82109375 0.01796875 0.03125
2 0.234375 0.846875 0.015625 0.03125
2 0.20546875 0.859375 0.01953125 0.03046875
2 0.1984375 0.903125 0.0203125 0.03828125
3 0.1796875 0.93203125 0.01953125 0.03125
2 0.16484375 0.965625 0.0203125 0.03203125
2 0.1421875 0.98515625 0.01875 0.0296875
4 0.2484375 0.8109375 0.00703125 0.01171875
4 0.23984375 0.821875 0.00859375 0.0140625
2 0.33203125 0.8828125 0.0140625 0.0296875
4 0.4015625 0.390625 0.00625 0.01875
4 0.390625 0.32109375 0.00625 0.01640625
0 0.621875 0.084375 0.01328125 0.015625
2 0.40703125 0.109375 0.01953125 0.03203125
2 0.34921875 0.12421875 0.0203125 0.03671875
2 0.33359375 0.065625 0.02109375 0.0359375
2 0.30859375 0.08828125 0.01796875 0.03125
2 0.37109375 0.16875 0.01875 0.0359375
2 0.4078125 0.1796875 0.01796875 0.034375
2 0.39296875 0.21171875 0.015625 0.03359375
6 0.42578125 0.21640625 0.02890625 0.05546875
4 0.359375 0.0890625 0.00859375 0.01640625
4 0.39296875 0.16796875 0.00703125 0.01640625
4 0.40703125 0.2234375 0.00625 0.01640625
2 0.25234375 0.01171875 0.0171875 0.0234375
0 0.4546875 0.25625 0.0109375 0.02421875
0 0.446875 0.26796875 0.01171875 0.025
2 0.384375 0.26328125 0.01640625 0.03515625
2 0.42734375 0.28828125 0.0203125 0.0390625
2 0.278125 0.075 0.01875 0.03515625
0 0.2375 0.01171875 0.0125 0.0234375