2 0.346875 0.11796875 0.01875 0.0359375
2 0.37109375 0.16640625 0.01640625 0.03359375
2 0.42109375 0.20703125 0.01953125 0.03671875
2 0.415625 0.24296875 0.0203125 0.04296875
2 0.48046875 0.39609375 0.01796875 0.04375
6 0.34140625 0.675 0.02578125 0.04296875
2 0.68515625 0.24375 0.0203125 0.03515625
2 0.63203125 0.33515625 0.01796875 0.034375
1 0.61796875 0.7984375 0.04453125 0.09140625
2 0.403125 0.5796875 0.01953125 0.02890625
2 0.3609375 0.109375 0.01640625 0.03125
0 0.33515625 0.5234375 0.01484375 0.01875
2 0.184375 0.7921875 0.01640625 0.03046875
0 0.228125 0.6890625 0.0140625 0.0203125
2 0.3171875 0.72109375 0.01953125 0.03125
2 0.66484375 0.271875 0.02109375 0.03203125
4 0.36484375 0.62578125 0.00859375 0.01484375
2 0.3140625 0.04453125 0.02109375 0.040625
0 0.5078125 0.38671875 0.009375 0.025
2 0.365625 0.64453125 0.02109375 0.03046875
2 0.61328125 0.4140625 0.01953125 0.03671875
2 0.66171875 0.74609375 0.01796875 0.03515625
2 0.56953125 0.70546875 0.01796875 0.0296875
2 0.55703125 0.72890625 0.01796875 0.03359375
2 0.584375 0.740625 0.01875 0.0359375
2 0.553125 0.696875 0.01328125 0.03125
2 0.58046875 0.7703125 0.01953125 0.03671875
4 0.596875 0.77890625 0.009375 0.01953125
1 0.5734375 0.67578125 0.03359375 0.07890625
2 0.74296875 0.9265625 0.02109375 0.03828125
2 0.71953125 0.8578125 0.02109375 0.0234375
4 0.54921875 0.65859375 0.00859375 0.01796875
4 0.53984375 0.66484375 0.00625 0.0140625
4 0.54140625 0.68828125 0.00859375 0.01640625
4 0.5421875 0.709375 0.01015625 0.01171875
4 0.52578125 0.68828125 0.00703125 0.015625
4 0.54609375 0.70234375 0.00859375 0.01796875
4 0.53359375 0.6734375 0.00859375 0.01640625
4 0.54140625 0.71953125 0.00703125 0.01640625
4 0.534375 0.70703125 0.00703125 0.01484375
2 0.7015625 0.2171875 0.01796875 0.03125
2 0.83125 0.1375 0.0265625 0.03828125
2 0.7234375 0.0296875 0.01875 0.03203125
0 0.68125 0.0765625 0.0140625 0.02421875
0 0.6671875 0.090625 0.0109375 0.021875
3 0.346875 0.61796875 0.02109375 0.03359375
2 0.1984375 0.9046875 0.0203125 0.0359375
2 0.23515625 0.84375 0.01875 0.03125
2 0.25546875 0.815625 0.025 0.03984375
2 0.1953125 0.68359375 0.0203125 0.03515625
2 0.2984375 0.74375 0.0203125 0.03359375
2 0.27578125 0.77734375 0.02109375 0.03125
2 0.384375 0.615625 0.01875 0.028125
2 0.39453125 0.215625 0.0203125 0.0359375
2 0.403125 0.19609375 0.01640625 0.040625
2 0.38046875 0.12109375 0.01640625 0.0359375
2 0.35703125 0.0734375 0.01875 0.03203125
2 0.334375 0.053125 0.01953125 0.0296875
0 0.3609375 0.31015625 0.015625 0.021875
2 0.215625 0.8671875 0.01796875 0.03046875
2 0.30703125 0.68125 0.0203125 0.028125
2 0.39375 0.32578125 0.01796875 0.040625
2 0.134375 0.98359375 0.01875 0.03203125
2 0.4125 0.49140625 0.01796875 0.0359375
4 0.39296875 0.57421875 0.009375 0.0140625
5 0.6359375 0.38984375 0.02109375 0.03671875
2 0.559375 0.7609375 0.01640625 0.03203125
2 0.2359375 0.51796875 0.015625 0.03515625
4 0.37109375 0.61640625 0.00546875 0.01171875
2 0.17578125 0.9265625 0.01953125 0.03359375
0 0.53359375 0.43359375 0.01796875 0.03203125
2 0.29140625 0.07109375 0.01640625 0.03203125
0 0.33671875 0.03125 0.0140625 0.02421875
2 0.65 0.340625 0.01953125 0.034375
4 0.62578125 0.36953125 0.009375 0.01875
2 0.61328125 0.38203125 0.01875 0.03203125
4 0.53203125 0.68515625 0.01015625 0.01796875
0 0.63359375 0.36484375 0.01171875 0.01796875
4 0.6171875 0.4359375 0.0109375 0.01328125
4 0.37578125 0.59375 0.009375 0.015625
2 0.46015625 0.5015625 0.01484375 0.046875
4 0.40625 0.44140625 0.01015625 0.01875
2 0.68828125 0.27890625 0.0203125 0.03125
4 0.61171875 0.45546875 0.009375 0.01484375
4 0.63125 0.41953125 0.009375 0.01796875
4 0.6 0.44453125 0.00859375 0.02109375
4 0.7421875 0.040625 0.00859375 0.0234375
2 0.25390625 0.76953125 0.02109375 0.03046875
2 0.3265625 0.74609375 0.02109375 0.034375
2 0.1484375 0.940625 0.02109375 0.034375
2 0.184375 0.88671875 0.02109375 0.03671875
4 0.40703125 0.55546875 0.00703125 0.01484375
4 0.384375 0.58203125 0.0046875 0.01171875
4 0.3828125 0.2671875 0.009375 0.01875
4 0.484375 0.43046875 0.0109375 0.01796875
4 0.40859375 0.40703125 0.009375 0.01875
2 0.65078125 0.30390625 0.01796875 0.034375
2 0.60390625 0.80625 0.02109375 0.0390625
4 0.59453125 0.7140625 0.00859375 0.01484375
4 0.58828125 0.76484375 0.00546875 0.0109375
4 0.52890625 0.7296875 0.00703125 0.01953125
2 0.28828125 0.04453125 0.0203125 0.02890625
2 0.384375 0.15859375 0.01640625 0.03203125
0 0.46640625 0.30859375 0.0109375 0.02578125
2 0.4359375 0.27578125 0.01953125 0.03671875
2 0.709375 0.23671875 0.0203125 0.03671875
2 0.4390625 0.56640625 0.0234375 0.03515625
4 0.4515625 0.59453125 0.01171875 0.0234375
4 0.396875 0.38125 0.01484375 0.01875
2 0.665625 0.3109375 0.01796875 0.03046875
2 0.4859375 0.4703125 0.01171875 0.046875
4 0.48984375 0.37265625 0.01015625 0.01875
2 0.45546875 0.36640625 0.0140625 0.03984375
2 0.44375 0.315625 0.01875 0.0390625
2 0.4484375 0.26484375 0.01640625 0.03671875
4 0.453125 0.23984375 0.0109375 0.01953125
0 0.26328125 0.04375 0.01484375 0.02421875
4 0.25546875 0.009375 0.01171875 0.01875
4 0.33046875 0.09140625 0.009375 0.01796875
4 0.36796875 0.078125 0.009375 0.01875
4 0.38046875 0.09296875 0.009375 0.0203125
4 0.3953125 0.0984375 0.01171875 0.02421875
0 0.39453125 0.12109375 0.01484375 0.02578125
0 0.4171875 0.17421875 0.0109375 0.0203125
0 0.56953125 0.215625 0.01640625 0.0203125
4 0.6328125 0.19453125 0.01015625 0.01640625
2 0.61640625 0.70546875 0.01640625 0.03515625
4 0.59453125 0.66796875 0.00859375 0.015625
4 0.63359375 0.71796875 0.00859375 0.01875
3 0.6578125 0.775 0.01875 0.03203125
0 0.59453125 0.6125 0.01484375 0.02890625
4 0.471875 0.35703125 0.00859375 0.01640625
4 0.36328125 0.70859375 0.01171875 0.0140625
4 0.3265625 0.7765625 0.009375 0.01484375
4 0.38046875 0.6921875 0.01015625 0.01640625
4 0.396875 0.6625 0.009375 0.015625
4 0.39375 0.64296875 0.01328125 0.01484375
4 0.41484375 0.65703125 0.00703125 0.01484375
2 0.2765625 0.73203125 0.01953125 0.03359375
2 0.221875 0.81875 0.01796875 0.0296875
4 0.1984375 0.853125 0.01015625 0.0203125
2 0.1203125 0.97578125 0.01875 0.034375
4 0.4390625 0.59296875 0.00859375 0.01171875
4 0.3625 0.58046875 0.00859375 0.015625
4 0.371875 0.5609375 0.00859375 0.0140625
4 0.39453125 0.53046875 0.00546875 0.01796875
4 0.41015625 0.528125 0.00859375 0.0140625
4 0.440625 0.5359375 0.00625 0.0140625