2 0.721875 0.02109375 0.01796875 0.03359375
0 0.678125 0.07421875 0.0140625 0.021875
0 0.66484375 0.0859375 0.01328125 0.0234375
0 0.62109375 0.08125 0.01171875 0.0140625
0 0.734375 0.0703125 0.01484375 0.0234375
2 0.81875 0.02890625 0.01875 0.03203125
5 0.790625 0.07421875 0.03828125 0.05625
2 0.740625 0.14375 0.01796875 0.02890625
2 0.77421875 0.14375 0.0234375 0.03671875
2 0.82890625 0.1265625 0.02578125 0.040625
2 0.715625 0.18046875 0.0203125 0.03203125
2 0.6828125 0.240625 0.01875 0.034375
2 0.71328125 0.25390625 0.01796875 0.03046875
2 0.6703125 0.2875 0.01796875 0.03125
0 0.659375 0.321875 0.0140625 0.01953125
0 0.67265625 0.31875 0.01328125 0.0203125
0 0.6296875 0.35390625 0.01171875 0.021875
0 0.653125 0.35390625 0.01015625 0.021875
2 0.86953125 0.18125 0.015625 0.03359375
4 0.796875 0.15859375 0.00859375 0.015625
4 0.8140625 0.103125 0.00859375 0.0109375
4 0.8140625 0.11640625 0.00859375 0.01171875
4 0.73515625 0.08828125 0.00859375 0.0109375
0 0.7015625 0.2109375 0.01328125 0.02109375
4 0.68203125 0.26328125 0.00859375 0.0109375
4 0.68515625 0.3015625 0.00859375 0.01171875
4 0.7234375 0.26015625 0.00859375 0.01484375
4 0.64375 0.30078125 0.00703125 0.01015625
4 0.64296875 0.3359375 0.00859375 0.0140625
4 0.665625 0.33984375 0.00703125 0.0140625
4 0.67421875 0.33828125 0.00859375 0.01328125
4 0.684375 0.33515625 0.009375 0.0109375
4 0.69140625 0.27734375 0.00859375 0.01484375
4 0.621875 0.375 0.009375 0.01171875
4 0.63828125 0.38828125 0.00859375 0.0140625
2 0.60859375 0.39375 0.015625 0.03046875
2 0.6234375 0.4140625 0.01796875 0.03359375
0 0.6109375 0.41796875 0.0109375 0.01953125
0 0.59296875 0.42734375 0.01171875 0.01640625
3 0.64609375 0.3140625 0.0140625 0.025
2 0.57109375 0.44921875 0.01875 0.01875
2 0.58984375 0.48828125 0.01953125 0.03125
2 0.5453125 0.46015625 0.01796875 0.015625
0 0.54609375 0.4859375 0.0140625 0.0140625
2 0.521875 0.53203125 0.01953125 0.021875
0 0.5046875 0.46484375 0.0140625 0.01484375
4 0.51484375 0.44765625 0.00859375 0.0109375
4 0.55 0.440625 0.00859375 0.01015625
4 0.53203125 0.4734375 0.00859375 0.01015625
4 0.54921875 0.47265625 0.00703125 0.00703125
4 0.5703125 0.48125 0.00703125 0.0109375
4 0.58125 0.46171875 0.00859375 0.0109375
4 0.59296875 0.46328125 0.00625 0.01171875
4 0.596875 0.44140625 0.00625 0.0109375
4 0.6359375 0.48515625 0.0046875 0.01796875
4 0.65078125 0.48515625 0.00625 0.01640625
4 0.65625 0.51796875 0.0046875 0.0140625
4 0.62421875 0.52109375 0.00859375 0.01484375
2 0.69453125 0.6609375 0.01640625 0.034375
2 0.70625 0.69453125 0.0140625 0.03203125
6 0.6265625 0.6515625 0.0140625 0.053125
2 0.7109375 0.85546875 0.0203125 0.0296875
0 0.78359375 0.98203125 0.01328125 0.02421875
4 0.75546875 0.91171875 0.00859375 0.01484375
2 0.62109375 0.93984375 0.01875 0.025
1 0.5921875 0.721875 0.03671875 0.07890625
4 0.5984375 0.78359375 0.00625 0.0140625
4 0.53671875 0.66796875 0.00625 0.01328125
4 0.54140625 0.6640625 0.00546875 0.01328125
4 0.54609375 0.64609375 0.00625 0.0140625
4 0.55390625 0.6421875 0.00625 0.0109375
4 0.5765625 0.66796875 0.00625 0.01328125
0 0.5484375 0.684375 0.01015625 0.021875
0 0.5671875 0.64921875 0.0109375 0.025
0 0.684375 0.771875 0.00546875 0.015625
2 0.40625 0.4984375 0.0140625 0.0359375
2 0.403125 0.409375 0.01171875 0.03125
2 0.44296875 0.36171875 0.01875 0.028125
1 0.471875 0.43125 0.05 0.07421875
2 0.39296875 0.55 0.02109375 0.03046875
0 0.3359375 0.521875 0.0140625 0.01953125
2 0.23515625 0.51875 0.01640625 0.03671875
2 0.1953125 0.68359375 0.0203125 0.03515625
2 0.16875 0.73046875 0.01875 0.03515625
2 0.18359375 0.7921875 0.0203125 0.03046875
2 0.3625 0.59375 0.0203125 0.03515625
2 0.3859375 0.5984375 0.01640625 0.02890625
2 0.3578125 0.646875 0.01796875 0.03125
2 0.31796875 0.67109375 0.01953125 0.03515625
2 0.34375 0.68046875 0.01875 0.03125
2 0.31640625 0.7109375 0.01796875 0.0265625
2 0.29609375 0.69453125 0.01640625 0.03046875
6 0.2921875 0.75078125 0.03359375 0.053125
2 0.2578125 0.765625 0.02109375 0.0390625
2 0.2703125 0.7859375 0.01953125 0.03359375
2 0.24921875 0.81640625 0.0203125 0.03203125
2 0.26171875 0.86640625 0.01640625 0.03125
2 0.23046875 0.8515625 0.01953125 0.03125
2 0.2140625 0.88046875 0.01953125 0.03359375
2 0.18671875 0.88359375 0.02109375 0.03515625
2 0.196875 0.90703125 0.01875 0.03046875
2 0.17578125 0.934375 0.01640625 0.03125
2 0.1375 0.96875 0.01953125 0.03671875
2 0.15859375 0.96328125 0.0234375 0.03125
4 0.159375 0.934375 0.01015625 0.01328125
4 0.16328125 0.9125 0.009375 0.01484375
4 0.21171875 0.83046875 0.009375 0.01484375
4 0.221875 0.815625 0.00859375 0.01015625
4 0.21796875 0.834375 0.00625 0.01328125
4 0.234375 0.82578125 0.009375 0.015625
4 0.23515625 0.79296875 0.00859375 0.015625
4 0.228125 0.77734375 0.00625 0.0109375
4 0.29921875 0.71796875 0.009375 0.01171875
4 0.33203125 0.66875 0.00703125 0.0109375
4 0.34453125 0.65625 0.00703125 0.01171875
4 0.340625 0.64140625 0.009375 0.0109375
4 0.34453125 0.60859375 0.00859375 0.01171875
2 0.33203125 0.88125 0.0140625 0.0296875
0 0.22890625 0.68984375 0.0140625 0.021875
3 0.5203125 0.1953125 0.01484375 0.01796875
2 0.27109375 0.0421875 0.01875 0.03515625
2 0.30546875 0.078125 0.01875 0.03359375
2 0.2984375 0.0140625 0.01875 0.028125
2 0.3140625 0.01171875 0.015625 0.0234375
2 0.33671875 0.02890625 0.01875 0.0390625
2 0.31484375 0.04765625 0.021875 0.04140625
2 0.334375 0.09296875 0.01640625 0.03359375
2 0.37109375 0.103125 0.01796875 0.0359375
2 0.33671875 0.13984375 0.01875 0.03515625
2 0.38671875 0.13671875 0.01484375 0.03515625
2 0.37109375 0.16640625 0.01796875 0.034375
2 0.40703125 0.1765625 0.01796875 0.03046875
2 0.390625 0.17578125 0.01796875 0.03515625
2 0.3921875 0.209375 0.01640625 0.03359375
6 0.4265625 0.2140625 0.0265625 0.05625
2 0.428125 0.28671875 0.01953125 0.03828125
2 0.38671875 0.26328125 0.01640625 0.03671875
2 0.38046875 0.31328125 0.01640625 0.04375
2 0.4234375 0.3234375 0.01796875 0.03203125
0 0.44609375 0.265625 0.0109375 0.021875
0 0.4578125 0.2390625 0.01171875 0.0234375
0 0.36484375 0.240625 0.01171875 0.02109375
4 0.34375 0.06171875 0.00703125 0.015625
4 0.3515625 0.06875 0.00546875 0.015625
4 0.35703125 0.08671875 0.00859375 0.01875
4 0.3546875 0.10078125 0.00859375 0.01328125
4 0.38671875 0.1046875 0.01015625 0.01953125
4 0.42109375 0.17421875 0.00625 0.01640625
4 0.40703125 0.22109375 0.00703125 0.0140625
4 0.36171875 0.20234375 0.009375 0.01328125
4 0.44453125 0.24609375 0.00703125 0.01796875
4 0.43671875 0.25859375 0.00390625 0.0140625
4 0.40546875 0.2984375 0.00859375 0.01328125
4 0.35625 0.25546875 0.00625 0.01484375
4 0.75390625 0.2046875 0.01015625 0.015625