2 0.01953125 0.45859375 0.025 0.021875
2 0.20703125 0.4640625 0.021875 0.01875
2 0.01953125 0.45546875 0.02578125 0.02421875
4 0.0546875 0.44921875 0.0140625 0.01953125
4 0.07578125 0.43515625 0.01171875 0.0140625
4 0.09921875 0.446875 0.01015625 0.01171875
4 0.0984375 0.53671875 0.0109375 0.01171875
4 0.07578125 0.56171875 0.0109375 0.0140625
4 0.096875 0.565625 0.009375 0.01171875
4 0.04375 0.5390625 0.01015625 0.01171875
4 0.0234375 0.575 0.01796875 0.025
0 0.03359375 0.55546875 0.01640625 0.021875
4 0.153125 0.47578125 0.01171875 0.01875
4 0.1625 0.4390625 0.01171875 0.015625
4 0.16171875 0.52890625 0.01171875 0.015625
4 0.1640625 0.546875 0.01328125 0.01171875
4 0.15078125 0.553125 0.0109375 0.01171875
4 0.21484375 0.53046875 0.01171875 0.015625
4 0.190625 0.54375 0.0109375 0.01484375
0 0.18515625 0.56328125 0.01640625 0.0234375
0 0.23515625 0.55625 0.01640625 0.01484375
4 0.22734375 0.57109375 0.01171875 0.01171875
4 0.253125 0.44609375 0.0109375 0.01171875
4 0.28203125 0.44140625 0.01171875 0.01953125
4 0.2984375 0.446875 0.01484375 0.01328125
4 0.309375 0.43125 0.01328125 0.0140625
4 0.32890625 0.440625 0.00859375 0.009375
4 0.3484375 0.44609375 0.01484375 0.0109375
4 0.33046875 0.471875 0.01015625 0.01328125
4 0.284375 0.53671875 0.0109375 0.01484375
4 0.26328125 0.559375 0.01015625 0.01875
4 0.31875 0.571875 0.01484375 0.01796875
4 0.290625 0.55390625 0.009375 0.01640625
4 0.3421875 0.55703125 0.0109375 0.01484375
4 0.37265625 0.54453125 0.01328125 0.01484375
4 0.39296875 0.5296875 0.009375 0.01328125
4 0.38828125 0.571875 0.01171875 0.0140625
4 0.41328125 0.5640625 0.01171875 0.01484375
4 0.428125 0.53046875 0.01484375 0.01796875
4 0.4109375 0.43046875 0.01328125 0.01796875
4 0.4453125 0.5546875 0.01171875 0.01796875
4 0.48125 0.5625 0.01015625 0.01328125
4 0.50546875 0.54375 0.015625 0.015625
4 0.5390625 0.4609375 0.0109375 0.0109375
4 0.55546875 0.43984375 0.015625 0.01640625
4 0.6 0.44921875 0.01015625 0.01328125
4 0.603125 0.43046875 0.00859375 0.0109375
4 0.57265625 0.55546875 0.01015625 0.01796875
4 0.59140625 0.5625 0.01015625 0.01875
4 0.6015625 0.5390625 0.009375 0.01484375
4 0.6734375 0.41640625 0.01171875 0.01171875
4 0.67734375 0.43125 0.0140625 0.01484375
4 0.66796875 0.44609375 0.0109375 0.0140625
4 0.74921875 0.45078125 0.01484375 0.01953125
4 0.7625 0.53671875 0.0140625 0.02421875
4 0.796875 0.41796875 0.0140625 0.01171875
4 0.803125 0.44296875 0.01015625 0.02109375
4 0.8265625 0.43359375 0.0109375 0.009375
4 0.82265625 0.55078125 0.01171875 0.015625
4 0.8484375 0.546875 0.01796875 0.015625
2 0.853125 0.51640625 0.03984375 0.02890625
2 0.67890625 0.45859375 0.028125 0.01953125
0 0.71875 0.434375 0.01796875 0.009375
0 0.778125 0.43203125 0.01875 0.01640625
0 0.8765625 0.42890625 0.01796875 0.01640625
6 0.84296875 0.459375 0.040625 0.03671875
2 0.9734375 0.52265625 0.03046875 0.0203125
2 0.9578125 0.553125 0.02578125 0.0140625
4 0.94375 0.565625 0.01796875 0.01328125
4 0.8890625 0.52890625 0.01484375 0.01171875
4 0.896875 0.54609375 0.01640625 0.01640625
4 0.90859375 0.41875 0.0140625 0.02421875
4 0.92890625 0.40390625 0.0140625 0.01171875
4 0.93359375 0.421875 0.015625 0.01796875
4 0.16171875 0.425 0.01640625 0.0109375
4 0.24609375 0.47890625 0.015625 0.015625