2 0.09140625 0.56328125 0.028125 0.02890625
2 0.046875 0.55859375 0.0265625 0.021875
2 0.040625 0.58359375 0.03203125 0.03046875
2 0.03828125 0.671875 0.0296875 0.0265625
4 0.1328125 0.35625 0.01484375 0.021875
3 0.31171875 0.371875 0.01875 0.02421875
6 0.346875 0.4109375 0.025 0.034375
4 0.39140625 0.396875 0.01796875 0.021875
4 0.403125 0.4171875 0.015625 0.0234375
4 0.3296875 0.21328125 0.0203125 0.02578125
4 0.228125 0.1515625 0.01875 0.02578125
4 0.25703125 0.1234375 0.01640625 0.021875
0 0.121875 0.1234375 0.02890625 0.03203125
0 0.04453125 0.015625 0.02109375 0.03125
4 0.015625 0.07578125 0.01953125 0.01953125
4 0.01796875 0.065625 0.02109375 0.01640625
4 0.015625 0.05546875 0.01796875 0.01796875
4 0.384375 0.2203125 0.01875 0.025
4 0.403125 0.159375 0.01875 0.0203125
4 0.4609375 0.1875 0.0140625 0.0234375
4 0.46875 0.16875 0.01875 0.021875
2 0.4734375 0.26015625 0.025 0.040625
2 0.496875 0.30703125 0.02421875 0.046875
4 0.51328125 0.27890625 0.0140625 0.02890625
4 0.52890625 0.3 0.015625 0.02890625
4 0.55625 0.328125 0.01328125 0.03046875
4 0.58203125 0.27890625 0.01484375 0.02421875
4 0.56796875 0.3265625 0.0140625 0.03203125
0 0.5390625 0.3421875 0.01640625 0.034375
0 0.553125 0.42890625 0.01171875 0.03359375
2 0.53984375 0.43203125 0.01875 0.05546875
2 0.521875 0.31328125 0.0203125 0.04375
2 0.5328125 0.21953125 0.025 0.0296875
2 0.55859375 0.2046875 0.028125 0.03203125
2 0.4890625 0.1953125 0.02890625 0.0265625
2 0.509375 0.18046875 0.025 0.02890625
4 0.52109375 0.16875 0.01640625 0.01875
0 0.50703125 0.1484375 0.0203125 0.02421875
2 0.56171875 0.0859375 0.021875 0.0546875
2 0.54296875 0.0109375 0.02109375 0.02109375
2 0.62578125 0.01484375 0.015625 0.0296875
2 0.640625 0.01328125 0.0140625 0.0265625
2 0.61484375 0.20078125 0.028125 0.02890625
4 0.6484375 0.20703125 0.015625 0.03046875
2 0.665625 0.22734375 0.02890625 0.034375
0 0.6734375 0.20078125 0.021875 0.025
2 0.7328125 0.25625 0.028125 0.03359375
4 0.7296875 0.20078125 0.01875 0.01953125
4 0.70078125 0.1265625 0.01171875 0.021875
4 0.68359375 0.13125 0.009375 0.028125
4 0.71015625 0.12421875 0.009375 0.0296875
2 0.7828125 0.15625 0.01953125 0.0453125
4 0.76953125 0.1875 0.01640625 0.02109375
0 0.80078125 0.20390625 0.01875 0.03125
3 0.796875 0.234375 0.0234375 0.02578125
2 0.84296875 0.18046875 0.0296875 0.0296875
4 0.81796875 0.22890625 0.01796875 0.021875
2 0.80859375 0.2609375 0.0296875 0.03046875
4 0.86171875 0.1859375 0.015625 0.028125
4 0.89765625 0.24921875 0.01640625 0.02109375
3 0.88828125 0.23046875 0.021875 0.03046875
2 0.940625 0.26640625 0.025 0.02890625
2 0.8234375 0.02890625 0.025 0.04453125
2 0.96328125 0.4140625 0.03359375 0.034375
0 0.86640625 0.4359375 0.02109375 0.02421875
4 0.87421875 0.41640625 0.01796875 0.0234375
2 0.7921875 0.40390625 0.034375 0.03046875
2 0.7515625 0.40078125 0.02578125 0.0265625
3 0.71484375 0.4140625 0.01796875 0.0203125
2 0.72578125 0.434375 0.0296875 0.02421875
2 0.72109375 0.3890625 0.02578125 0.03046875
4 0.63359375 0.35 0.01640625 0.02421875
4 0.64296875 0.35234375 0.01484375 0.01640625
4 0.64453125 0.3453125 0.015625 0.01796875
4 0.65078125 0.378125 0.01484375 0.015625
4 0.63359375 0.421875 0.0140625 0.015625
4 0.63515625 0.41171875 0.01640625 0.015625
4 0.63046875 0.40234375 0.01640625 0.015625
4 0.6453125 0.4140625 0.01640625 0.0203125
4 0.659375 0.40625 0.01328125 0.015625
4 0.6640625 0.40078125 0.0140625 0.01484375
0 0.665625 0.41953125 0.02109375 0.028125
2 0.67109375 0.390625 0.028125 0.0265625
2 0.696875 0.39140625 0.0296875 0.03046875
3 0.6375 0.3859375 0.025 0.02421875
0 0.64453125 0.403125 0.0234375 0.02421875
2 0.640625 0.36796875 0.02578125 0.0265625
2 0.58125 0.49921875 0.01640625 0.0234375
2 0.57421875 0.5359375 0.01484375 0.03046875
2 0.540625 0.52109375 0.01796875 0.05078125
0 0.5421875 0.634375 0.015625 0.03515625
2 0.53828125 0.7140625 0.0203125 0.0546875
2 0.51640625 0.77421875 0.0203125 0.0515625
4 0.515625 0.853125 0.01171875 0.03125
4 0.5234375 0.853125 0.0140625 0.03203125
4 0.52578125 0.92890625 0.01171875 0.0265625
4 0.515625 0.97421875 0.01171875 0.0265625
2 0.5109375 0.93125 0.02109375 0.05078125
2 0.46171875 0.9625 0.02421875 0.05546875
2 0.46640625 0.89765625 0.01953125 0.04453125
2 0.4734375 0.85390625 0.021875 0.04296875
4 0.43828125 0.8328125 0.01171875 0.02890625
2 0.45546875 0.75703125 0.01875 0.04453125
4 0.43046875 0.99140625 0.0140625 0.01640625
2 0.47421875 0.79765625 0.01640625 0.0515625
2 0.46328125 0.78359375 0.01953125 0.0453125
2 0.46875 0.74296875 0.01953125 0.046875
4 0.453125 0.72265625 0.01328125 0.021875
2 0.4859375 0.703125 0.01640625 0.0453125
2 0.490625 0.65546875 0.01953125 0.04296875
2 0.4734375 0.69609375 0.01484375 0.046875
4 0.459375 0.68359375 0.01015625 0.0234375
0 0.4640625 0.69140625 0.01171875 0.03046875
0 0.47109375 0.6609375 0.015625 0.03359375
0 0.46953125 0.634375 0.01484375 0.03359375
2 0.453125 0.6609375 0.015625 0.04921875
4 0.47421875 0.48515625 0.01328125 0.02578125
4 0.48046875 0.4859375 0.00859375 0.02578125
4 0.4859375 0.48671875 0.01015625 0.03046875
4 0.490625 0.49453125 0.00703125 0.0234375
4 0.4953125 0.49453125 0.0109375 0.0265625
4 0.4765625 0.5078125 0.00859375 0.028125
4 0.484375 0.50625 0.009375 0.02421875
4 0.48203125 0.52890625 0.01171875 0.025
4 0.459375 0.58046875 0.01015625 0.025
4 0.478125 0.59453125 0.01171875 0.02421875
2 0.47578125 0.565625 0.01796875 0.05
2 0.49921875 0.5640625 0.01484375 0.04921875
2 0.4890625 0.534375 0.01640625 0.04296875
2 0.48515625 0.578125 0.015625 0.04296875
4 0.4703125 0.6109375 0.01171875 0.03046875
2 0.46171875 0.60703125 0.01796875 0.04375
2 0.496875 0.61171875 0.02109375 0.04921875
2 0.47890625 0.628125 0.01875 0.04296875
4 0.303125 0.58125 0.01796875 0.02109375
4 0.29921875 0.590625 0.01640625 0.015625
4 0.296875 0.59609375 0.0203125 0.01953125
2 0.503125 0.51015625 0.01640625 0.05625
4 0.5109375 0.52890625 0.0140625 0.02890625
4 0.46953125 0.53515625 0.0109375 0.0265625
4 0.47421875 0.528125 0.0109375 0.0265625