6 0.3453125 0.6765625 0.02578125 0.04296875
2 0.6890625 0.25078125 0.0203125 0.03515625
2 0.63828125 0.3421875 0.01875 0.034375
1 0.62578125 0.80390625 0.04453125 0.09140625
2 0.40546875 0.58125 0.01953125 0.02890625
0 0.33984375 0.5265625 0.01484375 0.01875
2 0.18515625 0.790625 0.01640625 0.03046875
4 0.3859375 0.59296875 0.00859375 0.01328125
0 0.23046875 0.69296875 0.0140625 0.0203125
2 0.31796875 0.7203125 0.01953125 0.03125
2 0.66953125 0.278125 0.01796875 0.0296875
4 0.3640625 0.621875 0.00859375 0.01484375
2 0.36796875 0.64453125 0.02109375 0.03046875
2 0.61640625 0.421875 0.01953125 0.03671875
2 0.56328125 0.7375 0.01796875 0.03359375
2 0.584375 0.740625 0.01875 0.0359375
2 0.584375 0.7765625 0.01953125 0.03671875
1 0.57734375 0.68046875 0.03359375 0.07890625
2 0.7515625 0.9359375 0.01875 0.034375
2 0.7265625 0.86796875 0.02109375 0.0234375
4 0.54921875 0.65859375 0.00859375 0.01796875
4 0.54375 0.67265625 0.00625 0.0140625
4 0.5390625 0.6921875 0.00859375 0.01640625
4 0.54140625 0.7109375 0.009375 0.01171875
4 0.515625 0.71953125 0.00703125 0.015625
4 0.54765625 0.7046875 0.00859375 0.01796875
4 0.53828125 0.6796875 0.00859375 0.01640625
4 0.534375 0.7140625 0.00703125 0.01640625
4 0.525 0.68984375 0.00703125 0.01484375
2 0.7109375 0.22421875 0.01796875 0.03125
2 0.8359375 0.13984375 0.0265625 0.03828125
2 0.7296875 0.03125 0.01875 0.03203125
0 0.684375 0.078125 0.0140625 0.02421875
0 0.6703125 0.0921875 0.01171875 0.02421875
2 0.19921875 0.90625 0.0203125 0.0359375
2 0.23828125 0.84609375 0.01875 0.03125
2 0.25703125 0.8140625 0.025 0.03984375
2 0.1984375 0.68203125 0.0203125 0.03515625
2 0.296875 0.74375 0.0203125 0.03359375
2 0.278125 0.78046875 0.02109375 0.03125
2 0.3890625 0.61796875 0.01875 0.028125
4 0.37421875 0.609375 0.00625 0.01328125
0 0.359375 0.30234375 0.0140625 0.0234375
2 0.21796875 0.86953125 0.01796875 0.03046875
2 0.41484375 0.43828125 0.0140625 0.03671875
5 0.640625 0.396875 0.0203125 0.03515625
2 0.56484375 0.765625 0.01640625 0.03203125
2 0.2359375 0.51796875 0.015625 0.03515625
4 0.371875 0.621875 0.00546875 0.01171875
2 0.178125 0.9328125 0.01953125 0.03359375
2 0.65546875 0.34140625 0.01953125 0.034375
2 0.61796875 0.390625 0.01875 0.03203125
4 0.53125 0.69453125 0.009375 0.01796875
0 0.64140625 0.36953125 0.01171875 0.01796875
4 0.63203125 0.44296875 0.0109375 0.01328125
4 0.60625 0.44921875 0.00859375 0.01484375
4 0.74921875 0.04609375 0.00859375 0.0234375
2 0.16328125 0.9671875 0.0203125 0.03671875
2 0.65546875 0.30859375 0.01796875 0.034375
4 0.59765625 0.71171875 0.00546875 0.01484375
2 0.671875 0.31640625 0.01796875 0.03046875
2 0.36953125 0.58828125 0.0203125 0.034375
2 0.74609375 0.22578125 0.0203125 0.03515625
2 0.7234375 0.196875 0.015625 0.02890625
1 0.70625 0.296875 0.046875 0.08125
2 0.73828125 0.165625 0.01796875 0.034375
4 0.62578125 0.4578125 0.00703125 0.01328125
4 0.6390625 0.4453125 0.00703125 0.0140625
4 0.628125 0.428125 0.00703125 0.01328125
4 0.63046875 0.4640625 0.00703125 0.01171875
0 0.7328125 0.25703125 0.01015625 0.01640625
2 0.73046875 0.21796875 0.01796875 0.02890625
4 0.6765625 0.25390625 0.00703125 0.015625
6 0.63203125 0.87578125 0.03046875 0.05546875
2 0.65390625 0.91015625 0.01875 0.03125
2 0.30546875 0.69375 0.01953125 0.034375
2 0.14296875 0.984375 0.01875 0.0296875
4 0.609375 0.50546875 0.00859375 0.015625
3 0.7625 0.134375 0.01171875 0.01796875
2 0.7484375 0.18828125 0.0203125 0.028125
4 0.41171875 0.55703125 0.00703125 0.01015625
2 0.26015625 0.87109375 0.01875 0.0359375
4 0.61171875 0.4546875 0.00703125 0.01171875
4 0.7671875 0.19765625 0.00859375 0.01796875
0 0.728125 0.240625 0.009375 0.02109375
4 0.6015625 0.72890625 0.00859375 0.0140625
4 0.621875 0.50078125 0.01015625 0.01171875
4 0.63984375 0.4609375 0.00859375 0.01484375
2 0.17109375 0.72578125 0.01796875 0.03828125
0 0.76796875 0.17421875 0.01328125 0.021875
0 0.77109375 0.14609375 0.01171875 0.015625
1 0.77109375 0.05625 0.04296875 0.06875
4 0.390625 0.34609375 0.01015625 0.0203125
2 0.2625 0.76796875 0.01875 0.03125
4 0.321875 0.696875 0.0109375 0.01796875
2 0.78046875 0.10546875 0.02109375 0.03515625
2 0.33671875 0.63984375 0.0203125 0.0296875
2 0.17421875 0.91015625 0.0203125 0.0296875
4 0.79921875 0.16484375 0.00859375 0.0203125
4 0.76953125 0.15859375 0.00859375 0.00859375
4 0.69453125 0.2234375 0.00703125 0.01875
4 0.70546875 0.20625 0.00859375 0.0109375
4 0.6984375 0.15546875 0.01171875 0.01640625
4 0.55 0.71875 0.00625 0.01328125
0 0.54609375 0.73359375 0.00859375 0.02109375
2 0.4890625 0.40546875 0.01640625 0.046875
2 0.47890625 0.4546875 0.0140625 0.04453125
2 0.4109375 0.51640625 0.01875 0.03515625
4 0.14921875 0.9609375 0.009375 0.0203125
4 0.23515625 0.82421875 0.0109375 0.0109375
4 0.3 0.84609375 0.009375 0.01875
4 0.78125 0.18359375 0.01015625 0.01796875
4 0.80390625 0.1875 0.00859375 0.01484375
4 0.7453125 0.25703125 0.009375 0.01640625
4 0.64140625 0.428125 0.00546875 0.009375
4 0.63125 0.4734375 0.00625 0.0109375
4 0.6234375 0.48125 0.00625 0.0109375
4 0.62109375 0.43984375 0.00625 0.01328125
4 0.61640625 0.46875 0.00703125 0.01015625
4 0.6390625 0.5140625 0.00546875 0.01796875
4 0.6265625 0.525 0.00859375 0.0109375
4 0.621875 0.5125 0.00859375 0.01171875
4 0.61640625 0.5234375 0.00546875 0.01328125
4 0.6359375 0.42578125 0.0046875 0.01171875
4 0.29453125 0.0734375 0.01015625 0.0203125
4 0.2734375 0.040625 0.00859375 0.01953125
4 0.4234375 0.2046875 0.0140625 0.01953125
4 0.3734375 0.26015625 0.01171875 0.01875
4 0.434375 0.1890625 0.00859375 0.01875
4 0.53828125 0.7390625 0.00703125 0.015625
4 0.596875 0.7859375 0.00546875 0.01484375
2 0.68671875 0.94453125 0.01796875 0.03046875
2 0.73984375 0.96640625 0.01875 0.03359375
4 0.153125 0.9328125 0.009375 0.0140625