1 0.31597633125 0.6054662625 0.32918890625 0.6230774671875 0.361945078125 0.5413811828124999 0.348544121875 0.524347284375 0.31597633125 0.6054662625
2 0.50859375 0.61171875 0.02109375 0.03515625
2 0.403125 0.49296875 0.01875 0.04140625
2 0.45078125 0.36953125 0.01953125 0.03359375
2 0.49453125 0.4734375 0.021875 0.03359375
0 0.37734375 0.4265625 0.01328125 0.0265625
0 0.328125 0.5421875 0.01171875 0.02578125
0 0.421875 0.65625 0.01328125 0.028125
0 0.46328125 0.6640625 0.01484375 0.0203125
0 0.40390625 0.709375 0.01171875 0.0234375
0 0.5359375 0.5328125 0.01796875 0.028125
2 0.32578125 0.696875 0.02109375 0.04296875
2 0.59921875 0.7203125 0.0203125 0.034375
2 0.55078125 0.24453125 0.0234375 0.03203125
2 0.2296875 0.18125 0.02421875 0.03203125
0 0.27421875 0.240625 0.01171875 0.021875
2 0.78203125 0.8828125 0.02109375 0.03515625
2 0.73125 0.78203125 0.0203125 0.03203125
2 0.71328125 0.7859375 0.01875 0.03125
2 0.6234375 0.15859375 0.01484375 0.0484375
4 0.2703125 0.98984375 0.0125 0.0203125
4 0.29375 0.97109375 0.01171875 0.021875
4 0.30390625 0.9671875 0.009375 0.02109375
4 0.31328125 0.8734375 0.009375 0.025
4 0.31484375 0.84296875 0.009375 0.01640625
4 0.34375 0.81953125 0.00625 0.0234375
4 0.30390625 0.7484375 0.0140625 0.01875
4 0.2890625 0.74375 0.01015625 0.01953125
4 0.25703125 0.83046875 0.01015625 0.0234375
4 0.3109375 0.6390625 0.009375 0.01796875
4 0.3171875 0.65546875 0.01171875 0.01953125
4 0.3265625 0.6625 0.01328125 0.01484375
4 0.3265625 0.64453125 0.009375 0.021875
4 0.3640625 0.578125 0.01171875 0.01796875
4 0.359375 0.596875 0.01015625 0.01875
4 0.3453125 0.603125 0.01015625 0.01796875
4 0.34609375 0.62109375 0.01015625 0.01640625
4 0.36171875 0.62265625 0.01171875 0.01796875
4 0.37421875 0.62109375 0.01015625 0.01796875
4 0.36953125 0.696875 0.01328125 0.0203125
4 0.3984375 0.659375 0.009375 0.015625
4 0.37578125 0.5359375 0.01171875 0.01640625
4 0.3984375 0.55625 0.0140625 0.01953125
4 0.421875 0.49609375 0.00859375 0.021875
4 0.45078125 0.546875 0.01171875 0.01328125
4 0.46953125 0.52421875 0.0109375 0.01640625
4 0.471875 0.4953125 0.009375 0.01640625
4 0.478125 0.54296875 0.009375 0.01640625
4 0.49140625 0.57109375 0.01328125 0.01796875
4 0.509375 0.53515625 0.00859375 0.01953125
4 0.5015625 0.5109375 0.0109375 0.01328125
4 0.4984375 0.49140625 0.01015625 0.01640625
4 0.478125 0.42421875 0.009375 0.0140625
4 0.478125 0.409375 0.0109375 0.01484375
4 0.4203125 0.38828125 0.00703125 0.02109375
4 0.41171875 0.359375 0.00859375 0.0203125
4 0.40078125 0.384375 0.009375 0.01796875
4 0.39140625 0.4203125 0.0109375 0.015625
4 0.390625 0.434375 0.00703125 0.0140625
4 0.39375 0.47109375 0.0109375 0.015625
4 0.36875 0.45703125 0.009375 0.0234375
4 0.35625 0.35390625 0.009375 0.01484375
4 0.32578125 0.3234375 0.01015625 0.021875
4 0.409375 0.321875 0.01171875 0.0203125
4 0.43125 0.3390625 0.01171875 0.0203125
4 0.43984375 0.39296875 0.01484375 0.01640625
4 0.46328125 0.3640625 0.01171875 0.01640625
4 0.48671875 0.35078125 0.0109375 0.01796875
4 0.4828125 0.3234375 0.0140625 0.015625
4 0.4453125 0.30859375 0.00859375 0.021875
4 0.41328125 0.2921875 0.0140625 0.01796875
4 0.34375 0.190625 0.01171875 0.0203125
4 0.32109375 0.19375 0.0109375 0.01953125
4 0.3265625 0.15234375 0.009375 0.01953125
4 0.3015625 0.13515625 0.009375 0.01875
4 0.2671875 0.034375 0.009375 0.02109375
4 0.21796875 0.015625 0.009375 0.021875
4 0.240625 0.23203125 0.00625 0.0203125
3 0.253125 0.22890625 0.01875 0.034375
3 0.190625 0.20078125 0.025 0.0390625
3 0.21171875 0.24453125 0.0203125 0.040625
6 0.19140625 0.2453125 0.0265625 0.05390625
3 0.23125 0.27890625 0.025 0.04375
4 0.31171875 0.46484375 0.01171875 0.01953125
4 0.31640625 0.56171875 0.00859375 0.01953125
2 0.325 0.9140625 0.01953125 0.034375
0 0.2703125 0.83359375 0.01640625 0.0390625
3 0.61953125 0.48984375 0.01875 0.02421875
0 0.6265625 0.4609375 0.01484375 0.021875
3 0.67109375 0.57890625 0.015625 0.02578125
3 0.628125 0.53984375 0.01953125 0.0234375
0 0.7484375 0.92890625 0.01875 0.0265625
4 0.73359375 0.88203125 0.0109375 0.0234375
4 0.63203125 0.7890625 0.01328125 0.01796875
4 0.63046875 0.76015625 0.01015625 0.01875
4 0.63984375 0.7625 0.00859375 0.0203125
4 0.6515625 0.79765625 0.0140625 0.02109375
4 0.66328125 0.790625 0.0140625 0.0203125
4 0.69140625 0.7765625 0.01015625 0.01796875
4 0.70625 0.90546875 0.01328125 0.0203125
4 0.7046875 0.9734375 0.01015625 0.01875
4 0.76015625 0.96484375 0.01328125 0.01796875
4 0.75703125 0.915625 0.0109375 0.01953125
4 0.78203125 0.98671875 0.01015625 0.0203125
4 0.7921875 0.984375 0.0140625 0.02421875
4 0.74375 0.83359375 0.0140625 0.01875
4 0.76171875 0.828125 0.01015625 0.01796875
4 0.778125 0.8359375 0.009375 0.01640625
4 0.77265625 0.74296875 0.01328125 0.01640625
4 0.6984375 0.70625 0.01328125 0.01640625
4 0.66796875 0.68125 0.01328125 0.015625
4 0.56640625 0.66171875 0.0140625 0.01640625
4 0.54296875 0.6671875 0.0140625 0.01328125
4 0.5359375 0.64296875 0.01171875 0.0203125
4 0.546875 0.57890625 0.01015625 0.0265625
4 0.553125 0.5390625 0.01171875 0.028125
4 0.53203125 0.56171875 0.01171875 0.021875
4 0.60703125 0.5859375 0.01328125 0.01328125
4 0.61640625 0.6140625 0.01328125 0.01953125
4 0.621875 0.66796875 0.01015625 0.01796875
4 0.61640625 0.571875 0.01015625 0.01484375
4 0.51484375 0.51484375 0.01015625 0.0140625
4 0.53046875 0.51171875 0.0109375 0.01796875
4 0.534375 0.4390625 0.015625 0.021875
4 0.534375 0.39453125 0.01171875 0.01953125
4 0.5234375 0.36484375 0.0109375 0.015625
4 0.62109375 0.4359375 0.01171875 0.01640625
4 0.64609375 0.4578125 0.0109375 0.01328125
4 0.5234375 0.53125 0.01171875 0.0234375
4 0.51875 0.4765625 0.0109375 0.0140625
4 0.5234375 0.33125 0.01328125 0.01953125
4 0.546875 0.34375 0.01171875 0.01640625
4 0.584375 0.2828125 0.015625 0.01796875
4 0.6140625 0.2796875 0.01640625 0.0203125
4 0.6265625 0.2390625 0.01328125 0.01640625
4 0.59921875 0.2203125 0.01171875 0.02578125
4 0.6453125 0.171875 0.0140625 0.0203125
2 0.6609375 0.1484375 0.0234375 0.0296875
4 0.67421875 0.22109375 0.01328125 0.01796875
4 0.75078125 0.2890625 0.015625 0.01796875
4 0.709375 0.3890625 0.01328125 0.01953125
4 0.7515625 0.375 0.00859375 0.01953125
4 0.80390625 0.5625 0.01171875 0.0234375
4 0.82578125 0.60078125 0.01328125 0.0109375
4 0.8515625 0.44609375 0.009375 0.0203125
4 0.76953125 0.13515625 0.0140625 0.01640625
4 0.86171875 0.0859375 0.01328125 0.015625
4 0.90078125 0.02890625 0.01796875 0.02109375
0 0.90625 0.32890625 0.0203125 0.028125
3 0.80546875 0.50546875 0.01796875 0.02578125
2 0.75625 0.63203125 0.0234375 0.04296875
2 0.84453125 0.39296875 0.025 0.04296875
2 0.86328125 0.28984375 0.025 0.03515625
3 0.865625 0.3390625 0.03203125 0.06015625
3 0.83671875 0.31171875 0.03359375 0.0390625
3 0.8234375 0.45234375 0.034375 0.06171875
3 0.734375 0.3890625 0.0296875 0.034375
3 0.66953125 0.43828125 0.034375 0.03984375
3 0.68203125 0.5859375 0.02578125 0.0453125
3 0.70390625 0.63203125 0.02578125 0.03515625
3 0.72421875 0.67421875 0.0234375 0.03359375
2 0.40390625 0.13828125 0.0203125 0.034375
2 0.1515625 0.0125 0.0203125 0.025
3 0.809375 0.33046875 0.02578125 0.03046875
3 0.6515625 0.7015625 0.02578125 0.0484375
2 0.72109375 0.9609375 0.02578125 0.025
3 0.69921875 0.41875 0.03125 0.03671875
3 0.628125 0.50703125 0.0234375 0.03828125
3 0.665625 0.5609375 0.02109375 0.03203125
3 0.715625 0.64921875 0.02578125 0.04453125
3 0.51875 0.7015625 0.02578125 0.03359375
4 0.50546875 0.71171875 0.01171875 0.01484375
4 0.47890625 0.72578125 0.01015625 0.021875
4 0.603125 0.8390625 0.00703125 0.015625
4 0.596875 0.8359375 0.0046875 0.01640625
4 0.5640625 0.2 0.00859375 0.01953125
4 0.553125 0.20859375 0.00703125 0.01953125
4 0.54921875 0.18671875 0.00546875 0.01875
4 0.55546875 0.1828125 0.00859375 0.01953125
4 0.590625 0.1953125 0.00625 0.01953125
4 0.596875 0.17578125 0.00703125 0.01640625
4 0.59140625 0.171875 0.0046875 0.02421875
4 0.578125 0.18203125 0.00703125 0.01640625
4 0.58359375 0.18203125 0.00546875 0.01953125
4 0.61015625 0.1328125 0.00625 0.02109375
4 0.6109375 0.15703125 0.00859375 0.01953125
4 0.63203125 0.13984375 0.00703125 0.01953125
4 0.65 0.128125 0.00703125 0.01875
4 0.68046875 0.1296875 0.01171875 0.01484375
4 0.65625 0.12421875 0.00546875 0.01953125
4 0.77890625 0.03125 0.00546875 0.021875
4 0.69453125 0.1046875 0.00546875 0.01953125
4 0.68984375 0.10390625 0.00546875 0.02109375
4 0.68359375 0.1109375 0.00625 0.025
4 0.678125 0.11171875 0.00546875 0.02109375
4 0.671875 0.1203125 0.0046875 0.021875
4 0.66796875 0.1234375 0.00703125 0.02109375
4 0.66171875 0.121875 0.00703125 0.02421875
4 0.78125 0.7265625 0.0109375 0.0140625
4 0.796875 0.68359375 0.01015625 0.01796875
4 0.79921875 0.67109375 0.01171875 0.01328125
4 0.80546875 0.659375 0.01015625 0.01328125
4 0.81171875 0.64140625 0.009375 0.01171875
4 0.784375 0.553125 0.01171875 0.0109375
4 0.7875 0.54296875 0.015625 0.01171875
4 0.77890625 0.56328125 0.01015625 0.0109375
4 0.771875 0.57890625 0.01171875 0.0140625
4 0.815625 0.63515625 0.00859375 0.0109375
4 0.78828125 0.70703125 0.0109375 0.00703125
4 0.8109375 0.48359375 0.0109375 0.015625
4 0.86953125 0.45390625 0.00859375 0.0203125
4 0.8828125 0.4421875 0.00625 0.01953125
4 0.890625 0.4359375 0.0109375 0.01328125
4 0.89375 0.4265625 0.01328125 0.01171875
4 0.90390625 0.39609375 0.00859375 0.0203125
4 0.90859375 0.384375 0.01015625 0.02109375
6 0.07421875 0.02578125 0.034375 0.0515625
3 0.2765625 0.6703125 0.01640625 0.03046875
4 0.2421875 0.80546875 0.00859375 0.01796875
4 0.22421875 0.834375 0.01328125 0.0140625
4 0.2265625 0.81953125 0.0109375 0.0109375
4 0.23203125 0.80078125 0.01015625 0.01015625
4 0.23359375 0.790625 0.0109375 0.00859375
4 0.2421875 0.76953125 0.0109375 0.01171875
4 0.30703125 0.584375 0.009375 0.021875
4 0.23671875 0.23828125 0.009375 0.01328125
4 0.29609375 0.1390625 0.009375 0.015625
4 0.33125 0.05625 0.00703125 0.01875
4 0.32421875 0.06640625 0.01171875 0.0109375
4 0.34453125 0.065625 0.009375 0.015625
4 0.3546875 0.04609375 0.00859375 0.02109375
4 0.34375 0.0375 0.0109375 0.0203125
4 0.36328125 0.0578125 0.0109375 0.01640625
4 0.359375 0.084375 0.00703125 0.01796875
4 0.36328125 0.0921875 0.00703125 0.01640625
4 0.3765625 0.078125 0.009375 0.01640625
4 0.37265625 0.0734375 0.009375 0.015625
4 0.3796875 0.09921875 0.00859375 0.01640625
4 0.36640625 0.11328125 0.00625 0.01484375
4 0.36015625 0.11171875 0.00859375 0.01484375
4 0.31171875 0.08359375 0.01328125 0.01640625
4 0.31796875 0.09375 0.01015625 0.015625
4 0.32421875 0.09296875 0.00625 0.01640625
4 0.33125 0.0765625 0.00703125 0.0140625
4 0.384375 0.1125 0.00859375 0.01796875
4 0.3765625 0.11640625 0.00703125 0.01796875
4 0.378125 0.13828125 0.00703125 0.0203125
4 0.34921875 0.090625 0.009375 0.015625
4 0.33984375 0.10078125 0.00625 0.02109375
4 0.3453125 0.10546875 0.00703125 0.01640625
4 0.34921875 0.13359375 0.00625 0.01640625
4 0.34375 0.13125 0.00625 0.01796875
4 0.3390625 0.121875 0.00859375 0.015625
4 0.4140625 0.271875 0.00859375 0.01796875
4 0.40859375 0.2609375 0.00703125 0.01953125
4 0.390625 0.18828125 0.009375 0.01640625
4 0.40390625 0.734375 0.01171875 0.00859375
4 0.43828125 0.28828125 0.00546875 0.0203125
4 0.43125 0.284375 0.00546875 0.01640625
4 0.39453125 0.2296875 0.009375 0.01640625
4 0.484375 0.26328125 0.009375 0.02109375
4 0.4734375 0.2765625 0.009375 0.01875
4 0.5140625 0.24140625 0.00859375 0.01328125
4 0.51875 0.259375 0.01171875 0.01484375
3 0.521875 0.21484375 0.0203125 0.03203125