0 0.034375 0.57109375 0.0234375 0.0265625
0 0.05546875 0.4421875 0.0203125 0.01953125
0 0.17421875 0.56171875 0.01953125 0.0296875
0 0.2203125 0.546875 0.01796875 0.02109375
0 0.265625 0.4390625 0.015625 0.01875
0 0.2875 0.5390625 0.01640625 0.02890625
4 0.0140625 0.465625 0.015625 0.0203125
4 0.05390625 0.46171875 0.0203125 0.01953125
4 0.09375 0.5296875 0.01328125 0.01796875
4 0.084375 0.54921875 0.01171875 0.01484375
4 0.0984375 0.56171875 0.01328125 0.009375
4 0.12109375 0.53046875 0.01328125 0.0140625
4 0.115625 0.5453125 0.009375 0.01796875
4 0.13984375 0.53828125 0.015625 0.01328125
4 0.12890625 0.5609375 0.0140625 0.02109375
4 0.21015625 0.53125 0.0109375 0.0109375
4 0.1984375 0.55 0.0140625 0.02109375
4 0.21953125 0.5703125 0.01796875 0.01640625
4 0.22421875 0.46640625 0.0140625 0.0234375
4 0.2375 0.44921875 0.01015625 0.01953125
4 0.24921875 0.4609375 0.01328125 0.0140625
4 0.25234375 0.5609375 0.01796875 0.0203125
2 0.24296875 0.53203125 0.0203125 0.01640625
2 0.31640625 0.4609375 0.025 0.02578125
2 0.41875 0.4640625 0.025 0.01640625
2 0.39140625 0.53359375 0.0203125 0.021875
2 0.33828125 0.53125 0.028125 0.0234375
2 0.5265625 0.52421875 0.021875 0.01875
4 0.28203125 0.46484375 0.01484375 0.02421875
4 0.28828125 0.44921875 0.01171875 0.01953125
4 0.31875 0.421875 0.01015625 0.01484375
4 0.340625 0.428125 0.01015625 0.01953125
4 0.33125 0.43984375 0.01484375 0.01953125
4 0.36484375 0.4390625 0.01328125 0.01796875
4 0.34921875 0.43515625 0.0109375 0.01953125
4 0.371875 0.421875 0.01328125 0.01484375
4 0.39140625 0.43203125 0.0140625 0.01328125
4 0.38125 0.44375 0.01328125 0.021875
4 0.41328125 0.41875 0.0109375 0.015625
4 0.43359375 0.43671875 0.0140625 0.01484375
4 0.46484375 0.440625 0.0109375 0.01875
4 0.47265625 0.42421875 0.01171875 0.01171875
4 0.478125 0.43046875 0.01015625 0.01640625
0 0.40390625 0.4359375 0.01484375 0.01953125
0 0.40546875 0.5640625 0.01640625 0.0203125
0 0.47734375 0.528125 0.015625 0.015625
0 0.56328125 0.53515625 0.015625 0.01640625
0 0.59609375 0.5390625 0.01640625 0.02109375
0 0.58359375 0.559375 0.01640625 0.0203125
4 0.5625 0.553125 0.00703125 0.0203125
4 0.51875 0.553125 0.0140625 0.015625
4 0.478125 0.55859375 0.01484375 0.0140625
4 0.54296875 0.534375 0.0109375 0.01796875
4 0.58046875 0.4453125 0.01171875 0.01796875
4 0.628125 0.44296875 0.01640625 0.01171875
4 0.62578125 0.45234375 0.01796875 0.01171875
4 0.653125 0.41171875 0.009375 0.0140625
4 0.62890625 0.5484375 0.0109375 0.01953125
4 0.66796875 0.5359375 0.01640625 0.01796875
4 0.671875 0.559375 0.01171875 0.01953125
4 0.71875 0.56328125 0.0140625 0.0203125
4 0.73125 0.45078125 0.01796875 0.02578125
4 0.7421875 0.4203125 0.01796875 0.025
4 0.76640625 0.42578125 0.01640625 0.01484375
4 0.7875 0.41796875 0.0140625 0.01484375
4 0.81015625 0.415625 0.01328125 0.01796875
4 0.79375 0.44921875 0.01796875 0.015625
4 0.8234375 0.4453125 0.01484375 0.01796875
4 0.82421875 0.42578125 0.0109375 0.01875
4 0.85859375 0.40859375 0.01171875 0.01640625
4 0.90625 0.41875 0.01953125 0.01640625
4 0.82578125 0.54140625 0.01796875 0.02421875
4 0.87578125 0.53359375 0.01640625 0.02109375
4 0.959375 0.55078125 0.01171875 0.01796875
4 0.97578125 0.55078125 0.01953125 0.015625
4 0.96796875 0.41171875 0.01796875 0.015625
0 0.7109375 0.43984375 0.01953125 0.0203125
1 0.94453125 0.51796875 0.06015625 0.03125
6 0.89921875 0.44765625 0.04140625 0.03125
4 0.58046875 0.5453125 0.0140625 0.01796875
4 0.99296875 0.5015625 0.0140625 0.025