3 0.01640625 0.509375 0.02578125 0.0234375
2 0.01015625 0.56015625 0.0203125 0.0296875
5 0.1 0.5390625 0.0609375 0.021875
5 0.1328125 0.67890625 0.040625 0.02421875
5 0.159375 0.646875 0.03984375 0.02109375
2 0.14375 0.6078125 0.01796875 0.01328125
4 0.14296875 0.6234375 0.009375 0.00859375
4 0.24140625 0.571875 0.00859375 0.01015625
5 0.21953125 0.48984375 0.040625 0.01640625
6 0.2390625 0.46640625 0.03125 0.01875
5 0.290625 0.6390625 0.03203125 0.01953125
3 0.3015625 0.55 0.02421875 0.01640625
4 0.41875 0.590625 0.01171875 0.01796875
2 0.3546875 0.29140625 0.01875 0.01875
4 0.5125 0.4140625 0.01015625 0.01171875
2 0.51875 0.33125 0.00859375 0.0296875
2 0.53046875 0.33046875 0.01015625 0.0296875
2 0.57109375 0.321875 0.00703125 0.02578125
2 0.58046875 0.3234375 0.009375 0.02421875
6 0.50546875 0.62578125 0.02890625 0.01640625
6 0.5015625 0.60546875 0.02578125 0.01953125
2 0.58046875 0.59296875 0.015625 0.01484375
4 0.6015625 0.61484375 0.00859375 0.00703125
3 0.58828125 0.6296875 0.01171875 0.01171875
0 0.64453125 0.565625 0.01484375 0.0140625
6 0.63359375 0.48046875 0.03359375 0.021875
3 0.67421875 0.49921875 0.0203125 0.015625
6 0.709375 0.5515625 0.03828125 0.0234375
2 0.73203125 0.6609375 0.00859375 0.02421875
0 0.7609375 0.61171875 0.01328125 0.01171875
0 0.83515625 0.6109375 0.0140625 0.01484375
4 0.865625 0.58359375 0.0109375 0.01484375
2 0.83359375 0.528125 0.01640625 0.01484375
4 0.840625 0.459375 0.015625 0.01640625
1 0.6734375 0.38828125 0.04609375 0.02421875
5 0.73203125 0.38828125 0.04609375 0.021875
4 0.72265625 0.4109375 0.0109375 0.01171875
0 0.8703125 0.38671875 0.01484375 0.01171875
3 0.92578125 0.409375 0.015625 0.0203125
2 0.93046875 0.46015625 0.02109375 0.01484375
6 0.91796875 0.4859375 0.0296875 0.021875
5 0.90078125 0.64765625 0.040625 0.02421875