4 0.0609375 0.60390625 0.015625 0.01796875
4 0.0265625 0.5984375 0.0140625 0.01796875
2 0.04609375 0.5734375 0.0265625 0.02578125
2 0.00703125 0.053125 0.0140625 0.04140625
2 0.03046875 0.25390625 0.01953125 0.0484375
2 0.01171875 0.28203125 0.01953125 0.046875
2 0.14375 0.278125 0.021875 0.04453125
0 0.18828125 0.39140625 0.01875 0.0203125
4 0.56171875 0.334375 0.01484375 0.01640625
4 0.5765625 0.50703125 0.01875 0.0234375
4 0.7234375 0.51953125 0.015625 0.021875
2 0.77421875 0.23203125 0.0296875 0.03046875
2 0.76328125 0.15078125 0.0265625 0.0265625
2 0.9640625 0.46875 0.03125 0.03203125
2 0.8984375 0.31328125 0.03046875 0.0265625
2 0.9796875 0.30390625 0.0296875 0.021875