2 0.96875 0.484375 0.025 0.01796875
2 0.978125 0.33125 0.0203125 0.01640625
2 0.89453125 0.33671875 0.025 0.01640625
2 0.7640625 0.1703125 0.02421875 0.0234375
2 0.7734375 0.253125 0.0265625 0.01796875
4 0.7859375 0.50390625 0.01171875 0.009375
2 0.49609375 0.37109375 0.0234375 0.01953125
4 0.321875 0.5765625 0.0109375 0.0109375
4 0.25625 0.3734375 0.009375 0.009375
4 0.20703125 0.58671875 0.0109375 0.01015625
0 0.19140625 0.38125 0.01796875 0.01640625
2 0.14921875 0.26953125 0.0234375 0.03515625
2 0.171875 0.5484375 0.025 0.01953125
2 0.14375 0.521875 0.02578125 0.01953125
2 0.14375 0.55078125 0.02578125 0.0203125
2 0.13515625 0.57421875 0.02109375 0.0234375
2 0.115625 0.52421875 0.01953125 0.01953125
2 0.0875 0.52890625 0.02578125 0.0203125
2 0.11171875 0.5578125 0.02421875 0.01796875
2 0.0953125 0.58125 0.025 0.028125
2 0.08125 0.55859375 0.02421875 0.01796875
2 0.06015625 0.5203125 0.0234375 0.01875
2 0.0609375 0.53984375 0.0234375 0.0203125
2 0.05390625 0.56171875 0.0234375 0.01484375
2 0.03515625 0.5421875 0.028125 0.01875
0 0.03359375 0.52265625 0.0203125 0.01484375
0 0.05625 0.58203125 0.01796875 0.01484375
0 0.128125 0.61640625 0.01953125 0.0109375
4 0.11328125 0.57109375 0.01015625 0.00859375
4 0.0734375 0.58125 0.01015625 0.01015625
4 0.0265625 0.56875 0.01015625 0.00859375
4 0.03125 0.578125 0.01015625 0.00625
4 0.03984375 0.584375 0.009375 0.00546875
4 0.04609375 0.59296875 0.01015625 0.00546875
4 0.0203125 0.615625 0.0109375 0.00546875
4 0.0328125 0.4609375 0.0109375 0.00703125
2 0.01171875 0.0546875 0.01953125 0.04140625
4 0.08828125 0.07109375 0.00703125 0.02578125
4 0.01640625 0.01953125 0.009375 0.01875
4 0.00703125 0.0140625 0.00703125 0.0203125
6 0.065625 0.340625 0.02578125 0.06171875