2 0.359375 0.28984375 0.01796875 0.01484375
2 0.4203125 0.2546875 0.01171875 0.02109375
2 0.409375 0.21875 0.01640625 0.01875
2 0.52578125 0.32734375 0.00625 0.02890625
2 0.5359375 0.32734375 0.00859375 0.0296875
2 0.5765625 0.31875 0.00703125 0.025
2 0.5859375 0.31875 0.00859375 0.02421875
2 0.98671875 0.87578125 0.0109375 0.02578125
2 0.96796875 0.90859375 0.009375 0.0265625
2 0.7390625 0.65546875 0.00859375 0.02421875
6 0.90703125 0.63828125 0.03984375 0.0203125
5 0.73671875 0.38125 0.04609375 0.01953125
6 0.68203125 0.384375 0.04140625 0.01953125
6 0.2984375 0.63828125 0.03046875 0.01953125
6 0.16640625 0.64453125 0.0390625 0.01953125
6 0.14375 0.67890625 0.0390625 0.025
4 0.56640625 0.27890625 0.0046875 0.0140625
3 0.77734375 0.8546875 0.021875 0.01796875
3 0.7359375 0.89921875 0.009375 0.03515625
4 0.54375 0.2796875 0.00390625 0.0140625
4 0.5609375 0.29296875 0.00390625 0.01484375
4 0.58671875 0.28125 0.0046875 0.01484375
4 0.59765625 0.30546875 0.00390625 0.01484375
4 0.5859375 0.23984375 0.00390625 0.01484375
4 0.5515625 0.228125 0.003125 0.01015625
4 0.559375 0.22734375 0.0046875 0.01171875
4 0.60078125 0.24140625 0.003125 0.01328125
4 0.5359375 0.27890625 0.00390625 0.01328125
4 0.43203125 0.27421875 0.00390625 0.01328125
4 0.59296875 0.24296875 0.00390625 0.01328125
4 0.54921875 0.2796875 0.003125 0.0140625
4 0.55703125 0.29609375 0.003125 0.01328125
4 0.56484375 0.2953125 0.003125 0.01171875
0 0.8421875 0.64609375 0.01484375 0.01484375
2 0.69921875 0.64921875 0.00546875 0.02421875
2 0.69296875 0.63125 0.00625 0.02421875
2 0.68515625 0.63671875 0.00625 0.021875
2 0.69296875 0.65703125 0.00625 0.01953125
0 0.840625 0.60390625 0.01171875 0.00859375
2 0.2765625 0.53125 0.01484375 0.01328125
2 0.5953125 0.62421875 0.0109375 0.01171875
6 0.51171875 0.62421875 0.02890625 0.021875
2 0.51015625 0.26875 0.00859375 0.02421875
2 0.60703125 0.6046875 0.0140625 0.01484375
3 0.6859375 0.59453125 0.0203125 0.0140625
2 0.99453125 0.92734375 0.01015625 0.025
5 0.06796875 0.55859375 0.06171875 0.01875
2 0.31015625 0.41171875 0.01796875 0.01484375
2 0.628125 0.45625 0.01640625 0.0140625
4 0.58671875 0.29765625 0.003125 0.0140625
4 0.603125 0.30078125 0.003125 0.01171875
4 0.56484375 0.2296875 0.003125 0.0140625
3 0.9171875 0.40703125 0.01953125 0.01640625
2 0.8 0.56796875 0.015625 0.015625
4 0.97890625 0.60546875 0.009375 0.00859375
4 0.43359375 0.61640625 0.00703125 0.00859375
6 0.4984375 0.5453125 0.04375 0.0203125
0 0.5109375 0.60546875 0.01484375 0.009375
4 0.4171875 0.56328125 0.00703125 0.01015625
2 0.8765625 0.48359375 0.01484375 0.01328125
4 0.93046875 0.38046875 0.00703125 0.00625
4 0.9296875 0.38984375 0.00703125 0.00546875
1 0.725 0.41171875 0.02890625 0.02109375
3 0.55703125 0.453125 0.00859375 0.00859375
2 0.5390625 0.48046875 0.01640625 0.01328125
3 0.5765625 0.49453125 0.01484375 0.0140625
2 0.0359375 0.540625 0.01640625 0.01328125
2 0.1015625 0.5359375 0.01328125 0.0140625
2 0.04609375 0.5765625 0.0140625 0.01015625
2 0.103125 0.60390625 0.0140625 0.01328125
2 0.14765625 0.60390625 0.01640625 0.01484375
2 0.18125 0.5390625 0.0140625 0.0140625
6 0.86796875 0.93671875 0.01171875 0.03828125