2 0.534375 0.59609375 0.025 0.0453125
2 0.553125 0.4515625 0.0296875 0.03671875
2 0.6015625 0.38046875 0.02890625 0.03359375
0 0.55859375 0.32890625 0.0203125 0.02890625
0 0.421875 0.3765625 0.01484375 0.03515625
0 0.40703125 0.43046875 0.0140625 0.03359375
0 0.4234375 0.48828125 0.01484375 0.0265625
0 0.43984375 0.62890625 0.01796875 0.0265625
0 0.34140625 0.63203125 0.0140625 0.03359375
0 0.359375 0.78125 0.01484375 0.03671875
0 0.7359375 0.77109375 0.0140625 0.03203125
2 0.68203125 0.73125 0.025 0.03828125
2 0.79921875 0.90703125 0.0203125 0.03515625
2 0.3265625 0.378125 0.0140625 0.0453125
2 0.23203125 0.18671875 0.0203125 0.034375
2 0.19375 0.1234375 0.02421875 0.03671875
2 0.309375 0.11015625 0.02109375 0.034375
3 0.253125 0.79921875 0.01875 0.0390625
2 0.51953125 0.27734375 0.02578125 0.0390625
2 0.55078125 0.24921875 0.0265625 0.03046875
2 0.62421875 0.1609375 0.01640625 0.04609375
2 0.6609375 0.15078125 0.0265625 0.02890625
2 0.72421875 0.96171875 0.02578125 0.02421875
2 0.759375 0.634375 0.025 0.03828125
0 0.559375 0.50234375 0.01640625 0.028125
0 0.7203125 0.1890625 0.01953125 0.0234375
4 0.27421875 0.8546875 0.0140625 0.02109375
4 0.303125 0.8796875 0.01171875 0.0234375
4 0.31484375 0.93046875 0.01171875 0.02109375
4 0.32734375 0.81328125 0.009375 0.02890625
4 0.3453125 0.79609375 0.01015625 0.02578125
4 0.315625 0.69375 0.0109375 0.021875
4 0.2984375 0.69765625 0.01171875 0.0234375
4 0.33203125 0.68046875 0.01328125 0.02421875
4 0.37890625 0.60859375 0.0140625 0.02421875
4 0.38046875 0.559375 0.01171875 0.01875
4 0.3578125 0.54296875 0.01015625 0.025
4 0.33984375 0.56484375 0.01328125 0.02421875
4 0.3296875 0.5953125 0.0109375 0.01953125
4 0.3234375 0.57890625 0.01171875 0.02421875
4 0.31328125 0.61953125 0.01171875 0.02421875
4 0.32890625 0.63046875 0.0109375 0.02578125
4 0.38203125 0.47890625 0.0140625 0.0265625
4 0.36796875 0.384375 0.01484375 0.028125
4 0.396875 0.36640625 0.01328125 0.028125
4 0.39453125 0.39375 0.00703125 0.02421875
4 0.38671875 0.4046875 0.01015625 0.02421875
4 0.4484375 0.4125 0.0140625 0.01953125
4 0.48203125 0.440625 0.00859375 0.0296875
4 0.5046875 0.41640625 0.01328125 0.02578125
4 0.52421875 0.4265625 0.015625 0.0234375
4 0.51953125 0.50546875 0.01171875 0.01640625
4 0.54140625 0.5046875 0.01015625 0.02109375
4 0.58515625 0.47890625 0.0109375 0.0203125
4 0.58515625 0.44609375 0.0109375 0.01953125
4 0.47265625 0.56796875 0.009375 0.01796875
4 0.50546875 0.59765625 0.0109375 0.01796875
4 0.55859375 0.571875 0.01328125 0.021875
4 0.5609375 0.61328125 0.009375 0.01953125
4 0.621875 0.628125 0.0109375 0.02109375
4 0.63984375 0.61015625 0.01171875 0.01875
4 0.615625 0.571875 0.01796875 0.01953125
4 0.56640625 0.69609375 0.015625 0.02109375
4 0.59140625 0.703125 0.01015625 0.01953125
4 0.5859375 0.7328125 0.01015625 0.0203125
4 0.60546875 0.73984375 0.01171875 0.015625
4 0.60546875 0.77734375 0.0109375 0.0203125
4 0.34296875 0.3046875 0.01015625 0.01953125
4 0.3703125 0.259375 0.01171875 0.021875
4 0.3265625 0.2671875 0.01171875 0.02109375
4 0.32109375 0.303125 0.01015625 0.02578125
4 0.3390625 0.22734375 0.01171875 0.01953125
4 0.32421875 0.18125 0.01171875 0.02109375
4 0.3296875 0.159375 0.01171875 0.02109375
4 0.27578125 0.10859375 0.01640625 0.021875
4 0.25703125 0.05703125 0.01640625 0.021875
4 0.1765625 0.0484375 0.01484375 0.021875
4 0.25078125 0.0234375 0.0140625 0.021875
4 0.48125 0.3546875 0.015625 0.015625
4 0.4890625 0.3203125 0.01171875 0.02109375
4 0.46171875 0.33984375 0.009375 0.01953125
4 0.440625 0.35625 0.0109375 0.01640625
4 0.44453125 0.31796875 0.0109375 0.025
4 0.59609375 0.31328125 0.01328125 0.025
4 0.60546875 0.26875 0.01328125 0.02578125
4 0.66484375 0.215625 0.00859375 0.015625
4 0.65234375 0.20703125 0.01171875 0.02109375
3 0.19140625 0.2046875 0.02421875 0.03984375
3 0.2546875 0.23515625 0.01875 0.03125
3 0.21328125 0.25078125 0.021875 0.040625
3 0.23515625 0.284375 0.025 0.04375
6 0.19375 0.253125 0.0265625 0.0546875
4 0.1765625 0.1109375 0.01015625 0.0203125
2 0.40546875 0.14296875 0.02109375 0.03515625
4 0.32890625 0.5203125 0.009375 0.0203125
4 0.29375 0.453125 0.01015625 0.0140625
4 0.30390625 0.43125 0.00703125 0.01796875
4 0.4265625 0.6609375 0.01484375 0.0140625
4 0.42421875 0.7078125 0.0109375 0.01015625
4 0.32421875 0.71328125 0.0109375 0.02421875
2 0.328125 0.9171875 0.01640625 0.034375
6 0.5640625 0.9515625 0.0390625 0.059375
3 0.5203125 0.70625 0.02578125 0.0390625
3 0.63203125 0.50859375 0.0203125 0.03203125
3 0.6671875 0.56171875 0.01875 0.03046875
3 0.68671875 0.58828125 0.021875 0.04140625
3 0.70625 0.63515625 0.021875 0.034375
3 0.72890625 0.67734375 0.0203125 0.03203125
3 0.671875 0.43671875 0.02578125 0.03203125
3 0.73671875 0.3875 0.02578125 0.03359375
3 0.8109375 0.33359375 0.025 0.0296875
2 0.846875 0.39296875 0.0265625 0.0390625
3 0.83828125 0.31328125 0.03203125 0.040625
3 0.86796875 0.33828125 0.03359375 0.0609375
3 0.82421875 0.45 0.03203125 0.0640625
2 0.86640625 0.2890625 0.02421875 0.03203125
4 0.80546875 0.09296875 0.015625 0.015625
4 0.84140625 0.09375 0.0140625 0.0140625
4 0.8734375 0.06015625 0.01328125 0.01640625
4 0.90703125 0.05078125 0.01484375 0.01640625
4 0.8796875 0.090625 0.0140625 0.01640625
4 0.90078125 0.15078125 0.01171875 0.01484375
4 0.87578125 0.16875 0.01328125 0.015625
4 0.8421875 0.25234375 0.01484375 0.015625
4 0.9546875 0.18046875 0.01640625 0.01640625
4 0.98125 0.134375 0.015625 0.015625
4 0.94453125 0.01328125 0.0140625 0.01328125
4 0.89765625 0.3609375 0.01171875 0.01953125
3 0.80625 0.50625 0.01640625 0.03046875
4 0.76171875 0.7125 0.01171875 0.0265625
4 0.7765625 0.70390625 0.0140625 0.021875
4 0.70546875 0.75546875 0.0109375 0.015625
4 0.659375 0.80703125 0.01171875 0.015625
4 0.66875 0.82734375 0.01171875 0.01640625
4 0.69609375 0.85625 0.01171875 0.01796875
4 0.77109375 0.878125 0.009375 0.015625
4 0.73828125 0.88125 0.01171875 0.01796875
4 0.728125 0.88359375 0.01171875 0.01953125
4 0.70859375 0.93125 0.01171875 0.015625
4 0.70078125 0.9140625 0.00859375 0.01875
4 0.70625 0.9734375 0.009375 0.01796875
4 0.73203125 0.92578125 0.01171875 0.01640625
4 0.71953125 0.93125 0.0109375 0.02109375
4 0.7515625 0.93828125 0.01171875 0.0203125
4 0.7484375 0.91796875 0.0140625 0.01640625
4 0.7765625 0.953125 0.01328125 0.02421875
4 0.79921875 0.9703125 0.0140625 0.01953125
4 0.79453125 0.99140625 0.01171875 0.01640625
4 0.8390625 0.95390625 0.01171875 0.01953125
4 0.8671875 0.98359375 0.01328125 0.01875
4 0.42109375 0.42734375 0.00859375 0.0234375
4 0.415625 0.453125 0.00859375 0.01953125
4 0.3953125 0.44453125 0.00859375 0.01640625
4 0.39921875 0.41328125 0.00859375 0.0203125
4 0.41328125 0.47578125 0.01171875 0.0140625
4 0.44453125 0.49375 0.01015625 0.02109375
4 0.43203125 0.5015625 0.00859375 0.01953125
4 0.40703125 0.509375 0.01171875 0.02421875
4 0.3828125 0.51484375 0.01171875 0.01796875
4 0.38203125 0.53203125 0.0140625 0.015625
4 0.45703125 0.56953125 0.01328125 0.01875
4 0.29609375 0.6359375 0.009375 0.01953125
4 0.6796875 0.3609375 0.0140625 0.01953125
4 0.63828125 0.43125 0.01484375 0.01796875
4 0.6484375 0.4609375 0.01328125 0.015625
4 0.33203125 0.059375 0.00703125 0.0203125
4 0.34453125 0.0421875 0.00859375 0.01796875
4 0.34375 0.0140625 0.009375 0.0140625
4 0.3546875 0.05078125 0.009375 0.01796875
4 0.36484375 0.06015625 0.009375 0.01640625
4 0.34453125 0.071875 0.01015625 0.015625
4 0.33671875 0.06640625 0.00859375 0.0140625
4 0.32578125 0.06953125 0.01015625 0.01015625
4 0.321875 0.0765625 0.009375 0.01171875
4 0.31328125 0.08671875 0.00859375 0.0140625
4 0.37890625 0.1421875 0.00625 0.01796875
4 0.3859375 0.12890625 0.00625 0.015625
4 0.38984375 0.10703125 0.00546875 0.01796875
4 0.37734375 0.08203125 0.00859375 0.01796875
4 0.38046875 0.103125 0.00859375 0.01796875
4 0.378125 0.11875 0.00625 0.015625
4 0.3734375 0.12890625 0.00625 0.01953125
4 0.36875 0.11640625 0.00703125 0.015625
4 0.36484375 0.096875 0.00546875 0.015625
4 0.36015625 0.08828125 0.00859375 0.015625
4 0.340625 0.1265625 0.00859375 0.015625
4 0.3484375 0.13828125 0.00703125 0.01640625
4 0.3609375 0.11640625 0.00625 0.01484375
4 0.34609375 0.1109375 0.00703125 0.01484375
4 0.34140625 0.10390625 0.00703125 0.01640625
4 0.32890625 0.103125 0.00625 0.01640625
4 0.25625 0.16015625 0.0140625 0.02109375
4 0.2203125 0.853125 0.00859375 0.01328125
4 0.2265625 0.83828125 0.01015625 0.01171875
4 0.22890625 0.82578125 0.01328125 0.0109375
4 0.23515625 0.8046875 0.01015625 0.009375
4 0.240625 0.78828125 0.01015625 0.01171875
4 0.24453125 0.771875 0.01171875 0.009375
3 0.27890625 0.67421875 0.015625 0.03203125
4 0.40625 0.7390625 0.0109375 0.0140625
4 0.390625 0.19140625 0.009375 0.01640625
4 0.409375 0.26328125 0.00703125 0.01796875
4 0.43828125 0.2890625 0.00625 0.01875
4 0.46484375 0.278125 0.00546875 0.015625
4 0.4734375 0.2796875 0.00859375 0.01640625
4 0.48125 0.278125 0.00546875 0.02109375
4 0.4859375 0.2640625 0.00625 0.0203125
4 0.503125 0.26171875 0.00625 0.01953125
4 0.4578125 0.32265625 0.00546875 0.02109375
4 0.45078125 0.3 0.01015625 0.01953125
4 0.58984375 0.228125 0.01015625 0.01875
4 0.546875 0.2875 0.01015625 0.015625
4 0.515625 0.246875 0.00703125 0.01796875
4 0.55078125 0.18984375 0.00703125 0.01953125
4 0.55546875 0.184375 0.00703125 0.0203125
4 0.56484375 0.2015625 0.00703125 0.01875
4 0.578125 0.20390625 0.00703125 0.01875
4 0.58359375 0.203125 0.00625 0.01875
4 0.5921875 0.19921875 0.00625 0.01875
4 0.60390625 0.1734375 0.00859375 0.0203125
4 0.596875 0.18046875 0.00625 0.01875
4 0.584375 0.18671875 0.00703125 0.015625
3 0.5234375 0.21875 0.0234375 0.03125
4 0.6109375 0.1328125 0.00703125 0.01875
4 0.6328125 0.14453125 0.00859375 0.0203125
4 0.64375 0.1359375 0.00625 0.01796875
4 0.65 0.13046875 0.00546875 0.01640625
4 0.65703125 0.12890625 0.00546875 0.01953125
4 0.66328125 0.1265625 0.00546875 0.01953125
4 0.68046875 0.13203125 0.01015625 0.0140625
4 0.68359375 0.11171875 0.00625 0.0203125
4 0.69453125 0.10625 0.00546875 0.01953125
4 0.66796875 0.1265625 0.00546875 0.01875
4 0.7734375 0.03515625 0.00703125 0.01953125
4 0.77890625 0.03203125 0.00546875 0.01953125
4 0.753125 0.37578125 0.00859375 0.0203125
3 0.7015625 0.41796875 0.03046875 0.03828125
3 0.690625 0.61171875 0.021875 0.03046875
3 0.71796875 0.65078125 0.02421875 0.03515625
3 0.62890625 0.54375 0.01640625 0.025
3 0.6203125 0.49140625 0.01640625 0.02421875
3 0.671875 0.58046875 0.01484375 0.02578125
4 0.77421875 0.746875 0.01171875 0.01328125
4 0.78125 0.73671875 0.00859375 0.0109375
4 0.78359375 0.728125 0.009375 0.0109375
4 0.78984375 0.709375 0.009375 0.01171875
4 0.79921875 0.6859375 0.009375 0.01875
4 0.8015625 0.67109375 0.01171875 0.0140625
4 0.809375 0.6515625 0.00859375 0.01796875
4 0.82890625 0.60390625 0.01171875 0.01328125
4 0.81796875 0.6375 0.00859375 0.0140625
4 0.78515625 0.55390625 0.01171875 0.01171875
4 0.7796875 0.5640625 0.01171875 0.01328125
4 0.7734375 0.58046875 0.0109375 0.0109375
4 0.790625 0.54453125 0.0140625 0.015625
4 0.7953125 0.52421875 0.0109375 0.01171875
4 0.86875 0.49140625 0.01171875 0.01484375
4 0.86796875 0.4734375 0.01015625 0.01875
4 0.8765625 0.48046875 0.00859375 0.015625
4 0.8921875 0.43671875 0.01015625 0.015625
4 0.89609375 0.428125 0.0140625 0.01328125
4 0.90625 0.39765625 0.01171875 0.02109375
4 0.921875 0.35390625 0.00859375 0.02421875
4 0.928125 0.34375 0.00703125 0.01953125
4 0.93515625 0.33828125 0.009375 0.01953125
4 0.7859375 0.02421875 0.00625 0.01875
6 0.07734375 0.03046875 0.03515625 0.06015625