0 0.40546875 0.61875 0.0203125 0.04453125
4 0.40390625 0.553125 0.01953125 0.02421875
0 0.265625 0.4546875 0.025 0.028125
4 0.24609375 0.4234375 0.01640625 0.01484375
4 0.30546875 0.42109375 0.01796875 0.01953125
2 0.37109375 0.48359375 0.02578125 0.021875
4 0.33125 0.44921875 0.01953125 0.021875
4 0.32578125 0.49921875 0.0140625 0.01953125
4 0.3734375 0.45859375 0.02421875 0.0234375
4 0.1703125 0.60625 0.0234375 0.02421875
2 0.13359375 0.63984375 0.03203125 0.03203125
2 0.03203125 0.6015625 0.028125 0.021875
2 0.0390625 0.684375 0.025 0.0359375
2 0.03046875 0.721875 0.02109375 0.0453125
2 0.0234375 0.76953125 0.01953125 0.04453125
3 0.453125 0.62578125 0.01953125 0.0453125
0 0.43359375 0.65703125 0.01953125 0.03359375
0 0.44453125 0.55859375 0.01484375 0.03671875
4 0.47421875 0.53046875 0.0109375 0.02578125
0 0.4609375 0.52890625 0.0140625 0.03203125
0 0.4625 0.47890625 0.01328125 0.03046875
0 0.47421875 0.5 0.01328125 0.02890625
0 0.56484375 0.425 0.01484375 0.04140625
0 0.52890625 0.453125 0.01796875 0.03359375
0 0.48828125 0.353125 0.01171875 0.03203125
0 0.3234375 0.82890625 0.01640625 0.040625
0 0.42890625 0.9359375 0.02421875 0.046875
0 0.48203125 0.89453125 0.01640625 0.034375
0 0.48359375 0.9640625 0.01015625 0.0390625
0 0.5 0.3875 0.01328125 0.03046875
0 0.465625 0.41328125 0.00859375 0.0390625
4 0.4734375 0.3609375 0.01015625 0.03046875
4 0.4796875 0.31640625 0.009375 0.02890625
4 0.478125 0.39140625 0.00859375 0.021875
0 0.4734375 0.42578125 0.01015625 0.02890625
3 0.48671875 0.4265625 0.01484375 0.05546875
0 0.50625 0.19453125 0.01640625 0.040625
0 0.484375 0.2484375 0.0140625 0.02578125
4 0.47578125 0.259375 0.00703125 0.02890625
4 0.503125 0.28671875 0.009375 0.02109375
0 0.49296875 0.284375 0.01015625 0.0296875
4 0.51796875 0.12578125 0.015625 0.0234375
0 0.51484375 0.0828125 0.015625 0.0359375
2 0.48359375 0.128125 0.02421875 0.046875
0 0.53125 0.05078125 0.01875 0.04296875
4 0.54609375 0.01328125 0.01015625 0.0265625
2 0.509375 0.03203125 0.0203125 0.0390625
4 0.36953125 0.35859375 0.0109375 0.02578125
4 0.3859375 0.35625 0.009375 0.02109375
4 0.39921875 0.3515625 0.00703125 0.021875
4 0.40390625 0.31328125 0.00859375 0.0265625
4 0.41796875 0.34609375 0.009375 0.0203125
4 0.4140625 0.30703125 0.00703125 0.01875
4 0.43125 0.30625 0.0109375 0.01875
4 0.421875 0.27578125 0.01015625 0.01796875
4 0.45234375 0.31484375 0.0109375 0.01875
4 0.44921875 0.37265625 0.01484375 0.0234375
4 0.459375 0.3265625 0.01171875 0.0203125
4 0.44453125 0.24375 0.01328125 0.01640625
4 0.45625 0.25625 0.01171875 0.0203125
4 0.44609375 0.275 0.01171875 0.015625
4 0.440625 0.28828125 0.01328125 0.01875
0 0.46328125 0.2765625 0.01484375 0.0359375
4 0.4703125 0.17109375 0.01484375 0.01328125
4 0.47421875 0.15859375 0.01640625 0.01484375
2 0.59921875 0.04296875 0.0265625 0.059375
0 0.58828125 0.09453125 0.01640625 0.03828125
4 0.603125 0.1234375 0.01015625 0.02421875
4 0.59375 0.11796875 0.00859375 0.021875
6 0.57265625 0.165625 0.04140625 0.11171875
1 0.53125 0.234375 0.02890625 0.11015625
4 0.55078125 0.2234375 0.01328125 0.01640625
4 0.54453125 0.23984375 0.00859375 0.021875
4 0.540625 0.26640625 0.0109375 0.025
0 0.58125 0.29921875 0.015625 0.040625
4 0.5390625 0.31796875 0.01875 0.01875
4 0.55625 0.30078125 0.009375 0.01953125
0 0.59453125 0.1984375 0.01328125 0.03046875
0 0.578125 0.2640625 0.01328125 0.03359375
4 0.56796875 0.2609375 0.0109375 0.03125
4 0.61015625 0.30703125 0.01015625 0.0265625
4 0.61171875 0.33359375 0.01015625 0.02109375
4 0.62109375 0.30859375 0.01171875 0.01484375
4 0.621875 0.32421875 0.00859375 0.015625
4 0.621875 0.3421875 0.0140625 0.01875
4 0.63046875 0.36875 0.01171875 0.021875
4 0.715625 0.396875 0.0140625 0.0296875
2 0.765625 0.4296875 0.034375 0.02578125
4 0.79921875 0.33671875 0.01171875 0.03046875
4 0.7859375 0.39140625 0.00859375 0.0265625
4 0.79296875 0.3890625 0.009375 0.03125
4 0.81171875 0.33671875 0.00859375 0.02578125
4 0.81953125 0.3484375 0.00859375 0.028125
4 0.8390625 0.3859375 0.01015625 0.03203125
4 0.940625 0.334375 0.01328125 0.03359375
4 0.8546875 0.32421875 0.0109375 0.025
4 0.840625 0.33125 0.01015625 0.03046875
4 0.859375 0.384375 0.00625 0.025
2 0.86328125 0.46953125 0.028125 0.0296875
4 0.8734375 0.3859375 0.00859375 0.025
4 0.90078125 0.38203125 0.00859375 0.02421875
4 0.90859375 0.38203125 0.009375 0.0265625
4 0.93359375 0.3765625 0.0109375 0.028125
4 0.89609375 0.32890625 0.009375 0.028125
4 0.9140625 0.328125 0.01171875 0.0234375
2 0.94453125 0.4140625 0.0234375 0.03515625
2 0.90234375 0.4671875 0.02890625 0.02578125
2 0.93359375 0.44921875 0.02890625 0.02890625
2 0.9859375 0.4515625 0.02578125 0.0265625
2 0.940625 0.56484375 0.03203125 0.0203125
4 0.8890625 0.446875 0.01875 0.0140625
4 0.90703125 0.43984375 0.0140625 0.021875
4 0.96015625 0.58046875 0.015625 0.01796875
4 0.85859375 0.565625 0.01640625 0.01484375
2 0.83828125 0.5359375 0.0265625 0.028125
1 0.790625 0.5203125 0.059375 0.034375
4 0.80078125 0.49375 0.01640625 0.01640625
4 0.77421875 0.49921875 0.01875 0.0109375
4 0.7453125 0.4890625 0.0140625 0.01875
4 0.7234375 0.48203125 0.0140625 0.01484375
4 0.73359375 0.50078125 0.009375 0.01796875
2 0.7203125 0.50625 0.021875 0.01953125
2 0.74140625 0.5328125 0.02890625 0.02421875
2 0.76328125 0.55390625 0.0234375 0.02109375
2 0.7328125 0.55703125 0.025 0.021875
2 0.7484375 0.57421875 0.0265625 0.01875
0 0.7890625 0.54921875 0.0203125 0.015625
0 0.771875 0.5734375 0.01953125 0.01875
4 0.8078125 0.54375 0.01171875 0.01484375
4 0.821875 0.58125 0.01484375 0.0203125
4 0.8328125 0.59453125 0.015625 0.02109375
4 0.80546875 0.559375 0.01328125 0.0140625
4 0.8015625 0.58046875 0.01171875 0.01640625
4 0.77109375 0.59296875 0.01171875 0.01875
4 0.7828125 0.55859375 0.0140625 0.01484375
4 0.74765625 0.596875 0.01171875 0.01640625
0 0.815625 0.64375 0.01171875 0.03125
4 0.834375 0.65390625 0.00859375 0.0234375
4 0.8265625 0.65859375 0.00703125 0.0234375
4 0.771875 0.65390625 0.01640625 0.015625
4 0.7703125 0.671875 0.01953125 0.01796875
4 0.7359375 0.62421875 0.01796875 0.01953125
4 0.73671875 0.64140625 0.0140625 0.01640625
4 0.73828125 0.65625 0.01640625 0.01328125
2 0.765625 0.70625 0.021875 0.04609375
2 0.740625 0.840625 0.02578125 0.04140625
2 0.6421875 0.471875 0.03046875 0.0296875
0 0.61953125 0.49375 0.01796875 0.02890625
4 0.59453125 0.53203125 0.0140625 0.01953125
4 0.63515625 0.509375 0.01328125 0.02109375
2 0.6578125 0.51171875 0.0234375 0.0234375
2 0.6515625 0.53984375 0.02890625 0.025
4 0.67578125 0.50546875 0.0140625 0.01328125
4 0.6765625 0.51484375 0.01484375 0.01875
2 0.6828125 0.53203125 0.02109375 0.025
2 0.709375 0.534375 0.025 0.025
2 0.703125 0.55625 0.0234375 0.0203125
4 0.69921875 0.5109375 0.01484375 0.01796875
4 0.63046875 0.559375 0.0140625 0.01875
4 0.62890625 0.58828125 0.01328125 0.01796875
4 0.65703125 0.575 0.01171875 0.01484375
2 0.65625 0.55859375 0.02890625 0.0203125
4 0.68203125 0.578125 0.015625 0.0109375
4 0.64375 0.58359375 0.0109375 0.01796875
4 0.07890625 0.39765625 0.02421875 0.0296875
4 0.0515625 0.41484375 0.01875 0.021875