2 0.04609375 0.9703125 0.02109375 0.04140625
2 0.09609375 0.875 0.01875 0.02890625
2 0.16171875 0.8515625 0.01796875 0.02890625
2 0.18203125 0.7984375 0.01875 0.03125
2 0.21171875 0.9828125 0.01875 0.034375
2 0.23125 0.953125 0.02109375 0.04296875
2 0.24296875 0.70546875 0.01953125 0.0265625
2 0.25078125 0.7203125 0.01875 0.03046875
2 0.259375 0.68828125 0.01875 0.025
2 0.26640625 0.70234375 0.015625 0.0234375
2 0.2828125 0.68046875 0.0203125 0.025
2 0.2984375 0.6625 0.01796875 0.0203125
2 0.29453125 0.64609375 0.01796875 0.025
2 0.3140625 0.64609375 0.01640625 0.0234375
2 0.32578125 0.8296875 0.01796875 0.02578125
2 0.33203125 0.6234375 0.01796875 0.025
2 0.32734375 0.6109375 0.01484375 0.025
2 0.34609375 0.59921875 0.01640625 0.03125
2 0.396875 0.43984375 0.01640625 0.03203125
2 0.42421875 0.53203125 0.01875 0.03671875
2 0.45703125 0.60234375 0.01640625 0.0265625
2 0.33046875 0.321875 0.015625 0.03359375
2 0.33671875 0.28359375 0.01484375 0.03359375
2 0.31796875 0.23203125 0.01484375 0.03125
2 0.26875 0.10390625 0.01640625 0.0296875
2 0.24375 0.0625 0.01796875 0.03203125
2 0.30078125 0.02109375 0.01875 0.0359375
2 0.3234375 0.0140625 0.01640625 0.028125
2 0.33359375 0.01328125 0.0203125 0.02578125
2 0.38203125 0.18203125 0.01953125 0.03828125
2 0.4171875 0.22421875 0.0203125 0.03046875
2 0.42421875 0.25703125 0.01484375 0.02421875
2 0.41640625 0.265625 0.01640625 0.03515625
2 0.415625 0.29375 0.01171875 0.02578125
2 0.4265625 0.29296875 0.01796875 0.03671875
2 0.43828125 0.29140625 0.01875 0.03359375
2 0.43984375 0.26328125 0.01796875 0.0296875
2 0.6015625 0.3734375 0.02109375 0.0234375
2 0.58359375 0.20078125 0.01484375 0.03359375
2 0.5546875 0.2234375 0.0140625 0.0359375
2 0.55625 0.0578125 0.01015625 0.0359375
2 0.5921875 0.06484375 0.0203125 0.0234375
2 0.5671875 0.1390625 0.01328125 0.03515625
2 0.64140625 0.31171875 0.01953125 0.02109375
2 0.796875 0.16875 0.01171875 0.03203125
2 0.80859375 0.1765625 0.01796875 0.03125
2 0.8234375 0.14375 0.015625 0.03828125
2 0.871875 0.08359375 0.01640625 0.03046875
2 0.90390625 0.13359375 0.01796875 0.0296875
2 0.94140625 0.01171875 0.02578125 0.0234375
2 0.92734375 0.228125 0.0203125 0.0296875
2 0.9359375 0.21328125 0.0203125 0.03359375
2 0.946875 0.20859375 0.01640625 0.03203125
2 0.871875 0.19765625 0.021875 0.034375
2 0.8203125 0.253125 0.0203125 0.02578125
2 0.8046875 0.26640625 0.01875 0.02421875
2 0.78671875 0.26953125 0.025 0.02890625
2 0.78671875 0.2875 0.0203125 0.03046875
2 0.75078125 0.31015625 0.015625 0.0234375
2 0.75625 0.32421875 0.0140625 0.0203125
2 0.73046875 0.33359375 0.01875 0.028125
2 0.74140625 0.34375 0.01875 0.01953125
2 0.7390625 0.3625 0.01796875 0.021875
2 0.72734375 0.36015625 0.021875 0.028125
2 0.7109375 0.353125 0.01875 0.028125
2 0.70859375 0.38203125 0.01796875 0.02578125
2 0.68125 0.3890625 0.0140625 0.02578125
2 0.6859375 0.40390625 0.01640625 0.028125
2 0.6671875 0.41328125 0.015625 0.03125
2 0.59296875 0.64296875 0.01484375 0.03359375
2 0.86875 0.75078125 0.01796875 0.03203125
2 0.88359375 0.7609375 0.01328125 0.0296875
2 0.90703125 0.778125 0.015625 0.03046875
2 0.94375 0.82421875 0.01640625 0.03046875
2 0.95234375 0.840625 0.01953125 0.0234375
2 0.96171875 0.8609375 0.01953125 0.021875
2 0.9734375 0.878125 0.0203125 0.02109375
2 0.98046875 0.90546875 0.021875 0.025
2 0.94140625 0.9875 0.01796875 0.025
2 0.9109375 0.9625 0.01953125 0.028125
2 0.90703125 0.97578125 0.01875 0.0265625
2 0.884375 0.93984375 0.0203125 0.02421875
2 0.8578125 0.9140625 0.0203125 0.0296875
2 0.85859375 0.8921875 0.01875 0.025
2 0.78828125 0.83046875 0.0203125 0.03203125
2 0.709375 0.7515625 0.01796875 0.02421875
2 0.659375 0.72890625 0.01796875 0.0234375
2 0.628125 0.71875 0.0203125 0.01953125
2 0.60703125 0.7234375 0.021875 0.02109375
2 0.59296875 0.6984375 0.021875 0.021875
2 0.53984375 0.69296875 0.02421875 0.021875
2 0.56015625 0.6640625 0.01875 0.0203125
2 0.56796875 0.63515625 0.0140625 0.03203125
2 0.54140625 0.6578125 0.01640625 0.0234375
2 0.5203125 0.66328125 0.01640625 0.02890625
2 0.50703125 0.63203125 0.021875 0.03046875
2 0.49453125 0.69609375 0.02109375 0.02890625
2 0.55546875 0.78125 0.02109375 0.0296875
2 0.37421875 0.9625 0.01875 0.0390625
2 0.3296875 0.95703125 0.01953125 0.02578125
4 0.0953125 0.9265625 0.01015625 0.01796875
4 0.05625 0.86796875 0.01015625 0.01328125
4 0.0609375 0.88203125 0.009375 0.01328125
4 0.06953125 0.86953125 0.00859375 0.01015625
4 0.08203125 0.85625 0.00625 0.0140625
4 0.0859375 0.8515625 0.00546875 0.01484375
4 0.090625 0.85 0.0046875 0.01640625
4 0.09453125 0.84609375 0.00546875 0.0140625
4 0.10859375 0.83203125 0.00625 0.01875
4 0.11328125 0.8265625 0.00546875 0.0140625
4 0.115625 0.825 0.00859375 0.015625
4 0.11796875 0.81796875 0.00703125 0.01171875
4 0.1953125 0.94609375 0.01171875 0.02109375
4 0.2015625 0.75390625 0.01015625 0.01953125
4 0.21171875 0.74609375 0.009375 0.01953125
4 0.26484375 0.66875 0.01015625 0.015625
4 0.28203125 0.65234375 0.01015625 0.0140625
4 0.30859375 0.6265625 0.009375 0.01171875
4 0.31640625 0.62421875 0.01015625 0.01484375
4 0.359375 0.76875 0.01171875 0.01171875
4 0.3734375 0.7484375 0.01328125 0.015625
4 0.446875 0.62578125 0.01328125 0.02109375
4 0.4484375 0.67265625 0.0109375 0.01953125
4 0.47578125 0.64140625 0.00703125 0.01796875
4 0.484375 0.6546875 0.01171875 0.01015625
4 0.46953125 0.5921875 0.01015625 0.01796875
4 0.378125 0.91796875 0.01328125 0.01640625
4 0.41953125 0.55859375 0.0109375 0.0203125
4 0.28671875 0.16328125 0.01015625 0.02421875
4 0.259375 0.1125 0.01015625 0.01875
4 0.2515625 0.10703125 0.01015625 0.01953125
4 0.32109375 0.040625 0.01015625 0.01953125
4 0.3703125 0.08046875 0.00859375 0.015625
4 0.39140625 0.1390625 0.00859375 0.0140625
4 0.396875 0.15390625 0.009375 0.01171875
4 0.39609375 0.13125 0.00859375 0.01015625
4 0.3984375 0.1375 0.00859375 0.0109375
4 0.40234375 0.14296875 0.00546875 0.01015625
4 0.4046875 0.146875 0.00703125 0.00859375
4 0.40859375 0.13671875 0.00703125 0.01015625
4 0.40546875 0.1578125 0.00859375 0.01015625
4 0.4109375 0.1640625 0.00703125 0.0109375
4 0.41796875 0.15703125 0.00625 0.0109375
4 0.42109375 0.16171875 0.00546875 0.009375
4 0.4140625 0.17421875 0.00625 0.01171875
4 0.41796875 0.178125 0.0046875 0.0140625
4 0.42421875 0.17421875 0.00546875 0.0109375
4 0.4296875 0.18125 0.00703125 0.0109375
4 0.43671875 0.1890625 0.00625 0.0140625
4 0.4375 0.1984375 0.00703125 0.00859375
4 0.4265625 0.27265625 0.00703125 0.01171875
4 0.4484375 0.2875 0.00546875 0.01484375
4 0.44609375 0.29296875 0.00625 0.01171875
4 0.559375 0.38828125 0.0109375 0.01328125
4 0.5890625 0.34140625 0.00625 0.021875
4 0.59140625 0.28671875 0.009375 0.01484375
4 0.61328125 0.3484375 0.01015625 0.01015625
4 0.584375 0.23828125 0.00859375 0.01328125
4 0.55703125 0.171875 0.00859375 0.01796875
4 0.75078125 0.221875 0.00625 0.01328125
4 0.7546875 0.21875 0.00703125 0.01484375
4 0.8453125 0.16875 0.00859375 0.01640625
4 0.81328125 0.159375 0.00703125 0.01328125
4 0.81171875 0.14921875 0.00703125 0.01875
4 0.89296875 0.19140625 0.009375 0.01796875
4 0.8390625 0.2421875 0.00859375 0.02109375
4 0.81953125 0.27578125 0.009375 0.015625
4 0.80390625 0.29140625 0.01015625 0.01640625
4 0.74453125 0.328125 0.009375 0.0140625
4 0.75078125 0.34765625 0.01171875 0.0109375
4 0.74921875 0.36484375 0.00859375 0.01328125
4 0.72578125 0.3734375 0.00859375 0.01171875
4 0.72578125 0.38203125 0.00625 0.01015625
4 0.71953125 0.38046875 0.00859375 0.00703125
4 0.715625 0.396875 0.00859375 0.00546875
4 0.71171875 0.390625 0.00703125 0.01171875
4 0.71796875 0.3890625 0.00703125 0.00703125
4 0.703125 0.3984375 0.00625 0.00859375
4 0.70625 0.40546875 0.00703125 0.00703125
4 0.696875 0.3984375 0.00703125 0.009375
4 0.69609375 0.4078125 0.00546875 0.00859375
4 0.68984375 0.4109375 0.00625 0.01328125
4 0.69375 0.4234375 0.00859375 0.009375
4 0.68046875 0.41953125 0.00859375 0.009375
4 0.68359375 0.425 0.00625 0.01171875
4 0.6875 0.43125 0.00546875 0.01015625
4 0.6828125 0.44140625 0.00703125 0.01015625
4 0.66953125 0.4609375 0.00625 0.009375
4 0.66171875 0.484375 0.00859375 0.0109375
4 0.65546875 0.49296875 0.01015625 0.021875
4 0.653125 0.53046875 0.00703125 0.01484375
4 0.671875 0.56640625 0.00703125 0.01796875
4 0.63984375 0.58671875 0.00859375 0.00703125
4 0.67890625 0.603125 0.0109375 0.01640625
4 0.68125 0.509375 0.00546875 0.01953125
4 0.68203125 0.4859375 0.0046875 0.01796875
4 0.81796875 0.715625 0.00546875 0.01640625
4 0.821875 0.71796875 0.00625 0.01484375
4 0.825 0.72109375 0.00546875 0.01484375
4 0.834375 0.7296875 0.0046875 0.0140625
4 0.84453125 0.7390625 0.00546875 0.0140625
4 0.85078125 0.74375 0.00625 0.0140625
4 0.85546875 0.74921875 0.0046875 0.01171875
4 0.91328125 0.7953125 0.0046875 0.01796875
4 0.9421875 0.85234375 0.009375 0.0234375
4 0.95078125 0.85859375 0.00859375 0.01484375
4 0.98203125 0.8546875 0.009375 0.0109375
4 0.97421875 0.86328125 0.00859375 0.01015625
4 0.98671875 0.87421875 0.00625 0.01875
4 0.871875 0.91796875 0.0109375 0.01484375
4 0.8296875 0.89453125 0.01015625 0.01875
4 0.81875 0.86328125 0.01328125 0.02109375
4 0.68125 0.77578125 0.009375 0.009375
4 0.66796875 0.70390625 0.00859375 0.01171875
4 0.5859375 0.74609375 0.0140625 0.0140625
4 0.575 0.64765625 0.00625 0.0203125
4 0.58203125 0.66171875 0.00859375 0.01875
4 0.5640625 0.67890625 0.00859375 0.00859375
4 0.54921875 0.678125 0.01015625 0.01171875
4 0.54375 0.63203125 0.01015625 0.0140625
4 0.56484375 0.6875 0.01171875 0.009375
4 0.565625 0.70078125 0.009375 0.01015625
4 0.57421875 0.70078125 0.01015625 0.01171875
4 0.52890625 0.7125 0.01015625 0.01171875
4 0.52578125 0.7515625 0.00625 0.021875
4 0.60078125 0.50390625 0.00859375 0.025
4 0.26328125 0.90859375 0.01015625 0.0203125
0 0.1109375 0.8640625 0.015625 0.025
0 0.3984375 0.78203125 0.01640625 0.01796875
0 0.27578125 0.66796875 0.01328125 0.025
0 0.33671875 0.59296875 0.01171875 0.0203125
0 0.45078125 0.57421875 0.0140625 0.02578125
0 0.459375 0.628125 0.01171875 0.02109375
0 0.46640625 0.73203125 0.009375 0.025
0 0.4984375 0.73359375 0.015625 0.02109375
0 0.54140625 0.621875 0.01171875 0.01875
0 0.34765625 0.44609375 0.009375 0.021875
0 0.3578125 0.40078125 0.01015625 0.02578125
0 0.35546875 0.1078125 0.0140625 0.025
0 0.42578125 0.31171875 0.01171875 0.02109375
0 0.60703125 0.28984375 0.0140625 0.0203125
0 0.60390625 0.259375 0.0140625 0.0234375
0 0.709375 0.271875 0.01640625 0.02109375
0 0.77421875 0.23671875 0.01484375 0.021875
0 0.896875 0.1984375 0.01328125 0.01875
0 0.76328125 0.33046875 0.01171875 0.0203125
0 0.69921875 0.3796875 0.01796875 0.01953125
0 0.6734375 0.44140625 0.01171875 0.0203125
0 0.66796875 0.43515625 0.015625 0.0234375
0 0.7578125 0.65 0.01484375 0.02421875
0 0.828125 0.76328125 0.01484375 0.02109375
0 0.8734375 0.76796875 0.01171875 0.0234375
0 0.89765625 0.771875 0.01171875 0.0234375
3 0.828125 0.915625 0.021875 0.03046875
3 0.3390625 0.04453125 0.025 0.05
3 0.34921875 0.61953125 0.0234375 0.03671875
3 0.2890625 0.63359375 0.015625 0.03203125
1 0.30390625 0.8234375 0.04921875 0.07578125
1 0.21953125 0.76484375 0.05 0.0703125
1 0.31953125 0.58828125 0.040625 0.06953125
1 0.38984375 0.70546875 0.04609375 0.03359375
1 0.62890625 0.69921875 0.05390625 0.03984375
1 0.7 0.65 0.03515625 0.05859375
1 0.70078125 0.77109375 0.0515625 0.05390625