2 0.040625 0.05234375 0.01796875 0.05
4 0.01484375 0.009375 0.01015625 0.01875
2 0.20703125 0.57421875 0.025 0.0203125
2 0.14453125 0.265625 0.0203125 0.0515625
5 0.0140625 0.23828125 0.028125 0.08515625
5 0.06171875 0.334375 0.0296875 0.078125
6 0.0703125 0.55078125 0.05078125 0.03046875
2 0.2125 0.51875 0.025 0.01875
2 0.14609375 0.553125 0.02421875 0.0203125
5 0.17578125 0.525 0.02578125 0.025
2 0.11484375 0.56328125 0.02578125 0.01796875
2 0.0859375 0.52109375 0.03046875 0.025
2 0.115625 0.51953125 0.0234375 0.02109375
2 0.11328125 0.54375 0.0265625 0.01796875
2 0.028125 0.52109375 0.028125 0.01953125
2 0.05703125 0.51875 0.02421875 0.02109375
2 0.03046875 0.55546875 0.025 0.0203125
0 0.0140625 0.59453125 0.01640625 0.0140625
0 0.040625 0.590625 0.0140625 0.01484375
0 0.071875 0.58671875 0.01796875 0.01640625
0 0.18671875 0.37578125 0.01796875 0.01640625
0 0.14375 0.51875 0.02890625 0.0203125
4 0.05546875 0.5890625 0.0109375 0.009375
4 0.02421875 0.57421875 0.01328125 0.009375
4 0.04375 0.578125 0.01171875 0.01171875
4 0.05546875 0.578125 0.01015625 0.009375
4 0.08515625 0.57578125 0.00703125 0.00859375
4 0.0296875 0.590625 0.009375 0.0109375
2 0.17421875 0.565625 0.0265625 0.01796875
2 0.49453125 0.365625 0.02421875 0.02421875
0 0.178125 0.5453125 0.01640625 0.01796875
4 0.0265625 0.60390625 0.0140625 0.01171875
4 0.56328125 0.3390625 0.0109375 0.01171875
2 0.89765625 0.3359375 0.02578125 0.021875
2 0.97890625 0.33203125 0.03125 0.025
2 0.7734375 0.25078125 0.02890625 0.02890625
2 0.7640625 0.16875 0.02890625 0.0265625
3 0.115625 0.58125 0.01796875 0.01796875
0 0.096875 0.58359375 0.015625 0.01640625
4 0.02578125 0.53671875 0.015625 0.0109375
4 0.190625 0.60625 0.0140625 0.0140625
4 0.04453125 0.60703125 0.0140625 0.0140625
0 0.31796875 0.4359375 0.01796875 0.01484375
4 0.1734375 0.59296875 0.01484375 0.0140625
4 0.221875 0.4390625 0.015625 0.02109375
4 0.47578125 0.421875 0.0140625 0.01484375
4 0.02109375 0.18359375 0.009375 0.021875
2 0.075 0.10078125 0.0203125 0.040625
2 0.00859375 0.1484375 0.0171875 0.040625
4 0.07578125 0.4546875 0.01796875 0.01640625
2 0.05 0.16953125 0.01796875 0.04609375
2 0.0390625 0.21953125 0.0203125 0.040625
4 0.9265625 0.37109375 0.01484375 0.01875
2 0.15546875 0.45703125 0.0265625 0.021875
4 0.24140625 0.4453125 0.01484375 0.02109375
2 0.65859375 0.44296875 0.02890625 0.02421875
4 0.590625 0.38984375 0.01484375 0.01171875