0 0.0265625 0.809375 0.01796875 0.01796875
2 0.0453125 0.74296875 0.02109375 0.01640625
2 0.0890625 0.73984375 0.02109375 0.0203125
4 0.0484375 0.896875 0.015625 0.01484375
0 0.1046875 0.934375 0.0203125 0.02109375
0 0.134375 0.9734375 0.01640625 0.02109375
2 0.17265625 0.834375 0.021875 0.0203125
4 0.14375 0.725 0.01328125 0.01171875
4 0.17265625 0.80625 0.01875 0.01640625
4 0.23046875 0.82109375 0.01171875 0.01484375
4 0.265625 0.8984375 0.0109375 0.01171875
5 0.215625 0.68125 0.0546875 0.025
5 0.27265625 0.67578125 0.05546875 0.02890625
0 0.24609375 0.7046875 0.0140625 0.01796875
0 0.32890625 0.80078125 0.01484375 0.01953125
0 0.5 0.9625 0.0140625 0.01484375
4 0.3765625 0.78046875 0.0140625 0.01640625
2 0.39453125 0.83671875 0.0234375 0.021875
2 0.434375 0.840625 0.01953125 0.025
2 0.47421875 0.80625 0.02421875 0.03828125
2 0.49609375 0.83203125 0.021875 0.025
2 0.50546875 0.8015625 0.01796875 0.03984375
4 0.50546875 0.8515625 0.01015625 0.01640625
4 0.42421875 0.7609375 0.01171875 0.01796875
4 0.43828125 0.73828125 0.009375 0.01640625
4 0.46015625 0.78125 0.01171875 0.0109375
4 0.48125 0.778125 0.00703125 0.0140625
4 0.50625 0.765625 0.01328125 0.01015625
2 0.55078125 0.75234375 0.01875 0.034375
4 0.565625 0.86875 0.0109375 0.01484375
4 0.5921875 0.871875 0.0109375 0.00859375
4 0.65625 0.80703125 0.0109375 0.00546875
4 0.603125 0.7046875 0.01015625 0.0140625
4 0.628125 0.6953125 0.01015625 0.01484375
4 0.6828125 0.77578125 0.01328125 0.00859375
4 0.7203125 0.79609375 0.01171875 0.01015625
4 0.74296875 0.71953125 0.01171875 0.009375
4 0.7328125 0.87890625 0.0140625 0.0140625
2 0.7421875 0.91953125 0.021875 0.021875
2 0.81328125 0.8359375 0.02578125 0.025
4 0.8375 0.81796875 0.01015625 0.00859375
4 0.8375 0.803125 0.01171875 0.01484375
3 0.8640625 0.74453125 0.021875 0.02578125
4 0.88515625 0.725 0.0109375 0.01015625
0 0.90859375 0.7390625 0.01328125 0.0203125
2 0.9328125 0.84296875 0.0234375 0.02109375
4 0.4640625 0.471875 0.00703125 0.021875
4 0.471875 0.571875 0.01171875 0.01796875
4 0.478125 0.60234375 0.00703125 0.01953125
4 0.48203125 0.675 0.00546875 0.02578125
4 0.459375 0.35078125 0.00859375 0.01796875
0 0.51875 0.2171875 0.009375 0.02578125