2 0.05390625 0.61328125 0.03125 0.0265625
2 0.02109375 0.43203125 0.02578125 0.0203125
2 0.065625 0.48203125 0.025 0.01953125
4 0.0515625 0.50078125 0.01171875 0.0109375
2 0.05078125 0.45078125 0.0234375 0.01875
2 0.084375 0.43203125 0.021875 0.01953125
2 0.08046875 0.4546875 0.025 0.02109375
4 0.1 0.49375 0.0109375 0.01015625
2 0.1109375 0.425 0.0203125 0.01484375
4 0.12890625 0.42265625 0.0140625 0.009375
3 0.1078125 0.45390625 0.0203125 0.015625
2 0.11953125 0.47578125 0.025 0.01953125
2 0.13359375 0.44140625 0.02109375 0.0203125
0 0.14609375 0.42265625 0.01640625 0.01484375
2 0.146875 0.46171875 0.0234375 0.015625
2 0.15390625 0.4875 0.021875 0.015625
2 0.17421875 0.465625 0.0234375 0.01953125
0 0.17578125 0.4859375 0.01640625 0.01171875
2 0.19453125 0.4828125 0.0203125 0.01484375
2 0.20703125 0.45625 0.02109375 0.01640625
2 0.17890625 0.440625 0.025 0.015625
3 0.20390625 0.434375 0.0203125 0.015625
0 0.20234375 0.41953125 0.01640625 0.01171875
0 0.203125 0.40234375 0.01640625 0.01328125
4 0.21875 0.396875 0.01015625 0.01171875
4 0.1796875 0.39375 0.01171875 0.00703125
4 0.1671875 0.396875 0.01171875 0.009375
2 0.17109375 0.41796875 0.021875 0.028125
2 0.24921875 0.39921875 0.02578125 0.021875
2 0.16328125 0.68828125 0.01328125 0.03671875
0 0.22109375 0.64765625 0.01640625 0.0203125
4 0.2421875 0.68125 0.00625 0.01953125
0 0.28125 0.64296875 0.009375 0.025
0 0.26640625 0.75703125 0.0109375 0.02421875
2 0.2890625 0.76640625 0.01015625 0.0390625
0 0.303125 0.76796875 0.0109375 0.028125
2 0.29296875 0.69921875 0.01171875 0.0390625
4 0.3015625 0.71953125 0.00546875 0.01640625
2 0.2953125 0.6359375 0.01015625 0.040625
2 0.31015625 0.66953125 0.0140625 0.04453125
2 0.3015625 0.5203125 0.01640625 0.03125
3 0.32109375 0.52734375 0.01484375 0.03515625
2 0.30859375 0.5765625 0.01875 0.040625
2 0.328125 0.57890625 0.01484375 0.03671875
2 0.3546875 0.5125 0.01875 0.03359375
0 0.33671875 0.48828125 0.01171875 0.0234375
0 0.32578125 0.45390625 0.01875 0.0234375
2 0.3203125 0.39140625 0.01484375 0.015625
4 0.35390625 0.41171875 0.01171875 0.0109375
4 0.3640625 0.40078125 0.0109375 0.009375
2 0.35859375 0.4484375 0.02109375 0.02421875
4 0.36171875 0.46640625 0.01015625 0.01015625
2 0.38125 0.48203125 0.02109375 0.02890625
0 0.3859375 0.45859375 0.01328125 0.01484375
4 0.39296875 0.421875 0.009375 0.00859375
0 0.37890625 0.43125 0.0140625 0.01640625
4 0.40390625 0.40078125 0.01015625 0.01015625
0 0.41171875 0.43125 0.01484375 0.01484375
2 0.42109375 0.45703125 0.021875 0.01875
4 0.43046875 0.42109375 0.009375 0.01328125
4 0.4375 0.40703125 0.01015625 0.01015625
2 0.4484375 0.43671875 0.0234375 0.01796875
2 0.46171875 0.45703125 0.021875 0.01875
4 0.45703125 0.41875 0.01015625 0.01015625
4 0.4640625 0.403125 0.01171875 0.01015625
2 0.2875 0.8625 0.01640625 0.04453125
0 0.2828125 0.9359375 0.015625 0.028125
2 0.37421875 0.70390625 0.01875 0.03515625
4 0.35859375 0.79453125 0.01171875 0.0234375
4 0.390625 0.66953125 0.01171875 0.02109375
4 0.49140625 0.42109375 0.01171875 0.015625
4 0.50390625 0.44453125 0.009375 0.01015625
2 0.51953125 0.42578125 0.025 0.01875
0 0.54921875 0.42578125 0.01640625 0.01640625
4 0.54453125 0.44296875 0.01171875 0.01171875
4 0.5265625 0.396875 0.01171875 0.0109375
4 0.55078125 0.39140625 0.0109375 0.0109375
4 0.56796875 0.3953125 0.01015625 0.0109375
0 0.59921875 0.40703125 0.02109375 0.0203125
4 0.61328125 0.38046875 0.01171875 0.009375
2 0.634375 0.41875 0.02109375 0.01796875
4 0.6234375 0.4375 0.01015625 0.01171875
2 0.65703125 0.4390625 0.02421875 0.01875
2 0.60078125 0.3640625 0.021875 0.01640625
2 0.67578125 0.390625 0.0234375 0.01796875
4 0.71484375 0.38671875 0.01015625 0.01015625
3 0.75390625 0.36875 0.01953125 0.0203125
4 0.79375 0.3515625 0.01015625 0.01171875
2 0.85859375 0.40625 0.02421875 0.021875
4 0.91640625 0.36875 0.0140625 0.01171875
4 0.93046875 0.38125 0.0109375 0.0109375
4 0.94921875 0.37265625 0.01328125 0.01171875
0 0.9875 0.38671875 0.01875 0.01875
4 0.98828125 0.515625 0.01171875 0.015625
4 0.990625 0.53828125 0.015625 0.0140625
1 0.803125 0.5296875 0.05390625 0.034375
1 0.740625 0.53046875 0.04921875 0.025
1 0.68828125 0.540625 0.0484375 0.0296875
1 0.6390625 0.546875 0.04609375 0.02890625
2 0.428125 0.56171875 0.01640625 0.015625
2 0.4390625 0.58046875 0.01875 0.01484375
2 0.47578125 0.63671875 0.0234375 0.01875
2 0.44921875 0.56171875 0.01875 0.0140625
2 0.47109375 0.59453125 0.01796875 0.0140625
2 0.4640625 0.5765625 0.021875 0.01484375
3 0.53828125 0.5625 0.0234375 0.02109375
2 0.5234375 0.625 0.021875 0.015625
2 0.49296875 0.571875 0.021875 0.01484375
2 0.55703125 0.615625 0.0203125 0.01640625
0 0.54609375 0.59609375 0.015625 0.0140625
2 0.52421875 0.58359375 0.0203125 0.01796875
2 0.5015625 0.5890625 0.01953125 0.0140625
4 0.48515625 0.62109375 0.009375 0.01015625
2 0.5640625 0.5515625 0.02109375 0.01640625
2 0.58828125 0.5484375 0.021875 0.01796875
2 0.56171875 0.57421875 0.0203125 0.01796875
2 0.58828125 0.5734375 0.02109375 0.01875
2 0.5859375 0.59296875 0.02109375 0.01875
2 0.628125 0.57265625 0.01953125 0.01953125
2 0.65390625 0.57109375 0.0203125 0.01640625