4 0.05546875 0.5203125 0.0140625 0.02109375
4 0.0890625 0.5140625 0.01328125 0.015625
4 0.08515625 0.53515625 0.0109375 0.01640625
4 0.11171875 0.53359375 0.0140625 0.01171875
4 0.11171875 0.5546875 0.0140625 0.01171875
4 0.14609375 0.534375 0.01328125 0.00859375
4 0.1390625 0.5203125 0.01640625 0.01328125
4 0.14921875 0.51171875 0.01328125 0.0109375
4 0.16171875 0.55546875 0.015625 0.01953125
4 0.20625 0.53046875 0.0140625 0.0140625
4 0.21015625 0.51796875 0.015625 0.01640625
4 0.24140625 0.51171875 0.0140625 0.01796875
4 0.23984375 0.54296875 0.0140625 0.01484375
4 0.29296875 0.5546875 0.0140625 0.01171875
4 0.32578125 0.5390625 0.01328125 0.01796875
4 0.33828125 0.52578125 0.01484375 0.00859375
4 0.3375 0.55390625 0.01640625 0.0203125
4 0.121875 0.45859375 0.01640625 0.009375
4 0.13125 0.44375 0.01328125 0.01484375
4 0.13203125 0.42421875 0.01484375 0.01171875
4 0.06015625 0.43203125 0.01875 0.01328125
4 0.01796875 0.5375 0.0140625 0.01484375
4 0.009375 0.55625 0.01328125 0.015625
2 0.0265625 0.51875 0.02421875 0.01875
0 0.0453125 0.55 0.01796875 0.0203125
0 0.1296875 0.54296875 0.01640625 0.01796875
4 0.16171875 0.46171875 0.01640625 0.02421875
4 0.184375 0.44375 0.01015625 0.0140625
4 0.20546875 0.44140625 0.01015625 0.01484375
4 0.23359375 0.43359375 0.01484375 0.01875
4 0.34375 0.45390625 0.01875 0.021875
4 0.26953125 0.4109375 0.0140625 0.01171875
4 0.38046875 0.446875 0.01640625 0.0140625
4 0.38671875 0.41953125 0.015625 0.01484375
4 0.4359375 0.46015625 0.01484375 0.02578125
4 0.47109375 0.434375 0.01640625 0.02109375
6 0.41875 0.43046875 0.0265625 0.01953125
4 0.4140625 0.53984375 0.0109375 0.0109375
4 0.4109375 0.52578125 0.01171875 0.01796875
4 0.4671875 0.5609375 0.01875 0.021875
4 0.50234375 0.546875 0.01484375 0.01484375
4 0.5234375 0.46484375 0.01015625 0.01640625
4 0.5453125 0.44375 0.01796875 0.01484375
4 0.60078125 0.446875 0.01640625 0.01875
4 0.60390625 0.43203125 0.0140625 0.01484375
4 0.646875 0.459375 0.0140625 0.0203125
4 0.60078125 0.528125 0.01953125 0.01796875
4 0.56953125 0.55 0.01015625 0.0140625
4 0.559375 0.54140625 0.0109375 0.01171875
4 0.6484375 0.528125 0.015625 0.01640625
4 0.6625 0.5546875 0.0140625 0.015625
0 0.671875 0.43359375 0.01796875 0.01953125
0 0.54453125 0.55546875 0.01640625 0.01484375
1 0.54453125 0.52109375 0.0515625 0.028125
2 0.76796875 0.4609375 0.02109375 0.01953125
2 0.85625 0.453125 0.03125 0.021875
2 0.92421875 0.5203125 0.02421875 0.028125
4 0.74765625 0.44609375 0.0109375 0.0140625
4 0.7546875 0.428125 0.01171875 0.01953125
4 0.81484375 0.43125 0.01796875 0.01953125
4 0.85234375 0.41484375 0.01796875 0.01875
4 0.76796875 0.53359375 0.01328125 0.01953125
4 0.79296875 0.51796875 0.0140625 0.01875
4 0.84140625 0.55 0.01484375 0.0140625
0 0.82578125 0.53359375 0.01796875 0.0203125
0 0.871875 0.521875 0.0203125 0.025
4 0.96875 0.453125 0.02109375 0.01328125
4 0.9890625 0.434375 0.01796875 0.01953125
4 0.9765625 0.41484375 0.01484375 0.01640625
4 0.95234375 0.5359375 0.01640625 0.0140625
4 0.96484375 0.528125 0.01171875 0.015625
4 0.9734375 0.5484375 0.01953125 0.01328125
4 0.95390625 0.5515625 0.01953125 0.01796875
4 0.98515625 0.56328125 0.01484375 0.01640625
4 0.07421875 0.41171875 0.01328125 0.01484375
4 0.11640625 0.40625 0.015625 0.0234375
4 0.00703125 0.4203125 0.0140625 0.025
4 0.10078125 0.52421875 0.0109375 0.01796875
0 0.2796875 0.42890625 0.021875 0.025
6 0.73203125 0.41796875 0.021875 0.025
6 0.88046875 0.553125 0.028125 0.028125
2 0.990625 0.5234375 0.01875 0.025