4 0.00625 0.01953125 0.00859375 0.028125
4 0.003125 0.10078125 0.00625 0.02421875
2 0.04375 0.13984375 0.01484375 0.04140625
2 0.05859375 0.13984375 0.01328125 0.03671875
2 0.0328125 0.1921875 0.01484375 0.03671875
2 0.0484375 0.1859375 0.0140625 0.0453125
2 0.04140625 0.234375 0.0203125 0.04453125
2 0.146875 0.27578125 0.01796875 0.04296875
5 0.01328125 0.26015625 0.02578125 0.08984375
5 0.071875 0.39921875 0.02578125 0.075
4 0.0625 0.2859375 0.01328125 0.025
0 0.18984375 0.38671875 0.01796875 0.025
4 0.1484375 0.5984375 0.02109375 0.01953125
2 0.05703125 0.090625 0.01953125 0.053125
2 0.54140625 0.51953125 0.025 0.02421875
0 0.559375 0.38984375 0.01640625 0.01953125
2 0.496875 0.36953125 0.02578125 0.025
4 0.56484375 0.340625 0.0140625 0.0140625
2 0.7765625 0.24375 0.02890625 0.02578125
2 0.7671875 0.159375 0.02578125 0.0296875
2 0.896875 0.3234375 0.03203125 0.02890625
2 0.9828125 0.3203125 0.02578125 0.028125
2 0.08125 0.01640625 0.01875 0.0328125
0 0.79921875 0.38203125 0.0234375 0.025
4 0.09375 0.396875 0.01328125 0.02421875
0 0.065625 0.57109375 0.0234375 0.02421875
4 0.12265625 0.45390625 0.01484375 0.01953125
2 0.715625 0.49296875 0.03046875 0.03359375