2 0.04765625 0.9609375 0.01796875 0.03125
2 0.040625 0.98515625 0.01796875 0.0296875
2 0.05546875 0.97890625 0.01953125 0.034375
2 0.07421875 0.97109375 0.0203125 0.03359375
2 0.071875 0.95234375 0.0203125 0.034375
2 0.09453125 0.946875 0.0203125 0.02890625
2 0.11953125 0.90390625 0.01953125 0.03515625
2 0.103125 0.878125 0.01875 0.01953125
2 0.13125 0.85859375 0.01796875 0.0265625
2 0.21328125 0.975 0.01640625 0.04140625
2 0.234375 0.9515625 0.0203125 0.03515625
2 0.18359375 0.82109375 0.01640625 0.02578125
2 0.16796875 0.82265625 0.015625 0.02578125
2 0.1671875 0.8015625 0.01640625 0.028125
2 0.1921875 0.778125 0.01875 0.0296875
2 0.22890625 0.7078125 0.01796875 0.02421875
2 0.253125 0.703125 0.01953125 0.02890625
2 0.27109375 0.6984375 0.01796875 0.028125
2 0.26484375 0.66484375 0.01640625 0.0296875
2 0.28828125 0.65546875 0.01875 0.0296875
2 0.3265625 0.8265625 0.01796875 0.028125
2 0.33046875 0.95546875 0.01875 0.025
2 0.37578125 0.9625 0.01875 0.0359375
2 0.46171875 0.70078125 0.01640625 0.03203125
2 0.33359375 0.61640625 0.01875 0.03046875
2 0.33828125 0.56875 0.01640625 0.03046875
2 0.353125 0.57421875 0.01640625 0.03046875
2 0.44140625 0.6140625 0.01796875 0.040625
2 0.41875 0.50234375 0.01953125 0.03125
2 0.4375 0.48046875 0.0203125 0.02578125
2 0.44375 0.43359375 0.01953125 0.03046875
2 0.50546875 0.4 0.015625 0.025
2 0.35859375 0.359375 0.01796875 0.03984375
2 0.33125 0.3140625 0.01640625 0.034375
2 0.3359375 0.009375 0.01875 0.01875
2 0.32421875 0.01015625 0.01640625 0.0203125
2 0.4265625 0.25234375 0.0140625 0.025
2 0.42109375 0.27421875 0.01875 0.03515625
2 0.43828125 0.28515625 0.01640625 0.028125
2 0.53671875 0.3484375 0.0234375 0.025
2 0.54921875 0.4234375 0.02109375 0.0296875
2 0.56640625 0.36953125 0.0203125 0.021875
2 0.5859375 0.196875 0.0140625 0.0296875
2 0.55625 0.21875 0.0140625 0.0390625
2 0.56875 0.134375 0.015625 0.0296875
2 0.55703125 0.05078125 0.015625 0.03359375
2 0.59609375 0.05703125 0.01640625 0.0234375
2 0.64453125 0.3078125 0.0203125 0.02109375
2 0.6765625 0.33203125 0.0203125 0.02421875
2 0.778125 0.24765625 0.01796875 0.0265625
2 0.79921875 0.1609375 0.01953125 0.0390625
2 0.83203125 0.184375 0.0203125 0.03125
2 0.8265625 0.13984375 0.01171875 0.03359375
2 0.86796875 0.20859375 0.01875 0.03515625
2 0.8234375 0.25 0.0203125 0.028125
2 0.87578125 0.07890625 0.01640625 0.034375
2 0.940625 0.009375 0.01484375 0.01875
2 0.98359375 0.03671875 0.0203125 0.03125
2 0.95078125 0.2 0.015625 0.028125
2 0.9421875 0.20546875 0.01796875 0.03359375
2 0.9328125 0.22265625 0.01875 0.028125
2 0.78046875 0.29375 0.01640625 0.02578125
2 0.75390625 0.30625 0.015625 0.02109375
2 0.76015625 0.3203125 0.015625 0.025
2 0.734375 0.328125 0.0234375 0.03359375
2 0.74453125 0.3390625 0.01796875 0.0203125
2 0.74296875 0.35625 0.01796875 0.025
2 0.728125 0.35546875 0.01796875 0.02578125
2 0.71328125 0.35078125 0.01875 0.02578125
2 0.71171875 0.378125 0.01796875 0.0265625
2 0.684375 0.38359375 0.01328125 0.02578125
2 0.68671875 0.3984375 0.01796875 0.03046875
2 0.66953125 0.40859375 0.01640625 0.03046875
2 0.72421875 0.57109375 0.01484375 0.03125
2 0.871875 0.74765625 0.01640625 0.0296875
2 0.8859375 0.759375 0.01171875 0.034375
2 0.9109375 0.77421875 0.01640625 0.03515625
2 0.946875 0.821875 0.01640625 0.03359375
2 0.96640625 0.859375 0.01875 0.0203125
2 0.9765625 0.87578125 0.01953125 0.01953125
2 0.9859375 0.90390625 0.01953125 0.0265625
2 0.8984375 0.93125 0.01640625 0.02421875
2 0.8796875 0.9109375 0.01953125 0.02578125
2 0.8609375 0.890625 0.01796875 0.021875
2 0.85 0.90390625 0.015625 0.021875
2 0.8453125 0.87578125 0.01796875 0.028125
2 0.83203125 0.88671875 0.0203125 0.025
2 0.828125 0.86328125 0.01953125 0.025
2 0.8140625 0.86796875 0.0203125 0.025
2 0.80625 0.846875 0.01640625 0.0234375
2 0.81015625 0.8328125 0.01484375 0.0234375
2 0.7890625 0.8140625 0.01953125 0.02578125
2 0.778125 0.8265625 0.01796875 0.01875
2 0.734375 0.7625 0.01796875 0.02421875
2 0.71796875 0.78671875 0.01796875 0.025
2 0.71328125 0.7625 0.01796875 0.0234375
2 0.71796875 0.74765625 0.015625 0.0203125
2 0.709375 0.725 0.0203125 0.02578125
2 0.6984375 0.734375 0.01953125 0.021875
2 0.69453125 0.7515625 0.02109375 0.0234375
2 0.6921875 0.7640625 0.01796875 0.0203125
2 0.67421875 0.753125 0.01796875 0.025
2 0.55546875 0.77890625 0.0203125 0.02421875
4 0.07421875 0.928125 0.0109375 0.01953125
4 0.06484375 0.87578125 0.009375 0.0140625
4 0.0578125 0.86328125 0.009375 0.01328125
4 0.0765625 0.88046875 0.00703125 0.01328125
4 0.084375 0.85 0.00625 0.0140625
4 0.08828125 0.8453125 0.0046875 0.015625
4 0.09296875 0.84375 0.0046875 0.015625
4 0.096875 0.840625 0.00546875 0.01484375
4 0.11015625 0.828125 0.00703125 0.0140625
4 0.11484375 0.82109375 0.00859375 0.015625
4 0.11875 0.815625 0.00546875 0.0140625
4 0.121875 0.8140625 0.00625 0.01171875
4 0.10546875 0.8984375 0.00859375 0.01328125
4 0.1171875 0.88046875 0.01015625 0.009375
4 0.134375 0.89375 0.01015625 0.0140625
4 0.14375 0.86875 0.01171875 0.01015625
4 0.1515625 0.87421875 0.009375 0.0140625
4 0.146875 0.82265625 0.01015625 0.0109375
4 0.1515625 0.83359375 0.0109375 0.00859375
4 0.153125 0.84296875 0.01015625 0.00703125
4 0.15078125 0.85546875 0.01015625 0.0109375
4 0.15703125 0.82265625 0.009375 0.01015625
4 0.17265625 0.84296875 0.01015625 0.009375
4 0.21640625 0.74921875 0.009375 0.0140625
4 0.2140625 0.7390625 0.00859375 0.01171875
4 0.209375 0.73671875 0.00703125 0.01171875
4 0.24453125 0.728125 0.009375 0.01328125
4 0.31640625 0.6078125 0.00859375 0.01328125
4 0.38828125 0.55 0.01015625 0.01484375
4 0.40625 0.521875 0.009375 0.0140625
4 0.41328125 0.528125 0.009375 0.0140625
4 0.42109375 0.54609375 0.01015625 0.01796875
4 0.434375 0.534375 0.009375 0.01484375
4 0.384375 0.4875 0.01015625 0.01484375
4 0.4234375 0.4734375 0.0109375 0.01171875
4 0.459375 0.46953125 0.0109375 0.01484375
4 0.45390625 0.4390625 0.01015625 0.0140625
4 0.35703125 0.43046875 0.00625 0.01640625
4 0.371875 0.078125 0.009375 0.01015625
4 0.3984375 0.128125 0.00859375 0.009375
4 0.40078125 0.13125 0.00703125 0.00703125
4 0.4046875 0.13828125 0.00703125 0.00859375
4 0.4109375 0.13203125 0.00703125 0.00859375
4 0.40703125 0.14140625 0.00859375 0.00703125
4 0.40859375 0.14609375 0.009375 0.00625
4 0.40703125 0.15625 0.00703125 0.00390625
4 0.41328125 0.15859375 0.00703125 0.01015625
4 0.415625 0.16875 0.00859375 0.01171875
4 0.4203125 0.17265625 0.00546875 0.01328125
4 0.41953125 0.15234375 0.00859375 0.00859375
4 0.4265625 0.16953125 0.00625 0.009375
4 0.43203125 0.175 0.00625 0.00859375
4 0.43828125 0.3 0.00859375 0.01328125
4 0.51640625 0.378125 0.01015625 0.01484375
4 0.52890625 0.38359375 0.0109375 0.0140625
4 0.546875 0.378125 0.01015625 0.015625
4 0.56328125 0.384375 0.0109375 0.01328125
4 0.59296875 0.3140625 0.00703125 0.01953125
4 0.565625 0.21796875 0.00546875 0.01640625
4 0.5796875 0.21875 0.00703125 0.01796875
4 0.58828125 0.221875 0.00546875 0.01640625
4 0.5703125 0.1984375 0.00625 0.01640625
4 0.7046875 0.30234375 0.0109375 0.0140625
4 0.7234375 0.2828125 0.009375 0.01328125
4 0.75859375 0.2484375 0.009375 0.01328125
4 0.771875 0.23359375 0.01015625 0.0140625
4 0.77578125 0.21171875 0.00859375 0.0109375
4 0.81640625 0.15390625 0.00703125 0.01328125
4 0.815625 0.14296875 0.00625 0.0109375
4 0.82578125 0.17109375 0.00859375 0.01328125
4 0.84453125 0.14453125 0.0109375 0.015625
4 0.96328125 0.00546875 0.01015625 0.01015625
4 0.78671875 0.30625 0.00859375 0.015625
4 0.746875 0.3234375 0.00859375 0.01640625
4 0.7328125 0.371875 0.00859375 0.01328125
4 0.72890625 0.3671875 0.00859375 0.01015625
4 0.72421875 0.37578125 0.009375 0.00703125
4 0.72109375 0.38671875 0.00859375 0.0109375
4 0.715625 0.3859375 0.00703125 0.01328125
4 0.7 0.3953125 0.00703125 0.01171875
4 0.69921875 0.4015625 0.00859375 0.01328125
4 0.6921875 0.40625 0.00703125 0.01484375
4 0.68359375 0.41640625 0.00859375 0.0109375
4 0.68671875 0.42109375 0.00703125 0.01484375
4 0.67578125 0.45625 0.01015625 0.01171875
4 0.653125 0.53046875 0.01171875 0.015625
4 0.70625 0.609375 0.009375 0.015625
4 0.7328125 0.6640625 0.0140625 0.01328125
4 0.74609375 0.6609375 0.01015625 0.0140625
4 0.821875 0.7109375 0.00390625 0.01171875
4 0.82421875 0.7140625 0.00390625 0.01328125
4 0.83828125 0.72734375 0.003125 0.01328125
4 0.84375 0.7390625 0.00546875 0.0109375
4 0.84921875 0.7390625 0.0046875 0.01640625
4 0.8546875 0.74140625 0.00703125 0.0140625
4 0.85859375 0.7484375 0.0046875 0.015625
4 0.85546875 0.771875 0.01015625 0.01015625
4 0.87421875 0.81015625 0.01015625 0.0109375
4 0.91640625 0.790625 0.00703125 0.0140625
4 0.928125 0.81640625 0.00859375 0.015625
4 0.89765625 0.8390625 0.01171875 0.015625
4 0.9296875 0.87578125 0.01171875 0.0109375
4 0.9796875 0.8609375 0.009375 0.009375
4 0.98671875 0.8515625 0.01015625 0.00859375
4 0.98984375 0.871875 0.00703125 0.01953125
4 0.96796875 0.9046875 0.0109375 0.01484375
4 0.928125 0.9734375 0.01015625 0.01171875
4 0.85703125 0.90078125 0.009375 0.01484375
4 0.821875 0.890625 0.009375 0.01171875
4 0.81640625 0.88046875 0.01015625 0.009375
4 0.72734375 0.76796875 0.0109375 0.01328125
4 0.72109375 0.7390625 0.00859375 0.01015625
4 0.70546875 0.76796875 0.0109375 0.0140625
4 0.67578125 0.74296875 0.009375 0.01328125
4 0.68046875 0.73515625 0.0109375 0.009375
4 0.684375 0.72734375 0.01015625 0.01015625
4 0.68828125 0.70546875 0.01171875 0.01015625
4 0.59140625 0.728125 0.015625 0.01328125
4 0.5859375 0.75390625 0.01015625 0.01640625
4 0.540625 0.753125 0.01484375 0.01953125
4 0.51171875 0.63046875 0.0109375 0.01484375
4 0.4609375 0.73203125 0.009375 0.02421875
4 0.37109375 0.925 0.0140625 0.0234375
4 0.3296875 0.98984375 0.009375 0.0203125
4 0.265625 0.89375 0.009375 0.01484375
4 0.2640625 0.909375 0.009375 0.01484375
4 0.303125 0.8578125 0.009375 0.01875
0 0.084375 0.92421875 0.015625 0.0265625
0 0.09140625 0.93515625 0.01796875 0.0234375
0 0.10546875 0.9109375 0.01484375 0.0203125
0 0.11328125 0.8953125 0.01796875 0.0234375
0 0.11328125 0.8609375 0.015625 0.02421875
0 0.15703125 0.85390625 0.01796875 0.02421875
0 0.228125 0.734375 0.01640625 0.02421875
0 0.2921875 0.67421875 0.01328125 0.021875
0 0.315625 0.6328125 0.01875 0.02578125
0 0.33125 0.56015625 0.01328125 0.021875
0 0.35546875 0.54921875 0.0140625 0.01640625
0 0.365625 0.53203125 0.0140625 0.01953125
0 0.38671875 0.50078125 0.01171875 0.0203125
0 0.40390625 0.49609375 0.01171875 0.02109375
0 0.3484375 0.44140625 0.009375 0.0265625
0 0.46953125 0.43046875 0.01171875 0.0203125
0 0.428125 0.30703125 0.01171875 0.02578125
0 0.53125 0.334375 0.01171875 0.01484375
0 0.58984375 0.365625 0.0140625 0.02109375
0 0.60859375 0.28515625 0.01015625 0.021875
0 0.60625 0.2546875 0.01171875 0.02578125
0 0.67734375 0.296875 0.015625 0.02421875
0 0.71171875 0.26640625 0.01484375 0.02421875
0 0.903125 0.190625 0.01484375 0.01875
0 0.7671875 0.32578125 0.01015625 0.01875
0 0.7015625 0.37578125 0.01328125 0.01953125
0 0.66953125 0.43125 0.01171875 0.0234375
0 0.6765625 0.4359375 0.0140625 0.021875
0 0.76171875 0.646875 0.0140625 0.021875
0 0.87734375 0.7640625 0.0140625 0.01875
0 0.90078125 0.76953125 0.01171875 0.02421875
0 0.79375 0.83359375 0.01484375 0.0234375
0 0.69140625 0.71796875 0.01796875 0.01875
3 0.3859375 0.52890625 0.02109375 0.025
3 0.34296875 0.03828125 0.025 0.05078125
3 0.8328125 0.91484375 0.02421875 0.03359375
1 0.7734375 0.7828125 0.05078125 0.05390625
1 0.7546875 0.796875 0.04921875 0.0484375
1 0.59921875 0.4625 0.0484375 0.07421875
1 0.50078125 0.4265625 0.0484375 0.0546875
1 0.4484375 0.2609375 0.03515625 0.06640625
1 0.146875 0.9 0.04453125 0.07421875
1 0.10625 0.96171875 0.03671875 0.06640625
1 0.25625 0.89453125 0.03671875 0.059375
6 0.20625 0.78515625 0.0390625 0.05703125