2 0.36640625 0.3734375 0.015625 0.03359375
0 0.41328125 0.24296875 0.01015625 0.0203125
4 0.58046875 0.3390625 0.01171875 0.01640625
2 0.38984375 0.465625 0.01171875 0.03046875
0 0.3453125 0.44375 0.00859375 0.0234375
2 0.32890625 0.31640625 0.01171875 0.03203125
2 0.40625 0.20703125 0.0140625 0.0265625
2 0.43515625 0.27421875 0.0140625 0.028125
2 0.359375 0.10390625 0.01171875 0.03515625
2 0.3546875 0.1296875 0.01328125 0.025
3 0.3360616765625 0.019648051562499998 0.3291610390625 0.027613506249999996 0.345432578125 0.0633505546875 0.351727971875 0.052837456250000005 0.3360616765625 0.019648051562499998
2 0.197729121875 0.9857007859375001 0.205935271875 0.9963213812499999 0.2171254828125 0.9701017640625 0.21003835624999997 0.9591492640625001 0.197729121875 0.9857007859375001
2 0.239692415625 0.9438821484375 0.23111324843749997 0.9332615375 0.21787150312499998 0.959481153125 0.22565525156250002 0.969329828125 0.239692415625 0.9438821484375
0 0.28762381718749996 0.8678784265624999 0.282588221875 0.8625681281249999 0.2745685640625 0.87584388125 0.278267721875 0.8867419312499999 0.28762381718749996 0.8678784265624999
4 0.2484375 0.9296875 0.00859375 0.02421875
2 0.0421875 0.9625 0.015625 0.0296875
2 0.55625 0.053125 0.01171875 0.02890625
2 0.59296875 0.06328125 0.015625 0.02421875
4 0.60703125 0.05234375 0.00703125 0.0203125
2 0.5828125 0.2015625 0.01328125 0.02890625
0 0.603125 0.25859375 0.0109375 0.01796875
0 0.6046875 0.2890625 0.009375 0.01875
4 0.59140625 0.30703125 0.00703125 0.01171875
4 0.61953125 0.34296875 0.01015625 0.01015625
2 0.70390625 0.37109375 0.015625 0.025
2 0.7484375 0.3234375 0.015625 0.034375
4 0.7828125 0.31328125 0.01171875 0.01328125
2 0.87109375 0.08671875 0.01484375 0.03046875
2 0.8234375 0.1484375 0.00859375 0.0359375
4 0.89921875 0.15703125 0.0109375 0.01171875
2 0.79609375 0.16953125 0.01171875 0.0296875
3 0.7886296328125 0.225545090625 0.8046754484375 0.20502156875000002 0.8015414953125 0.19632137656249998 0.7852046296874999 0.21546850625 0.7886296328125 0.225545090625
4 0.800914709375 0.22242195156250003 0.7980314796875 0.2168448984375 0.7898832046875001 0.22576817968750001 0.792916853125 0.23185436718750002 0.800914709375 0.22242195156250003
4 0.6461764734375001 0.3213093890625 0.6490597140625 0.3054705765625 0.6356464046875 0.2998935328125 0.63265309375 0.31344926875 0.6461764734375001 0.3213093890625
6 0.39368425937499996 0.18175147187500001 0.402083246875 0.1659126671875 0.380647028125 0.13133497968750002 0.37250664218749996 0.14424016875 0.39368425937499996 0.18175147187500001
3 0.08513473125 0.9656194609375 0.0802243671875 0.955769046875 0.05906517343749999 0.9834137734375 0.06408039843749999 0.99273764375 0.08513473125 0.9656194609375
6 0.1076791171875 0.9126496843749999 0.10116172500000001 0.8980329328125001 0.074797678125 0.9341498484375 0.0816095578125 0.94871493125 0.1076791171875 0.9126496843749999
3 0.08910901875 0.91233193125 0.08464505781250001 0.9050235531249999 0.07330658281249999 0.9225001031250001 0.0773430328125 0.9286721281249999 0.08910901875 0.91233193125
4 0.0992916578125 0.884870853125 0.0968811171875 0.880104521875 0.0900066140625 0.8918614765624999 0.09288308749999999 0.8967584515624999 0.0992916578125 0.884870853125
4 0.09830958906250001 0.9018707734375001 0.095899046875 0.8971044421875 0.08938165625 0.9055249640625 0.09206003593749999 0.9114034390624999 0.09830958906250001 0.9018707734375001
0 0.115811721875 0.8555791234375001 0.112419103125 0.8485885078125 0.1019734234375 0.8616164796874999 0.10560985781250001 0.8700843328125 0.115811721875 0.8555791234375001
2 0.11536531875 0.87702761875 0.1162581140625 0.8663828125 0.09947360937500001 0.86971924375 0.0995813875 0.88294506875 0.11536531875 0.87702761875
2 0.1240254140625 0.8803640515625 0.11929361406250001 0.8716257781250001 0.10429469218750001 0.8908499828125 0.1101647015625 0.9024743328125 0.1240254140625 0.8803640515625
2 0.1426847859375 0.8779808859375 0.137238753125 0.867494953125 0.12357902031250001 0.886719165625 0.12851804218750001 0.8969966125 0.1426847859375 0.8779808859375
2 0.14125632187499998 0.8525604484375 0.1354531625 0.841597884375 0.12072207812499999 0.8632052546875 0.1253028578125 0.87437124375 0.14125632187499998 0.8525604484375
2 0.156165971875 0.8593921890624999 0.15089848749999998 0.8501772828125 0.13973856875 0.8667005703124999 0.1441920640625 0.8765147015625001 0.156165971875 0.8593921890624999
4 0.14777370625 0.8541492234374999 0.1453631640625 0.8476352421875 0.13759586562499998 0.85859780625 0.1409768796875 0.8641302890624999 0.14777370625 0.8541492234374999
1 0.166088478125 0.8796288171875 0.1600174890625 0.8670774781249999 0.11939540156249999 0.9230024406249999 0.12573423749999998 0.9366659359374999 0.166088478125 0.8796288171875
1 0.22140665781250002 0.8024684296875 0.214442871875 0.788487190625 0.17435646093749999 0.844412153125 0.18197047500000002 0.85841440625 0.22140665781250002 0.8024684296875
2 0.1686425828125 0.839963578125 0.164714296875 0.8307486718750001 0.151411675 0.8493373671875 0.15584710625 0.857223596875 0.1686425828125 0.839963578125
2 0.161232403125 0.83011315625 0.1567684328125 0.8201038578125001 0.14248375156249998 0.8394869453125 0.1474072484375 0.8505550671875 0.161232403125 0.83011315625
2 0.1799810578125 0.8072347625 0.17551708593749998 0.797543221875 0.161321678125 0.8174029421875 0.1654926578125 0.82554808125 0.1799810578125 0.8072347625
2 0.1742698140625 0.7941411281249999 0.1698058515625 0.7831785640625 0.15525332187500002 0.8030382859375 0.1601340171875 0.8122110234375001 0.1742698140625 0.7941411281249999
2 0.1836441390625 0.8208325890625 0.1793587328125 0.8109821734375 0.1663239578125 0.8289353546875 0.1701814671875 0.8376943328124999 0.1836441390625 0.8208325890625
2 0.1982859421875 0.80065511875 0.1935541421875 0.7911224546875 0.1804300859375 0.8071691078125 0.184515828125 0.8160216109375 0.1982859421875 0.80065511875
2 0.1918578328125 0.778729990625 0.1873045890625 0.769038446875 0.1746269328125 0.787627146875 0.178755290625 0.796492346875 0.1918578328125 0.778729990625
0 0.1959274328125 0.7555706890625 0.19351689218749998 0.7500099734375001 0.1842318390625 0.760178146875 0.18665928437499998 0.7683892578125 0.1959274328125 0.7555706890625
2 0.20753373593750002 0.760178146875 0.20262338125 0.74873895 0.18914220312500002 0.7674865203125 0.1944293125 0.777677565625 0.20753373593750002 0.760178146875
2 0.2085158140625 0.737458628125 0.2035161671875 0.7271315796875 0.1919098640625 0.744925884375 0.19657276875000002 0.7545758734375 0.2085158140625 0.737458628125
2 0.22235410312499998 0.7392062859374999 0.218247253125 0.7311035203125 0.20664094843749997 0.747467925 0.210371265625 0.75624300625 0.22235410312499998 0.7392062859374999
1 0.2362816828125 0.7242717796875 0.196998784375 0.778131334375 0.20273520312499999 0.7912527875 0.2433347421875 0.7380941437499999 0.2362816828125 0.7242717796875
2 0.23110836406250002 0.711351578125 0.2185199828125 0.7283514984374999 0.22390183125 0.73623741875 0.23655440468750003 0.7215197515625 0.23110836406250002 0.711351578125
4 0.214680978125 0.72882813125 0.2123597109375 0.7237440421875 0.2073600734375 0.73041690625 0.21010333281250002 0.73623741875 0.214680978125 0.72882813125
4 0.22182331875 0.714370253125 0.219591334375 0.7096039203125 0.21352034375 0.7186599515625 0.2163997359375 0.7243293296875 0.22182331875 0.714370253125
1 0.3391985359375 0.7312299609374999 0.334644571875 0.7143068765625 0.3008917859375 0.7407641046875 0.3057576046875 0.757233178125 0.3391985359375 0.7312299609374999
1 0.2897748 0.769300540625 0.26124565781250003 0.8353244328124999 0.27078708125 0.8454857390624999 0.298079053125 0.7812182046875 0.2897748 0.769300540625
2 0.3314373609375 0.8235294234375001 0.327419171875 0.8135185796875 0.3152306734375 0.8282964953124999 0.3190222859375 0.8394116765625 0.3314373609375 0.8235294234375001
0 0.3588950015625 0.794211953125 0.35527863125 0.7827709890625 0.34469738437499997 0.7930201828125 0.34856634999999997 0.80368189375 0.3588950015625 0.794211953125
2 0.37938776406249997 0.746779628125 0.3755035078125 0.7334318328125 0.3592968203125 0.7453495078125 0.364443771875 0.76294994375 0.37938776406249997 0.746779628125
0 0.40394415625 0.7829006234375 0.4016671875 0.7709829484374999 0.3905501890625 0.7788486125 0.3921790140625 0.7876034921875 0.40394415625 0.7829006234375
0 0.4970449 0.7338156125 0.4957055125 0.7221363000000001 0.4856600390625 0.7269033609375 0.48623766562500004 0.7379390953125 0.4970449 0.7338156125
0 0.46796875 0.67578125 0.01171875 0.01640625
0 0.48671875 0.69140625 0.01171875 0.021875
0 0.53359375 0.75078125 0.01015625 0.01953125
4 0.490625 0.81875 0.01171875 0.01171875
4 0.475 0.78359375 0.00546875 0.01875
4 0.4515625 0.715625 0.00546875 0.01796875
4 0.43125 0.715625 0.00546875 0.0140625
4 0.53203125 0.6609375 0.01015625 0.01328125
4 0.53203125 0.69140625 0.009375 0.0109375
4 0.54296875 0.69765625 0.009375 0.01796875
0 0.54921875 0.3109375 0.00703125 0.02109375
4 0.53359375 0.36640625 0.00859375 0.0109375
4 0.5453125 0.38359375 0.00859375 0.01171875
4 0.565625 0.41953125 0.00859375 0.0109375
4 0.6015625 0.44140625 0.00859375 0.0140625
4 0.59765625 0.490625 0.00703125 0.01171875
4 0.65625 0.5546875 0.00859375 0.01484375
4 0.45078125 0.5921875 0.00859375 0.01953125
4 0.47421875 0.30703125 0.009375 0.01640625
4 0.4515625 0.26875 0.00859375 0.01640625
0 0.44453125 0.31640625 0.0109375 0.01640625
4 0.44296875 0.34296875 0.009375 0.01171875
0 0.48359375 0.33046875 0.01015625 0.015625
2 0.49609375 0.36640625 0.015625 0.0203125
2 0.5171875 0.36953125 0.01796875 0.0203125
0 0.50546875 0.34296875 0.01015625 0.01484375
2 0.51328125 0.39296875 0.01640625 0.02109375
2 0.4796875 0.428125 0.01171875 0.0234375
2 0.46953125 0.4125 0.01640625 0.02421875
2 0.58828125 0.459375 0.0140625 0.02109375
2 0.559375 0.44375 0.0140625 0.025
4 0.54375 0.39609375 0.00859375 0.01171875
3 0.5469730625 0.4282390875 0.5513930703125001 0.4117927015625 0.5315700015625 0.3910559546875 0.5264336703125 0.40672401718750006 0.5469730625 0.4282390875
2 0.9292510406250001 0.0118226609375 0.9350104375000001 0.023025262499999997 0.946663184375 0.0108692390625 0.9426449953124999 0.00157345625 0.9292510406250001 0.0118226609375
2 0.9384009578124999 0.8405997609375 0.9495355515625 0.8169970234375 0.9421670765625001 0.8085466640625001 0.9303099874999999 0.82876223125 0.9384009578124999 0.8405997609375
2 0.9588689515625 0.8429308984375 0.9546116 0.8269043546875 0.9384009578124999 0.8417653359375 0.9423493890625 0.8571544718749999 0.9588689515625 0.8429308984375
2 0.9691848140625 0.8647852828125 0.966401159375 0.8505070890624999 0.94789810625 0.85924884375 0.9499661546875 0.8724426015625 0.9691848140625 0.8647852828125
2 0.9118744515625 0.87323565 0.9297225375 0.893633071875 0.9341436218749999 0.881686003125 0.9172877765624999 0.8610857046874999 0.9118744515625 0.87323565
2 0.9799919109375 0.8831429671875 0.979009446875 0.868573371875 0.960178896875 0.8726528625000001 0.9622512578125001 0.8872939265625 0.9799919109375 0.8831429671875
2 1 0.9253947734375 0.99783998125 0.910533790625 0.9829393 0.9218980718750001 0.9880499781250001 0.9362159421875 1 0.9253947734375
2 0.9662374249999999 0.9055801390625 0.984576728125 0.922772246875 0.98850658125 0.9067457015624999 0.9715879375 0.8916619640624999 0.9662374249999999 0.9055801390625
2 0.8458653125 0.8910105453125 0.8607660015624999 0.9070370890625 0.86404088125 0.8959642109375 0.8504568109375 0.8798682640625 0.8458653125 0.8910105453125
0 0.8437328468749999 0.7868626812499999 0.855031175 0.801432275 0.858306046875 0.78948520625 0.8482454921875 0.7780930015624999 0.8437328468749999 0.7868626812499999
2 0.86370959375 0.7677021234375 0.8756629015625 0.7449735640624999 0.8674757140624999 0.7336092843750001 0.8568450640625 0.7558160125 0.86370959375 0.7677021234375
0 0.8774640796875 0.762457071875 0.8730429953125001 0.75633784375 0.86370959375 0.769450475 0.8715871890625 0.7798433609375001 0.8774640796875 0.762457071875
2 0.8809027015625001 0.748470265625 0.8743529562499999 0.7729471765625 0.8809238687500001 0.7780961453125 0.8879436921874999 0.75517228125 0.8809027015625001 0.748470265625
0 0.8940022203125 0.787516784375 0.9025168921875 0.769450475 0.8954759140625 0.761000121875 0.8878035265625 0.7737281078125 0.8940022203125 0.787516784375
2 0.905791778125 0.7583775953125 0.8969496109374999 0.78343728125 0.90451126875 0.7964419015625 0.914633946875 0.767993525 0.905791778125 0.7583775953125
4 0.8296875 0.7671875 0.00859375 0.009375
4 0.8171875 0.7640625 0.00859375 0.01171875
4 0.803125 0.7359375 0.009375 0.01171875
4 0.75703125 0.6515625 0.01171875 0.01796875
4 0.71640625 0.659375 0.009375 0.01171875
4 0.67578125 0.5453125 0.0109375 0.021875
2 0.62890625 0.50546875 0.015625 0.03359375
4 0.67890625 0.5984375 0.00859375 0.01328125
2 0.68984375 0.5890625 0.01953125 0.0234375
2 0.66640625 0.5953125 0.01640625 0.025
0 0.5859375 0.5078125 0.00859375 0.0203125
0 0.590625 0.56640625 0.01171875 0.015625
0 0.671875 0.4484375 0.00859375 0.01640625
2 0.51171875 0.6390625 0.01875 0.02578125
2 0.578125 0.60234375 0.0140625 0.03203125
2 0.5984375 0.52890625 0.01171875 0.03359375
2 0.5265625 0.784375 0.0140625 0.02421875
2 0.55078125 0.78125 0.01796875 0.02109375
2 0.42109375 0.878125 0.01875 0.0234375
2 0.3265625 0.9546875 0.01796875 0.02578125
4 0.31484375 0.96796875 0.0046875 0.025
4 0.34921875 0.946875 0.01015625 0.0203125
2 0.371875 0.95859375 0.0140625 0.03359375
2 0.609375 0.74140625 0.01796875 0.025
2 0.696875 0.634375 0.01796875 0.025
2 0.71328125 0.62890625 0.01875 0.02421875
2 0.74296875 0.6671875 0.01796875 0.0234375
2 0.74453125 0.68828125 0.021875 0.021875
4 0.93828125 0.87109375 0.009375 0.0109375
4 0.940625 0.88359375 0.0109375 0.0109375
4 0.7203125 0.57421875 0.01171875 0.02578125
2 0.80859375 0.17890625 0.01875 0.0265625
6 0.4671875 0.33828125 0.02578125 0.0484375
2 0.260480778125 0.7140783484375001 0.2534398015625 0.70038293125 0.23837535625 0.7207803640625 0.2443097671875 0.7317918078125001 0.260480778125 0.7140783484375001
2 0.2524573390625 0.6933895265625 0.24787250625 0.6843563859375 0.2341180203125 0.70387963125 0.23988713125 0.7134460515625001 0.2524573390625 0.6933895265625
2 0.27194004375 0.6945315359374999 0.267898178125 0.6852566875 0.255772571875 0.7013457125 0.2603665109375 0.71114591875 0.27194004375 0.6945315359374999
2 0.2867814890625 0.6629375578125 0.273273134375 0.679215871875 0.2774440859375 0.6895817125 0.2908233546875 0.6724016953125 0.2867814890625 0.6629375578125
0 0.2765704515625 0.6549876859375 0.26561485625 0.6659660875 0.270102325 0.6748272562500001 0.2806123171875 0.661044734375 0.2765704515625 0.6549876859375
0 0.26944399531249996 0.67826945625 0.2649766671875 0.6672910625 0.2507237640625 0.6843265046875 0.2546207859375 0.695256503125 0.26944399531249996 0.67826945625
2 0.253054828125 0.694358490625 0.24837476406249998 0.68375865625 0.23507914687499998 0.7028762109375 0.24073528125000002 0.7117133984375 0.253054828125 0.694358490625
2 0.2603940125 0.6646411015625 0.2576285171875 0.6549876859375 0.24295015000000003 0.6727802640625 0.2471194203125 0.6827719625 0.2603940125 0.6646411015625
4 0.228125 0.7140625 0.00859375 0.01015625
4 0.22578125 0.70390625 0.009375 0.01328125
4 0.2359375 0.6984375 0.00703125 0.009375
4 0.23671875 0.6859375 0.00703125 0.01171875
4 0.26328125 0.66328125 0.00625 0.01015625
4 0.2703125 0.65390625 0.00625 0.0109375
2 0.30199044375 0.6456327640625 0.2890139203125 0.6596396875 0.2940428515625 0.6702874234375 0.3058195828125 0.6556647515625 0.30199044375 0.6456327640625
2 0.282525653125 0.6227295625 0.2708255109375 0.6359793484375 0.27473082656250003 0.6464533 0.28720571875 0.6331401078125001 0.282525653125 0.6227295625
2 0.3022031796875 0.6261366515625 0.2853975078125 0.642793525 0.291010384375 0.6541142671875 0.306457771875 0.6373043328125 0.3022031796875 0.6261366515625
2 0.3167805578125 0.629074778125 0.3040167625 0.6447852359375 0.30936478749999996 0.6543980078125 0.3208224234375 0.6389174765625001 0.3167805578125 0.629074778125
2 0.30199582343750003 0.6099572234374999 0.28838111093749996 0.623964146875 0.292446815625 0.6345362375 0.3066758890625 0.617528528125 0.30199582343750003 0.6099572234374999
0 0.3051867734375 0.601060934375 0.3022085609375 0.5950038890625 0.2931675359375 0.605793003125 0.296436903125 0.61297203125 0.3051867734375 0.601060934375
1 0.3342853890625 0.6239689421875 0.3029077203125 0.6633397390625 0.30968399375 0.6782321312499999 0.3400290984375 0.6385437031250001 0.3342853890625 0.6239689421875
3 0.35364739843750004 0.59606800625 0.3368417359375 0.6210533203125 0.3422431078125 0.6331175390625 0.359922928125 0.6074249671875 0.35364739843750004 0.59606800625
2 0.3341826078125 0.605153575 0.31971696875 0.6244604093749999 0.3237291015625 0.6345362375 0.3393944953125 0.6148069921875 0.3341826078125 0.605153575
4 0.31328125 0.628125 0.00859375 0.009375
4 0.315625 0.61640625 0.0046875 0.01171875
2 0.3480100578125 0.5830075 0.33545898749999997 0.6013679171875 0.3408066765625 0.6115533328125 0.3530092078125 0.591525221875 0.3480100578125 0.5830075
2 0.328970721875 0.5964465734375 0.3169514828125 0.6110213359375 0.3195794109375 0.62148421875 0.334501703125 0.6053428546874999 0.328970721875 0.5964465734375
0 0.3377990203125 0.578843278125 0.3293961859375 0.5917145015624999 0.333145709375 0.59736635625 0.34141542343750003 0.583953915625 0.3377990203125 0.578843278125
1 0.34136924999999996 0.536481959375 0.307757915625 0.591563221875 0.3151105125 0.6044598437500001 0.34870843281249997 0.5489746171875 0.34136924999999996 0.536481959375
2 0.72578125 0.96484375 0.021875 0.0234375
4 0.68046875 0.7109375 0.00859375 0.00859375
4 0.67890625 0.71875 0.009375 0.009375
4 0.678125 0.76875 0.00859375 0.01328125
4 0.834375 0.878125 0.01015625 0.01328125
2 0.7002435953124999 0.7323483484375 0.704904778125 0.7213991609375 0.6870058453125 0.707132040625 0.6827294796875 0.72234269375 0.7002435953124999 0.7323483484375
2 0.7136677890625001 0.7472790609375 0.7187018609375 0.734007321875 0.7050912140625 0.7194083984375 0.7006346921875 0.73328476875 0.7136677890625001 0.7472790609375
6 0.6838362421874999 0.746947271875 0.7091930578125 0.7655277171875 0.7138542421875 0.746947271875 0.6877653203125 0.7312953015625 0.6838362421874999 0.746947271875
6 0.7584151015625 0.80467935625 0.7638220625 0.788089671875 0.73734658125 0.7642005328125 0.73168904375 0.7830214703125 0.7584151015625 0.80467935625
2 0.685514265625 0.7651959140625 0.687938084375 0.7522559640625001 0.6743274375 0.744624721875 0.671538721875 0.7546715515625 0.685514265625 0.7651959140625
3 0.7162780421875 0.7456201015625 0.7295158015625 0.7605508140625 0.73249894375 0.749269821875 0.7202185171875 0.73726370625 0.7162780421875 0.7456201015625
2 0.7101252875 0.784771740625 0.7134813359375001 0.770504621875 0.69931135625 0.7595554328125 0.6961583890624999 0.770089928125 0.7101252875 0.784771740625
2 0.7259732984375 0.7821173875 0.72877000625 0.7715000015625 0.714786471875 0.7539149375 0.7107063734375 0.7661109921875 0.7259732984375 0.7821173875
0 0.7434993359375001 0.7691774375 0.7462960421875 0.7545785281249999 0.73566855625 0.746947271875 0.7325283515625001 0.759147853125 0.7434993359375001 0.7691774375
2 0.76251694375 0.7834445718749999 0.7673645625 0.7678502671875 0.7530081390625 0.7545785281249999 0.7481954125 0.7685978265625 0.76251694375 0.7834445718749999
2 0.7649484078125 0.8081247078124999 0.7796777374999999 0.8220600390625 0.7832202374999999 0.8081247078124999 0.769457853125 0.795455646875 0.7649484078125 0.8081247078124999
2 0.80000048125 0.847276346875 0.8037294171875 0.8359953687499999 0.7906781125 0.815755965625 0.7851249140625 0.8267897671875 0.80000048125 0.847276346875
2 0.819956409375 0.8644778843750001 0.8248040281250001 0.8531968921875001 0.808583128125 0.83395286875 0.8033098953125 0.8471818156250001 0.819956409375 0.8644778843750001
2 0.8164139078125 0.8820629343749999 0.820702203125 0.8684594078125001 0.8061593265625 0.8522015109375 0.8013515124999999 0.86409229375 0.8164139078125 0.8820629343749999
2 0.8180919328125 0.8827265265625 0.8346857390625001 0.8993162109374999 0.8391604687499999 0.8890306000000001 0.822893721875 0.874039634375 0.8180919328125 0.8827265265625
2 0.8151087890625 0.9149104984375 0.8328212609375001 0.9311683953125 0.8378553343749999 0.9218781640625 0.8209353390624999 0.9033842875 0.8151087890625 0.9149104984375
0 0.8098882640625 0.8896941921874999 0.8218208859375 0.9039613109375001 0.8257362765625 0.892680334375 0.814780421875 0.88199750625 0.8098882640625 0.8896941921874999
0 0.8361773109374999 0.91126078125 0.8371095390625 0.8993162109374999 0.8268549593750001 0.8943393078125 0.824292565625 0.9058711234375 0.8361773109374999 0.91126078125