4 0.4015625 0.46015625 0.01171875 0.01953125
4 0.42265625 0.41328125 0.009375 0.0203125
4 0.52578125 0.37578125 0.01484375 0.021875
4 0.515625 0.440625 0.01328125 0.0296875
4 0.52109375 0.4734375 0.01328125 0.0203125
4 0.51875 0.51953125 0.01328125 0.0296875
2 0.56328125 0.6796875 0.025 0.04453125
2 0.725 0.96328125 0.025 0.0296875
0 0.67421875 0.83515625 0.0203125 0.0359375
0 0.5984375 0.75 0.01796875 0.0296875
0 0.33515625 0.32421875 0.015625 0.028125
0 0.2828125 0.28046875 0.015625 0.02578125
0 0.25625 0.1734375 0.01875 0.028125
0 0.69921875 0.359375 0.01796875 0.03203125
0 0.85546875 0.43125 0.01953125 0.040625
0 0.36484375 0.73828125 0.0203125 0.03515625
0 0.38515625 0.70859375 0.01875 0.0359375
0 0.3515625 0.784375 0.0140625 0.0296875
0 0.3328125 0.84140625 0.01953125 0.034375
0 0.27890625 0.81328125 0.01484375 0.03359375
0 0.3140625 0.90390625 0.01484375 0.03671875
3 0.24375 0.8609375 0.01796875 0.040625
0 0.35703125 0.5671875 0.01953125 0.034375
0 0.32109375 0.57421875 0.01171875 0.028125
4 0.5015625 0.60625 0.01640625 0.034375
4 0.4703125 0.5828125 0.01796875 0.02421875
4 0.4546875 0.60390625 0.01640625 0.02421875
4 0.43671875 0.57421875 0.01171875 0.03125
4 0.42578125 0.51640625 0.00859375 0.03828125
4 0.40078125 0.4890625 0.01484375 0.025
4 0.39140625 0.5890625 0.01171875 0.025
4 0.3671875 0.59375 0.01328125 0.021875
4 0.3265625 0.6359375 0.01484375 0.0234375
4 0.3515625 0.63125 0.01328125 0.01875
4 0.453125 0.69375 0.01484375 0.02890625
4 0.253125 0.89140625 0.0140625 0.025
4 0.6375 0.790625 0.01640625 0.0296875
4 0.65703125 0.78515625 0.01015625 0.02421875
4 0.71875 0.77421875 0.0140625 0.0296875
4 0.70703125 0.84453125 0.01796875 0.028125
4 0.70546875 0.875 0.015625 0.02578125
4 0.72890625 0.88046875 0.015625 0.034375
4 0.71953125 0.93046875 0.01484375 0.028125
4 0.74765625 0.91328125 0.0140625 0.01640625
4 0.60390625 0.69765625 0.0140625 0.028125
4 0.61640625 0.63125 0.02109375 0.0203125
4 0.5859375 0.62109375 0.01015625 0.0203125
4 0.38125 0.38203125 0.01015625 0.0234375
4 0.36796875 0.43125 0.0140625 0.0234375
4 0.365625 0.4984375 0.01015625 0.03046875
4 0.353125 0.5171875 0.01640625 0.021875
4 0.296875 0.4609375 0.0140625 0.0234375
4 0.40859375 0.4328125 0.01015625 0.02109375
4 0.47265625 0.35859375 0.01875 0.025
4 0.5734375 0.31640625 0.01328125 0.0234375
4 0.56875 0.28984375 0.01328125 0.0265625
4 0.609375 0.26640625 0.01796875 0.0203125
4 0.60859375 0.29609375 0.0140625 0.0234375
4 0.675 0.3515625 0.01015625 0.02421875
4 0.2453125 0.06796875 0.0203125 0.025
4 0.3265625 0.19765625 0.01640625 0.025
4 0.34453125 0.2390625 0.015625 0.03203125
4 0.40078125 0.30703125 0.01015625 0.01875
4 0.65078125 0.1921875 0.01171875 0.03125
4 0.3953125 0.43046875 0.01015625 0.01796875
4 0.38828125 0.421875 0.00703125 0.021875
4 0.38359375 0.40546875 0.009375 0.02421875
0 0.478125 0.32421875 0.01875 0.01875
4 0.29609375 0.16640625 0.009375 0.0234375
4 0.253125 0.19375 0.009375 0.01953125
2 0.30546875 0.11796875 0.01875 0.03828125
2 0.22890625 0.19453125 0.02109375 0.03046875
2 0.1875 0.134375 0.0265625 0.03046875
2 0.21171875 0.01328125 0.02421875 0.0265625
4 0.1953125 0.17109375 0.01171875 0.01328125
4 0.1953125 0.15625 0.01015625 0.0140625
4 0.1734375 0.1171875 0.00859375 0.02578125
4 0.57109375 0.47890625 0.01328125 0.01875
4 0.56640625 0.4296875 0.01484375 0.01875
4 0.5984375 0.40703125 0.01328125 0.01875
2 0.53671875 0.39453125 0.01171875 0.03984375
4 0.61875 0.66796875 0.01171875 0.01875
4 0.6609375 0.67421875 0.0109375 0.0203125
4 0.7640625 0.79140625 0.01015625 0.0234375
4 0.7671875 0.93828125 0.01015625 0.0203125
4 0.790625 0.9625 0.01484375 0.0234375
4 0.81640625 0.92109375 0.0140625 0.02109375
4 0.81328125 0.8984375 0.01171875 0.01875
4 0.77578125 0.9734375 0.01328125 0.02109375
4 0.65078125 0.83671875 0.009375 0.01875
4 0.66328125 0.80625 0.01640625 0.01875
4 0.67578125 0.80625 0.01328125 0.0203125
4 0.63359375 0.75546875 0.01171875 0.01875
4 0.6203125 0.72578125 0.01015625 0.02109375
4 0.60625 0.72421875 0.01171875 0.02109375
4 0.5203125 0.49375 0.01328125 0.02109375
4 0.3390625 0.609375 0.01171875 0.0234375
4 0.328125 0.5921875 0.0109375 0.028125
4 0.3453125 0.615625 0.0140625 0.02890625
4 0.2984375 0.7921875 0.0140625 0.02890625
4 0.30390625 0.890625 0.0109375 0.01796875
4 0.2984375 0.9125 0.009375 0.0203125
4 0.29453125 0.8890625 0.009375 0.0203125
3 0.2515625 0.80546875 0.01640625 0.040625
3 0.2765625 0.6796875 0.015625 0.03125
2 0.21171875 0.94609375 0.01640625 0.05078125
4 0.86953125 0.98125 0.0140625 0.01953125
4 0.790625 0.26328125 0.01796875 0.021875
4 0.75625 0.15234375 0.01171875 0.0140625
4 0.78671875 0.109375 0.015625 0.0234375
4 0.81484375 0.11953125 0.0203125 0.02109375
4 0.87578125 0.18125 0.01796875 0.01796875
4 0.68046875 0.18359375 0.01875 0.01953125
4 0.67421875 0.21484375 0.01640625 0.0203125
4 0.71796875 0.14296875 0.01328125 0.01953125
4 0.73984375 0.1515625 0.01796875 0.01953125
4 0.7140625 0.1890625 0.01640625 0.01796875
4 0.896875 0.3375 0.01171875 0.02421875
4 0.94921875 0.175 0.015625 0.01796875
2 0.5953125 0.21875 0.01953125 0.03046875
2 0.5484375 0.2484375 0.02578125 0.0265625
2 0.3265625 0.38359375 0.01171875 0.03515625
3 0.51875 0.70859375 0.025 0.03515625
6 0.565625 0.953125 0.0359375 0.05859375
2 0.32890625 0.921875 0.01640625 0.03671875
3 0.18828125 0.2140625 0.0203125 0.03671875
3 0.209375 0.259375 0.021875 0.040625
3 0.2515625 0.24140625 0.0203125 0.0296875
4 0.2484375 0.2125 0.01015625 0.01953125
6 0.1890625 0.259375 0.0296875 0.04921875
2 0.515625 0.2765625 0.02421875 0.03046875
2 0.865625 0.2875 0.025 0.03125
2 0.84375 0.38828125 0.02890625 0.04296875
2 0.75625 0.63203125 0.01796875 0.03984375
3 0.8046875 0.50390625 0.01796875 0.02890625
3 0.734375 0.38828125 0.025 0.034375
3 0.83671875 0.3078125 0.03203125 0.04140625
3 0.865625 0.3359375 0.03515625 0.06015625
3 0.821875 0.4515625 0.03125 0.07109375
3 0.7265625 0.67578125 0.0203125 0.03203125
3 0.671875 0.43828125 0.0296875 0.03125
0 0.6 0.47421875 0.0203125 0.02578125
0 0.61953125 0.49140625 0.0203125 0.0265625
0 0.6265625 0.54375 0.015625 0.025
0 0.6703125 0.58125 0.01640625 0.02578125
3 0.6828125 0.5875 0.021875 0.04140625
3 0.7046875 0.634375 0.0203125 0.03984375
2 0.7921875 0.85390625 0.025 0.03515625
4 0.55078125 0.71953125 0.01328125 0.0203125
6 0.0734375 0.03984375 0.03671875 0.06484375
4 0.2265625 0.84765625 0.009375 0.01171875
4 0.22890625 0.8328125 0.01015625 0.00859375
4 0.234375 0.8125 0.01015625 0.01015625
4 0.23671875 0.8015625 0.01015625 0.00859375
4 0.23828125 0.79375 0.01015625 0.00859375
4 0.2453125 0.7734375 0.01015625 0.01015625
4 0.30703125 0.59375 0.00859375 0.01875
4 0.284375 0.65078125 0.00703125 0.01796875
4 0.303125 0.4375 0.01171875 0.01953125
4 0.3234375 0.4203125 0.01015625 0.01484375
4 0.3359375 0.396875 0.00703125 0.021875
4 0.32890625 0.22578125 0.009375 0.01953125
4 0.378125 0.2359375 0.00546875 0.015625
4 0.4109375 0.27578125 0.00625 0.01875
4 0.41484375 0.2828125 0.00546875 0.01796875
4 0.41953125 0.2875 0.00703125 0.0203125
4 0.425 0.29453125 0.0046875 0.01953125
4 0.43515625 0.29375 0.0046875 0.01953125
4 0.43046875 0.29296875 0.0046875 0.01875
4 0.4546875 0.29921875 0.00703125 0.01328125
4 0.453125 0.28828125 0.01015625 0.0140625
4 0.46796875 0.30859375 0.009375 0.01640625
4 0.46171875 0.2828125 0.00546875 0.015625
4 0.47109375 0.28359375 0.00859375 0.01796875
4 0.47734375 0.2765625 0.00546875 0.01875
4 0.51171875 0.25078125 0.00859375 0.01484375
4 0.503125 0.26328125 0.00703125 0.01953125
4 0.546875 0.19375 0.00625 0.01328125
4 0.5609375 0.20390625 0.00703125 0.01953125
4 0.55234375 0.1890625 0.00546875 0.015625
4 0.571875 0.19453125 0.00546875 0.01640625
4 0.5765625 0.19296875 0.00625 0.01796875
4 0.58828125 0.2 0.00546875 0.01796875
4 0.6015625 0.175 0.00546875 0.0203125
4 0.59375 0.18046875 0.00546875 0.01796875
4 0.58828125 0.175 0.00390625 0.01640625
4 0.58046875 0.18828125 0.0046875 0.01796875
4 0.60703125 0.16015625 0.00546875 0.01640625
4 0.60703125 0.13359375 0.00625 0.01875
4 0.628125 0.14453125 0.00625 0.01640625
4 0.63359375 0.13984375 0.00625 0.01875
4 0.63828125 0.1359375 0.00546875 0.01796875
4 0.64609375 0.1296875 0.00546875 0.01640625
4 0.65859375 0.12578125 0.0046875 0.01484375
4 0.67578125 0.13203125 0.009375 0.01484375
4 0.6515625 0.12890625 0.00546875 0.01953125
4 0.66328125 0.12578125 0.00546875 0.015625
4 0.66796875 0.12109375 0.00546875 0.01640625
4 0.67421875 0.11640625 0.00625 0.01484375
4 0.67890625 0.1140625 0.0046875 0.015625
4 0.690625 0.10546875 0.00546875 0.01875
4 0.68203125 0.11171875 0.0046875 0.015625
4 0.69453125 0.10625 0.0046875 0.01484375
4 0.72421875 0.09296875 0.00546875 0.01796875
4 0.76796875 0.034375 0.00703125 0.01796875
4 0.77421875 0.02890625 0.00625 0.01953125
4 0.78046875 0.0234375 0.0046875 0.01875
3 0.80859375 0.33203125 0.02421875 0.0296875
4 0.74921875 0.37421875 0.009375 0.0203125
3 0.69765625 0.41953125 0.03046875 0.04375
4 0.77421875 0.74453125 0.009375 0.0109375
4 0.7734375 0.7703125 0.01015625 0.0109375
4 0.778125 0.73359375 0.0109375 0.00703125
4 0.78203125 0.72578125 0.009375 0.009375
4 0.78359375 0.71796875 0.009375 0.00703125
4 0.78828125 0.7078125 0.01171875 0.00859375
4 0.79375 0.69140625 0.01171875 0.00703125
4 0.79140625 0.70078125 0.01171875 0.00703125
4 0.80703125 0.64765625 0.009375 0.01328125
4 0.8171875 0.634375 0.01015625 0.0109375
4 0.82578125 0.59921875 0.01171875 0.009375
4 0.78984375 0.54453125 0.01171875 0.0140625
4 0.784375 0.553125 0.0109375 0.01328125
4 0.7796875 0.56484375 0.009375 0.00703125
4 0.7765625 0.57109375 0.01015625 0.01015625
4 0.79453125 0.521875 0.009375 0.009375
4 0.79296875 0.528125 0.01015625 0.00703125
4 0.790625 0.534375 0.01328125 0.009375
4 0.865625 0.48828125 0.0109375 0.009375
4 0.903125 0.39296875 0.009375 0.01796875
4 0.88671875 0.4140625 0.01015625 0.0140625
4 0.8890625 0.43203125 0.01171875 0.01015625
4 0.89296875 0.42265625 0.0109375 0.0109375
4 0.91953125 0.346875 0.00703125 0.01484375
4 0.92421875 0.33828125 0.00859375 0.015625
4 0.93125 0.33125 0.009375 0.01484375
4 0.94453125 0.27890625 0.01171875 0.01328125
4 0.971875 0.26015625 0.0109375 0.015625
4 0.97890625 0.26875 0.009375 0.0140625
4 0.93984375 0.31328125 0.00546875 0.015625
4 0.9484375 0.2921875 0.01015625 0.00859375
2 0.62109375 0.1609375 0.01796875 0.0390625
2 0.65703125 0.153125 0.021875 0.03359375
2 0.40078125 0.1484375 0.01875 0.03828125
2 0.51953125 0.22265625 0.0203125 0.028125
4 0.31796875 0.959375 0.009375 0.01875
4 0.34296875 0.9046875 0.009375 0.015625
4 0.32421875 0.1375 0.00703125 0.0203125
4 0.33671875 0.13125 0.00703125 0.015625
4 0.34453125 0.14296875 0.00859375 0.01796875
4 0.36875 0.13359375 0.00546875 0.01640625
4 0.37421875 0.14296875 0.00625 0.015625
4 0.35703125 0.12265625 0.00703125 0.015625
4 0.36328125 0.121875 0.00703125 0.015625
4 0.38515625 0.11171875 0.0046875 0.01875
4 0.38046875 0.12109375 0.00546875 0.01640625
4 0.37421875 0.12421875 0.0046875 0.015625
4 0.35859375 0.06640625 0.00625 0.015625
4 0.35078125 0.05390625 0.009375 0.01875
4 0.33984375 0.04609375 0.009375 0.02109375
4 0.340625 0.07578125 0.00859375 0.0140625
4 0.3265625 0.065625 0.00859375 0.01875
4 0.32109375 0.07578125 0.01015625 0.01328125
4 0.3078125 0.08359375 0.00859375 0.01484375
4 0.3359375 0.109375 0.00703125 0.01875
4 0.32109375 0.10546875 0.00859375 0.015625
4 0.34609375 0.1 0.00703125 0.01328125
4 0.35546875 0.09375 0.00625 0.015625
4 0.359375 0.10078125 0.00625 0.015625
4 0.36875 0.08125 0.009375 0.01640625
4 0.3765625 0.10625 0.009375 0.015625
4 0.34296875 0.11640625 0.00859375 0.015625