2 0.00859375 0.046875 0.01640625 0.05
4 0.01484375 0.009375 0.01015625 0.01875
2 0.2140625 0.5703125 0.02578125 0.0265625
2 0.14765625 0.26484375 0.0203125 0.0515625
5 0.01640625 0.2375 0.0328125 0.084375
5 0.06171875 0.334375 0.0296875 0.078125
6 0.0734375 0.5484375 0.05078125 0.03046875
2 0.23984375 0.51484375 0.0265625 0.0234375
2 0.14921875 0.55 0.02421875 0.0203125
2 0.1796875 0.51953125 0.02578125 0.025
2 0.11875 0.56171875 0.025 0.01796875
2 0.090625 0.5234375 0.03046875 0.025
2 0.11953125 0.51953125 0.0234375 0.02109375
2 0.11484375 0.53984375 0.0265625 0.01796875
2 0.034375 0.52109375 0.028125 0.01953125
2 0.0609375 0.51875 0.02421875 0.02109375
2 0.03359375 0.55625 0.02578125 0.0203125
0 0.0140625 0.590625 0.01796875 0.01875
0 0.04453125 0.5875 0.01796875 0.01484375
0 0.07421875 0.58125 0.01796875 0.01640625
0 0.11953125 0.5796875 0.01640625 0.01640625
0 0.190625 0.3734375 0.01796875 0.01640625
0 0.14609375 0.51875 0.028125 0.0203125
4 0.1078125 0.6 0.0140625 0.01328125
4 0.059375 0.58828125 0.0109375 0.009375
4 0.0328125 0.57109375 0.01328125 0.009375
4 0.046875 0.57578125 0.009375 0.00859375
4 0.05546875 0.578125 0.01015625 0.009375
4 0.08671875 0.5703125 0.01015625 0.009375
4 0.03046875 0.58828125 0.009375 0.0109375
2 0.1765625 0.56171875 0.0265625 0.0203125
2 0.634375 0.41875 0.02578125 0.02578125
2 0.496875 0.365625 0.0234375 0.02421875
0 0.2359375 0.55078125 0.01796875 0.01875
4 0.13359375 0.60859375 0.01171875 0.015625
4 0.56328125 0.3390625 0.0109375 0.01171875
2 0.89765625 0.3359375 0.02578125 0.021875
2 0.97890625 0.33203125 0.03125 0.025
4 0.7734375 0.25078125 0.02890625 0.02890625
4 0.7640625 0.16875 0.02890625 0.0265625
4 0.5921875 0.5515625 0.0140625 0.01640625
3 0.1453125 0.57578125 0.015625 0.01796875
4 0.35703125 0.5640625 0.0140625 0.01796875
4 0.37109375 0.40859375 0.01328125 0.0140625
5 0.02578125 0.6046875 0.01328125 0.01328125