2 0.01484375 0.040625 0.01640625 0.04375
2 0.028125 0.090625 0.02109375 0.03671875
2 0.00859375 0.16875 0.01640625 0.053125
2 0.0328125 0.18515625 0.01640625 0.040625
2 0.04609375 0.19375 0.015625 0.0453125
2 0.0203125 0.23359375 0.01953125 0.0484375
2 0.03671875 0.24140625 0.01484375 0.04609375
2 0.00703125 0.31171875 0.0140625 0.05390625
2 0.153125 0.26015625 0.02421875 0.04453125
2 0.07890625 0.46875 0.025 0.02109375
2 0.04375 0.521875 0.02421875 0.01796875
2 0.04375 0.5515625 0.025 0.01953125
2 0.04453125 0.57109375 0.02578125 0.01640625
2 0.07109375 0.515625 0.0265625 0.0234375
2 0.07421875 0.54296875 0.0265625 0.02109375
2 0.10234375 0.53984375 0.02421875 0.02109375
2 0.1 0.57109375 0.025 0.01953125
2 0.12890625 0.56015625 0.02578125 0.01640625
2 0.12734375 0.53984375 0.02421875 0.01953125
2 0.1234375 0.51640625 0.02578125 0.0203125
2 0.1515625 0.509375 0.02421875 0.02109375
2 0.153125 0.53828125 0.021875 0.0203125
2 0.15625 0.56015625 0.0234375 0.021875
2 0.18203125 0.53671875 0.02421875 0.02421875
2 0.19921875 0.465625 0.02890625 0.025
2 0.409375 0.4453125 0.0265625 0.01953125
2 0.49765625 0.36796875 0.02578125 0.02578125
2 0.84375 0.43046875 0.0296875 0.025
2 0.98515625 0.33828125 0.025 0.028125
2 0.76875 0.1703125 0.0265625 0.03046875
2 0.7765625 0.25390625 0.028125 0.02890625
3 0.978125 0.49921875 0.03984375 0.03046875
4 0.715625 0.53515625 0.01484375 0.015625
4 0.6390625 0.43984375 0.01328125 0.01953125
4 0.39609375 0.4234375 0.01484375 0.01328125
4 0.24765625 0.3859375 0.01328125 0.015625
4 0.25859375 0.365625 0.0140625 0.01171875
4 0.22109375 0.440625 0.01796875 0.01953125
4 0.1390625 0.4296875 0.01328125 0.01484375
4 0.0359375 0.5046875 0.01171875 0.0109375
4 0.02890625 0.58984375 0.01328125 0.01640625
4 0.040625 0.5890625 0.0109375 0.015625
4 0.0515625 0.58828125 0.01171875 0.0109375
4 0.0640625 0.57109375 0.01171875 0.01015625
4 0.0609375 0.559375 0.0109375 0.00859375
4 0.08984375 0.55859375 0.01328125 0.00859375
4 0.10234375 0.5546875 0.01171875 0.0109375
4 0.0078125 0.27421875 0.0109375 0.021875
4 0.00390625 0.06796875 0.00703125 0.025
4 0.02890625 0.009375 0.00703125 0.01796875
4 0.01875 0.00859375 0.00859375 0.01640625
0 0.028125 0.28046875 0.015625 0.03515625
0 0.03046875 0.46015625 0.0265625 0.02578125
0 0.19375 0.3734375 0.0203125 0.0203125
0 0.075 0.56328125 0.01796875 0.0234375
0 0.11953125 0.5828125 0.01875 0.0203125
0 0.09921875 0.515625 0.021875 0.0203125
4 0.971875 0.4 0.015625 0.01875
6 0.07109375 0.3265625 0.03359375 0.0703125
6 0.46640625 0.58828125 0.0453125 0.034375