2 0.015625 0.77265625 0.01953125 0.015625
2 0.240625 0.77890625 0.015625 0.01328125
2 0.265625 0.7796875 0.0140625 0.01328125
2 0.3109375 0.78125 0.01953125 0.01484375
2 0.353125 0.821875 0.01796875 0.0140625
2 0.4015625 0.82421875 0.01640625 0.01640625
2 0.246875 0.7015625 0.01796875 0.0140625
2 0.04921875 0.79296875 0.01796875 0.01640625
3 0.05703125 0.7734375 0.0203125 0.01875
6 0.0453125 0.82421875 0.04140625 0.0203125
6 0.15703125 0.67109375 0.04296875 0.02109375
6 0.31875 0.66953125 0.0359375 0.0203125
6 0.2484375 0.72265625 0.03515625 0.0203125
1 0.17578125 0.78125 0.04453125 0.02578125
6 0.321875 0.80390625 0.03046875 0.021875
6 0.24453125 0.8125 0.0265625 0.0265625
3 0.0203125 0.66328125 0.025 0.015625
6 0.08671875 0.59453125 0.04296875 0.021875
3 0.271875 0.83125 0.021875 0.01875
4 0.1234375 0.79375 0.00703125 0.00703125
4 0.1171875 0.8078125 0.00859375 0.00703125
4 0.08359375 0.8046875 0.009375 0.00546875
4 0.12109375 0.8234375 0.009375 0.00703125
4 0.134375 0.83359375 0.00859375 0.00625
4 0.20625 0.8265625 0.009375 0.00625
4 0.08203125 0.6703125 0.01015625 0.00625
4 0.134375 0.68359375 0.009375 0.00625
4 0.33125 0.69609375 0.009375 0.00625
4 0.30546875 0.81640625 0.00859375 0.00625
0 0.3640625 0.6609375 0.01171875 0.01328125
2 0.2875 0.59296875 0.01953125 0.01796875
2 0.309375 0.59453125 0.01953125 0.01640625
2 0.2234375 0.4734375 0.01015625 0.0296875
2 0.246875 0.41171875 0.01328125 0.02421875
2 0.253125 0.47578125 0.01796875 0.01796875
3 0.271875 0.51328125 0.02109375 0.01328125
3 0.340625 0.421875 0.0140625 0.01171875
3 0.340625 0.43984375 0.01328125 0.01171875
2 0.97109375 0.6078125 0.0203125 0.01484375
2 0.90703125 0.571875 0.01796875 0.0140625
2 0.9109375 0.48984375 0.00859375 0.02578125
2 0.865625 0.52890625 0.00859375 0.02890625
2 0.846875 0.609375 0.015625 0.01328125
3 0.784375 0.60546875 0.0203125 0.015625
2 0.821875 0.73203125 0.015625 0.01328125
2 0.7546875 0.696875 0.015625 0.0109375
3 0.728125 0.73359375 0.0203125 0.01484375
2 0.78203125 0.79140625 0.0203125 0.0140625
2 0.7015625 0.7921875 0.01953125 0.01640625
6 0.8015625 0.81875 0.040625 0.025
4 0.88359375 0.721875 0.00859375 0.00625
4 0.7359375 0.68828125 0.00625 0.00625
1 0.8078125 0.70390625 0.05546875 0.0234375
1 0.746875 0.671875 0.0546875 0.021875
6 0.871875 0.61328125 0.02578125 0.01796875
2 0.69140625 0.8671875 0.01796875 0.015625
2 0.61796875 0.7890625 0.01640625 0.015625
2 0.5765625 0.83046875 0.015625 0.01484375
0 0.5234375 0.78359375 0.01484375 0.0109375
4 0.6828125 0.846875 0.009375 0.00703125
6 0.53203125 0.72890625 0.0359375 0.021875
6 0.59921875 0.69140625 0.03515625 0.02578125
6 0.5359375 0.8109375 0.04609375 0.0265625
4 0.628125 0.8625 0.00546875 0.01484375
0 0.0203125 0.6859375 0.01484375 0.0109375
5 0.40234375 0.6765625 0.06328125 0.0234375
6 0.459375 0.63046875 0.03671875 0.06171875
1 0.47109375 0.52421875 0.01796875 0.078125
6 0.4875 0.528125 0.01328125 0.0640625
6 0.51015625 0.41875 0.01484375 0.06484375
6 0.47890625 0.23203125 0.01171875 0.0703125
6 0.534375 0.15078125 0.015625 0.07421875
2 0.4484375 0.0484375 0.009375 0.02890625
2 0.453125 0.13125 0.01328125 0.02578125
2 0.4390625 0.15703125 0.01640625 0.01171875
2 0.446875 0.18125 0.01796875 0.01796875
2 0.43359375 0.19296875 0.01796875 0.01875
2 0.4484375 0.24609375 0.015625 0.01875
2 0.46171875 0.24921875 0.009375 0.025
2 0.51796875 0.29609375 0.009375 0.034375
2 0.534375 0.38046875 0.00703125 0.02890625
2 0.5421875 0.35859375 0.01171875 0.02421875
2 0.55078125 0.459375 0.00703125 0.02421875
2 0.5421875 0.53828125 0.0140625 0.03125
2 0.546875 0.61328125 0.01875 0.0203125
2 0.6140625 0.59375 0.015625 0.01875
3 0.51875 0.5859375 0.01796875 0.0265625
3 0.5890625 0.609375 0.0203125 0.02421875
3 0.65390625 0.634375 0.01484375 0.0109375
2 0.6765625 0.6015625 0.01484375 0.01328125
2 0.4484375 0.27265625 0.01640625 0.01953125
2 0.44375 0.290625 0.015625 0.01796875
2 0.45546875 0.321875 0.00859375 0.0234375
2 0.47109375 0.36015625 0.009375 0.03203125
2 0.48515625 0.37109375 0.00859375 0.028125
4 0.47421875 0.32734375 0.00390625 0.01484375
4 0.48203125 0.2859375 0.00390625 0.01328125
4 0.46953125 0.3984375 0.00390625 0.0140625
4 0.478125 0.41796875 0.00390625 0.01328125
4 0.46875 0.19453125 0.00390625 0.01328125
3 0.43828125 0.04609375 0.00859375 0.03046875
3 0.42578125 0.11875 0.01640625 0.015625
3 0.459375 0.36328125 0.00859375 0.03515625
0 0.44140625 0.490625 0.0140625 0.0109375
0 0.45078125 0.5453125 0.00546875 0.01953125
0 0.453125 0.490625 0.01015625 0.0140625
0 0.45390625 0.50625 0.00625 0.02109375