2 0.8640625 0.4640625 0.02421875 0.01953125
2 0.77578125 0.51953125 0.02578125 0.0265625
2 0.8109375 0.6046875 0.0203125 0.03515625
4 0.74140625 0.49921875 0.01640625 0.01328125
4 0.6390625 0.51875 0.0203125 0.01328125
4 0.66015625 0.48515625 0.01171875 0.01328125
0 0.65703125 0.50234375 0.015625 0.01484375
3 0.66640625 0.52109375 0.01796875 0.01953125
2 0.34296875 0.53046875 0.025 0.02890625
2 0.29609375 0.53203125 0.0203125 0.0203125
2 0.209375 0.6015625 0.01796875 0.03984375
2 0.25625 0.29140625 0.015625 0.03046875
0 0.26796875 0.3453125 0.015625 0.02890625
0 0.2546875 0.4828125 0.01640625 0.02890625
0 0.12421875 0.53125 0.021875 0.01875
2 0.084375 0.534375 0.02421875 0.02109375
2 0.09453125 0.515625 0.02109375 0.03046875
4 0.08046875 0.51875 0.00859375 0.01953125
4 0.20859375 0.53984375 0.00703125 0.0109375
0 0.01171875 0.51640625 0.021875 0.015625
2 0.02578125 0.56796875 0.021875 0.01875
2 0.08203125 0.61328125 0.01953125 0.01875
2 0.0828125 0.66640625 0.0140625 0.03046875
2 0.08984375 0.74140625 0.01015625 0.06015625
2 0.07890625 0.73515625 0.01171875 0.0359375
2 0.06796875 0.73359375 0.01328125 0.0484375
2 0.040625 0.67109375 0.01328125 0.03203125
2 0.15078125 0.61953125 0.02578125 0.025
2 0.1265625 0.609375 0.021875 0.02109375
2 0.10859375 0.609375 0.01796875 0.01875
2 0.178125 0.4984375 0.0203125 0.02421875
2 0.15703125 0.478125 0.02109375 0.01640625
2 0.12109375 0.47578125 0.01640625 0.01796875
2 0.1453125 0.48046875 0.00859375 0.009375
2 0.13671875 0.47890625 0.025 0.01796875
2 0.18203125 0.6140625 0.01796875 0.025
2 0.159375 0.67421875 0.01796875 0.04609375
2 0.14140625 0.67265625 0.015625 0.0390625
2 0.246875 0.6171875 0.02890625 0.021875
4 0.23671875 0.27890625 0.015625 0.0234375
4 0.228125 0.34921875 0.0140625 0.028125
4 0.2734375 0.10625 0.0109375 0.03046875
2 0.340625 0.2140625 0.01875 0.02421875
2 0.36015625 0.23046875 0.0234375 0.0359375
2 0.17421875 0.378125 0.0265625 0.021875
2 0.33828125 0.5109375 0.01171875 0.01484375
1 0.5515625 0.6140625 0.04921875 0.025
5 0.46171875 0.25 0.015625 0.015625