2 0.76640625 0.1734375 0.028125 0.03046875
2 0.77578125 0.2546875 0.03046875 0.0265625
2 0.92734375 0.346875 0.03046875 0.03203125
4 0.6921875 0.40078125 0.01328125 0.01328125
4 0.68359375 0.54453125 0.0140625 0.01328125
2 0.6125 0.49296875 0.02578125 0.0234375
0 0.5890625 0.55703125 0.01875 0.01640625
2 0.496875 0.36953125 0.02421875 0.01953125
4 0.47890625 0.54453125 0.01484375 0.0140625
6 0.46171875 0.590625 0.04296875 0.03125
3 0.32265625 0.55 0.02109375 0.0234375
4 0.18515625 0.578125 0.01484375 0.01484375
4 0.25546875 0.36875 0.0140625 0.01171875
0 0.19140625 0.37578125 0.01875 0.01796875
2 0.14921875 0.26171875 0.0234375 0.04375
4 0.125 0.44453125 0.0140625 0.015625
4 0.09375 0.44140625 0.01640625 0.01953125
4 0.08125 0.4765625 0.015625 0.01796875
4 0.0203125 0.47109375 0.01953125 0.01484375
4 0.08125 0.5859375 0.015625 0.01328125
2 0.059375 0.53359375 0.02421875 0.0234375
2 0.05234375 0.55546875 0.02578125 0.0203125
2 0.0328125 0.53515625 0.02578125 0.02421875
4 0.0359375 0.57890625 0.0109375 0.01171875
4 0.0296875 0.57109375 0.01484375 0.0109375
4 0.02421875 0.56171875 0.01640625 0.01015625
0 0.00859375 0.57890625 0.01640625 0.01953125
2 0.0109375 0.603125 0.02109375 0.02578125
3 0.065625 0.32890625 0.0265625 0.06875
2 0.08203125 0.04765625 0.01875 0.04609375
2 0.01328125 0.0453125 0.0203125 0.046875
4 0.01796875 0.01015625 0.01171875 0.0203125
4 0.184375 0.41015625 0.01640625 0.01640625