1 0.56796875 0.50703125 0.046875 0.0296875
1 0.60234375 0.53828125 0.0484375 0.0296875
1 0.734375 0.51484375 0.05 0.028125
2 0.56953125 0.7625 0.01171875 0.034375
2 0.58359375 0.709375 0.00859375 0.02890625
2 0.62890625 0.7109375 0.0140625 0.03671875
2 0.58515625 0.67109375 0.009375 0.03359375
2 0.58046875 0.8234375 0.01015625 0.03359375
2 0.60859375 0.915625 0.009375 0.0359375
2 0.64453125 0.5390625 0.01875 0.01796875
2 0.63671875 0.5609375 0.01796875 0.01953125
2 0.6765625 0.55078125 0.01796875 0.015625
2 0.6640625 0.51953125 0.015625 0.015625
2 0.68828125 0.528125 0.01953125 0.01328125
2 0.41640625 0.41953125 0.01875 0.01328125
2 0.4484375 0.44140625 0.01328125 0.015625
2 0.45 0.459375 0.01484375 0.015625
2 0.46875 0.45625 0.01875 0.01484375
2 0.490625 0.44921875 0.01796875 0.0140625
2 0.3109375 0.4390625 0.01875 0.01796875
2 0.29140625 0.45546875 0.01640625 0.015625
0 0.321875 0.4640625 0.01328125 0.01484375
0 0.36328125 0.428125 0.01171875 0.01640625
0 0.41328125 0.44609375 0.0140625 0.01171875
0 0.43359375 0.44375 0.0140625 0.01171875
0 0.45546875 0.42890625 0.01171875 0.0109375
0 0.46171875 0.44140625 0.01015625 0.01328125
0 0.4890625 0.43671875 0.01328125 0.0109375
0 0.42421875 0.390625 0.01171875 0.01328125
0 0.38125 0.40703125 0.01328125 0.01171875
0 0.5671875 0.3765625 0.009375 0.01171875
0 0.5453125 0.38828125 0.01171875 0.01796875
0 0.7234375 0.36953125 0.015625 0.01484375
0 0.6546875 0.61328125 0.009375 0.01796875
0 0.834375 0.51875 0.0140625 0.01796875
0 0.57578125 0.65078125 0.00859375 0.021875
4 0.62109375 0.91328125 0.00625 0.01875
4 0.62421875 0.79296875 0.00703125 0.01875
4 0.5765625 0.6671875 0.00546875 0.0140625
4 0.56875 0.64453125 0.00546875 0.01875
4 0.584375 0.5921875 0.01015625 0.0109375
4 0.590625 0.5703125 0.01015625 0.009375
4 0.60546875 0.56953125 0.00859375 0.009375
4 0.646875 0.6359375 0.00859375 0.0140625
4 0.534375 0.571875 0.009375 0.0140625
4 0.54609375 0.559375 0.009375 0.01015625
4 0.5046875 0.56171875 0.00859375 0.009375
4 0.49921875 0.57265625 0.00859375 0.01015625
4 0.42734375 0.56875 0.01015625 0.00703125
4 0.4296875 0.55546875 0.009375 0.00859375
4 0.46875 0.56953125 0.01171875 0.00703125
4 0.38046875 0.5734375 0.009375 0.00703125
4 0.3234375 0.58359375 0.01171875 0.01171875
4 0.40078125 0.5734375 0.00859375 0.009375
4 0.26015625 0.56171875 0.009375 0.009375
4 0.278125 0.58515625 0.01171875 0.009375
4 0.23046875 0.58671875 0.009375 0.00703125
4 0.11015625 0.5703125 0.01015625 0.009375
4 0.11171875 0.5546875 0.01015625 0.009375
4 0.19296875 0.42109375 0.01015625 0.00859375
4 0.20625 0.42890625 0.0109375 0.01171875
4 0.24453125 0.4265625 0.01171875 0.01015625
4 0.2390625 0.403125 0.00703125 0.01171875
4 0.66875 0.42265625 0.009375 0.00703125
4 0.6671875 0.4125 0.01015625 0.01015625
4 0.6984375 0.38515625 0.01015625 0.00859375
4 0.62421875 0.40625 0.01015625 0.00859375
4 0.62265625 0.48359375 0.009375 0.01328125
4 0.91484375 0.37890625 0.009375 0.0109375
4 0.9671875 0.35 0.0109375 0.009375
4 0.97421875 0.37578125 0.009375 0.01015625
4 0.9765625 0.52578125 0.01484375 0.009375
2 0.91328125 0.48828125 0.02109375 0.01875
2 0.8046875 0.5296875 0.01875 0.015625
2 0.84140625 0.4984375 0.01953125 0.01640625
2 0.86953125 0.51328125 0.01796875 0.01484375
2 0.81015625 0.553125 0.01796875 0.01640625
2 0.78515625 0.515625 0.0203125 0.01953125
4 0.78046875 0.54296875 0.01171875 0.01015625
4 0.7953125 0.49921875 0.0109375 0.01015625
4 0.76640625 0.5234375 0.01015625 0.009375
4 0.72578125 0.53828125 0.01015625 0.009375
4 0.6890625 0.56171875 0.009375 0.009375
4 0.68515625 0.53828125 0.01171875 0.00859375
4 0.6515625 0.52890625 0.01328125 0.0109375
4 0.63125 0.528125 0.009375 0.0109375
4 0.6046875 0.55703125 0.009375 0.00859375
4 0.596875 0.56328125 0.01015625 0.009375
4 0.3515625 0.4578125 0.009375 0.00625
4 0.34921875 0.42890625 0.01015625 0.00859375
4 0.33515625 0.40546875 0.01171875 0.00859375
2 0.3640625 0.45625 0.01640625 0.01328125
2 0.3703125 0.440625 0.01796875 0.01171875
2 0.3859375 0.4609375 0.01953125 0.01640625
2 0.3984375 0.434375 0.01953125 0.015625
2 0.3796875 0.421875 0.01953125 0.015625
2 0.35859375 0.571875 0.01640625 0.01640625
2 0.321875 0.55546875 0.01953125 0.015625
2 0.3984375 0.54921875 0.01953125 0.01640625
2 0.45859375 0.5390625 0.01953125 0.01640625
2 0.50078125 0.53828125 0.01796875 0.015625
0 0.48359375 0.5609375 0.0140625 0.0140625
0 0.42578125 0.58359375 0.01484375 0.01328125
0 0.3515625 0.58671875 0.01171875 0.01484375
0 0.26796875 0.5734375 0.01328125 0.01328125
2 0.22421875 0.56171875 0.01796875 0.015625
2 0.04453125 0.54609375 0.01875 0.01796875
2 0.16953125 0.55703125 0.01640625 0.015625
2 0.140625 0.43828125 0.01875 0.01484375
2 0.06796875 0.43671875 0.0203125 0.01640625
2 0.18828125 0.44765625 0.01796875 0.015625
0 0.1546875 0.40078125 0.015625 0.0140625
2 0.196875 0.3015625 0.009375 0.03359375
2 0.23203125 0.059375 0.01015625 0.02890625
4 0.50390625 0.3921875 0.00859375 0.00859375
4 0.4734375 0.396875 0.00859375 0.009375
4 0.4984375 0.4046875 0.00859375 0.00703125
4 0.50390625 0.39921875 0.00859375 0.00703125
4 0.50390625 0.40859375 0.009375 0.00703125
4 0.5015625 0.43828125 0.00859375 0.00625
4 0.41875 0.4015625 0.01015625 0.00859375
4 0.43515625 0.4140625 0.00859375 0.00703125
4 0.4453125 0.40859375 0.009375 0.00859375
4 0.4453125 0.421875 0.00859375 0.009375
4 0.46328125 0.421875 0.00703125 0.00546875
2 0.4765625 0.4140625 0.01640625 0.01484375
2 0.39921875 0.409375 0.01953125 0.01875
2 0.43203125 0.4015625 0.01953125 0.0140625
2 0.45859375 0.4109375 0.015625 0.01171875
2 0.47421875 0.4296875 0.01640625 0.0140625
2 0.43203125 0.45625 0.01640625 0.01328125
2 0.40703125 0.46015625 0.01640625 0.01484375
2 0.328125 0.44765625 0.01640625 0.01328125
2 0.3484375 0.440625 0.01875 0.015625
4 0.29296875 0.46953125 0.01171875 0.01171875
4 0.29921875 0.40625 0.00859375 0.009375
2 0.67890625 0.58203125 0.01875 0.025
2 0.78359375 0.3375 0.01015625 0.025
2 0.83046875 0.34609375 0.01875 0.015625
0 0.71640625 0.39921875 0.01640625 0.01796875
2 0.7203125 0.56953125 0.01796875 0.015625
2 0.74921875 0.53671875 0.0203125 0.01796875
2 0.75625 0.5609375 0.021875 0.01640625
4 0.81640625 0.53828125 0.009375 0.00703125
4 0.87421875 0.528125 0.01015625 0.01015625
4 0.8890625 0.56484375 0.0109375 0.009375
4 0.91171875 0.559375 0.01015625 0.00859375