4 0.98515625 0.38984375 0.0109375 0.009375
4 0.6078125 0.3890625 0.009375 0.00859375
4 0.50234375 0.4265625 0.01171875 0.015625
4 0.48125 0.43515625 0.01171875 0.01328125
4 0.45546875 0.46015625 0.01171875 0.0140625
4 0.47890625 0.55546875 0.01328125 0.01484375
4 0.36328125 0.46796875 0.01484375 0.01328125
4 0.2984375 0.4234375 0.0140625 0.0109375
4 0.29375 0.440625 0.0109375 0.0109375
4 0.184375 0.409375 0.009375 0.0109375
4 0.1015625 0.43828125 0.01328125 0.00859375
4 0.14609375 0.578125 0.01171875 0.0109375
4 0.025 0.5609375 0.01328125 0.009375
4 0.0296875 0.56953125 0.0109375 0.00546875
4 0.03671875 0.5796875 0.0109375 0.00859375
4 0.040625 0.415625 0.01328125 0.0109375
4 0.01796875 0.01015625 0.01015625 0.01640625
4 0.0078125 0.00546875 0.00703125 0.01015625
4 0.25625 0.36796875 0.01015625 0.00859375
2 0.01328125 0.04375 0.02109375 0.0484375
2 0.00703125 0.18359375 0.01328125 0.0515625
2 0.1484375 0.26328125 0.02109375 0.04296875
2 0.03359375 0.5328125 0.02890625 0.02421875
2 0.0609375 0.53203125 0.0203125 0.021875
2 0.053125 0.55625 0.0265625 0.01640625
2 0.03671875 0.4546875 0.0296875 0.01640625
2 0.059375 0.478125 0.025 0.021875
2 0.146875 0.446875 0.025 0.02109375
2 0.14609375 0.4734375 0.02578125 0.02109375
2 0.20859375 0.46015625 0.028125 0.021875
2 0.24921875 0.521875 0.0234375 0.02109375
2 0.31953125 0.4546875 0.02421875 0.02421875
2 0.496875 0.36796875 0.025 0.01953125
2 0.8875 0.52890625 0.0296875 0.0203125
2 0.896875 0.3390625 0.028125 0.025
2 0.98046875 0.334375 0.02578125 0.0234375
2 0.76796875 0.16953125 0.0265625 0.02421875
2 0.775 0.2515625 0.02890625 0.02109375
6 0.065625 0.33046875 0.02578125 0.06484375
6 0.39921875 0.584375 0.03984375 0.03125
0 0.009375 0.578125 0.01875 0.0203125
0 0.0984375 0.4234375 0.015625 0.01796875
0 0.01796875 0.434375 0.02109375 0.01640625
0 0.190625 0.37421875 0.01875 0.01171875
0 0.0765625 0.5859375 0.01953125 0.01640625
0 0.3890625 0.55625 0.01796875 0.01796875
0 0.7109375 0.50703125 0.01796875 0.0203125