2 0.040625 0.43671875 0.01484375 0.01796875
4 0.10546875 0.43046875 0.01328125 0.0140625
4 0.1140625 0.44140625 0.01015625 0.00625
4 0.11171875 0.46328125 0.0109375 0.015625
4 0.16171875 0.45703125 0.01015625 0.009375
4 0.17578125 0.46796875 0.01015625 0.0109375
4 0.20234375 0.428125 0.0140625 0.01796875
0 0.03828125 0.5359375 0.01953125 0.01640625
0 0.02421875 0.55078125 0.015625 0.01953125
0 0.15703125 0.44375 0.01640625 0.01640625
0 0.26328125 0.44140625 0.01484375 0.01640625
4 0.2859375 0.45625 0.01171875 0.0140625
4 0.3265625 0.45078125 0.01171875 0.01171875
2 0.15390625 0.53828125 0.02109375 0.01875
2 0.10234375 0.53671875 0.02890625 0.0203125
4 0.01953125 0.56796875 0.0109375 0.0109375
4 0.02578125 0.575 0.0109375 0.01171875
4 0.28203125 0.56171875 0.0140625 0.01171875
4 0.2984375 0.5484375 0.0109375 0.01328125
4 0.36171875 0.55234375 0.00703125 0.01171875
4 0.37109375 0.5625 0.00859375 0.009375
4 0.4078125 0.5515625 0.01171875 0.0109375
4 0.4140625 0.540625 0.01171875 0.01328125
0 0.234375 0.53125 0.01640625 0.021875
0 0.21328125 0.55703125 0.01484375 0.02109375
0 0.34453125 0.54375 0.01484375 0.0203125
0 0.378125 0.54609375 0.01875 0.01875
0 0.39140625 0.56171875 0.0140625 0.01171875
2 0.28125 0.53125 0.021875 0.01953125
4 0.234375 0.54765625 0.01015625 0.01484375
4 0.48671875 0.46640625 0.01171875 0.0140625
4 0.45 0.56171875 0.01171875 0.01171875
4 0.50078125 0.559375 0.0140625 0.01953125
4 0.5375 0.53125 0.0109375 0.021875
4 0.5171875 0.46171875 0.01484375 0.01640625
4 0.4984375 0.4484375 0.01015625 0.0140625
4 0.553125 0.41640625 0.01328125 0.01328125
4 0.54140625 0.434375 0.01796875 0.01875
4 0.53828125 0.45 0.015625 0.0140625
4 0.5609375 0.4390625 0.01171875 0.01484375
4 0.56640625 0.425 0.01015625 0.0140625
4 0.58125 0.41953125 0.01328125 0.0140625
4 0.58046875 0.4359375 0.0140625 0.00625
4 0.56640625 0.45078125 0.01015625 0.01796875
4 0.60078125 0.428125 0.0109375 0.01171875
4 0.60078125 0.41328125 0.0109375 0.01328125
2 0.596875 0.46015625 0.02578125 0.025
0 0.621875 0.434375 0.01796875 0.02109375
0 0.4765625 0.43359375 0.01796875 0.01640625
4 0.653125 0.41484375 0.01171875 0.0140625
4 0.653125 0.4265625 0.01328125 0.009375
4 0.6640625 0.434375 0.0140625 0.00625
4 0.66171875 0.4546875 0.01796875 0.01484375
4 0.58671875 0.54296875 0.01015625 0.0203125
4 0.64765625 0.54296875 0.009375 0.01171875
4 0.68515625 0.559375 0.01484375 0.0109375
4 0.7546875 0.40625 0.01171875 0.009375
4 0.7546875 0.415625 0.0140625 0.01328125
4 0.746875 0.509375 0.0140625 0.0140625
4 0.73125 0.54140625 0.01640625 0.015625
4 0.75078125 0.54921875 0.0140625 0.0234375
4 0.8296875 0.525 0.01484375 0.01875
4 0.86171875 0.5140625 0.01328125 0.01328125
4 0.859375 0.53359375 0.01328125 0.0203125
0 0.81484375 0.54140625 0.01796875 0.0203125
2 0.72734375 0.45078125 0.02578125 0.025
1 0.70625 0.52578125 0.05859375 0.02578125
0 0.8671875 0.55625 0.025 0.02421875
0 0.934375 0.534375 0.01640625 0.01796875
0 0.9875 0.4375 0.021875 0.01484375
2 0.94765625 0.51328125 0.02109375 0.021875
2 0.90859375 0.5125 0.0265625 0.0203125
4 0.88125 0.5359375 0.01015625 0.015625
4 0.8953125 0.540625 0.01328125 0.01484375
4 0.9171875 0.54296875 0.01796875 0.0109375
4 0.95234375 0.534375 0.01328125 0.0140625
4 0.9671875 0.52578125 0.0109375 0.01484375
4 0.95859375 0.553125 0.01171875 0.01328125
4 0.978125 0.55703125 0.0140625 0.01484375
4 0.990625 0.5390625 0.01171875 0.01015625
4 0.92421875 0.44296875 0.01171875 0.015625
4 0.89296875 0.43828125 0.01640625 0.02421875
4 0.92734375 0.40859375 0.01875 0.01484375
4 0.94921875 0.41328125 0.01484375 0.01484375
4 0.9609375 0.4546875 0.015625 0.0140625
2 0.00390625 0.5390625 0.00703125 0.02421875
4 0.99296875 0.5140625 0.0140625 0.01875