2 0.35859375 0.290625 0.015625 0.0140625
2 0.41953125 0.25546875 0.01015625 0.01640625
2 0.409375 0.21953125 0.01484375 0.01484375
2 0.50859375 0.26875 0.01015625 0.021875
2 0.5234375 0.3265625 0.00625 0.0265625
2 0.534375 0.325 0.00546875 0.02890625
2 0.48046875 0.4046875 0.01484375 0.01328125
2 0.575 0.31640625 0.00703125 0.025
2 0.58359375 0.31796875 0.00703125 0.0234375
4 0.60078125 0.3 0.003125 0.01171875
4 0.59609375 0.3015625 0.003125 0.01640625
4 0.59296875 0.29296875 0.0015625 0.00859375
4 0.5890625 0.290625 0.00078125 0.009375
4 0.5859375 0.29609375 0.003125 0.0140625
4 0.5859375 0.28125 0.00390625 0.01171875
4 0.56484375 0.27890625 0.0015625 0.0109375
4 0.56328125 0.29296875 0.003125 0.0140625
4 0.559375 0.29140625 0.003125 0.01484375
4 0.55546875 0.29453125 0.003125 0.01171875
4 0.5453125 0.278125 0.003125 0.01171875
4 0.54296875 0.27890625 0.003125 0.01484375
4 0.5484375 0.27890625 0.0015625 0.0140625
4 0.534375 0.27734375 0.003125 0.01171875
4 0.546875 0.228125 0.0015625 0.009375
4 0.55 0.228125 0.0015625 0.009375
4 0.5578125 0.228125 0.003125 0.009375
4 0.56328125 0.22578125 0.003125 0.0140625
4 0.58203125 0.2390625 0.003125 0.0140625
4 0.584375 0.2390625 0.003125 0.015625
4 0.59140625 0.240625 0.003125 0.01484375
4 0.59609375 0.23828125 0.00390625 0.01484375
4 0.59921875 0.23828125 0.003125 0.01796875
4 0.4265625 0.27109375 0.0015625 0.01171875
4 0.43046875 0.26953125 0.0015625 0.0109375
4 0.45078125 0.2046875 0.0046875 0.01171875
5 0.67890625 0.38359375 0.040625 0.01875
5 0.73671875 0.3828125 0.04296875 0.01796875
1 0.7015625 0.41796875 0.02890625 0.01875
2 0.7984375 0.42578125 0.01484375 0.0140625
3 0.990625 0.40078125 0.01875 0.0140625
4 0.99296875 0.38359375 0.00859375 0.0109375
4 0.99296875 0.234375 0.00859375 0.01171875
4 0.69609375 0.453125 0.01015625 0.01015625
5 0.01796875 0.4765625 0.03359375 0.015625
3 0.07578125 0.49296875 0.021875 0.015625
2 0.065625 0.54375 0.01484375 0.0140625
2 0.203125 0.6 0.0140625 0.0109375
2 0.23984375 0.59921875 0.01484375 0.01171875
2 0.26171875 0.56953125 0.00703125 0.00859375
2 0.31875 0.6203125 0.00546875 0.00859375
6 0.3515625 0.54921875 0.0390625 0.01796875
6 0.51171875 0.6234375 0.0265625 0.01796875
3 0.61328125 0.6046875 0.01796875 0.01328125
3 0.75859375 0.490625 0.0140625 0.0109375
3 0.70078125 0.621875 0.00703125 0.02109375
2 0.69921875 0.55859375 0.01484375 0.01640625
2 0.76796875 0.471875 0.01484375 0.01171875
2 0.95859375 0.7984375 0.01015625 0.0140625
2 0.959375 0.8140625 0.01015625 0.01171875
2 0.984375 0.871875 0.00859375 0.02578125
2 0.996875 0.8609375 0.00546875 0.01953125
2 0.9953125 0.92109375 0.009375 0.0234375
2 0.97578125 0.89921875 0.00703125 0.025
2 0.96796875 0.90703125 0.00625 0.025
4 0.934375 0.61171875 0.009375 0.01171875
6 0.90546875 0.63671875 0.0390625 0.01953125
0 0.84140625 0.6453125 0.01015625 0.01171875
0 0.840625 0.603125 0.0109375 0.00859375
0 0.77421875 0.66796875 0.01640625 0.01796875
4 0.81640625 0.615625 0.00859375 0.00859375
2 0.7375 0.6546875 0.00546875 0.0203125
2 0.684375 0.6359375 0.00703125 0.021875
2 0.6921875 0.63125 0.00625 0.02421875
2 0.690625 0.65546875 0.00546875 0.0203125
2 0.59453125 0.625 0.0140625 0.01171875
2 0.54921875 0.60390625 0.01328125 0.0140625
0 0.4546875 0.61171875 0.01171875 0.0109375
5 0.29609375 0.63671875 0.02890625 0.01640625
5 0.16484375 0.6453125 0.034375 0.01953125
5 0.05625 0.74765625 0.0109375 0.0484375
5 0.08828125 0.7359375 0.015625 0.05546875
5 0.0546875 0.93203125 0.0140625 0.04453125
2 0.0265625 0.8296875 0.01015625 0.02109375
3 0.734375 0.8984375 0.00859375 0.03125
3 0.7765625 0.8546875 0.0203125 0.01640625