3 0.00859375 0.60234375 0.0171875 0.0203125
0 0.03828125 0.47109375 0.015625 0.0109375
2 0.08828125 0.5640625 0.0203125 0.01796875
0 0.0640625 0.61796875 0.01328125 0.01796875
5 0.13671875 0.6734375 0.04296875 0.021875
5 0.16171875 0.640625 0.040625 0.021875
6 0.1859375 0.41015625 0.0296875 0.021875
2 0.17578125 0.48671875 0.015625 0.015625
2 0.19140625 0.46796875 0.0203125 0.01484375
2 0.26171875 0.53359375 0.01484375 0.01640625
2 0.28984375 0.4765625 0.01875 0.01796875
6 0.29296875 0.6359375 0.03203125 0.02109375
6 0.353125 0.503125 0.025 0.01875
2 0.35859375 0.28984375 0.021875 0.01640625
2 0.4359375 0.31796875 0.01953125 0.0203125
3 0.4984375 0.428125 0.02109375 0.01484375
4 0.4578125 0.4640625 0.01171875 0.01171875
2 0.52109375 0.33125 0.009375 0.0296875
2 0.53359375 0.33203125 0.01015625 0.03203125
2 0.5734375 0.3234375 0.00859375 0.025
2 0.58359375 0.325 0.00859375 0.02421875
6 0.5078125 0.6265625 0.02890625 0.01953125
3 0.590625 0.63125 0.01171875 0.01171875
2 0.59375 0.61484375 0.01796875 0.01171875
4 0.59375 0.58984375 0.00859375 0.009375
2 0.61171875 0.5515625 0.01640625 0.01484375
4 0.67890625 0.59296875 0.01171875 0.01953125
2 0.73359375 0.665625 0.00859375 0.021875
6 0.71953125 0.5484375 0.02890625 0.01953125
0 0.75 0.58125 0.015625 0.01875
0 0.76015625 0.61796875 0.01328125 0.015625
1 0.6765625 0.39140625 0.04296875 0.0203125
4 0.68125 0.4140625 0.009375 0.01171875
5 0.73359375 0.39140625 0.04609375 0.0203125
6 0.7765625 0.48046875 0.0390625 0.021875
6 0.80234375 0.42109375 0.02890625 0.01484375
0 0.8234375 0.43671875 0.0109375 0.01171875
0 0.83671875 0.61484375 0.01171875 0.015625
5 0.9015625 0.653125 0.040625 0.02109375
2 0.95390625 0.60859375 0.01953125 0.01484375
3 0.9796875 0.6046875 0.01875 0.01875