4 0.03359375 0.53984375 0.01953125 0.025
4 0.01953125 0.53828125 0.01875 0.02421875
4 0.0140625 0.51640625 0.015625 0.0203125
4 0.04140625 0.45078125 0.01484375 0.01875
4 0.0265625 0.4296875 0.0140625 0.01484375
4 0.028125 0.4078125 0.01875 0.01953125
4 0.14140625 0.42109375 0.01640625 0.01875
4 0.07109375 0.53046875 0.0109375 0.01796875
4 0.09296875 0.559375 0.0203125 0.0296875
4 0.11015625 0.546875 0.015625 0.0140625
4 0.15703125 0.559375 0.015625 0.01953125
4 0.1578125 0.53984375 0.0109375 0.01171875
4 0.1578125 0.53046875 0.0140625 0.01796875
4 0.23203125 0.53828125 0.015625 0.01953125
4 0.2515625 0.55546875 0.01484375 0.0203125
4 0.190625 0.4421875 0.01171875 0.01640625
4 0.21953125 0.43828125 0.01796875 0.01171875
4 0.215625 0.42578125 0.01640625 0.01640625
4 0.2578125 0.425 0.015625 0.01171875
4 0.33671875 0.42265625 0.01484375 0.015625
4 0.353125 0.45625 0.01484375 0.0140625
4 0.38125 0.4390625 0.01484375 0.01640625
4 0.32109375 0.51953125 0.01171875 0.01484375
4 0.309375 0.5515625 0.01171875 0.0140625
4 0.35625 0.5390625 0.015625 0.01328125
4 0.3484375 0.51953125 0.01484375 0.01640625
4 0.4171875 0.51953125 0.015625 0.01171875
4 0.428125 0.534375 0.0140625 0.01484375
0 0.353125 0.55625 0.01328125 0.01484375
1 0.278125 0.52109375 0.053125 0.03046875
4 0.44296875 0.465625 0.01796875 0.01875
4 0.4421875 0.43984375 0.0140625 0.015625
4 0.4609375 0.41796875 0.0140625 0.01171875
4 0.47578125 0.446875 0.0140625 0.01875
4 0.46484375 0.55234375 0.01484375 0.0203125
4 0.51484375 0.44375 0.0109375 0.0203125
0 0.5453125 0.53359375 0.01640625 0.01875
0 0.5859375 0.521875 0.0203125 0.0234375
2 0.63203125 0.521875 0.025 0.0203125
4 0.62109375 0.54375 0.01015625 0.01171875
4 0.63046875 0.44140625 0.01328125 0.0109375
4 0.66875 0.4109375 0.01484375 0.01953125
4 0.67109375 0.4515625 0.01640625 0.01953125
4 0.653125 0.53359375 0.009375 0.01796875
4 0.6765625 0.534375 0.0140625 0.01796875
4 0.70703125 0.54296875 0.01484375 0.015625
4 0.73125 0.546875 0.01328125 0.01171875
6 0.6734375 0.55546875 0.0234375 0.01796875
6 0.71328125 0.51953125 0.028125 0.0234375
6 0.6640625 0.43046875 0.021875 0.02421875
4 0.77109375 0.53203125 0.0109375 0.01484375
4 0.77890625 0.45625 0.01171875 0.01875
4 0.7765625 0.43359375 0.015625 0.01640625
4 0.81015625 0.5234375 0.0140625 0.01328125
4 0.80390625 0.53984375 0.0140625 0.01484375
4 0.80703125 0.55625 0.01484375 0.01171875
4 0.82421875 0.53359375 0.0140625 0.01015625
4 0.83515625 0.5203125 0.0140625 0.0109375
4 0.83828125 0.5453125 0.01484375 0.01640625
4 0.8640625 0.540625 0.0140625 0.015625
4 0.87265625 0.553125 0.0109375 0.0109375
4 0.8515625 0.45234375 0.01640625 0.01484375
4 0.8734375 0.446875 0.01171875 0.0140625
4 0.8703125 0.43671875 0.0140625 0.01171875
4 0.90859375 0.459375 0.01171875 0.015625
4 0.915625 0.5453125 0.01328125 0.01484375
4 0.92578125 0.53515625 0.015625 0.009375
4 0.93046875 0.5546875 0.01484375 0.0109375
4 0.9390625 0.56171875 0.01484375 0.0109375
4 0.96015625 0.55 0.015625 0.01015625
4 0.9890625 0.56015625 0.01484375 0.01171875
4 0.99296875 0.52734375 0.0140625 0.0109375
4 0.98828125 0.45078125 0.01484375 0.015625
0 0.93203125 0.4328125 0.01875 0.01875
0 0.965625 0.53515625 0.02421875 0.01953125
2 0.92109375 0.5203125 0.02578125 0.01640625
4 0.17421875 0.4125 0.0109375 0.01484375
4 0.21328125 0.40703125 0.01328125 0.01171875
0 0.50625 0.415625 0.02421875 0.0296875
6 0.9015625 0.4140625 0.02578125 0.0265625