2 0.8109375 0.246875 0.01640625 0.03125
2 0.8515625 0.140625 0.01796875 0.0296875
2 0.51484375 0.615625 0.0234375 0.02890625
2 0.478125 0.5890625 0.02421875 0.03046875
3 0.446875 0.58125 0.02421875 0.03515625
2 0.57578125 0.6171875 0.0203125 0.02109375
2 0.41640625 0.403125 0.02421875 0.03671875
2 0.27421875 0.41015625 0.025 0.021875
2 0.21953125 0.4046875 0.02109375 0.028125
2 0.17421875 0.12421875 0.01875 0.0296875
2 0.13671875 0.16015625 0.021875 0.02890625
2 0.2921875 0.5375 0.02421875 0.025
0 0.303125 0.6046875 0.01484375 0.02109375
0 0.284375 0.56015625 0.01484375 0.01171875
0 0.23046875 0.58828125 0.015625 0.0109375
0 0.23984375 0.56015625 0.0109375 0.0203125
0 0.215625 0.59453125 0.0140625 0.01484375
2 0.30546875 0.65625 0.0234375 0.01875
0 0.271875 0.74453125 0.015625 0.01796875
2 0.20078125 0.69609375 0.02578125 0.0203125
3 0.2 0.7640625 0.01796875 0.01796875
4 0.08046875 0.76484375 0.01015625 0.0109375
4 0.071875 0.74765625 0.01171875 0.01171875
4 0.0140625 0.721875 0.0109375 0.01484375
0 0.04375 0.68046875 0.01796875 0.015625
0 0.02421875 0.675 0.015625 0.0140625
0 0.07109375 0.65546875 0.01796875 0.01796875
2 0.08828125 0.64296875 0.01796875 0.01640625
0 0.07109375 0.63125 0.01171875 0.021875
4 0.01796875 0.69453125 0.01015625 0.009375
3 0.0484375 0.809375 0.0203125 0.01484375
4 0.27578125 0.603125 0.01015625 0.0140625
4 0.2375 0.61953125 0.01328125 0.01484375
4 0.215625 0.64921875 0.01328125 0.01171875
4 0.33046875 0.5765625 0.01640625 0.01015625
4 0.3421875 0.63359375 0.009375 0.015625
4 0.32109375 0.67578125 0.01015625 0.01015625
4 0.37578125 0.521875 0.009375 0.01796875
4 0.39140625 0.55 0.01328125 0.02421875
4 0.41953125 0.5171875 0.01171875 0.015625
4 0.4234375 0.53203125 0.009375 0.01015625
4 0.42109375 0.54453125 0.009375 0.0109375
4 0.446875 0.47421875 0.01171875 0.015625
0 0.4640625 0.44921875 0.01640625 0.01640625
0 0.46796875 0.396875 0.01640625 0.021875
0 0.35390625 0.33984375 0.01640625 0.01796875
4 0.35703125 0.32734375 0.01015625 0.015625
4 0.31484375 0.2890625 0.01171875 0.01484375
4 0.29921875 0.290625 0.009375 0.01640625
0 0.27421875 0.38984375 0.01640625 0.015625
4 0.20546875 0.2078125 0.0109375 0.015625
4 0.13671875 0.1421875 0.00859375 0.015625
4 0.12734375 0.12265625 0.009375 0.0140625
4 0.078125 0.09609375 0.01171875 0.0203125
4 0.0484375 0.0703125 0.01015625 0.0140625
4 0.01796875 0.04765625 0.01328125 0.01484375
0 0.05390625 0.05546875 0.0140625 0.0234375
2 0.3015625 0.24453125 0.01640625 0.021875
3 0.28203125 0.2234375 0.01328125 0.04296875
3 0.5140625 0.35703125 0.01484375 0.015625
0 0.55234375 0.38828125 0.01796875 0.015625
4 0.54296875 0.4265625 0.01015625 0.01484375
0 0.62578125 0.36640625 0.01171875 0.02421875
0 0.60703125 0.3265625 0.0140625 0.01484375
4 0.6109375 0.340625 0.00703125 0.0109375
4 0.59296875 0.3421875 0.0109375 0.0140625
4 0.66171875 0.28515625 0.00859375 0.015625
0 0.70546875 0.21953125 0.01171875 0.021875
4 0.68046875 0.23671875 0.00859375 0.01484375
4 0.68828125 0.24609375 0.00546875 0.01953125
4 0.68828125 0.21171875 0.00625 0.01484375
0 0.72890625 0.16875 0.01015625 0.0234375
0 0.8328125 0.18125 0.01171875 0.02421875
4 0.84765625 0.17578125 0.00859375 0.01875
0 0.871875 0.12265625 0.00859375 0.01875
4 0.8796875 0.13125 0.01015625 0.015625
4 0.8734375 0.0953125 0.01171875 0.0203125
4 0.89296875 0.09375 0.009375 0.01953125
4 0.90703125 0.05859375 0.01484375 0.0234375
0 0.75625 0.3421875 0.01328125 0.0203125
4 0.76328125 0.315625 0.01015625 0.01796875
0 0.7515625 0.41796875 0.01015625 0.025
0 0.7046875 0.453125 0.0140625 0.0234375
4 0.68984375 0.50546875 0.00703125 0.01484375
4 0.67890625 0.50625 0.01171875 0.0203125
0 0.684375 0.55 0.01171875 0.02421875
4 0.60859375 0.5296875 0.01015625 0.0140625
4 0.5859375 0.5375 0.0109375 0.0140625
4 0.59765625 0.5515625 0.0109375 0.0140625
4 0.590625 0.5640625 0.00703125 0.015625
4 0.5984375 0.57734375 0.00859375 0.01640625
4 0.61953125 0.55234375 0.01015625 0.01640625
2 0.57265625 0.5109375 0.0203125 0.02421875
0 0.64609375 0.553125 0.0109375 0.02109375
0 0.640625 0.57890625 0.0140625 0.01640625
0 0.60703125 0.5953125 0.0140625 0.02109375
4 0.65625 0.55859375 0.01171875 0.01796875
0 0.61015625 0.63515625 0.015625 0.0203125
3 0.5890625 0.67578125 0.0234375 0.028125
4 0.6328125 0.68046875 0.01015625 0.015625
4 0.58359375 0.653125 0.01171875 0.01875
4 0.5796875 0.70234375 0.0140625 0.02109375
4 0.53515625 0.6203125 0.01171875 0.01640625
4 0.5203125 0.58046875 0.01328125 0.01484375
4 0.51953125 0.47890625 0.01484375 0.0203125
0 0.68125 0.63828125 0.01171875 0.02109375
4 0.6515625 0.65859375 0.01015625 0.015625
4 0.65859375 0.65390625 0.009375 0.0140625
4 0.67109375 0.6515625 0.01015625 0.01875
4 0.684375 0.66015625 0.0109375 0.0109375
0 0.68359375 0.6765625 0.01796875 0.0203125
0 0.70546875 0.67890625 0.015625 0.025
0 0.71484375 0.66640625 0.015625 0.01953125
0 0.72109375 0.70234375 0.0140625 0.01875
0 0.73046875 0.6890625 0.0140625 0.01953125
2 0.746875 0.7171875 0.02578125 0.03203125
2 0.703125 0.61640625 0.01640625 0.03203125
2 0.72265625 0.6359375 0.01953125 0.03046875
3 0.83046875 0.79453125 0.015625 0.01875
4 0.7859375 0.73203125 0.01171875 0.0234375
4 0.79296875 0.725 0.0140625 0.02109375
3 0.74921875 0.8734375 0.01640625 0.025
2 0.7109375 0.8140625 0.02421875 0.03515625
0 0.69375 0.809375 0.009375 0.01875
0 0.69140625 0.7796875 0.00859375 0.02109375
2 0.659375 0.74453125 0.021875 0.03203125
0 0.63984375 0.7578125 0.02421875 0.03125
0 0.68828125 0.84140625 0.01171875 0.01796875
0 0.703125 0.84921875 0.01328125 0.01796875
0 0.86015625 0.9671875 0.0203125 0.0265625
4 0.85859375 0.98828125 0.0140625 0.02109375
2 0.89140625 0.86875 0.0203125 0.028125
4 0.8796875 0.8390625 0.01171875 0.015625
4 0.89296875 0.83828125 0.0140625 0.021875
4 0.915625 0.88671875 0.0109375 0.01640625
4 0.92421875 0.88203125 0.01171875 0.0234375
4 0.94765625 0.909375 0.01015625 0.01796875
4 0.965625 0.94296875 0.01171875 0.01640625
3 0.86328125 0.78203125 0.0234375 0.034375
0 0.81796875 0.7390625 0.01171875 0.01953125
3 0.746875 0.675 0.021875 0.0296875
0 0.70234375 0.64609375 0.01328125 0.01640625
6 0.5359375 0.365625 0.03828125 0.03671875
1 0.84453125 0.08671875 0.0453125 0.075