2 0.36875 0.290625 0.01796875 0.01484375
2 0.428125 0.2546875 0.01171875 0.02109375
2 0.41953125 0.2203125 0.01640625 0.01875
2 0.53359375 0.3265625 0.00625 0.02890625
2 0.54453125 0.32421875 0.00859375 0.0296875
2 0.5859375 0.31640625 0.00703125 0.025
2 0.5953125 0.31796875 0.00859375 0.02421875
2 0.99453125 0.87578125 0.0109375 0.02578125
2 0.9796875 0.91328125 0.009375 0.0265625
2 0.7484375 0.65625 0.00859375 0.0234375
6 0.91796875 0.63984375 0.03984375 0.0203125
5 0.746875 0.3828125 0.04609375 0.01953125
6 0.6890625 0.38203125 0.04140625 0.01953125
6 0.30625 0.6359375 0.03046875 0.01953125
6 0.178125 0.64375 0.03828125 0.01953125
6 0.15390625 0.678125 0.0390625 0.025
4 0.575 0.27890625 0.0046875 0.0140625
3 0.7859375 0.859375 0.021875 0.01796875
3 0.74375 0.90078125 0.01015625 0.03515625
4 0.553125 0.2796875 0.003125 0.0140625
4 0.56953125 0.29375 0.003125 0.01484375
4 0.59609375 0.28125 0.0046875 0.01484375
4 0.60703125 0.30625 0.00390625 0.01484375
4 0.59453125 0.2390625 0.00390625 0.01484375
4 0.5609375 0.228125 0.00390625 0.0109375
4 0.56796875 0.2265625 0.0046875 0.01171875
4 0.609375 0.240625 0.003125 0.01328125
4 0.54609375 0.2796875 0.00390625 0.01328125
4 0.44140625 0.27421875 0.00390625 0.01328125
4 0.6015625 0.24140625 0.003125 0.01328125
4 0.55859375 0.28125 0.003125 0.0140625
4 0.565625 0.29609375 0.00390625 0.01171875
4 0.5734375 0.29375 0.003125 0.0109375
0 0.8515625 0.646875 0.01484375 0.01484375
2 0.709375 0.64921875 0.00546875 0.02421875
2 0.70234375 0.634375 0.00625 0.025
2 0.69453125 0.63515625 0.00703125 0.021875
2 0.7015625 0.65859375 0.00625 0.01953125
0 0.85078125 0.6046875 0.01171875 0.00859375
5 0.98125 0.56015625 0.0359375 0.0234375
2 0.6109375 0.39921875 0.01484375 0.01171875
4 0.09296875 0.59765625 0.009375 0.0109375
2 0.60390625 0.62421875 0.0109375 0.01171875
3 0.60078125 0.459375 0.0203125 0.01796875
3 0.890625 0.628125 0.01875 0.02578125
2 0.946875 0.6375 0.01796875 0.021875
6 0.51953125 0.628125 0.02890625 0.021875
0 0.3734375 0.4140625 0.0109375 0.009375
4 0.665625 0.425 0.00703125 0.00859375
4 0.63046875 0.58125 0.00703125 0.00546875
6 0.103125 0.55859375 0.04296875 0.01875
1 0.67265625 0.58671875 0.02890625 0.01640625
4 0.30546875 0.5890625 0.009375 0.01015625
4 0.61875 0.5921875 0.00625 0.00546875
4 0.73125 0.53671875 0.00703125 0.00859375
2 0.79375 0.43359375 0.01640625 0.01484375
4 0.34921875 0.5546875 0.00546875 0.00859375
6 0.58046875 0.609375 0.02578125 0.01796875
4 0.49921875 0.584375 0.01015625 0.0140625
6 0.52578125 0.5984375 0.02578125 0.01640625
6 0.346875 0.46328125 0.02421875 0.01640625
4 0.04140625 0.6234375 0.009375 0.01015625
2 0.39765625 0.296875 0.0109375 0.0265625
4 0.75078125 0.40078125 0.00625 0.01015625
3 0.65859375 0.49375 0.0203125 0.01953125
4 0.471875 0.58359375 0.00546875 0.00859375
6 0.3703125 0.56796875 0.01796875 0.0140625
0 0.87578125 0.934375 0.00546875 0.015625
4 0.88359375 0.91328125 0.0046875 0.01484375
4 0.8765625 0.84765625 0.00625 0.01640625
3 0.52109375 0.46875 0.01484375 0.015625
6 0.246875 0.5546875 0.0359375 0.0203125