3 0.47734375 0.35625 0.01796875 0.06015625
6 0.31875 0.8109375 0.05 0.02890625
1 0.90078125 0.86484375 0.06640625 0.03125
1 0.2234375 0.66640625 0.05703125 0.03359375
1 0.28125 0.6609375 0.05625 0.03046875
2 0.10234375 0.81875 0.02421875 0.0203125
2 0.21796875 0.86328125 0.021875 0.02421875
2 0.6765625 0.81328125 0.01953125 0.0234375
2 0.79921875 0.81171875 0.025 0.025
2 0.7625 0.8859375 0.0234375 0.0234375
2 0.89609375 0.88984375 0.02578125 0.015625
2 0.51640625 0.43359375 0.01328125 0.04140625
0 0.16796875 0.78359375 0.01796875 0.02109375
0 0.140625 0.96328125 0.015625 0.01796875
0 0.5140625 0.9484375 0.01796875 0.0140625
4 0.4765625 0.11171875 0.00703125 0.021875
4 0.5296875 0.36796875 0.00390625 0.01953125
4 0.534375 0.3609375 0.00390625 0.01875
4 0.534375 0.428125 0.00546875 0.021875
4 0.478125 0.4609375 0.0046875 0.01875
4 0.53359375 0.63125 0.00546875 0.0203125
4 0.565625 0.73125 0.01328125 0.01953125
4 0.509375 0.790625 0.009375 0.021875
4 0.60703125 0.78359375 0.0109375 0.01171875
4 0.63671875 0.66171875 0.01015625 0.009375
4 0.7234375 0.77109375 0.0109375 0.0109375
4 0.84375 0.73359375 0.01015625 0.009375
4 0.98125 0.72421875 0.01328125 0.01015625
4 0.85703125 0.79453125 0.01015625 0.0140625
4 0.8640625 0.89453125 0.01328125 0.0140625
4 0.97578125 0.853125 0.01484375 0.0140625
4 0.509375 0.89921875 0.01171875 0.01328125
4 0.10859375 0.95859375 0.0109375 0.01015625
4 0.13671875 0.80078125 0.01484375 0.01484375
4 0.04140625 0.7984375 0.01484375 0.009375
4 0.1796875 0.709375 0.01328125 0.01484375