2 0.0296875 0.5484375 0.015625 0.04296875
2 0.0109375 0.66953125 0.021875 0.0234375
2 0.05078125 0.63671875 0.025 0.0203125
2 0.06796875 0.6859375 0.02578125 0.021875
2 0.20859375 0.29765625 0.01328125 0.03828125
2 0.209375 0.38671875 0.01171875 0.0359375
2 0.21953125 0.4796875 0.00859375 0.0390625
2 0.21953125 0.5140625 0.01015625 0.03125
2 0.19375 0.7171875 0.01171875 0.02421875
2 0.4609375 0.31875 0.0140625 0.04296875
2 0.41875 0.46640625 0.00859375 0.03125
2 0.41640625 0.509375 0.009375 0.03671875
2 0.428125 0.57578125 0.01015625 0.03671875
2 0.45625 0.609375 0.01171875 0.04921875
2 0.5234375 0.446875 0.009375 0.0390625
2 0.5921875 0.478125 0.01796875 0.01875
2 0.57578125 0.453125 0.01796875 0.0265625
2 0.64140625 0.48203125 0.021875 0.0234375
2 0.6390625 0.50625 0.0234375 0.02578125
2 0.68359375 0.5109375 0.0140625 0.025
2 0.6859375 0.54140625 0.015625 0.034375
3 0.57578125 0.25859375 0.0203125 0.0484375
2 0.540625 0.73203125 0.01796875 0.02890625
2 0.39296875 0.775 0.01640625 0.05078125
2 0.3890625 0.8453125 0.01640625 0.0203125
2 0.390625 0.859375 0.01875 0.0203125
2 0.38828125 0.88359375 0.01875 0.034375
2 0.38671875 0.94296875 0.0140625 0.03828125
2 0.528125 0.7453125 0.0140625 0.04375
2 0.540625 0.76484375 0.01640625 0.0265625
2 0.52734375 0.84453125 0.01328125 0.03828125
2 0.5640625 0.96328125 0.01640625 0.015625
2 0.5625 0.98046875 0.0203125 0.025
2 0.5640625 0.99609375 0.0234375 0.00703125
0 0.00703125 0.70390625 0.0140625 0.0234375
0 0.10859375 0.65703125 0.0203125 0.0265625
0 0.39375 0.603125 0.009375 0.0265625
0 0.1984375 0.6875 0.0140625 0.0203125
0 0.284375 0.7 0.01171875 0.0203125
0 0.38984375 0.7046875 0.009375 0.02421875
0 0.38828125 0.92109375 0.01328125 0.0203125
0 0.52265625 0.88125 0.01171875 0.01875
0 0.509375 0.9234375 0.01171875 0.0390625
0 0.52421875 0.9515625 0.00859375 0.0203125
0 0.52578125 0.971875 0.01171875 0.0265625
0 0.534375 0.95390625 0.0109375 0.03125
0 0.446875 0.34765625 0.01484375 0.02890625
0 0.44921875 0.396875 0.009375 0.03515625
0 0.52109375 0.37578125 0.009375 0.025
0 0.51796875 0.54375 0.01484375 0.01640625
0 0.5234375 0.51875 0.015625 0.03359375
0 0.64296875 0.31171875 0.01484375 0.0234375
0 0.68671875 0.31015625 0.01796875 0.021875
0 0.72890625 0.3375 0.0203125 0.02578125
0 0.70703125 0.484375 0.0203125 0.03046875
0 0.53046875 0.78828125 0.009375 0.03125
0 0.5375 0.80625 0.0109375 0.034375
0 0.540625 0.8296875 0.01015625 0.0265625
0 0.54140625 0.8515625 0.01328125 0.02578125
0 0.5421875 0.871875 0.009375 0.02890625
0 0.540625 0.89609375 0.01171875 0.02890625
2 0.61171875 0.51484375 0.01796875 0.01875
0 0.53515625 0.64453125 0.0109375 0.03359375
3 0.02890625 0.7046875 0.01875 0.01640625
4 0.0390625 0.6765625 0.0140625 0.02421875
4 0.05078125 0.67109375 0.0140625 0.021875
4 0.08203125 0.68046875 0.01328125 0.015625
4 0.09609375 0.6859375 0.009375 0.01328125
4 0.103125 0.69375 0.0140625 0.01328125
4 0.13828125 0.684375 0.01640625 0.0140625
4 0.2015625 0.65234375 0.0109375 0.02421875
4 0.328125 0.67109375 0.01484375 0.02109375
4 0.3125 0.68125 0.01484375 0.021875
4 0.3875 0.62421875 0.01328125 0.0234375
4 0.38203125 0.6703125 0.01484375 0.0234375
4 0.3734375 0.6984375 0.01484375 0.02109375
4 0.41328125 0.659375 0.01171875 0.0265625
4 0.4015625 0.678125 0.0109375 0.021875
4 0.42734375 0.6421875 0.01171875 0.015625
4 0.4359375 0.6640625 0.01640625 0.02578125
4 0.440625 0.83984375 0.01484375 0.02890625
4 0.44609375 0.48984375 0.01171875 0.0296875
4 0.446875 0.51796875 0.0109375 0.025
4 0.4484375 0.53984375 0.00859375 0.0265625
4 0.3734375 0.6 0.01171875 0.015625
4 0.3515625 0.603125 0.01640625 0.02890625
4 0.5234375 0.79296875 0.0109375 0.0296875
4 0.5109375 0.97109375 0.00703125 0.021875
4 0.52109375 0.61171875 0.01171875 0.02890625
4 0.534375 0.5796875 0.01015625 0.03046875
4 0.54375 0.5140625 0.01328125 0.03515625
4 0.5484375 0.534375 0.01015625 0.02890625
4 0.62265625 0.465625 0.009375 0.01171875
4 0.60859375 0.46796875 0.0140625 0.01640625
4 0.684375 0.4734375 0.0109375 0.02421875
4 0.70234375 0.46328125 0.01640625 0.0265625
4 0.7015625 0.3671875 0.01015625 0.01875
4 0.6265625 0.334375 0.01015625 0.015625
4 0.53828125 0.31796875 0.01796875 0.02578125
4 0.5390625 0.29140625 0.01328125 0.03203125
4 0.45859375 0.43359375 0.01171875 0.01953125
4 0.4578125 0.40625 0.01015625 0.03515625
2 0.42578125 0.40625 0.01171875 0.03515625
2 0.225 0.2515625 0.01796875 0.0390625
2 0.08671875 0.03515625 0.025 0.0234375
2 0.04140625 0.08046875 0.0109375 0.03828125
2 0.0390625 0.12109375 0.009375 0.0359375
2 0.03828125 0.21640625 0.00703125 0.040625
2 0.18671875 0.059375 0.025 0.0140625
2 0.22421875 0.071875 0.01640625 0.02421875
2 0.28828125 0.08828125 0.01953125 0.02109375
2 0.3375 0.10625 0.03828125 0.03515625
2 0.33203125 0.04453125 0.01015625 0.046875
2 0.3546875 0.05546875 0.01015625 0.04921875
2 0.403125 0.16171875 0.00625 0.046875
2 0.409375 0.1734375 0.01171875 0.04921875
2 0.42421875 0.171875 0.02109375 0.02421875
2 0.4546875 0.19921875 0.00625 0.04921875
2 0.58046875 0.04765625 0.01875 0.02109375
2 0.6078125 0.04453125 0.0203125 0.025
2 0.61328125 0.02109375 0.01953125 0.025
2 0.61171875 0.0078125 0.0203125 0.015625
2 0.57421875 0.09609375 0.01640625 0.01953125
2 0.5609375 0.109375 0.01875 0.02109375
2 0.559375 0.1234375 0.01640625 0.0234375
2 0.56015625 0.140625 0.01640625 0.01796875
2 0.5625 0.15390625 0.021875 0.021875
2 0.56015625 0.18125 0.01875 0.02578125
2 0.559375 0.1953125 0.01484375 0.03125
2 0.70703125 0.27734375 0.01484375 0.03203125
4 0.41171875 0.596875 0.01484375 0.0234375
4 0.40078125 0.62421875 0.0140625 0.021875
4 0.409375 0.6109375 0.01015625 0.01796875
4 0.4484375 0.25078125 0.01328125 0.02890625
4 0.44921875 0.19921875 0.00703125 0.02890625
4 0.45078125 0.16171875 0.0140625 0.01953125
2 0.459375 0.1140625 0.01171875 0.0640625
0 0.5296875 0.190625 0.0109375 0.03046875
0 0.5234375 0.25390625 0.01328125 0.03828125
4 0.51953125 0.0875 0.0109375 0.03125
4 0.52578125 0.1390625 0.01328125 0.0203125
4 0.53984375 0.15390625 0.00546875 0.01796875
4 0.54140625 0.18359375 0.009375 0.028125
4 0.43046875 0.2765625 0.01015625 0.028125
2 0.81171875 0.878125 0.01484375 0.03828125
2 0.8359375 0.89140625 0.01328125 0.04375
2 0.8484375 0.89453125 0.015625 0.04375
2 0.8 0.94140625 0.025 0.0234375
2 0.8015625 0.959375 0.025 0.028125
2 0.796875 0.98125 0.01796875 0.02421875
2 0.9265625 0.4796875 0.02578125 0.02890625
2 0.89140625 0.5203125 0.0234375 0.02109375
2 0.82578125 0.51328125 0.025 0.03671875
2 0.86015625 0.09921875 0.015625 0.034375
2 0.8609375 0.16796875 0.01171875 0.03515625
2 0.859375 0.20703125 0.01484375 0.0453125
0 0.84296875 0.22890625 0.01484375 0.025
0 0.85546875 0.28125 0.01640625 0.03125
0 0.91328125 0.33671875 0.01484375 0.02578125
2 0.7640625 0.2546875 0.01796875 0.040625
2 0.784375 0.17890625 0.01875 0.03359375
2 0.80078125 0.2109375 0.0109375 0.03125
1 0.884375 0.3890625 0.05546875 0.0296875
1 0.81015625 0.34140625 0.0140625 0.034375
1 0.878125 0.359375 0.02109375 0.03203125
1 0.75703125 0.31328125 0.01640625 0.01796875
2 0.95703125 0.26328125 0.01015625 0.03046875
4 0.77421875 0.49375 0.01875 0.02109375
4 0.7890625 0.4875 0.00859375 0.0234375