2 0.0375 0.53515625 0.0140625 0.0453125
2 0.2140625 0.38359375 0.01328125 0.04140625
2 0.22421875 0.48359375 0.00859375 0.04375
2 0.22109375 0.51796875 0.0046875 0.02578125
2 0.053125 0.63359375 0.02578125 0.01875
2 0.046875 0.66484375 0.02421875 0.02421875
2 0.19765625 0.71875 0.01640625 0.01640625
2 0.271875 0.67890625 0.0203125 0.02421875
2 0.37890625 0.63359375 0.01640625 0.0234375
2 0.409375 0.6109375 0.0140625 0.021875
2 0.440625 0.60390625 0.009375 0.04140625
2 0.46015625 0.62421875 0.01171875 0.0203125
2 0.515625 0.5953125 0.01328125 0.046875
2 0.44453125 0.665625 0.01484375 0.02578125
2 0.459375 0.6828125 0.01171875 0.03046875
2 0.44140625 0.775 0.00703125 0.0265625
2 0.45390625 0.79609375 0.01015625 0.0359375
2 0.45078125 0.84375 0.0109375 0.04453125
2 0.421875 0.4703125 0.009375 0.0359375
2 0.45390625 0.48359375 0.01328125 0.03515625
2 0.41953125 0.51328125 0.0109375 0.03671875
2 0.3953125 0.7734375 0.0109375 0.0359375
2 0.390625 0.84140625 0.0140625 0.02578125
2 0.39296875 0.86328125 0.01484375 0.021875
2 0.39140625 0.87734375 0.0140625 0.02578125
2 0.38984375 0.94375 0.0109375 0.03203125
2 0.44296875 0.9765625 0.01484375 0.03359375
2 0.54296875 0.73125 0.01328125 0.03046875
2 0.52890625 0.73828125 0.01015625 0.03671875
2 0.54140625 0.765625 0.01484375 0.021875
2 0.53046875 0.8453125 0.01015625 0.03125
2 0.56484375 0.96796875 0.01484375 0.02109375
2 0.565625 0.98515625 0.0140625 0.01875
2 0.515625 0.39375 0.01015625 0.034375
2 0.61171875 0.51328125 0.01484375 0.021875
2 0.61796875 0.46640625 0.0203125 0.01875
2 0.64375 0.51171875 0.02421875 0.02109375
2 0.81171875 0.88671875 0.01171875 0.03359375
2 0.8359375 0.8984375 0.01328125 0.0359375
2 0.8484375 0.90390625 0.009375 0.03515625
2 0.803125 0.9484375 0.0203125 0.02578125
2 0.80078125 0.9625 0.01875 0.01953125
2 0.79921875 0.98125 0.009375 0.01640625
2 0.68671875 0.51328125 0.0140625 0.021875
2 0.68828125 0.54296875 0.00859375 0.03515625
2 0.828125 0.51640625 0.0203125 0.01953125
2 0.8921875 0.528125 0.0203125 0.02109375
2 0.909375 0.49921875 0.0234375 0.0265625
2 0.9328125 0.48515625 0.0203125 0.01875
3 0.46171875 0.72578125 0.01328125 0.05546875
3 0.4453125 0.725 0.00859375 0.03125
3 0.4578125 0.765625 0.01015625 0.02578125
1 0.459375 0.40078125 0.01796875 0.1046875
0 0.1109375 0.6578125 0.01875 0.01953125
0 0.2875 0.7015625 0.01171875 0.01328125
0 0.39140625 0.70390625 0.0140625 0.01796875
0 0.3984375 0.60078125 0.0140625 0.0234375
0 0.45078125 0.54296875 0.01015625 0.02578125
0 0.459375 0.58828125 0.01171875 0.0296875
0 0.4515625 0.61015625 0.0109375 0.0234375
0 0.43671875 0.84609375 0.01015625 0.028125
0 0.43203125 0.77734375 0.0140625 0.02421875
0 0.5390625 0.64453125 0.009375 0.03203125
0 0.534375 0.7890625 0.01015625 0.02421875
0 0.5390625 0.8125 0.00703125 0.02578125
0 0.54140625 0.83046875 0.0109375 0.03125
0 0.540625 0.8546875 0.01015625 0.0265625
0 0.54140625 0.87890625 0.0140625 0.03125
0 0.5421875 0.903125 0.0109375 0.028125
0 0.5296875 0.95546875 0.0109375 0.01875
0 0.53828125 0.96015625 0.0140625 0.0265625
0 0.528125 0.9796875 0.00703125 0.02421875
0 0.5234375 0.8859375 0.01484375 0.03125
4 0.06875 0.6890625 0.01171875 0.0203125
4 0.19140625 0.696875 0.01328125 0.021875
4 0.13828125 0.684375 0.01640625 0.01796875
4 0.203125 0.67734375 0.01484375 0.0234375
4 0.21328125 0.6390625 0.0109375 0.02578125
4 0.23203125 0.64609375 0.015625 0.01796875
4 0.25078125 0.66875 0.01328125 0.01875
4 0.3515625 0.6015625 0.01171875 0.01953125
4 0.36640625 0.6046875 0.00625 0.02421875
4 0.37578125 0.60390625 0.01015625 0.01796875
4 0.3828125 0.60546875 0.009375 0.02109375
4 0.36953125 0.68203125 0.01328125 0.01796875
4 0.43046875 0.68828125 0.01171875 0.01484375
4 0.434375 0.740625 0.009375 0.0234375
4 0.446875 0.928125 0.0109375 0.0234375
4 0.44140625 0.94140625 0.009375 0.0234375
4 0.4484375 0.871875 0.01015625 0.021875
4 0.43359375 0.65703125 0.00703125 0.01796875
4 0.4359375 0.63828125 0.00703125 0.01953125
4 0.446875 0.64140625 0.00859375 0.01796875
4 0.4578125 0.6484375 0.01015625 0.02109375
4 0.453125 0.56875 0.009375 0.0140625
4 0.44609375 0.52109375 0.01015625 0.01875
4 0.4265625 0.60390625 0.015625 0.01953125
4 0.42578125 0.62109375 0.00859375 0.01796875
4 0.4203125 0.6234375 0.00546875 0.01328125
4 0.5234375 0.68984375 0.01015625 0.0203125
4 0.51171875 0.68671875 0.00546875 0.02421875
4 0.5328125 0.4390625 0.00859375 0.01640625
4 0.54765625 0.44140625 0.00859375 0.01796875
4 0.57890625 0.47421875 0.0109375 0.0140625
4 0.571875 0.45859375 0.009375 0.021875
4 0.51953125 0.484375 0.01015625 0.02421875
4 0.53125 0.59921875 0.009375 0.02578125
2 0.43203125 0.4109375 0.009375 0.025
4 0.45390625 0.13828125 0.01015625 0.021875
4 0.45625 0.1640625 0.00859375 0.02421875
4 0.4546875 0.23359375 0.01171875 0.021875
4 0.446875 0.25390625 0.01171875 0.028125
4 0.453125 0.275 0.01171875 0.02890625
4 0.46328125 0.3140625 0.00859375 0.01484375
4 0.52578125 0.40703125 0.01015625 0.0234375
4 0.58671875 0.3546875 0.01484375 0.02421875
4 0.58046875 0.33203125 0.00859375 0.02109375
4 0.76328125 0.4875 0.01640625 0.03046875
4 0.85546875 0.5 0.01171875 0.01640625
4 0.984375 0.50859375 0.009375 0.021875
4 0.87109375 0.33359375 0.0109375 0.0140625
4 0.878125 0.35703125 0.01015625 0.01796875
4 0.7359375 0.3046875 0.00859375 0.01640625
4 0.51640625 0.178125 0.01328125 0.0203125
4 0.53046875 0.1359375 0.00859375 0.028125
4 0.51875 0.153125 0.01328125 0.021875
2 0.91796875 0.32890625 0.01875 0.03359375
2 0.6140625 0.00859375 0.0203125 0.01640625
2 0.61640625 0.02578125 0.0234375 0.02109375
2 0.61015625 0.04765625 0.01640625 0.02578125
2 0.584375 0.05234375 0.021875 0.0234375
2 0.57890625 0.10078125 0.015625 0.028125
2 0.5625 0.1265625 0.0203125 0.01953125
2 0.56796875 0.1109375 0.01796875 0.0140625
2 0.56484375 0.14453125 0.01796875 0.0203125
2 0.565625 0.1609375 0.02421875 0.0234375
2 0.56640625 0.184375 0.01640625 0.03046875
2 0.56328125 0.203125 0.01796875 0.02578125
3 0.578125 0.259375 0.0203125 0.04296875
2 0.515625 0.04375 0.01484375 0.04296875
2 0.53359375 0.31640625 0.01015625 0.0296875
2 0.51796875 0.31953125 0.01171875 0.0359375
2 0.69921875 0.340625 0.01875 0.02109375
2 0.70703125 0.2828125 0.0109375 0.03359375
2 0.76796875 0.25859375 0.01015625 0.03984375
2 0.79296875 0.203125 0.0109375 0.03984375
2 0.79765625 0.1625 0.015625 0.03828125
2 0.80703125 0.2109375 0.01171875 0.03125
2 0.86640625 0.134375 0.0109375 0.04140625
2 0.8640625 0.1796875 0.009375 0.034375
2 0.86328125 0.21328125 0.01015625 0.0453125
2 0.828125 0.2703125 0.01328125 0.03125
0 0.8578125 0.2890625 0.0109375 0.0234375
0 0.67109375 0.484375 0.0234375 0.01796875
0 0.6453125 0.3078125 0.015625 0.01640625
0 0.68828125 0.3140625 0.0140625 0.01796875
0 0.54375 0.21953125 0.01015625 0.02890625
0 0.5515625 0.1234375 0.00859375 0.021875
0 0.553125 0.0390625 0.00859375 0.021875
0 0.5734375 0.028125 0.01484375 0.0296875
3 0.7921875 0.34375 0.01796875 0.02109375
2 0.09296875 0.03203125 0.02421875 0.021875
2 0.19296875 0.059375 0.0203125 0.01484375
2 0.1875 0.0859375 0.01484375 0.02109375
2 0.228125 0.07109375 0.0203125 0.02109375
2 0.20859375 0.0640625 0.01796875 0.01875
2 0.29296875 0.090625 0.0203125 0.0265625
2 0.3390625 0.103125 0.01796875 0.01640625
2 0.36015625 0.05546875 0.009375 0.04453125
2 0.3375 0.05390625 0.0109375 0.0453125
2 0.309375 0.09453125 0.02109375 0.021875
2 0.40625 0.165625 0.009375 0.03203125
2 0.4140625 0.18203125 0.009375 0.04140625
2 0.4296875 0.17421875 0.01484375 0.01953125
2 0.23203125 0.253125 0.01328125 0.0359375
2 0.215625 0.29921875 0.00625 0.03359375
2 0.04609375 0.21328125 0.01171875 0.03125
2 0.046875 0.078125 0.01328125 0.03515625
2 0.04453125 0.12421875 0.00703125 0.03671875