3 0.14921875 0.64453125 0.0203125 0.0203125
3 0.146875 0.70546875 0.03203125 0.0296875
0 0.07578125 0.76484375 0.01640625 0.0140625
0 0.0984375 0.746875 0.01328125 0.01171875
0 0.0859375 0.6671875 0.015625 0.01484375
0 0.034375 0.70234375 0.01328125 0.015625
0 0.25390625 0.73828125 0.015625 0.01484375
0 0.31953125 0.54296875 0.0140625 0.01484375
4 0.21328125 0.6953125 0.0140625 0.01484375
3 0.2265625 0.24375 0.01640625 0.01875
0 0.43046875 0.3359375 0.015625 0.0140625
0 0.290625 0.69375 0.01484375 0.01328125
4 0.38203125 0.5078125 0.0109375 0.0203125
0 0.41875 0.3625 0.01171875 0.01953125
0 0.584375 0.50703125 0.01328125 0.01875
0 0.521875 0.64140625 0.01171875 0.015625
4 0.521875 0.59609375 0.01015625 0.015625
4 0.61171875 0.33359375 0.01171875 0.0140625
4 0.715625 0.29453125 0.01015625 0.02109375
0 0.803125 0.1765625 0.01484375 0.01796875
4 0.659375 0.2640625 0.0109375 0.01484375
0 0.71171875 0.3609375 0.0140625 0.0265625
0 0.73359375 0.06953125 0.0109375 0.02109375
0 0.69453125 0.18203125 0.0140625 0.01484375
4 0.85546875 0.08828125 0.00859375 0.02421875
2 0.7134300812500001 0.617598221875 0.69771769375 0.599944240625 0.6949013078124999 0.6096934515625 0.708712228125 0.6280483171875 0.7134300812500001 0.617598221875
4 0.018601040625000002 0.7461101171875 0.0029593890625 0.750851953125 0.004171921875 0.7629220906249999 0.019934828125 0.75818025625 0.018601040625000002 0.7461101171875
4 0.040625 0.76640625 0.01328125 0.01015625
4 0.4796875 0.621875 0.01015625 0.009375
4 0.33203125 0.6640625 0.0109375 0.01171875
4 0.40625 0.57265625 0.009375 0.01171875
0 0.18203125 0.64375 0.01171875 0.01328125
4 0.2484375 0.60078125 0.01171875 0.009375
4 0.446875 0.58046875 0.0109375 0.01484375
4 0.35703125 0.32109375 0.01015625 0.01484375
4 0.4515625 0.428125 0.01015625 0.0140625
2 0.38359375 0.3734375 0.01640625 0.0203125
0 0.471875 0.34453125 0.01484375 0.01484375
4 0.50390625 0.56640625 0.01171875 0.01484375
4 0.51015625 0.42890625 0.01015625 0.01796875
4 0.25625 0.26640625 0.00859375 0.01484375
2 0.27890625 0.23203125 0.02109375 0.028125
4 0.1359375 0.259375 0.0109375 0.01796875
0 0.29296875 0.4859375 0.01171875 0.0140625
0 0.1546875 0.353125 0.0109375 0.015625
4 0.1015625 0.2625 0.0109375 0.0140625
2 0.1984375 0.390625 0.01953125 0.0296875
0 0.61796875 0.5625 0.01328125 0.01640625
0 0.578125 0.62109375 0.01015625 0.01875
0 0.6109375 0.5265625 0.0140625 0.01328125
4 0.59453125 0.53125 0.0109375 0.01640625
4 0.55078125 0.62734375 0.0109375 0.015625
4 0.590625 0.48359375 0.01171875 0.01328125
4 0.5734375 0.47578125 0.01328125 0.01171875
2 0.64140625 0.73359375 0.01875 0.028125
0 0.615625 0.48671875 0.01015625 0.015625
4 0.6203125 0.396875 0.009375 0.01171875
4 0.71796875 0.6515625 0.01015625 0.01875
4 0.80703125 0.771875 0.01171875 0.01953125
2 0.684375 0.5921875 0.01796875 0.0234375
4 0.7162404171875 0.814919821875 0.7193604578125 0.8086804078125001 0.7118579953124999 0.8001986531249999 0.708830325 0.8066006 0.7162404171875 0.814919821875
0 0.8265625 0.73828125 0.01796875 0.0265625
4 0.8328125 0.903125 0.01015625 0.0203125
4 0.84453125 0.8140625 0.01015625 0.0140625
4 0.8671875 0.8359375 0.01171875 0.0140625
4 0.8390625 0.9375 0.0109375 0.01796875
4 0.80703125 0.7515625 0.01171875 0.01875
4 0.8875 0.86484375 0.00859375 0.01875
3 0.7421875 0.8484375 0.01953125 0.0203125
4 0.87890625 0.94921875 0.01171875 0.01328125
0 0.67578125 0.78203125 0.01328125 0.0140625
0 0.6796875 0.5015625 0.01015625 0.021875
0 0.665625 0.50546875 0.009375 0.01953125
0 0.7359375 0.47109375 0.00859375 0.01875
4 0.7484375 0.3421875 0.00703125 0.015625
4 0.79609375 0.15390625 0.0109375 0.01171875
0 0.67890625 0.7015625 0.01015625 0.0203125
4 0.43046875 0.478125 0.0109375 0.0109375
0 0.67578125 0.46171875 0.0109375 0.02421875
0 0.20546875 0.3484375 0.01953125 0.02421875
2 0.48671875 0.65078125 0.0203125 0.025
0 0.51171875 0.6515625 0.01015625 0.02421875
4 0.4984375 0.51015625 0.01015625 0.0203125
0 0.4984375 0.6078125 0.01484375 0.01796875
4 0.421875 0.56640625 0.0109375 0.02109375
4 0.4578125 0.590625 0.009375 0.01484375
4 0.5328125 0.653125 0.01015625 0.0109375
4 0.5140625 0.4484375 0.00859375 0.0203125
4 0.57734375 0.4734375 0.00703125 0.01640625
4 0.5640625 0.45390625 0.00703125 0.01796875
4 0.575 0.32890625 0.009375 0.01015625
4 0.609375 0.3640625 0.0109375 0.0109375
2 0.51328125 0.4984375 0.01875 0.021875
6 0.58824488125 0.5312142296875 0.5704317171875 0.5084157921875 0.5652065296875 0.5189706203125 0.582307159375 0.54092466875 0.58824488125 0.5312142296875
2 0.6127273343749999 0.572613671875 0.6005907781250001 0.5572037953125 0.597123175 0.5705590328125 0.6072735140625001 0.5859186234375 0.6127273343749999 0.572613671875
4 0.7875 0.853125 0.01171875 0.01328125
3 0.6765625 0.8046875 0.0140625 0.01953125
0 0.6296875 0.75546875 0.015625 0.0140625
4 0.596875 0.56796875 0.01015625 0.015625
2 0.54609375 0.690625 0.01953125 0.01875
4 0.5671875 0.721875 0.01171875 0.01328125
0 0.5421875 0.67109375 0.01328125 0.015625
0 0.58671875 0.64296875 0.01015625 0.01484375
4 0.640625 0.609375 0.00859375 0.0140625
4 0.62734375 0.5375 0.00859375 0.015625
4 0.63203125 0.56640625 0.01328125 0.01171875
4 0.41484375 0.54765625 0.00703125 0.01328125
4 0.33515625 0.5375 0.00859375 0.01484375
0 0.28203125 0.56796875 0.015625 0.01875
2 0.4390625 0.3953125 0.02109375 0.02421875
2 0.134375 0.33203125 0.02109375 0.0234375
2 0.27578125 0.52421875 0.025 0.01640625
0 0.21953125 0.55 0.0109375 0.0203125
0 0.1984375 0.7109375 0.0140625 0.02109375
4 0.25859375 0.61953125 0.01171875 0.015625
3 0.5265625 0.4828125 0.01640625 0.01796875
0 0.34296875 0.33125 0.0109375 0.01875
2 0.4234375 0.634375 0.01796875 0.021875
4 0.49296875 0.584375 0.01015625 0.0109375
4 0.68046875 0.25546875 0.00859375 0.01796875
4 0.5453125 0.396875 0.0109375 0.015625
4 0.49609375 0.38046875 0.01171875 0.0109375
4 0.56484375 0.42265625 0.01015625 0.01484375
3 0.529649671875 0.6188050281249999 0.5067632984375 0.60462210625 0.5042437046875 0.6158191421875 0.527465896875 0.6348170640624999 0.529649671875 0.6188050281249999
2 0.6037065046875 0.6866988671875001 0.5892187984375 0.6691568546875 0.5841795953125 0.680353890625 0.596147690625 0.6975226875 0.6037065046875 0.6866988671875001
0 0.4640625 0.39453125 0.01171875 0.021875
0 0.68125 0.4328125 0.01328125 0.021875
2 0.58671875 0.4453125 0.009375 0.03125
4 0.646875 0.32109375 0.01015625 0.015625
6 0.59551165 0.7014962828125 0.5710218796875 0.680719290625 0.5665692 0.69654938125 0.5907806718749999 0.7200471640624999 0.59551165 0.7014962828125
4 0.78515625 0.87734375 0.01328125 0.0203125
4 0.64609375 0.57578125 0.01484375 0.01796875
4 0.65390625 0.60078125 0.01796875 0.0203125
0 0.5015625 0.47421875 0.01328125 0.01953125
0 0.54140625 0.37890625 0.01171875 0.01953125
2 0.46171875 0.4171875 0.02109375 0.01640625
2 0.56015625 0.4765625 0.0234375 0.0265625
2 0.421875 0.43125 0.03046875 0.03125
1 0.346875 0.6125 0.0546875 0.03828125
1 0.5609375 0.5921875 0.05078125 0.0640625
1 0.61875 0.66640625 0.04140625 0.04921875
1 0.6453125 0.465625 0.0359375 0.10390625
2 0.55 0.490625 0.01953125 0.02578125
0 0.634375 0.26171875 0.0140625 0.03046875
2 0.4984375 0.403125 0.021875 0.025
2 0.48203125 0.42265625 0.0203125 0.02890625