2 0.5046875 0.42890625 0.03125 0.03515625
2 0.4953125 0.36875 0.03359375 0.03203125
2 0.61484375 0.428125 0.02578125 0.03515625
2 0.82578125 0.409375 0.02890625 0.03203125
4 0.90546875 0.38203125 0.01796875 0.03046875
2 0.9671875 0.4015625 0.02890625 0.03203125
2 0.978125 0.31328125 0.03671875 0.03359375
2 0.896875 0.3203125 0.034375 0.03359375
2 0.7765625 0.23984375 0.03671875 0.03515625
2 0.76484375 0.15546875 0.02890625 0.0359375
4 0.784375 0.14296875 0.01328125 0.03046875
2 0.14609375 0.2828125 0.0265625 0.05
2 0.034375 0.08671875 0.02578125 0.05625
2 0.03125 0.1984375 0.02578125 0.04921875
2 0.04453125 0.228125 0.02109375 0.0484375
2 0.03046875 0.30078125 0.02109375 0.05703125
2 0.02578125 0.253125 0.021875 0.04921875
4 0.0359375 0.26875 0.01328125 0.028125
2 0.12890625 0.40546875 0.02890625 0.04140625
0 0.1921875 0.39453125 0.02890625 0.034375
2 0.2046875 0.48984375 0.02890625 0.03125
2 0.2703125 0.52578125 0.03203125 0.0390625
2 0.178125 0.6046875 0.0265625 0.0359375
2 0.16484375 0.5546875 0.02578125 0.0296875
2 0.13515625 0.54140625 0.03046875 0.028125
2 0.10703125 0.5546875 0.0296875 0.03125
2 0.05703125 0.54140625 0.02421875 0.02578125
2 0.0671875 0.6296875 0.03359375 0.03046875
0 0.1390625 0.60625 0.01953125 0.0296875
4 0.11171875 0.61328125 0.015625 0.0265625
4 0.12109375 0.5953125 0.01640625 0.0203125
4 0.0890625 0.61171875 0.01171875 0.025
4 0.02421875 0.62421875 0.015625 0.028125
4 0.00859375 0.5859375 0.0171875 0.025
4 0.01953125 0.571875 0.015625 0.0203125
4 0.03359375 0.53515625 0.02421875 0.03671875
2 0.04453125 0.565625 0.02890625 0.03046875
2 0.08125 0.56328125 0.03046875 0.0265625
2 0.07890625 0.58359375 0.03203125 0.02890625
2 0.06875 0.6046875 0.03125 0.02890625
0 0.0375 0.60390625 0.02109375 0.021875
4 0.0375 0.621875 0.01796875 0.0234375
4 0.2484375 0.590625 0.01875 0.0296875
2 0.10703125 0.5765625 0.02578125 0.02890625
4 0.09453125 0.60078125 0.01875 0.02578125
2 0.13828125 0.56640625 0.0296875 0.034375
2 0.0375 0.5875 0.0296875 0.03046875
4 0.0765625 0.5453125 0.01796875 0.0234375
4 0.565625 0.33828125 0.01796875 0.028125
2 0.00703125 0.3296875 0.0140625 0.071875
4 0.00703125 0.28828125 0.0140625 0.03671875
0 0.01640625 0.296875 0.015625 0.03671875