2 0.7296875 0.4546875 0.02578125 0.03046875
2 0.69296875 0.55703125 0.02890625 0.0234375
2 0.621875 0.521875 0.021875 0.01796875
2 0.64609375 0.5484375 0.02421875 0.015625
2 0.62265625 0.54921875 0.0203125 0.0140625
2 0.65 0.56484375 0.01796875 0.01328125
2 0.6265625 0.5765625 0.0203125 0.01640625
2 0.7046875 0.80546875 0.02421875 0.034375
4 0.7453125 0.42109375 0.00546875 0.0203125
4 0.75078125 0.41953125 0.00390625 0.02421875
4 0.7515625 0.36875 0.0046875 0.02578125
4 0.75859375 0.37421875 0.00546875 0.0203125
4 0.76875 0.37421875 0.00546875 0.01953125
4 0.77578125 0.3859375 0.00703125 0.0203125
4 0.79375 0.37421875 0.00546875 0.01640625
4 0.80625 0.3671875 0.00703125 0.01484375
4 0.79140625 0.41875 0.0046875 0.01875
4 0.809375 0.41875 0.0046875 0.01953125
4 0.82109375 0.41875 0.0046875 0.01796875
4 0.81484375 0.41875 0.00546875 0.01875
4 0.84140625 0.37109375 0.00546875 0.0140625
4 0.85546875 0.36953125 0.00546875 0.0140625
4 0.878125 0.37421875 0.00859375 0.0140625
4 0.8453125 0.41640625 0.0046875 0.01640625
4 0.85078125 0.415625 0.00546875 0.015625
4 0.86875 0.41484375 0.00546875 0.015625
4 0.83203125 0.384375 0.00625 0.0140625
4 0.796875 0.48671875 0.0109375 0.01328125
4 0.88515625 0.525 0.01875 0.01640625
0 0.9015625 0.4765625 0.01953125 0.01796875
0 0.76796875 0.6375 0.009375 0.0265625
0 0.7859375 0.63515625 0.00859375 0.0234375
4 0.778125 0.65078125 0.0046875 0.01796875
4 0.703125 0.6265625 0.01328125 0.00703125
4 0.7015625 0.6359375 0.01015625 0.009375
4 0.703125 0.64921875 0.0109375 0.00546875
4 0.7 0.65703125 0.009375 0.00703125
4 0.73125 0.64765625 0.00859375 0.009375
4 0.72890625 0.6640625 0.009375 0.00859375
2 0.728125 0.69296875 0.01796875 0.03984375
4 0.846875 0.43203125 0.009375 0.01171875
4 0.60625 0.4609375 0.0109375 0.0109375
0 0.63515625 0.51015625 0.01328125 0.015625
4 0.62109375 0.5046875 0.00859375 0.0109375
4 0.61171875 0.5078125 0.01015625 0.00859375
4 0.61328125 0.5609375 0.009375 0.01015625
4 0.62421875 0.5625 0.009375 0.009375
4 0.609375 0.571875 0.01015625 0.00703125
4 0.6078125 0.5828125 0.01015625 0.01015625
4 0.51953125 0.58359375 0.00859375 0.01875
4 0.521875 0.6125 0.00859375 0.01640625
4 0.44453125 0.6 0.00859375 0.01640625
4 0.49375 0.47265625 0.01015625 0.01796875
4 0.5078125 0.70625 0.00859375 0.01875
4 0.4109375 0.9640625 0.00703125 0.01796875
4 0.48125 0.83671875 0.00703125 0.021875
4 0.49140625 0.828125 0.00546875 0.01875
4 0.4859375 0.86328125 0.0046875 0.01796875
4 0.49375 0.84921875 0.00546875 0.01796875
4 0.35703125 0.76875 0.00625 0.0203125
0 0.46640625 0.7 0.01171875 0.0296875
0 0.434375 0.76015625 0.009375 0.028125
0 0.42578125 0.784375 0.00703125 0.02109375
0 0.44453125 0.77265625 0.009375 0.0265625
0 0.49609375 0.71328125 0.009375 0.0265625
0 0.4625 0.79296875 0.01015625 0.028125
0 0.453125 0.8109375 0.00859375 0.02890625
0 0.44140625 0.8015625 0.009375 0.03203125
0 0.48671875 0.79765625 0.01015625 0.02578125
0 0.4765625 0.88046875 0.0109375 0.0296875
0 0.49921875 0.75859375 0.009375 0.03046875
0 0.51171875 0.7453125 0.00859375 0.021875
0 0.51015625 0.65625 0.01171875 0.025
4 0.36953125 0.6359375 0.009375 0.01328125
4 0.40546875 0.55859375 0.01171875 0.01484375
4 0.16015625 0.55078125 0.009375 0.01484375
4 0.19296875 0.58203125 0.01328125 0.01875
4 0.171875 0.59296875 0.01015625 0.015625
4 0.12421875 0.5640625 0.01328125 0.01328125
2 0.053125 0.509375 0.02578125 0.02578125
2 0.09296875 0.52578125 0.02578125 0.03125
2 0.0234375 0.54140625 0.021875 0.02109375
2 0.06953125 0.55703125 0.0203125 0.02109375
2 0.04765625 0.553125 0.01953125 0.015625
2 0.03359375 0.57890625 0.01640625 0.03359375
2 0.05078125 0.5828125 0.01328125 0.028125
2 0.08828125 0.58203125 0.0234375 0.02109375
2 0.0953125 0.6546875 0.01953125 0.03046875
2 0.0890625 0.68984375 0.01484375 0.03828125
2 0.08203125 0.7265625 0.01796875 0.0359375
2 0.18125 0.62109375 0.0265625 0.034375
0 0.1390625 0.55546875 0.0203125 0.021875
0 0.096875 0.4078125 0.01796875 0.0203125
4 0.078125 0.37421875 0.015625 0.01875
4 0.11484375 0.38828125 0.01328125 0.01796875
4 0.19453125 0.409375 0.015625 0.01796875
6 0.16328125 0.4234375 0.04375 0.046875
0 0.22109375 0.428125 0.0203125 0.02578125
6 0.353125 0.59921875 0.02890625 0.0296875
6 0.2359375 0.57734375 0.0515625 0.05625
2 0.27421875 0.4640625 0.0265625 0.02578125
0 0.28203125 0.60234375 0.01640625 0.0203125
2 0.30703125 0.465625 0.02578125 0.02421875
2 0.30546875 0.4890625 0.025 0.01953125
2 0.33671875 0.45078125 0.02421875 0.01484375
2 0.33203125 0.48671875 0.021875 0.01953125
2 0.3578125 0.4890625 0.01796875 0.01640625
2 0.3875 0.48828125 0.02109375 0.01796875
0 0.36875 0.4546875 0.01484375 0.01171875
0 0.38984375 0.46953125 0.0140625 0.015625
0 0.3734375 0.4703125 0.0109375 0.015625
0 0.371875 0.50390625 0.0109375 0.01171875
0 0.3859375 0.50546875 0.0140625 0.01171875
4 0.3859375 0.3828125 0.00859375 0.02109375
4 0.38671875 0.43359375 0.009375 0.01171875
4 0.36484375 0.440625 0.01015625 0.01015625
4 0.33359375 0.43671875 0.009375 0.00625
4 0.3515625 0.47734375 0.00859375 0.01015625
4 0.3609375 0.47109375 0.00859375 0.009375
4 0.3390625 0.46328125 0.00703125 0.00546875
4 0.3546875 0.44453125 0.00859375 0.009375
4 0.3546875 0.45703125 0.00859375 0.009375
4 0.37578125 0.44375 0.00625 0.009375
4 0.38515625 0.44453125 0.00703125 0.00625
4 0.3953125 0.44765625 0.00859375 0.00859375
4 0.38203125 0.45625 0.009375 0.009375
4 0.39296875 0.45703125 0.00859375 0.00859375
4 0.36015625 0.50625 0.009375 0.0109375
4 0.40390625 0.40390625 0.009375 0.0140625
4 0.39609375 0.3796875 0.0046875 0.01875
4 0.40546875 0.378125 0.0046875 0.01875
4 0.41328125 0.3765625 0.00390625 0.015625
4 0.42109375 0.37578125 0.0046875 0.01953125
4 0.415625 0.34296875 0.00546875 0.01484375
4 0.42578125 0.33828125 0.00546875 0.01171875
4 0.428125 0.3703125 0.0046875 0.01796875
4 0.440625 0.33671875 0.00703125 0.01328125
4 0.4421875 0.31015625 0.009375 0.01484375
4 0.4546875 0.28515625 0.01171875 0.00703125
4 0.43359375 0.31015625 0.00859375 0.01015625
4 0.43203125 0.3234375 0.009375 0.00859375
4 0.45 0.3421875 0.00703125 0.01484375
4 0.45625 0.309375 0.00703125 0.0140625
4 0.46171875 0.29453125 0.00703125 0.01171875
4 0.44921875 0.3234375 0.00859375 0.01328125
4 0.47109375 0.384375 0.009375 0.01328125
4 0.46796875 0.3953125 0.0109375 0.009375
0 0.471875 0.47890625 0.01015625 0.034375
0 0.46875 0.31015625 0.01015625 0.0234375
4 0.48828125 0.2875 0.00859375 0.0203125
4 0.515625 0.3078125 0.00859375 0.01640625
4 0.46015625 0.24921875 0.00859375 0.009375
4 0.459375 0.2671875 0.01015625 0.01015625
4 0.47890625 0.2109375 0.009375 0.00859375
4 0.4765625 0.221875 0.009375 0.01015625
2 0.48984375 0.18828125 0.01796875 0.034375
2 0.509375 0.10390625 0.0140625 0.04140625
4 0.53046875 0.08359375 0.01015625 0.01953125
0 0.59921875 0.0765625 0.01875 0.03125
0 0.58125 0.23125 0.0140625 0.021875
0 0.56953125 0.30703125 0.01328125 0.02578125
6 0.5765625 0.20703125 0.03046875 0.07890625
6 0.55390625 0.29453125 0.03125 0.08828125
4 0.56015625 0.4140625 0.009375 0.01953125
4 0.52421875 0.3515625 0.00859375 0.01640625
4 0.5953125 0.34609375 0.00703125 0.01171875
4 0.5984375 0.36328125 0.00546875 0.0109375
4 0.60546875 0.34609375 0.00625 0.00546875
4 0.60625 0.37734375 0.00703125 0.00625
4 0.61171875 0.39375 0.00546875 0.009375