1 0.23046875 0.66953125 0.0546875 0.0296875
1 0.28671875 0.66328125 0.05390625 0.03046875
2 0.3671875 0.690625 0.01796875 0.015625
4 0.03984375 0.7921875 0.0109375 0.0109375
3 0.05390625 0.86328125 0.02890625 0.0234375
4 0.175 0.7984375 0.01328125 0.0109375
4 0.24609375 0.78359375 0.01171875 0.01171875
4 0.278125 0.78984375 0.0109375 0.009375
4 0.29140625 0.803125 0.01171875 0.0109375
4 0.34609375 0.78125 0.01171875 0.009375
4 0.37890625 0.77421875 0.01015625 0.0109375
4 0.43515625 0.7765625 0.01171875 0.0109375
2 0.409375 0.8046875 0.021875 0.02109375
2 0.34921875 0.8515625 0.01640625 0.01796875
2 0.346875 0.884375 0.0234375 0.01953125
4 0.309375 0.903125 0.0109375 0.01171875
0 0.1515625 0.95703125 0.0140625 0.015625
4 0.3953125 0.94140625 0.01015625 0.01328125
2 0.40703125 0.88828125 0.02109375 0.0234375
2 0.49296875 0.61171875 0.01015625 0.03671875
2 0.53125 0.56640625 0.009375 0.03203125
2 0.52109375 0.453125 0.0109375 0.03671875
4 0.4796875 0.46875 0.00546875 0.01640625
4 0.4828125 0.44140625 0.00546875 0.01796875
4 0.5296875 0.2953125 0.0046875 0.01875
4 0.47421875 0.240625 0.00546875 0.01875
2 0.48203125 0.27890625 0.01015625 0.03515625
2 0.49140625 0.340625 0.0109375 0.0453125
4 0.47578125 0.1390625 0.00546875 0.0203125
4 0.484375 0.1140625 0.00546875 0.01953125
4 0.5265625 0.12109375 0.00546875 0.0203125
0 0.52890625 0.83359375 0.01171875 0.02109375
4 0.54609375 0.83359375 0.01015625 0.01328125
2 0.5484375 0.80625 0.021875 0.021875
4 0.559375 0.83515625 0.009375 0.01171875
4 0.58203125 0.8453125 0.01015625 0.01484375
4 0.5640625 0.7734375 0.01015625 0.00859375
4 0.61015625 0.9046875 0.01015625 0.0109375
0 0.665625 0.8859375 0.01640625 0.01640625
4 0.6734375 0.8578125 0.01171875 0.0109375
3 0.8140625 0.81796875 0.02890625 0.0234375
4 0.81875 0.7734375 0.01171875 0.01015625
4 0.9234375 0.884375 0.0140625 0.0109375
4 0.9046875 0.71796875 0.01171875 0.01171875
4 0.8390625 0.7296875 0.01171875 0.01328125
4 0.9875 0.696875 0.01015625 0.00859375
2 0.975 0.725 0.0203125 0.01796875