2 0.14375 0.5765625 0.0296875 0.02421875
2 0.490625 0.4625 0.02578125 0.021875
2 0.765625 0.1609375 0.02578125 0.0234375
2 0.553125 0.41015625 0.0203125 0.01953125
2 0.6953125 0.4390625 0.0234375 0.02421875
2 0.15 0.2796875 0.0203125 0.040625
2 0.98046875 0.378125 0.0265625 0.02421875
2 0.81953125 0.39609375 0.0265625 0.0234375
4 0.703125 0.53359375 0.0140625 0.01640625
2 0.77421875 0.24375 0.02578125 0.021875
2 0.73828125 0.42109375 0.025 0.025
1 0.3984375 0.44921875 0.0546875 0.034375
0 0.234375 0.58984375 0.01796875 0.01953125
4 0.184375 0.54375 0.0140625 0.01171875
3 0.0890625 0.05078125 0.015625 0.03203125
2 0.053125 0.56015625 0.02421875 0.0234375
4 0.4515625 0.42890625 0.01171875 0.01171875
2 0.31484375 0.4359375 0.02109375 0.01953125
2 0.0328125 0.29375 0.0203125 0.046875
0 0.61328125 0.4234375 0.01796875 0.01875
0 0.7703125 0.43046875 0.01640625 0.01875
0 0.70078125 0.40703125 0.01796875 0.02109375
0 0.78515625 0.37734375 0.01640625 0.01796875
2 0.0453125 0.58203125 0.02578125 0.021875
4 0.02109375 0.57890625 0.015625 0.01640625
2 0.89609375 0.32421875 0.0296875 0.02421875
2 0.98203125 0.315625 0.028125 0.01953125
4 0.21796875 0.43203125 0.01484375 0.0140625
0 0.1921875 0.390625 0.01640625 0.01640625
2 0.021875 0.5484375 0.02890625 0.021875
4 0.03359375 0.53359375 0.015625 0.01484375
4 0.03359375 0.56484375 0.01328125 0.01171875
2 0.00859375 0.31796875 0.01640625 0.0453125
4 0.00625 0.2859375 0.01015625 0.01640625
2 0.49765625 0.37109375 0.025 0.02109375
2 0.62109375 0.44609375 0.0234375 0.021875
2 0.55625 0.4359375 0.03125 0.025
4 0.85546875 0.3796875 0.01796875 0.0140625
4 0.89921875 0.378125 0.01484375 0.0140625
4 0.96328125 0.3484375 0.01875 0.0140625
3 0.33203125 0.47578125 0.025 0.02109375
6 0.46171875 0.3984375 0.0234375 0.0203125
4 0.56484375 0.33984375 0.01328125 0.0140625
4 0.040625 0.23359375 0.01015625 0.025
4 0.00390625 0.1015625 0.00703125 0.02421875
2 0.98125 0.3765625 0.02421875 0.01953125
2 0.9796875 0.315625 0.0234375 0.0109375
2 0.896875 0.3234375 0.02578125 0.01953125
4 0.9640625 0.346875 0.01171875 0.01015625
4 0.90078125 0.378125 0.01328125 0.0109375
4 0.8546875 0.3796875 0.015625 0.0140625
2 0.81875 0.39375 0.02421875 0.01796875
2 0.77578125 0.24296875 0.02421875 0.01328125
2 0.76484375 0.16015625 0.02109375 0.01640625
3 0.78515625 0.3765625 0.0140625 0.01328125
3 0.76796875 0.42890625 0.0109375 0.01328125
3 0.70078125 0.40625 0.01484375 0.01484375
2 0.73828125 0.4203125 0.021875 0.0140625
2 0.69453125 0.4359375 0.021875 0.01640625
2 0.621875 0.44609375 0.02109375 0.01796875
3 0.6140625 0.421875 0.015625 0.01640625
2 0.5546875 0.43515625 0.021875 0.01796875
2 0.553125 0.40859375 0.0203125 0.0140625
4 0.56640625 0.33828125 0.009375 0.01171875
4 0.7015625 0.53203125 0.01171875 0.01328125
2 0.4890625 0.459375 0.02109375 0.0203125
1 0.4 0.45078125 0.05703125 0.0265625
2 0.49765625 0.3703125 0.0265625 0.01640625
4 0.4515625 0.42890625 0.01328125 0.0109375
6 0.4640625 0.3984375 0.0203125 0.01875
6 0.33125 0.475 0.0203125 0.015625
2 0.315625 0.434375 0.01953125 0.01953125
3 0.23515625 0.5890625 0.0140625 0.01796875
2 0.14921875 0.2796875 0.01796875 0.0390625
4 0.21796875 0.43125 0.0140625 0.01171875
0 0.190625 0.38984375 0.01640625 0.01484375
4 0.184375 0.54375 0.01015625 0.01015625
2 0.14453125 0.578125 0.0265625 0.01796875
2 0.05390625 0.55625 0.0234375 0.02109375
2 0.0453125 0.58203125 0.021875 0.015625
2 0.02109375 0.5484375 0.0265625 0.015625
2 0.03203125 0.29296875 0.01171875 0.0453125
2 0.00625 0.3140625 0.01171875 0.04375
4 0.040625 0.23125 0.009375 0.0234375
6 0.090625 0.04765625 0.015625 0.02421875
4 0.0046875 0.02578125 0.00859375 0.01875
4 0.00390625 0.0984375 0.0078125 0.01875
4 0.00625 0.2859375 0.0109375 0.01796875
4 0.01875 0.5765625 0.0109375 0.01171875
4 0.03359375 0.56484375 0.009375 0.00859375
4 0.034375 0.53203125 0.01640625 0.0140625