4 0.16875 0.32890625 0.015625 0.021875
3 0.134375 0.3421875 0.01640625 0.01875
4 0.1328125 0.35078125 0.01875 0.0203125
6 0.346875 0.409375 0.0265625 0.025
4 0.33125 0.41796875 0.01640625 0.0203125
4 0.39140625 0.39375 0.01484375 0.025
4 0.4046875 0.415625 0.015625 0.025
4 0.37734375 0.42890625 0.01640625 0.0203125
4 0.30078125 0.20625 0.0203125 0.0203125
2 0.396875 0.21171875 0.03046875 0.03046875
4 0.43203125 0.23203125 0.0140625 0.01796875
4 0.4453125 0.240625 0.01328125 0.02421875
2 0.23046875 0.15703125 0.0296875 0.028125
0 0.50625 0.14609375 0.0203125 0.025
4 0.5578125 0.1890625 0.01640625 0.02109375
2 0.1640625 0.15 0.02890625 0.03046875
4 0.1296875 0.1265625 0.01796875 0.021875
4 0.06796875 0.09296875 0.02109375 0.0265625
0 0.04296875 0.015625 0.021875 0.03046875
4 0.015625 0.05 0.01640625 0.0203125
4 0.015625 0.06328125 0.0203125 0.021875
2 0.090625 0.0234375 0.021875 0.03671875
4 0.0296875 0.02109375 0.0140625 0.02109375
2 0.5609375 0.078125 0.01875 0.0390625
2 0.54140625 0.01015625 0.01875 0.0203125
2 0.62421875 0.0140625 0.0171875 0.028125
2 0.63984375 0.0109375 0.015625 0.021875
4 0.6546875 0.2046875 0.01484375 0.021875
4 0.684375 0.215625 0.01640625 0.01796875
4 0.77109375 0.2390625 0.01171875 0.01953125
2 0.734375 0.21796875 0.02578125 0.0296875
2 0.78125 0.15546875 0.01796875 0.04609375
4 0.765625 0.1984375 0.015625 0.0203125
4 0.76953125 0.184375 0.015625 0.01953125
4 0.69921875 0.1265625 0.01015625 0.01953125
4 0.70859375 0.1265625 0.0109375 0.02421875
4 0.6828125 0.1265625 0.01171875 0.0296875
2 0.82265625 0.02890625 0.01875 0.04453125
2 0.83984375 0.178125 0.025 0.02890625
4 0.859375 0.18828125 0.01640625 0.02421875
2 0.96796875 0.421875 0.03046875 0.03515625
2 0.9265625 0.37734375 0.03046875 0.034375
2 0.9109375 0.4265625 0.02890625 0.0265625
4 0.878125 0.43203125 0.02109375 0.02421875
0 0.82421875 0.43046875 0.0234375 0.028125
0 0.79296875 0.415625 0.0203125 0.02421875
4 0.77890625 0.4359375 0.01484375 0.021875
2 0.7765625 0.39140625 0.03046875 0.02890625
2 0.74296875 0.421875 0.02890625 0.02578125
2 0.74609375 0.40078125 0.02890625 0.0296875
2 0.71953125 0.365625 0.03046875 0.025
2 0.71953125 0.38828125 0.0265625 0.0296875
4 0.69375 0.409375 0.0140625 0.01640625
2 0.675 0.43828125 0.02890625 0.02578125
0 0.6828125 0.41953125 0.01875 0.02109375
0 0.6640625 0.41875 0.0203125 0.0203125
2 0.6640625 0.3609375 0.02578125 0.02578125
2 0.69296875 0.3609375 0.0296875 0.03203125
3 0.6359375 0.384375 0.025 0.021875
4 0.6234375 0.421875 0.01640625 0.0234375
4 0.63125 0.41875 0.01953125 0.01953125
4 0.63359375 0.40859375 0.01484375 0.015625
4 0.628125 0.3984375 0.01640625 0.01640625
4 0.64453125 0.4140625 0.01796875 0.01796875
4 0.65859375 0.40390625 0.01328125 0.01796875
0 0.64453125 0.40234375 0.0203125 0.0234375
0 0.66328125 0.41640625 0.01953125 0.02421875
2 0.66953125 0.38828125 0.03359375 0.02890625
2 0.6953125 0.3859375 0.0265625 0.03046875
2 0.6390625 0.365625 0.025 0.0265625
4 0.63203125 0.34296875 0.01484375 0.0140625
4 0.63203125 0.3515625 0.015625 0.01484375
4 0.64296875 0.35 0.01640625 0.01953125
4 0.646875 0.37578125 0.0140625 0.0140625
4 0.55546875 0.41796875 0.01015625 0.03125
4 0.54453125 0.371875 0.01171875 0.02421875
2 0.5265625 0.38203125 0.02109375 0.046875
2 0.534375 0.71328125 0.01953125 0.05
2 0.528125 0.81484375 0.0203125 0.0515625
4 0.56328125 0.6796875 0.009375 0.03203125
2 0.50703125 0.9859375 0.01953125 0.028125
2 0.45703125 0.984375 0.01875 0.03046875
2 0.46015625 0.94765625 0.02109375 0.04921875
2 0.46328125 0.89453125 0.02109375 0.04453125
2 0.4734375 0.85078125 0.01875 0.04453125
2 0.46328125 0.78203125 0.01640625 0.04296875
2 0.4734375 0.79453125 0.01640625 0.04921875
4 0.4484375 0.6890625 0.01171875 0.028125
0 0.46171875 0.68828125 0.0140625 0.03203125
0 0.46953125 0.6578125 0.01328125 0.03203125
0 0.46953125 0.63125 0.01796875 0.0359375
2 0.48359375 0.70390625 0.01640625 0.04453125
2 0.47109375 0.69453125 0.01796875 0.04609375
2 0.48984375 0.65625 0.01796875 0.04453125
2 0.4953125 0.609375 0.0203125 0.0453125
2 0.50078125 0.5609375 0.01640625 0.04609375
4 0.49140625 0.5609375 0.01015625 0.02578125
2 0.46171875 0.60625 0.01640625 0.04375
4 0.46875 0.60703125 0.009375 0.0265625
4 0.47421875 0.59296875 0.01015625 0.025
2 0.45234375 0.65703125 0.01640625 0.04921875
4 0.4578125 0.6359375 0.00859375 0.02421875
4 0.46171875 0.63046875 0.0109375 0.021875
4 0.46171875 0.65234375 0.01171875 0.02109375
4 0.5109375 0.4765625 0.01015625 0.0265625
4 0.5109375 0.509375 0.009375 0.02421875
4 0.5078125 0.53203125 0.0109375 0.021875
4 0.4703125 0.4625 0.01015625 0.02578125
4 0.4734375 0.4828125 0.0109375 0.02578125
4 0.478125 0.4859375 0.01015625 0.025
4 0.48515625 0.48125 0.01015625 0.0265625
4 0.4890625 0.49296875 0.00859375 0.02890625
4 0.49375 0.49296875 0.01015625 0.0296875
4 0.46953125 0.49609375 0.01015625 0.0234375
4 0.46953125 0.5140625 0.0140625 0.021875
4 0.4703125 0.5265625 0.009375 0.0234375
4 0.47421875 0.53046875 0.009375 0.0265625
4 0.48203125 0.5265625 0.01015625 0.0265625
4 0.48125 0.50078125 0.0109375 0.0234375
2 0.4734375 0.5640625 0.0140625 0.04375
2 0.48203125 0.57421875 0.0140625 0.040625
2 0.48828125 0.5328125 0.01484375 0.046875
2 0.5015625 0.50625 0.01484375 0.05078125
2 0.4765625 0.6265625 0.01640625 0.04609375
2 0.45625 0.72421875 0.01640625 0.046875
2 0.4671875 0.740625 0.01640625 0.04921875
4 0.30078125 0.57890625 0.0140625 0.01953125
4 0.29921875 0.5859375 0.01171875 0.01875
4 0.2984375 0.59453125 0.0140625 0.01953125
2 0.0890625 0.5625 0.028125 0.03046875
2 0.046875 0.553125 0.03046875 0.0296875
2 0.04296875 0.58046875 0.034375 0.02890625
2 0.03515625 0.66953125 0.0265625 0.03203125
4 0.559375 0.30703125 0.01171875 0.03359375
4 0.5671875 0.32578125 0.01328125 0.021875
4 0.559375 0.33359375 0.01796875 0.025
4 0.67578125 0.4015625 0.0234375 0.0265625