4 0.23359375 0.03125 0.0140625 0.0203125
4 0.2765625 0.09296875 0.01015625 0.01484375
4 0.25234375 0.203125 0.009375 0.0203125
4 0.18203125 0.1140625 0.009375 0.01484375
4 0.27578125 0.30703125 0.00859375 0.01796875
4 0.3078125 0.3671875 0.009375 0.01875
4 0.290625 0.41171875 0.00703125 0.01640625
4 0.321875 0.47734375 0.009375 0.01796875
4 0.334375 0.490625 0.009375 0.01796875
4 0.396875 0.6 0.009375 0.0203125
4 0.37578125 0.60078125 0.009375 0.01484375
4 0.359375 0.5546875 0.009375 0.01953125
4 0.31640625 0.60625 0.009375 0.01875
4 0.26484375 0.80703125 0.0109375 0.0234375
4 0.26875 0.98671875 0.01015625 0.01640625
4 0.33671875 0.91484375 0.01328125 0.0203125
4 0.30078125 0.9890625 0.009375 0.01640625
4 0.34921875 0.93359375 0.009375 0.01796875
4 0.74375 0.8703125 0.01171875 0.01484375
4 0.75078125 0.89453125 0.01171875 0.015625
4 0.74375 0.90703125 0.0140625 0.01484375
4 0.79609375 0.9390625 0.01171875 0.015625
4 0.91953125 0.99375 0.01328125 0.01171875
4 0.85546875 0.84921875 0.01171875 0.015625
4 0.89609375 0.8390625 0.00859375 0.01640625
4 0.9015625 0.821875 0.00703125 0.01796875
4 0.8203125 0.7484375 0.0109375 0.01484375
4 0.69375 0.59921875 0.00859375 0.01796875
4 0.80625 0.56484375 0.00859375 0.01796875
4 0.1265625 0.9765625 0.01015625 0.01953125
4 0.4671875 0.70859375 0.0109375 0.01328125
4 0.54375 0.728125 0.01171875 0.01171875
4 0.53046875 0.74921875 0.01015625 0.01328125
4 0.5765625 0.675 0.009375 0.01875
4 0.81796875 0.659375 0.009375 0.0140625
4 0.82421875 0.690625 0.00859375 0.015625
4 0.7640625 0.55390625 0.0109375 0.01484375
4 0.78203125 0.59609375 0.00859375 0.01796875
4 0.69765625 0.50546875 0.0109375 0.00859375
4 0.6390625 0.525 0.00625 0.0203125
4 0.66484375 0.478125 0.00859375 0.0203125
4 0.64921875 0.45546875 0.00859375 0.01640625
4 0.6546875 0.43828125 0.00859375 0.01640625
4 0.63203125 0.4265625 0.00859375 0.01796875
4 0.60703125 0.496875 0.00546875 0.0203125
4 0.6328125 0.3953125 0.00546875 0.0203125
4 0.61953125 0.34921875 0.00546875 0.0203125
4 0.57890625 0.38203125 0.00859375 0.015625
4 0.52890625 0.32265625 0.01015625 0.009375
4 0.51796875 0.3234375 0.0109375 0.00859375
4 0.4296875 0.23828125 0.00859375 0.01640625
4 0.396875 0.2265625 0.00625 0.01875
4 0.434375 0.18828125 0.00859375 0.01640625
4 0.44609375 0.16953125 0.00625 0.015625
4 0.49140625 0.1828125 0.00859375 0.01875
4 0.47578125 0.19453125 0.00859375 0.01796875
4 0.45078125 0.1359375 0.00859375 0.01640625
4 0.46015625 0.15625 0.00703125 0.01640625
4 0.44609375 0.19375 0.00859375 0.01640625
4 0.35390625 0.23125 0.009375 0.01328125
4 0.2578125 0.009375 0.00703125 0.0109375
4 0.265625 0.0234375 0.00625 0.0109375
4 0.478125 0.065625 0.00703125 0.01796875
4 0.496875 0.0328125 0.00625 0.01796875
4 0.515625 0.0359375 0.00703125 0.01796875
4 0.63125 0.0859375 0.00546875 0.02109375
4 0.659375 0.08125 0.009375 0.0109375
4 0.66171875 0.06328125 0.009375 0.00859375
4 0.66484375 0.05390625 0.009375 0.01015625
4 0.64140625 0.240625 0.00546875 0.0203125
4 0.67890625 0.25234375 0.0109375 0.01015625
4 0.6796875 0.2640625 0.01015625 0.00703125
4 0.69921875 0.25546875 0.01015625 0.009375
4 0.696875 0.2734375 0.01015625 0.00703125
4 0.69609375 0.28125 0.01171875 0.009375
4 0.7015625 0.22421875 0.01015625 0.00859375
4 0.703125 0.20625 0.01015625 0.009375
4 0.703125 0.19453125 0.01171875 0.01015625
4 0.70390625 0.1765625 0.01171875 0.009375
4 0.9109375 0.83125 0.00625 0.01484375
4 0.39453125 0.42578125 0.00625 0.0203125
2 0.4015625 0.06875 0.0234375 0.0359375
2 0.32421875 0.07578125 0.015625 0.04296875
2 0.3265625 0.165625 0.0234375 0.02890625
2 0.3671875 0.171875 0.025 0.028125
2 0.40703125 0.1890625 0.02421875 0.03046875
2 0.36640625 0.20546875 0.028125 0.03046875
2 0.32734375 0.19921875 0.01953125 0.0296875
2 0.3796875 0.2359375 0.02109375 0.0265625
2 0.33828125 0.08359375 0.01953125 0.03671875
2 0.36796875 0.0984375 0.0203125 0.04375
2 0.46171875 0.2515625 0.0234375 0.03671875
2 0.46796875 0.31171875 0.028125 0.03125
2 0.484375 0.14375 0.01796875 0.03984375
2 0.4234375 0.01953125 0.01640625 0.03359375
2 0.53984375 0.2984375 0.0203125 0.0296875
2 0.55703125 0.33671875 0.0203125 0.03125
2 0.6 0.2390625 0.01328125 0.0484375
2 0.8234375 0.18203125 0.0140625 0.04921875
2 0.765625 0.321875 0.025 0.03984375
2 0.58828125 0.35859375 0.01796875 0.034375
2 0.59921875 0.4109375 0.01875 0.0359375
2 0.64921875 0.48359375 0.01640625 0.034375
2 0.66953125 0.55546875 0.0203125 0.03984375
2 0.61171875 0.55703125 0.01484375 0.0453125
2 0.7265625 0.5609375 0.01640625 0.03515625
2 0.70859375 0.60078125 0.0203125 0.04140625
2 0.73515625 0.609375 0.01640625 0.03125
2 0.803125 0.6828125 0.0203125 0.03359375
2 0.82734375 0.71640625 0.0234375 0.025
2 0.87421875 0.73359375 0.0203125 0.03828125
2 0.865625 0.76640625 0.02109375 0.03203125
2 0.86015625 0.7859375 0.02890625 0.04375
2 0.93046875 0.87421875 0.021875 0.04296875
2 0.721875 0.8296875 0.02578125 0.03125
2 0.640625 0.8140625 0.0296875 0.02890625
2 0.5734375 0.8109375 0.0234375 0.01953125
2 0.4984375 0.79921875 0.0265625 0.0203125
2 0.30703125 0.58125 0.0203125 0.040625
2 0.265625 0.52578125 0.01875 0.0453125
2 0.31328125 0.4234375 0.01640625 0.04140625
2 0.340625 0.4203125 0.01640625 0.04296875
2 0.29453125 0.296875 0.01796875 0.03984375
2 0.20390625 0.1609375 0.0234375 0.04375
2 0.221875 0.13125 0.01875 0.0359375
2 0.2609375 0.11796875 0.021875 0.03984375
0 0.24453125 0.25703125 0.01328125 0.025
0 0.30859375 0.1296875 0.01640625 0.0203125
0 0.4390625 0.06171875 0.01171875 0.028125
0 0.48046875 0.0234375 0.01171875 0.02890625
0 0.47578125 0.096875 0.01171875 0.0296875
0 0.521875 0.2640625 0.01484375 0.01953125
0 0.51171875 0.296875 0.015625 0.0203125
0 0.64375 0.38671875 0.01328125 0.03046875
0 0.6140625 0.47109375 0.01171875 0.02890625
0 0.7765625 0.67109375 0.015625 0.02421875
0 0.7390625 0.68828125 0.015625 0.028125
0 0.240625 0.8328125 0.0140625 0.028125
0 0.171875 0.825 0.01484375 0.0296875
0 0.47421875 0.83671875 0.01640625 0.01953125
3 0.46328125 0.184375 0.021875 0.05390625
3 0.57265625 0.30625 0.01796875 0.0296875
3 0.5984375 0.3421875 0.015625 0.0296875
2 0.97578125 0.93828125 0.025 0.04453125
3 0.428125 0.684375 0.0296875 0.04375