2 0.00859375 0.0484375 0.0171875 0.046875
4 0.0140625 0.0140625 0.01015625 0.02109375
4 0.00546875 0.0109375 0.00625 0.021875
4 0.059375 0.58046875 0.0109375 0.01484375
4 0.1265625 0.528125 0.015625 0.01328125
4 0.18046875 0.52578125 0.01171875 0.015625
4 0.03203125 0.57578125 0.01328125 0.0140625
2 0.03203125 0.525 0.0265625 0.025
2 0.034375 0.55703125 0.025 0.021875
4 0.11171875 0.5734375 0.01328125 0.0109375
5 0.0859375 0.55234375 0.05078125 0.03046875
0 0.12734375 0.58828125 0.01953125 0.01796875
0 0.18984375 0.38046875 0.01796875 0.0203125
2 0.146875 0.265625 0.021875 0.0453125
2 0.296875 0.4359375 0.0265625 0.0296875
5 0.06484375 0.33203125 0.02578125 0.06875
4 0.2671875 0.578125 0.0140625 0.01640625
0 0.296875 0.57578125 0.01640625 0.01953125
2 0.4109375 0.45234375 0.02890625 0.02421875
2 0.49453125 0.36875 0.02421875 0.021875
2 0.61875 0.515625 0.02578125 0.0234375
2 0.78125 0.47890625 0.03125 0.02890625
2 0.859375 0.496875 0.03046875 0.025
2 0.896875 0.33046875 0.03125 0.03046875
2 0.98046875 0.33046875 0.02578125 0.028125
4 0.5640625 0.3390625 0.01328125 0.01484375
2 0.76484375 0.16640625 0.0265625 0.0296875
2 0.77421875 0.24921875 0.0296875 0.02578125