2 0.009375 0.05703125 0.01796875 0.05
4 0.01484375 0.009375 0.01015625 0.01875
2 0.20703125 0.57421875 0.025 0.0203125
2 0.14453125 0.265625 0.0203125 0.0515625
5 0.0140625 0.23828125 0.028125 0.08515625
5 0.06171875 0.334375 0.0296875 0.078125
6 0.0703125 0.55078125 0.05078125 0.03046875
2 0.2125 0.51875 0.025 0.01875
2 0.14609375 0.553125 0.02421875 0.0203125
5 0.17578125 0.525 0.02578125 0.025
2 0.11484375 0.56328125 0.02578125 0.01796875
2 0.0859375 0.52109375 0.03046875 0.025
2 0.115625 0.51953125 0.0234375 0.02109375
2 0.11328125 0.54375 0.0265625 0.01796875
2 0.028125 0.52109375 0.028125 0.01953125
2 0.05703125 0.51875 0.02421875 0.02109375
2 0.03046875 0.55546875 0.025 0.0203125
0 0.0109375 0.59296875 0.01640625 0.0140625
0 0.040625 0.590625 0.0140625 0.01484375
0 0.07109375 0.58515625 0.01796875 0.01640625
0 0.18671875 0.37578125 0.01796875 0.01640625
0 0.14375 0.51875 0.02890625 0.0203125
4 0.05546875 0.5890625 0.0109375 0.009375
4 0.03125 0.5734375 0.01328125 0.009375
4 0.04375 0.578125 0.01171875 0.01171875
4 0.05546875 0.578125 0.01015625 0.009375
4 0.0828125 0.57109375 0.00703125 0.00859375
4 0.0296875 0.590625 0.009375 0.0109375
2 0.17421875 0.565625 0.0265625 0.01796875
2 0.49453125 0.365625 0.02421875 0.02421875
0 0.178125 0.5453125 0.01640625 0.01796875
4 0.02578125 0.60390625 0.0140625 0.01171875
4 0.56328125 0.3390625 0.0109375 0.01171875
2 0.89765625 0.3359375 0.02578125 0.021875
2 0.97890625 0.33203125 0.03125 0.025
2 0.7734375 0.25078125 0.02890625 0.02890625
2 0.7640625 0.16875 0.02890625 0.0265625
3 0.115625 0.58125 0.01796875 0.01796875
5 0.09375 0.58203125 0.015625 0.01640625
4 0.02578125 0.53671875 0.015625 0.0109375
4 0.29296875 0.578125 0.0140625 0.0140625
4 0.30859375 0.5859375 0.0140625 0.0140625
0 0.09140625 0.45390625 0.01796875 0.01484375
4 0.09921875 0.596875 0.0140625 0.0140625
4 0.26171875 0.434375 0.01171875 0.01875
4 0.40859375 0.39921875 0.0140625 0.01484375
4 0.02109375 0.18359375 0.009375 0.021875
2 0.046875 0.0203125 0.0203125 0.040625
2 0.02734375 0.06015625 0.01796875 0.04140625
4 0.02578125 0.4765625 0.01875 0.01640625
2 0.04609375 0.16796875 0.01796875 0.04609375
2 0.0390625 0.21953125 0.0203125 0.040625
4 0.68203125 0.3828125 0.0109375 0.0109375
2 0.29453125 0.4671875 0.0265625 0.021875
4 0.00703125 0.47109375 0.0140625 0.0203125
2 0.953125 0.415625 0.02890625 0.02421875
4 0.75703125 0.403125 0.01484375 0.01171875