5 0.22890625 0.68515625 0.059375 0.05
5 0.29375 0.6734375 0.06328125 0.053125
2 0.05078125 0.74453125 0.02890625 0.0265625
2 0.01640625 0.82421875 0.03046875 0.034375
2 0.0859375 0.8890625 0.025 0.034375
0 0.01953125 0.93203125 0.01640625 0.02421875
0 0.07109375 0.9390625 0.01953125 0.015625
4 0.21171875 0.9015625 0.01484375 0.021875
6 0.03828125 0.95859375 0.00078125 0.00390625
2 0.38046875 0.93125 0.0265625 0.03203125
6 0.41640625 0.9 0.0390625 0.03125
2 0.5109375 0.89609375 0.02578125 0.03671875
2 0.55078125 0.76953125 0.0265625 0.02890625
4 0.5859375 0.8515625 0.0140625 0.01875
0 0.49453125 0.76875 0.0140625 0.02890625
0 0.509375 0.76171875 0.01171875 0.028125
4 0.4640625 0.6953125 0.01171875 0.01484375
4 0.46796875 0.7015625 0.00078125 0.00703125
4 0.5625 0.8234375 0.0140625 0.01875
4 0.53515625 0.80390625 0.01328125 0.02421875
4 0.08828125 0.91875 0.01328125 0.01796875
1 0.2734375 0.72421875 0.0515625 0.02578125
4 0.6796875 0.78359375 0.01640625 0.0234375
0 0.76171875 0.79375 0.01640625 0.02578125
6 0.7828125 0.87109375 0.0484375 0.04375
0 0.88125 0.86171875 0.02578125 0.03125
4 0.83359375 0.9 0.01484375 0.0203125
4 0.828125 0.8609375 0.01640625 0.025
4 0.8515625 0.85859375 0.01796875 0.0203125
4 0.9546875 0.81875 0.01875 0.02578125
2 0.51875 0.4984375 0.015625 0.046875
4 0.48125 0.43359375 0.0109375 0.025
4 0.53359375 0.47421875 0.00703125 0.0203125
4 0.515625 0.071875 0.01171875 0.0296875
5 0.2625 0.8265625 0.06484375 0.0296875