4 0.9828125 0.3859375 0.01015625 0.009375
4 0.86875 0.3703125 0.00859375 0.00703125
4 0.69140625 0.37890625 0.00859375 0.009375
4 0.60234375 0.5515625 0.009375 0.0109375
4 0.3484375 0.41328125 0.01171875 0.01171875
4 0.25546875 0.36953125 0.01015625 0.009375
4 0.1984375 0.41328125 0.00859375 0.01171875
4 0.08125 0.575 0.01015625 0.01015625
4 0.02578125 0.56484375 0.01171875 0.00625
4 0.03125 0.5734375 0.01171875 0.00703125
4 0.0390625 0.584375 0.009375 0.00703125
4 0.02890625 0.590625 0.0109375 0.0109375
4 0.0171875 0.015625 0.01015625 0.02421875
4 0.00703125 0.01171875 0.00703125 0.0234375
2 0.0109375 0.05078125 0.01953125 0.046875
2 0.1484375 0.26640625 0.0203125 0.040625
2 0.034375 0.53984375 0.0265625 0.02421875
2 0.0609375 0.51796875 0.0234375 0.01640625
2 0.06171875 0.5375 0.0203125 0.0140625
2 0.05390625 0.5609375 0.025 0.01953125
2 0.08046875 0.55390625 0.021875 0.01796875
2 0.0859375 0.59609375 0.02421875 0.01953125
2 0.25234375 0.57109375 0.025 0.02109375
2 0.2640625 0.5390625 0.025 0.0234375
2 0.3421875 0.51875 0.0265625 0.0234375
2 0.49609375 0.36796875 0.02421875 0.01953125
2 0.5734375 0.490625 0.0234375 0.025
2 0.609375 0.51171875 0.02890625 0.02109375
2 0.7765625 0.47578125 0.028125 0.01953125
2 0.8359375 0.4859375 0.02421875 0.025
2 0.77421875 0.2515625 0.02890625 0.021875
2 0.90390625 0.509375 0.02578125 0.025
2 0.94375 0.48359375 0.0234375 0.02109375
2 0.8890625 0.421875 0.021875 0.02109375
2 0.8953125 0.33671875 0.02578125 0.02109375
2 0.97890625 0.33046875 0.02421875 0.01875
2 0.76640625 0.16875 0.02578125 0.02109375
0 0.88046875 0.39921875 0.01875 0.01484375
0 0.39140625 0.540625 0.01484375 0.01875
0 0.19140625 0.378125 0.01953125 0.01484375
0 0.03125 0.51796875 0.01953125 0.01640625
0 0.05546875 0.57734375 0.015625 0.01484375
6 0.01328125 0.60859375 0.02421875 0.0265625
6 0.065625 0.334375 0.02578125 0.06875
3 0.01484375 0.13359375 0.01875 0.0484375
3 0.6140625 0.43203125 0.0234375 0.021875
3 0.79296875 0.43359375 0.02890625 0.01796875
2 0.815625 0.40390625 0.0203125 0.01953125