0 0.046875 0.390625 0.02421875 0.03515625
0 0.11875 0.40390625 0.02421875 0.03125
0 0.11640625 0.4453125 0.01875 0.02890625
0 0.34765625 0.459375 0.01640625 0.02578125
0 0.37109375 0.46328125 0.01875 0.01796875
4 0.2203125 0.4515625 0.01640625 0.02421875
4 0.278125 0.45 0.0265625 0.025
4 0.13828125 0.5734375 0.01953125 0.01953125
4 0.128125 0.59296875 0.0234375 0.01796875
2 0.13125 0.6421875 0.0265625 0.03125
2 0.0328125 0.6859375 0.02578125 0.03828125
2 0.028125 0.72890625 0.0296875 0.0359375
2 0.02109375 0.771875 0.025 0.04921875
2 0.028125 0.6078125 0.03203125 0.025
0 0.4515625 0.85546875 0.0203125 0.040625
0 0.31796875 0.83125 0.01953125 0.04375
0 0.4234375 0.7984375 0.01875 0.03359375
0 0.496875 0.8015625 0.015625 0.04140625
0 0.50390625 0.6140625 0.01953125 0.03671875
0 0.5609375 0.428125 0.02109375 0.03984375
0 0.45078125 0.7078125 0.0140625 0.0359375
4 0.4390625 0.6984375 0.00859375 0.0265625
4 0.440625 0.79296875 0.0109375 0.03359375
4 0.43203125 0.921875 0.01875 0.0296875
4 0.41953125 0.52578125 0.015625 0.0203125
4 0.353125 0.49609375 0.01328125 0.01640625
4 0.5015625 0.4375 0.015625 0.02890625
4 0.42890625 0.3609375 0.01328125 0.01875
4 0.36484375 0.3609375 0.00703125 0.02421875
4 0.378125 0.359375 0.00390625 0.0265625
4 0.3828125 0.35859375 0.0046875 0.028125
4 0.39375 0.35546875 0.00390625 0.02578125
4 0.4015625 0.35390625 0.00390625 0.03125
4 0.415625 0.3484375 0.00859375 0.02109375
4 0.39921875 0.31484375 0.009375 0.0203125
4 0.415625 0.30625 0.00703125 0.01640625
4 0.41953125 0.2765625 0.01015625 0.01484375
4 0.43046875 0.30703125 0.01171875 0.0140625
4 0.44140625 0.33203125 0.00859375 0.021875
4 0.45546875 0.3171875 0.01015625 0.01796875
4 0.44453125 0.27578125 0.00859375 0.0109375
4 0.453125 0.25703125 0.00859375 0.0109375
4 0.44296875 0.24609375 0.01328125 0.009375
4 0.4296875 0.27421875 0.00859375 0.01484375
4 0.434375 0.25625 0.01171875 0.00625
4 0.41875 0.290625 0.01015625 0.0109375
4 0.43828125 0.290625 0.01171875 0.02109375
2 0.371875 0.484375 0.02578125 0.01875
4 0.525 0.0390625 0.01171875 0.02421875
4 0.53984375 0.03828125 0.01171875 0.025
4 0.50625 0.08828125 0.01171875 0.02109375
4 0.5109375 0.1203125 0.01015625 0.01875
2 0.48203125 0.13359375 0.01796875 0.040625
2 0.50625 0.03046875 0.01640625 0.04453125
2 0.59921875 0.04453125 0.01953125 0.04921875
0 0.48359375 0.2203125 0.015625 0.0296875
0 0.4984375 0.15625 0.01171875 0.03046875
0 0.5125 0.1578125 0.01171875 0.03125
0 0.521875 0.103125 0.01484375 0.03046875
0 0.58671875 0.0953125 0.0203125 0.03125
0 0.4796875 0.26796875 0.01484375 0.02890625
0 0.4609375 0.2734375 0.01328125 0.0234375
0 0.46796875 0.33359375 0.01328125 0.03125
0 0.48828125 0.321875 0.01015625 0.03046875
0 0.47890625 0.3640625 0.01015625 0.028125
6 0.465625 0.44375 0.02109375 0.05
2 0.4984375 0.2515625 0.01484375 0.05546875
0 0.58125 0.2890625 0.015625 0.034375
0 0.57578125 0.26328125 0.01484375 0.025
0 0.71796875 0.46875 0.01875 0.02109375
4 0.59296875 0.11328125 0.00859375 0.01796875
4 0.58203125 0.23046875 0.00859375 0.0234375
4 0.546875 0.22109375 0.00859375 0.01953125
4 0.54296875 0.23984375 0.00859375 0.01640625
4 0.53671875 0.26328125 0.00625 0.021875
4 0.5546875 0.3015625 0.00859375 0.015625
4 0.5671875 0.26015625 0.0046875 0.021875
4 0.56015625 0.26484375 0.0046875 0.02109375
6 0.571875 0.16640625 0.04375 0.11015625
1 0.528125 0.24296875 0.0296875 0.109375
6 0.55546875 0.25703125 0.03359375 0.078125
4 0.5296875 0.33046875 0.00859375 0.01796875
4 0.49453125 0.3359375 0.00546875 0.01796875
4 0.6078125 0.30703125 0.00703125 0.01796875
4 0.61015625 0.33046875 0.00625 0.01328125
4 0.6203125 0.34453125 0.00625 0.01328125
4 0.609375 0.37734375 0.0109375 0.01953125
4 0.56875 0.33203125 0.00859375 0.0140625
4 0.61875 0.31171875 0.01015625 0.0140625
4 0.628125 0.36640625 0.00703125 0.01875
4 0.796875 0.33671875 0.00859375 0.01875
4 0.7828125 0.3890625 0.0046875 0.0234375
4 0.7890625 0.38828125 0.0046875 0.021875
4 0.83671875 0.3890625 0.00859375 0.0234375
4 0.809375 0.33359375 0.00625 0.015625
4 0.81796875 0.346875 0.00625 0.01875
4 0.8390625 0.33203125 0.00703125 0.01796875
4 0.8515625 0.3234375 0.00859375 0.01328125
4 0.85859375 0.38203125 0.00390625 0.02578125
4 0.87109375 0.38203125 0.00625 0.02109375
4 0.86484375 0.38203125 0.00546875 0.01953125
4 0.89921875 0.38046875 0.00546875 0.02109375
4 0.93671875 0.328125 0.00859375 0.01796875
4 0.90546875 0.37890625 0.00546875 0.0203125
4 0.925 0.37578125 0.00625 0.01640625
4 0.93203125 0.37578125 0.00703125 0.01640625
4 0.89453125 0.328125 0.00859375 0.01640625
4 0.91171875 0.32421875 0.00703125 0.015625
4 0.93515625 0.44921875 0.009375 0.01328125
4 0.97578125 0.56328125 0.01484375 0.015625
4 0.91171875 0.57890625 0.01796875 0.01640625
2 0.96953125 0.44921875 0.028125 0.0203125
2 0.93359375 0.42109375 0.02890625 0.03125
2 0.765625 0.4296875 0.0265625 0.025
2 0.76171875 0.4640625 0.028125 0.025
2 0.834375 0.53125 0.02578125 0.0234375
2 0.8359375 0.56328125 0.02890625 0.0234375
2 0.878125 0.565625 0.025 0.01796875
2 0.71953125 0.50625 0.025 0.01875
2 0.73828125 0.5328125 0.02890625 0.0203125
2 0.7078125 0.5328125 0.02578125 0.02109375
2 0.67890625 0.53125 0.025 0.01875
2 0.65625 0.5140625 0.025 0.0203125
2 0.6515625 0.53828125 0.025 0.01875
2 0.65390625 0.56171875 0.0265625 0.0140625
2 0.6984375 0.55546875 0.02890625 0.02109375
2 0.728125 0.5578125 0.025 0.01640625
2 0.759375 0.5546875 0.025 0.01875
2 0.746875 0.57421875 0.0234375 0.015625
2 0.765625 0.70703125 0.01796875 0.05
2 0.7390625 0.834375 0.025 0.02578125
1 0.78671875 0.51796875 0.05859375 0.03984375
0 0.78828125 0.5484375 0.01875 0.01953125
0 0.8140625 0.64375 0.01015625 0.02578125
0 0.7234375 0.5796875 0.01484375 0.01796875
4 0.746875 0.60625 0.0109375 0.01484375
4 0.73515625 0.628125 0.015625 0.01015625
4 0.734375 0.640625 0.01328125 0.01171875
4 0.76953125 0.65234375 0.01171875 0.01484375
4 0.7359375 0.65546875 0.0109375 0.00859375
4 0.76796875 0.67109375 0.01328125 0.0140625
4 0.7328125 0.6671875 0.01328125 0.009375
4 0.81015625 0.5984375 0.0140625 0.01484375
4 0.80546875 0.54296875 0.01171875 0.0109375
4 0.70078125 0.4890625 0.01328125 0.01171875
4 0.73515625 0.4859375 0.0109375 0.0140625
4 0.753125 0.490625 0.01015625 0.0140625
4 0.684375 0.49609375 0.01171875 0.0140625
4 0.65859375 0.4953125 0.0140625 0.015625
4 0.63125 0.509375 0.00859375 0.01484375
4 0.6296875 0.55859375 0.01328125 0.0109375
4 0.628125 0.57421875 0.01171875 0.0109375
4 0.671875 0.56640625 0.009375 0.0109375
4 0.653125 0.58046875 0.01328125 0.009375
4 0.6421875 0.58359375 0.00703125 0.01328125
4 0.6265625 0.59453125 0.01015625 0.009375
4 0.69609375 0.57578125 0.01171875 0.01171875
4 0.68125 0.57421875 0.01171875 0.01328125
4 0.6984375 0.51171875 0.01171875 0.01484375
4 0.678125 0.51328125 0.01484375 0.01796875