2 0.11953125 0.50546875 0.01953125 0.01796875
5 0.11171875 0.67890625 0.040625 0.02578125
5 0.13671875 0.64375 0.04140625 0.02109375
3 0.19375 0.43203125 0.0203125 0.01796875
4 0.20546875 0.40625 0.00859375 0.009375
4 0.26484375 0.4609375 0.01015625 0.009375
3 0.27890625 0.4796875 0.0203125 0.01484375
4 0.30234375 0.43046875 0.00703125 0.009375
6 0.27109375 0.63828125 0.03203125 0.01640625
2 0.2734375 0.6140625 0.01875 0.01484375
3 0.34296875 0.6015625 0.021875 0.015625
0 0.34921875 0.56953125 0.0140625 0.01484375
2 0.3359375 0.28984375 0.01796875 0.015625
2 0.41796875 0.31875 0.01484375 0.021875
2 0.5015625 0.33125 0.01015625 0.03125
2 0.51328125 0.33046875 0.009375 0.03203125
2 0.55390625 0.321875 0.00859375 0.0265625
2 0.56328125 0.32265625 0.00859375 0.025
1 0.353125 0.50078125 0.02421875 0.0140625
6 0.48828125 0.62734375 0.02890625 0.01953125
2 0.53984375 0.56171875 0.01875 0.01640625
3 0.57109375 0.63046875 0.01328125 0.0140625
3 0.5734375 0.56015625 0.01796875 0.01796875
6 0.61171875 0.41328125 0.0234375 0.01953125
0 0.62109375 0.45859375 0.0109375 0.01171875
0 0.61953125 0.6046875 0.0140625 0.01328125
0 0.65234375 0.60859375 0.01015625 0.01015625
2 0.71328125 0.66171875 0.00859375 0.0234375
4 0.63984375 0.56328125 0.01171875 0.0109375
6 0.65546875 0.48046875 0.03828125 0.0203125
2 0.69609375 0.5 0.01484375 0.01484375
1 0.65703125 0.390625 0.04140625 0.021875
5 0.7140625 0.390625 0.0453125 0.01953125
5 0.7328125 0.5453125 0.06015625 0.03125
2 0.7640625 0.50078125 0.01484375 0.01171875
3 0.778125 0.4859375 0.0203125 0.01484375
2 0.7796875 0.43828125 0.01796875 0.01640625
4 0.80390625 0.59609375 0.01015625 0.01015625
0 0.8140625 0.6125 0.01171875 0.0109375
5 0.8203125 0.540625 0.04375 0.02578125
5 0.87890625 0.6484375 0.03828125 0.021875
2 0.85703125 0.59453125 0.01640625 0.01484375
4 0.8671875 0.61171875 0.00703125 0.00859375
4 0.91015625 0.61484375 0.00859375 0.00859375
4 0.9171875 0.6046875 0.00703125 0.00859375
4 0.97890625 0.6203125 0.01171875 0.01328125
5 0.925 0.546875 0.046875 0.0265625
2 0.92890625 0.4859375 0.015625 0.0140625
2 0.93671875 0.39921875 0.01484375 0.01328125
2 0.9390625 0.41640625 0.015625 0.01484375