2 0.73203125 0.45625 0.02890625 0.0265625
2 0.74296875 0.55625 0.03203125 0.03359375
2 0.67578125 0.55859375 0.02421875 0.0296875
2 0.64765625 0.54921875 0.02421875 0.02109375
2 0.62265625 0.5265625 0.02109375 0.0203125
2 0.6234375 0.55 0.02421875 0.01875
2 0.62734375 0.58125 0.0203125 0.01953125
2 0.72734375 0.69609375 0.02578125 0.04140625
2 0.70546875 0.8078125 0.02578125 0.0296875
0 0.63671875 0.5140625 0.01796875 0.01484375
0 0.76953125 0.63984375 0.00859375 0.03125
0 0.78671875 0.63671875 0.01171875 0.02890625
0 0.81484375 0.5640625 0.02109375 0.02421875
4 0.86796875 0.56875 0.015625 0.0203125
4 0.88984375 0.5734375 0.015625 0.01875
4 0.60546875 0.4765625 0.01171875 0.01796875
4 0.58984375 0.52109375 0.0109375 0.01328125
4 0.61328125 0.5125 0.01015625 0.01015625
4 0.62265625 0.50625 0.00546875 0.01484375
4 0.61328125 0.56328125 0.00859375 0.01328125
4 0.6265625 0.5640625 0.01015625 0.00859375
4 0.65703125 0.578125 0.0109375 0.009375
4 0.703125 0.62578125 0.0140625 0.01171875
4 0.70078125 0.65703125 0.0109375 0.01796875
4 0.73125 0.65625 0.01640625 0.0109375
4 0.88046875 0.37734375 0.01015625 0.021875
4 0.85859375 0.37109375 0.00859375 0.01875
4 0.80703125 0.3703125 0.00859375 0.01953125
4 0.7953125 0.37578125 0.00625 0.0203125
4 0.7765625 0.38671875 0.00703125 0.0203125
4 0.753125 0.36875 0.00703125 0.01796875
4 0.79296875 0.4203125 0.00859375 0.01953125
4 0.74765625 0.42265625 0.00625 0.01796875
4 0.8234375 0.41796875 0.00859375 0.01640625
4 0.846875 0.41796875 0.00703125 0.01953125
4 0.86953125 0.4125 0.00546875 0.01953125
4 0.596875 0.346875 0.00703125 0.01484375
4 0.5984375 0.3640625 0.00703125 0.0109375
4 0.60546875 0.3484375 0.00859375 0.01171875
4 0.60625 0.37578125 0.00859375 0.0109375
4 0.61171875 0.39609375 0.00546875 0.01328125
4 0.61484375 0.37890625 0.00703125 0.009375
4 0.51171875 0.35859375 0.00859375 0.01953125
4 0.57109375 0.30625 0.00703125 0.01953125
4 0.60078125 0.1671875 0.00859375 0.015625
4 0.590625 0.20625 0.0046875 0.01875
4 0.60703125 0.128125 0.00859375 0.01796875
6 0.5984375 0.0984375 0.0296875 0.078125
6 0.57109375 0.21171875 0.03046875 0.06640625
6 0.55390625 0.2984375 0.03515625 0.09375
4 0.4984375 0.26953125 0.00859375 0.02109375
0 0.56328125 0.31015625 0.009375 0.02578125
0 0.58125 0.21796875 0.009375 0.03125
2 0.4890625 0.19296875 0.01796875 0.03203125
2 0.51015625 0.103125 0.01875 0.03984375
0 0.46953125 0.3109375 0.0109375 0.0203125
0 0.46796875 0.70078125 0.00859375 0.02890625
0 0.45625 0.71953125 0.00703125 0.0265625
0 0.42734375 0.75546875 0.00859375 0.0234375
0 0.446875 0.77578125 0.009375 0.021875
0 0.43515625 0.76015625 0.00703125 0.025
0 0.51171875 0.7484375 0.0109375 0.02890625
0 0.48828125 0.83203125 0.01015625 0.034375
0 0.44140625 0.803125 0.00703125 0.0234375
0 0.453125 0.80859375 0.00703125 0.025
0 0.39609375 0.85703125 0.01328125 0.0234375
0 0.4234375 0.9484375 0.01796875 0.0296875
0 0.3421875 0.790625 0.01171875 0.02578125
2 0.34296875 0.73203125 0.01796875 0.03515625
2 0.37578125 0.77734375 0.01953125 0.040625
4 0.359375 0.76796875 0.00859375 0.01796875
4 0.35859375 0.78359375 0.009375 0.0140625
4 0.390625 0.79140625 0.01015625 0.015625
4 0.43125 0.80859375 0.00859375 0.025
4 0.36328125 0.82578125 0.01015625 0.01015625
4 0.36640625 0.83828125 0.00859375 0.00859375
4 0.45390625 0.853125 0.009375 0.015625
4 0.4734375 0.85859375 0.00703125 0.01171875
4 0.46171875 0.81328125 0.00703125 0.02109375
4 0.4671875 0.73671875 0.00703125 0.01875
4 0.5015625 0.696875 0.00859375 0.025
4 0.53359375 0.65 0.01171875 0.01640625
0 0.5125 0.671875 0.01015625 0.0265625
4 0.215625 0.59140625 0.0109375 0.01640625
4 0.26171875 0.61953125 0.0140625 0.01328125
2 0.178125 0.61953125 0.0203125 0.01953125
2 0.0234375 0.5421875 0.0203125 0.0203125
2 0.0484375 0.55703125 0.01796875 0.0203125
2 0.0703125 0.55859375 0.01875 0.02109375
2 0.0390625 0.58359375 0.01171875 0.0265625
2 0.05078125 0.58671875 0.0109375 0.02890625
2 0.0890625 0.58359375 0.0234375 0.0203125
4 0.01875 0.49765625 0.01640625 0.01328125
4 0.0578125 0.52890625 0.0140625 0.009375
4 0.0546875 0.54453125 0.00859375 0.00859375
4 0.14296875 0.39453125 0.01796875 0.0140625
0 0.0734375 0.39296875 0.015625 0.01953125
6 0.0640625 0.5140625 0.0296875 0.028125
6 0.29921875 0.43984375 0.04296875 0.0265625
0 0.22421875 0.44140625 0.015625 0.01640625
4 0.24453125 0.44140625 0.0109375 0.01171875
0 0.27421875 0.44921875 0.01328125 0.0140625
2 0.2765625 0.46640625 0.01875 0.01796875
2 0.30859375 0.46796875 0.021875 0.021875
2 0.30703125 0.49453125 0.021875 0.01953125
2 0.33671875 0.45390625 0.0265625 0.01484375
2 0.33203125 0.48984375 0.02109375 0.0203125
2 0.3890625 0.490625 0.02109375 0.01875
2 0.35703125 0.4921875 0.01796875 0.015625
0 0.43515625 0.39140625 0.01640625 0.01796875
0 0.36875 0.45625 0.01328125 0.0140625
0 0.37265625 0.50703125 0.0140625 0.01328125
0 0.38828125 0.50859375 0.01171875 0.01640625
4 0.46640625 0.4359375 0.00859375 0.021875
4 0.3859375 0.38203125 0.00859375 0.02109375
4 0.39765625 0.37890625 0.0046875 0.025
4 0.38828125 0.43671875 0.009375 0.0109375
4 0.375 0.446875 0.009375 0.00859375
4 0.35703125 0.44609375 0.009375 0.00546875
4 0.340625 0.46484375 0.00859375 0.00546875
4 0.34375 0.47421875 0.009375 0.00703125
4 0.35625 0.45859375 0.00703125 0.00703125
4 0.3609375 0.471875 0.00859375 0.00703125
4 0.353125 0.478125 0.009375 0.00703125
4 0.359375 0.50703125 0.00859375 0.0109375
4 0.37578125 0.48046875 0.00703125 0.01015625
4 0.3828125 0.45859375 0.00703125 0.00703125
4 0.396875 0.4484375 0.009375 0.00625
0 0.3890625 0.471875 0.0140625 0.01328125
0 0.3734375 0.471875 0.01484375 0.01328125
4 0.40546875 0.39375 0.00859375 0.01875
4 0.41875 0.37890625 0.00390625 0.01953125
4 0.4109375 0.37890625 0.0046875 0.01875
4 0.434375 0.365625 0.00703125 0.01640625
4 0.43828125 0.35 0.00703125 0.01171875
4 0.4171875 0.34453125 0.00625 0.01171875
4 0.434375 0.3109375 0.009375 0.009375
4 0.43359375 0.32421875 0.01171875 0.00703125
4 0.4421875 0.3375 0.00625 0.01171875
4 0.45625 0.31484375 0.00859375 0.0140625
4 0.45390625 0.28671875 0.01015625 0.0109375
4 0.44609375 0.3015625 0.009375 0.00859375