0 0.1171875 0.3859375 0.01953125 0.0234375
4 0.05546875 0.49375 0.01328125 0.01171875
2 0.0296875 0.534375 0.025 0.0203125
2 0.0515625 0.5484375 0.0203125 0.01953125
2 0.0765625 0.55 0.021875 0.025
2 0.04296875 0.57734375 0.01328125 0.03359375
2 0.05625 0.578125 0.01171875 0.03515625
2 0.09375 0.57734375 0.02421875 0.021875
2 0.18203125 0.61171875 0.02421875 0.02578125
2 0.0984375 0.64765625 0.0203125 0.028125
2 0.0921875 0.68125 0.02421875 0.0359375
2 0.0875 0.71875 0.021875 0.03125
4 0.134375 0.54609375 0.01328125 0.01875
4 0.17578125 0.56953125 0.01015625 0.01328125
6 0.19375 0.55859375 0.04609375 0.04453125
1 0.196875 0.4953125 0.0609375 0.05390625
4 0.1984375 0.44765625 0.01328125 0.0203125
6 0.3046875 0.59609375 0.05703125 0.053125
4 0.3921875 0.60078125 0.01171875 0.01796875
6 0.43125 0.55625 0.0515625 0.053125
1 0.2984375 0.52109375 0.06015625 0.03984375
1 0.35859375 0.53203125 0.05 0.034375
0 0.309375 0.4484375 0.015625 0.0203125
0 0.30859375 0.46640625 0.01640625 0.01953125
2 0.30625 0.4859375 0.025 0.01875
4 0.38671875 0.4171875 0.01328125 0.015625
2 0.33125 0.4671875 0.02421875 0.01796875
3 0.33828125 0.48671875 0.03046875 0.01640625
2 0.38359375 0.45703125 0.0234375 0.01640625
2 0.384375 0.4765625 0.02109375 0.01640625
2 0.38828125 0.49375 0.02421875 0.01953125
2 0.36484375 0.4921875 0.021875 0.01640625
0 0.346875 0.44375 0.0140625 0.01328125
0 0.35625 0.4546875 0.015625 0.015625
4 0.33203125 0.44296875 0.009375 0.0109375
4 0.321875 0.44921875 0.00859375 0.01171875
4 0.3515625 0.43203125 0.009375 0.01171875
4 0.3734375 0.4359375 0.009375 0.00859375
4 0.39375 0.44375 0.00625 0.01015625
4 0.35859375 0.46796875 0.0109375 0.009375
4 0.35859375 0.478125 0.0109375 0.009375
4 0.36953125 0.4765625 0.01015625 0.0109375
4 0.3484375 0.471875 0.00703125 0.01015625
4 0.3625 0.434375 0.009375 0.0109375
4 0.38203125 0.44453125 0.009375 0.00703125
4 0.371875 0.44453125 0.009375 0.00859375
4 0.3890625 0.378125 0.009375 0.021875
4 0.39921875 0.378125 0.00859375 0.025
4 0.41796875 0.340625 0.009375 0.01953125
4 0.4078125 0.3734375 0.0046875 0.02109375
4 0.41640625 0.375 0.0046875 0.01953125
4 0.42421875 0.371875 0.00546875 0.01875
4 0.43203125 0.36875 0.00625 0.01875
4 0.428125 0.33671875 0.00703125 0.015625
4 0.4359375 0.321875 0.009375 0.009375
4 0.4359375 0.309375 0.01171875 0.0140625
4 0.4390625 0.34453125 0.009375 0.01328125
4 0.44453125 0.33515625 0.00859375 0.0140625
4 0.453125 0.32109375 0.01171875 0.009375
4 0.44921875 0.2984375 0.009375 0.0140625
4 0.45703125 0.28359375 0.0109375 0.01328125
4 0.465625 0.29375 0.009375 0.01171875
0 0.47109375 0.309375 0.0140625 0.021875
6 0.5046875 0.41015625 0.040625 0.08046875
4 0.54453125 0.409375 0.009375 0.02109375
0 0.54296875 0.44296875 0.01484375 0.03125
0 0.559375 0.4375 0.01171875 0.0296875
0 0.52421875 0.546875 0.01171875 0.03359375
0 0.53359375 0.55078125 0.00625 0.0265625
0 0.5421875 0.56875 0.01015625 0.028125
0 0.51875 0.61875 0.0140625 0.03046875
0 0.44921875 0.671875 0.01484375 0.03125
4 0.3796875 0.81171875 0.0109375 0.01875
4 0.3984375 0.825 0.0140625 0.02109375
0 0.340625 0.78359375 0.01875 0.03046875
0 0.50859375 0.7015625 0.015625 0.025
0 0.496875 0.76875 0.01015625 0.0265625
0 0.503125 0.73125 0.01015625 0.0265625
4 0.496875 0.71796875 0.00859375 0.0203125
0 0.440625 0.90546875 0.0109375 0.03125
0 0.47890625 0.9078125 0.01015625 0.02421875
0 0.43046875 0.9265625 0.01015625 0.02890625
0 0.44453125 0.95234375 0.01171875 0.028125
4 0.45859375 0.88046875 0.009375 0.0234375
4 0.4671875 0.85234375 0.009375 0.0234375
4 0.49140625 0.84296875 0.00625 0.02109375
0 0.44609375 0.821875 0.01171875 0.0265625
0 0.46484375 0.82578125 0.01328125 0.02421875
0 0.428125 0.76796875 0.009375 0.02578125
4 0.43671875 0.75703125 0.0046875 0.01875
4 0.41875 0.8015625 0.01015625 0.01875
4 0.440625 0.79765625 0.00703125 0.01796875
4 0.428125 0.790625 0.00859375 0.0140625
4 0.46328125 0.7703125 0.00625 0.0234375
4 0.4484375 0.77109375 0.0046875 0.025
4 0.44140625 0.77734375 0.00546875 0.01796875
0 0.46328125 0.7984375 0.01171875 0.02890625
2 0.45546875 0.771875 0.00703125 0.02578125
4 0.50703125 0.228125 0.009375 0.025
2 0.49140625 0.1875 0.01484375 0.03515625
2 0.51328125 0.103125 0.015625 0.0390625
4 0.5328125 0.10546875 0.009375 0.01875
4 0.528125 0.08125 0.009375 0.02109375
0 0.56171875 0.3328125 0.01015625 0.02890625
4 0.58046875 0.33515625 0.009375 0.02109375
0 0.5796875 0.25859375 0.01015625 0.034375
4 0.5609375 0.3 0.01171875 0.025
0 0.5859375 0.21171875 0.01171875 0.0296875
4 0.5828125 0.19375 0.01015625 0.01875
1 0.56875 0.23671875 0.02578125 0.08828125
4 0.5796875 0.15546875 0.009375 0.025
0 0.58671875 0.1625 0.00859375 0.0296875
0 0.58828125 0.12109375 0.01171875 0.034375
2 0.6015625 0.06171875 0.01640625 0.04375
1 0.6078125 0.134375 0.03125 0.0859375
4 0.609375 0.1859375 0.01171875 0.0234375
4 0.6140625 0.16640625 0.009375 0.01796875
0 0.6125 0.42578125 0.01796875 0.02421875
4 0.70234375 0.41171875 0.00859375 0.03046875
4 0.59375 0.38515625 0.0109375 0.0203125
4 0.59921875 0.3609375 0.00859375 0.015625
4 0.59765625 0.34296875 0.00859375 0.01328125
4 0.6078125 0.35703125 0.00859375 0.01171875
4 0.6140625 0.39296875 0.00703125 0.0140625
4 0.6078125 0.37578125 0.00703125 0.0140625
1 0.63828125 0.503125 0.05859375 0.02890625
2 0.61640625 0.56171875 0.025 0.01875
2 0.646875 0.5484375 0.02578125 0.025
4 0.63359375 0.559375 0.00859375 0.021875
4 0.61171875 0.53125 0.0109375 0.01640625
4 0.62578125 0.52421875 0.01171875 0.009375
4 0.61953125 0.546875 0.01015625 0.0109375
0 0.62578125 0.53671875 0.01484375 0.0109375
2 0.73125 0.45546875 0.02578125 0.02578125
4 0.753125 0.36953125 0.00703125 0.02109375
4 0.74609375 0.41953125 0.00703125 0.01640625
4 0.8234375 0.33046875 0.0109375 0.01953125
4 0.7921875 0.41796875 0.009375 0.0265625
4 0.76171875 0.41875 0.00703125 0.01875
4 0.753125 0.4203125 0.00546875 0.025
0 0.7765625 0.49140625 0.0203125 0.01953125
2 0.8453125 0.47890625 0.025 0.0234375
4 0.76953125 0.3734375 0.00859375 0.01875
4 0.759375 0.375 0.00859375 0.0203125
4 0.72890625 0.534375 0.0109375 0.01953125
4 0.7453125 0.53828125 0.0109375 0.015625
0 0.76171875 0.56171875 0.01796875 0.01875
4 0.78046875 0.58359375 0.01171875 0.015625
4 0.80625 0.58203125 0.01484375 0.0140625
4 0.88046875 0.571875 0.015625 0.015625
2 0.92890625 0.57109375 0.02890625 0.02109375
4 0.95859375 0.5796875 0.01796875 0.01484375
4 0.80703125 0.36640625 0.00859375 0.015625
4 0.7953125 0.371875 0.00703125 0.01953125
4 0.8109375 0.41953125 0.00546875 0.01640625
4 0.8234375 0.41796875 0.00859375 0.02109375
4 0.84453125 0.41640625 0.00859375 0.01640625
4 0.85234375 0.4171875 0.00625 0.01875
4 0.87890625 0.37578125 0.00703125 0.01796875
4 0.8578125 0.371875 0.01015625 0.01875
4 0.84296875 0.3703125 0.00859375 0.01953125
2 0.70390625 0.803125 0.021875 0.03359375
2 0.7265625 0.690625 0.0203125 0.04453125
4 0.70390625 0.625 0.01640625 0.01015625
4 0.70390625 0.634375 0.015625 0.009375
4 0.703125 0.6484375 0.0140625 0.00859375
4 0.73359375 0.64453125 0.01484375 0.0140625
4 0.73046875 0.6546875 0.01171875 0.0109375
4 0.7296875 0.66328125 0.0140625 0.00859375
0 0.76953125 0.6359375 0.0109375 0.034375
0 0.7859375 0.634375 0.009375 0.0296875
4 0.78046875 0.6546875 0.00859375 0.021875
4 0.87421875 0.41328125 0.00859375 0.01796875