4 0.0265625 0.4140625 0.009375 0.009375
4 0.07421875 0.4203125 0.01015625 0.00859375
4 0.04921875 0.42578125 0.0109375 0.0109375
4 0.08984375 0.4265625 0.01015625 0.00859375
4 0.12578125 0.41640625 0.01015625 0.00703125
4 0.178125 0.43828125 0.01015625 0.009375
4 0.1515625 0.4265625 0.01328125 0.00859375
4 0.19296875 0.35859375 0.009375 0.00859375
4 0.178125 0.38828125 0.00859375 0.00703125
4 0.2140625 0.25390625 0.00625 0.0203125
4 0.25625 0.14453125 0.00859375 0.01015625
4 0.165625 0.56953125 0.0109375 0.00703125
4 0.33203125 0.44453125 0.0109375 0.00859375
4 0.534375 0.51328125 0.00546875 0.01796875
4 0.60703125 0.3984375 0.00859375 0.01015625
4 0.5734375 0.590625 0.00703125 0.01484375
4 0.56328125 0.6359375 0.00546875 0.01484375
4 0.5609375 0.6609375 0.0046875 0.015625
4 0.56171875 0.68359375 0.0046875 0.01640625
4 0.55703125 0.7 0.00390625 0.015625
4 0.57578125 0.74765625 0.00546875 0.01640625
4 0.553125 0.80234375 0.00625 0.01875
4 0.55546875 0.8265625 0.0046875 0.01796875
4 0.62109375 0.8109375 0.00625 0.021875
4 0.62421875 0.8515625 0.00625 0.01875
4 0.75703125 0.39453125 0.01328125 0.01015625
4 0.6796875 0.51796875 0.00859375 0.00546875
4 0.7109375 0.51796875 0.01015625 0.00859375
4 0.7234375 0.55234375 0.00859375 0.00625
4 0.7578125 0.5578125 0.00859375 0.00625
4 0.68828125 0.54375 0.00859375 0.00546875
4 0.68125 0.54609375 0.009375 0.00546875
4 0.6890625 0.55078125 0.01015625 0.00546875
4 0.68203125 0.55390625 0.00859375 0.00625
4 0.68828125 0.55859375 0.00859375 0.00625
4 0.68046875 0.56171875 0.00859375 0.00625
4 0.68828125 0.565625 0.01015625 0.00546875
4 0.67890625 0.5765625 0.01015625 0.00625
4 0.80078125 0.54453125 0.00859375 0.009375
4 0.89453125 0.5453125 0.0109375 0.00859375
2 0.83203125 0.353125 0.01796875 0.01953125
2 0.78515625 0.34375 0.01015625 0.025
2 0.94453125 0.49609375 0.0203125 0.01875
2 0.96171875 0.515625 0.01953125 0.0203125
3 0.83671875 0.53125 0.02421875 0.01875
2 0.74921875 0.515625 0.01953125 0.0140625
2 0.759375 0.53203125 0.01796875 0.01953125
2 0.740625 0.5453125 0.01796875 0.0140625
2 0.71875 0.5421875 0.01796875 0.015625
2 0.70859375 0.5578125 0.015625 0.01328125
2 0.68359375 0.53359375 0.015625 0.0140625
2 0.68203125 0.5890625 0.01796875 0.021875
2 0.5609375 0.59765625 0.01328125 0.02890625
2 0.54921875 0.66640625 0.0140625 0.0296875
2 0.56796875 0.68125 0.00859375 0.02578125
2 0.57578125 0.653125 0.00859375 0.03359375
2 0.5765625 0.68671875 0.00859375 0.03125
2 0.5859375 0.68828125 0.009375 0.0265625
2 0.57421875 0.7265625 0.009375 0.02890625
2 0.58359375 0.72421875 0.00859375 0.028125
2 0.58203125 0.7609375 0.00859375 0.03125
2 0.571875 0.7734375 0.00859375 0.034375
2 0.58125 0.8265625 0.00859375 0.03125
2 0.47578125 0.4515625 0.01875 0.01875
2 0.371875 0.4609375 0.01875 0.015625
2 0.4265625 0.41875 0.015625 0.01328125
2 0.1515625 0.44140625 0.01796875 0.01875
2 0.08125 0.440625 0.0203125 0.01484375
2 0.1453125 0.5828125 0.01796875 0.015625
2 0.19921875 0.29609375 0.009375 0.03359375
0 0.24140625 0.178125 0.009375 0.0203125
0 0.15546875 0.39453125 0.0140625 0.0140625
0 0.26171875 0.44453125 0.01484375 0.01328125
0 0.56953125 0.378125 0.01328125 0.01484375
0 0.659375 0.396875 0.0109375 0.01328125
0 0.57109375 0.61953125 0.01015625 0.01953125
0 0.58515625 0.63671875 0.00703125 0.0234375
0 0.565625 0.70859375 0.00703125 0.02109375
0 0.56328125 0.76953125 0.009375 0.0234375
0 0.57890625 0.79453125 0.00859375 0.0203125