1 0.134375 0.1703125 0.04375 0.01953125
1 0.1375 0.19375 0.0484375 0.02421875
1 0.13515625 0.21796875 0.046875 0.0203125
1 0.13515625 0.2390625 0.04609375 0.01640625
1 0.13515625 0.26171875 0.05 0.0265625
1 0.13359375 0.2859375 0.046875 0.01875
1 0.12734375 0.3109375 0.034375 0.03515625
1 0.13359375 0.3359375 0.0296875 0.025
1 0.1265625 0.353125 0.0390625 0.028125
1 0.2359375 0.18203125 0.05078125 0.028125
1 0.23671875 0.20390625 0.0515625 0.03125
1 0.23828125 0.225 0.0453125 0.02578125
1 0.23828125 0.24609375 0.04921875 0.02890625
1 0.2359375 0.26796875 0.04609375 0.02109375
1 0.2359375 0.290625 0.04375 0.021875
1 0.23828125 0.3140625 0.04609375 0.0203125
1 0.23828125 0.33671875 0.0453125 0.02890625
1 0.23671875 0.36015625 0.04453125 0.03359375
2 0.28671875 0.08359375 0.009375 0.03125
2 0.2859375 0.134375 0.009375 0.028125
2 0.28046875 0.21796875 0.00546875 0.025
0 0.28203125 0.16953125 0.01640625 0.01875
2 0.03359375 0.45703125 0.021875 0.01953125
2 0.03515625 0.49453125 0.0234375 0.01796875
2 0.0109375 0.53828125 0.021875 0.01953125
2 0.1203125 0.50546875 0.025 0.01328125
2 0.18125 0.49921875 0.0296875 0.01328125
2 0.1640625 0.5109375 0.01953125 0.01640625
2 0.2015625 0.4484375 0.01640625 0.0234375
2 0.234375 0.48671875 0.01796875 0.01640625
2 0.2953125 0.48203125 0.01953125 0.00859375
2 0.271875 0.50546875 0.021875 0.01328125
3 0.3265625 0.49921875 0.01953125 0.021875
2 0.38359375 0.50546875 0.0203125 0.01796875
4 0.2671875 0.4765625 0.0140625 0.01640625
4 0.2140625 0.471875 0.01484375 0.01796875
4 0.07578125 0.5125 0.0140625 0.021875
4 0.053125 0.57890625 0.01328125 0.01953125
4 0.00703125 0.49296875 0.0140625 0.0234375
4 0.1390625 0.57890625 0.01875 0.021875
2 0.2859375 0.5328125 0.01953125 0.0390625
2 0.33671875 0.55859375 0.025 0.01953125
2 0.4734375 0.55390625 0.025 0.021875
2 0.46328125 0.5046875 0.021875 0.01640625
2 0.52578125 0.50390625 0.0203125 0.0265625
2 0.54140625 0.5375 0.021875 0.0234375
0 0.53203125 0.48125 0.01640625 0.01640625
0 0.46953125 0.428125 0.01796875 0.01328125
2 0.44609375 0.40703125 0.01328125 0.03125
2 0.38046875 0.41171875 0.01328125 0.025
5 0.465625 0.39921875 0.0140625 0.03359375
2 0.478125 0.409375 0.01484375 0.0390625
2 0.52421875 0.403125 0.00859375 0.0359375
2 0.50859375 0.41171875 0.00703125 0.03515625
2 0.49609375 0.40546875 0.0109375 0.0390625
2 0.434375 0.4015625 0.009375 0.04296875
2 0.42578125 0.403125 0.00859375 0.03671875
2 0.41796875 0.4046875 0.009375 0.03046875
2 0.371875 0.4125 0.009375 0.02421875
2 0.36171875 0.41640625 0.0140625 0.03125
2 0.6546875 0.590625 0.0203125 0.0203125
0 0.75390625 0.59921875 0.0109375 0.0265625
2 0.7859375 0.81875 0.01796875 0.03203125
2 0.78671875 0.90859375 0.021875 0.025
2 0.784375 0.89296875 0.0234375 0.01875
2 0.784375 0.8765625 0.0203125 0.01328125
2 0.78671875 0.8515625 0.0203125 0.02421875
2 0.7578125 0.959375 0.01171875 0.0390625
2 0.76171875 0.48984375 0.02109375 0.0265625
0 0.7171875 0.45546875 0.015625 0.01328125
2 0.796875 0.49375 0.0203125 0.0203125
2 0.8484375 0.471875 0.02109375 0.01875
2 0.85859375 0.496875 0.01875 0.028125
2 0.89921875 0.48046875 0.01640625 0.01015625
2 0.92578125 0.47890625 0.03046875 0.01953125
2 0.9671875 0.47890625 0.0234375 0.01953125
2 0.984375 0.4984375 0.021875 0.0234375
2 0.940625 0.49921875 0.025 0.02109375
0 0.9 0.49609375 0.01953125 0.02109375
0 0.83203125 0.52890625 0.01796875 0.025
4 0.81328125 0.56875 0.01796875 0.01484375
4 0.7859375 0.51875 0.00859375 0.0109375
2 0.94921875 0.5484375 0.0296875 0.02109375
4 0.60390625 0.56484375 0.01796875 0.0234375
4 0.634375 0.48046875 0.00859375 0.01015625
4 0.6265625 0.46796875 0.00859375 0.01171875
2 0.56328125 0.59609375 0.01171875 0.0359375
4 0.7875 0.47578125 0.0140625 0.0109375
4 0.88203125 0.4578125 0.00859375 0.009375
4 0.89296875 0.46875 0.00859375 0.00703125
0 0.15390625 0.484375 0.01640625 0.01796875