2 0.17578125 0.98203125 0.0265625 0.0359375
2 0.33046875 0.94296875 0.0265625 0.0390625
2 0.34296875 0.87421875 0.01953125 0.03046875
2 0.25625 0.68359375 0.01953125 0.04609375
2 0.471875 0.75859375 0.03046875 0.034375
2 0.65859375 0.796875 0.02421875 0.03046875
2 0.9734375 0.93515625 0.02890625 0.05
2 0.98359375 0.95546875 0.0203125 0.040625
2 0.93828125 0.8890625 0.02578125 0.0484375
2 0.92734375 0.8734375 0.02578125 0.04453125
2 0.91328125 0.84453125 0.02578125 0.03828125
2 0.85546875 0.78125 0.0296875 0.0546875
2 0.8625 0.7625 0.02578125 0.03984375
2 0.871875 0.7328125 0.0234375 0.04296875
2 0.88125 0.715625 0.021875 0.046875
2 0.80625 0.7328125 0.021875 0.04453125
2 0.82421875 0.715625 0.025 0.03203125
2 0.80078125 0.68125 0.02421875 0.03359375
2 0.76328125 0.32109375 0.025 0.0453125
2 0.81953125 0.184375 0.01953125 0.05390625
2 0.59765625 0.184375 0.01640625 0.04609375
2 0.478125 0.22578125 0.0265625 0.02578125
2 0.48203125 0.25234375 0.02578125 0.02890625
2 0.56328125 0.2875 0.02578125 0.03515625
2 0.51796875 0.2921875 0.02578125 0.03671875
2 0.5515625 0.31875 0.02421875 0.03046875
2 0.5859375 0.34375 0.028125 0.03828125
2 0.58984375 0.384375 0.025 0.02890625
2 0.61484375 0.4640625 0.0140625 0.046875
2 0.60859375 0.5484375 0.01171875 0.040625
2 0.4078125 0.30546875 0.0203125 0.04609375
2 0.42421875 0.26328125 0.02890625 0.03046875
2 0.45703125 0.2890625 0.025 0.025
2 0.4953125 0.2984375 0.021875 0.03046875
2 0.41875 0.01796875 0.01875 0.03515625
2 0.40078125 0.06875 0.025 0.04140625
2 0.365625 0.09921875 0.021875 0.05078125
2 0.34921875 0.09296875 0.021875 0.0359375
2 0.3359375 0.084375 0.01953125 0.0359375
2 0.32109375 0.07890625 0.01875 0.05
2 0.25625 0.0671875 0.02109375 0.03984375
2 0.20859375 0.0171875 0.0203125 0.034375
2 0.26015625 0.1078125 0.02109375 0.04296875
2 0.20078125 0.1609375 0.02578125 0.05078125
2 0.2828125 0.25859375 0.01875 0.046875
2 0.2640625 0.52578125 0.0203125 0.05625
2 0.69609375 0.85390625 0.03046875 0.034375
2 0.72421875 0.55859375 0.0203125 0.03984375
1 0.6328125 0.39453125 0.025 0.1046875
1 0.64375 0.52578125 0.0234375 0.10546875
1 0.60703125 0.63125 0.04296875 0.11640625
0 0.19375 0.86640625 0.01796875 0.034375
0 0.2203125 0.67421875 0.01484375 0.03359375
0 0.36875 0.84296875 0.01875 0.0265625
0 0.45703125 0.803125 0.0203125 0.025
0 0.24296875 0.25625 0.015625 0.0296875
0 0.4234375 0.13359375 0.01953125 0.02109375
0 0.4359375 0.0609375 0.01171875 0.03046875
0 0.734375 0.60859375 0.01484375 0.03125
0 0.77578125 0.67109375 0.01796875 0.0234375
0 0.38515625 0.27578125 0.01328125 0.03203125
0 0.39921875 0.27890625 0.01328125 0.03671875
0 0.3921875 0.3140625 0.01328125 0.03671875
0 0.5484375 0.33671875 0.01875 0.02109375
0 0.596875 0.30078125 0.01484375 0.0296875
0 0.61640625 0.31953125 0.01015625 0.034375
3 0.30546875 0.140625 0.03515625 0.04453125
3 0.61953125 0.125 0.01171875 0.0515625
3 0.96640625 0.98671875 0.021875 0.0265625
0 0.6578125 0.41953125 0.01484375 0.03203125
4 0.40390625 0.63671875 0.0109375 0.01875
4 0.284375 0.3703125 0.009375 0.02109375
4 0.16015625 0.04609375 0.009375 0.01875
4 0.16875 0.04140625 0.01171875 0.02109375
4 0.1953125 0.1140625 0.01171875 0.02578125
4 0.21796875 0.13125 0.01328125 0.02109375
4 0.303125 0.121875 0.01328125 0.015625
4 0.3375 0.190625 0.0109375 0.01796875
4 0.2515625 0.23046875 0.01015625 0.0203125
4 0.50390625 0.0640625 0.01171875 0.021875
4 0.61640625 0.0578125 0.00859375 0.03046875
4 0.6234375 0.08046875 0.0109375 0.021875
4 0.60625 0.13515625 0.00546875 0.021875
4 0.6328125 0.121875 0.00859375 0.02421875
4 0.61640625 0.20078125 0.00859375 0.028125
4 0.5625 0.24453125 0.015625 0.01484375
4 0.63359375 0.26484375 0.00859375 0.02109375
4 0.6765625 0.25234375 0.01015625 0.0109375
4 0.70546875 0.1484375 0.01171875 0.01171875
4 0.703125 0.17578125 0.01015625 0.01171875
4 0.7015625 0.19296875 0.009375 0.01328125
4 0.70078125 0.20703125 0.01015625 0.01015625
4 0.69921875 0.22265625 0.00859375 0.00859375
4 0.696875 0.25546875 0.01015625 0.009375
4 0.69609375 0.27109375 0.01015625 0.01015625
4 0.69453125 0.28203125 0.0140625 0.00859375
4 0.678125 0.2625 0.01171875 0.01015625
4 0.67578125 0.2703125 0.01171875 0.0109375
4 0.56953125 0.36328125 0.0140625 0.01796875
4 0.60546875 0.428125 0.00859375 0.02421875
4 0.621875 0.44140625 0.00625 0.021875
4 0.64140625 0.32109375 0.00703125 0.02109375
4 0.678125 0.51875 0.00859375 0.02421875
4 0.61953125 0.51328125 0.00546875 0.0203125
4 0.80390625 0.5625 0.01171875 0.01875
4 0.83671875 0.74140625 0.0109375 0.02109375
4 0.84296875 0.7484375 0.009375 0.0234375
4 0.84609375 0.75234375 0.00703125 0.01875
4 0.90859375 0.82578125 0.01171875 0.01953125
4 0.89453125 0.83828125 0.009375 0.02421875
4 0.80625 0.93671875 0.0140625 0.02109375
4 0.78046875 0.93828125 0.01171875 0.021875
4 0.74140625 0.8671875 0.01328125 0.02109375
4 0.41171875 0.83671875 0.01171875 0.02109375
4 0.36015625 0.8890625 0.01015625 0.0203125
4 0.28828125 0.9921875 0.01484375 0.015625
4 0.51171875 0.76953125 0.01171875 0.01875
4 0.5734375 0.65703125 0.009375 0.0203125
4 0.6125 0.7984375 0.0109375 0.01640625
4 0.63046875 0.78671875 0.01171875 0.01484375
4 0.64296875 0.834375 0.01328125 0.01484375
4 0.51875 0.73515625 0.01484375 0.0140625
4 0.365625 0.378125 0.01171875 0.02421875
4 0.4 0.359375 0.009375 0.01953125
4 0.396875 0.41640625 0.01015625 0.02109375
4 0.4171875 0.3265625 0.00859375 0.0203125
4 0.421875 0.29453125 0.00703125 0.025