4 0.046875 0.02421875 0.01484375 0.03125
2 0.0109375 0.053125 0.01953125 0.04609375
4 0.03125 0.1046875 0.01328125 0.028125
4 0.01796875 0.01640625 0.01328125 0.02421875
5 0.01328125 0.1640625 0.02109375 0.046875
2 0.1484375 0.26875 0.021875 0.0484375
2 0.01171875 0.28828125 0.0234375 0.05625
5 0.06640625 0.33984375 0.03203125 0.078125
5 0.13046875 0.47578125 0.0359375 0.03828125
4 0.0484375 0.4453125 0.01796875 0.01953125
4 0.0234375 0.4765625 0.01875 0.02109375
4 0.05390625 0.47890625 0.01875 0.02109375
0 0.19140625 0.38203125 0.01875 0.01953125
4 0.21171875 0.440625 0.01796875 0.02421875
4 0.03203125 0.52109375 0.01953125 0.01640625
4 0.05625 0.58046875 0.01640625 0.01796875
4 0.12734375 0.615625 0.01953125 0.01796875
2 0.14296875 0.52109375 0.028125 0.02578125
2 0.171875 0.5484375 0.028125 0.02421875
2 0.14296875 0.54921875 0.02578125 0.02421875
2 0.13515625 0.57421875 0.025 0.021875
2 0.1109375 0.55703125 0.02421875 0.02109375
2 0.11328125 0.52421875 0.01953125 0.01796875
2 0.0859375 0.528125 0.02578125 0.02421875
2 0.08125 0.55703125 0.02421875 0.0203125
2 0.034375 0.54140625 0.028125 0.021875
2 0.09296875 0.5796875 0.0265625 0.0234375
4 0.10625 0.60859375 0.01171875 0.01484375
4 0.0734375 0.58046875 0.0109375 0.01484375
4 0.0265625 0.56640625 0.0140625 0.01171875
4 0.04609375 0.59296875 0.01015625 0.01171875
4 0.03203125 0.578125 0.01328125 0.00859375
4 0.29296875 0.415625 0.01484375 0.01953125
4 0.2578125 0.3734375 0.01640625 0.015625
4 0.3203125 0.55078125 0.0140625 0.0140625
3 0.48359375 0.53359375 0.0265625 0.02890625
2 0.49609375 0.37109375 0.025 0.0296875
2 0.865625 0.4734375 0.02890625 0.025
3 0.8953125 0.3359375 0.02890625 0.02578125
3 0.9796875 0.33203125 0.02421875 0.02578125
2 0.77421875 0.2515625 0.0265625 0.021875
2 0.76640625 0.16953125 0.028125 0.028125