2 0.090625 0.8109375 0.03515625 0.03671875
2 0.36171875 0.88125 0.04296875 0.034375
2 0.42734375 0.86796875 0.02578125 0.03671875
2 0.46015625 0.571875 0.0140625 0.0515625
4 0.140625 0.8796875 0.01640625 0.028125
4 0.178125 0.88125 0.01953125 0.02578125
4 0.178125 0.9140625 0.0140625 0.01953125
4 0.19453125 0.8734375 0.0140625 0.028125
4 0.4140625 0.77109375 0.01640625 0.028125
4 0.48359375 0.74609375 0.0140625 0.03125
4 0.5140625 0.76953125 0.01640625 0.02578125
4 0.55 0.76328125 0.0140625 0.03671875
4 0.54296875 0.8140625 0.01640625 0.034375
4 0.615625 0.7390625 0.021875 0.03359375
4 0.578125 0.89921875 0.01796875 0.0296875
4 0.63046875 0.88203125 0.02109375 0.0296875
4 0.6390625 0.84375 0.0203125 0.028125
4 0.52265625 0.515625 0.01015625 0.02578125
4 0.46328125 0.409375 0.01640625 0.03203125
0 0.48046875 0.59765625 0.01171875 0.040625
0 0.57109375 0.83203125 0.01953125 0.0296875
2 0.68125 0.853125 0.03125 0.03359375
4 0.67578125 0.88125 0.02109375 0.01953125
0 0.7734375 0.79453125 0.0234375 0.0296875
4 0.9640625 0.86796875 0.01640625 0.02578125
4 0.51796875 0.234375 0.01484375 0.03359375