2 0.19296875 0.64921875 0.021875 0.02578125
2 0.15625 0.8515625 0.03359375 0.03125
2 0.23046875 0.871875 0.02578125 0.03125
2 0.30546875 0.8734375 0.0359375 0.03125
4 0.2734375 0.7578125 0.0140625 0.025
4 0.178125 0.9078125 0.015625 0.0265625
4 0.015625 0.87421875 0.01796875 0.0203125
2 0.4078125 0.884375 0.025 0.02890625
2 0.43828125 0.79296875 0.02890625 0.02890625
2 0.47109375 0.784375 0.02421875 0.0265625
2 0.5046875 0.78984375 0.0234375 0.02578125
2 0.46484375 0.83046875 0.02578125 0.0359375
2 0.49140625 0.853125 0.02421875 0.0296875
2 0.51328125 0.82421875 0.01484375 0.04609375
2 0.509375 0.690625 0.01953125 0.05
0 0.50703125 0.578125 0.015625 0.04375
4 0.53671875 0.90703125 0.01640625 0.02109375
4 0.48046875 0.73515625 0.015625 0.02421875
4 0.4953125 0.63046875 0.0140625 0.0203125
4 0.5875 0.73828125 0.01640625 0.03359375
4 0.60625 0.84375 0.01796875 0.0203125
4 0.63671875 0.84140625 0.01640625 0.02109375
2 0.6234375 0.89453125 0.03046875 0.02890625
2 0.653125 0.7625 0.021875 0.0359375
2 0.521875 0.5390625 0.01640625 0.0390625
4 0.50234375 0.509375 0.0109375 0.02578125
2 0.4625 0.1828125 0.01015625 0.034375
4 0.50625 0.64765625 0.015625 0.0265625
4 0.52890625 0.8125 0.01015625 0.025
4 0.53828125 0.8140625 0.01328125 0.0265625
4 0.52421875 0.83828125 0.0109375 0.0296875
4 0.74140625 0.7671875 0.0140625 0.0234375
4 0.72890625 0.84765625 0.01484375 0.02109375
2 0.85625 0.80546875 0.0234375 0.028125
4 0.80234375 0.89609375 0.015625 0.0203125
2 0.92109375 0.85703125 0.02890625 0.028125
2 0.9796875 0.79375 0.028125 0.03125
4 0.93359375 0.88671875 0.0234375 0.02578125