2 0.04609375 0.96484375 0.01953125 0.025
2 0.09765625 0.8734375 0.01796875 0.03046875
2 0.07578125 0.96953125 0.01953125 0.03359375
2 0.21328125 0.98046875 0.01796875 0.0390625
2 0.23203125 0.95390625 0.01640625 0.03515625
2 0.240625 0.8703125 0.01796875 0.03203125
2 0.21328125 0.7515625 0.01640625 0.03046875
2 0.23046875 0.7265625 0.01640625 0.0265625
2 0.24296875 0.703125 0.01796875 0.025
2 0.25078125 0.71953125 0.01640625 0.02421875
2 0.2671875 0.70234375 0.01640625 0.021875
2 0.26015625 0.68515625 0.01875 0.02109375
2 0.32578125 0.8265625 0.015625 0.0265625
2 0.28359375 0.67734375 0.01796875 0.0234375
2 0.2953125 0.64453125 0.01640625 0.02578125
2 0.3 0.659375 0.01640625 0.021875
2 0.3140625 0.64296875 0.015625 0.02578125
2 0.3453125 0.5984375 0.01640625 0.03125
2 0.328125 0.609375 0.01640625 0.028125
2 0.33203125 0.62109375 0.01796875 0.02421875
2 0.32890625 0.9546875 0.01875 0.021875
2 0.32890625 0.984375 0.01875 0.02578125
2 0.37421875 0.959375 0.015625 0.03359375
2 0.42421875 0.86875 0.01640625 0.02421875
2 0.41953125 0.7140625 0.01875 0.015625
2 0.51171875 0.671875 0.02109375 0.02421875
2 0.48359375 0.6265625 0.01953125 0.028125
2 0.53125 0.65546875 0.021875 0.02578125
2 0.56796875 0.63359375 0.01328125 0.03359375
2 0.5921875 0.64296875 0.0140625 0.0296875
2 0.58125 0.684375 0.01953125 0.0203125
2 0.553125 0.7796875 0.01796875 0.021875
2 0.42109375 0.5359375 0.01796875 0.0359375
2 0.43359375 0.49921875 0.01171875 0.03359375
2 0.459375 0.43359375 0.01640625 0.03125
2 0.40546875 0.45546875 0.01796875 0.040625
2 0.36796875 0.38828125 0.01796875 0.0359375
2 0.3484375 0.30234375 0.01640625 0.0359375
2 0.33046875 0.31875 0.01484375 0.03828125
2 0.28671875 0.146875 0.01484375 0.0296875
2 0.2265625 0.01875 0.01640625 0.03359375
2 0.32109375 0.01328125 0.0203125 0.02578125
2 0.334375 0.01171875 0.01875 0.0234375
2 0.396875 0.19453125 0.01875 0.03359375
2 0.3984375 0.21796875 0.015625 0.02890625
2 0.4078125 0.23515625 0.01953125 0.03203125
2 0.4234375 0.2328125 0.01875 0.03046875
2 0.42421875 0.25546875 0.0140625 0.028125
2 0.4140625 0.26171875 0.01640625 0.03359375
2 0.42734375 0.290625 0.0140625 0.034375
2 0.4171875 0.29296875 0.01484375 0.025
2 0.4359375 0.28984375 0.01640625 0.0296875
2 0.4390625 0.259375 0.015625 0.03046875
2 0.58203125 0.29375 0.0109375 0.03125
2 0.584375 0.19765625 0.015625 0.03125
2 0.5546875 0.221875 0.0140625 0.0390625
2 0.55546875 0.0546875 0.01328125 0.034375
2 0.59296875 0.06171875 0.0203125 0.0234375
2 0.6421875 0.31171875 0.02109375 0.0265625
2 0.79609375 0.16796875 0.01171875 0.03828125
2 0.8078125 0.1765625 0.01875 0.025
2 0.8234375 0.14453125 0.0109375 0.034375
2 0.87109375 0.08359375 0.01484375 0.0296875
2 0.93359375 0.059375 0.02109375 0.028125
2 0.9265625 0.22734375 0.0203125 0.03046875
2 0.9359375 0.21328125 0.01875 0.03203125
2 0.946875 0.20703125 0.01796875 0.03359375
2 0.86328125 0.18203125 0.02109375 0.034375
2 0.82109375 0.2515625 0.021875 0.028125
2 0.7953125 0.25546875 0.01640625 0.0234375
2 0.80234375 0.265625 0.01796875 0.028125
2 0.77890625 0.27421875 0.01875 0.03046875
2 0.78828125 0.2875 0.0203125 0.0296875
2 0.75546875 0.32265625 0.01640625 0.02109375
2 0.74921875 0.309375 0.01875 0.01796875
2 0.73203125 0.33203125 0.0203125 0.03046875
2 0.740625 0.34296875 0.01640625 0.0234375
2 0.7390625 0.3625 0.01796875 0.0203125
2 0.7265625 0.36015625 0.0203125 0.02578125
2 0.71171875 0.3546875 0.01953125 0.02578125
2 0.709375 0.38046875 0.021875 0.0265625
2 0.68203125 0.38828125 0.0140625 0.0234375
2 0.684375 0.403125 0.01796875 0.02890625
2 0.66796875 0.4109375 0.01796875 0.03125
2 0.7203125 0.575 0.0140625 0.028125
2 0.86796875 0.74453125 0.01796875 0.03515625
2 0.88359375 0.7609375 0.01171875 0.03203125
2 0.90703125 0.77421875 0.01640625 0.028125
2 0.9421875 0.82265625 0.01640625 0.02890625
2 0.95078125 0.840625 0.0203125 0.025
2 0.9609375 0.86171875 0.01953125 0.01953125
2 0.971875 0.875 0.0203125 0.0234375
2 0.98046875 0.90390625 0.02109375 0.0203125
2 0.8578125 0.89140625 0.01796875 0.025
2 0.8484375 0.90234375 0.0203125 0.028125
2 0.815625 0.853125 0.01953125 0.0296875
2 0.746875 0.79375 0.0203125 0.028125
2 0.66875 0.7484375 0.021875 0.0265625
2 0.6390625 0.71328125 0.021875 0.0265625
4 0.1015625 0.9140625 0.01171875 0.021875
4 0.05625 0.86484375 0.01015625 0.015625
4 0.06171875 0.8796875 0.009375 0.01640625
4 0.0828125 0.853125 0.00546875 0.015625
4 0.08671875 0.84921875 0.0046875 0.01484375
4 0.090625 0.84609375 0.0046875 0.015625
4 0.09453125 0.84296875 0.00546875 0.0140625
4 0.10859375 0.8296875 0.00703125 0.015625
4 0.11328125 0.82578125 0.0046875 0.01328125
4 0.11796875 0.82109375 0.00390625 0.01328125
4 0.11953125 0.8140625 0.00546875 0.01171875
4 0.18046875 0.79296875 0.01015625 0.01484375
4 0.2203125 0.72421875 0.009375 0.0140625
4 0.24609375 0.6890625 0.01015625 0.0109375
4 0.26796875 0.6640625 0.00703125 0.01015625
4 0.27421875 0.65703125 0.009375 0.01015625
4 0.28359375 0.65078125 0.009375 0.01328125
4 0.29296875 0.615625 0.0109375 0.01328125
4 0.309375 0.6265625 0.00859375 0.00859375
4 0.3171875 0.62265625 0.00859375 0.01171875
4 0.3296875 0.59609375 0.00625 0.0109375
4 0.3359375 0.58203125 0.00546875 0.01171875
4 0.38828125 0.484375 0.00703125 0.01640625
4 0.38515625 0.440625 0.00546875 0.015625
4 0.39921875 0.4671875 0.00625 0.015625
4 0.3765625 0.378125 0.00703125 0.015625
4 0.3296875 0.271875 0.00703125 0.01484375
4 0.32421875 0.23046875 0.00546875 0.01640625
4 0.26875 0.10546875 0.00703125 0.015625
4 0.26796875 0.11953125 0.00859375 0.01875
4 0.37109375 0.08203125 0.00859375 0.009375
4 0.36875 0.0734375 0.00625 0.0109375
4 0.38046875 0.14453125 0.00625 0.015625
4 0.39140625 0.13828125 0.00546875 0.0109375
4 0.3953125 0.13046875 0.00703125 0.00703125
4 0.3984375 0.1359375 0.00703125 0.00703125
4 0.4015625 0.1390625 0.00625 0.00625
4 0.403125 0.14375 0.00859375 0.00625
4 0.40859375 0.1359375 0.00859375 0.01015625
4 0.40546875 0.15703125 0.00703125 0.00703125
4 0.4109375 0.16328125 0.00703125 0.0109375
4 0.40703125 0.1734375 0.00546875 0.0140625
4 0.41484375 0.17421875 0.0046875 0.009375
4 0.41875 0.15625 0.00546875 0.009375
4 0.42109375 0.159375 0.00546875 0.01015625
4 0.41875 0.17421875 0.0046875 0.01015625
4 0.425 0.171875 0.00703125 0.0140625
4 0.4296875 0.17890625 0.009375 0.01171875
4 0.4359375 0.1890625 0.009375 0.01015625
4 0.42734375 0.22109375 0.00703125 0.015625
4 0.446875 0.28359375 0.0046875 0.0140625
4 0.44609375 0.29140625 0.00703125 0.01328125
4 0.46328125 0.2828125 0.00625 0.01328125
4 0.584375 0.2484375 0.00859375 0.01875
4 0.59296875 0.24765625 0.00546875 0.01640625
4 0.6796875 0.3 0.01171875 0.0109375
4 0.75 0.22109375 0.00546875 0.01328125
4 0.75390625 0.21796875 0.00546875 0.01171875
4 0.81328125 0.15859375 0.00859375 0.01015625
4 0.81171875 0.146875 0.00703125 0.01015625
4 0.87890625 0.12578125 0.00859375 0.01484375
4 0.90859375 0.0796875 0.0109375 0.015625
2 0.93828125 0.009375 0.01953125 0.01875
4 0.87734375 0.20859375 0.01015625 0.01328125
4 0.75078125 0.346875 0.0109375 0.01171875
4 0.74453125 0.32421875 0.009375 0.01484375
4 0.72421875 0.371875 0.00703125 0.00859375
4 0.72421875 0.38125 0.00625 0.01015625
4 0.71875 0.37890625 0.00703125 0.009375
4 0.71171875 0.38828125 0.00703125 0.0109375
4 0.71484375 0.39453125 0.00859375 0.009375
4 0.70625 0.403125 0.00859375 0.0046875
4 0.703125 0.396875 0.00859375 0.00703125
4 0.696875 0.396875 0.00625 0.01328125
4 0.69609375 0.40546875 0.00703125 0.00703125
4 0.69375 0.421875 0.00625 0.009375
4 0.69921875 0.42890625 0.00546875 0.01328125
4 0.68046875 0.41875 0.00703125 0.009375
4 0.68359375 0.4234375 0.00859375 0.01171875
4 0.68984375 0.40859375 0.00625 0.01171875
4 0.68671875 0.42890625 0.00625 0.00859375
4 0.6890625 0.4359375 0.00703125 0.01328125
4 0.68203125 0.43984375 0.00625 0.01328125
4 0.678125 0.4515625 0.00546875 0.01171875
4 0.6859375 0.4546875 0.0046875 0.0140625
4 0.6703125 0.453125 0.00703125 0.00625
4 0.66875 0.459375 0.00859375 0.00703125
4 0.68515625 0.503125 0.0046875 0.01328125
4 0.68125 0.51796875 0.00546875 0.0140625
4 0.68515625 0.57109375 0.00859375 0.01484375
4 0.76796875 0.6390625 0.00625 0.01328125
4 0.771875 0.6421875 0.00546875 0.01171875
4 0.81796875 0.71328125 0.00546875 0.0109375
4 0.82109375 0.715625 0.0046875 0.0109375
4 0.8234375 0.72109375 0.0046875 0.01171875
4 0.834375 0.728125 0.0046875 0.01484375
4 0.84609375 0.73828125 0.0046875 0.00859375
4 0.85078125 0.74296875 0.0046875 0.0140625
4 0.85546875 0.7484375 0.00859375 0.0109375
4 0.85703125 0.78359375 0.01171875 0.01640625
4 0.88671875 0.81640625 0.009375 0.0140625
4 0.91171875 0.79296875 0.00546875 0.0140625
4 0.97578125 0.84140625 0.009375 0.0109375
4 0.98203125 0.85390625 0.00859375 0.0109375
4 0.97421875 0.859375 0.00859375 0.0109375
4 0.98515625 0.871875 0.0046875 0.0140625
4 0.98359375 0.93046875 0.009375 0.01484375
4 0.86796875 0.9109375 0.0109375 0.01796875
4 0.80546875 0.865625 0.01015625 0.015625
4 0.765625 0.79921875 0.009375 0.01484375
4 0.72109375 0.753125 0.01015625 0.01328125
4 0.6015625 0.70859375 0.01328125 0.01328125
4 0.5703125 0.77109375 0.01328125 0.01328125
4 0.57578125 0.65 0.00546875 0.01484375
4 0.57109375 0.64453125 0.0046875 0.01796875
4 0.5921875 0.628125 0.00546875 0.0140625
4 0.57578125 0.66640625 0.01015625 0.0140625
4 0.56171875 0.6765625 0.009375 0.01328125
4 0.5421875 0.63359375 0.00859375 0.01171875
4 0.53046875 0.62109375 0.00859375 0.0140625
4 0.52578125 0.75 0.00859375 0.0203125
4 0.48828125 0.675 0.01171875 0.015625
4 0.440625 0.56328125 0.01328125 0.021875
4 0.5109375 0.61796875 0.01484375 0.01484375
4 0.4390625 0.41328125 0.01015625 0.01875
4 0.36171875 0.80078125 0.01328125 0.009375
4 0.284375 0.83359375 0.0109375 0.015625
4 0.30078125 0.8578125 0.01015625 0.01171875
4 0.4390625 0.8640625 0.01171875 0.02109375
4 0.47421875 0.778125 0.009375 0.0203125
4 0.4671875 0.75390625 0.009375 0.01796875
4 0.26328125 0.91015625 0.01171875 0.01015625
4 0.2515625 0.9328125 0.01015625 0.015625
0 0.1109375 0.859375 0.01484375 0.028125
0 0.15546875 0.83515625 0.015625 0.02578125
0 0.2765625 0.6671875 0.0140625 0.01640625
0 0.33515625 0.59296875 0.01328125 0.01484375
0 0.30703125 0.796875 0.01796875 0.02421875
0 0.3984375 0.7796875 0.01640625 0.0234375
0 0.4640625 0.715625 0.01484375 0.02421875
0 0.49453125 0.73203125 0.01328125 0.01640625
0 0.5390625 0.621875 0.0140625 0.01875
0 0.346875 0.446875 0.01171875 0.02421875
0 0.3453125 0.32578125 0.0109375 0.02578125
0 0.30078125 0.175 0.01875 0.0234375
0 0.253125 0.1046875 0.015625 0.0265625
0 0.42578125 0.31171875 0.01328125 0.021875
0 0.409375 0.2140625 0.01171875 0.02578125
0 0.6046875 0.25859375 0.01328125 0.02421875
0 0.60546875 0.2890625 0.0140625 0.025
0 0.665625 0.4328125 0.0109375 0.0265625
0 0.6734375 0.4359375 0.01171875 0.0203125
0 0.6984375 0.38046875 0.0109375 0.01875
0 0.70859375 0.271875 0.015625 0.021875
0 0.76328125 0.33046875 0.0109375 0.01640625
0 0.89140625 0.20078125 0.01640625 0.03046875
0 0.90234375 0.0671875 0.01796875 0.0296875
0 0.75703125 0.64921875 0.0140625 0.021875
0 0.8734375 0.7640625 0.01015625 0.021875
0 0.8953125 0.77265625 0.01171875 0.01875
0 0.8765625 0.934375 0.01875 0.028125
3 0.34140625 0.04375 0.025 0.046875
3 0.34921875 0.61640625 0.025 0.0359375
3 0.29140625 0.63359375 0.021875 0.01953125
3 0.828125 0.9140625 0.02109375 0.0234375
6 0.92578125 0.9765625 0.03828125 0.04609375
1 0.80546875 0.77265625 0.04453125 0.05625
1 0.565625 0.71015625 0.0515625 0.04453125
1 0.4484375 0.6890625 0.0546875 0.04296875
1 0.2484375 0.9 0.04609375 0.06796875
1 0.21015625 0.93515625 0.03671875 0.06015625
1 0.221875 0.765625 0.04609375 0.05703125
1 0.32109375 0.5875 0.04140625 0.08515625