0 0.08359375 0.6703125 0.01328125 0.01171875
0 0.07109375 0.659375 0.015625 0.01484375
0 0.2734375 0.753125 0.015625 0.01484375
0 0.490625 0.4296875 0.01015625 0.015625
3 0.7546875 0.31953125 0.01640625 0.028125
2 0.57265625 0.49140625 0.02109375 0.02421875
4 0.10078125 0.77421875 0.0109375 0.01484375
2 0.3 0.246875 0.0203125 0.0203125
2 0.55546875 0.4484375 0.021875 0.01796875
2 0.21953125 0.40625 0.01953125 0.0296875
4 0.56484375 0.62109375 0.00859375 0.01875
4 0.51328125 0.42890625 0.00859375 0.01796875
0 0.53203125 0.51328125 0.015625 0.02109375
0 0.7546875 0.5 0.00859375 0.01875
0 0.7734375 0.421875 0.0109375 0.02421875
4 0.75859375 0.05546875 0.0109375 0.01875
4 0.6296875 0.69375 0.00859375 0.015625
4 0.171875 0.6421875 0.01015625 0.015625
3 0.20078125 0.7640625 0.0140625 0.02109375
4 0.5796875 0.3515625 0.0109375 0.015625
4 0.7390625 0.13203125 0.01484375 0.0203125
4 0.05546875 0.77578125 0.01328125 0.0140625
2 0.6359375 0.59453125 0.01015625 0.01796875
4 0.46171875 0.41953125 0.009375 0.0140625
4 0.475 0.42734375 0.01015625 0.01640625
0 0.76015625 0.4234375 0.01328125 0.01875
4 0.8015625 0.278125 0.01171875 0.01484375
2 0.1734375 0.13046875 0.0203125 0.02890625
4 0.44453125 0.43359375 0.01171875 0.01953125
2 0.28096493749999996 0.5415122765625 0.28620756875 0.550831521875 0.302477796875 0.5415122765625 0.30041635 0.52643930625 0.28096493749999996 0.5415122765625
0 0.5296875 0.42578125 0.009375 0.01328125
4 0.53046875 0.57421875 0.01171875 0.01796875
0 0.58046875 0.41328125 0.0140625 0.01953125
0 0.28828125 0.5640625 0.01484375 0.0140625
0 0.221875 0.64609375 0.01328125 0.01953125
2 0.53046875 0.4828125 0.0203125 0.02109375
4 0.3671875 0.52109375 0.0109375 0.01953125
3 0.7296875 0.2140625 0.015625 0.02578125
4 0.40234375 0.5484375 0.01328125 0.01171875
3 0.5 0.62890625 0.0140625 0.0234375
0 0.14609375 0.16796875 0.01640625 0.01953125
4 0.5484375 0.415625 0.00859375 0.01015625
2 0.46328125 0.44140625 0.01953125 0.021875
4 0.440625 0.490625 0.009375 0.0140625
4 0.53671875 0.63125 0.009375 0.01484375
0 0.81484375 0.21328125 0.0140625 0.01953125
0 0.22890625 0.59140625 0.01015625 0.01640625
4 0.44296875 0.40859375 0.01484375 0.0109375
0 0.284375 0.471875 0.01171875 0.01484375
4 0.7359375 0.47578125 0.00703125 0.01875
4 0.7421875 0.534375 0.009375 0.01171875
3 0.69375 0.828125 0.01796875 0.0296875
4 0.59140625 0.58671875 0.01015625 0.01484375
4 0.88515625 0.115625 0.009375 0.01640625
4 0.86484375 0.1265625 0.01328125 0.02109375
0 0.34921875 0.5578125 0.01328125 0.021875
0 0.78203125 0.0515625 0.01015625 0.01875
0 0.61640625 0.34765625 0.01328125 0.02109375
4 0.7734375 0.353125 0.01015625 0.0140625
4 0.528125 0.65 0.01015625 0.01484375
4 0.55703125 0.63359375 0.01015625 0.0140625
4 0.23984375 0.61328125 0.01171875 0.0140625
4 0.1234375 0.746875 0.009375 0.021875
4 0.76640625 0.33203125 0.00859375 0.01953125
2 0.55078125 0.496875 0.01875 0.0265625
4 0.0609375 0.10546875 0.01171875 0.01328125
4 0.4 0.5203125 0.00859375 0.01875
4 0.60859375 0.57421875 0.00859375 0.01796875
4 0.790625 0.771875 0.01171875 0.0203125
0 0.8984375 0.81484375 0.0140625 0.01484375
4 0.7828125 0.8640625 0.009375 0.015625
0 0.5671875 0.35859375 0.01171875 0.02109375
0 0.5265625 0.40546875 0.01171875 0.021875
0 0.42421875 0.56328125 0.015625 0.02109375
4 0.053125 0.07421875 0.01171875 0.015625
4 0.384375 0.3609375 0.01171875 0.01875
0 0.021875 0.68203125 0.01796875 0.01796875
2 0.753125 0.45859375 0.01640625 0.02421875
4 0.30625 0.29140625 0.0109375 0.01953125
4 0.4109375 0.390625 0.01171875 0.01328125
4 0.078125 0.10703125 0.009375 0.01953125
2 0.36484375 0.359375 0.0203125 0.025
4 0.44921875 0.38046875 0.01015625 0.01171875
0 0.8138907156249999 0.0100789375 0.8061840281249999 0.0014027078125 0.796679121875 0.030627921875000002 0.8007893515625 0.036107656249999995 0.8138907156249999 0.0100789375
2 0.84921875 0.80625 0.0203125 0.021875
4 0.94609375 0.93671875 0.009375 0.01484375
0 0.88125 0.821875 0.01328125 0.01640625
2 0.49296875 0.4515625 0.01796875 0.021875
4 0.20859375 0.72578125 0.01328125 0.01171875
0 0.12578125 0.67421875 0.0203125 0.01640625
3 0.0484375 0.815625 0.025 0.02421875
4 0.03046875 0.0640625 0.0109375 0.009375
0 0.3015625 0.5875 0.01484375 0.0140625
0 0.30703125 0.60625 0.01484375 0.01484375
0 0.346875 0.51328125 0.01484375 0.01796875
4 0.5234375 0.5609375 0.0140625 0.01171875
4 0.5984375 0.5953125 0.01171875 0.01171875
0 0.971875 0.91171875 0.0140625 0.01640625
4 0.9265625 0.92109375 0.0140625 0.0109375
4 0.93828125 0.9109375 0.01171875 0.0203125
0 0.9015625 0.86953125 0.01875 0.02421875
4 0.9015625 0.84609375 0.01015625 0.0203125
2 0.821875 0.79921875 0.02578125 0.0296875
2 0.79140625 0.74296875 0.01796875 0.028125
2 0.7640625 0.73828125 0.0234375 0.028125
4 0.74296875 0.7015625 0.01328125 0.0265625
4 0.74453125 0.55859375 0.01171875 0.01796875
0 0.69296875 0.5109375 0.0109375 0.02578125
3 0.67578125 0.503125 0.01640625 0.021875
3 0.65 0.5546875 0.0109375 0.02109375
0 0.60859375 0.628125 0.015625 0.01796875
2 0.58046875 0.60078125 0.01640625 0.02421875
2 0.5140625 0.521875 0.01796875 0.0359375
4 0.37578125 0.50546875 0.009375 0.025
3 0.18203125 0.18125 0.015625 0.0234375
3 0.209375 0.2265625 0.01875 0.0234375
2 0.1109375 0.14609375 0.01875 0.02578125
3 0.265625 0.68203125 0.01875 0.01484375
0 0.3265625 0.58359375 0.01796875 0.015625
0 0.27421875 0.5984375 0.01875 0.01640625
3 0.14375 0.6859375 0.015625 0.01328125
4 0.08359375 0.74296875 0.015625 0.009375
4 0.06953125 0.70390625 0.01328125 0.01953125
3 0.265625 0.284375 0.03046875 0.03671875
4 0.1359375 0.14609375 0.0109375 0.01796875
4 0.0703125 0.0890625 0.00703125 0.01484375
4 0.50390625 0.4890625 0.00625 0.015625
4 0.51640625 0.48515625 0.00703125 0.015625
0 0.47578125 0.490625 0.01796875 0.01875
0 0.49296875 0.48359375 0.01484375 0.01953125
4 0.546875 0.42734375 0.009375 0.01328125
4 0.565625 0.334375 0.01171875 0.015625
4 0.84296875 0.140625 0.0140625 0.02109375
0 0.88671875 0.05859375 0.01484375 0.025
0 0.91640625 0.01484375 0.0140625 0.0265625
4 0.840625 0.175 0.0140625 0.01640625
0 0.75 0.6 0.01484375 0.0296875
2 0.6484375 0.74296875 0.02109375 0.021875
4 0.6828125 0.76875 0.009375 0.015625
4 0.6515625 0.7671875 0.0109375 0.0140625
0 0.67421875 0.78984375 0.015625 0.01875
0 0.70390625 0.80390625 0.01484375 0.02109375
4 0.77734375 0.70859375 0.01328125 0.01953125
4 0.80703125 0.88203125 0.0140625 0.021875
3 0.80390625 0.90078125 0.02421875 0.0203125
4 0.8078125 0.91875 0.01328125 0.01171875
4 0.815625 0.9375 0.015625 0.01171875
4 0.9640625 0.9421875 0.01484375 0.01875
2 0.97421875 0.9765625 0.02578125 0.03515625
0 0.65859375 0.5234375 0.01640625 0.021875
3 0.3140625 0.32890625 0.046875 0.0546875
6 0.3046875 0.43515625 0.03515625 0.05078125
2 0.38984375 0.39453125 0.01796875 0.02421875
6 0.43203125 0.5421875 0.0265625 0.040625
2 0.5171875 0.459375 0.01796875 0.03515625
3 0.55703125 0.46328125 0.01796875 0.01953125
2 0.58828125 0.4765625 0.02421875 0.04140625
0 0.59921875 0.340625 0.01328125 0.028125
0 0.578125 0.38359375 0.0140625 0.0234375
2 0.7015625 0.61640625 0.021875 0.03203125
2 0.72109375 0.63828125 0.01640625 0.04140625
1 0.596875 0.67265625 0.05546875 0.06171875
4 0.6671875 0.7625 0.01015625 0.0203125
2 0.87421875 0.846875 0.0234375 0.03515625
0 0.8984375 0.984375 0.01640625 0.02890625
3 0.86015625 0.78046875 0.02890625 0.040625
3 0.74453125 0.384375 0.0234375 0.04453125
0 0.359375 0.61796875 0.01953125 0.0234375
3 0.528125 0.5984375 0.01953125 0.0359375