2 0.9859375 0.35546875 0.02578125 0.02421875
2 0.7734375 0.1828125 0.03203125 0.0296875
2 0.78203125 0.2640625 0.03359375 0.0296875
2 0.78203125 0.50625 0.034375 0.034375
2 0.6859375 0.52109375 0.02890625 0.02578125
2 0.503125 0.36796875 0.02890625 0.0265625
2 0.275 0.55546875 0.03203125 0.02890625
2 0.04921875 0.50703125 0.02578125 0.02578125
2 0.046875 0.53671875 0.03515625 0.02421875
2 0.0609375 0.559375 0.0296875 0.02578125
2 0.16015625 0.25 0.02890625 0.053125
2 0.025 0.02890625 0.01953125 0.05
4 0.0125 0.053125 0.00859375 0.0234375
4 0.02421875 0.56796875 0.01640625 0.01171875
4 0.240625 0.57421875 0.0140625 0.0203125
4 0.25859375 0.41328125 0.0140625 0.01953125
4 0.26328125 0.35625 0.0140625 0.01640625
4 0.4234375 0.565625 0.01171875 0.01796875
4 0.5484375 0.55 0.01328125 0.01484375
4 0.609375 0.35546875 0.01328125 0.01484375
4 0.66953125 0.39453125 0.0140625 0.01640625
4 0.68125 0.5609375 0.0140625 0.01796875
4 0.76171875 0.54453125 0.015625 0.0203125
4 0.80546875 0.5515625 0.01640625 0.01953125
4 0.9671875 0.40390625 0.01484375 0.01875
0 0.70859375 0.490625 0.028125 0.02890625
0 0.20078125 0.3640625 0.0234375 0.021875
6 0.07734375 0.31171875 0.0296875 0.07890625