4 0.00390625 0.02734375 0.00703125 0.025
4 0.00390625 0.10078125 0.0078125 0.0296875
2 0.1484375 0.278125 0.01875 0.0484375
0 0.19140625 0.39296875 0.01875 0.021875
5 0.04453125 0.41640625 0.04296875 0.0296875
2 0.053125 0.559375 0.02578125 0.0234375
2 0.01953125 0.54921875 0.025 0.02421875
4 0.01796875 0.57578125 0.01171875 0.01328125
2 0.04375 0.58359375 0.0265625 0.021875
4 0.03203125 0.565625 0.0140625 0.0109375
2 0.77578125 0.24296875 0.02578125 0.0265625
2 0.765625 0.1609375 0.02578125 0.02578125
2 0.89609375 0.32421875 0.02578125 0.02421875
2 0.98125 0.31640625 0.02578125 0.028125
2 0.56640625 0.33671875 0.0203125 0.0203125
2 0.496875 0.37109375 0.02578125 0.025
4 0.096875 0.3984375 0.01171875 0.0265625
2 0.0078125 0.31640625 0.015625 0.05390625
2 0.75390625 0.42421875 0.028125 0.0234375
0 0.240625 0.4578125 0.01953125 0.01796875
3 0.178125 0.43046875 0.0265625 0.02890625
4 0.0359375 0.4484375 0.015625 0.015625
2 0.1859375 0.46953125 0.03046875 0.0265625
0 0.34375 0.44609375 0.01640625 0.015625
3 0.025 0.484375 0.05 0.03125
2 0.2640625 0.48359375 0.0265625 0.02109375
2 0.14453125 0.45703125 0.02578125 0.01953125
2 0.10390625 0.4984375 0.021875 0.021875
2 0.31875 0.47265625 0.02421875 0.02109375
2 0.415625 0.440625 0.0265625 0.02421875
2 0.28125 0.5703125 0.0296875 0.0265625
0 0.5625 0.56171875 0.01796875 0.01953125
4 0.45390625 0.421875 0.01328125 0.01484375
4 0.51328125 0.421875 0.01484375 0.015625
0 0.41875 0.41015625 0.01640625 0.015625
0 0.35078125 0.47890625 0.01796875 0.01640625
2 0.5609375 0.40859375 0.02578125 0.01953125
2 0.21875 0.4890625 0.028125 0.0265625
2 0.55859375 0.45546875 0.028125 0.025
4 0.55703125 0.43515625 0.01328125 0.01171875
4 0.59140625 0.43203125 0.0140625 0.01640625
4 0.60859375 0.38984375 0.0140625 0.01640625
4 0.53515625 0.521875 0.01328125 0.01484375
4 0.6359375 0.39453125 0.01171875 0.015625
4 0.92109375 0.384375 0.01328125 0.015625
2 0.66640625 0.44140625 0.0234375 0.028125
4 0.75546875 0.384375 0.015625 0.015625
4 0.88203125 0.384375 0.0140625 0.01484375
4 0.83515625 0.3890625 0.01328125 0.01328125
4 0.01015625 0.00703125 0.015625 0.0140625
0 0.0359375 0.2390625 0.01640625 0.0359375
2 0.06953125 0.11640625 0.0203125 0.053125
5 0.90078125 0.4125 0.0296875 0.02421875