2 0.33203125 0.0890625 0.01875 0.0359375
2 0.38203125 0.18203125 0.01640625 0.03046875
2 0.43671875 0.575 0.01875 0.034375
6 0.34296875 0.678125 0.02578125 0.04296875
2 0.63203125 0.34140625 0.01796875 0.034375
1 0.61796875 0.7984375 0.04453125 0.09140625
2 0.403125 0.5796875 0.01953125 0.02890625
0 0.33515625 0.5234375 0.01484375 0.01875
2 0.184375 0.7921875 0.01640625 0.03046875
4 0.3859375 0.59296875 0.00859375 0.01328125
0 0.228125 0.69453125 0.0140625 0.0203125
2 0.3171875 0.72109375 0.01953125 0.03125
2 0.6640625 0.28203125 0.02109375 0.03203125
2 0.365625 0.64453125 0.02109375 0.03046875
2 0.61328125 0.41875 0.01953125 0.03671875
2 0.66171875 0.746875 0.01796875 0.0359375
2 0.559375 0.7359375 0.01796875 0.03359375
2 0.584375 0.740625 0.01875 0.0359375
2 0.58046875 0.7703125 0.01953125 0.03671875
1 0.5734375 0.67578125 0.03359375 0.07890625
2 0.74296875 0.9265625 0.02109375 0.03828125
2 0.71953125 0.865625 0.02109375 0.0234375
4 0.54921875 0.65859375 0.00859375 0.01796875
4 0.540625 0.6703125 0.00625 0.0140625
4 0.54140625 0.68828125 0.00859375 0.01640625
4 0.54296875 0.7078125 0.00703125 0.01640625
4 0.534375 0.70703125 0.00703125 0.01484375
2 0.7046875 0.2265625 0.01796875 0.02578125
2 0.82890625 0.1390625 0.0265625 0.03828125
2 0.721875 0.03125 0.01875 0.03203125
0 0.678125 0.08125 0.0140625 0.02421875
0 0.66484375 0.09296875 0.01171875 0.02421875
2 0.28515625 0.0421875 0.01953125 0.04375
2 0.23515625 0.84375 0.01875 0.03125
2 0.25546875 0.815625 0.025 0.03984375
2 0.1953125 0.68359375 0.0203125 0.03515625
2 0.2984375 0.74375 0.0203125 0.03359375
2 0.27578125 0.77734375 0.02109375 0.03125
2 0.384375 0.615625 0.01875 0.028125
2 0.3734375 0.10390625 0.01484375 0.02890625
0 0.35859375 0.31328125 0.0140625 0.0234375
2 0.303125 0.69453125 0.02109375 0.03828125
2 0.47890625 0.4171875 0.0140625 0.03984375
5 0.63515625 0.39609375 0.01953125 0.0359375
2 0.2359375 0.51796875 0.015625 0.03515625
4 0.371875 0.621875 0.00546875 0.01171875
4 0.33203125 0.7046875 0.009375 0.01796875
2 0.65078125 0.34140625 0.01953125 0.034375
2 0.61328125 0.38203125 0.01875 0.03203125
4 0.52578125 0.69609375 0.01015625 0.01796875
2 0.48203125 0.484375 0.01484375 0.046875
4 0.61171875 0.45546875 0.009375 0.01484375
4 0.6 0.44453125 0.00859375 0.02109375
4 0.7421875 0.04453125 0.00859375 0.0234375
2 0.328125 0.75546875 0.01875 0.03125
2 0.15625 0.93203125 0.01796875 0.03125
4 0.409375 0.55859375 0.00703125 0.01484375
2 0.403125 0.528125 0.01875 0.03984375
2 0.65078125 0.3109375 0.01796875 0.034375
4 0.59453125 0.7140625 0.00859375 0.01484375
4 0.53359375 0.72421875 0.00703125 0.01953125
2 0.409375 0.1875 0.01875 0.03203125
2 0.46171875 0.52890625 0.01953125 0.0296875
2 0.665625 0.315625 0.01796875 0.03046875
2 0.390625 0.659375 0.02421875 0.03203125
2 0.46171875 0.38203125 0.0140625 0.03984375
2 0.45859375 0.56640625 0.01640625 0.034375
2 0.42265625 0.27890625 0.0203125 0.03984375
2 0.421875 0.63984375 0.02109375 0.03046875
2 0.23046875 0.903125 0.0234375 0.03125
4 0.26875 0.89296875 0.009375 0.0140625
2 0.17890625 0.89921875 0.02109375 0.03359375
2 0.36953125 0.5890625 0.01875 0.03515625
2 0.32890625 0.64921875 0.01796875 0.034375
2 0.4109375 0.3765625 0.01953125 0.0390625
2 0.29921875 0.0265625 0.01796875 0.03515625
2 0.4765625 0.36484375 0.01640625 0.03671875
2 0.7234375 0.9515625 0.01875 0.034375
0 0.7109375 0.10546875 0.01796875 0.02890625
4 0.78359375 0.02109375 0.0140625 0.01796875
2 0.78125 0.13046875 0.0203125 0.0359375
2 0.20234375 0.8609375 0.0203125 0.03828125
4 0.221875 0.83515625 0.009375 0.0203125
4 0.3484375 0.65078125 0.009375 0.01171875
4 0.35078125 0.6390625 0.009375 0.0109375
2 0.353125 0.13125 0.01640625 0.03828125
0 0.6765625 0.171875 0.01328125 0.025
2 0.459375 0.28203125 0.01640625 0.0296875
4 0.48046875 0.33671875 0.00703125 0.01796875
4 0.4640625 0.35078125 0.00703125 0.01796875
2 0.634375 0.68203125 0.01171875 0.0359375
2 0.73984375 0.2265625 0.01875 0.0296875
2 0.71640625 0.1890625 0.015625 0.02890625
1 0.69921875 0.3015625 0.0484375 0.08984375
2 0.73203125 0.17109375 0.01953125 0.0359375
4 0.6234375 0.4625 0.00703125 0.01328125
4 0.6265625 0.44375 0.00703125 0.0140625
4 0.62890625 0.42890625 0.00625 0.01328125
4 0.61796875 0.478125 0.00703125 0.01171875
4 0.6609375 0.790625 0.01015625 0.02109375
2 0.41171875 0.446875 0.01328125 0.03828125
2 0.13828125 0.9609375 0.0203125 0.03828125
0 0.546875 0.48359375 0.0140625 0.028125
2 0.3984375 0.228125 0.01640625 0.03125
4 0.35625 0.09296875 0.009375 0.01640625
4 0.8265625 0.05078125 0.01171875 0.01796875
0 0.859375 0.0140625 0.01640625 0.0234375
4 0.75546875 0.18828125 0.01171875 0.01875
0 0.7234375 0.24296875 0.01171875 0.02109375
4 0.73125 0.26875 0.009375 0.0140625
2 0.23828125 0.9234375 0.0203125 0.03125
4 0.33203125 0.79375 0.00859375 0.01484375
4 0.35703125 0.7390625 0.00703125 0.0140625
4 0.240625 0.81015625 0.009375 0.01484375
4 0.253125 0.7828125 0.00703125 0.01640625
4 0.28046875 0.721875 0.01015625 0.01484375
4 0.28203125 0.73515625 0.00859375 0.01328125
4 0.35 0.60546875 0.009375 0.01953125
4 0.46875 0.48046875 0.00625 0.01875
4 0.45703125 0.4546875 0.0046875 0.021875
4 0.490625 0.5328125 0.00703125 0.01953125
2 0.4453125 0.32578125 0.015625 0.02890625
2 0.43671875 0.228125 0.01875 0.03515625
2 0.390625 0.1375 0.01640625 0.03203125
4 0.40859375 0.146875 0.009375 0.0234375
2 0.3203125 0.02421875 0.01640625 0.040625
4 0.33828125 0.034375 0.009375 0.01953125
4 0.33515625 0.0125 0.009375 0.01875
0 0.44609375 0.15234375 0.0140625 0.021875
2 0.7296875 0.20625 0.01875 0.02890625
4 0.66875 0.26171875 0.00703125 0.015625
0 0.59140625 0.62890625 0.0140625 0.02421875
2 0.70390625 0.90625 0.01640625 0.03359375
6 0.6296875 0.88125 0.03046875 0.05546875
2 0.65625 0.92109375 0.01875 0.03125
2 0.559375 0.765625 0.01953125 0.03046875
4 0.4578125 0.50703125 0.009375 0.0140625
2 0.16328125 0.96796875 0.0203125 0.03125
2 0.178125 0.93515625 0.01875 0.03125
4 0.30078125 0.71875 0.00859375 0.0140625
4 0.68203125 0.78125 0.00859375 0.01875