1 0.2828125 0.6515625 0.05625 0.03203125
1 0.225 0.65625 0.05625 0.03125
4 0.03046875 0.72578125 0.01328125 0.0109375
4 0.0484375 0.70234375 0.01328125 0.0109375
4 0.09375 0.709375 0.01171875 0.01015625
4 0.128125 0.70390625 0.01171875 0.01328125
4 0.16328125 0.69140625 0.0109375 0.0109375
4 0.22578125 0.703125 0.0140625 0.01015625
4 0.234375 0.7796875 0.01171875 0.01171875
4 0.2984375 0.7734375 0.01171875 0.0140625
4 0.4765625 0.690625 0.00625 0.01875
4 0.60078125 0.65625 0.00859375 0.0109375
4 0.61875 0.65546875 0.01171875 0.01015625
4 0.83671875 0.72578125 0.01171875 0.01015625
4 0.9859375 0.78671875 0.01328125 0.0109375
4 0.93125 0.775 0.01171875 0.0140625
4 0.90078125 0.79140625 0.0109375 0.009375
4 0.875 0.88046875 0.01328125 0.0140625
4 0.75703125 0.8484375 0.0109375 0.01328125
4 0.75859375 0.77421875 0.01171875 0.01171875
4 0.78125 0.7546875 0.01171875 0.0109375
4 0.79609375 0.7875 0.0109375 0.01171875
4 0.809375 0.77421875 0.0109375 0.01171875
4 0.76796875 0.7890625 0.01328125 0.01171875
4 0.7671875 0.80546875 0.01171875 0.01328125
4 0.68125 0.75546875 0.0109375 0.01171875
4 0.67734375 0.7984375 0.0109375 0.0109375
4 0.59296875 0.83828125 0.01015625 0.01171875
4 0.3984375 0.878125 0.01171875 0.01171875
4 0.21796875 0.878125 0.01015625 0.01328125
4 0.16796875 0.92578125 0.01171875 0.01171875
4 0.09453125 0.93125 0.0109375 0.00859375
4 0.1140625 0.94296875 0.0109375 0.009375
4 0.03828125 0.9109375 0.0109375 0.0140625
0 0.14609375 0.946875 0.01640625 0.01796875
0 0.51171875 0.93203125 0.01171875 0.01171875
0 0.746875 0.69453125 0.01875 0.01953125
0 0.403125 0.684375 0.01484375 0.01640625
2 0.48125 0.05625 0.01328125 0.04609375
4 0.5296875 0.065625 0.00625 0.028125
4 0.471875 0.11484375 0.00546875 0.0234375
4 0.47421875 0.196875 0.00625 0.02421875
4 0.46953125 0.2953125 0.00546875 0.02421875
4 0.47578125 0.334375 0.00703125 0.0203125
2 0.5171875 0.73359375 0.01328125 0.04296875
2 0.59609375 0.7515625 0.02578125 0.03515625
2 0.5578125 0.8265625 0.0265625 0.034375
2 0.42890625 0.796875 0.0234375 0.02421875
2 0.45703125 0.90859375 0.021875 0.025
2 0.09921875 0.90546875 0.021875 0.021875
2 0.72890625 0.8796875 0.03046875 0.0234375
2 0.88359375 0.8125 0.0234375 0.021875
2 0.95859375 0.8609375 0.025 0.02578125
1 0.6 0.87109375 0.06015625 0.046875