4 0.00859375 0.54453125 0.01171875 0.01484375
4 0.05703125 0.54140625 0.01171875 0.01484375
4 0.06796875 0.53046875 0.01015625 0.01484375
4 0.08828125 0.53046875 0.01015625 0.01328125
4 0.096875 0.540625 0.009375 0.009375
4 0.08984375 0.43671875 0.01171875 0.01171875
4 0.09609375 0.45625 0.01015625 0.0140625
4 0.1640625 0.43984375 0.0140625 0.01328125
4 0.12421875 0.53125 0.009375 0.0109375
4 0.12578125 0.54609375 0.0140625 0.00546875
4 0.17890625 0.52578125 0.01328125 0.009375
4 0.18359375 0.5640625 0.0109375 0.01015625
4 0.16640625 0.57890625 0.009375 0.009375
4 0.21875 0.57109375 0.009375 0.0109375
4 0.234375 0.56015625 0.009375 0.01015625
4 0.08359375 0.6 0.009375 0.01171875
4 0.24453125 0.42890625 0.01328125 0.01015625
4 0.24921875 0.44140625 0.0140625 0.01171875
4 0.2421875 0.453125 0.01640625 0.01171875
4 0.23359375 0.4640625 0.0109375 0.01015625
4 0.29609375 0.553125 0.01171875 0.01328125
4 0.32421875 0.5484375 0.01015625 0.0109375
4 0.32421875 0.56328125 0.01015625 0.00859375
4 0.3828125 0.5609375 0.0140625 0.01484375
2 0.18046875 0.47109375 0.0296875 0.01953125
2 0.36171875 0.53046875 0.02421875 0.02578125
0 0.153125 0.56640625 0.01328125 0.015625
0 0.1578125 0.54921875 0.0140625 0.01171875
0 0.1640625 0.53359375 0.0140625 0.0140625
0 0.27421875 0.43515625 0.01796875 0.01484375
0 0.32734375 0.4359375 0.0140625 0.0140625
0 0.40546875 0.4390625 0.015625 0.01484375
6 0.28203125 0.46484375 0.04296875 0.0296875
1 0.2515625 0.5359375 0.05 0.025
4 0.36640625 0.43359375 0.01015625 0.0140625
4 0.41328125 0.42578125 0.01015625 0.009375
4 0.43984375 0.43515625 0.01328125 0.01328125
4 0.44453125 0.45546875 0.01015625 0.0109375
4 0.4703125 0.446875 0.0140625 0.01171875
4 0.48828125 0.43046875 0.01015625 0.0109375
4 0.484375 0.534375 0.009375 0.01484375
4 0.521875 0.45859375 0.0109375 0.01328125
4 0.54453125 0.44765625 0.0109375 0.01328125
4 0.53359375 0.5484375 0.01171875 0.01484375
4 0.5625 0.53359375 0.0109375 0.0140625
4 0.5875 0.5390625 0.01328125 0.0109375
4 0.621875 0.51875 0.01171875 0.0109375
4 0.6234375 0.53125 0.01171875 0.00703125
4 0.62109375 0.54375 0.01328125 0.0109375
4 0.66328125 0.53359375 0.01015625 0.0109375
4 0.66953125 0.56328125 0.01015625 0.01171875
4 0.6953125 0.55625 0.01015625 0.01171875
4 0.7109375 0.52109375 0.01328125 0.01640625
4 0.740625 0.53046875 0.01171875 0.0109375
4 0.74453125 0.5484375 0.0140625 0.01015625
4 0.753125 0.56171875 0.0140625 0.00859375
4 0.78828125 0.54375 0.015625 0.01328125
4 0.8296875 0.54609375 0.015625 0.01484375
4 0.8859375 0.51875 0.01484375 0.0140625
4 0.88359375 0.54375 0.0140625 0.00859375
4 0.9359375 0.515625 0.01328125 0.01171875
4 0.88046875 0.56171875 0.01171875 0.0140625
4 0.92109375 0.553125 0.01171875 0.0109375
4 0.946875 0.53515625 0.0140625 0.01796875
4 0.98046875 0.51953125 0.0140625 0.01640625
4 0.97890625 0.54609375 0.01640625 0.01328125
4 0.965625 0.44453125 0.01640625 0.01484375
4 0.9234375 0.440625 0.01171875 0.015625
4 0.8890625 0.44375 0.0140625 0.01171875
4 0.878125 0.4109375 0.01484375 0.01484375
4 0.7875 0.40546875 0.01328125 0.0109375
4 0.77109375 0.4140625 0.01171875 0.01015625
4 0.7484375 0.45078125 0.01484375 0.0140625
4 0.703125 0.4359375 0.01171875 0.0109375
4 0.71796875 0.42890625 0.0140625 0.0109375
4 0.715625 0.4140625 0.01328125 0.01328125
4 0.65390625 0.41015625 0.009375 0.009375
4 0.62890625 0.4296875 0.01171875 0.0140625
4 0.6265625 0.44296875 0.01171875 0.01171875
4 0.5890625 0.43515625 0.01328125 0.01171875
0 0.54453125 0.4328125 0.01640625 0.01171875
0 0.57421875 0.55546875 0.015625 0.01796875
0 0.64140625 0.55078125 0.01484375 0.01875
0 0.784375 0.4234375 0.015625 0.01875
0 0.94453125 0.4171875 0.01875 0.015625
2 0.6515625 0.459375 0.025 0.01953125
2 0.5609375 0.4609375 0.0234375 0.01953125
2 0.478125 0.46640625 0.021875 0.01640625
2 0.43046875 0.5390625 0.021875 0.02109375