2 0.97578125 0.4015625 0.021875 0.02109375
2 0.77578125 0.240625 0.025 0.021875
2 0.76484375 0.15859375 0.0234375 0.0203125
2 0.93203125 0.465625 0.02421875 0.02109375
2 0.87890625 0.49453125 0.025 0.0203125
2 0.89921875 0.3234375 0.02578125 0.01875
2 0.98359375 0.3125 0.0203125 0.02109375
2 0.6359375 0.4921875 0.025 0.01953125
2 0.5796875 0.52578125 0.02578125 0.02421875
2 0.496875 0.36875 0.02109375 0.01484375
2 0.39375 0.52421875 0.02421875 0.01484375
6 0.39140625 0.42109375 0.01953125 0.02421875
2 0.234375 0.52890625 0.02109375 0.02421875
2 0.078125 0.58359375 0.0265625 0.01953125
2 0.1453125 0.2796875 0.015625 0.04140625
2 0.05078125 0.56328125 0.02109375 0.01796875
2 0.040625 0.5859375 0.0234375 0.01640625
2 0.01875 0.55078125 0.0234375 0.01875
2 0.02890625 0.29453125 0.015625 0.04140625
2 0.00390625 0.31875 0.00703125 0.04296875
4 0.76328125 0.53046875 0.0140625 0.0109375
4 0.659375 0.4734375 0.01015625 0.0109375
4 0.56328125 0.340625 0.009375 0.00703125
4 0.4375 0.54296875 0.01171875 0.01484375
4 0.221875 0.4515625 0.0109375 0.00859375
0 0.1890625 0.38984375 0.015625 0.0109375
4 0.06328125 0.615625 0.0109375 0.01171875
4 0.00390625 0.625 0.0078125 0.009375
4 0.01484375 0.578125 0.0109375 0.01015625
4 0.03046875 0.56640625 0.01015625 0.01015625
4 0.03828125 0.5390625 0.01015625 0.00859375
4 0.02890625 0.53359375 0.01015625 0.00859375
4 0.003125 0.2859375 0.00546875 0.01484375
3 0.0359375 0.60390625 0.01484375 0.009375
4 0.89609375 0.3640625 0.009375 0.01171875