4 0.746875 0.5296875 0.01484375 0.015625
4 0.74296875 0.38359375 0.01328125 0.0140625
4 0.484375 0.5609375 0.01875 0.01640625
4 0.40546875 0.52890625 0.01328125 0.01484375
4 0.259375 0.36796875 0.01484375 0.01171875
4 0.075 0.44609375 0.01328125 0.0140625
4 0.00703125 0.27890625 0.009375 0.01953125
4 0.02109375 0.0109375 0.009375 0.01796875
4 0.01015625 0.00859375 0.00546875 0.01640625
2 0.0140625 0.04609375 0.01796875 0.04609375
2 0.046875 0.03984375 0.01875 0.04609375
2 0.071875 0.0515625 0.01640625 0.046875
2 0.0453125 0.13671875 0.015625 0.0546875
2 0.05625 0.15234375 0.01015625 0.05078125
2 0.03125 0.190625 0.01953125 0.04453125
2 0.04609375 0.2015625 0.01875 0.04609375
2 0.01875 0.23984375 0.0203125 0.04921875
2 0.03671875 0.24453125 0.01640625 0.04921875
2 0.00703125 0.31796875 0.0140625 0.05390625
2 0.15078125 0.26328125 0.03203125 0.03984375
2 0.05546875 0.5796875 0.02890625 0.02578125
2 0.496875 0.36875 0.028125 0.021875
2 0.65703125 0.4375 0.03046875 0.02578125
2 0.775 0.253125 0.02578125 0.01953125
2 0.76796875 0.17109375 0.02578125 0.0234375
2 0.98203125 0.334375 0.025 0.015625
6 0.46484375 0.5890625 0.0390625 0.0265625
6 0.06953125 0.3296875 0.0296875 0.07421875
0 0.028125 0.2859375 0.01953125 0.03125
0 0.19296875 0.3765625 0.0203125 0.025