2 0.42578125 0.44296875 0.0265625 0.028125
2 0.2265625 0.5890625 0.0296875 0.0296875
2 0.16328125 0.47109375 0.0265625 0.02890625
4 0.16875 0.60546875 0.015625 0.01796875
2 0.13359375 0.53984375 0.0296875 0.0296875
2 0.16328125 0.55546875 0.02578125 0.02890625
4 0.11953125 0.61796875 0.01875 0.021875
4 0.1609375 0.57890625 0.0203125 0.0234375
2 0.10546875 0.55078125 0.028125 0.0265625
4 0.08046875 0.471875 0.015625 0.02890625
4 0.01640625 0.58359375 0.015625 0.01796875
2 0.01953125 0.5515625 0.0296875 0.0234375
2 0.05625 0.54140625 0.021875 0.0203125
2 0.04140625 0.58671875 0.02421875 0.01953125
2 0.04921875 0.5625 0.02578125 0.02421875
0 0.0359375 0.60546875 0.01953125 0.01640625
4 0.0359375 0.615625 0.01640625 0.0109375
4 0.08671875 0.6109375 0.01484375 0.021875
2 0.06640625 0.60546875 0.0296875 0.0265625
2 0.07890625 0.58359375 0.034375 0.02421875
2 0.08046875 0.5609375 0.025 0.025
4 0.07421875 0.5453125 0.01328125 0.01640625
2 0.10625 0.575 0.021875 0.02421875
2 0.1359375 0.56640625 0.0265625 0.0265625
2 0.01015625 0.496875 0.0203125 0.034375
2 0.14609375 0.28125 0.0234375 0.0484375
2 0.02421875 0.253125 0.025 0.040625
2 0.01640625 0.16171875 0.02109375 0.04609375
2 0.0296875 0.29921875 0.02109375 0.05078125
2 0.05078125 0.1234375 0.021875 0.04921875
2 0.0125 0.09921875 0.02421875 0.065625
2 0.00625 0.3234375 0.0125 0.0625
0 0.01640625 0.29140625 0.01484375 0.0296875
4 0.02890625 0.20546875 0.01796875 0.03046875
4 0.00390625 0.28671875 0.00703125 0.021875
4 0.03203125 0.53828125 0.02421875 0.01953125
4 0.03046875 0.56953125 0.015625 0.015625
0 0.1890625 0.39296875 0.0234375 0.021875
2 0.4953125 0.371875 0.028125 0.0296875
4 0.63359375 0.55078125 0.025 0.034375
4 0.49140625 0.415625 0.021875 0.01796875
2 0.77421875 0.23984375 0.03125 0.03046875
2 0.7640625 0.15859375 0.028125 0.02890625
2 0.89765625 0.321875 0.03125 0.02890625
4 0.9359375 0.3796875 0.015625 0.02109375
4 0.8578125 0.38125 0.0203125 0.02421875
4 0.83828125 0.48671875 0.0203125 0.02109375
4 0.89140625 0.48046875 0.01640625 0.0234375
2 0.953125 0.4953125 0.028125 0.03125
2 0.978125 0.31171875 0.034375 0.0296875
3 0.29140625 0.459375 0.03984375 0.04140625