2 0.20078125 0.46875 0.01953125 0.0140625
2 0.22109375 0.5234375 0.01796875 0.025
2 0.23359375 0.5015625 0.01796875 0.02109375
4 0.26328125 0.503125 0.01015625 0.01015625
4 0.32890625 0.50078125 0.01875 0.0203125
2 0.284375 0.48671875 0.02578125 0.01875
2 0.25390625 0.465625 0.021875 0.0234375
2 0.234375 0.4609375 0.01875 0.021875
2 0.1796875 0.4609375 0.02421875 0.025
2 0.121875 0.596875 0.02890625 0.0234375
2 0.178125 0.60390625 0.0203125 0.01875
2 0.190625 0.64375 0.01640625 0.02109375
2 0.1875 0.68671875 0.01875 0.0234375
2 0.18125 0.69921875 0.01640625 0.025
2 0.15546875 0.73046875 0.0203125 0.02578125
2 0.196875 0.7484375 0.01484375 0.04296875
2 0.2265625 0.59765625 0.01796875 0.03359375
0 0.63203125 0.5140625 0.01796875 0.01796875
0 0.75546875 0.4953125 0.01484375 0.01796875
2 0.69453125 0.5734375 0.0265625 0.025
2 0.37109375 0.72578125 0.01328125 0.040625
2 0.4453125 0.6671875 0.01484375 0.03828125
2 0.3921875 0.6015625 0.01484375 0.021875
2 0.04453125 0.490625 0.02421875 0.01875
4 0.03984375 0.47578125 0.01796875 0.01640625
2 0.08046875 0.578125 0.02109375 0.0234375
4 0.09453125 0.5640625 0.015625 0.01484375
0 0.1265625 0.93671875 0.01328125 0.0203125
2 0.44609375 0.46953125 0.02421875 0.01796875
2 0.46328125 0.37109375 0.025 0.04609375
0 0.559375 0.34765625 0.015625 0.01875
2 0.09921875 0.46328125 0.0234375 0.02109375
2 0.13828125 0.46328125 0.02109375 0.02421875
2 0.15625 0.82578125 0.025 0.0390625
2 0.14375 0.91328125 0.01875 0.0296875
2 0.53046875 0.6171875 0.01796875 0.01640625
1 0.84375 0.6359375 0.06328125 0.03671875
2 0.365625 0.60390625 0.025 0.028125
2 0.434375 0.61015625 0.02890625 0.02890625
2 0.465625 0.60859375 0.02421875 0.0265625
2 0.503125 0.6125 0.02109375 0.02109375
2 0.40625 0.603125 0.025 0.0234375
2 0.38515625 0.56328125 0.01875 0.021875
2 0.4078125 0.46953125 0.01796875 0.015625
2 0.42578125 0.46796875 0.01875 0.0203125
4 0.41171875 0.48671875 0.01328125 0.0140625
4 0.4546875 0.51171875 0.01171875 0.015625
5 0.53984375 0.51640625 0.0203125 0.015625
4 0.60234375 0.5203125 0.00703125 0.01015625
4 0.64921875 0.496875 0.01875 0.0109375
2 0.62890625 0.534375 0.0234375 0.0140625
2 0.14296875 0.77421875 0.015625 0.02421875
2 0.14296875 0.79140625 0.0203125 0.02109375
2 0.13046875 0.83046875 0.01796875 0.01640625
2 0.12578125 0.85546875 0.01875 0.025
2 0.11640625 0.9265625 0.015625 0.021875
2 0.0984375 0.98046875 0.01953125 0.02109375
2 0.09609375 0.98984375 0.0203125 0.0203125
2 0.1609375 0.98828125 0.01328125 0.01875
2 0.1734375 0.76796875 0.015625 0.02890625
2 0.26640625 0.6609375 0.00703125 0.03046875
2 0.19140625 0.66875 0.01171875 0.02109375
2 0.35 0.725 0.009375 0.034375
2 0.36015625 0.72421875 0.01015625 0.0390625
2 0.42578125 0.66796875 0.01015625 0.028125
2 0.37578125 0.65703125 0.01171875 0.03515625
2 0.5484375 0.290625 0.01171875 0.03515625
4 0.54921875 0.23359375 0.01484375 0.02109375
2 0.5859375 0.196875 0.01796875 0.01796875
2 0.58203125 0.2109375 0.01171875 0.0203125
4 0.60078125 0.153125 0.00703125 0.00859375
2 0.63671875 0.21953125 0.0203125 0.0234375
2 0.6546875 0.23671875 0.0203125 0.025