2 0.25078125 0.32734375 0.01171875 0.03203125
2 0.23984375 0.328125 0.01640625 0.0296875
2 0.21484375 0.33125 0.015625 0.03515625
2 0.21015625 0.484375 0.021875 0.01796875
0 0.18671875 0.48359375 0.015625 0.015625
0 0.2546875 0.48203125 0.015625 0.015625
2 0.28046875 0.4984375 0.02109375 0.021875
2 0.34921875 0.48671875 0.01796875 0.02109375
2 0.36875 0.509375 0.0265625 0.015625
4 0.3890625 0.4765625 0.01015625 0.015625
5 0.440625 0.4859375 0.01875 0.0203125
0 0.47890625 0.4671875 0.009375 0.021875
0 0.459375 0.50390625 0.01953125 0.01484375
2 0.50625 0.51953125 0.01171875 0.03046875
2 0.48671875 0.49140625 0.0203125 0.01875
2 0.5484375 0.4890625 0.01875 0.03046875
2 0.55546875 0.2515625 0.015625 0.0484375
2 0.52890625 0.11640625 0.01328125 0.0390625
2 0.4734375 0.09609375 0.0140625 0.034375
2 0.63359375 0.08203125 0.02109375 0.03203125
2 0.546875 0.14453125 0.0203125 0.034375
4 0.56171875 0.20859375 0.01171875 0.034375
2 0.51796875 0.2484375 0.00859375 0.03125
2 0.60234375 0.49375 0.01875 0.0203125
2 0.5515625 0.65234375 0.021875 0.021875
2 0.5546875 0.66875 0.025 0.02109375
2 0.5453125 0.678125 0.01796875 0.03046875
2 0.53203125 0.69921875 0.02109375 0.02421875
2 0.5171875 0.7109375 0.021875 0.03828125
2 0.525 0.734375 0.01953125 0.034375
2 0.52421875 0.7578125 0.01796875 0.02890625
2 0.51875 0.77265625 0.021875 0.03828125
2 0.51328125 0.7875 0.01875 0.0265625
2 0.47109375 0.86328125 0.01328125 0.03671875
0 0.41953125 0.85546875 0.0140625 0.028125
0 0.50703125 0.63671875 0.0140625 0.025
2 0.4984375 0.55625 0.01796875 0.034375
2 0.52265625 0.61953125 0.015625 0.04453125
2 0.53671875 0.5671875 0.02578125 0.059375
0 0.49296875 0.58671875 0.01640625 0.02421875
6 0.40390625 0.9796875 0.0234375 0.040625
2 0.46796875 0.98671875 0.01640625 0.0265625
4 0.44921875 0.78125 0.01484375 0.0265625
4 0.93515625 0.4734375 0.021875 0.025
0 0.846875 0.54921875 0.02109375 0.0140625
2 0.96171875 0.53828125 0.03828125 0.0359375
2 0.8921875 0.49609375 0.025 0.0359375
2 0.8328125 0.5234375 0.03671875 0.02421875
2 0.79375 0.48125 0.02890625 0.02421875
2 0.809375 0.46484375 0.025 0.03515625
2 0.746875 0.49921875 0.0203125 0.021875
2 0.76484375 0.384375 0.015625 0.03359375
2 0.703125 0.390625 0.0203125 0.04140625
2 0.67109375 0.50234375 0.0203125 0.015625
2 0.66171875 0.47890625 0.02578125 0.02421875
2 0.63671875 0.49921875 0.025 0.025
0 0.7 0.48359375 0.015625 0.025
4 0.703125 0.55234375 0.02109375 0.0265625
2 0.6109375 0.5625 0.040625 0.03203125
2 0.31640625 0.56171875 0.03125 0.03203125
0 0.365625 0.59375 0.01640625 0.0203125
2 0.2203125 0.540625 0.03125 0.025
2 0.26015625 0.5640625 0.02578125 0.0234375
2 0.209375 0.51015625 0.0234375 0.0140625
2 0.16171875 0.53828125 0.0265625 0.0234375
4 0.15390625 0.49296875 0.01640625 0.0265625
4 0.15859375 0.56328125 0.015625 0.01484375
2 0.109375 0.49140625 0.0265625 0.0265625
2 0.10078125 0.45234375 0.03125 0.0203125
2 0.1015625 0.55625 0.021875 0.034375
0 0.159375 0.46875 0.015625 0.01484375
4 0.78046875 0.553125 0.01328125 0.01640625