2 0.04140625 0.8390625 0.02421875 0.0203125
2 0.3359375 0.84921875 0.03515625 0.03046875
2 0.396875 0.88203125 0.028125 0.028125
0 0.10703125 0.7734375 0.0203125 0.02421875
6 0.29765625 0.79453125 0.0546875 0.03203125
4 0.00703125 0.8515625 0.0140625 0.01875
4 0.0265625 0.86640625 0.01015625 0.01484375
4 0.0140625 0.87578125 0.01171875 0.0203125
2 0.47890625 0.76171875 0.01953125 0.03984375
2 0.509375 0.78671875 0.0140625 0.04609375
2 0.69453125 0.85703125 0.02578125 0.028125
1 0.74609375 0.81015625 0.06875 0.03828125
4 0.55 0.6890625 0.01328125 0.0234375
4 0.52578125 0.76796875 0.01015625 0.01640625
4 0.51171875 0.82578125 0.0109375 0.0203125
4 0.446875 0.81796875 0.0109375 0.025
4 0.57109375 0.828125 0.0140625 0.0234375
4 0.56015625 0.8984375 0.0109375 0.02109375
4 0.57109375 0.85 0.01171875 0.025
4 0.659375 0.8484375 0.01484375 0.0234375
4 0.60390625 0.84375 0.015625 0.0203125
4 0.4734375 0.47109375 0.01015625 0.0296875
2 0.47109375 0.05625 0.01484375 0.0546875
4 0.53125 0.1734375 0.01171875 0.0296875
0 0.671875 0.89609375 0.01640625 0.02109375
2 0.9296875 0.72578125 0.025 0.025
3 0.88046875 0.81953125 0.03359375 0.0296875
4 0.93203125 0.78359375 0.0140625 0.01875
4 0.728125 0.6734375 0.01484375 0.01171875
2 0.19375 0.646875 0.021875 0.0234375