0 0.459375 0.4140625 0.01875 0.025
0 0.43828125 0.40546875 0.01796875 0.0296875
0 0.428125 0.3453125 0.01875 0.025
0 0.33203125 0.35390625 0.01484375 0.0265625
0 0.39921875 0.48671875 0.01640625 0.02890625
0 0.51171875 0.4828125 0.01953125 0.0265625
0 0.58125 0.58359375 0.01953125 0.0296875
0 0.64453125 0.65546875 0.01875 0.03046875
0 0.7203125 0.89921875 0.01640625 0.02578125
0 0.29765625 0.7125 0.0140625 0.03125
6 0.58046875 0.81171875 0.03515625 0.0859375
2 0.775 0.93984375 0.02421875 0.034375
2 0.75546875 0.63046875 0.01796875 0.040625
2 0.303125 0.11796875 0.01796875 0.0296875
2 0.184375 0.1359375 0.021875 0.03203125
2 0.3765625 0.353125 0.0234375 0.03125
3 0.24296875 0.8609375 0.01875 0.0359375
3 0.25 0.80859375 0.01640625 0.03828125
2 0.621875 0.27421875 0.03046875 0.034375
2 0.66953125 0.359375 0.02578125 0.03671875
2 0.728125 0.11640625 0.021875 0.0484375
0 0.86640625 0.23203125 0.01953125 0.02890625
4 0.8984375 0.3390625 0.01640625 0.02109375
4 0.68984375 0.71953125 0.0140625 0.02421875
4 0.50703125 0.5390625 0.01328125 0.021875
4 0.5734375 0.32109375 0.01328125 0.0203125
4 0.55390625 0.303125 0.01796875 0.0234375
4 0.5234375 0.3 0.01015625 0.01796875
4 0.478125 0.35859375 0.01484375 0.01328125
4 0.45078125 0.3625 0.0109375 0.01953125
4 0.3390625 0.3265625 0.009375 0.0234375
4 0.284375 0.23046875 0.0140625 0.02421875
4 0.33125 0.2203125 0.0140625 0.02421875
3 0.18359375 0.21796875 0.02890625 0.0359375
6 0.1695442515625 0.2729943328125 0.1830759515625 0.293559903125 0.20669492968749997 0.24717802031249997 0.19181176093750002 0.227350678125 0.1695442515625 0.2729943328125
3 0.25 0.24296875 0.021875 0.03203125
3 0.6953125 0.8515625 0.025 0.0390625
2 0.59453125 0.221875 0.021875 0.03125
2 0.546875 0.24921875 0.02421875 0.0296875
4 0.5296875 0.47265625 0.01328125 0.01953125
4 0.48125 0.42109375 0.009375 0.01875
4 0.5 0.45 0.01171875 0.01484375
4 0.45859375 0.515625 0.01171875 0.015625
4 0.47578125 0.51875 0.01171875 0.01875
4 0.46953125 0.5734375 0.009375 0.01953125
4 0.4921875 0.5890625 0.01015625 0.01171875
4 0.5265625 0.60703125 0.01484375 0.015625
4 0.534375 0.5484375 0.01171875 0.01953125
4 0.4375 0.6125 0.01171875 0.01640625
4 0.37265625 0.715625 0.01015625 0.021875
4 0.359375 0.7640625 0.00859375 0.01953125
4 0.36640625 0.7609375 0.00625 0.021875
4 0.34921875 0.79765625 0.00859375 0.0203125
4 0.34140625 0.8203125 0.00859375 0.0234375
4 0.31015625 0.95 0.009375 0.0234375
4 0.26015625 0.88671875 0.01015625 0.025
4 0.265625 0.85625 0.009375 0.01953125
4 0.259375 0.84453125 0.01015625 0.021875
4 0.31171875 0.7 0.009375 0.02109375
4 0.33828125 0.66484375 0.00859375 0.02109375
4 0.31953125 0.72890625 0.0109375 0.0234375
4 0.30390625 0.6171875 0.00703125 0.01875
4 0.31796875 0.56953125 0.00625 0.0234375
4 0.34921875 0.5765625 0.009375 0.0203125
4 0.38203125 0.61640625 0.01328125 0.01484375
4 0.3515625 0.6421875 0.0109375 0.01875
4 0.346875 0.46875 0.01171875 0.01484375
4 0.3796875 0.471875 0.009375 0.0203125
4 0.3328125 0.39609375 0.009375 0.01953125
4 0.29921875 0.440625 0.0109375 0.01875
4 0.32421875 0.4578125 0.009375 0.015625
4 0.31875 0.49765625 0.01171875 0.01484375
2 0.321875 0.38359375 0.01171875 0.03984375
4 0.328125 0.32421875 0.01171875 0.0203125
4 0.35078125 0.2609375 0.01171875 0.01640625
4 0.3640625 0.25546875 0.01171875 0.0140625
4 0.3671875 0.28046875 0.00859375 0.01796875
4 0.37421875 0.2765625 0.00859375 0.01640625
4 0.38359375 0.28671875 0.01015625 0.021875
4 0.38046875 0.31875 0.01171875 0.01875
4 0.41484375 0.328125 0.01171875 0.0109375
4 0.409375 0.3046875 0.01171875 0.01875
4 0.4359375 0.31171875 0.01171875 0.01640625
4 0.45625 0.39296875 0.0109375 0.0140625
4 0.415625 0.434375 0.01171875 0.01484375
4 0.42109375 0.4546875 0.01015625 0.01640625
4 0.43671875 0.48984375 0.01171875 0.01953125
4 0.43125 0.521875 0.01015625 0.02109375
4 0.41171875 0.51953125 0.01171875 0.01953125
2 0.5125 0.278125 0.025 0.03203125
2 0.65546875 0.153125 0.02109375 0.02578125
2 0.61796875 0.16328125 0.015625 0.04921875
4 0.80703125 0.12109375 0.01171875 0.01640625
4 0.84765625 0.07109375 0.01171875 0.01484375
4 0.88046875 0.05859375 0.01171875 0.01640625
4 0.88125 0.07265625 0.01171875 0.01484375
4 0.92890625 0.01640625 0.0140625 0.0203125
4 0.87578125 0.20078125 0.01484375 0.01953125
4 0.853125 0.19921875 0.015625 0.01484375
4 0.784375 0.28671875 0.01328125 0.01875
4 0.72265625 0.32109375 0.01328125 0.015625
4 0.746875 0.371875 0.00703125 0.021875
4 0.703125 0.36328125 0.0140625 0.01640625
4 0.64375 0.46015625 0.01171875 0.0109375
4 0.61953125 0.565625 0.00703125 0.01875
3 0.6671875 0.4375 0.0265625 0.03359375
3 0.73203125 0.38671875 0.02578125 0.03359375
3 0.80546875 0.33046875 0.021875 0.0265625
3 0.83359375 0.3078125 0.03359375 0.04375
3 0.86328125 0.33203125 0.03046875 0.06484375
3 0.82109375 0.44921875 0.03203125 0.06875
3 0.803125 0.50390625 0.01640625 0.02890625
3 0.72578125 0.6734375 0.01875 0.03203125
3 0.703125 0.63359375 0.0203125 0.03515625
3 0.68828125 0.61171875 0.0203125 0.034375
3 0.66953125 0.57890625 0.01640625 0.0265625
3 0.6265625 0.54375 0.01953125 0.028125
3 0.61796875 0.4921875 0.015625 0.03046875
4 0.93203125 0.28671875 0.01328125 0.01953125
4 0.90078125 0.39296875 0.01015625 0.021875
4 0.77578125 0.83359375 0.0109375 0.02421875
4 0.78203125 0.865625 0.015625 0.0234375
4 0.79609375 0.896875 0.0140625 0.01796875
4 0.8265625 0.92890625 0.01171875 0.015625
4 0.79921875 0.9828125 0.0109375 0.01796875
4 0.77109375 0.96796875 0.01171875 0.01796875
4 0.7265625 0.921875 0.01328125 0.01953125
4 0.71875 0.93359375 0.009375 0.01875
4 0.73203125 0.896875 0.01015625 0.0203125
4 0.728125 0.87421875 0.01015625 0.01875
4 0.71875 0.8734375 0.01171875 0.02109375
4 0.5828125 0.70234375 0.00859375 0.01796875
4 0.52421875 0.68359375 0.00859375 0.01953125
4 0.5984375 0.66171875 0.00859375 0.0203125
4 0.584375 0.6609375 0.0140625 0.01953125
4 0.56953125 0.753125 0.01171875 0.015625
2 0.209375 0.94453125 0.0140625 0.04375
3 0.27578125 0.6828125 0.015625 0.0296875
3 0.2078125 0.25859375 0.021875 0.04609375
4 0.19296875 0.17109375 0.0140625 0.01796875
4 0.19296875 0.1578125 0.01015625 0.01328125
4 0.17109375 0.11796875 0.009375 0.01640625
4 0.17578125 0.071875 0.01328125 0.01484375
2 0.396875 0.1484375 0.01953125 0.04140625
2 0.7234375 0.9625 0.02421875 0.0296875
2 0.84296875 0.38828125 0.028125 0.0453125
2 0.86015625 0.28671875 0.0234375 0.02578125
3 0.5171875 0.709375 0.02578125 0.0359375
4 0.24296875 0.7734375 0.01328125 0.01328125
2 0.3265625 0.92421875 0.0140625 0.03828125
4 0.22421875 0.8484375 0.00859375 0.0109375
4 0.2265625 0.83203125 0.009375 0.01171875
4 0.23203125 0.81328125 0.0109375 0.01328125
4 0.23671875 0.79609375 0.01015625 0.01171875
4 0.29453125 0.6109375 0.009375 0.01875
4 0.28125 0.653125 0.00859375 0.0203125
4 0.23046875 0.24921875 0.009375 0.01171875
4 0.23671875 0.246875 0.00625 0.015625
4 0.21953125 0.240625 0.009375 0.01484375
3 0.21328125 0.2859375 0.02109375 0.040625
4 0.14140625 0.19453125 0.00703125 0.01640625
4 0.13671875 0.1875 0.00859375 0.01875
3 0.228125 0.29140625 0.02421875 0.04453125
4 0.27109375 0.11875 0.01015625 0.015625
3 0.24609375 0.03359375 0.02109375 0.03203125
4 0.2953125 0.08671875 0.009375 0.01796875
4 0.32421875 0.06640625 0.00859375 0.01640625
4 0.33828125 0.0765625 0.009375 0.01328125
4 0.346875 0.05703125 0.009375 0.0203125
4 0.3359375 0.04609375 0.009375 0.01953125
4 0.35546875 0.06796875 0.009375 0.015625
4 0.3671875 0.08359375 0.01015625 0.015625
4 0.37421875 0.10703125 0.00859375 0.01640625
4 0.378125 0.121875 0.00859375 0.0203125
4 0.3734375 0.14765625 0.00859375 0.02109375
4 0.36640625 0.13359375 0.00546875 0.01796875
4 0.3609375 0.121875 0.00703125 0.015625
4 0.35546875 0.121875 0.00625 0.015625
4 0.3578125 0.10234375 0.00625 0.02109375
4 0.353125 0.09375 0.00859375 0.01640625
4 0.34375 0.10234375 0.00859375 0.0140625
4 0.30546875 0.084375 0.00703125 0.015625
4 0.34296875 0.14375 0.00703125 0.01484375
4 0.359375 0.1859375 0.00625 0.01953125
4 0.35546875 0.14375 0.00625 0.0140625
4 0.35078125 0.14140625 0.00703125 0.015625
4 0.340625 0.12890625 0.00625 0.01484375
4 0.33359375 0.1328125 0.00625 0.01796875
4 0.33359375 0.11171875 0.00859375 0.02421875
4 0.3265625 0.115625 0.00625 0.01796875
4 0.31796875 0.075 0.01015625 0.009375
4 0.315625 0.08125 0.009375 0.01015625
4 0.50234375 0.515625 0.01015625 0.01640625
4 0.5265625 0.50078125 0.0109375 0.01875
4 0.4859375 0.30234375 0.00703125 0.0203125
4 0.4953125 0.278125 0.0046875 0.0203125
4 0.49140625 0.27578125 0.00546875 0.0203125
4 0.5015625 0.26171875 0.00703125 0.01953125
4 0.46953125 0.284375 0.00703125 0.01953125
4 0.46171875 0.29140625 0.00546875 0.015625
4 0.4421875 0.29375 0.00546875 0.01640625
4 0.453125 0.3 0.00703125 0.01484375
4 0.4765625 0.3109375 0.01015625 0.0109375
4 0.478125 0.30078125 0.01015625 0.01015625
4 0.428125 0.29296875 0.0046875 0.01640625
4 0.43203125 0.29453125 0.0046875 0.01640625
4 0.43671875 0.29296875 0.0046875 0.01875
4 0.421875 0.29609375 0.0046875 0.01875
4 0.40390625 0.2640625 0.00703125 0.015625
4 0.40859375 0.2765625 0.00625 0.0203125
4 0.41171875 0.28359375 0.00546875 0.015625
4 0.3953125 0.24453125 0.00625 0.01953125
4 0.38359375 0.196875 0.01171875 0.02109375
3 0.5171875 0.22109375 0.02109375 0.03125
3 0.628125 0.50625 0.02109375 0.0296875
3 0.6640625 0.5640625 0.01796875 0.0296875
3 0.68046875 0.58828125 0.02109375 0.04140625
3 0.71484375 0.64921875 0.0234375 0.04375
4 0.7796875 0.64921875 0.009375 0.021875
3 0.696875 0.41796875 0.03046875 0.0390625
4 0.884375 0.4109375 0.01171875 0.01875
4 0.88671875 0.43046875 0.009375 0.0109375
4 0.890625 0.421875 0.01328125 0.009375
4 0.8640625 0.4703125 0.009375 0.0203125
4 0.8640625 0.48671875 0.01796875 0.01484375
4 0.82421875 0.59921875 0.0140625 0.01796875
4 0.8140625 0.634375 0.01015625 0.0109375
4 0.80625 0.64609375 0.009375 0.0203125
4 0.771875 0.74453125 0.0140625 0.0109375
4 0.771875 0.7671875 0.01015625 0.01171875
4 0.771875 0.75390625 0.0140625 0.01015625
4 0.778125 0.7328125 0.00859375 0.01171875
4 0.78046875 0.72421875 0.01015625 0.009375
4 0.79296875 0.690625 0.009375 0.00859375
4 0.796875 0.68046875 0.01015625 0.01484375
4 0.79921875 0.66875 0.01328125 0.01328125
4 0.78984375 0.70078125 0.00859375 0.009375
4 0.78359375 0.71640625 0.00859375 0.01015625
4 0.7859375 0.540625 0.01328125 0.0140625
4 0.78203125 0.55234375 0.0109375 0.01171875
4 0.77578125 0.56171875 0.01171875 0.01328125
4 0.76953125 0.5765625 0.01171875 0.01171875
4 0.76640625 0.034375 0.00625 0.02109375
4 0.759375 0.040625 0.00546875 0.0234375
4 0.77265625 0.0296875 0.00625 0.025
4 0.68359375 0.10625 0.00625 0.021875
4 0.6796875 0.10859375 0.00390625 0.02109375
4 0.6734375 0.13125 0.01015625 0.0140625
4 0.67109375 0.11640625 0.00703125 0.025
4 0.6765625 0.11171875 0.00546875 0.02421875
4 0.665625 0.1203125 0.00703125 0.02109375
4 0.6609375 0.1234375 0.00546875 0.0203125
4 0.65625 0.1265625 0.00546875 0.021875
4 0.65078125 0.128125 0.00546875 0.025
4 0.64375 0.13046875 0.00546875 0.02421875
4 0.63671875 0.13828125 0.00859375 0.02421875
4 0.60546875 0.1609375 0.00703125 0.0203125
4 0.60390625 0.134375 0.00703125 0.02421875
4 0.5984375 0.175 0.00546875 0.0234375
4 0.59140625 0.18125 0.00625 0.0234375
4 0.58515625 0.17578125 0.0046875 0.0203125
4 0.5859375 0.1984375 0.00625 0.01953125
4 0.55859375 0.2046875 0.00859375 0.0203125
4 0.54921875 0.1859375 0.00546875 0.0234375
4 0.54453125 0.19375 0.00859375 0.0203125
6 0.06953125 0.04296875 0.040625 0.065625
4 0.57109375 0.19453125 0.00625 0.0203125
4 0.5796875 0.18984375 0.00625 0.01640625
4 0.63125 0.16875 0.00703125 0.02890625