4 0.05625 0.7671875 0.01328125 0.021875
2 0.05390625 0.7015625 0.01484375 0.0390625
0 0.1015625 0.6453125 0.01796875 0.01875
4 0.06953125 0.45078125 0.01328125 0.00703125
4 0.0640625 0.46015625 0.0109375 0.009375
4 0.09296875 0.446875 0.01171875 0.009375
4 0.08984375 0.45859375 0.01171875 0.009375
4 0.15234375 0.58984375 0.01015625 0.01015625
0 0.17109375 0.4390625 0.01953125 0.015625
2 0.20703125 0.465625 0.0265625 0.021875
2 0.22109375 0.565625 0.02109375 0.01875
4 0.2234375 0.58828125 0.01015625 0.0109375
2 0.24453125 0.63828125 0.02421875 0.02109375
4 0.271875 0.4390625 0.01640625 0.01484375
2 0.3015625 0.46171875 0.02421875 0.01953125
4 0.3296875 0.43359375 0.01171875 0.009375
4 0.34375 0.43203125 0.01171875 0.0109375
2 0.38125 0.55859375 0.02890625 0.025
4 0.3296875 0.36953125 0.0109375 0.0109375
4 0.34296875 0.37890625 0.01015625 0.01484375
4 0.40078125 0.43359375 0.01171875 0.01953125
0 0.421875 0.37109375 0.0140625 0.015625
4 0.45546875 0.42109375 0.01484375 0.01484375
2 0.4515625 0.45078125 0.0296875 0.0234375
2 0.53984375 0.434375 0.02890625 0.02421875
4 0.4765625 0.571875 0.015625 0.01640625
4 0.4984375 0.62109375 0.01796875 0.01875
2 0.53828125 0.5390625 0.0234375 0.01953125
4 0.55078125 0.56796875 0.01015625 0.01015625
4 0.553125 0.55546875 0.01015625 0.00859375
4 0.5984375 0.5484375 0.01484375 0.01796875
2 0.52578125 0.65859375 0.0140625 0.04375
2 0.56796875 0.64296875 0.0234375 0.02109375
2 0.5984375 0.6390625 0.0234375 0.021875
3 0.64453125 0.61875 0.0296875 0.0265625
0 0.6046875 0.4015625 0.01875 0.02109375
4 0.73125 0.3703125 0.0140625 0.0140625
2 0.6984375 0.61640625 0.0234375 0.01875
4 0.70234375 0.58359375 0.0109375 0.01328125
4 0.82421875 0.50390625 0.015625 0.0203125
2 0.759375 0.603125 0.0234375 0.02109375
2 0.78359375 0.60078125 0.02109375 0.01640625
2 0.83203125 0.58828125 0.021875 0.0203125
2 0.84609375 0.56328125 0.021875 0.02109375
0 0.87109375 0.5578125 0.01796875 0.02109375
2 0.8109375 0.378125 0.025 0.0234375
4 0.86328125 0.334375 0.0109375 0.0140625
4 0.91875 0.31328125 0.01328125 0.01171875
2 0.91328125 0.3375 0.02578125 0.0265625
4 0.9515625 0.28828125 0.0109375 0.01328125
2 0.96796875 0.3046875 0.02109375 0.03125
4 0.95078125 0.22265625 0.0203125 0.02421875
4 0.990625 0.26171875 0.01171875 0.015625
4 0.971875 0.1453125 0.0109375 0.01953125
4 0.94296875 0.08125 0.0140625 0.01875
4 0.9359375 0.0375 0.0140625 0.021875
2 0.95390625 0.04453125 0.01796875 0.034375
2 0.97578125 0.10546875 0.01796875 0.034375
2 0.4671875 0.38671875 0.01875 0.02578125
4 0.17890625 0.371875 0.01171875 0.01015625
3 0.66953125 0.33671875 0.01484375 0.01796875
4 0.88515625 0.2453125 0.01015625 0.01015625
0 0.88203125 0.2640625 0.01484375 0.01640625
0 0.86640625 0.28125 0.0140625 0.01796875
2 0.83671875 0.2984375 0.01953125 0.02578125
4 0.86015625 0.30546875 0.0109375 0.01015625
4 0.88828125 0.2859375 0.009375 0.0109375
2 0.81796875 0.32421875 0.021875 0.01640625
2 0.7890625 0.33125 0.0203125 0.01484375