2 0.93359375 0.496875 0.03046875 0.02578125
2 0.98359375 0.34140625 0.0265625 0.02421875
2 0.76953125 0.1734375 0.02578125 0.0265625
2 0.7796875 0.25703125 0.03046875 0.02421875
2 0.5 0.36640625 0.0296875 0.0296875
2 0.384375 0.50625 0.03046875 0.0265625
2 0.20390625 0.54609375 0.03359375 0.028125
2 0.15390625 0.51015625 0.0265625 0.02578125
2 0.15546875 0.26015625 0.02421875 0.04609375
2 0.12578125 0.51328125 0.02421875 0.02109375
2 0.10390625 0.53984375 0.021875 0.01953125
2 0.0734375 0.515625 0.028125 0.0203125
2 0.07734375 0.54296875 0.02578125 0.01953125
2 0.04609375 0.5203125 0.0234375 0.015625
2 0.04453125 0.55 0.0265625 0.01953125
2 0.04609375 0.56953125 0.0234375 0.01796875
2 0.01953125 0.04140625 0.02109375 0.05
2 0.07890625 0.0875 0.0234375 0.0484375
2 0.04140625 0.2359375 0.0203125 0.046875
2 0.00859375 0.315625 0.01640625 0.05703125
4 0.03125 0.01015625 0.00625 0.0203125
4 0.02265625 0.00703125 0.0078125 0.0140625
4 0.01484375 0.00546875 0.00625 0.0109375
4 0.00546875 0.065625 0.00859375 0.0234375
4 0.01015625 0.27265625 0.0109375 0.025
4 0.03828125 0.5046875 0.0109375 0.0109375
4 0.03828125 0.534375 0.01328125 0.0109375
4 0.0421875 0.5859375 0.0109375 0.0140625
4 0.0546875 0.5859375 0.01171875 0.01015625
4 0.06640625 0.57890625 0.0140625 0.00859375
4 0.06484375 0.56875 0.0109375 0.00859375
4 0.06328125 0.55859375 0.01015625 0.00859375
4 0.09140625 0.55625 0.01328125 0.0109375
4 0.10390625 0.55546875 0.0109375 0.0109375
4 0.321875 0.56953125 0.01171875 0.01328125
4 0.271875 0.41015625 0.01171875 0.0140625
4 0.2609375 0.365625 0.0109375 0.009375
4 0.48828125 0.56484375 0.0140625 0.01171875
4 0.4640625 0.3859375 0.009375 0.0109375
3 0.71953125 0.41953125 0.03203125 0.028125
0 0.859375 0.5359375 0.0234375 0.02578125
0 0.19375 0.371875 0.028125 0.025
0 0.10234375 0.51640625 0.02421875 0.0265625
0 0.0765625 0.56328125 0.0203125 0.02421875
0 0.03125 0.27890625 0.021875 0.03125
6 0.06953125 0.32578125 0.03046875 0.0703125
6 0.46875 0.59140625 0.04296875 0.03671875