1 0.28125 0.65703125 0.05546875 0.03203125
1 0.22421875 0.6640625 0.05625 0.03125
0 0.16171875 0.71640625 0.01953125 0.01640625
0 0.4359375 0.678125 0.015625 0.015625
1 0.89765625 0.86328125 0.06640625 0.03359375
0 0.046875 0.9265625 0.01796875 0.015625
0 0.1453125 0.95390625 0.01640625 0.0203125
0 0.51171875 0.9375 0.01484375 0.01328125
2 0.478125 0.284375 0.01171875 0.04296875
2 0.484375 0.49921875 0.01015625 0.040625
2 0.5265625 0.58984375 0.01484375 0.04921875
2 0.51796875 0.70546875 0.01328125 0.0453125
2 0.55625 0.80546875 0.0234375 0.021875
2 0.57890625 0.84140625 0.0203125 0.02890625
2 0.4578125 0.91328125 0.02421875 0.0265625
2 0.11328125 0.80859375 0.02421875 0.0234375
2 0.17578125 0.88515625 0.0203125 0.02421875
2 0.98359375 0.8140625 0.02421875 0.02109375
4 0.01328125 0.78671875 0.01328125 0.01171875
4 0.109375 0.88046875 0.01328125 0.01484375
4 0.11328125 0.95078125 0.01171875 0.00859375
4 0.19140625 0.93671875 0.0109375 0.01328125
4 0.29453125 0.9390625 0.01015625 0.01015625
4 0.4921875 0.059375 0.00546875 0.02109375
4 0.4734375 0.1515625 0.00625 0.01875
4 0.47109375 0.440625 0.00703125 0.02421875
4 0.471875 0.49453125 0.00703125 0.021875
4 0.478125 0.5890625 0.00859375 0.02109375
4 0.48515625 0.640625 0.00859375 0.02109375
4 0.55859375 0.70703125 0.009375 0.0203125
4 0.54375 0.77421875 0.01171875 0.01640625
4 0.5421875 0.83203125 0.01171875 0.01640625
4 0.59140625 0.74921875 0.009375 0.01484375
4 0.61328125 0.75546875 0.01171875 0.015625
4 0.5890625 0.77890625 0.0140625 0.01328125
4 0.65703125 0.771875 0.0109375 0.01484375
4 0.665625 0.75546875 0.01171875 0.01484375
4 0.6828125 0.78515625 0.01171875 0.0140625
4 0.7515625 0.759375 0.01171875 0.01484375
4 0.73984375 0.8546875 0.0140625 0.01875
4 0.6734375 0.89453125 0.01484375 0.01171875
4 0.8390625 0.72421875 0.0109375 0.0140625
4 0.86796875 0.809375 0.01328125 0.0140625
4 0.88125 0.7765625 0.0140625 0.01875
4 0.4640625 0.78125 0.01171875 0.01484375
4 0.39140625 0.77578125 0.0109375 0.01640625
4 0.4109375 0.88203125 0.01171875 0.015625
4 0.2734375 0.68515625 0.0109375 0.01484375