2 0.025 0.028125 0.015625 0.04375
4 0.01171875 0.053125 0.009375 0.01640625
4 0.00859375 0.034375 0.01015625 0.01328125
4 0.0875 0.08359375 0.0109375 0.02578125
3 0.07421875 0.3109375 0.02578125 0.06484375
2 0.15859375 0.24921875 0.01875 0.03828125
0 0.1984375 0.36484375 0.0203125 0.015625
4 0.26328125 0.35859375 0.0109375 0.00703125
4 0.2421875 0.40703125 0.009375 0.00625
2 0.503125 0.36875 0.0234375 0.0203125
4 0.609375 0.359375 0.01015625 0.0109375
4 0.6515625 0.3953125 0.015625 0.009375
2 0.775 0.184375 0.02578125 0.025
2 0.78046875 0.26484375 0.02890625 0.0265625
4 0.95546875 0.40703125 0.0140625 0.01875
2 0.8140625 0.50390625 0.03046875 0.02421875
4 0.82421875 0.5546875 0.015625 0.01171875
4 0.78046875 0.5421875 0.01328125 0.0140625
3 0.7265625 0.4890625 0.02578125 0.01328125
2 0.71484375 0.521875 0.02890625 0.021875
4 0.696875 0.56171875 0.01484375 0.0140625
4 0.571875 0.54921875 0.01484375 0.01328125
4 0.4515625 0.56484375 0.0109375 0.01171875
2 0.29453125 0.55390625 0.02890625 0.0296875
4 0.26484375 0.5734375 0.01171875 0.0140625
2 0.0484375 0.509375 0.02578125 0.02109375
2 0.04765625 0.5390625 0.02578125 0.0203125
2 0.0640625 0.55703125 0.02578125 0.015625
4 0.03125 0.5640625 0.01328125 0.01640625