2 0.33828125 0.29296875 0.015625 0.01328125
2 0.3890625 0.22109375 0.01484375 0.01171875
2 0.3984375 0.25625 0.01171875 0.01875
2 0.50390625 0.33046875 0.00625 0.028125
2 0.5140625 0.328125 0.00703125 0.02578125
2 0.55546875 0.31875 0.00625 0.025
2 0.56484375 0.3203125 0.00625 0.02578125
4 0.58125 0.30390625 0.003125 0.0109375
4 0.57578125 0.30703125 0.003125 0.01640625
4 0.571875 0.296875 0.0015625 0.00859375
4 0.56875 0.2921875 0.003125 0.01171875
4 0.565625 0.2859375 0.00390625 0.0140625
4 0.565625 0.3 0.003125 0.0109375
4 0.578125 0.24296875 0.003125 0.01171875
4 0.57578125 0.24375 0.0015625 0.01328125
4 0.57265625 0.23203125 0.003125 0.01015625
4 0.57109375 0.24609375 0.0015625 0.01015625
4 0.5640625 0.24296875 0.003125 0.0140625
4 0.5609375 0.24296875 0.003125 0.0140625
4 0.54296875 0.23046875 0.003125 0.0109375
4 0.53828125 0.23046875 0.0015625 0.01015625
4 0.53046875 0.23046875 0.0015625 0.009375
4 0.5234375 0.2296875 0.003125 0.0109375
4 0.54453125 0.28046875 0.003125 0.01171875
4 0.54375 0.2953125 0.003125 0.01328125
4 0.5390625 0.2953125 0.0015625 0.01171875
4 0.5359375 0.296875 0.003125 0.0140625
4 0.52578125 0.28125 0.003125 0.01171875
4 0.521875 0.28046875 0.003125 0.0140625
4 0.515625 0.28046875 0.003125 0.0140625
4 0.40703125 0.2734375 0.0015625 0.01328125
4 0.4109375 0.2734375 0.003125 0.01171875
4 0.43046875 0.20859375 0.00390625 0.009375
5 0.65859375 0.38515625 0.03984375 0.01796875
5 0.71484375 0.384375 0.04375 0.01484375
5 0.72890625 0.41328125 0.0359375 0.01796875
3 0.68359375 0.40390625 0.0140625 0.0109375
4 0.84140625 0.26171875 0.003125 0.01328125
4 0.96328125 0.23828125 0.00625 0.0140625
3 0.9890625 0.29375 0.00859375 0.02578125
2 0.93984375 0.47265625 0.01328125 0.01328125
6 0.96953125 0.49296875 0.03046875 0.01875
5 0.80546875 0.46328125 0.0390625 0.02109375
4 0.6984375 0.44765625 0.00625 0.00546875
6 0.68203125 0.4734375 0.03046875 0.01640625
6 0.6140625 0.4921875 0.0296875 0.01875
6 0.66328125 0.5640625 0.03046875 0.02421875
5 0.68515625 0.49296875 0.03984375 0.01796875
4 0.528125 0.4515625 0.00859375 0.009375
4 0.56953125 0.559375 0.00703125 0.00703125
2 0.5140625 0.46875 0.01171875 0.01328125
2 0.475 0.484375 0.015625 0.01171875
4 0.44140625 0.46484375 0.00703125 0.00625
3 0.3875 0.47578125 0.01875 0.0109375
2 0.378125 0.55 0.01484375 0.01171875
2 0.2921875 0.5640625 0.01328125 0.009375
2 0.2265625 0.5671875 0.015625 0.01484375
3 0.221875 0.53671875 0.01953125 0.01328125
2 0.16171875 0.4734375 0.0140625 0.01171875
5 0.1734375 0.5609375 0.04140625 0.01953125
2 0.01640625 0.48828125 0.015625 0.01171875
2 0.0296875 0.5546875 0.0140625 0.01171875
2 0.0609375 0.5734375 0.01171875 0.0109375
5 0.028125 0.94375 0.01171875 0.04453125
5 0.03046875 0.75390625 0.0109375 0.04921875
5 0.06171875 0.74375 0.01640625 0.05546875
5 0.1171875 0.684375 0.03515625 0.0203125
5 0.14296875 0.6484375 0.0359375 0.015625
5 0.27578125 0.640625 0.0296875 0.01484375
6 0.21953125 0.61796875 0.0359375 0.015625
4 0.3046875 0.59375 0.00703125 0.00703125
4 0.35703125 0.59296875 0.009375 0.00859375
4 0.434375 0.590625 0.00546875 0.00859375
4 0.48046875 0.609375 0.00703125 0.00859375
6 0.4921875 0.62421875 0.0265625 0.01640625
2 0.575 0.62578125 0.01171875 0.01015625
4 0.65546875 0.58671875 0.00625 0.00625
2 0.6640625 0.6359375 0.00625 0.0203125
2 0.67109375 0.634375 0.00546875 0.02578125
2 0.6765625 0.66953125 0.00625 0.02578125
2 0.715625 0.65390625 0.00546875 0.0234375
3 0.6796875 0.6203125 0.00859375 0.02109375
3 0.7140625 0.89609375 0.00859375 0.0296875
3 0.7546875 0.85234375 0.0203125 0.0140625
6 0.71875 0.60546875 0.0265625 0.01484375
3 0.74609375 0.59921875 0.01875 0.01171875
3 0.7828125 0.5796875 0.009375 0.009375
0 0.7515625 0.6671875 0.01484375 0.015625
0 0.79140625 0.60390625 0.01015625 0.0109375
0 0.81640625 0.60078125 0.00859375 0.01171875
0 0.81796875 0.64453125 0.01015625 0.009375
2 0.8125 0.571875 0.0140625 0.015625
6 0.88046875 0.6375 0.03671875 0.01953125
4 0.8921875 0.58828125 0.00859375 0.0109375
4 0.91640625 0.58203125 0.00859375 0.00703125
5 0.96015625 0.56015625 0.06953125 0.01953125
2 0.93203125 0.79453125 0.009375 0.0140625
2 0.9328125 0.809375 0.01171875 0.0109375
2 0.9828125 0.80859375 0.0140625 0.0234375
2 0.97265625 0.85625 0.01015625 0.01953125
2 0.95703125 0.86640625 0.00703125 0.028125
2 0.9484375 0.89453125 0.00546875 0.021875
2 0.940625 0.90078125 0.00703125 0.02578125
2 0.96796875 0.915625 0.00703125 0.0234375
2 0.996875 0.90703125 0.00625 0.02109375