2 0.57734375 0.31875 0.00703125 0.025
2 0.58671875 0.31875 0.00625 0.025
2 0.53671875 0.32890625 0.00625 0.0265625
2 0.5265625 0.3296875 0.00625 0.0296875
2 0.5109375 0.26953125 0.00859375 0.02421875
2 0.3609375 0.29296875 0.015625 0.0109375
2 0.321875 0.53515625 0.01171875 0.009375
2 0.04921875 0.51328125 0.0140625 0.009375
6 0.03046875 0.49453125 0.0296875 0.0140625
6 0.35390625 0.4828125 0.0265625 0.01328125
5 0.6015625 0.54609375 0.06328125 0.01875
2 0.60625 0.56328125 0.01484375 0.0109375
2 0.59609375 0.6265625 0.0109375 0.009375
2 0.68671875 0.63671875 0.00625 0.0203125
2 0.7390625 0.65625 0.00703125 0.0203125
2 0.6984375 0.67265625 0.00859375 0.0234375
2 0.69375 0.63515625 0.00703125 0.021875
6 0.9078125 0.640625 0.03671875 0.01875
0 0.84453125 0.64765625 0.01015625 0.00859375
2 0.9859375 0.8765625 0.00859375 0.025
2 0.996875 0.9265625 0.00546875 0.02109375
2 0.9703125 0.91171875 0.00859375 0.02578125
2 0.97890625 0.9046875 0.00703125 0.0234375
2 0.96171875 0.803125 0.01015625 0.0140625
2 0.9609375 0.81875 0.01171875 0.01328125
3 0.7359375 0.90234375 0.00859375 0.03203125
3 0.778125 0.85703125 0.0203125 0.01484375
2 0.02890625 0.8296875 0.009375 0.0203125
5 0.0890625 0.73828125 0.01171875 0.04921875
5 0.14375 0.67890625 0.03359375 0.01640625
5 0.16796875 0.64609375 0.03359375 0.01640625
3 0.13359375 0.61796875 0.01640625 0.01328125
0 0.190625 0.61953125 0.009375 0.00859375
4 0.0859375 0.57734375 0.00703125 0.00546875
2 0.190625 0.50625 0.015625 0.01015625
6 0.29921875 0.6390625 0.0296875 0.01484375
0 0.43203125 0.6125 0.00859375 0.00859375
4 0.33828125 0.61484375 0.00625 0.00859375
3 0.37265625 0.503125 0.0140625 0.01171875
6 0.51328125 0.625 0.02578125 0.015625
0 0.74140625 0.59921875 0.015625 0.01328125
4 0.71953125 0.5875 0.00703125 0.00859375
3 0.775 0.5625 0.01953125 0.01484375
4 0.78984375 0.59453125 0.00703125 0.00859375
4 0.81640625 0.58359375 0.009375 0.00703125
0 0.84296875 0.60546875 0.01015625 0.009375
4 0.54453125 0.28125 0.003125 0.01484375
4 0.56171875 0.2953125 0.003125 0.0140625
4 0.55703125 0.29609375 0.003125 0.01171875
4 0.565625 0.2953125 0.003125 0.0140625
4 0.5671875 0.28125 0.003125 0.0109375
4 0.58828125 0.284375 0.003125 0.01328125
4 0.58828125 0.29921875 0.003125 0.01015625
4 0.5984375 0.30703125 0.003125 0.01328125
4 0.603125 0.3015625 0.00390625 0.01171875
4 0.53828125 0.28125 0.00390625 0.01328125
3 0.60234375 0.42265625 0.01875 0.0140625
5 0.68125 0.3859375 0.040625 0.01875
5 0.73828125 0.38515625 0.04453125 0.01640625
0 0.82578125 0.3875 0.009375 0.0109375
2 0.9859375 0.52109375 0.01640625 0.015625
5 0.05703125 0.934375 0.009375 0.04296875