0 0.45390625 0.015625 0.0140625 0.02890625
2 0.49140625 0.109375 0.0109375 0.04375
2 0.48671875 0.16328125 0.0140625 0.05078125
4 0.50078125 0.11796875 0.00546875 0.01875
0 0.48984375 0.2640625 0.0109375 0.0296875
4 0.49140625 0.328125 0.00703125 0.01875
2 0.4796875 0.35 0.01171875 0.03515625
2 0.50703125 0.26171875 0.01015625 0.03515625
2 0.5515625 0.1390625 0.01171875 0.03203125
2 0.5578125 0.23671875 0.01171875 0.0296875
2 0.56328125 0.271875 0.01171875 0.03515625
2 0.56796875 0.34921875 0.01328125 0.0359375
0 0.553125 0.39140625 0.009375 0.02421875
2 0.5390625 0.41875 0.0109375 0.04296875
2 0.571875 0.3890625 0.01171875 0.03515625
2 0.5796875 0.46328125 0.01796875 0.02578125
2 0.57890625 0.421875 0.015625 0.0203125
4 0.5625 0.4015625 0.0046875 0.01640625
4 0.55625 0.43828125 0.00546875 0.01484375
2 0.51015625 0.5875 0.01015625 0.03203125
2 0.49375 0.59453125 0.01796875 0.01640625
4 0.484375 0.55390625 0.009375 0.01015625
4 0.484375 0.57421875 0.009375 0.009375
4 0.46328125 0.509375 0.00859375 0.00625
4 0.4640625 0.53046875 0.009375 0.00703125
4 0.4515625 0.5203125 0.00859375 0.00703125
4 0.45234375 0.53828125 0.009375 0.00625
4 0.45234375 0.5484375 0.00859375 0.00625
2 0.50390625 0.6359375 0.02109375 0.03359375
2 0.50859375 0.67109375 0.01953125 0.03203125
2 0.5078125 0.709375 0.01171875 0.03515625
2 0.49453125 0.70625 0.0109375 0.04140625
0 0.534375 0.7515625 0.01171875 0.02890625
4 0.46953125 0.66015625 0.00859375 0.00625
4 0.4703125 0.66796875 0.00859375 0.00546875
4 0.4703125 0.6734375 0.009375 0.00546875
4 0.47109375 0.68046875 0.009375 0.00625
4 0.53671875 0.85859375 0.0046875 0.01328125
4 0.553125 0.85859375 0.00546875 0.0140625
4 0.5640625 0.88359375 0.00625 0.01640625
2 0.54609375 0.88671875 0.0140625 0.03046875
2 0.62578125 0.86171875 0.01484375 0.0296875
2 0.65078125 0.96796875 0.01171875 0.03203125
2 0.7015625 0.90703125 0.01953125 0.0203125
2 0.75 0.878125 0.02109375 0.01953125
2 0.71953125 0.8515625 0.01875 0.01953125
2 0.70078125 0.85625 0.01875 0.01875
0 0.684375 0.85078125 0.01015625 0.01171875
2 0.6125 0.97578125 0.02578125 0.028125
4 0.6265625 0.95 0.00859375 0.01640625
4 0.7765625 0.9 0.00625 0.01953125
2 0.79453125 0.896875 0.0234375 0.02109375
2 0.896875 0.6421875 0.01640625 0.04296875
2 0.56484375 0.5890625 0.01171875 0.03828125
2 0.58515625 0.5765625 0.0140625 0.02890625
2 0.559375 0.67109375 0.01171875 0.0296875
2 0.57578125 0.7109375 0.0140625 0.03125
2 0.59375 0.71640625 0.0140625 0.0296875
2 0.57578125 0.77578125 0.01328125 0.034375
4 0.56328125 0.74765625 0.00625 0.01953125
2 0.59453125 0.60703125 0.0234375 0.02578125
4 0.58828125 0.78359375 0.00625 0.01796875
4 0.59375 0.81328125 0.00703125 0.01640625
4 0.59609375 0.075 0.00703125 0.0046875
4 0.58828125 0.078125 0.00703125 0.00390625
4 0.596875 0.08671875 0.00625 0.00390625
4 0.5890625 0.084375 0.00703125 0.00390625
4 0.59140625 0.0984375 0.00703125 0.00390625
4 0.590625 0.10390625 0.00625 0.003125
4 0.59140625 0.10859375 0.00703125 0.0046875
4 0.5921875 0.11796875 0.00546875 0.0046875
4 0.58359375 0.11875 0.00625 0.0046875
4 0.59375 0.1265625 0.00625 0.00390625
4 0.584375 0.12578125 0.00625 0.0046875
4 0.59453125 0.1328125 0.00546875 0.0046875
4 0.5859375 0.13203125 0.00703125 0.00390625
4 0.5859375 0.13671875 0.00703125 0.00390625
4 0.58671875 0.14296875 0.00625 0.0046875
4 0.58671875 0.14921875 0.00625 0.00390625
4 0.58828125 0.15546875 0.009375 0.0046875
4 0.58671875 0.16171875 0.00859375 0.0046875
4 0.58828125 0.16953125 0.00703125 0.0046875
4 0.5890625 0.1765625 0.00859375 0.0046875
4 0.5890625 0.184375 0.00859375 0.0046875
4 0.5890625 0.19140625 0.00546875 0.0046875
4 0.59765625 0.18203125 0.00703125 0.00390625
4 0.596875 0.1890625 0.00625 0.00546875
4 0.59140625 0.2015625 0.00859375 0.0046875
4 0.60078125 0.19609375 0.00546875 0.0046875
4 0.59140625 0.2078125 0.00859375 0.00546875
4 0.6078125 0.20625 0.00703125 0.0046875
4 0.59921875 0.21171875 0.00390625 0.009375
4 0.60703125 0.21171875 0.00703125 0.0046875
4 0.60859375 0.22265625 0.00703125 0.00390625
4 0.609375 0.22890625 0.00625 0.00390625
4 0.609375 0.234375 0.00703125 0.003125
4 0.6109375 0.240625 0.00859375 0.0046875
4 0.61015625 0.246875 0.00859375 0.00546875
4 0.59921875 0.02578125 0.0046875 0.01328125
4 0.6125 0.2953125 0.00625 0.00546875
4 0.5984375 0.321875 0.00546875 0.00859375
4 0.61171875 0.30390625 0.00859375 0.00390625
4 0.6125 0.31171875 0.00859375 0.00546875
4 0.61171875 0.31875 0.00703125 0.00625
4 0.61171875 0.32734375 0.00859375 0.0046875
4 0.61171875 0.33359375 0.00859375 0.0046875
4 0.61171875 0.33984375 0.00859375 0.0046875
4 0.61328125 0.34765625 0.00859375 0.00546875
4 0.6 0.33671875 0.00859375 0.0046875
4 0.60078125 0.34296875 0.00859375 0.00390625
4 0.6015625 0.34921875 0.00859375 0.0046875
4 0.6015625 0.35625 0.00703125 0.0046875
4 0.61015625 0.35546875 0.00625 0.0046875
4 0.603125 0.36328125 0.00859375 0.0046875
4 0.60390625 0.37109375 0.00859375 0.00546875
4 0.603125 0.3765625 0.00703125 0.0046875
4 0.603125 0.3828125 0.00859375 0.0046875
4 0.60390625 0.38984375 0.00859375 0.0046875
4 0.6046875 0.3984375 0.00546875 0.009375
4 0.60546875 0.4109375 0.003125 0.0109375
4 0.61171875 0.39609375 0.0046875 0.00859375
4 0.621875 0.40234375 0.00859375 0.00546875
4 0.62265625 0.4125 0.00859375 0.00546875
4 0.6203125 0.38046875 0.00703125 0.00390625
4 0.62109375 0.3890625 0.00703125 0.00390625
4 0.62109375 0.39453125 0.00625 0.00390625
4 0.6203125 0.384375 0.00703125 0.00390625
4 0.6078125 0.43125 0.00859375 0.009375
4 0.61171875 0.49140625 0.00859375 0.00703125
4 0.6234375 0.45859375 0.00390625 0.01328125
4 0.6140625 0.5 0.009375 0.0046875
4 0.6140625 0.50546875 0.00859375 0.00625
4 0.61484375 0.51953125 0.01015625 0.0046875
4 0.61484375 0.5328125 0.00859375 0.00625
4 0.61484375 0.52578125 0.00859375 0.00546875
4 0.63359375 0.553125 0.00859375 0.00546875
4 0.61796875 0.57109375 0.0046875 0.01328125
4 0.6234375 0.56328125 0.00390625 0.00859375
4 0.634375 0.56171875 0.00859375 0.00546875
4 0.63515625 0.56796875 0.00859375 0.00390625
4 0.634375 0.5734375 0.00703125 0.0046875
4 0.63515625 0.58203125 0.00703125 0.0046875
4 0.63515625 0.58828125 0.00625 0.00546875
4 0.63515625 0.63203125 0.0046875 0.00859375
4 0.640625 0.64921875 0.0046875 0.00859375
4 0.63828125 0.640625 0.00703125 0.00625
4 0.63359375 0.65078125 0.00703125 0.0046875
4 0.63359375 0.65625 0.00625 0.00546875
4 0.6265625 0.66796875 0.00859375 0.0046875
4 0.6265625 0.67265625 0.00703125 0.0046875
4 0.6265625 0.690625 0.00703125 0.00625
4 0.62734375 0.68125 0.00546875 0.00625
4 0.6359375 0.67734375 0.00703125 0.0046875
4 0.6359375 0.68359375 0.00703125 0.0046875
4 0.63828125 0.7078125 0.00703125 0.00546875
4 0.6359375 0.69140625 0.00703125 0.0046875
4 0.63828125 0.69765625 0.00859375 0.0046875
4 0.6390625 0.71484375 0.00859375 0.0046875
4 0.640625 0.72421875 0.00703125 0.00703125
4 0.6328125 0.75859375 0.00859375 0.00625
4 0.63203125 0.75078125 0.00703125 0.0046875
4 0.628125 0.69765625 0.00859375 0.0046875
4 0.62890625 0.70546875 0.00625 0.00390625
4 0.63046875 0.71328125 0.00546875 0.00390625
4 0.63046875 0.721875 0.00625 0.0046875
4 0.63125 0.73203125 0.00625 0.0046875
4 0.63203125 0.7390625 0.00859375 0.0046875
4 0.63125 0.72734375 0.00625 0.00390625
4 0.63203125 0.74453125 0.00625 0.0046875
2 0.753125 0.84921875 0.0203125 0.02109375
2 0.94375 0.04453125 0.015625 0.03359375
2 0.946875 0.07890625 0.01796875 0.03046875