2 0.73046875 0.45859375 0.03046875 0.03515625
4 0.4890625 0.36171875 0.015625 0.025
4 0.565625 0.140625 0.00703125 0.01875
2 0.52109375 0.1875 0.015625 0.04140625
2 0.49140625 0.19140625 0.0140625 0.03203125
2 0.4984375 0.54921875 0.02578125 0.0203125
2 0.46484375 0.57421875 0.0234375 0.02109375
2 0.57109375 0.57890625 0.02421875 0.01875
0 0.5578125 0.5609375 0.02109375 0.01640625
2 0.5015625 0.57421875 0.0203125 0.01796875
0 0.5234375 0.5890625 0.021875 0.015625
0 0.4875 0.596875 0.01953125 0.015625
0 0.4265625 0.58359375 0.0203125 0.01953125
2 0.36875 0.59921875 0.025 0.02578125
4 0.45078125 0.515625 0.01171875 0.0203125
4 0.475 0.61328125 0.01171875 0.01484375
4 0.528125 0.60625 0.01875 0.01171875
4 0.7875 0.4828125 0.01171875 0.015625
4 0.7234375 0.57265625 0.0140625 0.01328125
4 0.74375 0.57578125 0.01328125 0.01640625
4 0.87578125 0.53984375 0.01171875 0.028125
4 0.86015625 0.47890625 0.01640625 0.01875
4 0.878125 0.578125 0.015625 0.01796875
4 0.921875 0.5953125 0.015625 0.01640625
0 0.9609375 0.5765625 0.021875 0.0140625
0 0.965625 0.61171875 0.02109375 0.01875
0 0.76875 0.64453125 0.01171875 0.025
0 0.7859375 0.6390625 0.01015625 0.02421875
4 0.77890625 0.65703125 0.00859375 0.02109375
4 0.70390625 0.62890625 0.01796875 0.01015625
4 0.70390625 0.63984375 0.01484375 0.00859375
4 0.7015625 0.653125 0.01796875 0.00703125
4 0.70234375 0.66171875 0.01640625 0.00859375
4 0.73359375 0.6515625 0.009375 0.01328125
4 0.73046875 0.659375 0.0140625 0.01015625
4 0.73046875 0.66796875 0.01328125 0.00625
2 0.728125 0.69609375 0.01640625 0.04296875
2 0.7046875 0.80859375 0.02421875 0.0296875
4 0.61328125 0.55078125 0.01796875 0.009375
4 0.6046875 0.56328125 0.01171875 0.01171875
1 0.63125 0.48671875 0.0640625 0.0484375
1 0.56640625 0.4578125 0.04609375 0.07421875
0 0.45390625 0.69375 0.01875 0.03125
4 0.50703125 0.709375 0.0140625 0.02109375
4 0.49453125 0.77421875 0.01015625 0.02109375
0 0.46328125 0.8015625 0.01796875 0.0265625
0 0.42890625 0.76875 0.01640625 0.03125
0 0.453125 0.77421875 0.01171875 0.0265625
4 0.46328125 0.775 0.00859375 0.02578125
4 0.42109375 0.89375 0.01328125 0.034375
4 0.48828125 0.8484375 0.009375 0.02578125
0 0.43671875 0.9515625 0.01484375 0.0359375
0 0.34140625 0.7875 0.015625 0.0265625
4 0.36328125 0.82109375 0.015625 0.0109375
4 0.5984375 0.346875 0.01171875 0.01484375
4 0.60078125 0.36484375 0.009375 0.01171875
4 0.60703125 0.35078125 0.00859375 0.01328125
4 0.609375 0.3609375 0.00859375 0.01015625
4 0.61328125 0.38203125 0.00859375 0.0109375
4 0.7546875 0.37421875 0.00546875 0.02109375
4 0.7609375 0.38125 0.00625 0.02109375
4 0.77109375 0.37890625 0.00703125 0.0234375
4 0.778125 0.39140625 0.00625 0.01796875
4 0.7484375 0.4234375 0.00546875 0.02421875
4 0.753125 0.42421875 0.00625 0.02109375
4 0.76171875 0.4234375 0.00703125 0.0203125
0 0.87578125 0.634375 0.01796875 0.01796875
4 0.79375 0.425 0.009375 0.01796875
4 0.81171875 0.4234375 0.00703125 0.01953125
4 0.8171875 0.42421875 0.00546875 0.0203125
4 0.8234375 0.4234375 0.00859375 0.02109375
4 0.79609375 0.37734375 0.00625 0.021875
4 0.8078125 0.3734375 0.009375 0.01640625
4 0.84375 0.3765625 0.00859375 0.01328125
4 0.51015625 0.24453125 0.00859375 0.02109375
4 0.4984375 0.2765625 0.00625 0.01875
4 0.50078125 0.3109375 0.01171875 0.01640625
4 0.50703125 0.271875 0.00703125 0.02109375
4 0.39375 0.446875 0.01015625 0.01015625
4 0.3890625 0.3796875 0.00703125 0.028125
4 0.40078125 0.37890625 0.00703125 0.0203125
4 0.8453125 0.42109375 0.00859375 0.01953125
4 0.853125 0.42265625 0.00703125 0.0234375
4 0.87421875 0.41953125 0.0046875 0.01640625
4 0.88046875 0.38125 0.00859375 0.01875
4 0.04296875 0.5140625 0.0140625 0.01328125
2 0.06171875 0.50078125 0.03203125 0.01640625
2 0.02890625 0.5359375 0.02421875 0.02578125
2 0.07421875 0.5515625 0.021875 0.02578125
2 0.0515625 0.5484375 0.02109375 0.02421875
2 0.18203125 0.61328125 0.02578125 0.025
2 0.09296875 0.578125 0.025 0.01875
2 0.04296875 0.5765625 0.01015625 0.0265625
2 0.05390625 0.58046875 0.01171875 0.03828125
0 0.1015625 0.540625 0.0203125 0.021875
4 0.15703125 0.53203125 0.01640625 0.01484375
4 0.1640625 0.54453125 0.0140625 0.015625
4 0.17421875 0.5640625 0.01640625 0.01640625
4 0.21484375 0.578125 0.01640625 0.01875
4 0.23046875 0.58203125 0.01015625 0.015625
4 0.24140625 0.5765625 0.0109375 0.01875
4 0.2625 0.59375 0.01484375 0.01484375
4 0.29921875 0.590625 0.01484375 0.015625
2 0.265625 0.57734375 0.02578125 0.021875
2 0.08671875 0.71875 0.01328125 0.03515625
2 0.0953125 0.65078125 0.015625 0.02109375
2 0.09140625 0.6828125 0.02109375 0.03046875
1 0.21640625 0.52578125 0.06484375 0.04140625
1 0.29921875 0.51875 0.06171875 0.040625
1 0.35859375 0.534375 0.0515625 0.03984375
4 0.26640625 0.53984375 0.01484375 0.0203125
0 0.35703125 0.45546875 0.01171875 0.01875
2 0.33203125 0.46953125 0.02421875 0.0234375
2 0.38359375 0.459375 0.021875 0.0234375
2 0.38515625 0.47734375 0.02109375 0.021875
2 0.38984375 0.49921875 0.025 0.01953125
2 0.3640625 0.49765625 0.0234375 0.021875
4 0.35 0.475 0.009375 0.01171875
4 0.3609375 0.47109375 0.00859375 0.009375
4 0.3703125 0.46953125 0.009375 0.009375
4 0.35859375 0.48125 0.01015625 0.00703125
4 0.36953125 0.48046875 0.0109375 0.009375
4 0.40859375 0.37734375 0.00546875 0.0234375
4 0.4171875 0.3765625 0.00390625 0.0203125
4 0.42421875 0.37578125 0.0046875 0.01796875
4 0.41875 0.34375 0.009375 0.01796875
4 0.4234375 0.34140625 0.00546875 0.01875
4 0.428125 0.3390625 0.00625 0.0140625
4 0.43125 0.3734375 0.00625 0.01640625
4 0.43984375 0.34921875 0.01015625 0.0109375
4 0.43515625 0.3234375 0.00859375 0.0109375
4 0.43671875 0.3109375 0.0109375 0.0109375
4 0.44375 0.3390625 0.009375 0.01328125
4 0.4578125 0.28671875 0.01171875 0.0109375
4 0.4453125 0.309375 0.009375 0.01796875
4 0.45078125 0.33046875 0.009375 0.01328125
4 0.45390625 0.34609375 0.009375 0.01875
4 0.45859375 0.3109375 0.009375 0.0140625
0 0.471875 0.31171875 0.01171875 0.02421875
0 0.4953125 0.33203125 0.01328125 0.02421875
2 0.5140625 0.1046875 0.01796875 0.034375
4 0.565625 0.34453125 0.00546875 0.0203125
4 0.5609375 0.34375 0.00703125 0.01640625
4 0.559375 0.3296875 0.00625 0.0109375
0 0.56796875 0.315625 0.01015625 0.025
0 0.57109375 0.2765625 0.01015625 0.02578125
0 0.5734375 0.29765625 0.009375 0.025
2 0.5828125 0.27421875 0.01015625 0.046875
0 0.5890625 0.234375 0.00859375 0.028125
0 0.58046875 0.23046875 0.009375 0.021875
0 0.603125 0.13359375 0.01015625 0.028125
0 0.59140625 0.18671875 0.01015625 0.02578125
4 0.5484375 0.040625 0.01015625 0.02421875
4 0.5984375 0.18671875 0.00703125 0.0234375
0 0.515625 0.1359375 0.0140625 0.021875
4 0.584375 0.2078125 0.00546875 0.01875
4 0.58984375 0.21015625 0.00703125 0.01796875
6 0.60703125 0.06328125 0.025 0.0765625
6 0.5875 0.1328125 0.01875 0.08515625
6 0.571875 0.21328125 0.025 0.06953125
6 0.55390625 0.29765625 0.025 0.096875