2 0.55703125 0.42578125 0.025 0.03125
2 0.41484375 0.44609375 0.0203125 0.03203125
2 0.48671875 0.41875 0.02421875 0.03984375
2 0.40234375 0.3140625 0.025 0.0296875
2 0.43203125 0.3625 0.02109375 0.03203125
2 0.55234375 0.24375 0.02890625 0.028125
2 0.234375 0.18359375 0.028125 0.0296875
2 0.7234375 0.96015625 0.025 0.0234375
0 0.81484375 0.2484375 0.0203125 0.02421875
0 0.75234375 0.92734375 0.01796875 0.0296875
0 0.40625 0.70859375 0.0140625 0.01953125
0 0.4640625 0.66171875 0.01640625 0.0203125
0 0.39375 0.67890625 0.01171875 0.0265625
0 0.353125 0.7359375 0.01484375 0.03515625
0 0.2328125 0.13125 0.01640625 0.0234375
4 0.56953125 0.69765625 0.01328125 0.0203125
4 0.58125 0.69609375 0.0109375 0.0203125
4 0.56953125 0.6140625 0.00859375 0.02109375
4 0.571875 0.57109375 0.0140625 0.015625
4 0.60390625 0.56640625 0.01171875 0.015625
4 0.615625 0.6515625 0.01171875 0.01640625
4 0.646875 0.64921875 0.01171875 0.01484375
4 0.66328125 0.675 0.0109375 0.01640625
4 0.6484375 0.665625 0.01328125 0.0203125
4 0.4578125 0.5625 0.0109375 0.021875
4 0.546875 0.66171875 0.0140625 0.01796875
4 0.51640625 0.51015625 0.01015625 0.01796875
4 0.51015625 0.47421875 0.01171875 0.01640625
4 0.5265625 0.446875 0.0109375 0.015625
4 0.56875 0.47421875 0.0109375 0.01640625
4 0.6046875 0.52890625 0.01328125 0.015625
4 0.628125 0.378125 0.01171875 0.015625
0 0.62734375 0.45546875 0.01640625 0.02109375
3 0.61953125 0.48828125 0.0203125 0.025
4 0.5015625 0.503125 0.01328125 0.01796875
4 0.4828125 0.50859375 0.01328125 0.01796875
4 0.46328125 0.53671875 0.01015625 0.01640625
4 0.40703125 0.55546875 0.009375 0.0234375
4 0.41796875 0.484375 0.01328125 0.0234375
4 0.38984375 0.4984375 0.015625 0.02109375
4 0.38515625 0.59140625 0.01015625 0.02109375
4 0.4171875 0.62265625 0.01015625 0.0203125
4 0.45390625 0.6015625 0.01640625 0.01796875
4 0.51953125 0.6125 0.0109375 0.01640625
4 0.36484375 0.57578125 0.01171875 0.0203125
4 0.3515625 0.57109375 0.009375 0.0203125
4 0.37421875 0.64921875 0.00859375 0.02109375
4 0.390625 0.65859375 0.00703125 0.01953125
4 0.40859375 0.6609375 0.0109375 0.01796875
4 0.4296875 0.65546875 0.0109375 0.01484375
4 0.3859375 0.67890625 0.00625 0.02109375
4 0.37421875 0.73046875 0.009375 0.01640625
4 0.325 0.840625 0.00859375 0.01953125
4 0.27734375 0.77890625 0.0109375 0.02421875
4 0.321875 0.69453125 0.009375 0.021875
4 0.23203125 0.91875 0.00625 0.0234375
4 0.26171875 0.8390625 0.00859375 0.021875
0 0.33515625 0.43046875 0.01171875 0.0265625
4 0.31875 0.24453125 0.0109375 0.01875
4 0.31640625 0.1609375 0.0109375 0.0234375
4 0.33828125 0.19296875 0.01171875 0.0203125
4 0.34921875 0.21953125 0.01171875 0.01953125
4 0.39609375 0.28046875 0.009375 0.0140625
4 0.39140625 0.2640625 0.009375 0.01640625
4 0.4265625 0.3015625 0.01171875 0.01640625
4 0.54296875 0.30546875 0.01171875 0.02109375
4 0.54375 0.33046875 0.01015625 0.0203125
4 0.55546875 0.3265625 0.00859375 0.02109375
4 0.5734375 0.33515625 0.01171875 0.01640625
4 0.63828125 0.24375 0.01328125 0.01640625
4 0.62265625 0.2078125 0.0109375 0.01171875
4 0.66328125 0.203125 0.01171875 0.01640625
4 0.67890625 0.20625 0.01171875 0.01484375
4 0.70703125 0.19375 0.01484375 0.01796875
4 0.709375 0.17890625 0.01015625 0.01328125
4 0.75390625 0.14609375 0.01328125 0.01640625
4 0.896875 0.040625 0.01640625 0.01796875
4 0.909375 0.05234375 0.01640625 0.015625
4 0.90390625 0.1671875 0.0140625 0.01484375
4 0.94609375 0.26953125 0.0140625 0.01640625
4 0.91484375 0.29375 0.0140625 0.01640625
4 0.7890625 0.628125 0.009375 0.0234375
4 0.7234375 0.878125 0.01015625 0.01953125
4 0.7828125 0.94296875 0.01328125 0.02109375
4 0.80390625 0.88984375 0.01015625 0.015625
4 0.8234375 0.90390625 0.009375 0.021875
4 0.78828125 0.8703125 0.00859375 0.01953125
4 0.78203125 0.84296875 0.01015625 0.01484375
4 0.76796875 0.83515625 0.00859375 0.0203125
3 0.74453125 0.81953125 0.01953125 0.0390625
4 0.703125 0.78984375 0.0109375 0.01640625
4 0.86328125 0.971875 0.01171875 0.01796875
2 0.89453125 0.98046875 0.021875 0.028125
4 0.7546875 0.990625 0.0109375 0.01875
4 0.65625 0.78359375 0.0140625 0.01953125
4 0.62421875 0.7296875 0.01171875 0.015625
3 0.63046875 0.53828125 0.01796875 0.02578125
3 0.58203125 0.4390625 0.0203125 0.02890625
4 0.728125 0.31875 0.01171875 0.01484375
3 0.77890625 0.1515625 0.021875 0.02421875
4 0.45859375 0.37421875 0.01171875 0.01484375
4 0.4015625 0.41171875 0.01015625 0.01953125
4 0.459375 0.40234375 0.01328125 0.015625
4 0.28671875 0.11875 0.0140625 0.01796875
4 0.309375 0.0984375 0.01015625 0.01328125
3 0.2546875 0.23125 0.0203125 0.03359375
3 0.190625 0.20078125 0.021875 0.0390625
6 0.1921875 0.24765625 0.0265625 0.04921875
2 0.75859375 0.62890625 0.01875 0.04140625
2 0.8453125 0.390625 0.028125 0.04609375
2 0.86796875 0.28828125 0.02578125 0.03359375
3 0.6734375 0.434375 0.03046875 0.03515625
4 0.62421875 0.41796875 0.01171875 0.01796875
4 0.64765625 0.45703125 0.0140625 0.015625
3 0.73515625 0.3859375 0.02890625 0.03515625
3 0.81328125 0.33125 0.0265625 0.03125
3 0.86796875 0.33359375 0.03046875 0.05703125
3 0.83828125 0.30859375 0.0359375 0.0453125
3 0.82578125 0.44609375 0.02890625 0.06171875
3 0.80703125 0.5015625 0.01640625 0.02890625
3 0.72734375 0.671875 0.0203125 0.03984375
3 0.7046875 0.6296875 0.0203125 0.03671875
3 0.69296875 0.6078125 0.0234375 0.040625
3 0.671875 0.57734375 0.01796875 0.0265625
3 0.21953125 0.26875 0.0203125 0.04453125
3 0.2140625 0.24609375 0.02421875 0.0359375
2 0.40546875 0.13828125 0.02109375 0.03984375
2 0.62421875 0.1546875 0.01796875 0.053125
2 0.66171875 0.14765625 0.028125 0.02421875
6 0.07734375 0.0265625 0.0390625 0.053125
4 0.1171875 0.1125 0.009375 0.021875
4 0.1484375 0.1765625 0.00625 0.01953125
4 0.23828125 0.23671875 0.01015625 0.01640625
4 0.2265625 0.225 0.0140625 0.0109375
4 0.24296875 0.234375 0.00703125 0.01875
4 0.32578125 0.0640625 0.01171875 0.01171875
4 0.33125 0.053125 0.009375 0.01796875
4 0.33671875 0.06171875 0.009375 0.01875
4 0.34453125 0.06640625 0.00859375 0.015625
4 0.35625 0.04375 0.009375 0.015625
4 0.34453125 0.034375 0.009375 0.01953125
4 0.36328125 0.05625 0.01015625 0.01640625
4 0.33203125 0.07578125 0.00859375 0.01484375
4 0.3140625 0.08125 0.01171875 0.01484375
4 0.31953125 0.09140625 0.009375 0.015625
4 0.3265625 0.09375 0.009375 0.01640625
4 0.3515625 0.090625 0.009375 0.0140625
4 0.3765625 0.078125 0.00625 0.015625
4 0.384375 0.0234375 0.009375 0.01796875
4 0.36875 0.021875 0.009375 0.0203125
4 0.371875 0.025 0.009375 0.01875
4 0.37578125 0.02890625 0.00703125 0.01796875
4 0.3671875 0.153125 0.009375 0.01875
4 0.3609375 0.11171875 0.009375 0.015625
4 0.36875 0.11171875 0.00625 0.01640625
4 0.36484375 0.090625 0.00703125 0.015625
4 0.3609375 0.08125 0.009375 0.01640625
4 0.38046875 0.096875 0.00859375 0.015625
4 0.38515625 0.1109375 0.00703125 0.01875
4 0.38515625 0.040625 0.00859375 0.01640625
4 0.340625 0.121875 0.00703125 0.015625
4 0.34140625 0.09921875 0.00859375 0.01953125
4 0.346875 0.10625 0.00703125 0.015625
4 0.34921875 0.13359375 0.009375 0.01796875
4 0.378125 0.11328125 0.00859375 0.015625
4 0.35703125 0.1296875 0.00859375 0.01328125
4 0.36171875 0.1359375 0.00859375 0.01796875
4 0.4078125 0.23984375 0.009375 0.0109375
4 0.371875 0.23984375 0.0109375 0.01875
4 0.44609375 0.3078125 0.00546875 0.01875
4 0.45 0.29375 0.009375 0.01484375
4 0.47578125 0.27421875 0.01171875 0.01640625
4 0.484375 0.259375 0.00546875 0.02578125
3 0.36640625 0.26484375 0.03203125 0.05
4 0.4015625 0.27578125 0.009375 0.015625
4 0.40546875 0.26640625 0.009375 0.01171875
4 0.39453125 0.22890625 0.00859375 0.01484375
4 0.38984375 0.20859375 0.01171875 0.01484375
4 0.3796875 0.134375 0.009375 0.0203125
4 0.40546875 0.73203125 0.01171875 0.01171875
4 0.5890625 0.7609375 0.01015625 0.01484375
4 0.50703125 0.7109375 0.01171875 0.0140625
3 0.51875 0.7015625 0.02578125 0.03671875
3 0.63046875 0.50546875 0.02421875 0.03828125
3 0.66640625 0.56171875 0.0234375 0.03359375
3 0.71640625 0.64921875 0.02890625 0.0484375
4 0.790625 0.5421875 0.01015625 0.01328125
4 0.7859375 0.5515625 0.01171875 0.0140625
4 0.79296875 0.5328125 0.0109375 0.009375
4 0.796875 0.52109375 0.01171875 0.009375
4 0.82734375 0.59921875 0.01328125 0.01640625
4 0.80546875 0.65390625 0.01171875 0.0140625
4 0.815625 0.63125 0.01171875 0.01015625
4 0.8140625 0.63828125 0.0140625 0.009375
4 0.81796875 0.625 0.01171875 0.00859375
4 0.7765625 0.56953125 0.01015625 0.0109375
4 0.778125 0.56171875 0.0140625 0.01015625
4 0.80078125 0.66796875 0.01171875 0.01015625
4 0.7984375 0.68125 0.01171875 0.01796875
4 0.7734375 0.7421875 0.01328125 0.0109375
4 0.78125 0.7328125 0.01171875 0.0109375
4 0.78828125 0.70546875 0.01328125 0.009375
4 0.784375 0.715625 0.01171875 0.01015625
4 0.78203125 0.7234375 0.01171875 0.01015625
4 0.7734375 0.76640625 0.01171875 0.01171875
4 0.7109375 0.38828125 0.01328125 0.0140625
4 0.753125 0.37109375 0.009375 0.01875
3 0.70078125 0.41484375 0.02890625 0.0359375
3 0.52421875 0.215625 0.02421875 0.025
4 0.51875 0.259375 0.0109375 0.01171875
4 0.515625 0.2421875 0.01171875 0.01484375
4 0.51875 0.18984375 0.00859375 0.02109375
4 0.553125 0.2078125 0.00546875 0.0234375
4 0.5515625 0.1859375 0.00703125 0.01640625
4 0.55546875 0.18046875 0.00625 0.01953125
4 0.5640625 0.1984375 0.00625 0.02109375
4 0.57890625 0.1984375 0.00859375 0.015625
4 0.59140625 0.19375 0.00625 0.0203125
4 0.59765625 0.175 0.00703125 0.0203125
4 0.61171875 0.15546875 0.00546875 0.021875
4 0.61171875 0.12890625 0.00703125 0.0203125
4 0.59140625 0.16953125 0.00546875 0.01953125
4 0.584375 0.18203125 0.00703125 0.01953125
4 0.68046875 0.12890625 0.01015625 0.0140625
4 0.6515625 0.1265625 0.0046875 0.01796875
4 0.65625 0.1234375 0.00546875 0.0203125
4 0.66328125 0.12109375 0.0046875 0.021875
4 0.66796875 0.11953125 0.00546875 0.01875
4 0.684375 0.10703125 0.00546875 0.01953125
4 0.69453125 0.1015625 0.00546875 0.021875
4 0.728125 0.0890625 0.00703125 0.021875
4 0.77109375 0.03125 0.00859375 0.0203125
4 0.7796875 0.028125 0.00625 0.0234375
4 0.83671875 0.04375 0.00859375 0.028125
4 0.60390625 0.83828125 0.00625 0.0140625
4 0.5984375 0.834375 0.00625 0.0203125
6 0.56328125 0.94921875 0.03828125 0.078125
4 0.70546875 0.971875 0.01171875 0.01640625
3 0.684375 0.584375 0.025 0.0453125
3 0.35078125 0.53203125 0.025 0.02890625
3 0.30546875 0.98671875 0.01171875 0.02578125
2 0.328125 0.91171875 0.01484375 0.0453125
4 0.22890625 0.81796875 0.01328125 0.01171875
4 0.22578125 0.83203125 0.0140625 0.01171875
4 0.23671875 0.7890625 0.01015625 0.01015625
4 0.24375 0.80390625 0.009375 0.0140625
4 0.2453125 0.76796875 0.01015625 0.0109375
4 0.2453125 0.76015625 0.009375 0.009375
4 0.25078125 0.7859375 0.01015625 0.0234375
4 0.30859375 0.58203125 0.00859375 0.02109375
4 0.390625 0.08359375 0.009375 0.0203125
4 0.3734375 0.07109375 0.009375 0.02109375
4 0.85078125 0.48828125 0.009375 0.028125
4 0.88359375 0.43671875 0.00703125 0.01953125
4 0.90390625 0.39375 0.00859375 0.02109375
4 0.92265625 0.34921875 0.01171875 0.02109375
4 0.91640625 0.36328125 0.01015625 0.01328125
4 0.86875 0.46953125 0.00859375 0.021875