2 0.0421875 0.96328125 0.021875 0.0296875
2 0.09375 0.940625 0.0203125 0.03359375
2 0.09453125 0.875 0.01796875 0.03125
2 0.15703125 0.8484375 0.01640625 0.028125
2 0.2078125 0.9796875 0.01640625 0.03671875
2 0.22890625 0.95546875 0.01875 0.03828125
2 0.3234375 0.82578125 0.01640625 0.03515625
2 0.32421875 0.9515625 0.01796875 0.03046875
2 0.371875 0.96015625 0.015625 0.02890625
2 0.42109375 0.86953125 0.0203125 0.03046875
2 0.290625 0.6265625 0.01640625 0.0296875
2 0.30390625 0.6484375 0.02109375 0.0296875
2 0.309375 0.60859375 0.01640625 0.0234375
2 0.32421875 0.609375 0.01796875 0.02890625
2 0.33203125 0.61796875 0.01875 0.02890625
2 0.33984375 0.56640625 0.01796875 0.02578125
2 0.41328125 0.56328125 0.015625 0.03046875
2 0.434375 0.55625 0.0140625 0.0359375
2 0.5546875 0.7171875 0.01640625 0.03515625
2 0.55078125 0.78046875 0.0203125 0.025
2 0.590625 0.6015625 0.02421875 0.040625
2 0.590625 0.50625 0.015625 0.03671875
2 0.55859375 0.434375 0.0234375 0.02578125
2 0.565625 0.38125 0.021875 0.02578125
2 0.4015625 0.4875 0.0203125 0.0265625
2 0.42578125 0.496875 0.01875 0.02578125
2 0.32890625 0.31796875 0.015625 0.0296875
2 0.2765625 0.1359375 0.01796875 0.03359375
2 0.32109375 0.01171875 0.01875 0.0234375
2 0.33359375 0.01015625 0.01796875 0.0203125
2 0.41328125 0.26328125 0.0203125 0.034375
2 0.4234375 0.25546875 0.015625 0.03203125
2 0.4359375 0.284375 0.01796875 0.03359375
2 0.42578125 0.29140625 0.01484375 0.03125
2 0.55390625 0.225 0.0140625 0.03671875
2 0.5828125 0.20078125 0.015625 0.0296875
2 0.56796875 0.1390625 0.01640625 0.03515625
2 0.55546875 0.053125 0.01328125 0.03515625
2 0.59296875 0.0609375 0.01640625 0.0265625
2 0.640625 0.3109375 0.0203125 0.025
2 0.66171875 0.35234375 0.021875 0.02890625
2 0.684375 0.32421875 0.02109375 0.025
2 0.7953125 0.16796875 0.01328125 0.0359375
2 0.80390625 0.18203125 0.01796875 0.0265625
2 0.821875 0.14765625 0.01328125 0.03046875
2 0.87109375 0.0859375 0.015625 0.0296875
2 0.93828125 0.01328125 0.02421875 0.0265625
2 0.94609375 0.2046875 0.01640625 0.03125
2 0.93671875 0.2109375 0.0203125 0.03515625
2 0.9265625 0.22890625 0.0203125 0.0296875
2 0.8015625 0.2671875 0.0203125 0.021875
2 0.78671875 0.28671875 0.0203125 0.03515625
2 0.74921875 0.3109375 0.01484375 0.01953125
2 0.7546875 0.32578125 0.01328125 0.0234375
2 0.73046875 0.33203125 0.0203125 0.03125
2 0.7390625 0.34296875 0.01796875 0.021875
2 0.73828125 0.36171875 0.01640625 0.01875
2 0.725 0.3609375 0.01796875 0.0265625
2 0.71015625 0.35390625 0.021875 0.0296875
2 0.709375 0.38125 0.0203125 0.0265625
2 0.68046875 0.3875 0.01640625 0.02578125
2 0.68359375 0.40546875 0.01640625 0.02890625
2 0.665625 0.41328125 0.0203125 0.02890625
2 0.81796875 0.76015625 0.025 0.034375
2 0.7203125 0.5765625 0.01484375 0.03828125
2 0.865625 0.75 0.01640625 0.03046875
2 0.88046875 0.7640625 0.01328125 0.028125
2 0.90625 0.778125 0.01640625 0.028125
2 0.94140625 0.82421875 0.01796875 0.03046875
2 0.959375 0.86171875 0.01875 0.01953125
2 0.9703125 0.878125 0.01875 0.01796875
2 0.98046875 0.90625 0.01796875 0.021875
2 0.953125 0.8890625 0.01796875 0.028125
2 0.90546875 0.95078125 0.0203125 0.0296875
2 0.890625 0.93125 0.015625 0.025
2 0.87421875 0.91171875 0.0203125 0.02578125
2 0.87109375 0.93046875 0.01953125 0.02890625
2 0.8546875 0.89453125 0.01796875 0.02109375
2 0.840625 0.87890625 0.01796875 0.0265625
2 0.84453125 0.90859375 0.01640625 0.021875
2 0.8265625 0.88828125 0.0203125 0.02421875
2 0.8234375 0.86640625 0.0203125 0.02890625
2 0.80703125 0.8703125 0.0203125 0.02421875
2 0.80078125 0.84921875 0.01640625 0.025
2 0.80546875 0.83671875 0.015625 0.0234375
2 0.784375 0.81875 0.0203125 0.0234375
2 0.7734375 0.83125 0.01796875 0.0203125
2 0.72734375 0.76328125 0.01796875 0.02109375
2 0.71328125 0.790625 0.0203125 0.02578125
2 0.71328125 0.753125 0.01640625 0.01953125
2 0.709375 0.7640625 0.01875 0.0265625
2 0.70234375 0.72421875 0.021875 0.02890625
2 0.69375 0.7359375 0.0203125 0.025
2 0.69140625 0.75390625 0.0203125 0.02578125
2 0.68828125 0.76796875 0.01640625 0.021875
2 0.66953125 0.75625 0.01796875 0.0234375
4 0.053125 0.8640625 0.0109375 0.015625
4 0.05859375 0.878125 0.0109375 0.01640625
4 0.078125 0.85078125 0.00703125 0.01484375
4 0.08203125 0.8484375 0.00546875 0.0140625
4 0.0859375 0.84453125 0.00625 0.01640625
4 0.09140625 0.8421875 0.00703125 0.01640625
4 0.134375 0.84921875 0.009375 0.01875
4 0.19921875 0.9421875 0.00859375 0.01796875
4 0.15390625 0.8265625 0.01171875 0.015625
4 0.10546875 0.828125 0.00703125 0.01328125
4 0.10859375 0.82265625 0.00859375 0.0140625
4 0.115625 0.8140625 0.00625 0.01484375
4 0.259375 0.90859375 0.01015625 0.01796875
4 0.2328125 0.69921875 0.01015625 0.01875
4 0.24453125 0.69375 0.01015625 0.01640625
4 0.33515625 0.6359375 0.009375 0.0140625
4 0.33125 0.63203125 0.00859375 0.01171875
4 0.40703125 0.56796875 0.00859375 0.01640625
4 0.42265625 0.5609375 0.00859375 0.01484375
4 0.4171875 0.54765625 0.00703125 0.015625
4 0.41875 0.54140625 0.00546875 0.0109375
4 0.4234375 0.5390625 0.00546875 0.01484375
4 0.428125 0.53359375 0.00703125 0.0109375
4 0.43046875 0.52265625 0.00859375 0.01171875
4 0.37578125 0.49296875 0.009375 0.01171875
4 0.4265625 0.42421875 0.00703125 0.01484375
4 0.44921875 0.43359375 0.009375 0.01328125
4 0.4671875 0.4140625 0.0109375 0.0140625
4 0.47421875 0.3859375 0.009375 0.01171875
4 0.496875 0.384375 0.01015625 0.01171875
4 0.50859375 0.4234375 0.01171875 0.01015625
4 0.5171875 0.40703125 0.0109375 0.0109375
4 0.52890625 0.39609375 0.01015625 0.00859375
4 0.44296875 0.315625 0.0140625 0.0234375
4 0.484375 0.31328125 0.01015625 0.0140625
4 0.39921875 0.1828125 0.009375 0.01484375
4 0.39921875 0.16640625 0.00703125 0.0109375
4 0.36953125 0.07890625 0.009375 0.00859375
4 0.38671875 0.12890625 0.00859375 0.0109375
4 0.3953125 0.12890625 0.0109375 0.0109375
4 0.39921875 0.134375 0.00703125 0.009375
4 0.40859375 0.13359375 0.00859375 0.01015625
4 0.4015625 0.13828125 0.009375 0.0140625
4 0.40390625 0.14609375 0.009375 0.00703125
4 0.40546875 0.15390625 0.01015625 0.01328125
4 0.409375 0.16171875 0.00703125 0.0109375
4 0.41640625 0.15625 0.00859375 0.0140625
4 0.41953125 0.159375 0.00859375 0.0109375
4 0.41328125 0.16953125 0.00703125 0.0140625
4 0.41640625 0.17578125 0.0046875 0.01328125
4 0.425 0.16953125 0.00703125 0.01328125
4 0.428125 0.1765625 0.00703125 0.0109375
4 0.584375 0.31875 0.00859375 0.0203125
4 0.5828125 0.23828125 0.00859375 0.0140625
4 0.74921875 0.221875 0.00703125 0.01328125
4 0.75390625 0.21796875 0.00859375 0.01328125
4 0.8125 0.16015625 0.00859375 0.01015625
4 0.81171875 0.1484375 0.00703125 0.009375
4 0.8984375 0.103125 0.0109375 0.0140625
4 0.95703125 0.01015625 0.0109375 0.01171875
4 0.74296875 0.32578125 0.01015625 0.01640625
4 0.75078125 0.346875 0.01015625 0.01484375
4 0.7296875 0.37578125 0.009375 0.0109375
4 0.72578125 0.36953125 0.00859375 0.01328125
4 0.7203125 0.37890625 0.009375 0.0109375
4 0.721875 0.3859375 0.01015625 0.00546875
4 0.7109375 0.3890625 0.00859375 0.01171875
4 0.71640625 0.3890625 0.00703125 0.00859375
4 0.709375 0.4015625 0.00859375 0.009375
4 0.6953125 0.396875 0.00859375 0.01015625
4 0.7015625 0.39921875 0.00859375 0.01015625
4 0.69609375 0.40703125 0.00703125 0.0109375
4 0.68828125 0.4109375 0.00703125 0.0109375
4 0.68046875 0.4203125 0.00859375 0.01015625
4 0.68203125 0.42578125 0.009375 0.0109375
4 0.68203125 0.440625 0.00859375 0.0109375
4 0.678125 0.45 0.00625 0.0140625
4 0.67109375 0.459375 0.00703125 0.00625
4 0.60625 0.45859375 0.009375 0.01796875
4 0.596875 0.47265625 0.00859375 0.01875
4 0.6390625 0.54296875 0.01171875 0.01640625
4 0.75546875 0.69140625 0.01015625 0.0109375
4 0.7609375 0.68125 0.009375 0.01171875
4 0.79921875 0.72421875 0.009375 0.0140625
4 0.81640625 0.7140625 0.0046875 0.01328125
4 0.8203125 0.71953125 0.00390625 0.01484375
4 0.83203125 0.73046875 0.0046875 0.01640625
4 0.8390625 0.746875 0.00703125 0.01328125
4 0.84375 0.740625 0.00546875 0.01171875
4 0.8484375 0.7453125 0.00625 0.0140625
4 0.853125 0.7515625 0.00546875 0.015625
4 0.85546875 0.78984375 0.0109375 0.01640625
4 0.921875 0.8265625 0.00859375 0.009375
4 0.95390625 0.9125 0.01015625 0.0140625
4 0.9828125 0.875 0.00859375 0.01953125
4 0.971875 0.865625 0.009375 0.009375
4 0.98046875 0.85625 0.01015625 0.01015625
4 0.84375 0.9203125 0.01015625 0.01328125
4 0.83984375 0.88984375 0.00859375 0.0109375
4 0.83203125 0.8828125 0.009375 0.01328125
4 0.83203125 0.90625 0.009375 0.01328125
4 0.82578125 0.8984375 0.0109375 0.01484375
4 0.8171875 0.89375 0.00859375 0.01484375
4 0.81015625 0.89375 0.00859375 0.01328125
4 0.80859375 0.88125 0.009375 0.01171875
4 0.721875 0.76953125 0.009375 0.0109375
4 0.71796875 0.778125 0.009375 0.01484375
4 0.721875 0.7390625 0.00859375 0.01328125
4 0.71640625 0.74140625 0.01015625 0.0140625
4 0.70078125 0.76953125 0.01015625 0.0140625
4 0.684375 0.7078125 0.00859375 0.01015625
4 0.68046875 0.73046875 0.01015625 0.0109375
4 0.67578125 0.7359375 0.01171875 0.0140625
4 0.67109375 0.7453125 0.009375 0.01171875
4 0.66640625 0.7671875 0.009375 0.01015625
4 0.57734375 0.67265625 0.01171875 0.02109375
4 0.46953125 0.771875 0.00859375 0.02421875
4 0.465625 0.725 0.015625 0.0203125
4 0.47109375 0.803125 0.0109375 0.021875
4 0.365625 0.93046875 0.0140625 0.0140625
4 0.296875 0.8546875 0.0109375 0.02109375
0 0.06640625 0.95234375 0.01875 0.02890625
0 0.1078125 0.859375 0.015625 0.03359375
0 0.234375 0.91328125 0.015625 0.0265625
0 0.34453125 0.78671875 0.01640625 0.02890625
0 0.396875 0.778125 0.01484375 0.02421875
0 0.33359375 0.58671875 0.0140625 0.028125
0 0.3453125 0.44375 0.01171875 0.0265625
0 0.421875 0.228125 0.01484375 0.0203125
0 0.42578125 0.31015625 0.0109375 0.0203125
0 0.521875 0.42109375 0.01484375 0.01796875
0 0.53671875 0.41328125 0.01484375 0.0140625
0 0.57421875 0.321875 0.0109375 0.02890625
0 0.60390625 0.2875 0.01328125 0.01875
0 0.6046875 0.25859375 0.015625 0.02421875
0 0.67578125 0.30234375 0.01484375 0.02109375
0 0.7015625 0.3015625 0.01640625 0.021875
0 0.7078125 0.271875 0.015625 0.02421875
0 0.66484375 0.434375 0.01171875 0.021875
0 0.6734375 0.43984375 0.01171875 0.02109375
0 0.69453125 0.38046875 0.01640625 0.02421875
0 0.76328125 0.33203125 0.01015625 0.02109375
0 0.89609375 0.19609375 0.01171875 0.0234375
0 0.75625 0.653125 0.0140625 0.02109375
0 0.871875 0.76875 0.0140625 0.025
0 0.89453125 0.77265625 0.01640625 0.025
0 0.93671875 0.89140625 0.01796875 0.0234375
0 0.97421875 0.93046875 0.02109375 0.028125
0 0.78828125 0.83671875 0.01796875 0.02421875
0 0.6875 0.71953125 0.01796875 0.0234375
3 0.12578125 0.890625 0.03125 0.04453125
3 0.33984375 0.040625 0.0265625 0.0515625
3 0.82734375 0.91875 0.0203125 0.02890625
1 0.809375 0.8109375 0.0390625 0.0515625
1 0.7671875 0.7828125 0.05078125 0.059375
1 0.75078125 0.80078125 0.04921875 0.0546875
1 0.4734375 0.4453125 0.04921875 0.06171875
1 0.38203125 0.5609375 0.03671875 0.0640625
1 0.2484375 0.7078125 0.046875 0.08125
1 0.45078125 0.27578125 0.03203125 0.06328125
6 0.778125 0.2421875 0.03515625 0.046875