2 0.56953125 0.490625 0.02109375 0.03828125
4 0.584375 0.42109375 0.01796875 0.01953125
4 0.56328125 0.41328125 0.01328125 0.02109375
4 0.58359375 0.38125 0.01875 0.01953125
4 0.48828125 0.403125 0.01875 0.01875
2 0.54296875 0.3984375 0.02578125 0.0234375
2 0.5484375 0.36796875 0.02578125 0.0265625
0 0.52265625 0.371875 0.0203125 0.0234375
2 0.46953125 0.37109375 0.025 0.02890625
3 0.60390625 0.34921875 0.02578125 0.03125
4 0.56640625 0.328125 0.01171875 0.01953125
4 0.68046875 0.3859375 0.01875 0.02578125
4 0.621875 0.35078125 0.0203125 0.02109375
4 0.58984375 0.32421875 0.01796875 0.01875
4 0.73125 0.39921875 0.01484375 0.01953125
4 0.7359375 0.43046875 0.01484375 0.01796875
4 0.75234375 0.41640625 0.01796875 0.0203125
4 0.7625 0.40234375 0.01484375 0.02109375
4 0.81640625 0.43515625 0.01484375 0.015625
4 0.85703125 0.42421875 0.01640625 0.01640625
3 0.92578125 0.18359375 0.021875 0.0296875
2 0.840625 0.1828125 0.0234375 0.0234375
2 0.78046875 0.15859375 0.0140625 0.0390625
2 0.821875 0.03203125 0.01484375 0.0390625
4 0.85859375 0.1921875 0.0203125 0.028125
4 0.7078125 0.1296875 0.01015625 0.02578125
4 0.69921875 0.13046875 0.00859375 0.0203125
4 0.68203125 0.13203125 0.0109375 0.03046875
4 0.61328125 0.21484375 0.01484375 0.0234375
4 0.54140625 0.159375 0.01328125 0.01953125
2 0.5609375 0.07890625 0.01484375 0.0234375
2 0.62421875 0.01328125 0.0109375 0.0265625
2 0.6390625 0.01171875 0.01328125 0.0234375
2 0.48671875 0.10859375 0.015625 0.05078125
4 0.51640625 0.1734375 0.01640625 0.0203125
4 0.50859375 0.15078125 0.015625 0.01796875
4 0.50078125 0.16328125 0.0140625 0.01875
4 0.49140625 0.171875 0.015625 0.01953125
4 0.4890625 0.15546875 0.015625 0.01640625
0 0.48828125 0.23125 0.01875 0.03984375
2 0.5828125 0.26796875 0.0203125 0.046875
4 0.55703125 0.30703125 0.0140625 0.025
4 0.58671875 0.30078125 0.01328125 0.0265625
4 0.4515625 0.21328125 0.01328125 0.0296875
4 0.465625 0.19296875 0.0140625 0.01796875
4 0.45859375 0.178125 0.0140625 0.01953125
4 0.46328125 0.16953125 0.01484375 0.01875
4 0.46328125 0.15703125 0.01875 0.021875
4 0.421875 0.23359375 0.01328125 0.01953125
4 0.4421875 0.38125 0.0140625 0.01640625
4 0.440625 0.39453125 0.01640625 0.015625
4 0.42265625 0.3625 0.01640625 0.0234375
2 0.43671875 0.3484375 0.021875 0.0234375
2 0.41796875 0.37734375 0.02578125 0.02421875
2 0.390625 0.3328125 0.0234375 0.028125
2 0.37109375 0.36484375 0.02421875 0.025
2 0.3515625 0.33203125 0.025 0.02578125
4 0.3359375 0.365625 0.0140625 0.01875
4 0.3140625 0.37109375 0.01171875 0.01484375
2 0.3015625 0.32890625 0.025 0.02890625
6 0.34609375 0.409375 0.0234375 0.02890625
4 0.33046875 0.41875 0.01484375 0.01796875
4 0.378125 0.4328125 0.01484375 0.015625
2 0.303125 0.353125 0.02890625 0.028125
4 0.2734375 0.34609375 0.0140625 0.01953125
2 0.26171875 0.33046875 0.02578125 0.028125
1 0.29375 0.2640625 0.04921875 0.03515625
2 0.2359375 0.3109375 0.0265625 0.03046875
0 0.24609375 0.34921875 0.01875 0.01953125
4 0.20390625 0.33125 0.0140625 0.01328125
4 0.20390625 0.34140625 0.01328125 0.01953125
2 0.18515625 0.30078125 0.025 0.02109375
2 0.1515625 0.31328125 0.025 0.02421875
4 0.17890625 0.33125 0.01171875 0.01484375
4 0.18046875 0.34375 0.01640625 0.01953125
4 0.1140625 0.334375 0.01484375 0.0203125
4 0.10625 0.32421875 0.015625 0.02109375
4 0.0921875 0.2890625 0.01796875 0.0234375
4 0.08671875 0.33203125 0.015625 0.01484375
4 0.071875 0.321875 0.01328125 0.0203125
2 0.0640625 0.30078125 0.02421875 0.02421875
2 0.05546875 0.275 0.025 0.02578125
4 0.0328125 0.30078125 0.01796875 0.02109375
0 0.02109375 0.28203125 0.0265625 0.0296875
2 0.08828125 0.5609375 0.02578125 0.0296875
2 0.04609375 0.55390625 0.02890625 0.02578125
2 0.03828125 0.58203125 0.0296875 0.03828125
2 0.03515625 0.66796875 0.03046875 0.03046875
2 0.13203125 0.15859375 0.0296875 0.02890625
2 0.0921875 0.10390625 0.025 0.0234375
2 0.01328125 0.14609375 0.02578125 0.03046875
0 0.0265625 0.06328125 0.01796875 0.02890625
0 0.0828125 0.06015625 0.01640625 0.03046875
4 0.03515625 0.0296875 0.015625 0.01796875
0 0.0421875 0.01484375 0.01953125 0.0296875
4 0.01484375 0.059375 0.015625 0.021875
2 0.34140625 0.16328125 0.028125 0.0265625
2 0.34140625 0.19140625 0.025 0.02578125
2 0.33984375 0.215625 0.025 0.02421875
4 0.38671875 0.13359375 0.01796875 0.01953125
4 0.40234375 0.14375 0.01640625 0.02109375
2 0.3953125 0.15390625 0.02421875 0.03125
2 0.38359375 0.17890625 0.0234375 0.02109375
2 0.38828125 0.20078125 0.0265625 0.025
3 0.42890625 0.16171875 0.021875 0.03046875
2 0.41953125 0.17890625 0.0296875 0.028125
4 0.403125 0.18828125 0.01640625 0.01640625
4 0.4140625 0.18671875 0.01875 0.02109375
2 0.4234375 0.203125 0.03203125 0.02890625
4 0.41015625 0.215625 0.01484375 0.01796875
4 0.4140625 0.221875 0.01640625 0.01796875
4 0.4234375 0.2203125 0.0140625 0.01640625
4 0.40078125 0.23359375 0.015625 0.0234375
4 0.41015625 0.2328125 0.015625 0.01640625
2 0.39609375 0.2203125 0.02109375 0.025
2 0.3703125 0.2171875 0.025 0.0234375
4 0.55703125 0.33046875 0.00859375 0.01875
4 0.30078125 0.58046875 0.01875 0.02421875
4 0.2984375 0.58828125 0.015625 0.01484375
4 0.29609375 0.5984375 0.0140625 0.01875
3 0.54609375 0.60078125 0.01484375 0.0390625
0 0.5671875 0.59921875 0.01328125 0.0296875
2 0.44296875 0.95390625 0.0140625 0.03984375
2 0.4671875 0.86171875 0.015625 0.0453125
2 0.44609375 0.859375 0.01796875 0.05
2 0.4765625 0.8015625 0.0140625 0.03828125
2 0.4640625 0.76328125 0.01640625 0.04609375
2 0.45078125 0.74453125 0.01171875 0.03671875
2 0.46328125 0.7234375 0.01328125 0.0390625
2 0.48515625 0.70234375 0.01015625 0.0390625
2 0.47109375 0.68515625 0.01953125 0.04140625
2 0.48828125 0.6484375 0.015625 0.04296875
2 0.47421875 0.64140625 0.01640625 0.04453125
2 0.48671875 0.60703125 0.0140625 0.03671875
0 0.47578125 0.60078125 0.01328125 0.03515625
4 0.4671875 0.5484375 0.009375 0.0265625
4 0.4765625 0.54296875 0.009375 0.02578125
4 0.50546875 0.54609375 0.01171875 0.0234375
4 0.503125 0.56796875 0.00859375 0.028125
2 0.48359375 0.56171875 0.01640625 0.04921875
2 0.49375 0.56015625 0.015625 0.04140625
2 0.50703125 0.515625 0.0140625 0.04375
0 0.4953125 0.51875 0.0109375 0.02890625
2 0.484375 0.51328125 0.01484375 0.0484375
4 0.4703125 0.48515625 0.009375 0.0265625
4 0.475 0.48828125 0.01015625 0.0296875
4 0.4796875 0.484375 0.0109375 0.025
4 0.4765625 0.5078125 0.01171875 0.0265625
4 0.5890625 0.5203125 0.01015625 0.02421875