3 0.33984375 0.040625 0.02109375 0.053125
2 0.28046875 0.1296875 0.01640625 0.02890625
4 0.27578125 0.1484375 0.00859375 0.01484375
2 0.3265625 0.31171875 0.0140625 0.0265625
2 0.3390625 0.29375 0.01171875 0.02890625
2 0.39453125 0.2046875 0.01640625 0.028125
2 0.41796875 0.19453125 0.01640625 0.02578125
2 0.45078125 0.4015625 0.01640625 0.025
2 0.47578125 0.40078125 0.01796875 0.01875
2 0.50703125 0.403125 0.01796875 0.01484375
2 0.45625 0.4265625 0.01640625 0.02109375
2 0.47421875 0.4359375 0.0140625 0.01875
4 0.4859375 0.41796875 0.01015625 0.009375
4 0.41171875 0.4578125 0.00859375 0.01171875
2 0.4140625 0.4765625 0.01640625 0.0265625
2 0.43359375 0.4734375 0.01640625 0.021875
2 0.45703125 0.45703125 0.01640625 0.0234375
2 0.4984375 0.42109375 0.015625 0.015625
4 0.509375 0.425 0.00859375 0.01171875
2 0.521875 0.41484375 0.01640625 0.01484375
0 0.5265625 0.334375 0.01171875 0.01328125
4 0.51015625 0.371875 0.00859375 0.01171875
4 0.50625 0.33359375 0.009375 0.01328125
2 0.55078125 0.39921875 0.01875 0.01875
2 0.54296875 0.3765625 0.01953125 0.015625
0 0.54140625 0.3609375 0.01171875 0.01171875
4 0.5234375 0.359375 0.00859375 0.009375
4 0.528125 0.36875 0.00859375 0.009375
4 0.53125 0.3484375 0.009375 0.00703125
4 0.53046875 0.35625 0.00859375 0.00703125
0 0.54765625 0.30546875 0.00859375 0.0203125
0 0.57578125 0.309375 0.00703125 0.02109375
4 0.58828125 0.25859375 0.00546875 0.01484375
0 0.60234375 0.25390625 0.00859375 0.015625
0 0.60390625 0.28359375 0.01015625 0.01640625
0 0.5921875 0.34921875 0.0109375 0.01484375
2 0.64140625 0.3078125 0.01640625 0.02109375
0 0.65625 0.32109375 0.01171875 0.01328125
4 0.67421875 0.33359375 0.01015625 0.00859375
4 0.6953125 0.30625 0.00625 0.01015625
2 0.7234375 0.28359375 0.01640625 0.025
4 0.615625 0.3984375 0.00703125 0.01796875
4 0.5640625 0.4375 0.00859375 0.0109375
2 0.57734375 0.4671875 0.0140625 0.02578125
4 0.66328125 0.4453125 0.00703125 0.0109375
4 0.65859375 0.48671875 0.009375 0.01015625
4 0.66796875 0.46796875 0.00859375 0.01328125
0 0.66953125 0.44765625 0.00859375 0.01875
4 0.66015625 0.471875 0.00859375 0.01328125
4 0.6515625 0.41953125 0.00859375 0.01328125
3 0.73984375 0.365625 0.0140625 0.01953125
2 0.73671875 0.334375 0.01640625 0.021875
2 0.78828125 0.2234375 0.01796875 0.02421875
4 0.8125 0.1921875 0.01015625 0.01171875
2 0.84609375 0.21796875 0.01953125 0.0265625
2 0.79609375 0.165625 0.01171875 0.03046875
2 0.80703125 0.1734375 0.015625 0.02421875
2 0.82109375 0.14140625 0.0109375 0.03125
4 0.83125 0.15859375 0.00859375 0.01328125
2 0.83671875 0.17265625 0.01796875 0.0234375
4 0.84296875 0.15 0.00859375 0.0109375
2 0.86953125 0.08203125 0.015625 0.0265625
2 0.8953125 0.0984375 0.01796875 0.02421875
0 0.93125 0.04375 0.0140625 0.01875
4 0.99296875 0.04609375 0.0109375 0.01640625
2 0.6453125 0.540625 0.01640625 0.0265625
2 0.66796875 0.578125 0.01484375 0.02109375
0 0.75546875 0.6484375 0.01171875 0.01640625
2 0.71875 0.571875 0.01171875 0.025
4 0.81328125 0.73671875 0.01015625 0.01328125
1 0.78203125 0.74453125 0.04609375 0.05
4 0.8734375 0.80546875 0.01171875 0.0140625
2 0.8640625 0.746875 0.01796875 0.02421875
0 0.86953125 0.76171875 0.00859375 0.01875
2 0.8796875 0.759375 0.01015625 0.02890625
0 0.89453125 0.76796875 0.0109375 0.021875
4 0.8921875 0.82421875 0.00859375 0.015625
2 0.9046875 0.77109375 0.01328125 0.0296875
2 0.9234375 0.84765625 0.01640625 0.02578125
2 0.9171875 0.8140625 0.015625 0.021875
2 0.93984375 0.81875 0.015625 0.0296875
2 0.946875 0.83984375 0.01640625 0.021875
2 0.9578125 0.85703125 0.01953125 0.02109375
2 0.96875 0.87265625 0.01953125 0.021875
4 0.96640625 0.9109375 0.009375 0.015625
2 0.43125 0.665625 0.009375 0.02890625
2 0.3640625 0.5578125 0.01875 0.02890625
4 0.39453125 0.50703125 0.00859375 0.01328125
2 0.32890625 0.5875 0.01796875 0.025
4 0.33359375 0.60625 0.009375 0.0140625
2 0.31328125 0.61484375 0.01953125 0.02109375
4 0.2578125 0.69140625 0.01171875 0.0140625
4 0.28515625 0.61796875 0.009375 0.0140625
4 0.23359375 0.71171875 0.01015625 0.015625
4 0.21875 0.740625 0.01015625 0.0140625
2 0.190625 0.78828125 0.01640625 0.028125
0 0.16953125 0.79140625 0.01640625 0.0203125
0 0.10703125 0.85703125 0.01328125 0.0203125
2 0.11328125 0.8859375 0.01953125 0.0265625
2 0.18359375 0.9484375 0.01796875 0.02578125
2 0.2078125 0.97421875 0.015625 0.03671875
2 0.228125 0.9484375 0.01796875 0.03203125
0 0.28046875 0.87109375 0.0140625 0.02421875
2 0.321875 0.8234375 0.01640625 0.0265625
0 0.35078125 0.790625 0.01171875 0.0234375
1 0.36796875 0.69765625 0.03515625 0.03828125
0 0.3765625 0.7890625 0.01484375 0.01796875
0 0.396875 0.77578125 0.01171875 0.01953125
0 0.39765625 0.7203125 0.0140625 0.01875
2 0.41953125 0.70703125 0.015625 0.02578125
0 0.42890625 0.74765625 0.01015625 0.01875
0 0.49296875 0.7265625 0.01171875 0.01171875
3 0.465625 0.79453125 0.01171875 0.0359375
2 0.47890625 0.790625 0.01328125 0.0296875
0 0.41953125 0.86796875 0.0109375 0.01953125
4 0.4015625 0.88125 0.00859375 0.01328125
2 0.4453125 0.84296875 0.0140625 0.0234375
4 0.3921875 0.9 0.00859375 0.0140625
2 0.32578125 0.95078125 0.015625 0.01953125
2 0.37109375 0.95703125 0.01484375 0.02421875
2 0.55 0.77578125 0.01796875 0.021875
4 0.5421875 0.74453125 0.01015625 0.01953125
2 0.51640625 0.68359375 0.01484375 0.03046875
2 0.5609375 0.68046875 0.0140625 0.0265625
0 0.34375 0.44140625 0.009375 0.0265625
2 0.40859375 0.27265625 0.01796875 0.0296875
2 0.41953125 0.26171875 0.0140625 0.028125
2 0.43359375 0.253125 0.0140625 0.025
2 0.42421875 0.3015625 0.0140625 0.028125
2 0.43203125 0.290625 0.0140625 0.0234375
2 0.440625 0.28125 0.01484375 0.0234375
4 0.44921875 0.27890625 0.00625 0.0140625
6 0.5515625 0.334375 0.02578125 0.03515625
1 0.59375 0.37109375 0.04609375 0.03203125
2 0.58203125 0.19765625 0.0140625 0.03671875
2 0.72265625 0.35859375 0.015625 0.01796875
2 0.7078125 0.35078125 0.015625 0.0234375
2 0.6921875 0.36875 0.01484375 0.02421875
2 0.70625 0.37421875 0.01796875 0.028125
2 0.67578125 0.39296875 0.01640625 0.02421875
2 0.6859375 0.40078125 0.01640625 0.025
2 0.659375 0.42109375 0.015625 0.02421875
4 0.4109375 0.51171875 0.00625 0.015625
4 0.42578125 0.515625 0.00625 0.01640625
4 0.434375 0.528125 0.00625 0.01640625
4 0.425 0.534375 0.00859375 0.01484375
4 0.40078125 0.54765625 0.0046875 0.0140625
2 0.409375 0.54609375 0.01171875 0.028125
0 0.41328125 0.52890625 0.009375 0.01875
2 0.671875 0.4234375 0.01640625 0.02890625
0 0.7390625 0.75390625 0.01171875 0.015625
2 0.7046875 0.7671875 0.015625 0.0203125
2 0.71953125 0.76328125 0.01484375 0.0234375
3 0.7234375 0.74453125 0.0140625 0.01796875
2 0.70625 0.728125 0.01484375 0.015625
2 0.69140625 0.71640625 0.01796875 0.01875
2 0.67890625 0.74765625 0.01796875 0.015625
0 0.6765625 0.72578125 0.01171875 0.015625
2 0.75703125 0.7640625 0.015625 0.02109375
2 0.77421875 0.803125 0.01875 0.021875
2 0.79375 0.82578125 0.01640625 0.02578125
2 0.81328125 0.84375 0.01875 0.02109375
0 0.8171875 0.88671875 0.0140625 0.015625
2 0.809375 0.8609375 0.01796875 0.02109375
2 0.82890625 0.88125 0.01796875 0.021875
2 0.83828125 0.86953125 0.015625 0.01875
4 0.8484375 0.88203125 0.00625 0.01015625
4 0.85859375 0.89140625 0.00859375 0.01328125
0 0.82890625 0.89609375 0.01171875 0.0140625
0 0.90703125 0.984375 0.01328125 0.01953125
0 0.90703125 0.97109375 0.0140625 0.01640625
2 0.89921875 0.9484375 0.01875 0.02421875
6 0.7087033171875 0.76377138125 0.7130352203125 0.74064479375 0.6883117140625 0.7248510265625 0.683675946875 0.7436098203125 0.7087033171875 0.76377138125
6 0.758951265625 0.8023156921875 0.764234071875 0.7840776625 0.73433341875 0.7581307500000001 0.728701215625 0.7754586812500001 0.758951265625 0.8023156921875
2 0.8550260890624999 0.8960586718749999 0.8392833484375 0.880452921875 0.8352684234375 0.8928623109375 0.8516451015625 0.9073399343749999 0.8550260890624999 0.8960586718749999
3 0.8313595921875001 0.9288509296875 0.83643108125 0.9145613328125 0.8196317765625001 0.8965113125 0.8144711828125001 0.9082092390625001 0.8313595921875001 0.9288509296875
2 0.8541396562499999 0.910612890625 0.8371290328125 0.894443078125 0.832703246875 0.9067999984374999 0.850019071875 0.923398325 0.8541396562499999 0.910612890625
2 0.8699880562500001 0.9254665515625 0.8744256078125 0.912681125 0.8585772078125 0.8963232937500001 0.8533134046875 0.9082092390625001 0.8699880562500001 0.9254665515625
2 0.893232371875 0.9258426046875 0.8779122562499999 0.9085446562499999 0.8736064828125001 0.9214561109374999 0.8881608828124999 0.9386280296875 0.893232371875 0.9258426046875
2 0.9359264218750001 0.9876593765624999 0.9190214578125 0.9707374812499999 0.9154609593749999 0.9823353484374999 0.9322284562500001 0.999316675 0.9359264218750001 0.9876593765624999
3 0.9365347390625001 0.9714992640625001 0.9150079203124999 0.9481900218750001 0.9098824875 0.9615675015624999 0.9318649046875 0.9852821234375 0.9365347390625001 0.9714992640625001
2 0.9421875 0.98515625 0.01796875 0.021875