3 0.134375 0.50390625 0.03359375 0.02421875
2 0.19453125 0.49609375 0.0265625 0.01796875
2 0.171875 0.51640625 0.0203125 0.021875
2 0.1859375 0.54765625 0.0203125 0.01875
2 0.2171875 0.54609375 0.0140625 0.01953125
2 0.1953125 0.57265625 0.021875 0.01953125
2 0.209375 0.60625 0.015625 0.01796875
2 0.22890625 0.60234375 0.0203125 0.021875
2 0.26875 0.5453125 0.0203125 0.01640625
2 0.29921875 0.55859375 0.02421875 0.0203125
2 0.28046875 0.57109375 0.021875 0.015625
2 0.32109375 0.59140625 0.01640625 0.01953125
2 0.33828125 0.54609375 0.021875 0.015625
2 0.34453125 0.56484375 0.02109375 0.01875
2 0.3640625 0.58828125 0.0203125 0.02109375
2 0.38671875 0.55 0.02109375 0.01796875
2 0.40546875 0.56640625 0.01484375 0.01484375
4 0.3625 0.55078125 0.01171875 0.01640625
0 0.31640625 0.5171875 0.01484375 0.0140625
4 0.2734375 0.478125 0.01015625 0.01015625
0 0.36953125 0.4875 0.01953125 0.01796875
2 0.4171875 0.54375 0.02109375 0.02109375
2 0.4328125 0.5890625 0.01953125 0.0203125
4 0.4390625 0.56484375 0.009375 0.0203125
2 0.4640625 0.5484375 0.0203125 0.01484375
0 0.45625 0.5640625 0.01640625 0.015625
0 0.45078125 0.58359375 0.01171875 0.0234375
2 0.48515625 0.56640625 0.02109375 0.021875
2 0.4890625 0.5078125 0.01953125 0.015625
2 0.496875 0.478125 0.0140625 0.0203125
2 0.5109375 0.5140625 0.01484375 0.021875
2 0.521875 0.49765625 0.015625 0.01171875
2 0.54140625 0.49296875 0.01484375 0.01875
2 0.53046875 0.51484375 0.0203125 0.01875
0 0.50625 0.49453125 0.01640625 0.0140625
2 0.09921875 0.56328125 0.025 0.03359375
2 0.57890625 0.4796875 0.01796875 0.01484375
2 0.54453125 0.475 0.01640625 0.0109375
2 0.56171875 0.49375 0.0203125 0.01953125
2 0.56640625 0.51640625 0.0203125 0.01640625
2 0.5484375 0.521875 0.0203125 0.021875
4 0.51796875 0.47578125 0.01015625 0.015625
4 0.5984375 0.46640625 0.015625 0.01484375
2 0.534375 0.54609375 0.021875 0.015625
2 0.51015625 0.54296875 0.01953125 0.01796875
2 0.52421875 0.56328125 0.0234375 0.01640625
2 0.55859375 0.565625 0.0234375 0.0203125
2 0.5640625 0.54609375 0.01796875 0.025
2 0.65078125 0.69765625 0.00859375 0.03671875
2 0.6421875 0.6828125 0.00859375 0.040625
0 0.634375 0.67578125 0.009375 0.0296875
5 0.71875 0.3140625 0.02109375 0.06484375
2 0.759375 0.28046875 0.01796875 0.04453125
0 0.7671875 0.1515625 0.01953125 0.0296875
2 0.77578125 0.21015625 0.0203125 0.0515625
2 0.7921875 0.184375 0.01640625 0.04296875
2 0.8203125 0.1515625 0.02421875 0.04609375
2 0.74609375 0.3265625 0.01640625 0.03125
2 0.75703125 0.33203125 0.00859375 0.04609375
2 0.73828125 0.3515625 0.01171875 0.0296875
2 0.73046875 0.39609375 0.00859375 0.0453125
2 0.740625 0.390625 0.01171875 0.03828125
0 0.7515625 0.36171875 0.0109375 0.03125
2 0.78671875 0.54375 0.0203125 0.021875
6 0.92109375 0.459375 0.034375 0.0296875
2 0.86328125 0.578125 0.01875 0.028125
2 0.58515625 0.49765625 0.0203125 0.01640625
2 0.58671875 0.5171875 0.0203125 0.01484375
4 0.596875 0.4828125 0.01015625 0.009375
2 0.74453125 0.13515625 0.01875 0.0390625
2 0.75703125 0.084375 0.01640625 0.03984375
5 0.7234375 0.2515625 0.01640625 0.04375
0 0.73203125 0.22109375 0.01171875 0.0265625
4 0.73671875 0.17109375 0.00859375 0.01328125
4 0.734375 0.18125 0.01015625 0.0109375
4 0.696875 0.48203125 0.01171875 0.01328125
4 0.77109375 0.4984375 0.01484375 0.0203125
4 0.79765625 0.45859375 0.01015625 0.01484375