2 0.546875 0.4171875 0.021875 0.025
0 0.496875 0.51796875 0.01171875 0.03203125
4 0.4609375 0.5328125 0.0109375 0.0265625
4 0.57890625 0.41171875 0.01484375 0.01875
4 0.5484375 0.39375 0.01484375 0.01640625
4 0.52109375 0.390625 0.015625 0.0203125
4 0.62265625 0.39375 0.015625 0.02109375
4 0.5921875 0.39375 0.01171875 0.015625
4 0.6078125 0.3796875 0.0140625 0.01796875
4 0.59921875 0.36171875 0.0140625 0.01640625
4 0.58671875 0.35546875 0.0140625 0.01875
4 0.5765625 0.365625 0.01484375 0.015625
4 0.5828125 0.384375 0.015625 0.01171875
0 0.6203125 0.41796875 0.01796875 0.01875
4 0.60078125 0.34140625 0.01484375 0.01875
4 0.56015625 0.3078125 0.01171875 0.0203125
4 0.5671875 0.32890625 0.01484375 0.0234375
2 0.559375 0.35390625 0.02578125 0.02578125
4 0.47734375 0.35703125 0.0140625 0.01484375
4 0.46640625 0.36796875 0.01484375 0.01640625
4 0.44296875 0.3515625 0.0140625 0.01640625
4 0.43515625 0.36875 0.0140625 0.0140625
4 0.42265625 0.3546875 0.01484375 0.01640625
4 0.40625 0.33046875 0.01328125 0.01796875
4 0.3734375 0.359375 0.01640625 0.01796875
4 0.3015625 0.5796875 0.0140625 0.01484375
4 0.29921875 0.58671875 0.0109375 0.01171875
4 0.29921875 0.5984375 0.01640625 0.01484375
6 0.34765625 0.4109375 0.02421875 0.0234375
2 0.090625 0.55859375 0.02578125 0.02421875
2 0.046875 0.5515625 0.02890625 0.02421875
2 0.040625 0.57890625 0.02578125 0.02890625
2 0.0359375 0.665625 0.025 0.0265625
4 0.128125 0.3484375 0.0140625 0.01796875
0 0.09921875 0.04140625 0.01796875 0.03359375
0 0.03046875 0.0625 0.021875 0.02890625
0 0.04609375 0.01328125 0.0234375 0.02578125
4 0.015625 0.0515625 0.0140625 0.01171875
4 0.01640625 0.0609375 0.0140625 0.01484375
4 0.2203125 0.15234375 0.015625 0.01796875
4 0.25078125 0.12109375 0.01640625 0.0203125
3 0.26875 0.14921875 0.0265625 0.028125
4 0.31796875 0.12265625 0.01484375 0.01953125
2 0.36640625 0.18203125 0.025 0.02890625
2 0.34375 0.1890625 0.02890625 0.028125
2 0.34140625 0.21328125 0.02890625 0.0265625
4 0.459375 0.14921875 0.01640625 0.021875
4 0.4265625 0.15078125 0.01484375 0.015625
4 0.4296875 0.1609375 0.0140625 0.01484375
4 0.421875 0.1671875 0.0140625 0.01171875
4 0.42578125 0.175 0.01484375 0.01328125
4 0.4265625 0.184375 0.0140625 0.015625
4 0.415625 0.1890625 0.0140625 0.015625
2 0.41875 0.203125 0.025 0.02421875
4 0.41328125 0.21484375 0.01328125 0.01484375
4 0.42578125 0.21796875 0.01484375 0.015625
4 0.4171875 0.22421875 0.01328125 0.0140625
4 0.42421875 0.23125 0.01640625 0.01640625
4 0.4109375 0.23203125 0.01171875 0.01484375
4 0.403125 0.23359375 0.01328125 0.01484375
2 0.3890625 0.19921875 0.025 0.025
2 0.371875 0.215625 0.02578125 0.0265625
2 0.3984375 0.22109375 0.021875 0.0234375
2 0.56171875 0.07890625 0.01796875 0.03046875
2 0.628125 0.01484375 0.015625 0.0296875
2 0.64140625 0.009375 0.0140625 0.01875
2 0.54375 0.009375 0.01875 0.01875
0 0.5078125 0.146875 0.0203125 0.02421875
4 0.70078125 0.12890625 0.00859375 0.01953125
4 0.7109375 0.13046875 0.01171875 0.0203125
4 0.684375 0.13203125 0.01171875 0.02578125
2 0.78203125 0.15703125 0.01640625 0.04453125
2 0.82578125 0.03203125 0.01640625 0.04296875
2 0.84296875 0.1828125 0.0234375 0.025
4 0.771875 0.25625 0.015625 0.01796875
4 0.8625 0.19296875 0.01328125 0.0234375
3 0.92890625 0.1859375 0.025 0.0234375
2 0.96328125 0.4390625 0.03046875 0.02421875
0 0.93671875 0.41328125 0.021875 0.021875
3 0.91328125 0.37734375 0.03125 0.0265625
2 0.9171875 0.40625 0.02890625 0.01953125
4 0.9140625 0.421875 0.01640625 0.01484375
4 0.9046875 0.45234375 0.01796875 0.01484375
2 0.90703125 0.434375 0.02578125 0.0234375
4 0.93203125 0.453125 0.01796875 0.01875
3 0.92890625 0.43828125 0.021875 0.02109375
2 0.8828125 0.42890625 0.0265625 0.0265625
2 0.89375 0.4109375 0.02890625 0.02421875
2 0.87890625 0.38203125 0.03046875 0.0296875
2 0.86953125 0.40703125 0.025 0.0234375
2 0.85546875 0.42109375 0.02578125 0.02421875
2 0.84609375 0.4 0.02578125 0.0234375
1 0.83828125 0.37578125 0.05703125 0.03515625
2 0.8234375 0.40078125 0.02890625 0.0203125
4 0.83203125 0.4140625 0.01796875 0.015625
0 0.82421875 0.42109375 0.0203125 0.02109375
0 0.79375 0.4265625 0.0203125 0.0203125
2 0.803125 0.44375 0.0296875 0.02421875
4 0.815625 0.43203125 0.01328125 0.0140625
4 0.80546875 0.42578125 0.0140625 0.0140625
4 0.809375 0.4140625 0.015625 0.01328125
4 0.79296875 0.459375 0.01171875 0.01484375
4 0.7828125 0.4640625 0.01171875 0.0140625
4 0.77421875 0.45859375 0.0140625 0.01484375
4 0.7734375 0.43046875 0.01328125 0.01484375
4 0.76171875 0.428125 0.015625 0.01328125
4 0.74921875 0.428125 0.01328125 0.0140625
4 0.7484375 0.4203125 0.015625 0.01171875
4 0.7359375 0.43046875 0.015625 0.01484375
2 0.7953125 0.39921875 0.025 0.025
2 0.7984375 0.37578125 0.025 0.02421875
2 0.7734375 0.371875 0.02578125 0.0265625
2 0.7703125 0.39609375 0.02578125 0.0234375
2 0.771875 0.415625 0.02578125 0.0234375
2 0.7484375 0.37109375 0.0265625 0.021875
2 0.71796875 0.36796875 0.02890625 0.025
2 0.715625 0.390625 0.021875 0.02421875
2 0.70625 0.4140625 0.02578125 0.025
2 0.69140625 0.3921875 0.02890625 0.025
4 0.709375 0.42890625 0.01484375 0.01484375
4 0.71484375 0.4390625 0.015625 0.0140625
4 0.715625 0.45078125 0.01328125 0.0140625
4 0.7328125 0.44921875 0.0140625 0.01796875
0 0.73125 0.42109375 0.01875 0.021875
2 0.7484375 0.40625 0.02578125 0.02421875
4 0.6671875 0.4109375 0.015625 0.01875
4 0.678125 0.42578125 0.0140625 0.015625
4 0.69296875 0.42578125 0.015625 0.0140625
2 0.690625 0.44140625 0.02890625 0.028125
2 0.671875 0.3640625 0.02578125 0.02421875
2 0.6640625 0.38984375 0.0265625 0.02578125
2 0.63828125 0.36328125 0.025 0.02578125
4 0.64296875 0.4015625 0.01484375 0.0140625
0 0.64921875 0.41875 0.02109375 0.01875
2 0.75078125 0.44375 0.025 0.0234375
2 0.628125 0.44375 0.028125 0.02578125
0 0.5765625 0.396875 0.0203125 0.0203125
3 0.5671875 0.3765625 0.025 0.025
2 0.50625 0.53359375 0.015625 0.04140625
4 0.4609375 0.59921875 0.01015625 0.0265625
4 0.4671875 0.628125 0.01171875 0.02421875
4 0.4671875 0.65390625 0.00859375 0.02890625
2 0.46640625 0.7390625 0.01484375 0.05
4 0.5265625 0.85078125 0.0140625 0.02890625
4 0.44140625 0.9546875 0.0140625 0.03125
2 0.52421875 0.9875 0.0140625 0.025
4 0.00546875 0.08984375 0.0109375 0.02421875
4 0.79140625 0.41484375 0.0140625 0.015625
4 0.796875 0.409375 0.01640625 0.01484375
2 0.77578125 0.44609375 0.03046875 0.028125
4 0.78671875 0.46875 0.0140625 0.0109375