1 0.2234375 0.6765625 0.0546875 0.0296875
1 0.28125 0.66953125 0.05390625 0.02890625
2 0.309375 0.69296875 0.02109375 0.01796875
4 0.36015625 0.70703125 0.0109375 0.01171875
4 0.03671875 0.8 0.01328125 0.01171875
4 0.07109375 0.80390625 0.0140625 0.0109375
2 0.015625 0.86484375 0.01875 0.01796875
4 0.14453125 0.796875 0.0109375 0.0109375
4 0.18046875 0.79609375 0.01328125 0.01328125
4 0.171875 0.903125 0.01015625 0.01015625
0 0.02890625 0.934375 0.015625 0.01796875
0 0.053125 0.9359375 0.01796875 0.015625
0 0.14453125 0.965625 0.01484375 0.0203125
4 0.15546875 0.9484375 0.01328125 0.01015625
0 0.18984375 0.88671875 0.01640625 0.01796875
4 0.25859375 0.7859375 0.0109375 0.01171875
4 0.28984375 0.896875 0.0140625 0.01171875
4 0.3890625 0.953125 0.01015625 0.01171875
4 0.3609375 0.7765625 0.01171875 0.0109375
4 0.40390625 0.76484375 0.0109375 0.009375
4 0.43046875 0.76171875 0.01171875 0.01171875
4 0.45390625 0.78125 0.0109375 0.009375
4 0.46953125 0.82890625 0.009375 0.01796875
2 0.48046875 0.80859375 0.01953125 0.01640625
0 0.5140625 0.8359375 0.0140625 0.01875
4 0.50859375 0.76171875 0.009375 0.01640625
4 0.5359375 0.784375 0.00859375 0.01953125
4 0.53125 0.83046875 0.01171875 0.01484375
4 0.52421875 0.73046875 0.00625 0.01953125
4 0.48828125 0.69296875 0.00703125 0.0203125
4 0.521875 0.42421875 0.00703125 0.01875
4 0.528125 0.2578125 0.00625 0.021875
2 0.6328125 0.7890625 0.01953125 0.02109375
2 0.66015625 0.771875 0.01953125 0.01796875
4 0.69140625 0.81328125 0.0140625 0.01171875
4 0.75078125 0.796875 0.0109375 0.0109375
4 0.8015625 0.790625 0.01171875 0.01015625
4 0.890625 0.79375 0.01171875 0.01171875
4 0.95390625 0.8015625 0.0109375 0.0109375
2 0.87734375 0.72890625 0.0203125 0.01875
4 0.8375 0.740625 0.01171875 0.009375
4 0.8390625 0.709375 0.01015625 0.0109375
4 0.6953125 0.68203125 0.01015625 0.009375
4 0.98828125 0.709375 0.0109375 0.01015625