5 0.23046875 0.68203125 0.06015625 0.0453125
5 0.29140625 0.675 0.05546875 0.0453125
4 0.090625 0.75625 0.01796875 0.02578125
4 0.11953125 0.73359375 0.01484375 0.01796875
2 0.0484375 0.83515625 0.02109375 0.034375
2 0.31328125 0.71484375 0.028125 0.02578125
2 0.39453125 0.68125 0.02421875 0.025
2 0.2296875 0.828125 0.03203125 0.03671875
2 0.3171875 0.7984375 0.0390625 0.03515625
2 0.31875 0.83046875 0.0296875 0.028125
4 0.34921875 0.79296875 0.01484375 0.01796875
2 0.38359375 0.93046875 0.0265625 0.03125
4 0.19453125 0.79609375 0.01875 0.02109375
4 0.15078125 0.9 0.01171875 0.03046875
4 0.16484375 0.94921875 0.0140625 0.0234375
2 0.43984375 0.69609375 0.025 0.021875
2 0.5265625 0.87109375 0.02578125 0.03203125
2 0.5484375 0.8015625 0.02421875 0.02890625
2 0.565625 0.84140625 0.02421875 0.03203125
2 0.53828125 0.834375 0.01953125 0.0359375
2 0.65859375 0.86484375 0.028125 0.0359375
0 0.596875 0.85625 0.0140625 0.02890625
4 0.52265625 0.72421875 0.01640625 0.021875
4 0.53125 0.6984375 0.0109375 0.01171875
2 0.49609375 0.5140625 0.01484375 0.04140625
2 0.52890625 0.46953125 0.01875 0.059375
4 0.53359375 0.5609375 0.00703125 0.03515625
4 0.48359375 0.478125 0.0109375 0.021875
4 0.475 0.41796875 0.01015625 0.01875
4 0.4859375 0.39453125 0.0109375 0.021875
0 0.4796875 0.328125 0.01171875 0.02578125
4 0.5265625 0.1125 0.015625 0.02578125
2 0.48828125 0.0234375 0.02109375 0.0453125
4 0.61171875 0.79375 0.0140625 0.0203125
4 0.6140625 0.7 0.01953125 0.01796875
2 0.8421875 0.7015625 0.03125 0.01640625
4 0.71796875 0.86640625 0.01171875 0.01640625
4 0.7765625 0.85546875 0.015625 0.01640625
2 0.825 0.8609375 0.028125 0.02890625
2 0.878125 0.87421875 0.021875 0.02421875
4 0.8875 0.853125 0.015625 0.01328125
4 0.8734375 0.896875 0.01484375 0.0109375
4 0.93671875 0.709375 0.0109375 0.01484375
4 0.846875 0.7234375 0.01015625 0.01015625
2 0.02265625 0.81328125 0.028125 0.02890625