2 0.01875 0.0421875 0.01796875 0.04375
4 0.03203125 0.01015625 0.00859375 0.01953125
4 0.00625 0.06328125 0.00703125 0.01953125
4 0.0234375 0.00859375 0.00703125 0.015625
2 0.09140625 0.028125 0.01640625 0.0484375
2 0.04375 0.1609375 0.01953125 0.0515625
2 0.0515625 0.19296875 0.01640625 0.04140625
2 0.040625 0.23984375 0.01796875 0.03984375
0 0.03125 0.2796875 0.0140625 0.025
4 0.0125 0.27578125 0.0109375 0.0203125
2 0.0078125 0.30703125 0.015625 0.04921875
3 0.071875 0.328125 0.02578125 0.0703125
2 0.15390625 0.26171875 0.021875 0.03984375
0 0.19609375 0.37421875 0.01875 0.01328125
2 0.26171875 0.3671875 0.0109375 0.009375
2 0.50078125 0.36953125 0.0234375 0.01953125
2 0.4984375 0.4 0.015625 0.0109375
3 0.8984375 0.40859375 0.025 0.02109375
2 0.778125 0.25625 0.02890625 0.02421875
2 0.76953125 0.17421875 0.02578125 0.025
2 0.828125 0.503125 0.0234375 0.0203125
0 0.68046875 0.55390625 0.01796875 0.01875
2 0.6390625 0.51796875 0.028125 0.02578125
6 0.4671875 0.58984375 0.0390625 0.02578125
2 0.1984375 0.534375 0.02421875 0.02109375
4 0.21796875 0.58125 0.01328125 0.01484375
2 0.153125 0.51015625 0.02421875 0.02109375
2 0.12578125 0.5140625 0.02421875 0.0234375
3 0.103125 0.51875 0.01796875 0.0140625
2 0.10390625 0.54140625 0.02109375 0.01796875
2 0.10859375 0.57109375 0.0265625 0.01796875
4 0.10390625 0.55625 0.01171875 0.01015625
4 0.115625 0.59921875 0.0140625 0.0140625
2 0.0734375 0.515625 0.0265625 0.02109375
2 0.04609375 0.52109375 0.025 0.0203125
4 0.03828125 0.50546875 0.01484375 0.01015625
4 0.0390625 0.53671875 0.0140625 0.01015625
2 0.0453125 0.55078125 0.028125 0.01875
2 0.07890625 0.54375 0.0265625 0.021875
4 0.09296875 0.55859375 0.01171875 0.00859375
0 0.078125 0.56328125 0.015625 0.01484375
4 0.065625 0.56015625 0.009375 0.009375
2 0.04609375 0.5703125 0.0234375 0.0203125
4 0.065625 0.56953125 0.01171875 0.00703125
4 0.06640625 0.57890625 0.01328125 0.0109375
4 0.0421875 0.58828125 0.01328125 0.0140625
4 0.05546875 0.58671875 0.01015625 0.01015625