0 0.46484375 0.66640625 0.0140625 0.021875
0 0.3890625 0.66796875 0.01171875 0.02578125
0 0.40546875 0.709375 0.0140625 0.025
0 0.4234375 0.65703125 0.01171875 0.028125
0 0.51328125 0.65703125 0.01484375 0.02421875
0 0.36171875 0.5734375 0.01171875 0.0265625
0 0.33125 0.5421875 0.01328125 0.03671875
0 0.628125 0.4578125 0.01484375 0.0265625
0 0.8140625 0.896875 0.01796875 0.028125
0 0.89453125 0.1765625 0.021875 0.0296875
2 0.59140625 0.278125 0.025 0.03359375
2 0.55078125 0.246875 0.02578125 0.03359375
2 0.69921875 0.77734375 0.0203125 0.034375
2 0.384375 0.4703125 0.0140625 0.04375
2 0.325 0.63046875 0.01640625 0.04453125
2 0.31953125 0.828125 0.01640625 0.04609375
2 0.32578125 0.91171875 0.01640625 0.03984375
2 0.4515625 0.528125 0.02109375 0.03984375
2 0.43828125 0.42890625 0.021875 0.03671875
2 0.23203125 0.18671875 0.0296875 0.04375
0 0.41796875 0.43046875 0.01640625 0.03203125
0 0.478125 0.5703125 0.01640625 0.02578125
0 0.21328125 0.1296875 0.01328125 0.0234375
4 0.75390625 0.90546875 0.01484375 0.02109375
4 0.64296875 0.79375 0.01328125 0.0203125
4 0.6390625 0.8296875 0.01328125 0.0203125
4 0.76328125 0.8265625 0.0109375 0.0234375
4 0.72578125 0.78046875 0.01328125 0.01796875
4 0.74375 0.925 0.01171875 0.021875
4 0.728125 0.86796875 0.0140625 0.01875
4 0.78203125 0.95546875 0.0140625 0.02109375
4 0.8046875 0.91796875 0.01171875 0.02109375
4 0.85078125 0.959375 0.01015625 0.0203125
4 0.809375 0.99140625 0.015625 0.01640625
4 0.77578125 0.97890625 0.01484375 0.01953125
2 0.7234375 0.96171875 0.02578125 0.025
4 0.70078125 0.7484375 0.01171875 0.01953125
4 0.67578125 0.690625 0.01015625 0.01796875
4 0.6515625 0.66875 0.0109375 0.01796875
4 0.63828125 0.6734375 0.0109375 0.01953125
4 0.7515625 0.7609375 0.01328125 0.0203125
4 0.603125 0.68671875 0.01171875 0.01875
4 0.6265625 0.63046875 0.01015625 0.0203125
4 0.5609375 0.6609375 0.01015625 0.02109375
4 0.58203125 0.66953125 0.01328125 0.021875
4 0.55703125 0.59375 0.0109375 0.01953125
4 0.546875 0.56015625 0.00859375 0.0234375
4 0.52890625 0.59921875 0.01328125 0.0140625
4 0.53671875 0.5015625 0.01015625 0.015625
4 0.5671875 0.48359375 0.0140625 0.01640625
4 0.5765625 0.453125 0.01328125 0.0203125
4 0.4859375 0.540625 0.01015625 0.01875
4 0.5234375 0.5265625 0.0109375 0.01640625
4 0.52421875 0.4875 0.01015625 0.01875
4 0.47109375 0.528125 0.00859375 0.0203125
4 0.43203125 0.48125 0.009375 0.01484375
4 0.40703125 0.47109375 0.009375 0.01875
4 0.41484375 0.48671875 0.00703125 0.01796875
4 0.42109375 0.45859375 0.00703125 0.01875
4 0.4296875 0.45859375 0.009375 0.0203125
4 0.42578125 0.48984375 0.009375 0.01484375
4 0.434375 0.49765625 0.009375 0.01640625
4 0.459375 0.48828125 0.009375 0.0140625
4 0.40078125 0.43203125 0.009375 0.021875
4 0.34609375 0.39921875 0.009375 0.02109375
4 0.36953125 0.39609375 0.01015625 0.02109375
4 0.37421875 0.3390625 0.009375 0.02421875
4 0.38203125 0.309375 0.0109375 0.021875
4 0.3921875 0.29140625 0.01171875 0.01796875
4 0.44140625 0.33046875 0.0140625 0.01875
4 0.459375 0.32265625 0.01484375 0.015625
4 0.36328125 0.25703125 0.01328125 0.01640625
4 0.3625 0.2359375 0.01328125 0.01796875
4 0.384375 0.25859375 0.009375 0.015625
4 0.3453125 0.20625 0.01171875 0.01875
4 0.32890625 0.2015625 0.01015625 0.015625
4 0.325 0.17734375 0.01328125 0.01640625
4 0.25703125 0.16875 0.009375 0.0203125
4 0.26796875 0.078125 0.01171875 0.0203125
4 0.190625 0.0734375 0.01171875 0.01953125
4 0.253125 0.0703125 0.01328125 0.0203125
3 0.25390625 0.22890625 0.01953125 0.0359375
3 0.1921875 0.20078125 0.021875 0.034375
6 0.19296875 0.24609375 0.0296875 0.05078125
4 0.23828125 0.89609375 0.01484375 0.021875
4 0.26328125 0.884375 0.00859375 0.0203125
4 0.265625 0.846875 0.009375 0.0234375
4 0.28125 0.984375 0.00859375 0.01953125
4 0.303125 0.7703125 0.01015625 0.021875
4 0.35859375 0.7453125 0.009375 0.01953125
4 0.3734375 0.74921875 0.01171875 0.0203125
4 0.37734375 0.7109375 0.01171875 0.01953125
4 0.36640625 0.7109375 0.009375 0.02109375
4 0.35390625 0.69609375 0.009375 0.01875
4 0.33046875 0.6875 0.01171875 0.01640625
4 0.32890625 0.6703125 0.01015625 0.015625
4 0.30546875 0.66328125 0.0109375 0.02421875
4 0.33828125 0.64609375 0.0109375 0.0203125
4 0.346875 0.646875 0.009375 0.0234375
4 0.34921875 0.61015625 0.01015625 0.0203125
4 0.37421875 0.62265625 0.009375 0.01796875
4 0.37109375 0.596875 0.01015625 0.0203125
4 0.37578125 0.56875 0.00859375 0.02109375
4 0.40703125 0.63515625 0.01328125 0.015625
4 0.41328125 0.6484375 0.0109375 0.01875
4 0.4234375 0.6328125 0.01484375 0.01328125
4 0.4421875 0.6265625 0.01171875 0.0140625
4 0.45078125 0.64375 0.01484375 0.01328125
4 0.43203125 0.6765625 0.01171875 0.015625
4 0.4984375 0.63671875 0.0140625 0.01484375
4 0.471875 0.6 0.01171875 0.01328125
4 0.471875 0.58515625 0.0140625 0.0109375
4 0.41015625 0.5765625 0.009375 0.0234375
4 0.38359375 0.5328125 0.00859375 0.02578125
4 0.37578125 0.53359375 0.00859375 0.02109375
4 0.36171875 0.52890625 0.01015625 0.0203125
4 0.36796875 0.49296875 0.009375 0.021875
4 0.365625 0.53671875 0.00625 0.021875
4 0.35546875 0.421875 0.00859375 0.02890625
4 0.540625 0.384375 0.01015625 0.021875
4 0.5859375 0.4125 0.0140625 0.01484375
4 0.60390625 0.41171875 0.01171875 0.01640625
4 0.64140625 0.40859375 0.01171875 0.01328125
4 0.64921875 0.37578125 0.01328125 0.015625
4 0.63359375 0.365625 0.01484375 0.01875
4 0.60078125 0.31640625 0.01171875 0.015625
4 0.60078125 0.3015625 0.01328125 0.01484375
4 0.58203125 0.321875 0.009375 0.01328125
4 0.56953125 0.31171875 0.01328125 0.01484375
4 0.55859375 0.2984375 0.0140625 0.01484375
4 0.55703125 0.340625 0.01171875 0.0140625
4 0.5609375 0.35546875 0.01328125 0.015625
4 0.54375 0.35234375 0.0109375 0.015625
4 0.54609375 0.32109375 0.0109375 0.01484375
4 0.53515625 0.3390625 0.01171875 0.0140625
4 0.53046875 0.37109375 0.01171875 0.01796875
0 0.5984375 0.3734375 0.01796875 0.02578125
4 0.95390625 0.27109375 0.01875 0.03046875
4 0.8734375 0.2265625 0.015625 0.02109375
4 0.934375 0.17890625 0.015625 0.0203125
4 0.95390625 0.15078125 0.01640625 0.01875
4 0.95546875 0.128125 0.01484375 0.01875
4 0.87734375 0.3953125 0.01484375 0.0203125
4 0.8984375 0.03828125 0.015625 0.0203125
4 0.7984375 0.05390625 0.015625 0.01875
4 0.6921875 0.18359375 0.01328125 0.01484375
4 0.69140625 0.19453125 0.0140625 0.01328125
4 0.74765625 0.10625 0.01171875 0.01875
4 0.63359375 0.21015625 0.01640625 0.01484375
4 0.68671875 0.2109375 0.01640625 0.0109375
4 0.49765625 0.48984375 0.01171875 0.021875
6 0.5640625 0.95078125 0.0359375 0.065625
3 0.2140625 0.24453125 0.0234375 0.04296875
3 0.234375 0.278125 0.02421875 0.0515625
4 0.43046875 0.50703125 0.009375 0.01328125
2 0.428724375 0.5416915671875 0.43680394843750003 0.5278643203125 0.421156171875 0.5002770937500001 0.41347988593749996 0.5115969828125 0.428724375 0.5416915671875
4 0.28828125 0.28203125 0.0109375 0.01875
2 0.40703125 0.1390625 0.021875 0.03359375
4 0.503125 0.30078125 0.01015625 0.0140625
1 0.48868374687499994 0.3335250765625 0.4979188703125 0.358007078125 0.5439202671875 0.3161707859375 0.535093625 0.2913338328125 0.48868374687499994 0.3335250765625
4 0.5046875 0.2703125 0.00859375 0.0140625
4 0.51953125 0.26015625 0.01015625 0.01328125
4 0.60390625 0.53046875 0.00859375 0.01015625
4 0.60078125 0.5359375 0.00859375 0.0140625
0 0.62109375 0.4890625 0.0203125 0.02109375
0 0.62890625 0.53984375 0.01484375 0.0265625
3 0.671875 0.57890625 0.01484375 0.021875
3 0.68671875 0.5859375 0.02421875 0.03984375
4 0.703125 0.61328125 0.00859375 0.01640625
3 0.728125 0.67578125 0.02109375 0.0390625
3 0.82578125 0.4484375 0.03203125 0.06015625
3 0.86796875 0.33671875 0.028125 0.05703125
3 0.8390625 0.3109375 0.03359375 0.03984375
3 0.81328125 0.33125 0.02421875 0.028125
3 0.7359375 0.38828125 0.02578125 0.03515625
3 0.671875 0.43515625 0.025 0.03359375
4 0.64921875 0.4578125 0.01171875 0.0140625
4 0.71171875 0.3890625 0.0140625 0.0140625
4 0.753125 0.37265625 0.00859375 0.0203125
2 0.759375 0.628125 0.025 0.03828125
3 0.80625 0.503125 0.015625 0.0265625
2 0.8484375 0.3875 0.021875 0.0453125
2 0.86796875 0.2875 0.02578125 0.03359375
3 0.66640625 0.5609375 0.01875 0.03125
3 0.71875 0.6484375 0.02421875 0.04609375
3 0.70625 0.634375 0.0234375 0.03515625
3 0.7 0.41640625 0.02890625 0.03828125
3 0.5234375 0.21640625 0.02578125 0.03046875
4 0.553125 0.20859375 0.00625 0.01796875
4 0.5515625 0.1875 0.00703125 0.01796875
4 0.55625 0.18203125 0.00703125 0.0203125
4 0.565625 0.19921875 0.00703125 0.01796875
4 0.59140625 0.19609375 0.00546875 0.01875
4 0.60546875 0.16953125 0.00703125 0.01953125
4 0.5984375 0.17578125 0.00546875 0.01640625
4 0.59296875 0.171875 0.0046875 0.01875
4 0.5859375 0.184375 0.0046875 0.015625
4 0.58828125 0.178125 0.00546875 0.0140625
4 0.61171875 0.15390625 0.00546875 0.01796875
4 0.63359375 0.14140625 0.00703125 0.01875
4 0.61171875 0.13046875 0.00859375 0.02109375
4 0.65078125 0.12734375 0.00703125 0.01796875
4 0.65703125 0.12421875 0.00625 0.01796875
4 0.66328125 0.1234375 0.00546875 0.01796875
4 0.66875 0.1234375 0.00625 0.01640625
4 0.68046875 0.13046875 0.01015625 0.01484375
2 0.66171875 0.15078125 0.0234375 0.02578125
2 0.62421875 0.15625 0.015625 0.04140625
4 0.684375 0.109375 0.00625 0.01484375
4 0.690625 0.10703125 0.0046875 0.015625
4 0.69453125 0.10390625 0.00625 0.01953125
4 0.78671875 0.0234375 0.00703125 0.01640625
4 0.7796875 0.0265625 0.00703125 0.01953125
4 0.828125 0.6015625 0.01015625 0.01171875
4 0.81328125 0.484375 0.01015625 0.01484375
4 0.79609375 0.52109375 0.009375 0.0109375
4 0.79453125 0.5296875 0.01015625 0.00703125
4 0.79296875 0.53515625 0.009375 0.00703125
4 0.790625 0.54453125 0.01171875 0.01328125
4 0.7859375 0.553125 0.00859375 0.0109375
4 0.7796875 0.56328125 0.01015625 0.01015625
4 0.7765625 0.57109375 0.01171875 0.01015625
4 0.77421875 0.57890625 0.0109375 0.0109375
4 0.81796875 0.634375 0.009375 0.01171875
4 0.809375 0.64921875 0.00703125 0.015625
4 0.80625 0.6578125 0.00859375 0.01171875
4 0.7734375 0.76953125 0.009375 0.01015625
4 0.77421875 0.74453125 0.01015625 0.0109375
4 0.7796875 0.7359375 0.009375 0.0109375
4 0.78828125 0.70625 0.009375 0.00703125
4 0.78203125 0.72578125 0.01015625 0.00859375
4 0.78515625 0.71875 0.0109375 0.009375
4 0.87109375 0.453125 0.009375 0.01796875
4 0.83671875 0.41015625 0.0109375 0.0140625
4 0.884375 0.4390625 0.00546875 0.01796875
4 0.8953125 0.42578125 0.01015625 0.01171875
4 0.8921875 0.434375 0.009375 0.0109375
4 0.86875 0.47109375 0.00859375 0.01484375
4 0.86796875 0.48828125 0.01328125 0.009375
4 0.80234375 0.67109375 0.00859375 0.00859375
4 0.7984375 0.6828125 0.00859375 0.01796875
4 0.70625 0.97265625 0.0109375 0.01484375
4 0.60390625 0.83984375 0.00546875 0.01484375
4 0.5984375 0.8359375 0.00546875 0.01484375
4 0.43046875 0.68828125 0.0109375 0.0109375
4 0.30859375 0.58515625 0.00625 0.01796875
3 0.27890625 0.67109375 0.01640625 0.03046875
4 0.22421875 0.83359375 0.01015625 0.01171875
4 0.228125 0.81953125 0.01171875 0.01171875
4 0.234375 0.80078125 0.01015625 0.01171875
4 0.24375 0.76875 0.009375 0.0109375
4 0.23515625 0.790625 0.01015625 0.009375
4 0.24296875 0.23515625 0.00625 0.01796875
4 0.2359375 0.23671875 0.00859375 0.01328125
4 0.34375 0.03671875 0.00859375 0.015625
4 0.3546875 0.04609375 0.009375 0.01796875
4 0.36328125 0.05703125 0.00703125 0.01640625
4 0.378125 0.0765625 0.00859375 0.015625
4 0.34609375 0.06640625 0.01015625 0.01953125
4 0.3328125 0.05625 0.00546875 0.01484375
4 0.32578125 0.065625 0.009375 0.0109375
4 0.33203125 0.0765625 0.00703125 0.01484375
4 0.3140625 0.084375 0.01015625 0.01796875
4 0.38515625 0.11328125 0.00703125 0.015625
4 0.38125 0.09921875 0.00703125 0.01484375
4 0.37890625 0.115625 0.00703125 0.01640625
4 0.38046875 0.13828125 0.00703125 0.0203125
4 0.36953125 0.1125 0.00703125 0.01875
4 0.36171875 0.11328125 0.00625 0.0140625
4 0.3640625 0.09375 0.00703125 0.01484375
4 0.3609375 0.08359375 0.00703125 0.015625
4 0.3515625 0.09140625 0.009375 0.0140625
4 0.34140625 0.10078125 0.00625 0.01875
4 0.346875 0.10625 0.00625 0.015625
4 0.340625 0.12109375 0.00859375 0.01484375
4 0.34375 0.13203125 0.00703125 0.015625
4 0.34921875 0.13515625 0.00703125 0.015625
4 0.31953125 0.09375 0.00859375 0.01875
4 0.32578125 0.09609375 0.00703125 0.01640625
4 0.33671875 0.0640625 0.00859375 0.01796875
4 0.35625 0.15234375 0.009375 0.0140625
4 0.35703125 0.13203125 0.00859375 0.015625
6 0.078125 0.0265625 0.03984375 0.05078125
4 0.1171875 0.11484375 0.009375 0.02109375
4 0.14375 0.17109375 0.00859375 0.015625
4 0.1484375 0.18046875 0.00703125 0.01875
3 0.365625 0.825 0.01171875 0.03125
3 0.51953125 0.7046875 0.028125 0.0359375
4 0.50546875 0.7140625 0.01015625 0.01875
4 0.409375 0.259375 0.00703125 0.01953125
4 0.390625 0.18671875 0.009375 0.015625
4 0.41484375 0.2734375 0.009375 0.01640625
4 0.4390625 0.2875 0.00703125 0.01953125
4 0.446875 0.30859375 0.00703125 0.01875
4 0.4515625 0.29453125 0.00703125 0.02421875
4 0.484375 0.2609375 0.009375 0.01875