2 0.04296875 0.95703125 0.02109375 0.0265625
2 0.08671875 0.89609375 0.02109375 0.0296875
2 0.0953125 0.86875 0.0203125 0.021875
2 0.1390625 0.8484375 0.01796875 0.02890625
2 0.16796875 0.803125 0.0203125 0.02890625
2 0.215625 0.91796875 0.0203125 0.0359375
2 0.20859375 0.971875 0.01875 0.03671875
2 0.2328125 0.9484375 0.015625 0.03359375
2 0.3265625 0.94375 0.01875 0.03359375
2 0.325 0.82109375 0.01796875 0.034375
2 0.23828125 0.68203125 0.02109375 0.03828125
2 0.25078125 0.71484375 0.01796875 0.0265625
2 0.2984375 0.62421875 0.021875 0.03125
2 0.31796875 0.60390625 0.01875 0.03203125
2 0.34140625 0.590625 0.01640625 0.0265625
2 0.3484375 0.7625 0.03125 0.03046875
2 0.37109375 0.9515625 0.02109375 0.03515625
2 0.45703125 0.671875 0.0265625 0.028125
2 0.4296875 0.52421875 0.025 0.04296875
2 0.415625 0.4890625 0.01640625 0.03359375
2 0.40078125 0.5015625 0.01953125 0.04140625
2 0.453125 0.44453125 0.02109375 0.0359375
2 0.36484375 0.3703125 0.01484375 0.03671875
2 0.38046875 0.36796875 0.01875 0.03203125
2 0.35859375 0.31328125 0.01484375 0.0296875
2 0.328125 0.31171875 0.01640625 0.03203125
2 0.31875 0.24296875 0.0140625 0.03984375
2 0.309375 0.19609375 0.01953125 0.03515625
2 0.28125 0.14296875 0.01796875 0.034375
2 0.2703125 0.09921875 0.01796875 0.03515625
2 0.27421875 0.165625 0.01796875 0.0234375
2 0.253125 0.12890625 0.01875 0.034375
2 0.23515625 0.04296875 0.0203125 0.03359375
2 0.32265625 0.009375 0.01328125 0.01875
2 0.32421875 0.06796875 0.01875 0.034375
2 0.33203125 0.05546875 0.01640625 0.03359375
2 0.3390625 0.08828125 0.01875 0.03203125
2 0.34921875 0.11484375 0.01640625 0.03203125
2 0.365625 0.0875 0.0140625 0.03203125
2 0.3625 0.11640625 0.02109375 0.0203125
2 0.3609375 0.14375 0.0203125 0.03203125
2 0.38671875 0.18984375 0.01640625 0.03515625
2 0.41015625 0.20703125 0.01640625 0.034375
2 0.421875 0.23828125 0.01796875 0.02578125
2 0.43671875 0.27265625 0.0140625 0.0265625
2 0.42890625 0.28828125 0.01875 0.03359375
2 0.58203125 0.190625 0.01484375 0.03515625
2 0.58828125 0.0484375 0.02890625 0.03359375
2 0.5546875 0.04453125 0.01171875 0.034375
2 0.565625 0.128125 0.01640625 0.040625
2 0.55390625 0.21171875 0.01875 0.034375
2 0.6390625 0.3015625 0.0234375 0.0265625
2 0.68203125 0.29296875 0.02421875 0.02578125
2 0.79453125 0.15859375 0.01328125 0.03515625
2 0.82109375 0.13359375 0.01328125 0.03828125
2 0.846875 0.09453125 0.01875 0.03046875
2 0.903125 0.08046875 0.01796875 0.03671875
2 0.94609375 0.19609375 0.01640625 0.03125
2 0.93671875 0.20234375 0.02421875 0.034375
2 0.92578125 0.21953125 0.0203125 0.02890625
2 0.828125 0.23125 0.0234375 0.03046875
2 0.809375 0.25078125 0.01875 0.03359375
2 0.78359375 0.26328125 0.01484375 0.021875
2 0.7921875 0.27109375 0.02421875 0.01953125
2 0.790625 0.29609375 0.01640625 0.03125
2 0.821875 0.33125 0.01875 0.0296875
2 0.76953125 0.27578125 0.01328125 0.0234375
2 0.75078125 0.30625 0.015625 0.025
2 0.7359375 0.3171875 0.01796875 0.025
2 0.753125 0.3234375 0.01796875 0.028125
2 0.7359375 0.33671875 0.021875 0.021875
2 0.71171875 0.34609375 0.01640625 0.01875
2 0.71796875 0.36015625 0.01875 0.021875
2 0.69921875 0.38828125 0.01171875 0.0234375
2 0.68125 0.41015625 0.02109375 0.0265625
2 0.63359375 0.57578125 0.01640625 0.03984375
2 0.865625 0.7359375 0.01875 0.03984375
2 0.87890625 0.75234375 0.01328125 0.04375
2 0.90546875 0.76328125 0.0140625 0.03515625
2 0.94140625 0.80859375 0.02109375 0.034375
2 0.9453125 0.83203125 0.0203125 0.03203125
2 0.95859375 0.84765625 0.021875 0.02890625
2 0.9765625 0.89375 0.01875 0.0234375
2 0.696875 0.75625 0.025 0.02578125
2 0.54375 0.75234375 0.01875 0.034375
4 0.06796875 0.9609375 0.01015625 0.015625
4 0.10078125 0.90234375 0.01015625 0.01796875
4 0.0546875 0.859375 0.00859375 0.01171875
4 0.06015625 0.871875 0.00859375 0.009375
4 0.0734375 0.87734375 0.00703125 0.01171875
4 0.06875 0.86171875 0.00703125 0.01015625
4 0.08125 0.846875 0.0046875 0.01015625
4 0.084375 0.84140625 0.00546875 0.015625
4 0.09140625 0.8359375 0.00625 0.015625
4 0.0984375 0.84140625 0.00703125 0.01484375
4 0.12109375 0.88671875 0.01328125 0.0140625
4 0.11796875 0.8453125 0.01015625 0.01484375
4 0.10703125 0.825 0.00703125 0.01171875
4 0.1109375 0.81796875 0.009375 0.01328125
4 0.2078125 0.76796875 0.00859375 0.015625
4 0.2734375 0.66796875 0.00546875 0.009375
4 0.259375 0.659375 0.00625 0.00703125
4 0.32890625 0.590625 0.0046875 0.00703125
4 0.33515625 0.5875 0.0046875 0.0109375
4 0.334375 0.57734375 0.00625 0.01015625
4 0.328125 0.58203125 0.00546875 0.01171875
4 0.32578125 0.5640625 0.00859375 0.01640625
4 0.3328125 0.5609375 0.00546875 0.00859375
4 0.33359375 0.56953125 0.00625 0.0046875
4 0.38515625 0.52421875 0.00859375 0.0109375
4 0.3828125 0.503125 0.00859375 0.01015625
4 0.37578125 0.49296875 0.00703125 0.01171875
4 0.37578125 0.50390625 0.00703125 0.01015625
4 0.384375 0.4875 0.00859375 0.00703125
4 0.38515625 0.4796875 0.00859375 0.009375
4 0.359375 0.440625 0.00703125 0.00546875
4 0.35625 0.37890625 0.00625 0.015625
4 0.3484375 0.3359375 0.00625 0.0140625
4 0.25625 0.103125 0.00703125 0.01328125
4 0.253125 0.06640625 0.00859375 0.015625
4 0.3203125 0.04375 0.00703125 0.01640625
4 0.34921875 0.06171875 0.0109375 0.0109375
4 0.3578125 0.04296875 0.00703125 0.015625
4 0.36953125 0.07265625 0.0046875 0.01171875
4 0.353125 0.10078125 0.00625 0.01484375
4 0.39140625 0.13359375 0.0046875 0.00859375
4 0.39296875 0.11875 0.00703125 0.00703125
4 0.3984375 0.12890625 0.00625 0.0109375
4 0.403125 0.13828125 0.00703125 0.00859375
4 0.40625 0.153125 0.00390625 0.0109375
4 0.40703125 0.1265625 0.00703125 0.0109375
4 0.41171875 0.1640625 0.0046875 0.00703125
4 0.41484375 0.146875 0.0046875 0.0140625
4 0.41796875 0.14921875 0.00703125 0.01328125
4 0.421875 0.165625 0.0046875 0.0140625
4 0.428125 0.171875 0.00625 0.01171875
4 0.43359375 0.17890625 0.00625 0.01484375
4 0.41796875 0.21328125 0.00859375 0.015625
4 0.4265625 0.21640625 0.00390625 0.009375
4 0.434375 0.20234375 0.00703125 0.01484375
4 0.41484375 0.246875 0.00703125 0.0109375
4 0.43203125 0.2390625 0.0046875 0.0109375
4 0.43828125 0.25078125 0.0046875 0.01171875
4 0.44375 0.26171875 0.0046875 0.01015625
4 0.4421875 0.27109375 0.00625 0.015625
4 0.5109375 0.31640625 0.0109375 0.009375
4 0.66640625 0.3203125 0.009375 0.01015625
4 0.75 0.234375 0.01171875 0.01484375
4 0.8140625 0.1671875 0.009375 0.01484375
4 0.8109375 0.1484375 0.00859375 0.01484375
4 0.8859375 0.07890625 0.01171875 0.0109375
4 0.85703125 0.20390625 0.01015625 0.01484375
4 0.85703125 0.2234375 0.01015625 0.01484375
4 0.78125 0.28828125 0.009375 0.01328125
4 0.75703125 0.3265625 0.00625 0.01015625
4 0.746875 0.33515625 0.009375 0.00859375
4 0.740625 0.34375 0.00859375 0.01015625
4 0.734375 0.35078125 0.00703125 0.00625
4 0.734375 0.3609375 0.00859375 0.01015625
4 0.728125 0.359375 0.00703125 0.01015625
4 0.71875 0.371875 0.00859375 0.00625
4 0.7078125 0.384375 0.009375 0.01015625
4 0.65859375 0.41640625 0.00546875 0.01015625
4 0.67109375 0.446875 0.01015625 0.015625
4 0.80078125 0.70546875 0.0140625 0.01640625
4 0.81640625 0.70390625 0.00546875 0.01171875
4 0.8203125 0.709375 0.0046875 0.015625
4 0.83046875 0.72109375 0.003125 0.01171875
4 0.8390625 0.74140625 0.01015625 0.01328125
4 0.8484375 0.734375 0.003125 0.01171875
4 0.853125 0.7390625 0.0046875 0.01328125
4 0.9078125 0.78359375 0.00546875 0.0140625
4 0.92109375 0.80859375 0.00859375 0.0140625
4 0.975 0.8625 0.00859375 0.00859375
4 0.9734375 0.85234375 0.009375 0.00859375
4 0.978125 0.8375 0.01015625 0.009375
4 0.98359375 0.88125 0.00859375 0.0140625
4 0.990625 0.89375 0.00703125 0.0140625
4 0.6828125 0.76640625 0.00859375 0.00859375
4 0.571875 0.73828125 0.009375 0.0203125
4 0.55078125 0.72109375 0.01171875 0.0234375
4 0.53828125 0.7359375 0.00703125 0.015625
4 0.496875 0.63984375 0.01328125 0.01328125
4 0.43671875 0.6234375 0.01171875 0.02421875
4 0.43984375 0.70390625 0.009375 0.0140625
4 0.53203125 0.63359375 0.00859375 0.01640625
4 0.54296875 0.63125 0.00859375 0.01484375
4 0.55234375 0.63125 0.00859375 0.01953125
4 0.56171875 0.6234375 0.01015625 0.01796875
4 0.6 0.59375 0.01171875 0.01484375
4 0.5875 0.5640625 0.01171875 0.021875
4 0.6046875 0.54140625 0.00859375 0.01640625
4 0.6234375 0.55390625 0.01015625 0.0203125
4 0.36171875 0.7921875 0.0109375 0.0140625
0 0.253125 0.68828125 0.015625 0.025
0 0.29140625 0.61796875 0.0140625 0.02578125
0 0.396875 0.4203125 0.01640625 0.03125
0 0.3578125 0.43046875 0.0140625 0.015625
0 0.3484375 0.31796875 0.01171875 0.02578125
0 0.3390625 0.28671875 0.01171875 0.02421875
0 0.421875 0.2640625 0.009375 0.01953125
0 0.434375 0.2515625 0.0109375 0.01875
0 0.3984375 0.1890625 0.0109375 0.025
0 0.3765625 0.16875 0.01171875 0.021875
0 0.34453125 0.06953125 0.009375 0.0234375
0 0.603125 0.28359375 0.01640625 0.01953125
0 0.6953125 0.2765625 0.01796875 0.0265625
0 0.70703125 0.2609375 0.01796875 0.0265625
0 0.671875 0.43359375 0.01484375 0.021875
0 0.98125 0.0390625 0.015625 0.0296875
0 0.7546875 0.64296875 0.01953125 0.03046875
0 0.87109375 0.75703125 0.0140625 0.0203125
0 0.8953125 0.76171875 0.01171875 0.025
3 0.3390625 0.03515625 0.021875 0.04375
3 0.334375 0.25078125 0.01640625 0.04296875
3 0.40390625 0.21796875 0.01953125 0.03671875
3 0.353125 0.0890625 0.015625 0.025
1 0.31328125 0.63046875 0.0453125 0.06875
1 0.36953125 0.69375 0.04296875 0.04140625
1 0.3296875 0.71640625 0.046875 0.040625
1 0.38671875 0.4390625 0.02578125 0.07109375
1 0.38671875 0.1515625 0.03671875 0.05859375
1 0.684375 0.384375 0.05078125 0.05703125