0 0.9421875 0.0734375 0.01328125 0.0203125
2 0.75703125 0.11796875 0.01640625 0.028125
4 0.8125 0.1484375 0.00703125 0.00859375
4 0.7421875 0.2109375 0.00625 0.009375
0 0.8640625 0.19453125 0.01015625 0.01875
2 0.5375 0.06640625 0.01328125 0.025
2 0.5265625 0.0578125 0.01328125 0.0234375
2 0.45859375 0.14140625 0.01171875 0.0234375
2 0.44140625 0.246875 0.00625 0.02578125
2 0.43828125 0.346875 0.009375 0.0265625
2 0.22421875 0.01328125 0.01328125 0.0234375
2 0.29296875 0.03359375 0.01328125 0.0203125
2 0.28828125 0.059375 0.01171875 0.021875
2 0.27421875 0.09453125 0.01171875 0.02421875
2 0.25390625 0.084375 0.0140625 0.025
2 0.2984375 0.08125 0.01171875 0.0203125
2 0.31171875 0.065625 0.01328125 0.02109375
2 0.32578125 0.1078125 0.01328125 0.025
2 0.3234375 0.12421875 0.01328125 0.02421875
2 0.3203125 0.14140625 0.0140625 0.025
2 0.33671875 0.13359375 0.01171875 0.0234375
2 0.33671875 0.15390625 0.01171875 0.021875
2 0.353125 0.15546875 0.01484375 0.02890625
2 0.3640625 0.18125 0.01171875 0.021875
2 0.38359375 0.1609375 0.01171875 0.02109375
2 0.35859375 0.18828125 0.01171875 0.02109375
2 0.34765625 0.18828125 0.01484375 0.02421875
2 0.378125 0.215625 0.0140625 0.02578125
2 0.3734375 0.2375 0.01640625 0.0296875
2 0.39453125 0.2484375 0.01484375 0.028125
2 0.3859375 0.26875 0.01328125 0.025
2 0.359375 0.2609375 0.0140625 0.02421875
2 0.38671875 0.315625 0.0140625 0.02421875
2 0.40546875 0.296875 0.01171875 0.0234375
2 0.37109375 0.325 0.01328125 0.025
2 0.3984375 0.38671875 0.0140625 0.02578125
2 0.38203125 0.36953125 0.0109375 0.028125
2 0.33125 0.43359375 0.01484375 0.02421875
2 0.2734375 0.51015625 0.01484375 0.02421875
2 0.2515625 0.51171875 0.0140625 0.02421875
2 0.22421875 0.596875 0.0140625 0.025
2 0.23046875 0.7046875 0.01484375 0.0265625
2 0.07578125 0.7984375 0.015625 0.02578125
2 0.03984375 0.965625 0.01640625 0.021875
2 0.0265625 0.96875 0.015625 0.02578125
2 0.3046875 0.97109375 0.009375 0.02890625
2 0.365625 0.54609375 0.0140625 0.02421875
2 0.36171875 0.57109375 0.0140625 0.0234375
2 0.37421875 0.5734375 0.0140625 0.02421875
2 0.44296875 0.5515625 0.01484375 0.02421875
2 0.428125 0.42421875 0.0109375 0.02421875
2 0.52890625 0.603125 0.01328125 0.02109375
2 0.521875 0.6265625 0.0140625 0.02421875
2 0.5515625 0.66484375 0.0140625 0.0234375
2 0.571875 0.68046875 0.01171875 0.01953125
2 0.61328125 0.7515625 0.01328125 0.02109375
2 0.690625 0.33046875 0.015625 0.02421875
2 0.69296875 0.34765625 0.01328125 0.02109375
2 0.67421875 0.35703125 0.01484375 0.0234375
2 0.67265625 0.3796875 0.0140625 0.021875
2 0.659375 0.37734375 0.01328125 0.0203125
2 0.65703125 0.40390625 0.015625 0.025
2 0.6421875 0.40625 0.0140625 0.021875
2 0.64453125 0.4328125 0.01484375 0.021875
2 0.621875 0.44140625 0.01484375 0.0234375
2 0.62578125 0.4578125 0.01640625 0.025
2 0.60859375 0.46796875 0.01640625 0.025
2 0.621875 0.48359375 0.015625 0.02578125
2 0.60546875 0.49453125 0.01484375 0.025
2 0.58828125 0.4953125 0.01484375 0.021875
2 0.5921875 0.51953125 0.0140625 0.02109375
0 0.246875 0.83203125 0.01015625 0.01796875
0 0.2953125 0.05625 0.00859375 0.01484375
0 0.3046875 0.0703125 0.00859375 0.0140625
0 0.2765625 0.13125 0.00625 0.01328125
0 0.2796875 0.18125 0.009375 0.015625
0 0.30078125 0.18203125 0.009375 0.01796875
0 0.35859375 0.21796875 0.00859375 0.01796875
3 0.26796875 0.015625 0.0203125 0.02890625
6 0.7546875 0.25859375 0.02578125 0.0453125
5 0.41640625 0.153125 0.021875 0.0390625
5 0.36015625 0.12890625 0.02421875 0.04453125
0 0.3046875 0.24140625 0.00859375 0.015625
0 0.31875 0.26171875 0.00703125 0.01796875
0 0.3984375 0.18671875 0.00859375 0.0140625
0 0.40078125 0.23984375 0.00625 0.01484375
0 0.365625 0.2109375 0.00703125 0.01328125
0 0.70078125 0.37109375 0.01015625 0.01796875
0 0.6859375 0.384375 0.009375 0.01640625
0 0.634375 0.4640625 0.009375 0.0140625
0 0.6203125 0.509375 0.009375 0.01171875
0 0.59453125 0.53203125 0.00859375 0.0140625
0 0.60859375 0.590625 0.00546875 0.01484375
0 0.42578125 0.83671875 0.00859375 0.015625
0 0.43828125 0.6890625 0.009375 0.01640625
4 0.1296875 0.94609375 0.00625 0.0109375
4 0.16171875 0.9859375 0.00625 0.01328125
4 0.15 0.9265625 0.00859375 0.0109375
4 0.20078125 0.8265625 0.00625 0.009375
4 0.36328125 0.64140625 0.00703125 0.01015625
4 0.38359375 0.621875 0.0046875 0.01015625
4 0.38828125 0.59296875 0.00546875 0.00859375
4 0.36875 0.59296875 0.00546875 0.00859375
4 0.3859375 0.56484375 0.00546875 0.01015625
4 0.396875 0.5359375 0.00546875 0.01015625
4 0.40546875 0.53125 0.00546875 0.01015625
4 0.38359375 0.79375 0.0046875 0.00703125
4 0.41640625 0.73984375 0.00625 0.0109375
4 0.41484375 0.43984375 0.0046875 0.01015625
4 0.428125 0.45625 0.0046875 0.009375
2 0.44453125 0.465625 0.00859375 0.01484375
4 0.35546875 0.33984375 0.00546875 0.00859375
4 0.3609375 0.2796875 0.00625 0.01015625
4 0.2234375 0.028125 0.00546875 0.0109375
4 0.309375 0.04453125 0.0046875 0.009375
4 0.31171875 0.12578125 0.00625 0.01015625
4 0.38125 0.19140625 0.0046875 0.009375
4 0.44609375 0.178125 0.0046875 0.0109375
4 0.3671875 0.2015625 0.0046875 0.009375
4 0.38515625 0.215625 0.0046875 0.009375
4 0.39140625 0.22890625 0.00546875 0.009375
4 0.37421875 0.2578125 0.00546875 0.0109375
4 0.38046875 0.271875 0.0046875 0.009375
4 0.38515625 0.2828125 0.00625 0.0109375
4 0.4046875 0.2578125 0.0046875 0.01015625
4 0.415625 0.27109375 0.0046875 0.01015625
4 0.409375 0.26640625 0.00546875 0.01015625
4 0.41328125 0.27734375 0.00546875 0.0109375
4 0.4078125 0.27578125 0.0046875 0.00703125
4 0.41171875 0.2859375 0.0046875 0.009375
4 0.41171875 0.2921875 0.0046875 0.01015625
4 0.40625 0.28125 0.0046875 0.00546875
4 0.39609375 0.290625 0.0046875 0.01015625
4 0.39921875 0.30390625 0.00390625 0.01015625
4 0.3859375 0.33359375 0.00546875 0.009375
4 0.39296875 0.35078125 0.0046875 0.01015625
4 0.403125 0.3640625 0.0046875 0.00859375
4 0.60859375 0.51328125 0.00546875 0.009375
4 0.6015625 0.51875 0.00546875 0.009375
4 0.59609375 0.49609375 0.0046875 0.00703125
4 0.5890625 0.50625 0.00546875 0.00703125
4 0.584375 0.515625 0.0046875 0.00703125
4 0.6734375 0.7390625 0.00546875 0.01015625
4 0.75625 0.92109375 0.00546875 0.01015625
4 0.71328125 0.940625 0.00625 0.0109375
4 0.45390625 0.4890625 0.00546875 0.009375