0 0.42109375 0.8359375 0.0140625 0.03515625
0 0.4265625 0.96171875 0.0203125 0.04453125
4 0.48046875 0.93984375 0.01015625 0.0296875
4 0.309375 0.8 0.01875 0.03046875
0 0.3078125 0.86640625 0.01640625 0.040625
2 0.10859375 0.66171875 0.02890625 0.0359375
4 0.009375 0.5515625 0.01640625 0.02578125
4 0.04296875 0.565625 0.015625 0.01953125
4 0.0421875 0.58671875 0.01796875 0.01640625
4 0.0640625 0.5890625 0.01484375 0.02109375
4 0.1046875 0.59140625 0.0140625 0.0203125
4 0.1265625 0.60546875 0.015625 0.01484375
2 0.13671875 0.58671875 0.028125 0.03125
2 0.209375 0.6140625 0.03046875 0.02890625
4 0.18203125 0.6484375 0.015625 0.0234375
4 0.20703125 0.64296875 0.01484375 0.0234375
4 0.18984375 0.634375 0.01171875 0.01875
4 0.22109375 0.63515625 0.0140625 0.01640625
4 0.06953125 0.51484375 0.01640625 0.01875
4 0.13671875 0.4421875 0.01484375 0.01953125
4 0.16484375 0.43671875 0.01640625 0.01640625
0 0.203125 0.53515625 0.0265625 0.025
4 0.2578125 0.46328125 0.01171875 0.02109375
4 0.284375 0.4609375 0.01171875 0.01328125
2 0.34609375 0.6296875 0.02890625 0.0234375
2 0.3828125 0.628125 0.03359375 0.0265625
4 0.3640625 0.671875 0.0140625 0.01953125
4 0.3984375 0.678125 0.015625 0.021875
4 0.378125 0.653125 0.01875 0.01953125
2 0.43671875 0.609375 0.0265625 0.0296875
4 0.484375 0.64375 0.01875 0.025
2 0.49375 0.60390625 0.03359375 0.03203125
2 0.53671875 0.60390625 0.02578125 0.028125
4 0.51171875 0.78359375 0.0140625 0.028125
4 0.50859375 0.75546875 0.01328125 0.0296875
4 0.52734375 0.7125 0.01328125 0.0296875
4 0.54921875 0.66875 0.01171875 0.02578125
4 0.5453125 0.69921875 0.01328125 0.01640625
2 0.571875 0.59296875 0.0265625 0.02109375
1 0.5265625 0.54375 0.0796875 0.0453125
0 0.67421875 0.45625 0.01875 0.03046875
2 0.78125 0.4546875 0.0359375 0.0359375
4 0.85546875 0.47890625 0.01875 0.0296875
4 0.76328125 0.50546875 0.021875 0.01875
2 0.7734375 0.53671875 0.0296875 0.02890625
2 0.7578125 0.60234375 0.0359375 0.02890625
2 0.83984375 0.590625 0.03515625 0.03046875
4 0.859375 0.61640625 0.0203125 0.0140625
0 0.82890625 0.68046875 0.01640625 0.03515625
0 0.8515625 0.67421875 0.01328125 0.0296875
4 0.84296875 0.6921875 0.00859375 0.03203125
2 0.753125 0.8859375 0.03515625 0.03359375
2 0.77890625 0.746875 0.02421875 0.05859375
4 0.78828125 0.6890625 0.0140625 0.01796875
4 0.78203125 0.70859375 0.01796875 0.0109375
4 0.746875 0.66171875 0.0234375 0.01796875
4 0.746875 0.67421875 0.01796875 0.0140625
4 0.58515625 0.53125 0.015625 0.02890625
2 0.5890625 0.56796875 0.02421875 0.02578125
0 0.609375 0.53125 0.01953125 0.02578125
4 0.6125 0.50859375 0.01484375 0.01875
0 0.640625 0.515625 0.02578125 0.02421875
4 0.65546875 0.49921875 0.015625 0.0140625
4 0.63203125 0.56171875 0.01796875 0.0203125
2 0.6625 0.5734375 0.02890625 0.01953125
4 0.65546875 0.53125 0.01328125 0.015625
4 0.66875 0.534375 0.0140625 0.01640625
4 0.671875 0.55390625 0.01484375 0.015625
4 0.69296875 0.565625 0.015625 0.02109375
4 0.79375 0.62890625 0.0140625 0.0234375
2 0.72421875 0.56796875 0.02578125 0.02578125
4 0.721875 0.603125 0.0140625 0.01640625
4 0.71953125 0.5828125 0.01640625 0.0140625
4 0.7515625 0.5609375 0.0109375 0.01171875
4 0.75546875 0.571875 0.01328125 0.01328125
4 0.75703125 0.58125 0.02109375 0.01015625
0 0.55703125 0.6265625 0.025 0.01875
4 0.56171875 0.64609375 0.01640625 0.0140625
4 0.59921875 0.59765625 0.01640625 0.01953125
4 0.6234375 0.596875 0.01328125 0.0203125
4 0.646875 0.59921875 0.01015625 0.01640625
4 0.63984375 0.61328125 0.01171875 0.01640625
4 0.61875 0.621875 0.0140625 0.01796875
4 0.60078125 0.6265625 0.01484375 0.01796875
4 0.596875 0.6515625 0.00859375 0.025
4 0.60703125 0.65 0.00859375 0.0234375
4 0.65859375 0.61328125 0.01328125 0.01328125
4 0.67265625 0.6 0.01328125 0.0140625
4 0.6859375 0.60703125 0.01171875 0.015625
0 0.69609375 0.5953125 0.021875 0.01875
4 0.70546875 0.6109375 0.01171875 0.015625
4 0.8 0.41171875 0.00859375 0.028125
4 0.8078125 0.409375 0.00703125 0.03125
4 0.8296875 0.353125 0.00703125 0.02890625
4 0.81640625 0.3546875 0.01015625 0.02421875
4 0.80703125 0.34609375 0.00859375 0.025
4 0.85625 0.4078125 0.01015625 0.0265625
4 0.83671875 0.36640625 0.00859375 0.0234375
4 0.85859375 0.35078125 0.009375 0.02109375
4 0.875 0.34296875 0.01015625 0.0265625
4 0.87890625 0.40859375 0.009375 0.0265625
4 0.89296875 0.40625 0.00859375 0.02421875
4 0.921875 0.40390625 0.01015625 0.0265625
4 0.96171875 0.35078125 0.01171875 0.028125
4 0.90625 0.36328125 0.00859375 0.0265625
4 0.95390625 0.39921875 0.0140625 0.021875
4 0.93515625 0.3421875 0.01484375 0.025
2 0.50546875 0.34453125 0.02578125 0.0546875
4 0.53359375 0.34140625 0.01484375 0.0203125
4 0.4484375 0.34453125 0.01171875 0.01875
4 0.50390625 0.25625 0.01171875 0.025
4 0.49453125 0.21328125 0.01484375 0.03125
4 0.36953125 0.40390625 0.0140625 0.01640625
4 0.359375 0.36875 0.009375 0.02578125
0 0.34296875 0.521875 0.01796875 0.021875
0 0.36171875 0.52265625 0.01640625 0.0203125
4 0.31640625 0.47734375 0.0140625 0.01875
4 0.3234375 0.46328125 0.01484375 0.0140625
4 0.33359375 0.4890625 0.01328125 0.0140625
0 0.33828125 0.45859375 0.01875 0.01875
0 0.34453125 0.47890625 0.01640625 0.01875
2 0.36171875 0.5 0.02890625 0.025
4 0.359375 0.44453125 0.01484375 0.01640625
4 0.35703125 0.4609375 0.01171875 0.01171875
4 0.371875 0.4609375 0.01328125 0.015625
4 0.37578125 0.4484375 0.01484375 0.0140625
4 0.40234375 0.534375 0.015625 0.03046875
2 0.50703125 0.0296875 0.025 0.05
2 0.48203125 0.13203125 0.021875 0.04296875
2 0.5046875 0.159375 0.01875 0.05390625
4 0.52890625 0.04140625 0.01328125 0.0296875
4 0.515625 0.09375 0.0140625 0.03046875
4 0.51875 0.153125 0.01328125 0.0265625
0 0.46328125 0.28125 0.015625 0.0296875
4 0.3734375 0.3671875 0.00859375 0.02578125
4 0.384375 0.3625 0.00859375 0.0296875
4 0.3984375 0.36171875 0.00859375 0.02578125
4 0.39609375 0.3234375 0.0109375 0.01875
4 0.41328125 0.31171875 0.00703125 0.021875
4 0.41640625 0.34609375 0.01171875 0.015625
4 0.42734375 0.3171875 0.015625 0.021875
4 0.42578125 0.28046875 0.01640625 0.01796875
4 0.44453125 0.28515625 0.0109375 0.0203125
4 0.4421875 0.2484375 0.0140625 0.01640625
4 0.45078125 0.20703125 0.01484375 0.0140625
4 0.4484375 0.2265625 0.01484375 0.01796875
4 0.46875 0.1734375 0.015625 0.0140625
4 0.471875 0.1609375 0.01328125 0.015625
4 0.61640625 0.31953125 0.0109375 0.021875
4 0.61640625 0.34140625 0.01328125 0.01953125
4 0.628125 0.3578125 0.009375 0.01484375
4 0.62890625 0.32265625 0.01171875 0.02109375
4 0.63515625 0.378125 0.01015625 0.01875
4 0.55859375 0.31171875 0.01328125 0.0234375
4 0.540625 0.2640625 0.0140625 0.01875
4 0.53984375 0.28828125 0.01171875 0.02578125
0 0.584375 0.30390625 0.01328125 0.034375
0 0.59375 0.32265625 0.01171875 0.0359375
0 0.59375 0.2421875 0.01640625 0.0359375
0 0.58046875 0.27421875 0.0109375 0.028125
4 0.57109375 0.26875 0.00859375 0.02890625
0 0.5796875 0.23828125 0.01171875 0.02890625
0 0.60703125 0.18828125 0.009375 0.03359375
2 0.59140625 0.19296875 0.0140625 0.04921875
4 0.60703125 0.13671875 0.009375 0.02421875
4 0.628125 0.1265625 0.0140625 0.0203125
4 0.6234375 0.10078125 0.00859375 0.01875
4 0.615625 0.05703125 0.00703125 0.025
0 0.628125 0.04140625 0.01328125 0.03515625
0 0.59453125 0.09296875 0.01796875 0.04140625
0 0.61328125 0.1 0.0109375 0.03828125
4 0.59921875 0.11796875 0.00859375 0.0203125
6 0.5765625 0.17109375 0.046875 0.109375
6 0.55703125 0.27109375 0.03125 0.09296875
2 0.60390625 0.040625 0.01875 0.0453125