1 0.21953125 0.65078125 0.05625 0.02890625
1 0.27734375 0.6453125 0.0546875 0.03046875
2 0.07109375 0.76953125 0.021875 0.01796875
4 0.1875 0.77421875 0.01328125 0.01328125
2 0.3171875 0.8015625 0.01953125 0.0203125
4 0.35078125 0.74140625 0.01015625 0.01015625
4 0.39609375 0.7640625 0.01015625 0.0109375
2 0.415625 0.78125 0.0234375 0.01953125
2 0.409375 0.871875 0.021875 0.02109375
2 0.4515625 0.9109375 0.0203125 0.0203125
3 0.5015625 0.86640625 0.0265625 0.028125
2 0.50546875 0.76796875 0.02421875 0.01875
2 0.5109375 0.78984375 0.0234375 0.02109375
2 0.5390625 0.82109375 0.0203125 0.02890625
4 0.528125 0.8375 0.01015625 0.01484375
4 0.528125 0.77109375 0.01015625 0.01171875
4 0.54609375 0.77265625 0.0140625 0.01171875
4 0.5234375 0.040625 0.00546875 0.0203125
4 0.534375 0.0390625 0.00546875 0.021875
4 0.47734375 0.06953125 0.00546875 0.0203125
4 0.47578125 0.209375 0.00859375 0.021875
4 0.528125 0.20078125 0.00859375 0.0234375
4 0.528125 0.26640625 0.00546875 0.0234375
4 0.52421875 0.29375 0.00625 0.02109375
4 0.534375 0.29375 0.00625 0.02421875
4 0.53203125 0.41328125 0.00625 0.0203125
2 0.5234375 0.521875 0.0109375 0.03828125
2 0.52890625 0.65390625 0.01640625 0.040625
0 0.5703125 0.73203125 0.01484375 0.0234375
4 0.5515625 0.81875 0.00859375 0.0140625
4 0.56171875 0.81796875 0.00859375 0.01171875
2 0.57109375 0.7984375 0.0203125 0.01953125
2 0.5859375 0.75703125 0.0203125 0.02421875
2 0.61171875 0.78671875 0.01875 0.02109375
2 0.64453125 0.80859375 0.0203125 0.01953125
4 0.63359375 0.75078125 0.009375 0.01015625
2 0.65625 0.76875 0.0203125 0.0203125
0 0.690625 0.771875 0.0140625 0.01640625
4 0.73828125 0.78125 0.01015625 0.009375
2 0.7984375 0.8 0.021875 0.01953125
4 0.8046875 0.8546875 0.01171875 0.01015625
4 0.94921875 0.86328125 0.0109375 0.01015625
4 0.81875 0.90703125 0.01171875 0.0109375
2 0.6609375 0.8890625 0.02421875 0.0203125
4 0.65078125 0.87109375 0.01015625 0.01171875
4 0.61484375 0.89453125 0.0109375 0.01171875
4 0.10546875 0.934375 0.01015625 0.009375
0 0.1375 0.93828125 0.0140625 0.01640625
4 0.63125 0.659375 0.009375 0.009375
4 0.68828125 0.6859375 0.009375 0.0109375
4 0.83671875 0.7359375 0.01015625 0.00859375