2 0.46796875 0.56328125 0.028125 0.0359375
0 0.57578125 0.2890625 0.02421875 0.025
0 0.4484375 0.32578125 0.01953125 0.025
0 0.621875 0.446875 0.0203125 0.02421875
0 0.71015625 0.75078125 0.01796875 0.03359375
0 0.71796875 0.89453125 0.01796875 0.03046875
0 0.81328125 0.903125 0.01796875 0.02890625
0 0.86640625 0.9734375 0.01875 0.03203125
0 0.34296875 0.40078125 0.015625 0.02890625
0 0.340625 0.81171875 0.01171875 0.03125
3 0.24453125 0.865625 0.0203125 0.04609375
3 0.2515625 0.81015625 0.0203125 0.04375
3 0.27578125 0.68125 0.01484375 0.03125
2 0.321875 0.38046875 0.0140625 0.04140625
2 0.1859375 0.13203125 0.0234375 0.03203125
2 0.253125 0.07421875 0.02109375 0.04375
0 0.87109375 0.08671875 0.0203125 0.021875
2 0.7046875 0.84921875 0.0265625 0.0359375
2 0.65859375 0.78515625 0.02578125 0.034375
6 0.63046875 0.70390625 0.04609375 0.05078125
3 0.62578125 0.75703125 0.02578125 0.04453125
0 0.57578125 0.72734375 0.015625 0.0265625
4 0.76875 0.9359375 0.0140625 0.02109375
4 0.796875 0.9046875 0.01171875 0.0203125
4 0.83828125 0.9421875 0.01171875 0.0203125
4 0.7515625 0.91640625 0.01328125 0.01953125
4 0.71953125 0.93125 0.01171875 0.01796875
4 0.7453125 0.80625 0.0109375 0.028125
4 0.7671875 0.86875 0.0140625 0.0265625
4 0.65859375 0.83203125 0.01328125 0.01796875
4 0.64375 0.7953125 0.01171875 0.01953125
4 0.6421875 0.77421875 0.009375 0.01796875
4 0.6734375 0.69140625 0.0109375 0.02421875
4 0.57265625 0.74296875 0.01171875 0.0140625
4 0.5953125 0.7484375 0.0109375 0.0265625
4 0.60703125 0.75625 0.009375 0.025
4 0.6890625 0.7109375 0.01171875 0.0203125
4 0.628125 0.7984375 0.009375 0.01328125
4 0.63046875 0.78828125 0.01328125 0.01328125
4 0.64140625 0.64453125 0.01171875 0.01875
4 0.58984375 0.6015625 0.01171875 0.0203125
4 0.61953125 0.40078125 0.01328125 0.01484375
4 0.58359375 0.41640625 0.01171875 0.01796875
4 0.6421875 0.23125 0.015625 0.01875
4 0.64375 0.26171875 0.01171875 0.01875
4 0.61953125 0.2453125 0.01484375 0.01875
2 0.59453125 0.21875 0.0203125 0.03046875
4 0.753125 0.15546875 0.01328125 0.015625
4 0.77890625 0.08359375 0.0109375 0.01953125
4 0.8296875 0.23671875 0.01328125 0.01640625
4 0.80390625 0.2015625 0.01171875 0.01796875
4 0.796875 0.3078125 0.01484375 0.01796875
4 0.51171875 0.50546875 0.00859375 0.02421875
4 0.52265625 0.49375 0.00859375 0.01796875
4 0.53046875 0.48046875 0.00859375 0.0203125
4 0.53671875 0.4578125 0.00859375 0.02421875
4 0.5140625 0.47109375 0.01171875 0.01875
4 0.478125 0.4578125 0.009375 0.0265625
4 0.5109375 0.54921875 0.01328125 0.01484375
4 0.53671875 0.521875 0.01171875 0.0203125
4 0.54453125 0.53671875 0.0109375 0.02421875
4 0.50078125 0.59296875 0.01171875 0.01484375
4 0.48671875 0.59609375 0.01484375 0.01640625
4 0.465625 0.6234375 0.01328125 0.01875
4 0.40234375 0.5875 0.009375 0.0234375
4 0.3984375 0.62578125 0.009375 0.02109375
4 0.3859375 0.61484375 0.00859375 0.0203125
4 0.3578125 0.56328125 0.009375 0.02109375
4 0.34765625 0.59921875 0.01015625 0.01796875
4 0.35546875 0.60703125 0.01015625 0.02109375
4 0.35390625 0.4703125 0.00859375 0.021875
4 0.3953125 0.46796875 0.0109375 0.021875
4 0.4 0.49375 0.009375 0.01875
4 0.39140625 0.51796875 0.01328125 0.01796875
4 0.4359375 0.41953125 0.0109375 0.015625
4 0.4515625 0.40859375 0.01328125 0.01328125
4 0.44296875 0.38046875 0.0109375 0.015625
4 0.4453125 0.359375 0.009375 0.0234375
4 0.46328125 0.37578125 0.0109375 0.0203125
4 0.38984375 0.33515625 0.01171875 0.015625
4 0.365625 0.2859375 0.01171875 0.0234375
4 0.403125 0.2921875 0.01015625 0.015625
4 0.31015625 0.15078125 0.009375 0.0203125
4 0.3015625 0.1625 0.009375 0.015625
4 0.2140625 0.1328125 0.01171875 0.025
2 0.30390625 0.11640625 0.01875 0.0359375
4 0.17265625 0.0640625 0.01171875 0.021875
4 0.20078125 0.09609375 0.01328125 0.01796875
4 0.1703125 0.11796875 0.009375 0.02109375
4 0.19375 0.17109375 0.01328125 0.015625
4 0.19375 0.15625 0.0109375 0.0140625
4 0.325 0.68046875 0.01171875 0.021875
4 0.3484375 0.75859375 0.00859375 0.02109375
4 0.353125 0.71953125 0.009375 0.021875
4 0.3390625 0.76875 0.009375 0.0234375
4 0.3265625 0.79375 0.01015625 0.0203125
4 0.33125 0.8109375 0.0109375 0.01875
4 0.29921875 0.7703125 0.01015625 0.021875
4 0.2671875 0.88984375 0.01171875 0.028125
4 0.259375 0.8609375 0.00703125 0.0203125
2 0.209375 0.94609375 0.01875 0.04609375
4 0.2421875 0.92109375 0.01171875 0.0265625
4 0.23984375 0.9578125 0.009375 0.0265625
4 0.2828125 0.93671875 0.01484375 0.025
4 0.28046875 0.98203125 0.01015625 0.02890625
4 0.31171875 0.946875 0.009375 0.0234375
4 0.28671875 0.70078125 0.01328125 0.02421875
4 0.328125 0.86953125 0.01015625 0.02109375
3 0.25078125 0.240625 0.0234375 0.0296875
3 0.184375 0.21328125 0.0234375 0.040625
3 0.2140625 0.28203125 0.0203125 0.040625
6 0.1859375 0.2609375 0.0296875 0.0484375
2 0.5140625 0.27578125 0.0234375 0.02890625
4 0.50859375 0.328125 0.01171875 0.01640625
4 0.49140625 0.35546875 0.01328125 0.01796875
2 0.54609375 0.24609375 0.02421875 0.03203125
4 0.909375 0.15703125 0.01484375 0.0203125
4 0.88515625 0.18828125 0.015625 0.01875
4 0.8734375 0.228125 0.015625 0.02109375
4 0.92578125 0.278125 0.015625 0.02109375
4 0.8984375 0.0359375 0.01484375 0.02109375
4 0.88671875 0.03125 0.0140625 0.015625
4 0.9265625 0.02421875 0.01171875 0.0203125
2 0.86171875 0.28203125 0.028125 0.034375
2 0.84296875 0.38359375 0.0234375 0.04453125
2 0.75546875 0.628125 0.0203125 0.03984375
4 0.7890625 0.59921875 0.0140625 0.021875
4 0.528125 0.68046875 0.01171875 0.01796875
3 0.51796875 0.70625 0.028125 0.0390625
4 0.48671875 0.29921875 0.00859375 0.021875
3 0.803125 0.5015625 0.01484375 0.03125
3 0.6171875 0.48984375 0.0203125 0.02578125
3 0.66953125 0.58046875 0.0140625 0.02578125
3 0.72578125 0.6734375 0.021875 0.03671875
2 0.72421875 0.96015625 0.025 0.025
2 0.65546875 0.14921875 0.021875 0.0296875
2 0.61875 0.159375 0.0140625 0.040625
3 0.73203125 0.38671875 0.02890625 0.03828125
3 0.66953125 0.4359375 0.02578125 0.0359375
3 0.80703125 0.328125 0.02421875 0.0296875
3 0.7046875 0.63046875 0.0203125 0.03828125
3 0.690625 0.61171875 0.0234375 0.0359375
3 0.6265625 0.54296875 0.01875 0.02578125
3 0.86328125 0.33125 0.03359375 0.053125
3 0.8328125 0.30703125 0.03046875 0.04296875
3 0.8203125 0.446875 0.03125 0.065625
3 0.6640625 0.56171875 0.01953125 0.034375
3 0.69609375 0.41640625 0.03203125 0.040625
3 0.68125 0.58671875 0.021875 0.04375
3 0.715625 0.6453125 0.025 0.03671875
3 0.51796875 0.22109375 0.02109375 0.0296875
4 0.77890625 0.021875 0.00625 0.0203125
4 0.77265625 0.025 0.00625 0.01953125
4 0.765625 0.03125 0.00703125 0.0234375
4 0.76015625 0.0421875 0.00703125 0.02421875
4 0.68046875 0.10859375 0.0046875 0.01953125
4 0.6765625 0.109375 0.00625 0.01875
4 0.6734375 0.13125 0.01015625 0.01328125
4 0.671875 0.11171875 0.00546875 0.01640625
4 0.66640625 0.11796875 0.00546875 0.0203125
4 0.66171875 0.12265625 0.00546875 0.02421875
4 0.65703125 0.125 0.00546875 0.021875
4 0.6515625 0.1265625 0.00546875 0.0203125
4 0.64453125 0.1296875 0.00625 0.02109375
4 0.63203125 0.11328125 0.00859375 0.0265625
4 0.63671875 0.13203125 0.00625 0.01953125
4 0.6265625 0.14140625 0.01015625 0.0234375
4 0.60546875 0.134375 0.00859375 0.0203125
4 0.559375 0.20390625 0.01171875 0.01875
4 0.571875 0.21796875 0.00859375 0.01953125
4 0.58515625 0.19921875 0.00546875 0.01875
4 0.59921875 0.17421875 0.00625 0.01796875
4 0.60703125 0.15859375 0.00703125 0.01796875
4 0.59140625 0.178125 0.00546875 0.01796875
4 0.58671875 0.17421875 0.0046875 0.01640625
4 0.57421875 0.19140625 0.00703125 0.01953125
4 0.54453125 0.19296875 0.00859375 0.01796875
4 0.55078125 0.18828125 0.00625 0.0203125
4 0.578125 0.1875 0.00546875 0.01953125
4 0.5375 0.2734375 0.01015625 0.015625
4 0.503125 0.26015625 0.00703125 0.01796875
4 0.49609375 0.27578125 0.00546875 0.021875
4 0.46953125 0.2828125 0.009375 0.01875
4 0.459375 0.28125 0.00546875 0.01796875
4 0.46328125 0.2890625 0.0046875 0.01875
4 0.4515625 0.3015625 0.009375 0.01796875
4 0.453125 0.28671875 0.00859375 0.0140625
4 0.40390625 0.26484375 0.01015625 0.025
4 0.409375 0.275 0.00625 0.01875
4 0.41328125 0.28359375 0.00625 0.01875
4 0.43359375 0.29453125 0.00546875 0.0203125
4 0.428125 0.2921875 0.0046875 0.0234375
4 0.3859375 0.19375 0.00859375 0.01484375
4 0.359375 0.18515625 0.00859375 0.01953125
4 0.35703125 0.06484375 0.009375 0.01875
4 0.36640625 0.0828125 0.01015625 0.01875
4 0.3734375 0.10625 0.009375 0.01953125
4 0.378125 0.12109375 0.00859375 0.015625
4 0.3484375 0.05625 0.00859375 0.01640625
4 0.33671875 0.04453125 0.00859375 0.01875
4 0.33828125 0.0765625 0.009375 0.015625
4 0.32890625 0.07265625 0.00703125 0.015625
4 0.32578125 0.065625 0.00625 0.01875
4 0.3203125 0.0765625 0.01171875 0.01328125
4 0.35390625 0.09375 0.00625 0.01875
4 0.3578125 0.1015625 0.00625 0.015625
4 0.3609375 0.12109375 0.00625 0.01796875
4 0.3671875 0.13359375 0.00703125 0.01796875
4 0.37265625 0.14609375 0.00625 0.01953125
4 0.35546875 0.1234375 0.00859375 0.01953125
4 0.34453125 0.1 0.00859375 0.01875
4 0.30625 0.08359375 0.00859375 0.01640625
4 0.296875 0.08828125 0.009375 0.02109375
4 0.334375 0.1078125 0.00625 0.01640625
4 0.340625 0.12890625 0.00703125 0.01484375
4 0.33359375 0.1328125 0.00625 0.01640625
4 0.34375 0.1453125 0.009375 0.01796875
4 0.3765625 0.209375 0.009375 0.01484375
4 0.396875 0.24140625 0.00859375 0.01953125
4 0.14296875 0.19453125 0.00703125 0.01640625
4 0.1390625 0.1890625 0.00859375 0.01796875
6 0.0671875 0.040625 0.03671875 0.06171875
3 0.20703125 0.25859375 0.0203125 0.03671875
3 0.22890625 0.2921875 0.0265625 0.04453125
4 0.21953125 0.2375 0.01171875 0.01171875
4 0.23046875 0.24921875 0.01015625 0.01171875
4 0.23828125 0.246875 0.0109375 0.01875
4 0.25546875 0.740625 0.01171875 0.01953125
4 0.24375 0.7734375 0.01171875 0.01015625
4 0.23828125 0.79609375 0.01171875 0.01171875
4 0.23203125 0.81171875 0.0140625 0.0109375
4 0.2265625 0.83203125 0.0140625 0.0109375
4 0.2234375 0.846875 0.0140625 0.0140625
4 0.30546875 0.6171875 0.00703125 0.0203125
4 0.29609375 0.6125 0.00703125 0.02421875
4 0.30859375 0.58046875 0.009375 0.0203125
4 0.30078125 0.440625 0.0109375 0.01640625
4 0.63125 0.16484375 0.00859375 0.01875
4 0.7484375 0.37265625 0.00625 0.0234375
4 0.64765625 0.58125 0.00859375 0.01484375
4 0.7734375 0.74140625 0.0109375 0.01015625
4 0.77890625 0.73125 0.00859375 0.0109375
4 0.78203125 0.7234375 0.009375 0.009375
4 0.78671875 0.703125 0.00703125 0.00859375
4 0.79375 0.68984375 0.009375 0.009375
4 0.7984375 0.68046875 0.009375 0.01484375
4 0.79921875 0.66640625 0.01015625 0.015625
4 0.80546875 0.6453125 0.00859375 0.015625
4 0.82578125 0.596875 0.01171875 0.0140625
4 0.815625 0.63046875 0.01015625 0.01484375
4 0.7828125 0.55078125 0.0109375 0.01171875
4 0.7875 0.53984375 0.01015625 0.01328125
4 0.7765625 0.5609375 0.01015625 0.0109375
4 0.7734375 0.56875 0.01171875 0.0109375
4 0.8453125 0.4984375 0.01171875 0.0203125
4 0.865625 0.484375 0.01171875 0.01484375
4 0.88515625 0.4109375 0.0109375 0.01328125
4 0.89921875 0.390625 0.01171875 0.0234375
4 0.88828125 0.43046875 0.01171875 0.01640625
4 0.89140625 0.4203125 0.0109375 0.0109375
4 0.7921875 0.51796875 0.009375 0.01171875
2 0.4015625 0.14765625 0.0203125 0.03828125
3 0.2765625 0.04296875 0.0203125 0.04296875