2 0.11796875 0.53828125 0.02578125 0.0234375
2 0.171875 0.56015625 0.03046875 0.02109375
2 0.2515625 0.534375 0.02578125 0.02421875
2 0.2984375 0.5296875 0.021875 0.0265625
2 0.22265625 0.46953125 0.025 0.01953125
2 0.309375 0.4421875 0.02421875 0.01953125
2 0.35703125 0.46484375 0.0234375 0.01640625
4 0.01015625 0.53984375 0.0140625 0.009375
4 0.01015625 0.55390625 0.0140625 0.00859375
4 0.01640625 0.57421875 0.015625 0.01484375
0 0.01328125 0.4453125 0.0203125 0.0234375
4 0.13125 0.43125 0.01484375 0.01171875
4 0.1890625 0.4359375 0.01015625 0.01171875
4 0.15625 0.54453125 0.0109375 0.0140625
4 0.16796875 0.53125 0.01328125 0.01484375
4 0.20703125 0.53046875 0.01484375 0.0140625
4 0.25078125 0.56484375 0.01171875 0.0140625
4 0.25546875 0.55 0.0140625 0.01796875
4 0.27890625 0.55625 0.01015625 0.0140625
4 0.29765625 0.5546875 0.0140625 0.0140625
4 0.3234375 0.54140625 0.0140625 0.01171875
4 0.32421875 0.55703125 0.01171875 0.00859375
4 0.2703125 0.446875 0.01328125 0.0140625
4 0.24453125 0.428125 0.01328125 0.01171875
4 0.22734375 0.43984375 0.01171875 0.0109375
4 0.23359375 0.45390625 0.0140625 0.01015625
4 0.28828125 0.43359375 0.01171875 0.0140625
0 0.28046875 0.46015625 0.015625 0.01875
4 0.325 0.45546875 0.01484375 0.01953125
4 0.34375 0.43515625 0.01171875 0.01796875
4 0.35703125 0.41953125 0.01484375 0.01484375
4 0.3640625 0.44453125 0.01796875 0.01875
4 0.353125 0.52421875 0.0140625 0.01875
4 0.403125 0.45234375 0.0109375 0.01640625
4 0.4265625 0.45703125 0.01875 0.01484375
4 0.4015625 0.5265625 0.0140625 0.03046875
4 0.42578125 0.52578125 0.0109375 0.01640625
4 0.41171875 0.55625 0.0109375 0.01796875
4 0.4578125 0.525 0.01171875 0.01171875
4 0.484375 0.54296875 0.0140625 0.01640625
4 0.48828125 0.525 0.01171875 0.01015625
4 0.509375 0.56015625 0.0109375 0.01484375
4 0.46640625 0.55703125 0.01015625 0.0140625
4 0.45546875 0.56796875 0.01171875 0.01953125
0 0.45703125 0.54453125 0.0140625 0.01796875
0 0.59765625 0.56015625 0.0140625 0.0203125
0 0.64296875 0.5234375 0.01640625 0.015625
4 0.5078125 0.434375 0.01171875 0.01171875
4 0.54921875 0.42890625 0.01328125 0.015625
4 0.57265625 0.53671875 0.0140625 0.01328125
4 0.6234375 0.528125 0.01640625 0.0203125
4 0.65703125 0.534375 0.01015625 0.01328125
4 0.66875 0.54765625 0.01328125 0.01171875
4 0.6875 0.5171875 0.015625 0.01640625
4 0.6703125 0.45078125 0.01640625 0.01171875
4 0.68828125 0.4234375 0.0140625 0.01171875
4 0.7015625 0.43203125 0.01328125 0.0140625
4 0.7125 0.4484375 0.01484375 0.01171875
4 0.703125 0.40859375 0.0140625 0.015625
2 0.71640625 0.528125 0.028125 0.02890625
2 0.5484375 0.45859375 0.03125 0.01953125
0 0.7453125 0.54609375 0.01796875 0.015625
4 0.71640625 0.55859375 0.01328125 0.01171875
4 0.734375 0.55859375 0.0109375 0.01640625
4 0.7671875 0.43828125 0.01328125 0.01640625
4 0.778125 0.415625 0.01640625 0.01953125
4 0.81328125 0.4546875 0.01328125 0.01484375
4 0.828125 0.4265625 0.01015625 0.0109375
4 0.8 0.52109375 0.0140625 0.009375
4 0.796875 0.534375 0.01796875 0.01171875
4 0.79609375 0.55390625 0.0109375 0.01484375
4 0.81796875 0.5484375 0.01171875 0.00859375
4 0.82890625 0.5265625 0.0140625 0.0140625
4 0.82890625 0.51015625 0.01484375 0.0109375
4 0.8328125 0.5609375 0.0140625 0.00859375
4 0.85546875 0.53359375 0.01640625 0.015625
4 0.89296875 0.55 0.0140625 0.01796875
4 0.87109375 0.446875 0.01328125 0.0140625
4 0.86875 0.41328125 0.01171875 0.01796875
4 0.9015625 0.409375 0.0203125 0.021875
4 0.9015625 0.43203125 0.015625 0.01484375
4 0.98984375 0.51953125 0.01640625 0.01640625
0 0.95625 0.534375 0.0234375 0.0203125
4 0.48203125 0.4171875 0.01796875 0.01640625