2 0.21328125 0.47578125 0.02578125 0.0359375
2 0.04140625 0.471875 0.03046875 0.0296875
2 0.17421875 0.4984375 0.0359375 0.02109375
2 0.1984375 0.53515625 0.02109375 0.03125
2 0.36328125 0.4765625 0.02890625 0.02578125
2 0.38203125 0.309375 0.02421875 0.0453125
2 0.4078125 0.3125 0.009375 0.0359375
2 0.41484375 0.31796875 0.015625 0.040625
2 0.51796875 0.4859375 0.0234375 0.025
2 0.40390625 0.496875 0.02421875 0.03203125
2 0.3734375 0.53671875 0.01953125 0.03671875
2 0.26875 0.440625 0.02109375 0.01875
2 0.51171875 0.52265625 0.01953125 0.03125
2 0.44453125 0.5453125 0.03671875 0.04140625
2 0.60859375 0.55234375 0.02578125 0.028125
2 0.546875 0.56171875 0.02421875 0.028125
2 0.7203125 0.50859375 0.01328125 0.059375
2 0.67421875 0.52578125 0.015625 0.034375
2 0.684375 0.48671875 0.021875 0.025
2 0.68125 0.4640625 0.025 0.034375
2 0.66015625 0.478125 0.01484375 0.03671875
2 0.628125 0.47421875 0.02890625 0.03203125
2 0.64375 0.08046875 0.01953125 0.03671875
2 0.7015625 0.10703125 0.00859375 0.059375
2 0.7421875 0.05625 0.01640625 0.040625
2 0.653125 0.61796875 0.015625 0.034375
2 0.65390625 0.82578125 0.01875 0.03125
2 0.878125 0.45234375 0.02109375 0.0296875
2 0.8765625 0.38046875 0.01171875 0.028125
2 0.959375 0.54296875 0.025 0.02109375
2 0.878125 0.490625 0.0234375 0.025
2 0.68203125 0.2109375 0.01640625 0.06875
2 0.54921875 0.528125 0.025 0.0296875
2 0.5734375 0.48203125 0.0234375 0.03125
2 0.66171875 0.74921875 0.0109375 0.04453125
2 0.68125 0.77578125 0.0203125 0.02578125
2 0.684375 0.76328125 0.015625 0.028125
2 0.68671875 0.74453125 0.0140625 0.03671875
2 0.69296875 0.728125 0.01953125 0.028125
2 0.68828125 0.703125 0.0203125 0.03671875
2 0.69609375 0.6890625 0.01875 0.03515625
2 0.71328125 0.67421875 0.021875 0.0296875
2 0.709375 0.62109375 0.01171875 0.0203125
2 0.73515625 0.553125 0.02109375 0.01171875
2 0.78828125 0.46640625 0.01875 0.01796875
2 0.7375 0.4859375 0.021875 0.01875
0 0.67578125 0.6484375 0.01640625 0.03359375
0 0.4984375 0.50546875 0.0265625 0.03359375
0 0.46015625 0.4765625 0.015625 0.0203125
0 0.5453125 0.4734375 0.0203125 0.015625
0 0.178125 0.46796875 0.02109375 0.015625
0 0.21953125 0.58125 0.01640625 0.01953125
0 0.434375 0.33046875 0.01796875 0.01640625
2 0.9359375 0.38125 0.01328125 0.03828125
2 0.96796875 0.43125 0.02421875 0.021875
0 0.26484375 0.4765625 0.01640625 0.0203125
4 0.12421875 0.47578125 0.015625 0.01484375
4 0.07734375 0.54921875 0.01796875 0.01328125
4 0.0109375 0.55078125 0.02109375 0.0140625
4 0.38203125 0.46171875 0.009375 0.00859375
4 0.93828125 0.47421875 0.01640625 0.01640625
4 0.98828125 0.46953125 0.01328125 0.040625
4 0.79296875 0.40234375 0.01171875 0.0203125
2 0.63046875 0.97734375 0.01953125 0.0453125
2 0.80703125 0.07109375 0.01875 0.01796875
4 0.6625 0.5359375 0.01015625 0.015625
4 0.65859375 0.6609375 0.0046875 0.01953125
2 0.646875 0.66875 0.009375 0.02578125
4 0.31796875 0.55859375 0.01875 0.015625
4 0.484375 0.55078125 0.015625 0.0234375
5 0.265625 0.45390625 0.01484375 0.01484375
4 0.53046875 0.4546875 0.01328125 0.0140625