2 0.1265625 0.53671875 0.01953125 0.01484375
5 0.1296875 0.67578125 0.0390625 0.025
5 0.153125 0.6421875 0.0390625 0.021875
6 0.28671875 0.6390625 0.034375 0.0203125
0 0.309375 0.61640625 0.01015625 0.01171875
4 0.3015625 0.59140625 0.01171875 0.01015625
4 0.3109375 0.565625 0.01171875 0.0140625
6 0.35078125 0.55078125 0.03203125 0.02578125
6 0.34921875 0.484375 0.04296875 0.028125
0 0.4640625 0.4640625 0.0109375 0.01171875
4 0.48046875 0.59296875 0.00703125 0.01015625
2 0.4765625 0.56640625 0.01640625 0.01640625
2 0.3515625 0.290625 0.01875 0.01640625
2 0.51484375 0.33359375 0.00859375 0.0296875
2 0.5265625 0.33203125 0.00859375 0.0296875
2 0.565625 0.321875 0.00859375 0.02578125
2 0.5765625 0.325 0.00859375 0.025
6 0.50078125 0.62734375 0.0296875 0.0203125
3 0.58359375 0.63125 0.01328125 0.01484375
1 0.66953125 0.39140625 0.040625 0.01953125
3 0.66796875 0.4265625 0.01953125 0.01171875
6 0.68125 0.41171875 0.028125 0.01484375
5 0.7265625 0.39296875 0.0453125 0.01953125
6 0.71953125 0.48203125 0.028125 0.02109375
2 0.72578125 0.66484375 0.01015625 0.02421875
0 0.75390625 0.615625 0.0109375 0.01484375
2 0.7578125 0.54453125 0.01953125 0.01796875
0 0.828125 0.6140625 0.01171875 0.01171875
2 0.85703125 0.60078125 0.01796875 0.01953125
2 0.76953125 0.44453125 0.01640625 0.01796875
4 0.83046875 0.3953125 0.009375 0.01015625
5 0.89296875 0.65234375 0.04375 0.025
0 0.9515625 0.615625 0.01875 0.0203125
4 0.9671875 0.68515625 0.01484375 0.01875