4 0.00546875 0.375 0.0109375 0.0125
4 0.01015625 0.33515625 0.01484375 0.0109375
4 0.02109375 0.30859375 0.01328125 0.009375
4 0.03046875 0.29765625 0.01640625 0.01171875
4 0.04765625 0.35 0.0140625 0.0109375
4 0.03359375 0.37421875 0.01484375 0.01015625
4 0.053125 0.37578125 0.015625 0.01171875
4 0.06953125 0.36328125 0.0125 0.01171875
4 0.08671875 0.39296875 0.015625 0.0109375
4 0.1078125 0.35390625 0.01328125 0.01328125
4 0.08515625 0.315625 0.0140625 0.01015625
4 0.11875 0.2984375 0.01328125 0.009375
4 0.1234375 0.31796875 0.01328125 0.01015625
4 0.13984375 0.31015625 0.01484375 0.01171875
4 0.12421875 0.38203125 0.01328125 0.01015625
4 0.15234375 0.35390625 0.0125 0.0125
4 0.1765625 0.353125 0.01484375 0.0125
4 0.1890625 0.38203125 0.01171875 0.009375
4 0.11328125 0.45859375 0.0125 0.01015625
3 0.1171875 0.4765625 0.021875 0.01640625
4 0.20390625 0.40234375 0.01328125 0.01015625
4 0.21171875 0.3890625 0.0125 0.00859375
4 0.22578125 0.35234375 0.01171875 0.0109375
3 0.228125 0.36953125 0.01953125 0.01328125
4 0.19453125 0.321875 0.01328125 0.009375
4 0.17421875 0.30703125 0.01328125 0.009375
4 0.2484375 0.3859375 0.01484375 0.00859375
4 0.25234375 0.40078125 0.01328125 0.0109375
4 0.26875 0.31171875 0.0109375 0.0109375
4 0.309375 0.34921875 0.0140625 0.0109375
4 0.30703125 0.309375 0.0125 0.01015625
4 0.32109375 0.3171875 0.01015625 0.0109375
4 0.3515625 0.31875 0.01328125 0.009375
4 0.36640625 0.38828125 0.01328125 0.0125
4 0.3828125 0.38203125 0.0125 0.0109375
4 0.36328125 0.40234375 0.0140625 0.01015625
4 0.38046875 0.4078125 0.01328125 0.009375
4 0.4 0.35390625 0.01015625 0.0109375
4 0.40234375 0.36640625 0.0140625 0.00703125
4 0.40234375 0.37578125 0.01328125 0.01015625
4 0.41328125 0.38515625 0.01171875 0.0109375
4 0.41015625 0.3984375 0.01171875 0.0109375
4 0.41171875 0.409375 0.01171875 0.0109375
4 0.45078125 0.3484375 0.0109375 0.0109375
4 0.44609375 0.3609375 0.0109375 0.009375
4 0.440625 0.39609375 0.0125 0.01171875
4 0.50625 0.36171875 0.01171875 0.0125
4 0.49140625 0.38046875 0.01171875 0.01484375
4 0.490625 0.40234375 0.0125 0.0109375
4 0.52265625 0.3921875 0.0125 0.01171875
4 0.54375 0.4046875 0.01328125 0.0125
4 0.56171875 0.38203125 0.0125 0.009375
4 0.5625 0.3546875 0.0125 0.0109375
4 0.55234375 0.31640625 0.0125 0.009375
4 0.62578125 0.35859375 0.01015625 0.01171875
4 0.621875 0.39609375 0.01171875 0.01328125
4 0.596875 0.47734375 0.0125 0.01171875
4 0.67265625 0.3515625 0.01171875 0.0109375
4 0.6875 0.3609375 0.01015625 0.0109375
4 0.68828125 0.3796875 0.0109375 0.0140625
4 0.72265625 0.3890625 0.0109375 0.0109375
4 0.73046875 0.40234375 0.0109375 0.01015625
4 0.7421875 0.36484375 0.01171875 0.0109375
4 0.78515625 0.36640625 0.01015625 0.01015625
4 0.79296875 0.353125 0.01171875 0.009375
4 0.80546875 0.3765625 0.0109375 0.00859375
4 0.80546875 0.390625 0.01015625 0.01171875
4 0.82578125 0.3453125 0.01171875 0.00859375
4 0.8265625 0.3625 0.01171875 0.0125
4 0.80390625 0.32265625 0.01171875 0.009375
4 0.88515625 0.34453125 0.01171875 0.01171875
4 0.88203125 0.3765625 0.01328125 0.01015625
4 0.8890625 0.39375 0.01171875 0.00859375
4 0.78515625 0.4859375 0.0125 0.01015625
0 0.72578125 0.47734375 0.01796875 0.01796875
4 0.92109375 0.37578125 0.01015625 0.01015625
4 0.94921875 0.371875 0.0109375 0.0125
4 0.93828125 0.3875 0.01171875 0.009375
4 0.9625 0.384375 0.0109375 0.0109375
4 0.9796875 0.3609375 0.0125 0.0125
4 0.990625 0.34609375 0.01171875 0.00859375
4 0.753125 0.52109375 0.01015625 0.01015625
4 0.81875 0.52734375 0.0125 0.01171875
4 0.834375 0.5125 0.01328125 0.0109375
4 0.71953125 0.528125 0.01171875 0.009375
4 0.7078125 0.5296875 0.0078125 0.0125
4 0.69375 0.53515625 0.01171875 0.009375
0 0.68046875 0.553125 0.01484375 0.01640625
0 0.71875 0.54296875 0.01640625 0.0140625
0 0.63828125 0.53203125 0.015625 0.01796875
0 0.47578125 0.5375 0.0125 0.01328125
0 0.45546875 0.5421875 0.01328125 0.01875
0 0.440625 0.54375 0.0125 0.0296875
0 0.428125 0.52421875 0.01328125 0.015625
4 0.5109375 0.5234375 0.00546875 0.01875
4 0.51796875 0.5265625 0.0046875 0.0203125
4 0.54765625 0.53828125 0.00625 0.0171875
4 0.5203125 0.596875 0.00546875 0.01796875
4 0.521875 0.66484375 0.00625 0.0171875
4 0.51796875 0.6421875 0.00625 0.0171875
4 0.5078125 0.7125 0.0046875 0.01953125
4 0.5140625 0.7125 0.00625 0.01875
0 0.5328125 0.72265625 0.01640625 0.02109375
0 0.51796875 0.76328125 0.009375 0.025
4 0.49609375 0.7734375 0.0078125 0.01640625
4 0.4921875 0.803125 0.00625 0.01875
4 0.49296875 0.83046875 0.0078125 0.01875
4 0.4578125 0.825 0.009375 0.01796875
0 0.45078125 0.74609375 0.0109375 0.02734375
4 0.81015625 0.24296875 0.00859375 0.01171875
4 0.73671875 0.290625 0.0109375 0.01015625
4 0.6734375 0.3171875 0.0109375 0.01171875
0 0.6296875 0.315625 0.015625 0.015625
4 0.61015625 0.3265625 0.0109375 0.0109375
0 0.5015625 0.2828125 0.015625 0.0171875
0 0.490625 0.30234375 0.01484375 0.015625
0 0.46484375 0.31328125 0.01328125 0.01640625
0 0.1515625 0.28359375 0.01640625 0.01640625
0 0.21796875 0.28515625 0.01484375 0.01328125
0 0.146875 0.24140625 0.009375 0.0265625
0 0.12421875 0.34140625 0.0109375 0.0109375
0 0.03984375 0.43046875 0.01328125 0.0109375
0 0.0125 0.2734375 0.02265625 0.015625
4 0.11484375 0.50859375 0.0109375 0.0109375
4 0.11640625 0.521875 0.0125 0.01328125
4 0.06640625 0.52421875 0.0109375 0.01171875
4 0.05546875 0.53046875 0.01015625 0.0140625
4 0.01171875 0.515625 0.01484375 0.01171875
0 0.340625 0.55859375 0.01484375 0.01796875
0 0.3453125 0.578125 0.01328125 0.0203125
0 0.3578125 0.578125 0.01015625 0.0296875
0 0.3546875 0.521875 0.01484375 0.01640625
0 0.46171875 0.6875 0.01171875 0.028125
0 0.48203125 0.88359375 0.00859375 0.02890625
4 0.471875 0.896875 0.00546875 0.0171875
4 0.44921875 0.8765625 0.00625 0.021875
4 0.45078125 0.89609375 0.00625 0.01640625
4 0.4640625 0.984375 0.00625 0.0171875
4 0.49765625 0.48828125 0.0125 0.01171875
4 0.325 0.4828125 0.0140625 0.01484375
0 0.19453125 0.51328125 0.01640625 0.01640625
3 0.03203125 0.38984375 0.02734375 0.02109375
2 0.38203125 0.3234375 0.02421875 0.0171875
0 0.5328125 0.52890625 0.015625 0.01953125
0 0.528125 0.6125 0.0109375 0.02578125
4 0.584375 0.61328125 0.00859375 0.01796875