0 0.54140625 0.4765625 0.0203125 0.0203125
0 0.55546875 0.49296875 0.01171875 0.03046875
0 0.4484375 0.6125 0.01875 0.0265625
0 0.46953125 0.5859375 0.015625 0.03125
2 0.38828125 0.68671875 0.01484375 0.0390625
2 0.20859375 0.9390625 0.015625 0.04140625
2 0.32578125 0.378125 0.01171875 0.040625
0 0.48125 0.32734375 0.01796875 0.0296875
0 0.353125 0.25546875 0.0140625 0.0296875
1 0.41875 0.4890625 0.06328125 0.10078125
2 0.74609375 0.90625 0.0265625 0.03203125
2 0.79296875 0.965625 0.025 0.034375
2 0.7234375 0.96171875 0.03203125 0.021875
0 0.796875 0.1109375 0.01484375 0.021875
2 0.5171875 0.275 0.028125 0.03515625
2 0.5484375 0.2515625 0.02890625 0.03515625
2 0.23046875 0.1890625 0.0265625 0.02890625
2 0.190625 0.125 0.0265625 0.0359375
2 0.30625 0.1140625 0.01953125 0.03515625
0 0.2828125 0.27578125 0.01796875 0.0234375
0 0.546875 0.69375 0.0140625 0.03125
3 0.728125 0.67890625 0.025 0.04140625
3 0.45078125 0.40625 0.01640625 0.02890625
3 0.2515625 0.23671875 0.01953125 0.03984375
3 0.73359375 0.3921875 0.02890625 0.0265625
4 0.75390625 0.821875 0.015625 0.021875
4 0.62421875 0.77109375 0.01015625 0.021875
4 0.63359375 0.75390625 0.01328125 0.0234375
4 0.69921875 0.87109375 0.0140625 0.03203125
4 0.71796875 0.88203125 0.01015625 0.02890625
4 0.76171875 0.959375 0.0140625 0.0265625
4 0.71640625 0.93203125 0.01796875 0.02109375
4 0.52578125 0.6546875 0.0140625 0.03125
4 0.57890625 0.57421875 0.01171875 0.02421875
4 0.5390625 0.540625 0.01171875 0.02578125
4 0.565625 0.515625 0.0140625 0.0296875
4 0.52421875 0.51875 0.0109375 0.02578125
4 0.53203125 0.5078125 0.01171875 0.01796875
4 0.5265625 0.484375 0.01328125 0.02109375
4 0.57890625 0.43515625 0.0140625 0.01953125
4 0.56171875 0.4625 0.01171875 0.02109375
4 0.58203125 0.475 0.01484375 0.02578125
4 0.509375 0.46796875 0.01328125 0.01953125
4 0.4640625 0.51875 0.01484375 0.01796875
4 0.46796875 0.48671875 0.01171875 0.01484375
4 0.4734375 0.55 0.0140625 0.0203125
4 0.48984375 0.565625 0.01171875 0.01875
4 0.46015625 0.55390625 0.01171875 0.0109375
4 0.45546875 0.5390625 0.0140625 0.01484375
4 0.4484375 0.559375 0.01484375 0.0140625
4 0.4265625 0.58046875 0.015625 0.0234375
4 0.3765625 0.44609375 0.0140625 0.02421875
4 0.4109375 0.40390625 0.01171875 0.021875
4 0.43046875 0.4046875 0.01015625 0.02109375
4 0.440625 0.37578125 0.0140625 0.01875
4 0.3421875 0.4484375 0.01484375 0.0265625
4 0.33828125 0.38046875 0.009375 0.0234375
4 0.40546875 0.35078125 0.01484375 0.0203125
4 0.26875 0.21640625 0.0140625 0.01875
4 0.30625 0.27890625 0.01171875 0.01953125
4 0.34140625 0.221875 0.01171875 0.02109375
4 0.315625 0.303125 0.01015625 0.015625
4 0.3671875 0.27578125 0.00859375 0.01640625
4 0.375 0.26484375 0.009375 0.015625
4 0.359375 0.23046875 0.009375 0.01640625
4 0.36796875 0.21640625 0.01015625 0.0203125
4 0.35078125 0.19609375 0.01171875 0.01875
4 0.34140625 0.04140625 0.0109375 0.02109375
4 0.35078125 0.05234375 0.01171875 0.01875
4 0.36171875 0.06171875 0.009375 0.0234375
4 0.34140625 0.071875 0.0109375 0.01953125
4 0.2234375 0.23359375 0.01015625 0.01328125
4 0.23203125 0.24296875 0.009375 0.01171875
4 0.240625 0.24140625 0.00859375 0.01953125
3 0.1875 0.209375 0.02421875 0.0359375
3 0.2109375 0.25546875 0.01953125 0.04140625
3 0.23125 0.28515625 0.02421875 0.04140625
6 0.19140625 0.2515625 0.025 0.0484375
4 0.44921875 0.571875 0.01328125 0.01484375
4 0.45625 0.58046875 0.009375 0.01328125
4 0.48671875 0.5796875 0.01015625 0.01953125
4 0.48046875 0.60859375 0.01015625 0.0234375
4 0.48203125 0.64375 0.01328125 0.0140625
4 0.4921875 0.65390625 0.0140625 0.0140625
4 0.49921875 0.67265625 0.01171875 0.01484375
4 0.428125 0.65703125 0.01171875 0.01328125
4 0.42421875 0.625 0.01015625 0.015625
4 0.396875 0.61484375 0.009375 0.01484375
4 0.3953125 0.63203125 0.01015625 0.01484375
4 0.40546875 0.69375 0.009375 0.01953125
4 0.38984375 0.73046875 0.00859375 0.01796875
4 0.33125 0.65625 0.0109375 0.02421875
4 0.35078125 0.59453125 0.009375 0.02109375
4 0.31796875 0.5765625 0.00859375 0.0234375
4 0.30625 0.71875 0.009375 0.02109375
4 0.275 0.72734375 0.01171875 0.021875
4 0.278125 0.8109375 0.009375 0.021875
4 0.31796875 0.9015625 0.009375 0.02109375
2 0.32578125 0.91875 0.01640625 0.03671875
4 0.2703125 0.98125 0.00859375 0.021875
4 0.2859375 0.93046875 0.00859375 0.01875
4 0.2453125 0.91640625 0.00859375 0.01953125
0 0.24453125 0.93828125 0.01875 0.0296875
3 0.25078125 0.8015625 0.01640625 0.03671875
3 0.27578125 0.67578125 0.0140625 0.03203125
3 0.390625 0.30703125 0.02890625 0.04453125
4 0.5765625 0.240625 0.01171875 0.01640625
4 0.665625 0.2015625 0.009375 0.01171875
4 0.7234375 0.109375 0.009375 0.021875
4 0.75703125 0.15703125 0.01328125 0.01171875
4 0.7515625 0.14296875 0.0140625 0.0140625
4 0.884375 0.04921875 0.01328125 0.01484375
4 0.878125 0.06953125 0.0140625 0.0109375
4 0.90390625 0.065625 0.01015625 0.0140625
4 0.90859375 0.0796875 0.01171875 0.01015625
4 0.9234375 0.0296875 0.01171875 0.01484375
4 0.95546875 0.00625 0.0109375 0.01171875
4 0.9046875 0.16875 0.015625 0.01953125
4 0.928125 0.171875 0.01171875 0.0140625
4 0.98515625 0.1234375 0.01484375 0.01640625
2 0.75625 0.63203125 0.02109375 0.03984375
3 0.70390625 0.634375 0.021875 0.03828125
3 0.690625 0.6109375 0.02109375 0.0390625
3 0.6703125 0.58125 0.01640625 0.02578125
3 0.62734375 0.54140625 0.0140625 0.02421875
3 0.61875 0.49296875 0.01640625 0.025
3 0.66953125 0.43984375 0.028125 0.03046875
4 0.6015625 0.56796875 0.009375 0.015625
4 0.6484375 0.58203125 0.01015625 0.01640625
4 0.6265625 0.71796875 0.00859375 0.01875
4 0.78984375 0.99140625 0.01171875 0.01640625
4 0.82578125 0.6015625 0.01015625 0.0109375
3 0.80390625 0.5046875 0.01640625 0.02890625
3 0.821875 0.45078125 0.02890625 0.06328125
3 0.865625 0.3375 0.0296875 0.05859375
3 0.8359375 0.3109375 0.034375 0.03828125
3 0.80859375 0.33203125 0.025 0.03515625
4 0.7734375 0.26328125 0.01328125 0.01796875
4 0.7578125 0.31796875 0.01015625 0.01484375
4 0.75 0.37421875 0.00546875 0.0203125
4 0.6984375 0.38359375 0.009375 0.01484375
4 0.69453125 0.3484375 0.01015625 0.015625
4 0.67890625 0.3484375 0.0109375 0.01953125
2 0.6578125 0.1515625 0.021875 0.02890625
2 0.6203125 0.159375 0.01796875 0.04296875
4 0.53828125 0.3953125 0.00859375 0.01953125
4 0.46796875 0.41875 0.01328125 0.01953125
4 0.61171875 0.36953125 0.01328125 0.0140625
4 0.64609375 0.4625 0.0109375 0.01171875
6 0.56328125 0.9546875 0.040625 0.06328125
4 0.26328125 0.06796875 0.01328125 0.01640625
4 0.21484375 0.0109375 0.01328125 0.02109375
4 0.18828125 0.0609375 0.01171875 0.01953125
4 0.1734375 0.11171875 0.00703125 0.01953125
4 0.1640625 0.03828125 0.01328125 0.02109375
4 0.1140625 0.11875 0.009375 0.01875
4 0.14609375 0.1875 0.00859375 0.01875
2 0.86484375 0.29140625 0.02578125 0.03828125
2 0.840625 0.3921875 0.02578125 0.04921875
2 0.4015625 0.14609375 0.0203125 0.03671875
3 0.52109375 0.21953125 0.021875 0.02578125
3 0.62734375 0.5078125 0.021875 0.034375
3 0.66484375 0.565625 0.0203125 0.034375
3 0.71484375 0.65 0.02890625 0.04453125
3 0.68203125 0.5875 0.0234375 0.040625
4 0.78828125 0.54609375 0.009375 0.0109375
4 0.78359375 0.55625 0.01171875 0.01171875
4 0.79296875 0.53125 0.009375 0.00859375
4 0.79375 0.52265625 0.009375 0.01015625
4 0.790625 0.53671875 0.01015625 0.00703125
4 0.7765625 0.565625 0.01328125 0.01015625
4 0.7734375 0.5734375 0.0109375 0.01015625
4 0.77109375 0.58046875 0.01171875 0.0109375
4 0.796875 0.684375 0.00859375 0.01484375
4 0.79921875 0.67109375 0.01015625 0.01328125
4 0.80703125 0.6515625 0.009375 0.01796875
4 0.815625 0.63671875 0.009375 0.0109375
4 0.78671875 0.70859375 0.009375 0.00859375
4 0.7859375 0.7140625 0.009375 0.00859375
4 0.78203125 0.71875 0.01171875 0.01328125
4 0.78046875 0.7265625 0.01015625 0.01015625
4 0.77734375 0.734375 0.01171875 0.01171875
4 0.77109375 0.74453125 0.01171875 0.01328125
4 0.771875 0.76953125 0.01171875 0.01015625
4 0.7046875 0.9734375 0.00859375 0.015625
4 0.8640625 0.4890625 0.0109375 0.01171875
4 0.86640625 0.471875 0.00859375 0.01796875
4 0.88828125 0.434375 0.009375 0.01015625
4 0.89140625 0.42578125 0.01328125 0.009375
4 0.903125 0.39609375 0.00859375 0.01796875
4 0.91953125 0.35 0.00703125 0.0140625
4 0.76953125 0.0359375 0.00859375 0.01875
4 0.77578125 0.03125 0.00703125 0.01875
4 0.6875 0.10859375 0.0046875 0.01796875
4 0.69140625 0.10703125 0.0046875 0.01875
4 0.68359375 0.1109375 0.00390625 0.01640625
4 0.6796875 0.1140625 0.00546875 0.01875
4 0.678125 0.13125 0.00859375 0.0140625
4 0.675 0.115625 0.00625 0.01640625
4 0.659375 0.1265625 0.0046875 0.01875
4 0.65390625 0.1265625 0.0046875 0.01875
4 0.64765625 0.13125 0.0046875 0.01640625
4 0.640625 0.1359375 0.00625 0.01796875
4 0.63515625 0.140625 0.00546875 0.01796875
4 0.6296875 0.14375 0.00703125 0.02109375
4 0.665625 0.12578125 0.00546875 0.01953125
4 0.66875 0.12109375 0.00546875 0.01484375
4 0.60859375 0.16015625 0.0046875 0.01953125
4 0.60859375 0.134375 0.00546875 0.01953125
4 0.6015625 0.17421875 0.00546875 0.01875
4 0.59453125 0.17890625 0.00703125 0.015625
4 0.5890625 0.175 0.00390625 0.01796875
4 0.5890625 0.1984375 0.0046875 0.02109375
4 0.58203125 0.1890625 0.00703125 0.01796875
4 0.578125 0.190625 0.0046875 0.01953125
4 0.56328125 0.20390625 0.00546875 0.0203125
4 0.553125 0.18671875 0.0046875 0.01875
4 0.5484375 0.190625 0.00703125 0.01953125
4 0.478125 0.278125 0.00546875 0.015625
4 0.46171875 0.28046875 0.0046875 0.01484375
4 0.47109375 0.28046875 0.009375 0.01640625
4 0.4546875 0.2859375 0.009375 0.0140625
4 0.4359375 0.29140625 0.0046875 0.0203125
4 0.43046875 0.2890625 0.00546875 0.01796875
4 0.42578125 0.2921875 0.0046875 0.01796875
4 0.4203125 0.2859375 0.00625 0.01796875
4 0.38671875 0.2140625 0.009375 0.01171875
4 0.51328125 0.246875 0.00859375 0.0140625
4 0.384375 0.23203125 0.009375 0.01171875
4 0.40703125 0.259375 0.00625 0.01484375
4 0.3890625 0.19140625 0.00859375 0.01640625
4 0.38828125 0.14765625 0.00546875 0.01953125
4 0.38203125 0.13046875 0.00625 0.01796875
4 0.37578125 0.1421875 0.00625 0.01875
4 0.38671875 0.10703125 0.0046875 0.01953125
4 0.3765625 0.10234375 0.00859375 0.01640625
4 0.36953125 0.07890625 0.00859375 0.01875
4 0.37421875 0.08359375 0.00625 0.015625
4 0.38125 0.11796875 0.0046875 0.015625
4 0.37578125 0.1203125 0.00625 0.01640625
4 0.37109375 0.13046875 0.00546875 0.01796875
4 0.365625 0.11875 0.00859375 0.015625
4 0.3578125 0.11875 0.00625 0.015625
4 0.36171875 0.09609375 0.00625 0.015625
4 0.3578125 0.0890625 0.00703125 0.01640625
4 0.33671875 0.10625 0.00859375 0.01953125
4 0.34375 0.11171875 0.00625 0.01640625
4 0.33828125 0.128125 0.00859375 0.015625
4 0.34765625 0.096875 0.00703125 0.01484375
4 0.321875 0.07109375 0.009375 0.01015625
4 0.32890625 0.06015625 0.00703125 0.01875
4 0.33359375 0.06640625 0.00859375 0.0140625
4 0.3109375 0.0890625 0.0109375 0.01484375
4 0.3453125 0.13984375 0.009375 0.01796875
4 0.30625 0.5875 0.00859375 0.021875
4 0.2578125 0.7703125 0.00703125 0.0203125
4 0.24375 0.76640625 0.01171875 0.01171875
4 0.234375 0.7984375 0.01015625 0.01015625
4 0.228125 0.82578125 0.01171875 0.0109375
4 0.2234375 0.840625 0.01171875 0.01015625
4 0.215625 0.8859375 0.00859375 0.02109375
4 0.38046875 0.66953125 0.00703125 0.02109375
4 0.403125 0.73984375 0.009375 0.01171875
4 0.36953125 0.79765625 0.00703125 0.01640625
6 0.07421875 0.03203125 0.0359375 0.06171875
4 0.54140625 0.4984375 0.009375 0.01015625
4 0.54296875 0.51328125 0.00703125 0.015625