4 0.01640625 0.4359375 0.01484375 0.01796875
4 0.0859375 0.44140625 0.015625 0.015625
4 0.11484375 0.43203125 0.01875 0.01796875
4 0.09765625 0.46171875 0.01484375 0.01640625
4 0.16015625 0.42421875 0.009375 0.01171875
4 0.16640625 0.4453125 0.0109375 0.0140625
4 0.16171875 0.45703125 0.01484375 0.0109375
4 0.1859375 0.46796875 0.009375 0.01171875
4 0.22578125 0.45703125 0.0109375 0.015625
4 0.25 0.45390625 0.009375 0.0109375
4 0.1609375 0.54921875 0.01640625 0.02109375
4 0.12734375 0.56953125 0.01171875 0.01484375
4 0.3 0.54453125 0.009375 0.01484375
4 0.3453125 0.55546875 0.01484375 0.0140625
4 0.3859375 0.53828125 0.009375 0.0140625
4 0.3984375 0.53125 0.0109375 0.0109375
4 0.40546875 0.5484375 0.01171875 0.01171875
4 0.40390625 0.45546875 0.01015625 0.0109375
4 0.39296875 0.4359375 0.0109375 0.01953125
4 0.39375 0.42109375 0.01171875 0.02109375
4 0.42890625 0.41953125 0.01015625 0.01484375
0 0.2515625 0.43125 0.01875 0.0140625
0 0.27265625 0.45078125 0.021875 0.01640625
0 0.22578125 0.4453125 0.01640625 0.01640625
0 0.2015625 0.4390625 0.01640625 0.01953125
1 0.2109375 0.53359375 0.05390625 0.03359375
2 0.26328125 0.55390625 0.0265625 0.0296875
2 0.2640625 0.4703125 0.02421875 0.01484375
2 0.496875 0.52578125 0.0234375 0.025
0 0.4578125 0.42890625 0.0203125 0.021875
6 0.45625 0.46796875 0.02109375 0.0234375
4 0.4546875 0.44609375 0.015625 0.0140625
4 0.45859375 0.54921875 0.01171875 0.015625
4 0.43125 0.52109375 0.0140625 0.01484375
4 0.46171875 0.56484375 0.01484375 0.01484375
4 0.49921875 0.5640625 0.01640625 0.01484375
4 0.53125 0.56015625 0.01171875 0.01640625
4 0.54765625 0.51484375 0.01328125 0.01171875
4 0.5484375 0.53046875 0.01171875 0.01171875
4 0.54296875 0.45703125 0.01484375 0.01953125
4 0.56640625 0.44609375 0.0140625 0.01875
4 0.58046875 0.428125 0.01015625 0.01015625
4 0.5875 0.4109375 0.0109375 0.01640625
4 0.59296875 0.45390625 0.0140625 0.0140625
4 0.59140625 0.53203125 0.0109375 0.01796875
4 0.56875 0.52109375 0.01015625 0.01640625
4 0.6359375 0.52421875 0.0140625 0.01484375
4 0.61328125 0.53359375 0.01015625 0.01875
4 0.6265625 0.553125 0.01015625 0.01484375
4 0.66484375 0.53046875 0.01171875 0.01484375
4 0.6734375 0.51484375 0.01328125 0.01484375
4 0.7 0.51953125 0.009375 0.00859375
4 0.728125 0.44140625 0.01171875 0.015625
4 0.74140625 0.45625 0.0140625 0.01875
4 0.775 0.4140625 0.0109375 0.0140625
4 0.76796875 0.4265625 0.01796875 0.01484375
4 0.77890625 0.44140625 0.01328125 0.01015625
0 0.75546875 0.52578125 0.01796875 0.021875
0 0.76640625 0.54765625 0.0203125 0.01953125
0 0.65546875 0.546875 0.01953125 0.01796875
0 0.85703125 0.540625 0.01484375 0.01796875
4 0.81953125 0.55703125 0.01328125 0.01640625
4 0.784375 0.55859375 0.01171875 0.01484375
6 0.82109375 0.51875 0.04609375 0.040625
4 0.884375 0.5203125 0.0203125 0.015625
4 0.85859375 0.521875 0.0109375 0.01484375
4 0.91953125 0.53203125 0.01796875 0.01484375
4 0.96171875 0.51640625 0.015625 0.0140625
4 0.95546875 0.5484375 0.01796875 0.01796875
4 0.89375 0.42890625 0.01484375 0.01171875
4 0.8625 0.41015625 0.015625 0.01328125
4 0.940625 0.41328125 0.01328125 0.01796875
4 0.9859375 0.41171875 0.015625 0.01875
4 0.96640625 0.45625 0.01484375 0.01875
0 0.55390625 0.546875 0.0203125 0.02109375
4 0.60703125 0.56875 0.0140625 0.01953125
4 0.8984375 0.453125 0.02421875 0.01953125