2 0.046875 0.96171875 0.01875 0.0265625
2 0.096875 0.8734375 0.01875 0.0265625
2 0.16484375 0.97109375 0.01953125 0.02578125
2 0.17578125 0.9890625 0.0203125 0.02109375
2 0.20078125 0.91796875 0.01875 0.03125
2 0.2125 0.9796875 0.0140625 0.03671875
2 0.23203125 0.95390625 0.01328125 0.03359375
2 0.2234375 0.90078125 0.01875 0.0359375
2 0.178125 0.82578125 0.01640625 0.02421875
2 0.1796875 0.79296875 0.01640625 0.02578125
2 0.1921875 0.80625 0.01640625 0.0234375
2 0.196875 0.76953125 0.015625 0.02890625
2 0.21484375 0.74921875 0.01484375 0.0265625
2 0.246875 0.87109375 0.015625 0.03671875
2 0.26328125 0.83203125 0.01640625 0.028125
2 0.28203125 0.8234375 0.01640625 0.021875
2 0.30078125 0.8203125 0.0140625 0.021875
2 0.31640625 0.78671875 0.01640625 0.02421875
2 0.32578125 0.8265625 0.015625 0.0265625
2 0.2296875 0.72578125 0.01640625 0.02578125
2 0.240625 0.68671875 0.015625 0.021875
2 0.24453125 0.7 0.015625 0.02890625
2 0.2515625 0.715625 0.01875 0.03359375
2 0.26015625 0.68671875 0.01875 0.025
2 0.2671875 0.69765625 0.01640625 0.02890625
2 0.2828125 0.678125 0.0140625 0.02890625
2 0.30078125 0.6609375 0.01484375 0.0234375
2 0.29609375 0.646875 0.01796875 0.0296875
2 0.31640625 0.64140625 0.01328125 0.0265625
2 0.3265625 0.609375 0.01640625 0.025
2 0.33125 0.62109375 0.015625 0.0265625
2 0.346875 0.5953125 0.0140625 0.028125
2 0.3546875 0.75859375 0.0203125 0.025
2 0.365625 0.7234375 0.01875 0.0203125
2 0.4171875 0.715625 0.01875 0.025
2 0.42578125 0.68203125 0.0234375 0.02578125
2 0.4484375 0.8484375 0.01953125 0.02578125
2 0.47421875 0.81015625 0.0109375 0.03359375
2 0.43203125 0.86640625 0.01875 0.02421875
2 0.41328125 0.88515625 0.01796875 0.021875
2 0.396875 0.89921875 0.01640625 0.025
2 0.378125 0.91953125 0.01953125 0.028125
2 0.37578125 0.9609375 0.01796875 0.0296875
2 0.3640625 0.95234375 0.0234375 0.021875
2 0.32890625 0.95390625 0.01640625 0.0265625
2 0.48203125 0.66171875 0.0203125 0.021875
2 0.4984375 0.67421875 0.025 0.0234375
2 0.5359375 0.62109375 0.01953125 0.0265625
2 0.33203125 0.31796875 0.01796875 0.03671875
2 0.3234375 0.01171875 0.015625 0.0234375
2 0.334375 0.0109375 0.01875 0.021875
2 0.31171875 0.03671875 0.015625 0.028125
2 0.321875 0.059375 0.015625 0.03046875
2 0.33671875 0.078125 0.01640625 0.03125
2 0.34453125 0.07421875 0.015625 0.0265625
2 0.35625 0.09453125 0.01640625 0.0296875
2 0.34765625 0.11171875 0.01953125 0.0359375
2 0.36171875 0.14140625 0.01640625 0.03359375
2 0.3734375 0.14375 0.01484375 0.0265625
2 0.3890625 0.16796875 0.015625 0.03125
2 0.3765625 0.17109375 0.0140625 0.03203125
2 0.39921875 0.19609375 0.01640625 0.03046875
2 0.3984375 0.21640625 0.01484375 0.0265625
2 0.4109375 0.2359375 0.015625 0.03046875
2 0.42421875 0.2296875 0.01796875 0.034375
2 0.4265625 0.25625 0.01328125 0.02578125
2 0.4171875 0.2640625 0.015625 0.02890625
2 0.440625 0.2609375 0.01484375 0.025
2 0.43828125 0.28671875 0.01640625 0.0296875
2 0.42890625 0.2875 0.01875 0.0296875
2 0.4203125 0.29296875 0.01796875 0.0234375
2 0.58125 0.32265625 0.01171875 0.03515625
2 0.584375 0.2 0.0140625 0.03125
2 0.56796875 0.1390625 0.015625 0.03359375
2 0.55625 0.05390625 0.01171875 0.03671875
2 0.5359375 0.01328125 0.01171875 0.02578125
2 0.59453125 0.065625 0.01796875 0.028125
2 0.64375 0.3125 0.01640625 0.021875
2 0.68046875 0.4109375 0.0203125 0.03046875
2 0.6609375 0.4515625 0.01796875 0.03359375
2 0.83046875 0.23203125 0.01953125 0.0296875
2 0.7984375 0.16953125 0.0140625 0.03203125
2 0.8109375 0.17890625 0.01875 0.025
2 0.82421875 0.14375 0.0109375 0.034375
2 0.8734375 0.08671875 0.015625 0.03046875
2 0.928125 0.22890625 0.02109375 0.0390625
2 0.93828125 0.2140625 0.01796875 0.034375
2 0.94609375 0.20625 0.015625 0.0296875
2 0.9390625 0.0109375 0.01953125 0.02109375
2 0.61875 0.528125 0.0203125 0.03515625
2 0.5765625 0.65078125 0.015625 0.0390625
2 0.603125 0.7015625 0.01875 0.02109375
2 0.5546875 0.78203125 0.02109375 0.02109375
2 0.68125 0.75390625 0.01796875 0.0203125
2 0.69453125 0.72109375 0.01875 0.02578125
2 0.7125 0.7359375 0.01484375 0.025
2 0.70703125 0.771875 0.01796875 0.02421875
2 0.72109375 0.76796875 0.01796875 0.02578125
2 0.759375 0.76640625 0.01875 0.025
2 0.77734375 0.80625 0.01953125 0.02890625
2 0.80390625 0.83671875 0.01796875 0.034375
2 0.80703125 0.87578125 0.01796875 0.025
2 0.8265625 0.88046875 0.015625 0.028125
2 0.84765625 0.89765625 0.01953125 0.03203125
2 0.8578125 0.89375 0.01640625 0.0265625
2 0.86875 0.7484375 0.01796875 0.03359375
2 0.8828125 0.76640625 0.0109375 0.034375
2 0.90859375 0.7765625 0.01796875 0.03359375
2 0.94296875 0.8265625 0.01640625 0.0265625
2 0.95078125 0.84296875 0.02109375 0.02578125
2 0.96171875 0.8609375 0.01875 0.0234375
2 0.97265625 0.878125 0.01953125 0.0234375
2 0.98359375 0.90703125 0.0203125 0.028125
4 0.0609375 0.96875 0.0109375 0.01640625
4 0.0640625 0.8765625 0.0109375 0.0140625
4 0.05859375 0.86171875 0.01171875 0.0140625
4 0.07578125 0.88203125 0.00703125 0.01796875
4 0.06953125 0.86640625 0.009375 0.0140625
4 0.09765625 0.91328125 0.01015625 0.0203125
4 0.10703125 0.878125 0.00703125 0.01484375
4 0.084375 0.84765625 0.0046875 0.01640625
4 0.08671875 0.84609375 0.00546875 0.015625
4 0.09140625 0.84375 0.00390625 0.01640625
4 0.0953125 0.83984375 0.00546875 0.01640625
4 0.10859375 0.82890625 0.00546875 0.01484375
4 0.1125 0.821875 0.00546875 0.01484375
4 0.11796875 0.821875 0.00625 0.01640625
4 0.1203125 0.81328125 0.00859375 0.0140625
4 0.1890625 0.79765625 0.01015625 0.01015625
4 0.19140625 0.78828125 0.01015625 0.01328125
4 0.2015625 0.778125 0.00859375 0.01171875
4 0.19375 0.76171875 0.00859375 0.0109375
4 0.20078125 0.75390625 0.00859375 0.01015625
4 0.196875 0.74609375 0.009375 0.01171875
4 0.20703125 0.74453125 0.00703125 0.0109375
4 0.215625 0.7375 0.01015625 0.00703125
4 0.2265625 0.71328125 0.0046875 0.00859375
4 0.2265625 0.703125 0.009375 0.0109375
4 0.23203125 0.70859375 0.009375 0.009375
4 0.2671875 0.6640625 0.00703125 0.01328125
4 0.27578125 0.65625 0.00859375 0.00703125
4 0.28203125 0.6515625 0.00703125 0.01171875
4 0.2984375 0.61328125 0.00859375 0.00625
4 0.29140625 0.61953125 0.00859375 0.01328125
4 0.30390625 0.603125 0.00859375 0.01015625
4 0.30390625 0.62109375 0.00703125 0.009375
4 0.3078125 0.62578125 0.009375 0.00859375
4 0.31328125 0.63125 0.00859375 0.00859375
4 0.31796875 0.62109375 0.00859375 0.01328125
4 0.32890625 0.59609375 0.009375 0.01484375
4 0.3359375 0.58125 0.00625 0.01015625
4 0.3453125 0.48984375 0.00703125 0.0109375
4 0.3109375 0.0109375 0.00625 0.015625
4 0.31796875 0.01796875 0.00625 0.01484375
4 0.33046875 0.059375 0.00703125 0.01328125
4 0.3359375 0.06015625 0.00859375 0.0140625
4 0.34140625 0.05703125 0.00859375 0.01484375
4 0.3734375 0.08046875 0.00546875 0.0140625
4 0.3609375 0.0515625 0.00703125 0.0140625
4 0.3640625 0.12421875 0.00859375 0.01796875
4 0.39609375 0.13125 0.00859375 0.009375
4 0.40078125 0.13359375 0.00703125 0.01015625
4 0.39921875 0.14609375 0.00703125 0.00703125
4 0.4015625 0.13828125 0.00859375 0.009375
4 0.40703125 0.14609375 0.00625 0.0109375
4 0.41015625 0.1359375 0.00703125 0.0109375
4 0.4078125 0.15859375 0.009375 0.009375
4 0.4125 0.1640625 0.00625 0.0109375
4 0.41953125 0.15546875 0.00546875 0.01171875
4 0.42109375 0.16015625 0.00625 0.009375
4 0.41796875 0.17578125 0.00390625 0.01328125
4 0.4265625 0.1734375 0.0046875 0.00859375
4 0.43125 0.17890625 0.00546875 0.0140625
4 0.4390625 0.1890625 0.00859375 0.01328125
4 0.4234375 0.1859375 0.00859375 0.01015625
4 0.38828125 0.18125 0.00625 0.0140625
4 0.38671875 0.2 0.00625 0.0140625
4 0.39296875 0.196875 0.00703125 0.01171875
4 0.41015625 0.203125 0.009375 0.01796875
4 0.41875 0.2140625 0.00625 0.01875
4 0.44609375 0.29140625 0.00703125 0.01484375
4 0.446875 0.28046875 0.0046875 0.01171875
4 0.45078125 0.27734375 0.00390625 0.0140625
4 0.4546875 0.28203125 0.00546875 0.01484375
4 0.5609375 0.3140625 0.00703125 0.015625
4 0.571875 0.41875 0.0109375 0.0203125
4 0.56875 0.175 0.00625 0.02578125
4 0.57109375 0.2046875 0.003125 0.0109375
4 0.60859375 0.05234375 0.00859375 0.01171875
4 0.5484375 0.03828125 0.00546875 0.0140625
4 0.75078125 0.22109375 0.00859375 0.01640625
4 0.75546875 0.21875 0.00625 0.01484375
4 0.80078125 0.25078125 0.01015625 0.01640625
4 0.815625 0.15859375 0.00859375 0.01171875
4 0.81328125 0.14921875 0.00859375 0.01171875
4 0.97578125 0.07421875 0.015625 0.0203125
4 0.63359375 0.5140625 0.00859375 0.01875
4 0.6265625 0.5328125 0.00859375 0.01875
4 0.62109375 0.55078125 0.00859375 0.01875
4 0.68671875 0.5890625 0.00859375 0.01484375
4 0.68359375 0.603125 0.00859375 0.01640625
4 0.7359375 0.6609375 0.009375 0.015625
4 0.7546875 0.659375 0.009375 0.0140625
4 0.81875 0.71640625 0.0046875 0.01171875
4 0.821875 0.71953125 0.003125 0.015625
4 0.82578125 0.72265625 0.00390625 0.015625
4 0.83515625 0.73203125 0.0046875 0.015625
4 0.8453125 0.740625 0.003125 0.015625
4 0.85078125 0.74609375 0.0046875 0.01171875
4 0.85546875 0.75234375 0.003125 0.01484375
4 0.91171875 0.79375 0.00546875 0.01640625
4 0.9765625 0.865625 0.009375 0.00859375
4 0.98203125 0.85390625 0.00859375 0.01171875
4 0.98515625 0.87421875 0.00546875 0.01484375
4 0.98828125 0.8828125 0.00703125 0.01171875
4 0.84140625 0.909375 0.0109375 0.01328125
4 0.7703125 0.815625 0.00859375 0.01171875
4 0.76484375 0.80703125 0.00859375 0.01015625
4 0.76640625 0.7890625 0.00703125 0.01171875
4 0.75703125 0.77578125 0.01015625 0.01171875
4 0.74609375 0.76640625 0.00859375 0.01328125
4 0.70546875 0.78359375 0.009375 0.01171875
4 0.69296875 0.78203125 0.00859375 0.01015625
4 0.69375 0.759375 0.00703125 0.0109375
4 0.678125 0.73828125 0.01015625 0.01171875
4 0.68203125 0.71875 0.0109375 0.009375
4 0.68359375 0.71015625 0.009375 0.01015625
4 0.69375 0.70703125 0.00703125 0.01328125
4 0.56875 0.76796875 0.00859375 0.01484375
4 0.528125 0.771875 0.009375 0.0203125
4 0.44921875 0.721875 0.0046875 0.01796875
4 0.46875 0.68125 0.01171875 0.0140625
4 0.4609375 0.7265625 0.00625 0.01640625
4 0.45703125 0.7359375 0.00546875 0.0140625
4 0.45234375 0.73671875 0.00390625 0.01796875
4 0.46171875 0.75078125 0.00859375 0.015625
4 0.4015625 0.878125 0.00859375 0.0140625
4 0.3484375 0.953125 0.009375 0.01875
4 0.38203125 0.7828125 0.009375 0.0140625
4 0.365625 0.8 0.009375 0.01171875
4 0.30078125 0.85703125 0.009375 0.01171875
4 0.246875 0.89375 0.00703125 0.009375
4 0.2296875 0.915625 0.009375 0.01875
4 0.203125 0.95078125 0.01171875 0.02109375
4 0.16484375 0.990625 0.009375 0.01484375
4 0.51640625 0.64609375 0.00859375 0.01015625
4 0.5734375 0.6109375 0.009375 0.01171875
4 0.58671875 0.603125 0.009375 0.01953125
4 0.590625 0.57109375 0.01015625 0.01953125
0 0.11171875 0.859375 0.01640625 0.02421875
0 0.26015625 0.86953125 0.015625 0.0234375
0 0.29609375 0.84921875 0.015625 0.0296875
0 0.25859375 0.6609375 0.0140625 0.0296875
0 0.27421875 0.6609375 0.0109375 0.0265625
0 0.3609375 0.78828125 0.01640625 0.02109375
0 0.40078125 0.7796875 0.01484375 0.01640625
0 0.33671875 0.58984375 0.01015625 0.021875
0 0.465625 0.73515625 0.009375 0.02421875
0 0.49296875 0.73046875 0.015625 0.0203125
0 0.59296875 0.71171875 0.01171875 0.01875
0 0.63984375 0.5640625 0.01328125 0.02421875
0 0.39921875 0.45546875 0.01171875 0.02421875
0 0.34609375 0.44140625 0.01015625 0.028125
0 0.4265625 0.31015625 0.01171875 0.021875
0 0.41015625 0.215625 0.0140625 0.0234375
0 0.40859375 0.18828125 0.01171875 0.02578125
0 0.3828125 0.1421875 0.01171875 0.021875
0 0.37421875 0.1234375 0.01484375 0.02421875
0 0.328125 0.03046875 0.0109375 0.0203125
0 0.328125 0.04296875 0.01484375 0.0234375
0 0.60625 0.2890625 0.01328125 0.0203125
0 0.60625 0.2578125 0.01484375 0.02578125
0 0.71015625 0.27265625 0.0109375 0.021875
0 0.70546875 0.38125 0.01796875 0.03515625
0 0.76015625 0.6515625 0.01640625 0.021875
0 0.68203125 0.73203125 0.01484375 0.01953125
0 0.74296875 0.7578125 0.01328125 0.01875
0 0.87421875 0.76796875 0.0140625 0.021875
0 0.8984375 0.771875 0.01171875 0.0296875
3 0.7265625 0.746875 0.01875 0.025
3 0.83046875 0.91640625 0.02109375 0.03046875
3 0.34375 0.04140625 0.0234375 0.0453125
3 0.29921875 0.01328125 0.01796875 0.0265625
3 0.3515625 0.6140625 0.025 0.04296875
3 0.2890625 0.63046875 0.01953125 0.02890625
3 0.215625 0.728125 0.0203125 0.0296875
1 0.22265625 0.759375 0.05078125 0.06953125
1 0.32109375 0.58828125 0.040625 0.071875
1 0.1078125 0.96171875 0.04140625 0.0515625
3 0.47421875 0.76953125 0.015625 0.04453125
1 0.3921875 0.240625 0.0390625 0.075
1 0.36328125 0.18125 0.03046875 0.06015625
1 0.73984375 0.8 0.04453125 0.05390625
1 0.78125 0.84296875 0.0453125 0.05703125
6 0.75 0.78359375 0.0296875 0.04296875
6 0.69921875 0.74609375 0.0296875 0.03203125