4 0.053125 0.70625 0.01328125 0.01015625
4 0.09296875 0.715625 0.01171875 0.0109375
4 0.1875 0.690625 0.0109375 0.01171875
1 0.22109375 0.66328125 0.05546875 0.02890625
1 0.27890625 0.65703125 0.0546875 0.03046875
2 0.03828125 0.78125 0.01171875 0.009375
2 0.0265625 0.79453125 0.01328125 0.0109375
2 0.19375 0.778125 0.0109375 0.01171875
0 0.140625 0.9515625 0.01484375 0.01875
4 0.309375 0.890625 0.0109375 0.0109375
4 0.3515625 0.784375 0.01171875 0.01328125
4 0.3640625 0.759375 0.01328125 0.015625
4 0.3921875 0.7921875 0.0109375 0.0140625
4 0.39296875 0.75390625 0.01171875 0.0140625
2 0.41875 0.81328125 0.03203125 0.025
4 0.33046875 0.94296875 0.01015625 0.015625
4 0.459375 0.7953125 0.01328125 0.01484375
4 0.478125 0.76953125 0.01171875 0.01484375
4 0.45546875 0.703125 0.00859375 0.015625
0 0.4859375 0.6984375 0.01328125 0.02578125
4 0.50390625 0.721875 0.00703125 0.01953125
4 0.5140625 0.7234375 0.00546875 0.02109375
4 0.51328125 0.78984375 0.0109375 0.0109375
4 0.5296875 0.77890625 0.01171875 0.01328125
2 0.53046875 0.8203125 0.025 0.03203125
4 0.5890625 0.746875 0.0109375 0.01328125
4 0.6046875 0.78203125 0.01171875 0.01171875
4 0.728125 0.77109375 0.01171875 0.01171875
4 0.83125 0.8625 0.01171875 0.0140625
0 0.90390625 0.85859375 0.0203125 0.01796875
4 0.88359375 0.728125 0.01171875 0.01015625
4 0.88203125 0.6984375 0.01171875 0.009375
2 0.85 0.70859375 0.0234375 0.0203125
4 0.53359375 0.64921875 0.00703125 0.01953125
4 0.47421875 0.6046875 0.00703125 0.0203125
4 0.48671875 0.56640625 0.00859375 0.021875
4 0.4734375 0.4890625 0.00703125 0.02109375
4 0.4734375 0.3828125 0.00859375 0.02109375
4 0.47421875 0.2390625 0.00625 0.0203125
4 0.48828125 0.06796875 0.00703125 0.025
4 0.53203125 0.0265625 0.00703125 0.01953125