4 0.3734375 0.55859375 0.01953125 0.02421875
4 0.15546875 0.45546875 0.0203125 0.02578125
2 0.0984375 0.57578125 0.03046875 0.03125
2 0.14453125 0.2796875 0.02421875 0.04375
0 0.1890625 0.39140625 0.0234375 0.028125
2 0.02890625 0.19921875 0.0234375 0.0453125
2 0.0265625 0.3046875 0.021875 0.0453125
2 0.021875 0.2515625 0.0203125 0.04453125
0 0.04140625 0.27421875 0.01796875 0.03046875
4 0.03203125 0.26484375 0.01328125 0.02421875
4 0.05 0.25234375 0.01640625 0.02421875
2 0.0296875 0.06171875 0.02578125 0.05859375
2 0.04765625 0.134375 0.02890625 0.05390625
2 0.05 0.18359375 0.028125 0.04140625
2 0.04140625 0.228125 0.0203125 0.0484375
4 0.00703125 0.259375 0.0109375 0.0296875
0 0.0140625 0.29140625 0.01484375 0.0296875
2 0.00546875 0.32109375 0.0109375 0.0484375
4 0.00546875 0.2859375 0.0109375 0.028125
4 0.73671875 0.53125 0.01875 0.021875
0 0.928125 0.49453125 0.02578125 0.03203125
2 0.89609375 0.315625 0.03359375 0.034375
2 0.97734375 0.309375 0.0390625 0.0390625
2 0.7734375 0.23828125 0.03125 0.02890625
2 0.7640625 0.15625 0.03203125 0.03046875