2 0.78203125 0.44453125 0.03828125 0.03046875
0 0.859375 0.47421875 0.03203125 0.03984375
4 0.93359375 0.57109375 0.01796875 0.034375
4 0.9484375 0.49140625 0.0140625 0.01953125
4 0.96328125 0.4546875 0.0140625 0.01796875
4 0.8015625 0.39921875 0.00703125 0.025
4 0.80859375 0.3984375 0.00625 0.0265625
4 0.809375 0.33828125 0.00703125 0.028125
4 0.81796875 0.34609375 0.00703125 0.0234375
4 0.83125 0.34296875 0.00859375 0.0234375
4 0.83828125 0.35703125 0.00625 0.02109375
4 0.86171875 0.34140625 0.00859375 0.01875
4 0.875 0.33515625 0.00859375 0.02109375
4 0.85625 0.3984375 0.00859375 0.0265625
4 0.8953125 0.396875 0.00703125 0.02109375
4 0.88046875 0.3984375 0.00625 0.0265625
4 0.88671875 0.39765625 0.00703125 0.021875
4 0.92421875 0.3953125 0.00703125 0.0234375
4 0.93125 0.3953125 0.00625 0.0203125
4 0.965625 0.3421875 0.009375 0.01953125
4 0.92109375 0.3390625 0.00859375 0.01796875
4 0.93828125 0.340625 0.01171875 0.01953125
4 0.959375 0.38984375 0.00625 0.0234375
4 0.95234375 0.39140625 0.00625 0.0234375
4 0.903125 0.44921875 0.015625 0.01484375
0 0.8296875 0.67109375 0.01328125 0.03203125
0 0.85 0.6640625 0.01328125 0.02890625
4 0.8421875 0.6859375 0.00546875 0.028125
4 0.78515625 0.67890625 0.015625 0.0140625
4 0.74921875 0.6515625 0.01484375 0.01328125
4 0.7484375 0.665625 0.01328125 0.01171875
4 0.7484375 0.68125 0.01171875 0.01171875
4 0.7453125 0.6921875 0.01328125 0.009375
4 0.78203125 0.6984375 0.01171875 0.0140625
2 0.778125 0.73828125 0.0203125 0.05
2 0.75 0.87265625 0.02890625 0.03046875
4 0.6125 0.47265625 0.01328125 0.0203125
4 0.63828125 0.56015625 0.01640625 0.01796875
4 0.6484375 0.57421875 0.01328125 0.015625
4 0.6578125 0.59296875 0.0140625 0.01484375
4 0.70703125 0.53125 0.0140625 0.01953125
0 0.5046875 0.79296875 0.01484375 0.03203125
0 0.4484375 0.76640625 0.0140625 0.0359375
0 0.41953125 0.8171875 0.01015625 0.0390625
0 0.434375 0.8328125 0.009375 0.03203125
4 0.42734375 0.82578125 0.00546875 0.0265625
4 0.42578125 0.94375 0.01171875 0.0265625
4 0.37734375 0.971875 0.009375 0.034375
4 0.465625 0.9859375 0.01015625 0.025
0 0.30703125 0.853125 0.0203125 0.03515625
4 0.3984375 0.6328125 0.01171875 0.02421875
0 0.36640625 0.6359375 0.021875 0.02421875
2 0.24296875 0.60546875 0.02578125 0.02890625
0 0.209375 0.64453125 0.0234375 0.0203125
2 0.13359375 0.57109375 0.0296875 0.0234375
2 0.13046875 0.60703125 0.03046875 0.02890625
2 0.1703125 0.584375 0.02890625 0.0296875
4 0.16171875 0.63203125 0.01171875 0.01640625
4 0.1703125 0.62109375 0.01171875 0.0140625
4 0.15859375 0.60703125 0.01328125 0.0140625
4 0.0828125 0.57890625 0.01796875 0.01796875
4 0.0578125 0.578125 0.0140625 0.015625
4 0.040625 0.5578125 0.01640625 0.01484375
4 0.021875 0.5421875 0.015625 0.01484375
4 0.0265625 0.578125 0.0140625 0.01796875
2 0.10859375 0.64375 0.02421875 0.03515625
4 0.10078125 0.415625 0.01875 0.01875
4 0.121875 0.38828125 0.0140625 0.01328125
0 0.13359375 0.409375 0.02109375 0.01953125
0 0.16796875 0.40703125 0.02421875 0.0203125
4 0.278125 0.46171875 0.0203125 0.01875
0 0.33828125 0.44375 0.01640625 0.01796875
0 0.3453125 0.46171875 0.01875 0.01875
2 0.31796875 0.484375 0.02421875 0.0203125
2 0.365625 0.48515625 0.025 0.02109375
0 0.34453125 0.50390625 0.02109375 0.01875
0 0.36328125 0.50703125 0.02109375 0.01796875
0 0.3640625 0.4609375 0.01875 0.01875
4 0.36328125 0.41875 0.0140625 0.0140625
4 0.346875 0.43046875 0.0140625 0.01484375
4 0.32265625 0.44453125 0.01171875 0.01328125
4 0.33046875 0.4640625 0.01015625 0.01171875
4 0.31875 0.46875 0.01171875 0.01328125
4 0.31875 0.45625 0.0140625 0.0109375
4 0.37421875 0.43515625 0.01171875 0.01171875
4 0.3609375 0.43203125 0.0140625 0.0140625
4 0.3578125 0.4453125 0.01171875 0.01328125
4 0.31171875 0.5015625 0.0203125 0.01328125
4 0.34453125 0.47734375 0.01015625 0.01328125
4 0.36171875 0.35390625 0.009375 0.025
4 0.37421875 0.35 0.00859375 0.02578125
4 0.3859375 0.34765625 0.00625 0.021875
4 0.39453125 0.3484375 0.00390625 0.01796875
4 0.3890625 0.38125 0.01171875 0.0140625
4 0.4046875 0.34609375 0.0046875 0.0203125
4 0.39765625 0.30703125 0.00703125 0.01484375
4 0.421875 0.3140625 0.009375 0.01640625
4 0.4359375 0.29140625 0.009375 0.01328125
4 0.41953125 0.26796875 0.009375 0.01328125
4 0.4171875 0.2828125 0.01015625 0.0109375
4 0.409375 0.30078125 0.00859375 0.01796875
4 0.44921875 0.21171875 0.00859375 0.01015625
4 0.44453125 0.2359375 0.0109375 0.00703125
4 0.45546875 0.24921875 0.009375 0.0109375
4 0.446875 0.26640625 0.00625 0.01484375
4 0.43359375 0.2484375 0.0109375 0.00703125
4 0.434375 0.25546875 0.0109375 0.00703125
4 0.4296875 0.265625 0.00703125 0.0109375
4 0.43828125 0.30625 0.00625 0.01484375
4 0.43828125 0.27265625 0.00625 0.01328125
4 0.51328125 0.26953125 0.00546875 0.01953125
4 0.5359375 0.32578125 0.00859375 0.015625
0 0.46171875 0.2671875 0.01328125 0.02890625
2 0.4828125 0.115625 0.01875 0.04296875
4 0.4734375 0.14453125 0.01328125 0.0140625
4 0.4703125 0.159375 0.0140625 0.01328125
2 0.60859375 0.0265625 0.0140625 0.053125
0 0.621875 0.02890625 0.01015625 0.03359375
0 0.59921875 0.08359375 0.01328125 0.040625
0 0.6234375 0.08046875 0.0140625 0.0453125
4 0.609375 0.06640625 0.01015625 0.02421875
4 0.60703125 0.09453125 0.00859375 0.01796875
4 0.6015625 0.10546875 0.00703125 0.021875
0 0.63359375 0.03828125 0.01015625 0.03203125
0 0.61015625 0.121875 0.01171875 0.03203125
4 0.5984375 0.14296875 0.00859375 0.021875
4 0.60859375 0.16484375 0.00703125 0.025
0 0.603125 0.1953125 0.0109375 0.028125
2 0.59609375 0.1796875 0.015625 0.04453125
0 0.58828125 0.2890625 0.01328125 0.03125
0 0.58359375 0.22265625 0.0140625 0.03046875
0 0.603125 0.23203125 0.00703125 0.03046875
0 0.58203125 0.259375 0.01171875 0.0296875
0 0.59296875 0.25390625 0.01015625 0.03125
4 0.54453125 0.2515625 0.0109375 0.025
4 0.5390625 0.28125 0.00703125 0.02578125
4 0.56015625 0.29921875 0.00859375 0.0234375
4 0.5734375 0.25390625 0.00546875 0.028125
4 0.59375 0.22578125 0.00703125 0.02421875
6 0.58203125 0.15625 0.05 0.11796875
6 0.55078125 0.25546875 0.04609375 0.08984375
0 0.57109375 0.35859375 0.0203125 0.03046875
0 0.5796875 0.384375 0.01015625 0.03125
4 0.61796875 0.30859375 0.009375 0.01640625
4 0.61953125 0.32890625 0.00703125 0.01640625
4 0.628125 0.31171875 0.01171875 0.01171875
4 0.628125 0.346875 0.00859375 0.0140625
4 0.6296875 0.325 0.00859375 0.01328125
4 0.64375 0.38046875 0.00546875 0.0203125
4 0.6359375 0.36953125 0.00703125 0.01875
4 0.63671875 0.34921875 0.00625 0.01640625