2 0.93046875 0.79921875 0.01015625 0.01171875
2 0.93125 0.8140625 0.01171875 0.0109375
2 0.98125 0.81328125 0.0140625 0.021875
2 0.96953125 0.8625 0.01171875 0.01796875
2 0.98671875 0.88203125 0.01484375 0.02109375
2 0.99609375 0.91328125 0.00703125 0.0203125
2 0.96640625 0.921875 0.009375 0.0203125
2 0.95390625 0.8734375 0.009375 0.02578125
2 0.946875 0.89921875 0.00625 0.02109375
2 0.93828125 0.90625 0.00859375 0.02578125
4 0.91953125 0.6015625 0.00703125 0.0109375
4 0.9078125 0.60546875 0.00703125 0.00859375
4 0.85 0.63671875 0.00546875 0.0109375
4 0.83671875 0.59296875 0.00546875 0.00859375
0 0.859375 0.58515625 0.01328125 0.0140625
0 0.815625 0.64296875 0.01328125 0.01328125
0 0.815625 0.6015625 0.01015625 0.00859375
0 0.78984375 0.60390625 0.01171875 0.0109375
0 0.74921875 0.66640625 0.01796875 0.01171875
5 0.9609375 0.5625 0.06796875 0.0234375
6 0.87890625 0.6375 0.0359375 0.01953125
3 0.8296875 0.609375 0.00859375 0.02421875
3 0.75 0.853125 0.01875 0.01171875
3 0.709375 0.896875 0.00703125 0.03125
3 0.67734375 0.61875 0.00859375 0.0203125
6 0.8140625 0.56328125 0.0265625 0.025
6 0.7171875 0.60078125 0.02578125 0.01640625
2 0.76953125 0.58125 0.0109375 0.0109375
2 0.71328125 0.65078125 0.00859375 0.02109375
2 0.66015625 0.63203125 0.00703125 0.0234375
2 0.66796875 0.6296875 0.00625 0.021875
2 0.67265625 0.6671875 0.00625 0.02421875
2 0.59453125 0.5609375 0.01328125 0.0109375
2 0.5703125 0.62109375 0.01171875 0.01171875
4 0.78359375 0.621875 0.00859375 0.01015625
3 0.74453125 0.596875 0.01953125 0.01328125
4 0.6765625 0.5453125 0.00625 0.00859375
4 0.41171875 0.60078125 0.00546875 0.009375
2 0.46953125 0.53828125 0.01484375 0.01484375
2 0.30859375 0.58359375 0.0140625 0.01171875
0 0.39296875 0.55078125 0.01171875 0.0109375
5 0.26875 0.628125 0.03125 0.01640625
5 0.13359375 0.63359375 0.03671875 0.01796875
5 0.1078125 0.66640625 0.03671875 0.01796875
6 0.109375 0.6 0.02890625 0.015625
5 0.01953125 0.73828125 0.0109375 0.046875
5 0.05078125 0.7234375 0.01484375 0.0546875
5 0.01484375 0.92890625 0.0109375 0.046875
5 0.05859375 0.46328125 0.04140625 0.01875
6 0.17421875 0.49453125 0.03203125 0.01796875
6 0.27578125 0.45078125 0.04375 0.01484375
6 0.31484375 0.46640625 0.0296875 0.01640625
6 0.38203125 0.45 0.0296875 0.015625
6 0.4328125 0.471875 0.03125 0.015625
6 0.490625 0.44921875 0.02890625 0.01484375
6 0.55703125 0.44921875 0.040625 0.01640625
5 0.61484375 0.47109375 0.0359375 0.01328125
4 0.64375 0.44453125 0.00625 0.00703125
6 0.68671875 0.44765625 0.03203125 0.01484375
2 0.684375 0.484375 0.01328125 0.0140625
2 0.68203125 0.41640625 0.01484375 0.01171875
2 0.7015625 0.4046875 0.01328125 0.01015625
2 0.83984375 0.48828125 0.01328125 0.00859375
6 0.96953125 0.396875 0.028125 0.01796875
3 0.9359375 0.38828125 0.01875 0.01484375
3 0.9921875 0.29296875 0.00703125 0.028125
4 0.96640625 0.23828125 0.00546875 0.01328125
3 0.8390625 0.2296875 0.00859375 0.034375
5 0.84453125 0.38671875 0.046875 0.01640625
5 0.7140625 0.378125 0.04375 0.01796875
5 0.65703125 0.37890625 0.040625 0.01875
0 0.68125 0.39609375 0.009375 0.00859375
4 0.08671875 0.40078125 0.00859375 0.009375
4 0.57734375 0.23046875 0.003125 0.01640625
4 0.57421875 0.23203125 0.0015625 0.01171875
4 0.571875 0.221875 0.0015625 0.0109375
4 0.5703125 0.234375 0.003125 0.01171875
4 0.56328125 0.23125 0.003125 0.01328125
4 0.56015625 0.23125 0.003125 0.0140625
4 0.5796875 0.29375 0.003125 0.01171875
4 0.575 0.2984375 0.003125 0.01171875
4 0.57109375 0.28828125 0.003125 0.00859375
4 0.56796875 0.28203125 0.003125 0.0109375
4 0.5640625 0.27578125 0.0046875 0.0140625
4 0.56484375 0.290625 0.003125 0.0109375
4 0.54375 0.27109375 0.003125 0.01171875
4 0.5421875 0.284375 0.0015625 0.0140625
4 0.5375 0.284375 0.003125 0.0140625
4 0.53359375 0.28671875 0.003125 0.0109375
4 0.52109375 0.26953125 0.0015625 0.01484375
4 0.52421875 0.2703125 0.0015625 0.0140625
4 0.51328125 0.26953125 0.003125 0.01171875
4 0.40390625 0.25859375 0.0015625 0.01015625
4 0.40703125 0.25859375 0.0015625 0.01015625
4 0.428125 0.19375 0.0046875 0.01015625
4 0.52109375 0.21875 0.003125 0.00859375
4 0.52578125 0.21875 0.0015625 0.00859375
4 0.528125 0.21953125 0.003125 0.00859375
4 0.5421875 0.21953125 0.003125 0.0140625
2 0.3859375 0.20546875 0.01484375 0.01328125
2 0.3953125 0.24296875 0.0109375 0.01796875
2 0.334375 0.27578125 0.01640625 0.01171875
2 0.5015625 0.31953125 0.00625 0.025
2 0.5125 0.31796875 0.00546875 0.02578125
2 0.553125 0.31015625 0.00703125 0.0234375
2 0.5625 0.31171875 0.00703125 0.021875