0 0.31328125 0.771875 0.01640625 0.03203125
0 0.30546875 0.84765625 0.01875 0.0359375
4 0.34453125 0.89921875 0.015625 0.01875
4 0.384375 0.9765625 0.01015625 0.02890625
4 0.371875 0.96640625 0.009375 0.0296875
0 0.4484375 0.76171875 0.01484375 0.03671875
0 0.4203125 0.81328125 0.01328125 0.03515625
0 0.4359375 0.82890625 0.01171875 0.0390625
0 0.503125 0.72421875 0.01640625 0.034375
2 0.371875 0.61875 0.03203125 0.028125
4 0.39375 0.6421875 0.015625 0.02109375
4 0.51796875 0.6390625 0.00859375 0.02578125
0 0.55 0.578125 0.02421875 0.028125
0 0.5671875 0.63125 0.01953125 0.02890625
4 0.59609375 0.58984375 0.01953125 0.0234375
4 0.61328125 0.48125 0.0140625 0.0359375
4 0.71328125 0.5578125 0.02109375 0.01796875
4 0.7984375 0.578125 0.01875 0.0234375
4 0.81796875 0.55390625 0.01640625 0.01953125
4 0.73359375 0.4859375 0.01484375 0.01796875
0 0.71953125 0.4625 0.03125 0.01953125
2 0.78125 0.43984375 0.034375 0.02890625
4 0.84921875 0.4625 0.01796875 0.01875
4 0.90078125 0.57734375 0.01796875 0.02421875
4 0.96328125 0.58828125 0.01796875 0.02421875
4 0.75078125 0.64921875 0.01796875 0.0109375
4 0.74921875 0.6609375 0.01484375 0.01484375
4 0.75 0.67734375 0.01796875 0.01484375
4 0.7859375 0.67578125 0.01640625 0.01796875
4 0.7828125 0.69609375 0.015625 0.01484375
0 0.83125 0.66328125 0.01171875 0.04296875
0 0.8515625 0.66171875 0.0140625 0.03671875
4 0.84296875 0.68046875 0.00703125 0.0265625
2 0.77578125 0.73359375 0.03359375 0.05546875
2 0.75078125 0.86875 0.02890625 0.03984375
4 0.8015625 0.39609375 0.00859375 0.02421875
4 0.81015625 0.33359375 0.00546875 0.03125
4 0.83046875 0.340625 0.01015625 0.0234375
4 0.81796875 0.34375 0.009375 0.025
4 0.809375 0.396875 0.00859375 0.0234375
4 0.85859375 0.39765625 0.01171875 0.021875
4 0.83984375 0.35546875 0.00859375 0.0265625
4 0.88125 0.39375 0.00859375 0.03046875
4 0.86171875 0.3390625 0.0109375 0.021875
4 0.8953125 0.39375 0.00703125 0.0234375
4 0.965625 0.33984375 0.01015625 0.01953125
4 0.92421875 0.39140625 0.01015625 0.01953125
4 0.9609375 0.38671875 0.00625 0.0203125
4 0.91953125 0.334375 0.009375 0.0234375
4 0.878125 0.33125 0.0109375 0.02578125
4 0.1484375 0.415625 0.02109375 0.025
4 0.17421875 0.45390625 0.015625 0.0203125
2 0.2140625 0.44609375 0.0265625 0.025
4 0.2671875 0.42109375 0.015625 0.01640625
2 0.05 0.5390625 0.0296875 0.03046875
2 0.08828125 0.55078125 0.03046875 0.03046875
0 0.18359375 0.58671875 0.02578125 0.0296875
0 0.1765625 0.621875 0.0234375 0.0296875
2 0.21875 0.59375 0.02578125 0.028125
2 0.27578125 0.609375 0.02578125 0.0265625
2 0.31875 0.61875 0.03125 0.03046875
4 0.3203125 0.6484375 0.01875 0.01953125
4 0.12578125 0.5859375 0.01796875 0.01875
4 0.14296875 0.609375 0.015625 0.0203125
4 0.1140625 0.60625 0.01640625 0.0203125
4 0.028125 0.553125 0.0140625 0.02109375
4 0.0484375 0.56015625 0.015625 0.01171875
4 0.06015625 0.57421875 0.01484375 0.01640625
4 0.065625 0.59140625 0.0140625 0.015625
4 0.103125 0.5734375 0.01484375 0.015625
4 0.10078125 0.58828125 0.015625 0.01328125
2 0.109375 0.64140625 0.0296875 0.03125
0 0.33984375 0.44140625 0.01796875 0.015625
0 0.346875 0.46015625 0.01796875 0.01484375
0 0.36640625 0.46015625 0.01875 0.01640625
0 0.34375 0.5015625 0.01875 0.01640625
0 0.3640625 0.50546875 0.02109375 0.021875
2 0.365625 0.4828125 0.03203125 0.02421875
4 0.3625 0.41640625 0.01484375 0.0140625
4 0.31953125 0.46640625 0.0109375 0.01640625
4 0.346875 0.4265625 0.01640625 0.01484375
4 0.3234375 0.44296875 0.01171875 0.0109375
4 0.33046875 0.4609375 0.01015625 0.0109375
4 0.3359375 0.47421875 0.0140625 0.0109375
4 0.37578125 0.43203125 0.01171875 0.01328125
4 0.35859375 0.44453125 0.01328125 0.0109375
4 0.3609375 0.43046875 0.01328125 0.01171875
4 0.37109375 0.4453125 0.01640625 0.01171875
4 0.3609375 0.353125 0.00625 0.02890625
4 0.37421875 0.3484375 0.0046875 0.03203125
4 0.38046875 0.3484375 0.00546875 0.03125
4 0.3859375 0.3484375 0.0046875 0.02890625
4 0.39140625 0.3484375 0.0046875 0.03046875
4 0.3953125 0.3484375 0.0046875 0.028125
4 0.4046875 0.34609375 0.00703125 0.02890625
4 0.4140625 0.34140625 0.00703125 0.028125
4 0.396875 0.30625 0.01015625 0.0203125
4 0.409375 0.2984375 0.00859375 0.02109375
4 0.421875 0.31171875 0.01015625 0.0109375
4 0.43046875 0.2625 0.00859375 0.01953125
4 0.41796875 0.2796875 0.009375 0.01484375
4 0.41953125 0.2640625 0.0109375 0.01171875
4 0.44453125 0.2625 0.009375 0.01640625
4 0.428125 0.296875 0.009375 0.015625
4 0.43984375 0.3046875 0.009375 0.015625
4 0.440625 0.27890625 0.0140625 0.01171875
4 0.43515625 0.28828125 0.01171875 0.01328125
4 0.44765625 0.29296875 0.00703125 0.0203125
4 0.44453125 0.23203125 0.0140625 0.01328125
4 0.43359375 0.24609375 0.0140625 0.009375
4 0.45546875 0.24453125 0.009375 0.01796875
0 0.4640625 0.26796875 0.01875 0.03515625
2 0.53359375 0.04375 0.01484375 0.04921875
2 0.484375 0.115625 0.025 0.0390625
4 0.47421875 0.14375 0.01171875 0.0109375
4 0.47109375 0.15625 0.0140625 0.01171875
4 0.45078125 0.18828125 0.01328125 0.01171875
4 0.4484375 0.209375 0.0140625 0.0109375
4 0.53828125 0.32421875 0.015625 0.0203125
0 0.63359375 0.02578125 0.009375 0.03359375
0 0.621875 0.0265625 0.01171875 0.04140625
2 0.60703125 0.02578125 0.01796875 0.04921875
4 0.609375 0.06328125 0.009375 0.01953125
4 0.6359375 0.05 0.009375 0.0265625
2 0.621875 0.078125 0.015625 0.05
0 0.596875 0.07890625 0.01328125 0.0390625
4 0.60859375 0.09296875 0.00859375 0.01953125
0 0.61015625 0.11796875 0.009375 0.028125
4 0.62109375 0.11640625 0.01171875 0.025
4 0.5984375 0.1390625 0.00859375 0.0203125
4 0.6015625 0.10078125 0.00546875 0.0203125
4 0.60703125 0.1625 0.00703125 0.02890625
0 0.60234375 0.23125 0.009375 0.03828125
0 0.60390625 0.19375 0.009375 0.0265625
0 0.58359375 0.21796875 0.01015625 0.034375
0 0.58828125 0.2875 0.01171875 0.03359375
0 0.58203125 0.25703125 0.0109375 0.028125
0 0.59296875 0.25234375 0.009375 0.03359375
4 0.59375 0.221875 0.00703125 0.01953125
4 0.56171875 0.29609375 0.009375 0.02109375
4 0.5453125 0.246875 0.0109375 0.0203125
4 0.540625 0.27421875 0.01015625 0.01875
4 0.5734375 0.25234375 0.00546875 0.02890625
2 0.59453125 0.17890625 0.01484375 0.05625
6 0.58125 0.15625 0.05390625 0.1
6 0.55625 0.2578125 0.040625 0.10078125
0 0.57890625 0.38203125 0.01171875 0.03125
0 0.5734375 0.35625 0.015625 0.025
4 0.61796875 0.30625 0.00859375 0.01875
4 0.6203125 0.32734375 0.00859375 0.01640625
4 0.63046875 0.34140625 0.00859375 0.01484375
4 0.628125 0.30703125 0.0109375 0.01484375
4 0.63671875 0.365625 0.01015625 0.01328125
4 0.63984375 0.3484375 0.009375 0.0140625