2 0.04296875 0.959375 0.01796875 0.02890625
2 0.08671875 0.89765625 0.01953125 0.0296875
2 0.09296875 0.8703125 0.01796875 0.02890625
2 0.134375 0.8765625 0.01796875 0.03203125
2 0.209375 0.975 0.01640625 0.03515625
2 0.2296875 0.94453125 0.01875 0.04609375
2 0.328125 0.9484375 0.0203125 0.028125
2 0.37265625 0.95546875 0.01640625 0.0296875
2 0.190625 0.7671875 0.015625 0.0296875
2 0.228125 0.74375 0.01640625 0.03359375
2 0.24765625 0.721875 0.01953125 0.03125
2 0.24453125 0.7 0.0203125 0.0296875
2 0.24453125 0.67578125 0.0140625 0.028125
2 0.26640625 0.69296875 0.01328125 0.021875
2 0.26328125 0.678125 0.01875 0.025
2 0.27890625 0.675 0.01640625 0.02421875
2 0.26328125 0.653125 0.01640625 0.02578125
2 0.278125 0.6375 0.01484375 0.02890625
2 0.3015625 0.62421875 0.01796875 0.02421875
2 0.2921875 0.6171875 0.01640625 0.0296875
2 0.31640625 0.60234375 0.01875 0.02890625
2 0.340625 0.59140625 0.015625 0.02578125
2 0.3875 0.7359375 0.02109375 0.028125
2 0.34609375 0.76953125 0.0203125 0.021875
2 0.3234375 0.8203125 0.01875 0.0265625
2 0.465625 0.67421875 0.01796875 0.0234375
2 0.49921875 0.66328125 0.01953125 0.02109375
2 0.521875 0.63125 0.01953125 0.02578125
2 0.5375 0.60703125 0.0203125 0.025
2 0.56015625 0.58125 0.021875 0.0296875
2 0.59140625 0.5609375 0.01796875 0.0296875
2 0.596875 0.5203125 0.015625 0.040625
2 0.63515625 0.51953125 0.01484375 0.03046875
2 0.6203125 0.51015625 0.01953125 0.0359375
2 0.5890625 0.45625 0.01328125 0.03203125
2 0.64921875 0.45625 0.01640625 0.03125
2 0.67265625 0.42421875 0.01640625 0.03203125
2 0.6390625 0.30390625 0.0203125 0.0265625
2 0.68203125 0.29453125 0.0203125 0.01953125
2 0.58046875 0.19296875 0.015625 0.03046875
2 0.553125 0.21171875 0.0109375 0.04296875
2 0.5640625 0.13046875 0.01328125 0.03515625
2 0.55390625 0.04453125 0.01328125 0.034375
2 0.590625 0.05390625 0.01796875 0.03203125
2 0.24921875 0.128125 0.0203125 0.03359375
2 0.271875 0.16484375 0.01640625 0.034375
2 0.32734375 0.3125 0.0140625 0.03125
2 0.3203125 0.009375 0.0140625 0.01875
2 0.33125 0.00859375 0.015625 0.0171875
2 0.33125 0.05625 0.01640625 0.03203125
2 0.3234375 0.06953125 0.01875 0.03359375
2 0.33828125 0.08828125 0.01796875 0.03828125
2 0.34921875 0.115625 0.01484375 0.0296875
2 0.3609375 0.14296875 0.01796875 0.03515625
2 0.36171875 0.11640625 0.0140625 0.03046875
2 0.37421875 0.1140625 0.01328125 0.03203125
2 0.38671875 0.1890625 0.01640625 0.03125
2 0.409375 0.21015625 0.01484375 0.03046875
2 0.421875 0.23671875 0.01484375 0.03125
2 0.428125 0.28828125 0.015625 0.02890625
2 0.43515625 0.27421875 0.01484375 0.03046875
2 0.7078125 0.37265625 0.025 0.0359375
2 0.75234375 0.3296875 0.0265625 0.02890625
2 0.82109375 0.3328125 0.01796875 0.0390625
2 0.79375 0.15703125 0.0140625 0.0390625
2 0.81953125 0.134375 0.0140625 0.03828125
2 0.84609375 0.0984375 0.01640625 0.0359375
2 0.9234375 0.21953125 0.0203125 0.03828125
2 0.93125 0.20234375 0.0234375 0.04375
2 0.94453125 0.196875 0.02109375 0.03515625
2 0.96171875 0.046875 0.02109375 0.03203125
2 0.98984375 0.02734375 0.0203125 0.0359375
2 0.4359375 0.45703125 0.021875 0.03515625
2 0.4328125 0.52421875 0.01640625 0.0359375
2 0.61796875 0.7484375 0.01953125 0.0203125
2 0.68671875 0.7484375 0.01875 0.01796875
2 0.6953125 0.73046875 0.02578125 0.03125
2 0.80625 0.84453125 0.02421875 0.03515625
2 0.81171875 0.86953125 0.0234375 0.02890625
2 0.9328125 0.9734375 0.02109375 0.03125
2 0.97578125 0.89453125 0.025 0.0265625
2 0.95859375 0.85078125 0.0203125 0.01796875
2 0.940625 0.83515625 0.025 0.02109375
2 0.94140625 0.8109375 0.02421875 0.03828125
2 0.90546875 0.76484375 0.01484375 0.03203125
2 0.87890625 0.75078125 0.01171875 0.03046875
2 0.8640625 0.73671875 0.01796875 0.03359375
4 0.0578125 0.9640625 0.0109375 0.01796875
4 0.09296875 0.92109375 0.0109375 0.015625
4 0.0515625 0.8515625 0.00703125 0.01484375
4 0.05390625 0.8609375 0.009375 0.01484375
4 0.05546875 0.86796875 0.009375 0.015625
4 0.06015625 0.8734375 0.00625 0.015625
4 0.06796875 0.8640625 0.00703125 0.01171875
4 0.0796875 0.84921875 0.00703125 0.0140625
4 0.08359375 0.84453125 0.00546875 0.01484375
4 0.08828125 0.84140625 0.0046875 0.01484375
4 0.09296875 0.840625 0.00625 0.015625
4 0.115625 0.8484375 0.01171875 0.01640625
4 0.10546875 0.82421875 0.00859375 0.01640625
4 0.11015625 0.81953125 0.00703125 0.0140625
4 0.11484375 0.81328125 0.00703125 0.0140625
4 0.228125 0.71328125 0.00546875 0.01328125
4 0.25546875 0.696875 0.00859375 0.01484375
4 0.24609375 0.68203125 0.00859375 0.0109375
4 0.23359375 0.68359375 0.00859375 0.01015625
4 0.27109375 0.659375 0.00859375 0.01015625
4 0.278125 0.65078125 0.00703125 0.01171875
4 0.30703125 0.6046875 0.00625 0.0109375
4 0.34296875 0.60078125 0.00625 0.015625
4 0.3265625 0.5921875 0.00625 0.009375
4 0.334375 0.58671875 0.00546875 0.0109375
4 0.32578125 0.56640625 0.00546875 0.01015625
4 0.32734375 0.584375 0.00625 0.00859375
4 0.33125 0.5640625 0.00703125 0.009375
4 0.334375 0.578125 0.00703125 0.009375
4 0.26796875 0.1140625 0.009375 0.01875
4 0.31875 0.02890625 0.0109375 0.01640625
4 0.3265625 0.03203125 0.00859375 0.01796875
4 0.36875 0.0734375 0.0046875 0.01015625
4 0.35078125 0.1015625 0.00703125 0.01484375
4 0.36328125 0.10546875 0.00703125 0.01484375
4 0.38359375 0.1265625 0.00546875 0.01328125
4 0.39375 0.1234375 0.00703125 0.01015625
4 0.396875 0.12890625 0.00703125 0.0109375
4 0.39921875 0.134375 0.00703125 0.0109375
4 0.403125 0.14375 0.01015625 0.009375
4 0.40546875 0.15234375 0.00625 0.01015625
4 0.41015625 0.16640625 0.00546875 0.01640625
4 0.415625 0.16953125 0.0046875 0.01328125
4 0.41484375 0.14765625 0.00546875 0.01328125
4 0.42109375 0.165625 0.00546875 0.01171875
4 0.428125 0.17109375 0.00703125 0.01484375
4 0.41796875 0.21484375 0.00625 0.0140625
4 0.43359375 0.20390625 0.009375 0.015625
4 0.4234375 0.2265625 0.00625 0.0140625
4 0.41328125 0.246875 0.00859375 0.01875
4 0.43046875 0.2390625 0.00625 0.01640625
4 0.4359375 0.25 0.00546875 0.01328125
4 0.4421875 0.2609375 0.00859375 0.01484375
4 0.44921875 0.27578125 0.00859375 0.01015625
4 0.44296875 0.2765625 0.00625 0.01796875
4 0.49453125 0.3328125 0.009375 0.0234375
4 0.57109375 0.2625 0.0109375 0.0234375
4 0.5609375 0.1609375 0.00703125 0.01953125
4 0.746875 0.21328125 0.00703125 0.0109375
4 0.7515625 0.21015625 0.00859375 0.01484375
4 0.81015625 0.1484375 0.00859375 0.0109375
4 0.63359375 0.43046875 0.00703125 0.01640625
4 0.6265625 0.44296875 0.01015625 0.009375
4 0.76640625 0.6328125 0.00703125 0.01328125
4 0.815625 0.70390625 0.00390625 0.01484375
4 0.81796875 0.70703125 0.003125 0.01484375
4 0.821875 0.7109375 0.0046875 0.0140625
4 0.83203125 0.7203125 0.003125 0.01171875
4 0.84296875 0.728125 0.003125 0.01015625
4 0.846875 0.73203125 0.0046875 0.0109375
4 0.8515625 0.73984375 0.0046875 0.01015625
4 0.90859375 0.7828125 0.00546875 0.01484375
4 0.92109375 0.80625 0.00859375 0.01640625
4 0.98359375 0.88046875 0.01015625 0.00859375
4 0.971875 0.85390625 0.00859375 0.003125
4 0.9765625 0.8359375 0.01015625 0.00625
4 0.97890625 0.84375 0.01015625 0.00859375
4 0.75078125 0.784375 0.0109375 0.0140625
4 0.68828125 0.69921875 0.009375 0.01015625
4 0.6765625 0.6984375 0.009375 0.01171875
4 0.678125 0.72109375 0.01015625 0.0109375
4 0.59453125 0.71484375 0.01015625 0.0109375
4 0.565625 0.7125 0.0109375 0.0109375
4 0.54453125 0.7171875 0.01015625 0.0140625
4 0.52578125 0.671875 0.01171875 0.01171875
4 0.53515625 0.64375 0.00859375 0.009375
4 0.54296875 0.63515625 0.00703125 0.0109375
4 0.55546875 0.61796875 0.00859375 0.0109375
4 0.5609375 0.60703125 0.01015625 0.01015625
4 0.49453125 0.7015625 0.01171875 0.01328125
4 0.490625 0.60625 0.009375 0.015625
4 0.47734375 0.60859375 0.009375 0.01484375
4 0.46796875 0.72890625 0.00546875 0.01640625
4 0.46171875 0.715625 0.00703125 0.015625
4 0.45859375 0.653125 0.0109375 0.0140625
4 0.45234375 0.584375 0.009375 0.015625
4 0.421875 0.53984375 0.00859375 0.01640625
4 0.42578125 0.5640625 0.009375 0.01640625
4 0.378125 0.915625 0.01015625 0.0140625
4 0.36640625 0.92421875 0.01171875 0.01796875
4 0.31953125 0.990625 0.0109375 0.015625
4 0.40546875 0.74296875 0.009375 0.01484375
4 0.36171875 0.7921875 0.00859375 0.00859375
4 0.2984375 0.82109375 0.01171875 0.01484375
4 0.2984375 0.85078125 0.009375 0.01171875
4 0.265625 0.87109375 0.01015625 0.01328125
4 0.2484375 0.8734375 0.01171875 0.0109375
4 0.2109375 0.940625 0.009375 0.01171875
4 0.1578125 0.99140625 0.009375 0.01015625
4 0.17421875 0.9609375 0.01015625 0.01328125
0 0.071875 0.93203125 0.01953125 0.02578125
0 0.32578125 0.79453125 0.01640625 0.02109375
0 0.34765625 0.78515625 0.015625 0.01796875
0 0.21953125 0.70703125 0.0140625 0.01796875
0 0.23359375 0.69375 0.0140625 0.01484375
0 0.25546875 0.67421875 0.01328125 0.0203125
0 0.2875 0.64453125 0.0109375 0.0203125
0 0.559375 0.63125 0.015625 0.02421875
0 0.3421875 0.0671875 0.0140625 0.025
0 0.37421875 0.1703125 0.01484375 0.028125
0 0.396875 0.190625 0.01171875 0.0234375
0 0.4203125 0.26171875 0.0140625 0.021875
0 0.43203125 0.2515625 0.01328125 0.0234375
0 0.60390625 0.2828125 0.01171875 0.02421875
0 0.69375 0.27890625 0.01640625 0.01875
0 0.70625 0.2625 0.01640625 0.02578125
0 0.75625 0.64296875 0.01640625 0.0234375
0 0.8703125 0.75625 0.01484375 0.0234375
0 0.89453125 0.76171875 0.01015625 0.0203125
0 0.77421875 0.79453125 0.01875 0.028125
3 0.33828125 0.0359375 0.02421875 0.04296875
3 0.3515625 0.08828125 0.01328125 0.02578125
3 0.4015625 0.21796875 0.0203125 0.03671875
3 0.20546875 0.76328125 0.0203125 0.02890625
3 0.403125 0.88125 0.01484375 0.02578125
3 0.82421875 0.90390625 0.02890625 0.0390625
1 0.31015625 0.63359375 0.04921875 0.06875
1 0.2125 0.90859375 0.05 0.0765625
1 0.32578125 0.715625 0.0453125 0.04375
1 0.34765625 0.73125 0.03671875 0.06484375
1 0.3859375 0.15078125 0.0359375 0.0546875