3 0.215625 0.83125 0.03515625 0.021875
1 0.22109375 0.67578125 0.05703125 0.03046875
1 0.27890625 0.66953125 0.05703125 0.03125
2 0.0671875 0.92578125 0.01953125 0.0203125
0 0.14140625 0.9640625 0.015625 0.01875
4 0.27890625 0.9515625 0.0109375 0.00859375
4 0.37890625 0.953125 0.01015625 0.00859375
0 0.50859375 0.95625 0.0140625 0.0109375
2 0.421875 0.8203125 0.02421875 0.02421875
0 0.50078125 0.7890625 0.00859375 0.025
2 0.64609375 0.69296875 0.021875 0.01953125
2 0.75390625 0.8265625 0.0203125 0.0203125
2 0.85078125 0.79609375 0.01953125 0.02109375
2 0.90625 0.81484375 0.0203125 0.0203125
4 0.4765625 0.28125 0.00546875 0.01953125
4 0.5171875 0.4 0.00390625 0.021875
4 0.528125 0.41171875 0.00546875 0.01875
4 0.47421875 0.4359375 0.00546875 0.01796875
4 0.48671875 0.51484375 0.0046875 0.021875
4 0.4765625 0.5796875 0.00546875 0.0203125
4 0.4734375 0.65625 0.00546875 0.01640625
4 0.4734375 0.68046875 0.00703125 0.01796875
4 0.51171875 0.67890625 0.00546875 0.01953125
4 0.52890625 0.63046875 0.0046875 0.01953125
4 0.0515625 0.71171875 0.01171875 0.00859375
4 0.009375 0.79140625 0.01171875 0.0109375
4 0.0953125 0.803125 0.0140625 0.01328125
4 0.16875 0.81484375 0.0140625 0.009375
4 0.20546875 0.78828125 0.0140625 0.01171875
4 0.2296875 0.80703125 0.0140625 0.009375
4 0.24296875 0.78046875 0.0140625 0.01015625
4 0.284375 0.71953125 0.01171875 0.00859375
4 0.34453125 0.78046875 0.0140625 0.0109375
4 0.38515625 0.79921875 0.009375 0.0109375
4 0.40234375 0.790625 0.01171875 0.0109375
4 0.403125 0.80625 0.01171875 0.00859375
4 0.42890625 0.75703125 0.01015625 0.01484375
4 0.49375 0.77421875 0.0109375 0.0140625
4 0.50625 0.7625 0.00625 0.01953125
4 0.575 0.78828125 0.01015625 0.0109375
4 0.43828125 0.86328125 0.01171875 0.01171875
4 0.0203125 0.9265625 0.0109375 0.01015625
4 0.6703125 0.7140625 0.0140625 0.009375
4 0.8390625 0.74765625 0.0109375 0.01015625