2 0.33828125 0.09140625 0.02109375 0.040625
2 0.390625 0.07109375 0.02421875 0.0484375
2 0.371875 0.1234375 0.01640625 0.0359375
2 0.353125 0.12578125 0.01796875 0.0390625
2 0.36953125 0.1609375 0.01640625 0.03671875
2 0.38515625 0.15859375 0.01796875 0.040625
2 0.38828125 0.19609375 0.01796875 0.03984375
2 0.41328125 0.1875 0.01875 0.04453125
2 0.40078125 0.19296875 0.01640625 0.03828125
2 0.409375 0.24296875 0.0203125 0.03671875
2 0.42109375 0.23359375 0.0203125 0.0390625
2 0.43046875 0.278125 0.02109375 0.04140625
3 0.4546875 0.25078125 0.0203125 0.0390625
0 0.43671875 0.23359375 0.0109375 0.0234375
4 0.44765625 0.28046875 0.00625 0.015625
4 0.45546875 0.30390625 0.00859375 0.01875
2 0.44609375 0.3203125 0.01796875 0.03515625
0 0.3609375 0.2859375 0.01328125 0.025
2 0.46171875 0.48203125 0.0234375 0.0359375
2 0.403125 0.51171875 0.01875 0.034375
2 0.38046875 0.56875 0.01796875 0.02578125
2 0.34375 0.61875 0.01640625 0.03046875
2 0.35625 0.65703125 0.021875 0.034375
2 0.3109375 0.71953125 0.01875 0.0296875
2 0.27890625 0.734375 0.01875 0.03671875
6 0.24296875 0.82109375 0.0265625 0.04140625
2 0.19296875 0.86171875 0.0234375 0.03203125
2 0.20546875 0.87578125 0.0203125 0.04296875
4 0.240625 0.7859375 0.01328125 0.01875
2 0.35546875 0.628125 0.01875 0.03203125
2 0.38828125 0.6 0.02109375 0.03125
2 0.54453125 0.428125 0.0203125 0.028125
2 0.48515625 0.53046875 0.02421875 0.02578125
4 0.659375 0.1890625 0.00859375 0.01640625
4 0.59140625 0.3296875 0.00859375 0.01953125
4 0.61015625 0.40078125 0.009375 0.01328125
4 0.6265625 0.4609375 0.00625 0.00859375
4 0.61328125 0.5125 0.00703125 0.01015625
4 0.634375 0.5109375 0.00859375 0.01796875
4 0.62578125 0.5265625 0.009375 0.01171875
4 0.63359375 0.49296875 0.00703125 0.01328125
4 0.64140625 0.4796875 0.00546875 0.0140625
4 0.63671875 0.471875 0.00703125 0.0140625
4 0.6359375 0.4609375 0.009375 0.01015625
4 0.66484375 0.3078125 0.00625 0.0109375
4 0.6765625 0.32890625 0.00859375 0.00859375
4 0.6765625 0.340625 0.00546875 0.01015625
4 0.68125 0.34453125 0.00859375 0.01015625
4 0.68671875 0.33203125 0.00703125 0.01171875
4 0.6921875 0.3234375 0.00703125 0.0109375
4 0.696875 0.33671875 0.00859375 0.0140625
4 0.709375 0.3140625 0.00859375 0.01171875
4 0.69921875 0.309375 0.00625 0.0109375
4 0.70546875 0.2984375 0.00859375 0.0109375
4 0.70625 0.30546875 0.00546875 0.01015625
4 0.71328125 0.28671875 0.00625 0.0109375
4 0.7140625 0.29375 0.00859375 0.009375
4 0.721875 0.2859375 0.00546875 0.0109375
4 0.7203125 0.27421875 0.00625 0.01171875
4 0.7265625 0.26328125 0.00703125 0.00859375
4 0.7359375 0.25546875 0.00703125 0.009375
4 0.68203125 0.2765625 0.00859375 0.0109375
4 0.6640625 0.275 0.00859375 0.0140625
4 0.71875 0.22578125 0.00859375 0.01640625
4 0.7515625 0.19609375 0.00859375 0.01328125
4 0.74296875 0.07578125 0.00859375 0.015625
2 0.84296875 0.0140625 0.0203125 0.028125
2 0.82734375 0.04140625 0.0203125 0.03125
2 0.8265625 0.07109375 0.01875 0.034375
2 0.8265625 0.103125 0.01875 0.03046875
2 0.78984375 0.09375 0.01796875 0.0296875
2 0.771875 0.12421875 0.0203125 0.034375
2 0.77265625 0.14921875 0.0203125 0.03203125
2 0.79453125 0.1484375 0.0203125 0.03984375
2 0.83203125 0.1484375 0.02578125 0.0359375
2 0.77421875 0.171875 0.01875 0.028125
2 0.74609375 0.1515625 0.0203125 0.03125
2 0.71796875 0.1953125 0.01796875 0.02578125
2 0.73359375 0.121875 0.0203125 0.034375
2 0.69921875 0.22421875 0.0203125 0.03125
2 0.73046875 0.20546875 0.01796875 0.03046875
2 0.74765625 0.22890625 0.01796875 0.028125
2 0.72890625 0.24375 0.01953125 0.0234375
2 0.67578125 0.26796875 0.015625 0.0296875
2 0.66171875 0.29609375 0.01484375 0.0265625
2 0.68046875 0.29921875 0.01796875 0.03359375
2 0.69609375 0.3 0.01640625 0.0265625
2 0.60078125 0.421875 0.0140625 0.025
2 0.6234375 0.41484375 0.015625 0.03515625
2 0.60546875 0.44140625 0.01484375 0.02578125
2 0.615625 0.45625 0.015625 0.0234375
1 0.57265625 0.68203125 0.03671875 0.0765625
2 0.659375 0.74921875 0.02109375 0.0453125
2 0.74140625 0.93671875 0.025 0.0359375
4 0.6234375 0.55703125 0.01328125 0.01640625
4 0.60625 0.55703125 0.00859375 0.0203125
4 0.77890625 0.04296875 0.00859375 0.01484375
0 0.68125 0.084375 0.01171875 0.01875
0 0.66875 0.0984375 0.0109375 0.02109375
2 0.72578125 0.03515625 0.01875 0.02890625
0 0.8078125 0.0640625 0.01171875 0.025
2 0.84765625 0.06484375 0.01640625 0.028125
0 0.76171875 0.1984375 0.01171875 0.021875
4 0.76171875 0.2234375 0.00859375 0.01875
3 0.703125 0.25625 0.0265625 0.03984375
1 0.63828125 0.35625 0.04375 0.08828125
2 0.38125 0.271875 0.01484375 0.03671875
4 0.45625 0.5046875 0.009375 0.0203125
4 0.53984375 0.67109375 0.009375 0.01875
4 0.54921875 0.665625 0.009375 0.0203125
0 0.61640625 0.48828125 0.01015625 0.02109375
2 0.653125 0.503125 0.01171875 0.0359375
0 0.62890625 0.43359375 0.01171875 0.01953125
2 0.86328125 0.01796875 0.0203125 0.02578125
4 0.65078125 0.2234375 0.01171875 0.01953125
4 0.69296875 0.1703125 0.00859375 0.015625
4 0.68046875 0.16640625 0.009375 0.01640625
4 0.67109375 0.2109375 0.01015625 0.01640625
4 0.634375 0.26015625 0.00859375 0.01640625
2 0.621875 0.30703125 0.0203125 0.03046875
2 0.41484375 0.56171875 0.01953125 0.02890625
4 0.1640625 0.89296875 0.01171875 0.01328125
4 0.14921875 0.9140625 0.01171875 0.01875
2 0.41015625 0.38046875 0.01171875 0.0390625
2 0.340625 0.059375 0.01875 0.03515625
2 0.35703125 0.0859375 0.01875 0.03515625
2 0.27578125 0.0234375 0.02109375 0.03984375
4 0.41328125 0.10078125 0.01171875 0.01640625
2 0.384375 0.11640625 0.01875 0.03515625
4 0.303125 0.690625 0.01015625 0.01484375
0 0.33515625 0.52109375 0.01484375 0.01875
2 0.23828125 0.5171875 0.01796875 0.03671875
0 0.22734375 0.690625 0.01640625 0.02421875
4 0.2515625 0.75859375 0.0109375 0.01328125
4 0.57734375 0.2203125 0.00859375 0.0234375
2 0.6890625 0.1984375 0.0203125 0.034375
4 0.784375 0.01796875 0.0140625 0.01484375
2 0.86953125 0.0359375 0.021875 0.034375
4 0.76484375 0.03671875 0.01328125 0.01484375
4 0.5375 0.20390625 0.0140625 0.01953125
4 0.61796875 0.5765625 0.00703125 0.01796875
2 0.353125 0.053125 0.01796875 0.03125
2 0.50546875 0.20390625 0.021875 0.0359375
4 0.371875 0.08125 0.01015625 0.0203125
4 0.2890625 0.69609375 0.009375 0.01953125
4 0.3140625 0.659375 0.01015625 0.0203125
4 0.321875 0.640625 0.009375 0.01484375
4 0.32578125 0.653125 0.01015625 0.015625
4 0.3265625 0.66953125 0.01015625 0.01484375
4 0.1859375 0.8953125 0.0109375 0.01796875
4 0.1765625 0.91484375 0.015625 0.01875
4 0.16171875 0.91796875 0.01328125 0.01640625
4 0.140625 0.9359375 0.01171875 0.021875
2 0.165625 0.9421875 0.0203125 0.034375
4 0.12421875 0.97109375 0.01328125 0.01796875
2 0.12890625 0.98515625 0.0234375 0.0296875
4 0.70546875 0.13125 0.00859375 0.0140625
4 0.715625 0.1265625 0.00859375 0.01953125
4 0.73984375 0.09296875 0.00859375 0.01796875
4 0.78046875 0.05390625 0.01015625 0.01484375
4 0.7984375 0.01328125 0.00859375 0.01953125
4 0.8234375 0.13203125 0.00859375 0.015625
2 0.5765625 0.58515625 0.01796875 0.03203125
4 0.33828125 0.009375 0.01171875 0.01640625
4 0.36171875 0.58125 0.0109375 0.015625
2 0.17890625 0.78359375 0.01875 0.028125
2 0.19296875 0.678125 0.0203125 0.03671875
4 0.53046875 0.675 0.00859375 0.0203125
4 0.53828125 0.70859375 0.00703125 0.015625
4 0.6671875 0.33203125 0.00625 0.01328125