2 0.4109375 0.49140625 0.025 0.03828125
2 0.38125 0.57890625 0.025 0.03671875
2 0.36875 0.33671875 0.025 0.03203125
2 0.378125 0.29609375 0.01640625 0.03984375
2 0.32734375 0.37578125 0.0140625 0.04375
2 0.23203125 0.1859375 0.02421875 0.03125
2 0.81328125 0.90859375 0.02421875 0.0390625
0 0.68125 0.35625 0.01796875 0.02109375
0 0.6515625 0.39140625 0.0203125 0.02421875
0 0.62890625 0.4609375 0.01484375 0.025
0 0.42109375 0.4484375 0.01328125 0.01875
0 0.43359375 0.4046875 0.01484375 0.0296875
0 0.4765625 0.58671875 0.01640625 0.025
0 0.52109375 0.678125 0.01640625 0.0265625
0 0.40625 0.71171875 0.0140625 0.025
0 0.39375 0.43125 0.01640625 0.02890625
0 0.40546875 0.44921875 0.015625 0.025
0 0.228125 0.978125 0.015625 0.03359375
6 0.56484375 0.95390625 0.034375 0.06328125
2 0.621875 0.15859375 0.0140625 0.04296875
2 0.309375 0.11015625 0.01796875 0.03515625
2 0.55078125 0.24609375 0.021875 0.02890625
2 0.51875 0.2734375 0.02578125 0.03046875
2 0.75859375 0.63203125 0.02109375 0.04296875
4 0.47890625 0.37734375 0.01171875 0.01875
4 0.39140625 0.32421875 0.00859375 0.02109375
4 0.41328125 0.309375 0.01171875 0.01875
4 0.4421875 0.440625 0.01015625 0.02109375
4 0.43671875 0.48046875 0.009375 0.03125
4 0.4765625 0.490625 0.0140625 0.01875
4 0.55078125 0.48046875 0.01328125 0.01875
4 0.55625 0.553125 0.01171875 0.01796875
4 0.58671875 0.57578125 0.01328125 0.01796875
4 0.596875 0.5671875 0.01171875 0.02578125
4 0.57265625 0.5828125 0.01171875 0.01953125
4 0.515625 0.6125 0.01171875 0.0203125
4 0.50546875 0.58515625 0.015625 0.02109375
4 0.46640625 0.565625 0.01484375 0.015625
4 0.43125 0.50078125 0.0140625 0.015625
4 0.37890625 0.521875 0.01171875 0.0234375
4 0.359375 0.521875 0.01171875 0.0234375
4 0.36171875 0.55625 0.0109375 0.01796875
4 0.3578125 0.61328125 0.01171875 0.0203125
4 0.32578125 0.57734375 0.01171875 0.02109375
4 0.32890625 0.625 0.01015625 0.02421875
4 0.31953125 0.63046875 0.00859375 0.0234375
4 0.3859375 0.7109375 0.01015625 0.02109375
4 0.3578125 0.74453125 0.009375 0.02890625
4 0.4015625 0.659375 0.01015625 0.015625
4 0.41015625 0.60859375 0.009375 0.01640625
4 0.4453125 0.6296875 0.01328125 0.01875
4 0.4390625 0.5765625 0.01171875 0.02578125
4 0.390625 0.596875 0.0109375 0.01796875
4 0.56875 0.6609375 0.01328125 0.01953125
4 0.58671875 0.65390625 0.01015625 0.01796875
4 0.615625 0.6609375 0.0140625 0.01953125
4 0.6265625 0.61328125 0.0109375 0.01875
4 0.58828125 0.71796875 0.01015625 0.0203125
4 0.56171875 0.6984375 0.01171875 0.0203125
4 0.6265625 0.76796875 0.01484375 0.01640625
4 0.8359375 0.95546875 0.01328125 0.01640625
4 0.78515625 0.8921875 0.01328125 0.015625
4 0.81640625 0.93359375 0.0109375 0.015625
4 0.78671875 0.97890625 0.015625 0.02109375
4 0.709375 0.93125 0.01015625 0.0140625
4 0.70546875 0.97421875 0.0140625 0.01796875
2 0.7234375 0.96328125 0.025 0.021875
2 0.84609375 0.38984375 0.021875 0.04140625
2 0.86640625 0.290625 0.025 0.0296875
3 0.86796875 0.3390625 0.03359375 0.06015625
3 0.83828125 0.31328125 0.0296875 0.040625
3 0.81015625 0.334375 0.02578125 0.03046875
3 0.825 0.45390625 0.0296875 0.06875
3 0.734375 0.390625 0.02578125 0.0359375
3 0.671875 0.440625 0.02890625 0.0359375
3 0.684375 0.58828125 0.021875 0.0453125
3 0.715625 0.64921875 0.02890625 0.04453125
3 0.728125 0.67578125 0.02421875 0.034375
4 0.646875 0.4609375 0.01171875 0.01328125
4 0.71171875 0.36796875 0.01015625 0.0203125
4 0.69453125 0.325 0.01484375 0.01640625
4 0.753125 0.37578125 0.00859375 0.01875
4 0.82265625 0.2453125 0.015625 0.01875
4 0.79140625 0.10234375 0.0140625 0.01796875
4 0.7984375 0.11875 0.0109375 0.0140625
4 0.809375 0.13671875 0.01328125 0.01484375
4 0.715625 0.178125 0.01171875 0.01328125
4 0.65625 0.22109375 0.0140625 0.01328125
4 0.57578125 0.31171875 0.01328125 0.015625
4 0.5234375 0.31015625 0.01171875 0.0109375
2 0.6609375 0.1515625 0.02421875 0.0265625
4 0.571875 0.25703125 0.01171875 0.01640625
4 0.51328125 0.30078125 0.01328125 0.0140625
4 0.45546875 0.31328125 0.01328125 0.01640625
4 0.41328125 0.38671875 0.00859375 0.01953125
4 0.39140625 0.2890625 0.009375 0.01484375
4 0.34296875 0.2109375 0.0109375 0.01640625
4 0.3484375 0.234375 0.01015625 0.01484375
4 0.36640625 0.234375 0.01015625 0.01640625
4 0.35703125 0.25390625 0.0109375 0.01796875
4 0.36875 0.2640625 0.01171875 0.01484375
4 0.3765625 0.25625 0.01015625 0.01640625
4 0.40859375 0.26328125 0.00859375 0.01796875
4 0.4140625 0.2765625 0.01015625 0.01875
4 0.38671875 0.23046875 0.01171875 0.01328125
4 0.278125 0.08203125 0.01015625 0.01953125
4 0.2890625 0.0859375 0.01015625 0.01953125
4 0.26875 0.2078125 0.009375 0.01953125
4 0.3625 0.365625 0.0109375 0.01640625
4 0.37734375 0.365625 0.01015625 0.01328125
4 0.37578125 0.41171875 0.00859375 0.01640625
4 0.34921875 0.409375 0.009375 0.02109375
4 0.38203125 0.4765625 0.01328125 0.01796875
4 0.4109375 0.42109375 0.01484375 0.01640625
4 0.428125 0.67421875 0.009375 0.01953125
4 0.48203125 0.66875 0.01015625 0.01484375
4 0.51171875 0.65078125 0.01171875 0.01328125
4 0.753125 0.775 0.01015625 0.01640625
4 0.78359375 0.67890625 0.01171875 0.02109375
4 0.70390625 0.73984375 0.01015625 0.01640625
4 0.7734375 0.7453125 0.01171875 0.015625
4 0.8296875 0.50390625 0.01015625 0.021875
3 0.80546875 0.50703125 0.015625 0.028125
3 0.61953125 0.4921875 0.0203125 0.0265625
3 0.62890625 0.54296875 0.01484375 0.0265625
4 0.571875 0.3921875 0.0109375 0.01796875
4 0.540625 0.38671875 0.00859375 0.021875
4 0.840625 0.20390625 0.0140625 0.021875
4 0.91484375 0.18359375 0.01328125 0.0140625
4 0.95859375 0.21484375 0.01796875 0.0234375
4 0.921875 0.0203125 0.0140625 0.01953125
2 0.328125 0.915625 0.015625 0.03671875
4 0.30078125 0.9109375 0.01171875 0.01953125
4 0.30546875 0.70703125 0.00859375 0.01875
4 0.290625 0.72109375 0.00859375 0.021875
3 0.31796875 0.6890625 0.01796875 0.0484375
3 0.25390625 0.2359375 0.01875 0.03125
4 0.2359375 0.240625 0.01015625 0.0140625
4 0.14375 0.17890625 0.009375 0.0203125
4 0.14921875 0.18359375 0.009375 0.01796875
3 0.19140625 0.20546875 0.02421875 0.03671875
3 0.2140625 0.25078125 0.0234375 0.04140625
3 0.23359375 0.28359375 0.025 0.04609375
6 0.19375 0.25078125 0.0296875 0.0515625
4 0.4828125 0.640625 0.01015625 0.01953125
4 0.41875 0.62890625 0.01640625 0.02109375
4 0.5578125 0.50859375 0.01171875 0.021875
2 0.40390625 0.14296875 0.02109375 0.0390625
3 0.278125 0.67421875 0.01484375 0.03359375
3 0.21953125 0.27578125 0.01640625 0.034375
6 0.07578125 0.03125 0.034375 0.05859375
3 0.5234375 0.21953125 0.02109375 0.03046875
3 0.6671875 0.56171875 0.01875 0.03125
3 0.7 0.41953125 0.03203125 0.0359375
3 0.69140625 0.6109375 0.01953125 0.03515625
4 0.8265625 0.603125 0.009375 0.01328125
4 0.7984375 0.684375 0.00859375 0.01875
4 0.80078125 0.6734375 0.009375 0.01015625
4 0.80546875 0.65859375 0.01015625 0.01328125
4 0.80859375 0.64921875 0.00703125 0.01328125
4 0.8171875 0.63671875 0.00859375 0.01171875
4 0.78125 0.73671875 0.009375 0.0109375
4 0.7828125 0.728125 0.01171875 0.0109375
4 0.7890625 0.70859375 0.0109375 0.009375
4 0.784375 0.55546875 0.00859375 0.0109375
4 0.7890625 0.5453125 0.01328125 0.0109375
4 0.7953125 0.521875 0.009375 0.0109375
4 0.79296875 0.53046875 0.009375 0.0109375
4 0.77890625 0.5625 0.0109375 0.01171875
4 0.77578125 0.5734375 0.01171875 0.00703125
4 0.86640625 0.4734375 0.01015625 0.0203125
4 0.875 0.478125 0.00703125 0.01796875
4 0.86796875 0.4890625 0.015625 0.01484375
4 0.89140625 0.434375 0.01015625 0.01328125
4 0.89375 0.42578125 0.0109375 0.0109375
4 0.90390625 0.39609375 0.00625 0.02109375
4 0.934375 0.3390625 0.01015625 0.021875
4 0.928125 0.34453125 0.00703125 0.01875
4 0.9234375 0.3515625 0.00703125 0.02109375
4 0.91484375 0.36796875 0.00859375 0.01953125
4 0.78515625 0.02421875 0.00546875 0.015625
4 0.778125 0.03046875 0.00390625 0.01875
4 0.69375 0.10625 0.0046875 0.01875
4 0.70546875 0.115625 0.01171875 0.0109375
4 0.6890625 0.1078125 0.0046875 0.015625
4 0.68359375 0.11328125 0.00546875 0.01953125
4 0.6796875 0.13203125 0.0109375 0.01484375
4 0.678125 0.1140625 0.00625 0.01640625
4 0.671875 0.12109375 0.0046875 0.01640625
4 0.63125 0.14140625 0.00625 0.01796875
4 0.634375 0.1640625 0.00703125 0.015625
4 0.64296875 0.134375 0.00703125 0.02109375
4 0.64921875 0.13125 0.00546875 0.0203125
4 0.65546875 0.128125 0.00546875 0.0203125
4 0.66171875 0.1265625 0.0046875 0.01953125
4 0.66796875 0.12578125 0.00625 0.01796875
4 0.61015625 0.1328125 0.00703125 0.01875
4 0.61171875 0.15703125 0.00625 0.01875
4 0.60390625 0.171875 0.00625 0.01796875
4 0.596875 0.178125 0.00703125 0.015625
4 0.59140625 0.1984375 0.00546875 0.01953125
4 0.58359375 0.1859375 0.0046875 0.01640625
4 0.5828125 0.2046875 0.00625 0.01953125
4 0.565625 0.2015625 0.00859375 0.01640625
4 0.55546875 0.21328125 0.00859375 0.0140625
4 0.55078125 0.190625 0.00859375 0.0140625
4 0.5546875 0.184375 0.00546875 0.02109375
4 0.578125 0.1859375 0.00546875 0.01953125
4 0.59140625 0.17578125 0.0046875 0.02421875
4 0.484375 0.2640625 0.00703125 0.0203125
4 0.48125 0.27890625 0.00625 0.01953125
4 0.4734375 0.278125 0.00703125 0.01796875
4 0.4640625 0.28046875 0.00625 0.021875
4 0.43828125 0.28828125 0.00625 0.02109375
4 0.421875 0.284375 0.00703125 0.015625
4 0.4078125 0.24453125 0.01171875 0.0109375
4 0.390625 0.18984375 0.00859375 0.01640625
4 0.3890625 0.21328125 0.01015625 0.01484375
4 0.34375 0.0390625 0.00859375 0.01796875
4 0.3546875 0.05078125 0.009375 0.01796875
4 0.36171875 0.0609375 0.00859375 0.01640625
4 0.34375 0.01328125 0.0109375 0.01015625
4 0.31328125 0.08671875 0.00859375 0.01484375
4 0.3203125 0.07578125 0.01015625 0.00859375
4 0.32578125 0.06875 0.01015625 0.00703125
4 0.33125 0.059375 0.00625 0.01875
4 0.34453125 0.07109375 0.00625 0.01640625
4 0.3765625 0.08046875 0.00625 0.01640625
4 0.3640625 0.09609375 0.00546875 0.015625
4 0.359375 0.0875 0.00703125 0.01484375
4 0.34921875 0.096875 0.00859375 0.01484375
4 0.340625 0.10390625 0.00703125 0.01796875
4 0.3453125 0.11015625 0.00703125 0.01640625
4 0.36015625 0.11796875 0.00859375 0.01484375
4 0.36796875 0.115625 0.00546875 0.01484375
4 0.38046875 0.103125 0.009375 0.01796875
4 0.3890625 0.10625 0.00859375 0.01875
4 0.38359375 0.11640625 0.00625 0.01484375
4 0.378125 0.11875 0.00546875 0.0140625
4 0.378125 0.14140625 0.00625 0.01875
4 0.37265625 0.12890625 0.0046875 0.01796875
4 0.35703125 0.1359375 0.00625 0.0109375
4 0.35625 0.15859375 0.01171875 0.01015625
4 0.340625 0.1265625 0.00859375 0.01640625
4 0.34296875 0.13671875 0.00859375 0.015625
4 0.3484375 0.1390625 0.00703125 0.01796875
4 0.31796875 0.09765625 0.009375 0.015625
4 0.32578125 0.09765625 0.00703125 0.01796875
4 0.33125 0.08125 0.00703125 0.015625
4 0.30703125 0.59140625 0.009375 0.028125
4 0.25078125 0.78671875 0.00703125 0.021875
4 0.2265625 0.8390625 0.015625 0.01328125
4 0.228125 0.82421875 0.0109375 0.01171875
4 0.234375 0.803125 0.01015625 0.009375
4 0.23828125 0.78671875 0.01015625 0.01015625
4 0.234375 0.79453125 0.01015625 0.00859375
4 0.24375 0.771875 0.01171875 0.0109375