1 0.3671875 0.74609375 0.03671875 0.07578125
1 0.8609375 0.96171875 0.0515625 0.07578125
1 0.684375 0.18125 0.05078125 0.05625
2 0.35859375 0.23671875 0.0265625 0.03828125
2 0.23046875 0.1828125 0.028125 0.03359375
2 0.4265625 0.4859375 0.0203125 0.04921875
0 0.7296875 0.8859375 0.01875 0.02578125
2 0.7234375 0.95859375 0.02890625 0.02890625
3 0.703125 0.85390625 0.0203125 0.03359375
3 0.80546875 0.50234375 0.01484375 0.03125
3 0.68984375 0.340625 0.02109375 0.0296875
3 0.646875 0.2359375 0.02890625 0.03984375
0 0.56875 0.29296875 0.01796875 0.02890625
0 0.46171875 0.32265625 0.0203125 0.021875
3 0.25546875 0.23203125 0.01875 0.03515625
0 0.41640625 0.68515625 0.01875 0.028125
0 0.46328125 0.66484375 0.01484375 0.0265625
2 0.3453125 0.73125 0.01484375 0.04140625
2 0.5359375 0.44296875 0.02421875 0.0359375
0 0.6265625 0.45546875 0.0203125 0.0296875
3 0.61953125 0.48671875 0.01875 0.02578125
2 0.54921875 0.24140625 0.02421875 0.03203125
3 0.190625 0.2015625 0.02421875 0.040625
2 0.86484375 0.2859375 0.02890625 0.034375
2 0.84453125 0.38828125 0.0296875 0.0515625
3 0.80859375 0.33046875 0.02421875 0.03203125
3 0.7359375 0.38671875 0.02578125 0.03203125
3 0.6703125 0.434375 0.02890625 0.0359375
4 0.54296875 0.5765625 0.009375 0.021875
4 0.55703125 0.51328125 0.01328125 0.01953125
4 0.5265625 0.48359375 0.01015625 0.01953125
4 0.4875 0.47890625 0.01328125 0.02890625
4 0.46796875 0.5859375 0.01171875 0.025
4 0.56328125 0.590625 0.01015625 0.0296875
4 0.60546875 0.6078125 0.01640625 0.0234375
4 0.590625 0.5375 0.01171875 0.0265625
4 0.35703125 0.4453125 0.01328125 0.0296875
4 0.37890625 0.50859375 0.0140625 0.01953125
4 0.4109375 0.4359375 0.01640625 0.028125
4 0.453125 0.38203125 0.01328125 0.02421875
4 0.48203125 0.353125 0.01171875 0.01875
4 0.52890625 0.353125 0.0109375 0.01875
4 0.2890625 0.2203125 0.01171875 0.0203125
4 0.2984375 0.2484375 0.0140625 0.02109375
4 0.31953125 0.134375 0.0109375 0.03046875
4 0.28359375 0.11171875 0.01328125 0.01875
3 0.51640625 0.6984375 0.03828125 0.053125
0 0.2953125 0.66484375 0.01875 0.02890625
4 0.8859375 0.3890625 0.01875 0.034375
4 0.86328125 0.4125 0.01328125 0.02421875
4 0.89140625 0.353125 0.015625 0.02890625
4 0.7609375 0.92890625 0.01171875 0.021875
4 0.78671875 0.96953125 0.015625 0.0234375
6 0.5640625 0.946875 0.04296875 0.06484375
4 0.60390625 0.83828125 0.00546875 0.01640625
4 0.5984375 0.83515625 0.00625 0.015625
4 0.6734375 0.86171875 0.01015625 0.01875
4 0.6828125 0.7171875 0.0109375 0.0140625
4 0.66171875 0.62578125 0.01328125 0.01875
4 0.603125 0.53125 0.01171875 0.01796875
4 0.61953125 0.54921875 0.01328125 0.015625
4 0.646875 0.45703125 0.01171875 0.01171875
4 0.60546875 0.43828125 0.0109375 0.01484375
4 0.60234375 0.36875 0.01015625 0.0109375
4 0.63984375 0.3359375 0.0140625 0.0140625
4 0.67578125 0.33046875 0.01015625 0.01171875
4 0.6828125 0.38046875 0.01328125 0.01484375
4 0.709375 0.3875 0.01171875 0.01171875
4 0.72890625 0.33046875 0.0140625 0.015625
4 0.7453125 0.3390625 0.01328125 0.0140625
4 0.75078125 0.36953125 0.00625 0.01796875
4 0.69921875 0.21953125 0.01171875 0.0140625
4 0.67890625 0.128125 0.009375 0.015625
2 0.66015625 0.146875 0.025 0.02578125
2 0.621875 0.15703125 0.01640625 0.040625
4 0.53515625 0.2734375 0.01171875 0.01171875
4 0.61328125 0.2859375 0.0109375 0.01328125
4 0.59921875 0.3078125 0.01328125 0.01484375
4 0.57890625 0.30625 0.009375 0.01484375
4 0.51796875 0.2609375 0.0109375 0.01171875
4 0.51484375 0.33203125 0.01015625 0.015625
4 0.51640625 0.38828125 0.01015625 0.025
4 0.50703125 0.52578125 0.01640625 0.01484375
4 0.50625 0.540625 0.015625 0.01171875
4 0.44921875 0.5375 0.01328125 0.01328125
4 0.44296875 0.55078125 0.01015625 0.01640625
4 0.3953125 0.53359375 0.01171875 0.01953125
4 0.4453125 0.6203125 0.01171875 0.01328125
4 0.3765625 0.69453125 0.01015625 0.0140625
4 0.4046875 0.73359375 0.0109375 0.01328125
4 0.328125 0.825 0.009375 0.0234375
4 0.321875 0.709375 0.00859375 0.02109375
4 0.31328125 0.7015625 0.01015625 0.02109375
4 0.28984375 0.7796875 0.01015625 0.0265625
4 0.31171875 0.840625 0.009375 0.01953125
4 0.25703125 0.84765625 0.0109375 0.02578125
4 0.24453125 0.82890625 0.00859375 0.0234375
4 0.3015625 0.8828125 0.00859375 0.01953125
2 0.32578125 0.9125 0.01796875 0.0359375
4 0.32578125 0.528125 0.0109375 0.025
4 0.34140625 0.52890625 0.0109375 0.01484375
4 0.28828125 0.47109375 0.01015625 0.01796875
4 0.29765625 0.26640625 0.01171875 0.01953125
4 0.225 0.22734375 0.009375 0.009375
3 0.21953125 0.27109375 0.01953125 0.03515625
6 0.19296875 0.246875 0.02890625 0.04921875
4 0.29140625 0.54296875 0.01328125 0.0109375
4 0.35546875 0.61171875 0.0109375 0.01796875
4 0.3078125 0.58203125 0.009375 0.0203125
4 0.453125 0.34921875 0.0140625 0.015625
4 0.4453125 0.30859375 0.00546875 0.021875
4 0.36796875 0.284375 0.0109375 0.01796875
4 0.39140625 0.284375 0.0109375 0.01796875
4 0.39296875 0.2515625 0.009375 0.02109375
4 0.41328125 0.28671875 0.01171875 0.01328125
4 0.43671875 0.28828125 0.00546875 0.02109375
4 0.5515625 0.2078125 0.00703125 0.01953125
4 0.565625 0.24609375 0.009375 0.01484375
4 0.7109375 0.928125 0.01484375 0.01328125
4 0.73515625 0.91875 0.01171875 0.01953125
4 0.7515625 0.9921875 0.00859375 0.015625
4 0.77578125 0.61796875 0.0109375 0.021875
4 0.82578125 0.59921875 0.01328125 0.01796875
4 0.771875 0.74140625 0.015625 0.0140625
4 0.77109375 0.28828125 0.01484375 0.01875
4 0.8375 0.225 0.015625 0.01796875
4 0.90078125 0.04921875 0.0140625 0.01953125
4 0.92890625 0.0390625 0.015625 0.01484375
3 0.8671875 0.3328125 0.03203125 0.05703125
3 0.821875 0.44765625 0.03359375 0.0640625
3 0.83671875 0.30859375 0.03359375 0.04296875
3 0.66640625 0.56171875 0.0203125 0.03203125
3 0.68203125 0.58203125 0.0234375 0.03984375
3 0.70390625 0.62890625 0.0203125 0.03671875
3 0.6921875 0.60546875 0.0234375 0.03125
3 0.7265625 0.67265625 0.0234375 0.03515625
2 0.75703125 0.62421875 0.02421875 0.04609375
4 0.81484375 0.98046875 0.01171875 0.02421875
4 0.303125 0.96875 0.00546875 0.02109375
4 0.36171875 0.66875 0.009375 0.02109375
2 0.40390625 0.1390625 0.02421875 0.04296875
3 0.521875 0.21484375 0.02421875 0.0359375
3 0.69921875 0.41484375 0.02890625 0.03984375
3 0.7171875 0.64296875 0.02578125 0.03671875
3 0.628125 0.5375 0.01796875 0.02109375
3 0.63046875 0.503125 0.0234375 0.03125
4 0.778125 0.73125 0.01015625 0.00859375
4 0.78359375 0.715625 0.0109375 0.00859375
4 0.78828125 0.7046875 0.01015625 0.00859375
4 0.80078125 0.66640625 0.0109375 0.01171875
4 0.80546875 0.65390625 0.01015625 0.01484375
4 0.796875 0.67890625 0.00546875 0.01796875
4 0.7890625 0.540625 0.01015625 0.0140625
4 0.7828125 0.55078125 0.0109375 0.01015625
4 0.778125 0.5609375 0.009375 0.0140625
4 0.77578125 0.56953125 0.00859375 0.01015625
4 0.79453125 0.51875 0.009375 0.009375
4 0.81328125 0.63828125 0.00859375 0.00859375
4 0.815625 0.63203125 0.01015625 0.0109375
4 0.88125 0.43828125 0.00859375 0.0234375
4 0.88984375 0.43125 0.009375 0.01328125
4 0.865625 0.46953125 0.009375 0.01640625
4 0.865625 0.4859375 0.01328125 0.01328125
4 0.9015625 0.39296875 0.00703125 0.02421875
4 0.90703125 0.38046875 0.00703125 0.01875
4 0.7703125 0.03203125 0.00859375 0.02109375
4 0.778125 0.02578125 0.0046875 0.02421875
4 0.78359375 0.021875 0.0046875 0.02421875
4 0.63203125 0.13984375 0.00703125 0.01796875
4 0.61015625 0.13046875 0.00625 0.01953125
4 0.6484375 0.128125 0.00625 0.01796875
4 0.65546875 0.125 0.0046875 0.0203125
4 0.66171875 0.12109375 0.0046875 0.01875
4 0.6671875 0.12265625 0.00546875 0.01953125
4 0.68203125 0.1078125 0.00546875 0.01875
4 0.69296875 0.1015625 0.00546875 0.01796875
4 0.68828125 0.10390625 0.0046875 0.01796875
4 0.6109375 0.15546875 0.00546875 0.01875
4 0.59609375 0.17421875 0.0046875 0.01640625
4 0.56328125 0.19921875 0.00625 0.01953125
4 0.55546875 0.1796875 0.00546875 0.0203125
4 0.54921875 0.1859375 0.00625 0.0203125
4 0.57734375 0.18125 0.0046875 0.02109375
4 0.590625 0.171875 0.00546875 0.01953125
4 0.471875 0.2765625 0.00703125 0.02109375
4 0.43125 0.28359375 0.0046875 0.01796875
4 0.44921875 0.296875 0.00703125 0.015625
4 0.40859375 0.25859375 0.0046875 0.01796875
4 0.39453125 0.228125 0.00859375 0.01875
4 0.40390625 0.27109375 0.009375 0.01875
4 0.41328125 0.27421875 0.00859375 0.01796875
4 0.38828125 0.21171875 0.009375 0.01171875
4 0.39140625 0.1859375 0.00625 0.01484375
4 0.378125 0.1375 0.00625 0.01796875
4 0.384375 0.1125 0.00859375 0.01953125
4 0.3765625 0.11640625 0.00703125 0.01796875
4 0.3796875 0.0984375 0.00859375 0.01796875
4 0.371875 0.1234375 0.00546875 0.01796875
4 0.36640625 0.1140625 0.00546875 0.01796875
4 0.359375 0.11328125 0.00703125 0.01640625
4 0.36328125 0.09296875 0.00546875 0.015625
4 0.359375 0.08359375 0.00546875 0.0140625
4 0.3765625 0.078125 0.00703125 0.01796875
4 0.36328125 0.05859375 0.009375 0.02109375
4 0.3546875 0.04609375 0.00859375 0.01953125
4 0.34296875 0.03515625 0.00859375 0.01796875
4 0.34453125 0.0671875 0.0109375 0.01640625
4 0.33046875 0.05703125 0.00703125 0.01796875
4 0.33515625 0.0609375 0.00859375 0.0140625
4 0.32578125 0.06640625 0.01015625 0.01015625
4 0.33125 0.07734375 0.00859375 0.015625
4 0.34609375 0.10625 0.00625 0.01796875
4 0.340625 0.10078125 0.00859375 0.01875
4 0.35078125 0.09140625 0.00859375 0.0140625
4 0.3390625 0.12265625 0.009375 0.01796875
4 0.34296875 0.1328125 0.00625 0.01484375
4 0.3484375 0.13359375 0.00625 0.01640625
4 0.35546875 0.13125 0.00703125 0.0140625
3 0.215625 0.01328125 0.01640625 0.0265625
6 0.075 0.0296875 0.03828125 0.059375
4 0.1484375 0.17890625 0.00859375 0.01875
4 0.14296875 0.175 0.00703125 0.01875
4 0.115625 0.1125 0.00859375 0.0234375
4 0.2359375 0.23671875 0.00859375 0.01328125
4 0.24296875 0.2359375 0.00703125 0.02109375
3 0.23203125 0.27890625 0.025 0.04375
3 0.21328125 0.246875 0.0203125 0.03671875
4 0.24375 0.80546875 0.009375 0.01484375
4 0.225 0.834375 0.0109375 0.01328125
4 0.23359375 0.8 0.009375 0.01015625
4 0.2359375 0.79140625 0.0109375 0.009375
4 0.478125 0.72734375 0.009375 0.02421875