2 0.034375 0.54609375 0.01171875 0.040625
2 0.21328125 0.39140625 0.01171875 0.04140625
2 0.22109375 0.484375 0.01171875 0.040625
2 0.21875 0.52109375 0.0109375 0.0296875
2 0.0546875 0.63828125 0.02578125 0.01953125
2 0.196875 0.7265625 0.01796875 0.01796875
2 0.3421875 0.64609375 0.02421875 0.01640625
2 0.42109375 0.47421875 0.00859375 0.028125
2 0.41875 0.5140625 0.00703125 0.04140625
2 0.453125 0.5421875 0.00859375 0.03359375
2 0.459375 0.596875 0.01171875 0.02890625
2 0.4421875 0.61484375 0.00859375 0.03671875
2 0.4609375 0.66875 0.0109375 0.04296875
2 0.44921875 0.70546875 0.01015625 0.03828125
2 0.46328125 0.63125 0.009375 0.03359375
2 0.4671875 0.33984375 0.01015625 0.03359375
2 0.54921875 0.36953125 0.0203125 0.0234375
2 0.5203125 0.33828125 0.0140625 0.040625
2 0.54921875 0.44296875 0.01640625 0.0265625
2 0.53671875 0.4515625 0.01796875 0.028125
2 0.53359375 0.46953125 0.025 0.02578125
2 0.54921875 0.49765625 0.015625 0.0234375
2 0.51953125 0.53828125 0.01171875 0.03671875
2 0.54296875 0.73984375 0.01484375 0.0296875
2 0.53203125 0.74609375 0.00859375 0.03125
2 0.54296875 0.7734375 0.01484375 0.02578125
2 0.53125 0.84921875 0.0109375 0.0359375
2 0.5203125 0.9078125 0.01015625 0.0359375
2 0.63359375 0.50390625 0.02421875 0.028125
2 0.43203125 0.41171875 0.009375 0.0234375
2 0.56328125 0.9703125 0.01640625 0.021875
2 0.56328125 0.98984375 0.01796875 0.0203125
2 0.815625 0.890625 0.01171875 0.0359375
2 0.8390625 0.90625 0.01328125 0.03671875
2 0.84921875 0.9046875 0.0109375 0.03828125
2 0.80703125 0.953125 0.01796875 0.021875
2 0.80546875 0.96953125 0.015625 0.01953125
2 0.803125 0.990625 0.01171875 0.01796875
2 0.828125 0.5234375 0.0203125 0.02421875
2 0.8375 0.47578125 0.02421875 0.01875
2 0.91796875 0.33203125 0.01640625 0.0234375
2 0.6734375 0.50859375 0.01640625 0.02578125
2 0.68984375 0.5203125 0.01796875 0.02890625
2 0.68984375 0.54453125 0.015625 0.03828125
2 0.96328125 0.371875 0.02421875 0.01875
2 0.7109375 0.28203125 0.01171875 0.02890625
2 0.521875 0.24765625 0.01640625 0.03671875
2 0.446875 0.28984375 0.01171875 0.040625
2 0.778125 0.25546875 0.01875 0.03125
2 0.86953125 0.140625 0.01328125 0.034375
2 0.8671875 0.1828125 0.01328125 0.03046875
2 0.865625 0.2140625 0.009375 0.04140625
2 0.80703125 0.2203125 0.009375 0.021875
3 0.58046875 0.26171875 0.01640625 0.04140625
2 0.615625 0.009375 0.015625 0.01875
2 0.61796875 0.02734375 0.0203125 0.0265625
2 0.6109375 0.05078125 0.02109375 0.02109375
2 0.584375 0.05703125 0.02578125 0.0234375
2 0.578125 0.1015625 0.01875 0.0265625
2 0.56796875 0.1140625 0.01875 0.021875
2 0.56328125 0.12890625 0.0203125 0.01953125
2 0.565625 0.14921875 0.0203125 0.0234375
2 0.56640625 0.16328125 0.02578125 0.02109375
2 0.56640625 0.18515625 0.01796875 0.03046875
2 0.56328125 0.20546875 0.01875 0.02578125
2 0.52890625 0.053125 0.01171875 0.03125
2 0.42890625 0.18046875 0.01640625 0.01875
2 0.41328125 0.18203125 0.00859375 0.03984375
2 0.40625 0.1671875 0.009375 0.03125
2 0.36171875 0.0609375 0.0140625 0.0453125
2 0.3375 0.10625 0.01796875 0.015625
2 0.29296875 0.09921875 0.01640625 0.021875
2 0.30703125 0.0984375 0.01875 0.01875
2 0.228125 0.0734375 0.01875 0.02890625
2 0.19140625 0.0671875 0.01328125 0.015625
2 0.0921875 0.0359375 0.025 0.01875
2 0.04296875 0.21953125 0.01015625 0.04375
2 0.04609375 0.12578125 0.00859375 0.04296875
2 0.04609375 0.0859375 0.0109375 0.04140625
2 0.23125 0.25625 0.01328125 0.03125
2 0.215625 0.303125 0.00859375 0.03359375
0 0.57109375 0.03046875 0.01328125 0.0265625
0 0.55234375 0.04765625 0.01015625 0.028125
0 0.553125 0.128125 0.00859375 0.0265625
0 0.646875 0.315625 0.01484375 0.01953125
0 0.690625 0.3171875 0.01484375 0.01640625
3 0.70546875 0.30703125 0.01796875 0.0265625
0 0.85390625 0.35390625 0.02109375 0.025
0 0.721875 0.51875 0.015625 0.0203125
0 0.553125 0.5203125 0.0109375 0.01953125
0 0.521875 0.50546875 0.00859375 0.02890625
0 0.5390625 0.653125 0.01328125 0.028125
0 0.51953125 0.8109375 0.00859375 0.0265625
0 0.534375 0.7984375 0.01171875 0.02109375
0 0.53984375 0.81640625 0.00859375 0.0265625
0 0.54140625 0.840625 0.009375 0.02421875
0 0.54140625 0.86171875 0.0109375 0.01953125
0 0.54375 0.88671875 0.015625 0.0359375
0 0.4390625 0.728125 0.01015625 0.03515625
0 0.43984375 0.67890625 0.0109375 0.01953125
0 0.4359375 0.5359375 0.00859375 0.03046875
0 0.4140625 0.5984375 0.01171875 0.0203125
0 0.39609375 0.60859375 0.0109375 0.01484375
0 0.4015625 0.63359375 0.0140625 0.01953125
0 0.44453125 0.4078125 0.009375 0.02421875
0 0.4515625 0.42890625 0.009375 0.03359375
0 0.39453125 0.70859375 0.01484375 0.0234375
0 0.528125 0.96484375 0.00703125 0.02890625
0 0.5390625 0.96328125 0.00859375 0.02890625
0 0.52890625 0.9859375 0.00859375 0.02421875
2 0.39609375 0.77890625 0.0109375 0.03515625
2 0.39140625 0.84921875 0.01328125 0.028125
2 0.3921875 0.865625 0.01640625 0.01875
2 0.390625 0.88828125 0.01328125 0.03125
2 0.38828125 0.953125 0.01171875 0.0234375
0 0.28828125 0.709375 0.01328125 0.0203125
4 0.09375 0.6625 0.01015625 0.01953125
4 0.1328125 0.6609375 0.01328125 0.01875
4 0.14296875 0.6703125 0.015625 0.0203125
4 0.171875 0.65390625 0.01328125 0.01171875
4 0.3390625 0.6265625 0.01171875 0.02421875
4 0.365625 0.63203125 0.009375 0.0140625
4 0.353125 0.6078125 0.01484375 0.0203125
4 0.3734375 0.684375 0.0109375 0.01875
4 0.43203125 0.81328125 0.01015625 0.021875
4 0.4390625 0.83828125 0.00859375 0.028125
4 0.44296875 0.85859375 0.009375 0.021875
4 0.44921875 0.875 0.00859375 0.01875
4 0.50859375 0.95703125 0.00859375 0.028125
4 0.5078125 0.90390625 0.00625 0.02578125
4 0.5140625 0.90390625 0.00546875 0.0234375
4 0.51015625 0.8109375 0.00703125 0.0265625
4 0.5265625 0.81953125 0.00625 0.0234375
4 0.52421875 0.73359375 0.00859375 0.0234375
4 0.5234375 0.67578125 0.00859375 0.02890625
4 0.53203125 0.60234375 0.0109375 0.021875
4 0.434375 0.65703125 0.0109375 0.0203125
4 0.4453125 0.6546875 0.00703125 0.01484375
4 0.43671875 0.49921875 0.01015625 0.02421875
4 0.43671875 0.44296875 0.00546875 0.021875
4 0.46796875 0.42109375 0.00625 0.01640625
4 0.46171875 0.4203125 0.00859375 0.02109375
4 0.5890625 0.46796875 0.00546875 0.021875
4 0.6375 0.46875 0.01015625 0.01640625
4 0.62734375 0.4828125 0.009375 0.01171875
4 0.615625 0.48125 0.00625 0.01796875
4 0.60390625 0.4875 0.0109375 0.01640625
4 0.5671875 0.49140625 0.01171875 0.01484375
4 0.57890625 0.50625 0.0109375 0.01328125
4 0.58828125 0.484375 0.01015625 0.01796875
2 0.61328125 0.51875 0.01640625 0.02421875
4 0.43359375 0.57578125 0.00859375 0.021875
4 0.43828125 0.57890625 0.00546875 0.01796875
4 0.44453125 0.5640625 0.00546875 0.01796875
4 0.45 0.5765625 0.00859375 0.01953125
4 0.453125 0.67109375 0.009375 0.02421875
2 0.51171875 0.728125 0.01015625 0.03984375
3 0.52421875 0.56640625 0.0140625 0.02109375
4 0.87109375 0.49609375 0.0140625 0.021875
4 0.81875 0.4953125 0.01328125 0.0140625
4 0.75703125 0.48828125 0.015625 0.0140625
4 0.6984375 0.46953125 0.01796875 0.01015625
4 0.6625 0.490625 0.015625 0.0140625
4 0.696875 0.34609375 0.01171875 0.028125
4 0.68359375 0.33046875 0.01015625 0.0265625
4 0.7734375 0.3265625 0.01171875 0.021875
4 0.8078125 0.35546875 0.01171875 0.025
4 0.53671875 0.2734375 0.01328125 0.01953125
4 0.5359375 0.15390625 0.00859375 0.028125
2 0.51953125 0.13671875 0.0140625 0.03125
6 0.52109375 0.409375 0.01328125 0.05859375
4 0.521875 0.1109375 0.01328125 0.0234375
4 0.51796875 0.08359375 0.00859375 0.02421875
4 0.53125 0.08125 0.00859375 0.02578125
4 0.534375 0.009375 0.009375 0.01875
4 0.51328125 0.01171875 0.0140625 0.0234375
4 0.5171875 0.0484375 0.00859375 0.021875
4 0.534375 0.0375 0.00859375 0.01953125
4 0.45546875 0.17109375 0.009375 0.01875
4 0.459375 0.190625 0.01015625 0.02421875
4 0.46328125 0.21875 0.009375 0.01640625
4 0.45546875 0.24375 0.00546875 0.03046875
4 0.45546875 0.0359375 0.009375 0.01875
4 0.46484375 0.065625 0.009375 0.02421875