2 0.0328125 0.54453125 0.01484375 0.046875
2 0.221875 0.48515625 0.01171875 0.04140625
2 0.21953125 0.51953125 0.00859375 0.0296875
2 0.41953125 0.46953125 0.01015625 0.034375
2 0.41796875 0.5140625 0.01328125 0.03828125
2 0.4609375 0.58046875 0.009375 0.03125
2 0.4578125 0.659375 0.01328125 0.034375
1 0.4484375 0.74453125 0.01875 0.084375
2 0.4484375 0.853125 0.02109375 0.04453125
2 0.44609375 0.9640625 0.01171875 0.040625
2 0.39453125 0.77421875 0.0109375 0.03671875
2 0.38984375 0.84375 0.0109375 0.0265625
2 0.3890625 0.94921875 0.01328125 0.03046875
2 0.390625 0.88203125 0.015625 0.0234375
2 0.38984375 0.8625 0.01875 0.0234375
2 0.09609375 0.67109375 0.0234375 0.02109375
2 0.053125 0.6359375 0.0234375 0.01953125
2 0.43046875 0.41171875 0.01171875 0.02890625
2 0.45703125 0.37421875 0.009375 0.03515625
4 0.434375 0.884375 0.01015625 0.0234375
4 0.42578125 0.8828125 0.00859375 0.02890625
4 0.01640625 0.66796875 0.01796875 0.01796875
4 0.04375 0.66328125 0.01328125 0.0140625
4 0.0171875 0.678125 0.0140625 0.01171875
3 0.1234375 0.65859375 0.025 0.0234375
4 0.221875 0.63671875 0.01015625 0.01796875
4 0.18203125 0.6859375 0.01484375 0.015625
4 0.1328125 0.68046875 0.015625 0.01796875
0 0.15078125 0.68828125 0.01796875 0.01953125
0 0.33515625 0.68671875 0.0140625 0.0203125
0 0.396875 0.60546875 0.0140625 0.01875
0 0.39375 0.70703125 0.015625 0.01484375
0 0.509375 0.903125 0.0140625 0.03359375
0 0.51953125 0.96953125 0.0109375 0.0265625
0 0.525 0.959375 0.00859375 0.02578125
0 0.53828125 0.95703125 0.00859375 0.03046875
0 0.53046875 0.884375 0.01015625 0.028125
0 0.28671875 0.70625 0.01171875 0.02578125
2 0.19609375 0.72265625 0.01640625 0.02109375
4 0.43515625 0.5390625 0.01171875 0.02421875
4 0.4515625 0.5359375 0.01015625 0.025
4 0.453125 0.58125 0.00703125 0.02109375
4 0.16015625 0.703125 0.009375 0.009375
4 0.28671875 0.6703125 0.0109375 0.01640625
4 0.3078125 0.6890625 0.01015625 0.01484375
4 0.309375 0.63203125 0.01484375 0.01484375
4 0.33046875 0.61640625 0.01171875 0.015625
4 0.36171875 0.634375 0.0109375 0.01953125
4 0.359375 0.66953125 0.01328125 0.01640625
4 0.38359375 0.68359375 0.0109375 0.01171875
4 0.36875 0.68515625 0.0140625 0.01328125
4 0.40078125 0.665625 0.01015625 0.015625
4 0.41953125 0.66171875 0.009375 0.01484375
4 0.40625 0.6828125 0.01328125 0.01796875
4 0.35078125 0.61953125 0.01171875 0.01640625
4 0.45546875 0.603125 0.009375 0.01796875
4 0.4390625 0.6203125 0.00859375 0.01796875
4 0.44765625 0.653125 0.00859375 0.02578125
4 0.428125 0.65234375 0.01171875 0.01953125
4 0.45546875 0.10078125 0.00625 0.021875
4 0.45703125 0.18828125 0.00703125 0.02421875
4 0.4484375 0.2203125 0.01015625 0.0234375
0 0.4484375 0.32109375 0.01015625 0.03828125
4 0.4421875 0.45546875 0.00078125 0.00546875
2 0.21015625 0.38828125 0.01328125 0.04609375
2 0.2140625 0.3015625 0.009375 0.040625
2 0.228125 0.25390625 0.009375 0.03515625
2 0.40390625 0.16328125 0.01171875 0.0359375
2 0.41171875 0.18125 0.01015625 0.03359375
2 0.4265625 0.17734375 0.01640625 0.0203125
0 0.4140625 0.10625 0.0140625 0.01953125
4 0.41328125 0.12109375 0.0109375 0.00859375
4 0.43671875 0.36640625 0.00703125 0.015625
4 0.4375 0.38515625 0.01015625 0.0140625
4 0.43125 0.353125 0.00390625 0.01171875
4 0.43125 0.32890625 0.0046875 0.0140625
4 0.43359375 0.28203125 0.009375 0.01640625
2 0.090625 0.0359375 0.0203125 0.01875
2 0.1890625 0.0609375 0.015625 0.01875
2 0.20703125 0.06328125 0.01640625 0.01640625
2 0.2234375 0.0703125 0.021875 0.01328125
2 0.20546875 0.0421875 0.02421875 0.01875
2 0.1859375 0.0890625 0.021875 0.01640625
2 0.040625 0.21796875 0.0109375 0.0359375
2 0.04375 0.0828125 0.009375 0.04296875
2 0.04140625 0.12421875 0.0109375 0.04140625
2 0.290625 0.0953125 0.01953125 0.0234375
2 0.3078125 0.09453125 0.01953125 0.01171875
2 0.33515625 0.10078125 0.02109375 0.01796875
2 0.334375 0.05390625 0.00703125 0.03984375
2 0.35859375 0.05703125 0.009375 0.03828125
0 0.32109375 0.03203125 0.01328125 0.01796875
2 0.51640625 0.0234375 0.0140625 0.0296875
2 0.5828125 0.0515625 0.02109375 0.02421875
2 0.60859375 0.0515625 0.0203125 0.02109375
2 0.615625 0.0265625 0.01640625 0.01875
2 0.61484375 0.00859375 0.01796875 0.01640625
2 0.78671875 0.184375 0.0140625 0.0359375
2 0.80703125 0.2171875 0.015625 0.01953125
2 0.865625 0.134375 0.0140625 0.03671875
2 0.86484375 0.1796875 0.01171875 0.03046875
2 0.86328125 0.2109375 0.01171875 0.03515625
2 0.9140625 0.32734375 0.01953125 0.02578125
2 0.578125 0.09609375 0.01796875 0.01953125
2 0.565625 0.10859375 0.01796875 0.02421875
2 0.5625 0.128125 0.02109375 0.021875
2 0.56640625 0.1609375 0.02421875 0.015625
2 0.565625 0.18359375 0.01796875 0.02421875
2 0.5640625 0.2046875 0.01875 0.0296875
3 0.578125 0.26015625 0.01796875 0.046875
2 0.52109375 0.09296875 0.015625 0.0390625
2 0.54375 0.515625 0.02109375 0.0234375
2 0.51484375 0.3796875 0.00546875 0.040625
2 0.89296875 0.52421875 0.02421875 0.02421875
2 0.828125 0.51875 0.01875 0.0203125
2 0.6859375 0.51328125 0.01328125 0.021875
2 0.68671875 0.54453125 0.01484375 0.040625
2 0.64296875 0.51171875 0.02578125 0.01875
2 0.61328125 0.5125 0.01796875 0.015625
2 0.70703125 0.2796875 0.01171875 0.0390625
1 0.6109375 0.33671875 0.0484375 0.0390625
1 0.51953125 0.19453125 0.01484375 0.09453125
4 0.5296875 0.17421875 0.01171875 0.034375
4 0.5375 0.24296875 0.009375 0.01875
4 0.53046875 0.29609375 0.00859375 0.021875
4 0.5765625 0.35625 0.01328125 0.0234375
4 0.57734375 0.37578125 0.01640625 0.01484375
4 0.66953125 0.32578125 0.01015625 0.02421875
4 0.79296875 0.35625 0.0140625 0.0203125
4 0.87109375 0.3515625 0.01171875 0.01484375
0 0.81640625 0.2859375 0.01796875 0.0234375
0 0.80546875 0.1765625 0.01484375 0.021875
0 0.85703125 0.2890625 0.01015625 0.03125
0 0.51640625 0.27578125 0.01015625 0.03125
0 0.51953125 0.31015625 0.01171875 0.02578125
0 0.54140625 0.5640625 0.01015625 0.02109375
0 0.64453125 0.31171875 0.0140625 0.01484375
0 0.68828125 0.31328125 0.015625 0.01640625
0 0.71796875 0.478125 0.01640625 0.02109375
0 0.55234375 0.040625 0.01015625 0.028125
0 0.56953125 0.0265625 0.00859375 0.03046875
0 0.54921875 0.121875 0.01015625 0.03125
2 0.765625 0.25625 0.015625 0.04453125
0 0.521875 0.38046875 0.01171875 0.02890625
4 0.9484375 0.3546875 0.01640625 0.02890625
4 0.96171875 0.3234375 0.015625 0.01875
4 0.81328125 0.49296875 0.01171875 0.0203125
4 0.94921875 0.5046875 0.01953125 0.01953125
3 0.83046875 0.47578125 0.02109375 0.01953125
4 0.74140625 0.4859375 0.01171875 0.01328125
4 0.66953125 0.48203125 0.009375 0.01484375
4 0.6515625 0.48125 0.015625 0.01953125
4 0.590625 0.4625 0.01171875 0.01484375
4 0.6015625 0.46953125 0.00859375 0.0140625
4 0.52890625 0.3640625 0.00859375 0.025
4 0.734375 0.30546875 0.0140625 0.015625
4 0.51953125 0.43359375 0.015625 0.01328125
4 0.52578125 0.409375 0.01328125 0.01875
4 0.52578125 0.50078125 0.01171875 0.0296875
4 0.52890625 0.5265625 0.01015625 0.02109375
4 0.5140625 0.5046875 0.01328125 0.01640625
2 0.81171875 0.8875 0.01484375 0.04296875
2 0.8375 0.896875 0.01171875 0.040625
2 0.85078125 0.90390625 0.01328125 0.04140625
2 0.8046875 0.946875 0.01875 0.02109375
2 0.80234375 0.9640625 0.01953125 0.01640625
2 0.79921875 0.9828125 0.01640625 0.01953125
2 0.571875 0.90703125 0.01484375 0.03984375
2 0.565625 0.971875 0.01484375 0.01796875
2 0.565625 0.98671875 0.01796875 0.01640625
2 0.5421875 0.73359375 0.01875 0.03515625
2 0.53828125 0.76328125 0.01796875 0.0296875
2 0.53046875 0.84609375 0.01171875 0.03515625
0 0.53203125 0.7890625 0.01484375 0.03203125
0 0.53828125 0.8109375 0.009375 0.0203125
0 0.54296875 0.834375 0.01015625 0.03046875
0 0.54140625 0.85703125 0.01171875 0.025
0 0.54296875 0.88203125 0.00859375 0.01875
0 0.54140625 0.9046875 0.0109375 0.02109375
2 0.52109375 0.9296875 0.00859375 0.03671875
4 0.53515625 0.596875 0.00703125 0.015625
4 0.52578125 0.559375 0.01171875 0.01875
4 0.52578125 0.62265625 0.00859375 0.01875
4 0.53046875 0.6140625 0.01015625 0.0140625
4 0.51640625 0.63203125 0.00859375 0.03203125
4 0.51796875 0.6671875 0.01015625 0.01953125
4 0.52578125 0.7140625 0.0140625 0.01328125
4 0.51953125 0.7890625 0.009375 0.0203125
4 0.5234375 0.81640625 0.00703125 0.02421875
4 0.50625 0.8421875 0.00625 0.025
4 0.515625 0.8484375 0.00546875 0.02421875
4 0.52109375 0.8515625 0.00859375 0.021875