1 0.234375 0.68359375 0.05390625 0.03125
1 0.29140625 0.6734375 0.05390625 0.03203125
4 0.32890625 0.70546875 0.01015625 0.00859375
4 0.34609375 0.68671875 0.01015625 0.01015625
4 0.428125 0.6640625 0.009375 0.00703125
4 0.4734375 0.68046875 0.00859375 0.01875
4 0.40703125 0.78671875 0.01015625 0.009375
2 0.128125 0.74296875 0.01953125 0.01640625
4 0.0109375 0.746875 0.00859375 0.01328125
4 0.03671875 0.81953125 0.0109375 0.0109375
4 0.10703125 0.80390625 0.0109375 0.01015625
4 0.12578125 0.81484375 0.0109375 0.009375
4 0.0234375 0.940625 0.0109375 0.00859375
0 0.1609375 0.9734375 0.0140625 0.01796875
0 0.090625 0.90859375 0.0140625 0.015625
2 0.08359375 0.840625 0.0234375 0.01796875
4 0.1421875 0.89296875 0.01015625 0.0109375
4 0.1859375 0.80390625 0.01171875 0.0109375
4 0.17421875 0.9109375 0.0109375 0.0109375
4 0.19921875 0.90703125 0.0109375 0.01015625
2 0.18984375 0.8703125 0.0203125 0.0203125
2 0.2671875 0.8265625 0.021875 0.0203125
3 0.32578125 0.88046875 0.028125 0.0234375
4 0.40234375 0.9484375 0.0109375 0.01328125
2 0.44609375 0.8359375 0.01484375 0.02578125
4 0.5265625 0.90859375 0.01171875 0.0109375
2 0.540625 0.88046875 0.0234375 0.0203125
2 0.5421875 0.8296875 0.01875 0.02890625
3 0.5984375 0.8140625 0.0265625 0.021875
0 0.628125 0.85390625 0.0140625 0.01640625
4 0.6421875 0.84375 0.01171875 0.00859375
2 0.65078125 0.88359375 0.0203125 0.01953125
4 0.6890625 0.840625 0.01171875 0.009375
4 0.71796875 0.85078125 0.01171875 0.0109375
4 0.83046875 0.88671875 0.0109375 0.01015625
4 0.9015625 0.846875 0.01171875 0.01328125
0 0.90390625 0.8703125 0.01796875 0.01640625
4 0.9921875 0.6796875 0.009375 0.009375
4 0.87578125 0.703125 0.0109375 0.01171875
4 0.84296875 0.71640625 0.0109375 0.00859375
2 0.73125 0.69296875 0.01796875 0.015625
4 0.75 0.67421875 0.0109375 0.01015625
4 0.665625 0.7609375 0.01015625 0.01171875
4 0.50703125 0.67578125 0.00859375 0.01953125
2 0.48671875 0.6390625 0.01171875 0.034375
3 0.4984375 0.621875 0.0140625 0.04609375
4 0.48359375 0.54609375 0.0046875 0.01953125
4 0.48046875 0.4875 0.00546875 0.0203125
4 0.4921875 0.48203125 0.00546875 0.01953125
4 0.49140625 0.403125 0.00625 0.01796875
2 0.48671875 0.26953125 0.009375 0.0359375
2 0.5265625 0.30546875 0.00859375 0.034375
0 0.47109375 0.18359375 0.00859375 0.025