2 0.03046875 0.5390625 0.01328125 0.03671875
2 0.2109375 0.29765625 0.01328125 0.03671875
2 0.2078125 0.3859375 0.01171875 0.03984375
2 0.21875 0.48046875 0.0109375 0.03984375
2 0.2171875 0.51796875 0.00859375 0.03515625
2 0.0515625 0.63203125 0.02109375 0.01875
2 0.0828125 0.6671875 0.01796875 0.021875
2 0.21171875 0.68046875 0.0203125 0.01875
2 0.19375 0.71953125 0.0140625 0.01328125
2 0.35390625 0.63046875 0.02421875 0.02421875
2 0.4578125 0.3609375 0.01015625 0.03984375
2 0.45 0.4640625 0.009375 0.03671875
2 0.41953125 0.46484375 0.00859375 0.0265625
2 0.41796875 0.5109375 0.00859375 0.03125
2 0.46171875 0.61328125 0.00625 0.03046875
2 0.4359375 0.64609375 0.01875 0.0234375
2 0.44296875 0.6875 0.00703125 0.02578125
2 0.434375 0.7109375 0.00859375 0.03359375
2 0.43984375 0.74921875 0.0109375 0.04140625
2 0.45078125 0.75078125 0.0109375 0.04296875
2 0.44296875 0.83671875 0.01328125 0.03984375
2 0.39453125 0.76875 0.0140625 0.040625
2 0.3890625 0.8421875 0.0140625 0.03359375
2 0.3890625 0.86171875 0.0140625 0.01796875
2 0.38828125 0.88125 0.0140625 0.028125
2 0.38671875 0.94453125 0.01015625 0.0265625
2 0.51328125 0.61875 0.01015625 0.0359375
2 0.5390625 0.73359375 0.01875 0.03671875
2 0.52734375 0.73671875 0.01484375 0.0359375
2 0.53828125 0.76328125 0.01796875 0.03359375
2 0.528125 0.846875 0.00859375 0.03359375
2 0.5640625 0.96953125 0.015625 0.01796875
2 0.56328125 0.984375 0.01484375 0.01796875
2 0.8109375 0.884375 0.01015625 0.03125
2 0.8359375 0.8984375 0.01640625 0.046875
2 0.84765625 0.89921875 0.01484375 0.04375
2 0.8015625 0.946875 0.01796875 0.02421875
2 0.79921875 0.96484375 0.02109375 0.01953125
2 0.796875 0.98359375 0.0140625 0.01953125
2 0.88046875 0.47890625 0.02109375 0.01796875
2 0.98125 0.34765625 0.0203125 0.021875
2 0.915625 0.33046875 0.0203125 0.0234375
2 0.890625 0.52578125 0.01875 0.01640625
2 0.8265625 0.51796875 0.01875 0.01953125
2 0.68671875 0.5390625 0.0140625 0.03515625
2 0.68359375 0.5140625 0.02109375 0.0265625
2 0.66875 0.46640625 0.0203125 0.02109375
2 0.640625 0.50859375 0.0234375 0.02421875
2 0.6109375 0.5140625 0.01875 0.01328125
2 0.54140625 0.44140625 0.01796875 0.02421875
2 0.55546875 0.496875 0.01796875 0.03203125
2 0.51171875 0.54765625 0.00859375 0.03671875
0 0.1328125 0.65078125 0.015625 0.01953125
0 0.2734375 0.675 0.01328125 0.0203125
0 0.29921875 0.678125 0.01328125 0.01640625
0 0.284375 0.70078125 0.009375 0.01640625
0 0.35546875 0.66875 0.01328125 0.01953125
0 0.39453125 0.60078125 0.015625 0.0203125
0 0.38203125 0.62890625 0.01484375 0.01953125
0 0.38125 0.68359375 0.01640625 0.01484375
0 0.41015625 0.66640625 0.009375 0.02578125
0 0.3890625 0.70390625 0.0140625 0.01953125
0 0.42109375 0.690625 0.00546875 0.02421875
0 0.428125 0.68046875 0.009375 0.028125
0 0.43359375 0.79140625 0.01015625 0.028125
0 0.52421875 0.553125 0.00859375 0.02578125
0 0.53203125 0.7890625 0.00859375 0.02578125
0 0.5375 0.8125 0.01015625 0.02578125
0 0.5390625 0.83671875 0.00703125 0.01875
0 0.54140625 0.8578125 0.00859375 0.02578125
0 0.5390625 0.878125 0.009375 0.0265625
0 0.54140625 0.903125 0.00546875 0.0234375
0 0.5234375 0.88203125 0.00859375 0.021875
0 0.5265625 0.95859375 0.00859375 0.0296875
0 0.53671875 0.95625 0.01328125 0.0359375
0 0.5234375 0.97734375 0.0140625 0.0265625
0 0.53671875 0.64609375 0.01015625 0.03359375
2 0.428125 0.40859375 0.01171875 0.03203125
3 0.46171875 0.66328125 0.01171875 0.05546875
3 0.45078125 0.65078125 0.01015625 0.028125
2 0.45546875 0.70625 0.01015625 0.03359375
4 0.0359375 0.6453125 0.01015625 0.01484375
4 0.0453125 0.659375 0.01328125 0.0140625
4 0.05625 0.66875 0.015625 0.0203125
4 0.0625 0.69453125 0.01171875 0.01171875
4 0.06875 0.65625 0.01328125 0.01640625
4 0.096875 0.65078125 0.015625 0.01953125
4 0.11328125 0.66328125 0.01328125 0.0140625
4 0.096875 0.68359375 0.01171875 0.01484375
4 0.23984375 0.67578125 0.015625 0.01953125
4 0.29296875 0.66640625 0.009375 0.01796875
4 0.31171875 0.66484375 0.0140625 0.01953125
4 0.334375 0.6765625 0.0109375 0.01484375
4 0.33828125 0.66484375 0.01171875 0.01796875
4 0.34375 0.67890625 0.01015625 0.01953125
4 0.35859375 0.68125 0.01328125 0.01953125
4 0.3171875 0.69140625 0.01015625 0.01640625
4 0.4296875 0.5734375 0.00859375 0.01484375
4 0.4390625 0.528125 0.00546875 0.02578125
4 0.4546875 0.55234375 0.00859375 0.0296875
4 0.46328125 0.54296875 0.009375 0.02109375
4 0.40625 0.6765625 0.009375 0.01484375
4 0.42109375 0.65 0.00859375 0.01953125
4 0.4359375 0.66640625 0.00625 0.01328125
4 0.4265625 0.72578125 0.009375 0.0203125
4 0.4296875 0.74453125 0.00703125 0.0203125
4 0.45390625 0.609375 0.01328125 0.02421875
4 0.51640625 0.45625 0.01484375 0.02421875
4 0.52734375 0.47734375 0.00859375 0.021875
4 0.52578125 0.5140625 0.01015625 0.0234375
4 0.51796875 0.528125 0.009375 0.01640625
4 0.51875 0.40546875 0.0140625 0.02109375
4 0.51796875 0.3640625 0.00703125 0.02421875
4 0.509375 0.8140625 0.01171875 0.028125
4 0.51328125 0.865625 0.01328125 0.028125
4 0.51953125 0.91171875 0.01015625 0.03125
4 0.5921875 0.49375 0.0140625 0.021875
4 0.6265625 0.48671875 0.01484375 0.021875
4 0.703125 0.37578125 0.01171875 0.01328125
4 0.69296875 0.34921875 0.01328125 0.01484375
4 0.7171875 0.34609375 0.01484375 0.01640625
4 0.71953125 0.3265625 0.01640625 0.02109375
4 0.528125 0.36640625 0.00859375 0.02890625
4 0.4453125 0.784375 0.01171875 0.021875
4 0.434375 0.9 0.00859375 0.021875
4 0.45078125 0.90390625 0.00703125 0.0296875
4 0.98828125 0.3234375 0.00859375 0.01484375
4 0.98515625 0.4859375 0.0109375 0.01640625
4 0.9625 0.4875 0.01640625 0.0140625
4 0.91171875 0.50390625 0.01328125 0.01796875
4 0.8875 0.5015625 0.015625 0.021875
4 0.859375 0.496875 0.0140625 0.01171875
4 0.76953125 0.478125 0.01796875 0.01640625
4 0.73984375 0.49296875 0.01171875 0.01640625
4 0.7328125 0.30546875 0.00859375 0.01640625
4 0.88359375 0.34921875 0.00859375 0.01953125
4 0.90625 0.36484375 0.009375 0.01875
4 0.5234375 0.225 0.00859375 0.0265625
4 0.515625 0.11953125 0.0109375 0.021875
4 0.53203125 0.16171875 0.00859375 0.02109375
4 0.446875 0.246875 0.009375 0.0234375
4 0.44765625 0.2953125 0.00859375 0.0234375
4 0.4546875 0.30703125 0.00546875 0.0234375
4 0.44609375 0.2171875 0.00859375 0.01953125
4 0.43671875 0.16484375 0.01015625 0.0265625
4 0.44921875 0.09453125 0.00703125 0.0296875
2 0.4546875 0.20546875 0.01640625 0.0359375
2 0.61328125 0.00859375 0.028125 0.01640625
2 0.6140625 0.02265625 0.02109375 0.01953125
2 0.6109375 0.04921875 0.01875 0.01953125
2 0.5828125 0.0484375 0.01875 0.01796875
2 0.578125 0.0984375 0.01640625 0.02109375
2 0.56484375 0.11015625 0.0234375 0.02109375
2 0.5609375 0.125 0.0203125 0.01640625
2 0.5625 0.140625 0.02109375 0.0203125
2 0.565625 0.1578125 0.01796875 0.01484375
2 0.565625 0.18046875 0.01328125 0.02421875
2 0.56171875 0.203125 0.015625 0.01796875
3 0.578125 0.25703125 0.0140625 0.04296875
6 0.46328125 0.13828125 0.00703125 0.08359375
2 0.40390625 0.16484375 0.0109375 0.02890625
2 0.4109375 0.17578125 0.00859375 0.03671875
2 0.42421875 0.17578125 0.015625 0.0203125
2 0.79296875 0.19140625 0.01171875 0.03125
2 0.79765625 0.159375 0.01171875 0.03125
2 0.80703125 0.2203125 0.00859375 0.03359375
2 0.765625 0.25703125 0.0109375 0.0359375
2 0.7078125 0.28046875 0.0140625 0.03984375
2 0.865625 0.13203125 0.015625 0.04453125
2 0.86484375 0.17578125 0.0109375 0.040625
2 0.86328125 0.21171875 0.00859375 0.03515625
2 0.97890625 0.2984375 0.025 0.01953125
0 0.54453125 0.27890625 0.01328125 0.0296875
0 0.5515625 0.03671875 0.00859375 0.0203125
0 0.57109375 0.025 0.01171875 0.02421875
0 0.55078125 0.121875 0.00859375 0.02890625
0 0.45546875 0.14609375 0.01171875 0.021875
0 0.6453125 0.31328125 0.01796875 0.02421875
0 0.6890625 0.3140625 0.015625 0.01796875
0 0.86171875 0.303125 0.0140625 0.025
0 0.753125 0.31953125 0.015625 0.01875
0 0.81328125 0.284375 0.01796875 0.01953125
0 0.46171875 0.2546875 0.01171875 0.03203125
2 0.35859375 0.05078125 0.0109375 0.03671875
2 0.33671875 0.096875 0.02109375 0.0234375
2 0.30625 0.09453125 0.021875 0.01875
2 0.28984375 0.0875 0.01796875 0.01484375
2 0.225 0.06640625 0.02109375 0.021875
2 0.20546875 0.059375 0.015625 0.01484375
2 0.1890625 0.05546875 0.01875 0.01015625
2 0.1828125 0.08125 0.0234375 0.02109375
2 0.08984375 0.028125 0.015625 0.01484375
2 0.040625 0.2078125 0.0109375 0.03828125
2 0.04296875 0.07890625 0.00859375 0.04140625
2 0.0390625 0.11796875 0.01015625 0.0359375
2 0.2265625 0.2515625 0.00859375 0.03984375
0 0.23515625 0.0140625 0.0109375 0.0203125
0 0.41640625 0.11015625 0.0140625 0.03046875
2 0.3359375 0.0484375 0.00703125 0.0296875