2 0.02890625 0.5375 0.0109375 0.04296875
2 0.20703125 0.38671875 0.0109375 0.04296875
2 0.21875 0.48359375 0.00703125 0.04296875
2 0.21484375 0.51640625 0.00859375 0.028125
2 0.41796875 0.46796875 0.01171875 0.0359375
2 0.415625 0.50859375 0.009375 0.04296875
2 0.44296875 0.44375 0.009375 0.040625
2 0.45390625 0.4484375 0.01328125 0.02890625
2 0.42734375 0.40703125 0.01328125 0.025
2 0.19140625 0.71953125 0.015625 0.0140625
2 0.4015625 0.63359375 0.01640625 0.02109375
2 0.44765625 0.68828125 0.00703125 0.02890625
2 0.45625 0.69140625 0.01171875 0.03359375
2 0.45078125 0.7515625 0.0109375 0.03515625
2 0.3921875 0.77578125 0.01640625 0.03671875
2 0.55078125 0.3328125 0.01875 0.01953125
2 0.5140625 0.34375 0.01171875 0.028125
2 0.52578125 0.35390625 0.015625 0.0265625
2 0.52421875 0.3984375 0.01328125 0.03125
2 0.5390625 0.425 0.01640625 0.0296875
2 0.5234375 0.43828125 0.0203125 0.02421875
2 0.52578125 0.46328125 0.02109375 0.0265625
2 0.5640625 0.453125 0.0203125 0.021875
2 0.6078125 0.515625 0.01328125 0.01796875
2 0.521875 0.55546875 0.01171875 0.03671875
2 0.51171875 0.50625 0.00703125 0.0359375
2 0.52578125 0.74140625 0.01015625 0.03359375
2 0.53828125 0.7328125 0.01328125 0.03671875
2 0.53515625 0.76796875 0.015625 0.03203125
2 0.52421875 0.8515625 0.00859375 0.03984375
2 0.51640625 0.92890625 0.00859375 0.03359375
2 0.5609375 0.9703125 0.01796875 0.01796875
2 0.5609375 0.98515625 0.02109375 0.01875
2 0.4453125 0.98125 0.01328125 0.0359375
2 0.3890625 0.84296875 0.01484375 0.02578125
2 0.38828125 0.86796875 0.01328125 0.02421875
2 0.38671875 0.8859375 0.0140625 0.01953125
2 0.384375 0.946875 0.009375 0.0296875
2 0.04921875 0.63203125 0.01953125 0.01484375
2 0.809375 0.88671875 0.01171875 0.0359375
2 0.834375 0.89765625 0.01171875 0.04296875
2 0.84609375 0.9015625 0.00859375 0.03984375
2 0.8015625 0.9484375 0.01640625 0.021875
2 0.7984375 0.96640625 0.0203125 0.02109375
2 0.79375 0.98046875 0.01484375 0.02578125
2 0.88828125 0.528125 0.0203125 0.02578125
2 0.82421875 0.51640625 0.02421875 0.021875
2 0.79609375 0.4734375 0.0234375 0.01640625
2 0.7703125 0.4875 0.02421875 0.0234375
2 0.68359375 0.54140625 0.009375 0.0359375
2 0.68515625 0.5140625 0.0109375 0.0234375
2 0.67109375 0.50625 0.015625 0.021875
2 0.909375 0.3609375 0.01875 0.01875
2 0.93203125 0.35 0.02109375 0.0265625
2 0.91328125 0.33125 0.01875 0.02109375
0 0.72109375 0.5109375 0.0203125 0.02578125
0 0.79296875 0.32421875 0.01875 0.01796875
0 0.8921875 0.49296875 0.021875 0.0265625
0 0.6375 0.478125 0.015625 0.01640625
0 0.625 0.46484375 0.01484375 0.01953125
0 0.55703125 0.41640625 0.009375 0.02890625
0 0.54140625 0.45390625 0.01484375 0.028125
0 0.5453125 0.521875 0.0140625 0.028125
0 0.5375 0.64765625 0.01328125 0.040625
0 0.60703125 0.48984375 0.0140625 0.028125
0 0.53046875 0.7890625 0.0109375 0.0265625
0 0.5390625 0.81640625 0.0140625 0.02109375
0 0.53984375 0.840625 0.01015625 0.01875
0 0.53828125 0.8609375 0.01171875 0.02890625
0 0.53828125 0.87890625 0.01015625 0.02578125
0 0.53671875 0.90546875 0.01328125 0.03203125
0 0.5359375 0.95546875 0.01015625 0.02421875
0 0.52421875 0.95625 0.01171875 0.02890625
0 0.52578125 0.98203125 0.01171875 0.02890625
0 0.4546875 0.41171875 0.01015625 0.02109375
0 0.440625 0.6109375 0.01171875 0.01796875
0 0.44375 0.63359375 0.00859375 0.01640625
0 0.4109375 0.59296875 0.01640625 0.0265625
0 0.3921875 0.60546875 0.01640625 0.0234375
0 0.36796875 0.61953125 0.01171875 0.01484375
0 0.3734375 0.634375 0.01875 0.01484375
0 0.38828125 0.70703125 0.0109375 0.0234375
0 0.42265625 0.6890625 0.00859375 0.0203125
4 0.046875 0.66171875 0.01015625 0.0265625
4 0.0609375 0.6546875 0.01484375 0.01328125
4 0.059375 0.66875 0.009375 0.01484375
4 0.121875 0.6484375 0.01171875 0.0140625
4 0.2046875 0.684375 0.015625 0.01484375
4 0.22578125 0.6453125 0.01484375 0.01953125
4 0.31328125 0.64296875 0.0109375 0.0234375
4 0.32421875 0.62890625 0.009375 0.01015625
4 0.340625 0.6359375 0.01484375 0.01875
4 0.34296875 0.67109375 0.0140625 0.021875
4 0.32265625 0.70390625 0.01328125 0.01953125
4 0.36875 0.68125 0.01171875 0.01796875
4 0.37578125 0.66796875 0.0109375 0.01875
4 0.3890625 0.6640625 0.01171875 0.01171875
4 0.3984375 0.6734375 0.00859375 0.0140625
4 0.396875 0.68125 0.01484375 0.01796875
4 0.41171875 0.6734375 0.00859375 0.01484375
4 0.41640625 0.659375 0.0109375 0.0140625
4 0.421875 0.67265625 0.009375 0.01171875
4 0.4359375 0.70078125 0.0046875 0.0203125
4 0.440625 0.684375 0.00859375 0.01875
4 0.440625 0.659375 0.009375 0.01796875
4 0.4328125 0.65625 0.009375 0.0140625
4 0.42578125 0.64609375 0.00859375 0.01015625
4 0.4328125 0.6359375 0.00859375 0.01875
4 0.453125 0.62890625 0.00703125 0.02109375
4 0.4578125 0.61015625 0.009375 0.0203125
4 0.44375 0.5421875 0.009375 0.0265625
4 0.4359375 0.55546875 0.01171875 0.01953125
4 0.4390625 0.49609375 0.00625 0.021875
4 0.4453125 0.47890625 0.00859375 0.025
4 0.45703125 0.48671875 0.015625 0.0265625
4 0.45859375 0.50546875 0.01171875 0.021875
4 0.4296875 0.60859375 0.009375 0.03046875
4 0.40390625 0.61640625 0.0140625 0.01328125
4 0.4203125 0.60546875 0.009375 0.01640625
4 0.43359375 0.90625 0.009375 0.0234375
4 0.43359375 0.9578125 0.00859375 0.02421875
4 0.50078125 0.93203125 0.0109375 0.0234375
4 0.503125 0.95859375 0.01015625 0.028125
4 0.51171875 0.7859375 0.01328125 0.03203125
4 0.52421875 0.628125 0.00859375 0.0265625
4 0.52421875 0.59765625 0.01171875 0.02890625
4 0.51328125 0.56875 0.00859375 0.02890625
4 0.53359375 0.5421875 0.00703125 0.021875
4 0.5390625 0.5484375 0.00703125 0.0203125
4 0.54375 0.5484375 0.00546875 0.0296875
4 0.5453125 0.496875 0.01171875 0.028125
4 0.58046875 0.484375 0.00859375 0.01953125
4 0.565625 0.4765625 0.01171875 0.01484375
4 0.5734375 0.49921875 0.01171875 0.01796875
4 0.61796875 0.48359375 0.01015625 0.01484375
4 0.615625 0.34921875 0.01328125 0.01953125
4 0.6515625 0.3484375 0.015625 0.01640625
4 0.7015625 0.34296875 0.01328125 0.01015625
4 0.73203125 0.30546875 0.01484375 0.0140625
3 0.70078125 0.30546875 0.015625 0.01484375
4 0.54921875 0.28828125 0.0140625 0.0234375
4 0.53359375 0.2796875 0.00859375 0.02421875
4 0.5390625 0.303125 0.00546875 0.021875
4 0.53359375 0.3140625 0.00859375 0.01953125
4 0.51796875 0.3171875 0.00859375 0.01875
4 0.51171875 0.2875 0.00859375 0.021875
4 0.53359375 0.25703125 0.00703125 0.01640625
4 0.53671875 0.24453125 0.00703125 0.0234375
4 0.5328125 0.15703125 0.00859375 0.02421875
4 0.52890625 0.09140625 0.00859375 0.0234375
4 0.515625 0.09765625 0.00859375 0.02421875
4 0.4515625 0.0734375 0.00703125 0.021875
4 0.45625 0.128125 0.01015625 0.02421875
4 0.45078125 0.178125 0.01015625 0.01640625
4 0.446875 0.21796875 0.009375 0.021875
4 0.78046875 0.35390625 0.01328125 0.01328125
4 0.80859375 0.35546875 0.01875 0.02109375
4 0.825 0.35078125 0.01484375 0.0140625
4 0.8609375 0.35390625 0.0140625 0.01328125
4 0.878125 0.36015625 0.01484375 0.0140625
4 0.86015625 0.48515625 0.00859375 0.01171875
4 0.86953125 0.49921875 0.009375 0.01796875
4 0.92109375 0.50625 0.01171875 0.01875
4 0.828125 0.48046875 0.01796875 0.02578125
4 0.7546875 0.47265625 0.01484375 0.01953125
4 0.72265625 0.49453125 0.01796875 0.02890625
4 0.7015625 0.475 0.01484375 0.01796875
4 0.690625 0.48125 0.015625 0.0234375
4 0.66484375 0.4765625 0.01640625 0.01796875
4 0.65078125 0.4875 0.01484375 0.01640625
2 0.70546875 0.28203125 0.009375 0.03203125
3 0.5734375 0.2609375 0.01640625 0.04453125
2 0.5609375 0.20390625 0.01875 0.0265625
2 0.56328125 0.18359375 0.0203125 0.021875
2 0.5640625 0.16171875 0.021875 0.01640625
2 0.56171875 0.14296875 0.0203125 0.021875
2 0.55859375 0.1265625 0.01796875 0.01484375
2 0.57578125 0.10078125 0.01484375 0.02578125
2 0.58046875 0.05078125 0.021875 0.01953125
2 0.6078125 0.05078125 0.01875 0.021875
2 0.615625 0.025 0.01875 0.021875
2 0.61328125 0.00703125 0.0234375 0.0140625
2 0.5234375 0.0203125 0.015625 0.0359375
2 0.5109375 0.05234375 0.00859375 0.04140625
2 0.4609375 0.159375 0.0140625 0.03984375
2 0.42421875 0.1734375 0.01796875 0.01640625
2 0.409375 0.184375 0.00859375 0.0359375
2 0.40390625 0.1625 0.01015625 0.02890625
2 0.35546875 0.05703125 0.009375 0.03671875
2 0.53515625 0.21171875 0.01171875 0.04921875
2 0.52421875 0.1984375 0.01328125 0.040625
2 0.525 0.246875 0.01640625 0.02578125
2 0.5140625 0.25859375 0.0109375 0.0359375
2 0.52109375 0.2859375 0.015625 0.03984375
2 0.8578125 0.1828125 0.0109375 0.04140625
2 0.8484375 0.259375 0.0109375 0.04140625
2 0.80546875 0.21953125 0.0140625 0.0234375
2 0.334375 0.05234375 0.01328125 0.04453125
2 0.33359375 0.0984375 0.02421875 0.02109375
2 0.28828125 0.09140625 0.01796875 0.0234375
2 0.303125 0.09140625 0.01640625 0.0140625
2 0.22109375 0.06953125 0.021875 0.02109375
2 0.18671875 0.0578125 0.01875 0.02109375
2 0.20078125 0.0609375 0.021875 0.01953125
2 0.18125 0.08203125 0.01875 0.02109375
2 0.0859375 0.03046875 0.0234375 0.0265625
2 0.0390625 0.078125 0.01484375 0.040625
2 0.0390625 0.11640625 0.00859375 0.03828125
2 0.03828125 0.209375 0.015625 0.04140625
2 0.2265625 0.2515625 0.01640625 0.028125
2 0.209375 0.296875 0.01328125 0.03359375
3 0.43203125 0.315625 0.01015625 0.03359375