2 0.0265625 0.55078125 0.01328125 0.04140625
2 0.046875 0.64296875 0.0234375 0.01875
2 0.04921875 0.7015625 0.01953125 0.01875
2 0.20703125 0.39296875 0.01171875 0.0359375
2 0.21640625 0.490625 0.0109375 0.03828125
2 0.21484375 0.52421875 0.00859375 0.03515625
2 0.35625 0.63359375 0.02109375 0.01640625
2 0.371875 0.64765625 0.015625 0.01796875
2 0.41640625 0.475 0.01015625 0.02890625
2 0.415625 0.51640625 0.00859375 0.0359375
2 0.46171875 0.496875 0.00859375 0.03671875
2 0.46171875 0.39296875 0.01171875 0.03828125
2 0.45703125 0.70390625 0.00703125 0.0359375
2 0.39296875 0.778125 0.01015625 0.03515625
2 0.44921875 0.83203125 0.01171875 0.04921875
2 0.38828125 0.84765625 0.01171875 0.02421875
2 0.3890625 0.86796875 0.01796875 0.01484375
2 0.38671875 0.884375 0.01640625 0.021875
2 0.384375 0.94921875 0.01171875 0.0265625
2 0.53828125 0.40078125 0.0140625 0.03828125
2 0.58828125 0.47734375 0.01796875 0.021875
2 0.5453125 0.47890625 0.02421875 0.02890625
2 0.5609375 0.4609375 0.0203125 0.03125
2 0.51328125 0.4859375 0.0140625 0.0453125
2 0.540625 0.73828125 0.01328125 0.03359375
2 0.5265625 0.74609375 0.01171875 0.03828125
2 0.53828125 0.76953125 0.015625 0.028125
2 0.5265625 0.85078125 0.00859375 0.03203125
2 0.5640625 0.9734375 0.01484375 0.01640625
2 0.5609375 0.98984375 0.0125 0.0203125
2 0.42421875 0.41328125 0.0109375 0.025
2 0.86171875 0.13359375 0.01484375 0.040625
2 0.86015625 0.1796875 0.01328125 0.03671875
2 0.85625 0.21640625 0.00859375 0.05390625
2 0.9109375 0.3265625 0.01875 0.021875
2 0.95625 0.26640625 0.01015625 0.021875
2 0.9734375 0.2921875 0.02421875 0.01953125
2 0.78125 0.31953125 0.0203125 0.021875
2 0.80234375 0.215625 0.01328125 0.021875
2 0.76171875 0.25703125 0.0140625 0.03828125
2 0.70390625 0.2796875 0.01640625 0.0359375
2 0.93515625 0.48125 0.0203125 0.0234375
2 0.87578125 0.47421875 0.02109375 0.01640625
2 0.82421875 0.51640625 0.0234375 0.02578125
2 0.6078125 0.009375 0.0203125 0.01328125
2 0.6109375 0.021875 0.02109375 0.02578125
2 0.6046875 0.0515625 0.0203125 0.021875
2 0.578125 0.05234375 0.0203125 0.01640625
2 0.57265625 0.09921875 0.01796875 0.021875
2 0.5609375 0.115625 0.01875 0.01796875
2 0.5578125 0.1296875 0.01484375 0.01640625
2 0.5609375 0.1453125 0.02109375 0.01796875
2 0.56015625 0.1640625 0.0234375 0.021875
2 0.5609375 0.1859375 0.0234375 0.0265625
2 0.55859375 0.20703125 0.01796875 0.0234375
3 0.57421875 0.25859375 0.01875 0.04296875
2 0.5140625 0.346875 0.01171875 0.0359375
2 0.5609375 0.321875 0.021875 0.02890625
2 0.5125 0.234375 0.01015625 0.03359375
2 0.453125 0.34453125 0.01328125 0.03984375
2 0.40078125 0.1671875 0.00859375 0.0265625
2 0.40546875 0.18359375 0.009375 0.040625
2 0.42109375 0.18046875 0.01640625 0.0234375
2 0.45859375 0.046875 0.0109375 0.03828125
1 0.45078125 0.171875 0.01796875 0.09609375
0 0.54609375 0.0421875 0.01171875 0.021875
0 0.56640625 0.028125 0.01015625 0.0265625
0 0.54453125 0.1265625 0.01171875 0.028125
0 0.51328125 0.1640625 0.01328125 0.028125
0 0.51796875 0.18828125 0.01328125 0.0359375
0 0.6421875 0.309375 0.01640625 0.01796875
0 0.684375 0.31640625 0.01640625 0.01875
0 0.54296875 0.3171875 0.0140625 0.0234375
0 0.51796875 0.4171875 0.01015625 0.02890625
0 0.94921875 0.35625 0.01875 0.021875
0 0.82421875 0.496875 0.01640625 0.0234375
0 0.71796875 0.5140625 0.01484375 0.01875
0 0.4484375 0.25625 0.01171875 0.03125
0 0.53125 0.7984375 0.01328125 0.02421875
0 0.5359375 0.81875 0.01328125 0.02890625
0 0.53828125 0.83828125 0.01015625 0.03203125
0 0.53984375 0.865625 0.01171875 0.0234375
0 0.540625 0.8859375 0.01015625 0.02421875
0 0.540625 0.91171875 0.0109375 0.0203125
0 0.534375 0.65078125 0.00703125 0.0265625
0 0.53515625 0.9625 0.01015625 0.02890625
0 0.52578125 0.9609375 0.00859375 0.02421875
0 0.52578125 0.9828125 0.00859375 0.028125
0 0.41796875 0.60546875 0.01328125 0.02578125
0 0.40859375 0.596875 0.01171875 0.02109375
0 0.3921875 0.6109375 0.01171875 0.01953125
0 0.28515625 0.71171875 0.01640625 0.0203125
0 0.3890625 0.71484375 0.0140625 0.021875
0 0.0453125 0.67421875 0.01875 0.01796875
2 0.6078125 0.51796875 0.015625 0.01640625
2 0.64140625 0.51328125 0.01875 0.01953125
2 0.66796875 0.50625 0.01640625 0.01796875
2 0.68359375 0.515625 0.01640625 0.01953125
2 0.6828125 0.54375 0.01171875 0.04140625
3 0.659375 0.4859375 0.0203125 0.01640625
3 0.44453125 0.41875 0.0109375 0.028125
3 0.43203125 0.73515625 0.009375 0.028125
2 0.19140625 0.72890625 0.015625 0.01796875
4 0.02109375 0.67109375 0.0140625 0.01640625
4 0.021875 0.70703125 0.0140625 0.01640625
4 0.11328125 0.66875 0.01796875 0.01796875
4 0.1984375 0.6515625 0.01328125 0.0140625
4 0.209375 0.66640625 0.01328125 0.01484375
4 0.2109375 0.68671875 0.01328125 0.01875
4 0.25390625 0.68125 0.01328125 0.01796875
4 0.31015625 0.678125 0.0140625 0.01875
4 0.30703125 0.64140625 0.01015625 0.01640625
4 0.32578125 0.634375 0.0109375 0.01875
4 0.33046875 0.678125 0.01171875 0.01796875
4 0.31875 0.6890625 0.01171875 0.01953125
4 0.32421875 0.70859375 0.01015625 0.01953125
4 0.36171875 0.6734375 0.009375 0.01953125
4 0.3578125 0.68984375 0.0140625 0.01640625
4 0.384375 0.684375 0.009375 0.021875
4 0.4234375 0.6703125 0.01171875 0.02578125
4 0.43984375 0.71875 0.00703125 0.0234375
4 0.44609375 0.71796875 0.00859375 0.02421875
4 0.44375 0.6890625 0.00859375 0.02421875
4 0.4515625 0.67890625 0.00703125 0.0265625
4 0.4484375 0.64375 0.009375 0.02578125
4 0.43046875 0.58515625 0.00859375 0.02421875
4 0.44609375 0.56640625 0.0109375 0.01875
4 0.45625 0.6015625 0.01171875 0.01640625
4 0.43984375 0.78828125 0.009375 0.03046875
4 0.440625 0.9140625 0.00703125 0.02109375
4 0.44921875 0.91875 0.00546875 0.02421875
2 0.446875 0.95625 0.0109375 0.04921875
4 0.3734375 0.71171875 0.009375 0.0234375
4 0.515625 0.53046875 0.00625 0.02421875
4 0.5265625 0.528125 0.015625 0.01953125
4 0.54296875 0.50390625 0.01171875 0.02109375
4 0.559375 0.50546875 0.01484375 0.01328125
4 0.5765625 0.5015625 0.01015625 0.01640625
4 0.58671875 0.49453125 0.01484375 0.01328125
4 0.6234375 0.48828125 0.0140625 0.01953125
4 0.51796875 0.553125 0.0109375 0.01875
4 0.5375 0.54375 0.01328125 0.01875
4 0.52109375 0.58359375 0.0140625 0.02578125
4 0.51171875 0.5765625 0.01015625 0.01953125
4 0.52734375 0.609375 0.00859375 0.01953125
4 0.53671875 0.58203125 0.01015625 0.01640625
4 0.5328125 0.62890625 0.01171875 0.01953125
4 0.51875 0.84453125 0.00859375 0.01875
4 0.51875 0.878125 0.00859375 0.021875
4 0.51875 0.92265625 0.00859375 0.028125
4 0.50859375 0.91640625 0.00859375 0.02421875
4 0.50078125 0.9234375 0.00703125 0.02578125
4 0.51796875 0.98359375 0.00859375 0.03125
4 0.6734375 0.46953125 0.01328125 0.0234375
4 0.69375 0.471875 0.01484375 0.01171875
4 0.69453125 0.48359375 0.015625 0.01328125
4 0.75703125 0.34453125 0.015625 0.02109375
4 0.98671875 0.328125 0.01484375 0.02421875
4 0.953125 0.50390625 0.01171875 0.0140625
4 0.93671875 0.496875 0.0109375 0.0140625
4 0.88125 0.49453125 0.01015625 0.01953125
4 0.63828125 0.34375 0.0109375 0.028125
4 0.74921875 0.31171875 0.009375 0.021875
4 0.73046875 0.30546875 0.009375 0.01328125
4 0.71796875 0.3578125 0.01171875 0.0140625
4 0.5265625 0.28125 0.00546875 0.0234375
4 0.51953125 0.26953125 0.00546875 0.02109375
4 0.5234375 0.3890625 0.00703125 0.02421875
4 0.51484375 0.390625 0.0046875 0.01875
4 0.5296875 0.153125 0.00859375 0.028125
4 0.51875 0.115625 0.01015625 0.02578125
3 0.45859375 0.29375 0.01171875 0.03203125
4 0.43984375 0.33828125 0.00859375 0.02421875
2 0.33125 0.1078125 0.02109375 0.015625
2 0.35390625 0.06171875 0.009375 0.04140625
2 0.33046875 0.05390625 0.009375 0.03671875
2 0.3015625 0.09921875 0.01875 0.01484375
2 0.284375 0.096875 0.01484375 0.01484375
2 0.21953125 0.0734375 0.01796875 0.02421875
2 0.20078125 0.06796875 0.01640625 0.01796875
2 0.18359375 0.06328125 0.01640625 0.01796875
2 0.1796875 0.08984375 0.02109375 0.0265625
2 0.221875 0.25703125 0.009375 0.03984375
2 0.20859375 0.3078125 0.01015625 0.0296875
2 0.03515625 0.090625 0.01015625 0.0359375
2 0.0359375 0.13046875 0.009375 0.04296875
2 0.0359375 0.2234375 0.01015625 0.03671875
4 0.03671875 0.2625 0.01015625 0.02578125
0 0.31875 0.03515625 0.009375 0.02890625
0 0.22890625 0.01953125 0.01171875 0.0234375