2 0.19296875 0.6875 0.01875 0.01484375
0 0.25625 0.7359375 0.01328125 0.015625
4 0.25546875 0.67890625 0.01171875 0.01171875
4 0.44296875 0.63984375 0.009375 0.01328125
4 0.2828125 0.5515625 0.01640625 0.01484375
0 0.4375 0.5609375 0.0109375 0.0203125
0 0.2921875 0.484375 0.01328125 0.01796875
4 0.53125 0.4265625 0.009375 0.015625
0 0.50859375 0.615625 0.01328125 0.0203125
2 0.49921875 0.4734375 0.015625 0.02109375
4 0.4453125 0.5390625 0.009375 0.01796875
4 0.56875 0.48671875 0.00859375 0.0234375
0 0.69296875 0.21171875 0.01171875 0.0203125
0 0.7953125 0.29296875 0.0109375 0.02109375
4 0.8515625 0.1875 0.009375 0.02421875
0 0.67578125 0.1703125 0.00859375 0.02109375
4 0.1515625 0.66640625 0.01015625 0.009375
4 0.1234375 0.71484375 0.0109375 0.01171875
4 0.284375 0.57890625 0.01171875 0.009375
4 0.140625 0.65546875 0.0109375 0.01484375
4 0.2609375 0.2671875 0.01015625 0.01484375
4 0.55859375 0.4234375 0.01015625 0.0140625
4 0.53984375 0.4140625 0.01171875 0.01328125
4 0.5359375 0.3984375 0.00859375 0.0140625
0 0.421875 0.45546875 0.009375 0.01796875
4 0.27421875 0.45703125 0.00859375 0.01484375
4 0.3390625 0.3015625 0.01171875 0.01171875
4 0.35546875 0.51328125 0.0109375 0.01796875
4 0.42578125 0.42734375 0.01171875 0.0140625
0 0.38046875 0.5 0.0109375 0.015625
2 0.2 0.39609375 0.01953125 0.0296875
2 0.14921875 0.109375 0.021875 0.02421875
4 0.5625 0.33359375 0.01328125 0.0140625
4 0.565625 0.6984375 0.0140625 0.01328125
4 0.70703125 0.81953125 0.0109375 0.01640625
4 0.61171875 0.74296875 0.0109375 0.015625
0 0.39296875 0.33046875 0.01171875 0.01328125
4 0.64609375 0.25390625 0.01328125 0.01171875
0 0.5109375 0.63828125 0.01328125 0.0234375
4 0.9171875 0.8546875 0.01171875 0.01875
4 0.67109375 0.78125 0.01171875 0.01328125
4 0.59453125 0.63125 0.00859375 0.01171875
0 0.60625 0.29296875 0.01015625 0.021875
0 0.7734375 0.42109375 0.00859375 0.01875
4 0.75546875 0.4078125 0.00703125 0.015625
4 0.775 0.34609375 0.0109375 0.01171875
3 0.6734375 0.5015625 0.01171875 0.0109375
0 0.7546875 0.49765625 0.0109375 0.02421875
4 0.62109375 0.2640625 0.0140625 0.0203125
2 0.18046875 0.78828125 0.0203125 0.015625
4 0.1890625 0.61015625 0.015625 0.01328125
0 0.3671875 0.63203125 0.0140625 0.009375
4 0.8078125 0.7328125 0.009375 0.01640625
4 0.57578125 0.6609375 0.01796875 0.00859375
4 0.5296875 0.4703125 0.0109375 0.015625
4 0.5859375 0.47109375 0.00859375 0.01171875
0 0.53203125 0.66328125 0.01171875 0.015625
4 0.53828125 0.6375 0.00703125 0.01953125
0 0.61171875 0.603125 0.01328125 0.0203125
4 0.53203125 0.44375 0.01328125 0.0140625
4 0.5578125 0.46328125 0.01015625 0.01640625
4 0.4140625 0.58515625 0.009375 0.01015625
4 0.559375 0.4796875 0.0109375 0.0109375
0 0.17578125 0.38203125 0.0109375 0.01328125
0 0.15703125 0.35625 0.01171875 0.0234375
2 0.28046875 0.2296875 0.01953125 0.02109375
4 0.665625 0.275 0.01328125 0.0140625
4 0.653125 0.26171875 0.0109375 0.01328125
4 0.6578125 0.2359375 0.0140625 0.015625
2 0.78415704375 0.30332112499999997 0.7800122078125 0.29787535468750004 0.7701006609375 0.3241431796875 0.7747861171875 0.32990929687500004 0.78415704375 0.30332112499999997
0 0.7646279218750001 0.3463193828125 0.75940184375 0.34375665781250003 0.7530944953125001 0.368102440625 0.7577065671875001 0.36785273749999997 0.7646279218750001 0.3463193828125
4 0.745051471875 0.35777880781250004 0.741447271875 0.3510516859375 0.7333378234375 0.3635449234375 0.7360997234375 0.3693716234375 0.745051471875 0.35777880781250004
4 0.80546875 0.21484375 0.01015625 0.0109375
4 0.80390625 0.21640625 0.00546875 0.02109375
0 0.705952146875 0.488362603125 0.6995100625 0.4835044296875 0.6924823109375 0.5015490687499999 0.6967059828125 0.5055569515625 0.705952146875 0.488362603125
4 0.5890625 0.72578125 0.01171875 0.01328125
0 0.91015625 0.83359375 0.015625 0.01796875
4 0.67265625 0.7640625 0.009375 0.01484375
4 0.60390625 0.46796875 0.009375 0.01171875
4 0.66640625 0.24609375 0.009375 0.025
0 0.65625 0.58359375 0.01484375 0.01171875
2 0.18046875 0.31796875 0.01875 0.02421875
4 0.45625 0.58828125 0.01171875 0.01015625
4 0.46015625 0.390625 0.0109375 0.01171875
2 0.44296875 0.64921875 0.01640625 0.015625
0 0.38203125 0.625 0.0140625 0.01796875
4 0.54921875 0.615625 0.01015625 0.0140625
4 0.6828125 0.77421875 0.00703125 0.01640625
4 0.69453125 0.8109375 0.009375 0.01953125
4 0.66796875 0.74453125 0.01171875 0.01484375
2 0.3625 0.41796875 0.01640625 0.0359375
4 0.63359375 0.303125 0.0140625 0.0203125
4 0.57109375 0.43359375 0.01015625 0.015625
0 0.65 0.54140625 0.0140625 0.025
0 0.7140625 0.453125 0.00625 0.02890625
0 0.721875 0.475 0.00859375 0.01484375
0 0.715625 0.5 0.00859375 0.02421875
0 0.6765625 0.53671875 0.01796875 0.021875
0 0.54921875 0.6953125 0.01484375 0.0203125
4 0.58203125 0.63359375 0.00859375 0.01171875
4 0.5390625 0.6140625 0.01015625 0.01328125
0 0.2203125 0.55234375 0.01015625 0.01640625
3 0.184375 0.75703125 0.01796875 0.01796875
4 0.18125 0.21015625 0.009375 0.009375
4 0.140625 0.31796875 0.01171875 0.0140625
4 0.20078125 0.375 0.01171875 0.01484375
0 0.23125 0.24609375 0.01171875 0.01484375
0 0.09609375 0.12421875 0.0109375 0.01796875
4 0.3171875 0.3109375 0.01015625 0.01640625
2 0.34296875 0.35390625 0.021875 0.0265625
0 0.58984375 0.44375 0.00859375 0.028125
4 0.584375 0.34375 0.01171875 0.0140625
2 0.72578125 0.38671875 0.01171875 0.03046875
4 0.765625 0.37421875 0.00859375 0.0140625
4 0.73828125 0.39453125 0.01171875 0.01484375
4 0.76875 0.3953125 0.00859375 0.01171875
4 0.7234375 0.425 0.01015625 0.01796875
4 0.7546875 0.43359375 0.01015625 0.01484375
0 0.69140625 0.46875 0.00546875 0.0234375
0 0.7827590875 0.724879771875 0.785397159375 0.718485115625 0.7750846953125 0.7091063015625 0.771926921875 0.7172514609375 0.7827590875 0.724879771875
0 0.73586211875 0.8344392359375 0.7363876421875 0.8278612703125001 0.727274284375 0.8193350640625001 0.7248760328125 0.8287138625000001 0.73586211875 0.8344392359375
0 0.8199065328125 0.7419219984375001 0.8306111515625 0.7484843 0.8304588359375 0.7474640296875 0.8323774265624999 0.7397904468750001 0.823743728125 0.732116846875 0.8199065328125 0.7419219984375001
4 0.68203125 0.79609375 0.01171875 0.0140625
0 0.93671875 0.90390625 0.009375 0.01796875
0 0.90078125 0.85234375 0.01015625 0.0203125
0 0.78359375 0.88125 0.015625 0.01796875
4 0.52578125 0.48828125 0.01015625 0.01875
4 0.5234375 0.60234375 0.01015625 0.01171875
4 0.53203125 0.60859375 0.00703125 0.01875
4 0.56171875 0.6359375 0.00859375 0.01640625
2 0.21875 0.36796875 0.0234375 0.028125
3 0.389067796875 0.528634546875 0.3858705765625 0.512396346875 0.3612061890625 0.52904049375 0.36600201875 0.54406083125 0.389067796875 0.528634546875
2 0.43929072343750003 0.537259215625 0.424903178125 0.52386270625 0.420792440625 0.5348234921875 0.43700698437499996 0.5498438140624999 0.43929072343750003 0.537259215625
2 0.4155234140625 0.5387011625 0.40273449687499996 0.5257106140625 0.39771024375 0.5419488140625 0.41209780625 0.5537214984375 0.4155234140625 0.5387011625
2 0.590063471875 0.5974650640625 0.58595276875 0.586910240625 0.5715652062500001 0.6031484390624999 0.5759403765625 0.6132603328124999 0.590063471875 0.5974650640625
6 0.5585149921875 0.49196613125 0.5397883390625 0.4781636640625 0.5361343609375 0.4907482703125 0.555177678125 0.5064098703125001 0.5585149921875 0.49196613125
2 0.5761945515625 0.5137113046875 0.5645474859374999 0.49990884375 0.56157861875 0.5100577187499999 0.57185544375 0.52507805625 0.5761945515625 0.5137113046875
0 0.52644630625 0.43802961875 0.509546634375 0.43031646874999996 0.508633153125 0.4429010671875 0.5244707 0.4483243265625 0.52644630625 0.43802961875
0 0.40618500468749996 0.6066853828125 0.4032161375 0.6005960578125 0.393396053125 0.6087151578125 0.3974686625 0.6168696359375 0.40618500468749996 0.6066853828125
0 0.52777929375 0.41587616250000004 0.5184159671875 0.4110047 0.5186443374999999 0.42318334843749994 0.526180665625 0.4235892984375 0.52777929375 0.41587616250000004
0 0.54278691875 0.4295954953125 0.5366208296874999 0.4287835828125 0.5363924421874999 0.44623964374999997 0.5402748078124999 0.44786346874999994 0.54278691875 0.4295954953125
3 0.6262084546875 0.319258875 0.6204991078125001 0.3070802265625 0.6047412875 0.3273779734375 0.611629721875 0.338658578125 0.6262084546875 0.319258875
4 0.58046875 0.51484375 0.00546875 0.0140625
4 0.58515625 0.51328125 0.00703125 0.01171875
4 0.59296875 0.4984375 0.009375 0.0109375
3 0.525 0.6328125 0.01328125 0.01796875
0 0.46328125 0.60703125 0.01640625 0.01796875
0 0.4203125 0.6234375 0.01171875 0.021875
2 0.4328125 0.59453125 0.01796875 0.021875
0 0.440625 0.61875 0.01484375 0.015625
3 0.37578125 0.60390625 0.01953125 0.01640625
4 0.47890625 0.61484375 0.01015625 0.015625
4 0.46953125 0.5921875 0.00859375 0.0140625
4 0.490625 0.61875 0.00859375 0.01484375
4 0.48046875 0.6328125 0.01171875 0.01015625
1 0.56484375 0.58125 0.04921875 0.0703125
1 0.615625 0.509375 0.040625 0.09921875
2 0.46953125 0.55546875 0.0234375 0.03203125
2 0.49296875 0.43984375 0.02578125 0.03359375
5 0.12421875 0.27578125 0.04375 0.0515625
2 0.27109375 0.5265625 0.0265625 0.028125
5 0.59453125 0.7046875 0.0296875 0.04921875
1 0.6234375 0.6703125 0.046875 0.05625
2 0.684375 0.59921875 0.0203125 0.0359375
2 0.703125 0.61796875 0.015625 0.03046875
2 0.86640625 0.83671875 0.0234375 0.03984375
2 0.66015625 0.4796875 0.0203125 0.04140625