3 0.44453125 0.425 0.025 0.03046875
2 0.41484375 0.46875 0.0234375 0.04609375
2 0.540625 0.52890625 0.021875 0.040625
0 0.46875 0.60078125 0.0140625 0.02578125
0 0.3796875 0.54609375 0.01796875 0.02578125
0 0.44375 0.596875 0.0140625 0.03046875
0 0.265625 0.8609375 0.01796875 0.03515625
0 0.2984375 0.92578125 0.015625 0.03203125
0 0.7390625 0.92109375 0.015625 0.0265625
2 0.78515625 0.9375 0.025 0.0390625
2 0.746875 0.89375 0.021875 0.0359375
3 0.71171875 0.87265625 0.0265625 0.04296875
6 0.65859375 0.803125 0.04296875 0.06015625
0 0.571875 0.6984375 0.01796875 0.02890625
0 0.6015625 0.5125 0.01171875 0.03828125
0 0.76953125 0.30390625 0.01796875 0.03125
0 0.6859375 0.196875 0.01796875 0.02421875
0 0.84140625 0.221875 0.01640625 0.02890625
2 0.90234375 0.05078125 0.02890625 0.034375
2 0.6390625 0.265625 0.021875 0.03203125
2 0.6 0.21796875 0.025 0.025
2 0.5484375 0.2484375 0.0265625 0.028125
2 0.515625 0.275 0.02421875 0.03203125
2 0.35625 0.253125 0.02109375 0.03828125
3 0.2546875 0.80859375 0.01875 0.03828125
2 0.30546875 0.11953125 0.025 0.03828125
2 0.22578125 0.1265625 0.021875 0.0453125
3 0.24921875 0.24609375 0.0203125 0.034375
4 0.534375 0.43125 0.0140625 0.02421875
4 0.5265625 0.3828125 0.009375 0.0203125
4 0.50078125 0.403125 0.01484375 0.0203125
4 0.515625 0.45390625 0.01484375 0.01796875
4 0.534375 0.4578125 0.01171875 0.0140625
4 0.56015625 0.471875 0.0140625 0.02421875
4 0.55546875 0.50703125 0.01015625 0.0140625
4 0.546875 0.49453125 0.0140625 0.0140625
4 0.5265625 0.47421875 0.01171875 0.01796875
4 0.51953125 0.51328125 0.01171875 0.02109375
4 0.478125 0.56328125 0.00859375 0.01640625
4 0.52109375 0.6296875 0.01171875 0.01640625
4 0.54453125 0.63046875 0.01015625 0.01640625
4 0.62734375 0.60859375 0.01171875 0.01875
4 0.453125 0.5765625 0.01484375 0.01640625
4 0.41875 0.50859375 0.0140625 0.01796875
4 0.40546875 0.5046875 0.01015625 0.0234375
4 0.39921875 0.56171875 0.01171875 0.01875
4 0.37578125 0.58671875 0.01171875 0.01796875
4 0.38359375 0.65 0.0109375 0.01640625
4 0.37109375 0.7609375 0.01015625 0.025
4 0.4359375 0.6328125 0.01171875 0.015625
4 0.43671875 0.6171875 0.0140625 0.015625
4 0.48125 0.65625 0.015625 0.015625
4 0.4640625 0.67421875 0.0140625 0.01328125
4 0.440625 0.66328125 0.01328125 0.01640625
4 0.35 0.59609375 0.01171875 0.01953125
4 0.35703125 0.61328125 0.009375 0.02421875
4 0.3671875 0.6140625 0.01328125 0.01953125
4 0.3390625 0.62109375 0.01171875 0.0265625
4 0.28984375 0.70390625 0.01171875 0.02109375
4 0.2921875 0.72421875 0.01171875 0.01953125
4 0.29921875 0.73359375 0.0109375 0.0234375
4 0.30703125 0.74453125 0.01015625 0.02421875
4 0.3046875 0.7765625 0.0109375 0.0203125
4 0.24453125 0.921875 0.009375 0.0265625
4 0.2359375 0.91953125 0.0109375 0.028125
4 0.38515625 0.32578125 0.009375 0.021875
4 0.4328125 0.34921875 0.01640625 0.01796875
4 0.38125 0.2890625 0.0109375 0.01796875
4 0.3171875 0.159375 0.01015625 0.01875
4 0.31953125 0.2015625 0.01171875 0.01953125
4 0.30703125 0.16484375 0.00859375 0.01640625
4 0.290625 0.146875 0.00859375 0.01953125
4 0.265625 0.221875 0.01015625 0.0203125
3 0.18828125 0.21640625 0.0234375 0.040625
4 0.1734375 0.12109375 0.00703125 0.0203125
4 0.19609375 0.15703125 0.01015625 0.009375
4 0.196875 0.171875 0.01171875 0.01171875
4 0.203125 0.140625 0.009375 0.01484375
4 0.1953125 0.103125 0.01015625 0.01796875
4 0.30703125 0.61796875 0.009375 0.01875
4 0.41328125 0.65859375 0.01171875 0.01796875
4 0.38671875 0.6609375 0.0109375 0.01875
4 0.3359375 0.6890625 0.0109375 0.0203125
4 0.38515625 0.7078125 0.01171875 0.01875
4 0.384375 0.73125 0.0109375 0.01875
4 0.31484375 0.94921875 0.01171875 0.02109375
4 0.303125 0.94609375 0.00859375 0.0203125
4 0.403125 0.6234375 0.01015625 0.021875
4 0.45859375 0.6953125 0.0140625 0.02421875
4 0.53671875 0.7015625 0.0109375 0.025
4 0.5546875 0.696875 0.01171875 0.02890625
4 0.59140625 0.734375 0.0109375 0.01640625
4 0.68203125 0.840625 0.0140625 0.01796875
4 0.7234375 0.93203125 0.01171875 0.02109375
4 0.765625 0.9359375 0.01171875 0.0234375
4 0.7234375 0.79140625 0.01171875 0.01796875
4 0.73125 0.78515625 0.00859375 0.01640625
4 0.7296875 0.75234375 0.009375 0.02578125
4 0.79140625 0.85078125 0.009375 0.01796875
4 0.8265625 0.91328125 0.0140625 0.02109375
4 0.78046875 0.971875 0.0140625 0.021875
4 0.79765625 0.9921875 0.0109375 0.015625
4 0.80859375 0.990625 0.0109375 0.01875
2 0.7265625 0.96171875 0.025 0.021875
4 0.58125 0.33359375 0.01171875 0.021875
4 0.61484375 0.2609375 0.0109375 0.015625
4 0.753125 0.32890625 0.01328125 0.01171875
4 0.75078125 0.37265625 0.009375 0.021875
4 0.478125 0.40546875 0.01171875 0.01328125
4 0.4859375 0.390625 0.01171875 0.01328125
4 0.453125 0.378125 0.01171875 0.01328125
4 0.4421875 0.328125 0.0140625 0.01171875
4 0.50546875 0.31875 0.0140625 0.01484375
4 0.478125 0.46796875 0.0109375 0.01875
4 0.425 0.4109375 0.009375 0.015625
4 0.43828125 0.47265625 0.009375 0.01953125
4 0.5390625 0.27421875 0.00859375 0.01640625
4 0.79921875 0.09140625 0.01171875 0.01796875
4 0.80390625 0.0578125 0.01484375 0.01796875
4 0.821875 0.08828125 0.01328125 0.015625
4 0.84453125 0.11484375 0.01171875 0.01484375
4 0.85703125 0.06171875 0.01640625 0.015625
4 0.82109375 0.2046875 0.01484375 0.015625
4 0.425 0.6921875 0.009375 0.01484375
4 0.42109375 0.709375 0.00859375 0.01328125
4 0.33671875 0.39765625 0.009375 0.02890625
4 0.303125 0.4390625 0.009375 0.01875
2 0.65625 0.1515625 0.02421875 0.02890625
2 0.61953125 0.1625 0.01640625 0.0484375
3 0.2125 0.259375 0.021875 0.0390625
3 0.23046875 0.29296875 0.02578125 0.04296875
6 0.190625 0.26171875 0.02578125 0.05078125
2 0.18671875 0.1359375 0.01875 0.03515625
2 0.759375 0.628125 0.01953125 0.03984375
2 0.8453125 0.38359375 0.0234375 0.04453125
2 0.8625 0.28359375 0.0234375 0.03046875
3 0.82265625 0.44609375 0.03125 0.0640625
3 0.83515625 0.3046875 0.03515625 0.04140625
3 0.865625 0.33125 0.0265625 0.05859375
3 0.73359375 0.38359375 0.03203125 0.0265625
3 0.6703125 0.43671875 0.02890625 0.034375
3 0.6859375 0.58671875 0.02578125 0.04140625
3 0.70546875 0.6328125 0.01953125 0.0390625
3 0.72734375 0.671875 0.021875 0.0296875
3 0.690625 0.6109375 0.02109375 0.03359375
3 0.62109375 0.490625 0.01796875 0.025
3 0.671875 0.58046875 0.015625 0.0265625
3 0.80546875 0.503125 0.01796875 0.0265625
3 0.81015625 0.32578125 0.025 0.03203125
4 0.6484375 0.46015625 0.0140625 0.015625
4 0.628125 0.46328125 0.0140625 0.01875
3 0.628125 0.5421875 0.01796875 0.0265625
3 0.521875 0.709375 0.028125 0.03671875
4 0.48046875 0.72890625 0.009375 0.0203125
3 0.66796875 0.56171875 0.021875 0.034375
3 0.71796875 0.6484375 0.02578125 0.04140625
4 0.775 0.74140625 0.01328125 0.009375
4 0.77578125 0.76640625 0.0109375 0.01015625
4 0.77421875 0.753125 0.01328125 0.01015625
4 0.78203125 0.73203125 0.01171875 0.01171875
4 0.78203125 0.7234375 0.01171875 0.01328125
4 0.78515625 0.715625 0.01171875 0.009375
4 0.790625 0.70625 0.01328125 0.0109375
4 0.79453125 0.6890625 0.01171875 0.0140625
4 0.80859375 0.64453125 0.01015625 0.0140625
4 0.828125 0.5984375 0.01328125 0.01171875
4 0.8171875 0.63125 0.01015625 0.0109375
4 0.8140625 0.63671875 0.01171875 0.01171875
4 0.7734375 0.57578125 0.0109375 0.009375
4 0.78046875 0.56328125 0.0140625 0.01015625
4 0.784375 0.55078125 0.01328125 0.01171875
4 0.7890625 0.54140625 0.0140625 0.01328125
4 0.7921875 0.5265625 0.01171875 0.00703125
4 0.79296875 0.51796875 0.01171875 0.00625
4 0.86640625 0.48359375 0.01328125 0.0109375
3 0.69921875 0.41640625 0.03203125 0.0390625
4 0.91484375 0.33359375 0.01171875 0.009375
4 0.9734375 0.25703125 0.0109375 0.01875
4 0.7609375 0.0390625 0.00703125 0.021875
4 0.76875 0.03203125 0.00703125 0.0203125
4 0.77421875 0.0265625 0.00546875 0.01953125
4 0.78046875 0.02109375 0.00546875 0.0203125
4 0.68671875 0.10625 0.00546875 0.01484375
4 0.728125 0.140625 0.0109375 0.01328125
4 0.68203125 0.109375 0.00546875 0.01796875
4 0.67890625 0.1109375 0.00546875 0.015625
4 0.67578125 0.13046875 0.01015625 0.0140625
4 0.6734375 0.1140625 0.00546875 0.01796875
4 0.66953125 0.12109375 0.00625 0.01640625
4 0.6640625 0.12578125 0.0046875 0.02109375
4 0.65859375 0.1265625 0.00546875 0.0203125
4 0.60703125 0.13359375 0.00625 0.01796875
4 0.6078125 0.159375 0.00625 0.01796875
4 0.628125 0.14296875 0.00703125 0.0203125
4 0.63359375 0.1625 0.00546875 0.01953125
4 0.63359375 0.13828125 0.00859375 0.01875
4 0.63828125 0.13203125 0.0046875 0.01796875
4 0.64609375 0.1296875 0.0046875 0.015625
4 0.6515625 0.128125 0.0046875 0.02109375
4 0.5609375 0.20390625 0.0046875 0.01875
4 0.5671875 0.20078125 0.00546875 0.01796875
4 0.553125 0.18671875 0.00546875 0.01875
4 0.546875 0.19296875 0.00546875 0.01953125
4 0.57265625 0.19375 0.0046875 0.01796875
4 0.58828125 0.1984375 0.0046875 0.01796875
4 0.59296875 0.18046875 0.00546875 0.01953125
4 0.60078125 0.17421875 0.0046875 0.01875
4 0.58828125 0.1765625 0.00390625 0.0203125
4 0.58125 0.18828125 0.0046875 0.01796875
4 0.57734375 0.19375 0.0046875 0.01953125
3 0.51953125 0.22109375 0.0203125 0.03046875
4 0.51171875 0.25 0.00703125 0.0140625
4 0.4984375 0.2765625 0.0046875 0.01796875
4 0.46953125 0.30234375 0.01015625 0.01328125
4 0.4703125 0.28203125 0.00703125 0.015625
4 0.45546875 0.29921875 0.00859375 0.015625
4 0.45390625 0.28828125 0.009375 0.01640625
4 0.46171875 0.284375 0.0046875 0.01953125
4 0.4390625 0.31328125 0.009375 0.00859375
4 0.4359375 0.2953125 0.0046875 0.01796875
4 0.4296875 0.29296875 0.0046875 0.0140625
4 0.42890625 0.30546875 0.009375 0.009375
4 0.41171875 0.27421875 0.0046875 0.01875
4 0.40703125 0.26328125 0.00859375 0.015625
4 0.39140625 0.2796875 0.01015625 0.01171875
4 0.39140625 0.2375 0.00859375 0.01640625
4 0.359375 0.20625 0.0109375 0.01328125
4 0.38046875 0.2109375 0.01171875 0.0140625
4 0.38828125 0.19609375 0.00859375 0.01484375
2 0.40234375 0.14765625 0.02109375 0.0359375
4 0.38046875 0.12265625 0.00859375 0.01640625
4 0.37578125 0.1078125 0.00703125 0.015625
4 0.37578125 0.0921875 0.00625 0.01640625
4 0.36953125 0.08203125 0.009375 0.01796875
4 0.3765625 0.05078125 0.00625 0.01640625
4 0.37421875 0.04453125 0.0046875 0.01875
4 0.36328125 0.03125 0.00859375 0.01875
4 0.3703125 0.0390625 0.00625 0.01953125
4 0.38046875 0.0328125 0.01015625 0.01796875
4 0.33984375 0.04453125 0.009375 0.0203125
4 0.3390625 0.02109375 0.009375 0.01328125
4 0.35 0.05703125 0.01015625 0.01640625
4 0.359375 0.0671875 0.009375 0.02109375
4 0.340625 0.078125 0.009375 0.01484375
4 0.33203125 0.07265625 0.00625 0.01484375
4 0.328125 0.06796875 0.00859375 0.01796875
4 0.321875 0.078125 0.01171875 0.01171875
4 0.3171875 0.08203125 0.0109375 0.0109375
4 0.309375 0.08203125 0.00625 0.01875
4 0.34296875 0.13046875 0.00703125 0.01640625
4 0.346875 0.1015625 0.00703125 0.01328125
4 0.33671875 0.1328125 0.00625 0.0140625
4 0.3234375 0.10703125 0.00859375 0.01796875
4 0.32890625 0.11953125 0.00703125 0.01875
4 0.2984375 0.0875 0.00859375 0.015625
4 0.2734375 0.028125 0.009375 0.01640625
4 0.29453125 0.171875 0.00859375 0.015625
4 0.234375 0.2515625 0.00703125 0.01484375
4 0.23984375 0.24921875 0.00625 0.01796875
3 0.2171875 0.28828125 0.0203125 0.03984375
4 0.3078125 0.56484375 0.00703125 0.0234375
4 0.3109375 0.5828125 0.009375 0.02109375
4 0.2984375 0.61015625 0.00859375 0.01953125
4 0.28515625 0.65234375 0.00859375 0.01953125
4 0.29375 0.653125 0.009375 0.01640625
4 0.246875 0.77421875 0.01328125 0.01875
4 0.24921875 0.84375 0.01015625 0.02421875
4 0.23046875 0.8484375 0.0140625 0.01484375
4 0.2296875 0.834375 0.01328125 0.0109375
4 0.23828125 0.80390625 0.0109375 0.0109375
4 0.240625 0.79453125 0.01328125 0.009375
4 0.2359375 0.81328125 0.01171875 0.01015625
2 0.21328125 0.9421875 0.0203125 0.04296875
2 0.32890625 0.92421875 0.01953125 0.03671875
4 0.3203125 0.95859375 0.009375 0.01953125
3 0.278125 0.6828125 0.01640625 0.03203125
4 0.14609375 0.196875 0.00703125 0.01953125
4 0.1421875 0.1890625 0.009375 0.01484375
4 0.11328125 0.1328125 0.01171875 0.01875
4 0.07421875 0.13359375 0.0109375 0.02109375
6 0.0734375 0.04375 0.0359375 0.0609375