4 0.98828125 0.23828125 0.00703125 0.009375
0 0.8859375 0.38515625 0.0140625 0.01015625
2 0.74453125 0.40703125 0.015625 0.01171875
5 0.734375 0.38515625 0.04375 0.01796875
5 0.67734375 0.3859375 0.0390625 0.01875
2 0.58203125 0.32109375 0.00546875 0.025
2 0.5734375 0.31875 0.00703125 0.02890625
2 0.521875 0.3296875 0.00625 0.0265625
2 0.5328125 0.32890625 0.0046875 0.0265625
2 0.35703125 0.29375 0.015625 0.01171875
2 0.50703125 0.2703125 0.00859375 0.0203125
4 0.5328125 0.28125 0.003125 0.01171875
4 0.540625 0.28125 0.003125 0.0140625
4 0.54375 0.28046875 0.003125 0.0140625
4 0.553125 0.296875 0.003125 0.0140625
4 0.55703125 0.2953125 0.003125 0.0140625
4 0.56171875 0.29609375 0.003125 0.0140625
4 0.58359375 0.284375 0.003125 0.01484375
4 0.58359375 0.3 0.003125 0.01328125
4 0.59453125 0.30546875 0.00390625 0.01796875
4 0.59921875 0.303125 0.003125 0.01484375
4 0.58046875 0.24375 0.003125 0.01328125
4 0.58203125 0.24140625 0.0015625 0.01484375
4 0.5890625 0.24453125 0.003125 0.01328125
4 0.596875 0.24140625 0.003125 0.01484375
4 0.5625 0.28125 0.00390625 0.01171875
4 0.44921875 0.2015625 0.0046875 0.009375
4 0.425 0.2734375 0.003125 0.01015625
4 0.2265625 0.4171875 0.0109375 0.009375
3 0.0734375 0.4953125 0.0203125 0.0109375
3 0.10859375 0.51171875 0.015625 0.009375
2 0.0984375 0.54296875 0.0140625 0.0109375
2 0.2703125 0.6046875 0.0140625 0.01171875
2 0.28828125 0.56171875 0.0140625 0.0140625
0 0.2296875 0.61875 0.0109375 0.01171875
5 0.29453125 0.6390625 0.0296875 0.01640625
5 0.1390625 0.6796875 0.03515625 0.0203125
5 0.084375 0.73828125 0.01328125 0.0484375
5 0.05390625 0.75078125 0.01171875 0.04921875
2 0.02421875 0.83203125 0.00859375 0.021875
5 0.1625 0.64609375 0.03359375 0.01484375
3 0.49453125 0.48046875 0.01953125 0.01484375
6 0.53984375 0.46328125 0.02890625 0.01484375
2 0.4359375 0.59453125 0.01328125 0.01015625
2 0.4953125 0.5921875 0.0140625 0.0109375
3 0.47578125 0.609375 0.01953125 0.009375
6 0.50859375 0.62578125 0.0265625 0.01640625
2 0.5921875 0.6265625 0.01171875 0.0109375
2 0.6984375 0.49296875 0.01328125 0.01328125
2 0.68203125 0.63671875 0.00703125 0.0234375
2 0.69609375 0.65 0.00703125 0.02109375
2 0.69453125 0.67421875 0.00703125 0.0234375
2 0.734375 0.65546875 0.00625 0.02421875
3 0.6984375 0.62421875 0.00859375 0.021875
5 0.75703125 0.54453125 0.04296875 0.01640625
3 0.7734375 0.67109375 0.01484375 0.0109375
0 0.83828125 0.6046875 0.0109375 0.0109375
0 0.8390625 0.64765625 0.0109375 0.0109375
6 0.903125 0.640625 0.03671875 0.01875
6 0.9328125 0.59453125 0.0203125 0.01484375
4 0.95234375 0.6453125 0.00625 0.01015625
4 0.96796875 0.8640625 0.00625 0.01171875
2 0.98046875 0.8765625 0.00859375 0.025
2 0.99296875 0.92578125 0.00859375 0.02421875
2 0.9953125 0.86484375 0.009375 0.01875
2 0.9734375 0.903125 0.00625 0.0234375
2 0.96484375 0.91015625 0.00859375 0.028125
3 0.86484375 0.8140625 0.00859375 0.03203125
5 0.86640625 0.93515625 0.01171875 0.06640625
3 0.7734375 0.85625 0.01953125 0.0140625
4 0.86640625 0.7 0.00546875 0.009375