0 0.01328125 0.54375 0.015625 0.01328125
0 0.0546875 0.55234375 0.015625 0.01328125
0 0.1546875 0.54375 0.00625 0.025
2 0.12421875 0.4359375 0.02421875 0.01953125
0 0.0453125 0.45859375 0.01640625 0.01796875
4 0.0765625 0.45 0.01015625 0.01484375
4 0.06171875 0.51953125 0.01015625 0.015625
4 0.11953125 0.534375 0.01171875 0.01640625
5 0.28125 0.30546875 0.0140625 0.040625
2 0.28046875 0.38828125 0.01171875 0.03203125
2 0.2671875 0.35859375 0.01796875 0.04140625
2 0.31328125 0.4390625 0.009375 0.034375
2 0.30703125 0.32421875 0.01484375 0.0359375
2 0.321875 0.29453125 0.009375 0.03828125
2 0.3171875 0.10703125 0.01171875 0.03203125
2 0.30390625 0.13125 0.01328125 0.04296875
5 0.27109375 0.20390625 0.01171875 0.0390625
5 0.28359375 0.23046875 0.0109375 0.034375
2 0.2609375 0.2328125 0.009375 0.0265625
4 0.2578125 0.16640625 0.009375 0.0234375
4 0.26328125 0.07421875 0.0109375 0.0234375
2 0.3140625 0.00703125 0.0125 0.0140625
4 0.3265625 0.1734375 0.01015625 0.0203125
4 0.334375 0.19609375 0.00703125 0.01640625
4 0.38125 0.1421875 0.00546875 0.01953125
4 0.17578125 0.4515625 0.009375 0.01015625
4 0.18046875 0.47890625 0.00703125 0.01015625
2 0.21796875 0.453125 0.0234375 0.021875
2 0.215625 0.490625 0.0234375 0.021875
4 0.16640625 0.57578125 0.00703125 0.01796875
4 0.1484375 0.5828125 0.01171875 0.01953125
4 0.14609375 0.54609375 0.00625 0.01171875
4 0.159375 0.54375 0.0046875 0.0109375
4 0.1375 0.56953125 0.00859375 0.015625
4 0.140625 0.6015625 0.00859375 0.01484375
4 0.24921875 0.65390625 0.00625 0.021875
4 0.21171875 0.8390625 0.00859375 0.025
4 0.246875 0.8515625 0.00703125 0.01875
4 0.25390625 0.890625 0.01015625 0.0203125
4 0.246875 0.928125 0.00703125 0.01796875
2 0.18828125 0.96875 0.0203125 0.01796875
4 0.18046875 0.95078125 0.01015625 0.01484375
6 0.203125 0.9828125 0.01171875 0.034375
2 0.22421875 0.97578125 0.00859375 0.03046875
2 0.2265625 0.8140625 0.00859375 0.0265625
2 0.21796875 0.73984375 0.009375 0.0234375
2 0.2234375 0.78125 0.00703125 0.03046875
4 0.22421875 0.7515625 0.00546875 0.01640625
0 0.21796875 0.69296875 0.01015625 0.02109375
4 0.21953125 0.709375 0.00859375 0.01484375
2 0.21875 0.6609375 0.01015625 0.034375
0 0.21328125 0.63046875 0.009375 0.0203125
0 0.21953125 0.615625 0.00703125 0.021875
2 0.228125 0.6234375 0.01015625 0.03515625
2 0.23046875 0.6546875 0.00625 0.0296875
0 0.22890625 0.6859375 0.00859375 0.021875
4 0.21171875 0.609375 0.009375 0.02109375
4 0.20078125 0.67578125 0.00625 0.0109375
4 0.309375 0.68046875 0.00703125 0.01796875
4 0.453125 0.575 0.009375 0.01171875
4 0.42265625 0.5671875 0.0140625 0.00703125
4 0.40703125 0.56875 0.00859375 0.0140625
4 0.396875 0.553125 0.00703125 0.01015625
4 0.42265625 0.4671875 0.00859375 0.00859375
4 0.46796875 0.4640625 0.009375 0.01015625
4 0.52578125 0.46640625 0.01171875 0.01484375
2 0.4828125 0.47578125 0.01640625 0.01484375
2 0.41953125 0.53359375 0.01875 0.01328125
2 0.4359375 0.53828125 0.015625 0.01484375
2 0.43515625 0.55390625 0.01875 0.01640625
0 0.41328125 0.55078125 0.0140625 0.01484375
4 0.35625 0.54140625 0.0109375 0.01484375
4 0.359375 0.48359375 0.009375 0.01484375
0 0.35625 0.4671875 0.01328125 0.01640625
2 0.34921875 0.6875 0.00859375 0.0359375
2 0.36015625 0.728125 0.01328125 0.034375
3 0.34921875 0.75390625 0.00859375 0.01953125
2 0.31171875 0.7765625 0.009375 0.03671875
3 0.3203125 0.81171875 0.009375 0.021875
4 0.35546875 0.971875 0.00703125 0.01484375
4 0.34609375 0.975 0.01015625 0.01953125
5 0.3640625 0.825 0.015625 0.06484375
0 0.3765625 0.8171875 0.00546875 0.02421875
2 0.34921875 0.81953125 0.009375 0.03203125
2 0.17578125 0.86875 0.0140625 0.0109375
3 0.12578125 0.7484375 0.01015625 0.021875
2 0.12578125 0.8015625 0.01015625 0.02421875
4 0.0046875 0.41875 0.009375 0.00859375
2 0.12421875 0.29140625 0.015625 0.021875
6 0.0984375 0.3515625 0.03203125 0.02109375
0 0.2265625 0.39453125 0.0109375 0.0140625
4 0.23203125 0.390625 0.0109375 0.0140625
2 0.3609375 0.29296875 0.009375 0.03359375
2 0.371875 0.3125 0.009375 0.03125
2 0.36328125 0.3328125 0.009375 0.0296875
2 0.371875 0.346875 0.0109375 0.03046875
2 0.3546875 0.33828125 0.009375 0.03125
0 0.38203125 0.34921875 0.009375 0.0234375
0 0.37109375 0.38359375 0.01171875 0.01796875
2 0.35859375 0.38359375 0.009375 0.0296875
4 0.365625 0.3703125 0.00859375 0.01875
4 0.3515625 0.3140625 0.00546875 0.015625
3 0.353125 0.29296875 0.00703125 0.025
0 0.4265625 0.35 0.00859375 0.01953125
2 0.40625 0.39453125 0.0140625 0.0265625
0 0.390625 0.4015625 0.009375 0.01875
2 0.378125 0.49296875 0.01953125 0.01171875
0 0.3765625 0.465625 0.0109375 0.01015625
4 0.36796875 0.4484375 0.00546875 0.009375
4 0.34296875 0.509375 0.00625 0.01640625
4 0.34296875 0.60546875 0.01015625 0.01015625
4 0.34296875 0.56796875 0.00546875 0.00625
0 0.38828125 0.45703125 0.009375 0.01796875
2 0.40078125 0.47109375 0.01640625 0.01328125
2 0.42109375 0.4890625 0.01875 0.01953125
2 0.45390625 0.521875 0.01484375 0.01171875
2 0.47109375 0.51640625 0.01953125 0.01328125
2 0.45546875 0.53828125 0.01796875 0.01328125
2 0.45234375 0.5515625 0.0140625 0.01953125
2 0.47265625 0.55390625 0.0203125 0.015625
2 0.475 0.53828125 0.01640625 0.015625
2 0.490625 0.52109375 0.01796875 0.01484375
2 0.49921875 0.53671875 0.02109375 0.01484375
2 0.490625 0.55078125 0.01484375 0.01328125
2 0.515625 0.53671875 0.01640625 0.0109375
2 0.51015625 0.5203125 0.01796875 0.01796875
2 0.5265625 0.51484375 0.01640625 0.01640625
2 0.534375 0.5359375 0.0203125 0.01171875
2 0.55078125 0.5140625 0.01875 0.01953125
2 0.5546875 0.53515625 0.01640625 0.0203125
2 0.57578125 0.5078125 0.01875 0.01875
2 0.57578125 0.53046875 0.0203125 0.0203125
2 0.59296875 0.5125 0.01875 0.01484375
2 0.5953125 0.53125 0.01875 0.01640625
6 0.6296875 0.5078125 0.03046875 0.02109375
3 0.62421875 0.53046875 0.01640625 0.01171875
0 0.60078125 0.56015625 0.015625 0.009375
0 0.50625 0.55546875 0.01171875 0.00546875
2 0.528125 0.55390625 0.01640625 0.0140625
4 0.48203125 0.56875 0.01171875 0.01328125
3 0.59453125 0.43828125 0.0265625 0.01484375
2 0.571875 0.46796875 0.01484375 0.0140625
2 0.63203125 0.4765625 0.01875 0.01640625
0 0.68203125 0.43203125 0.01171875 0.01171875
4 0.7109375 0.45703125 0.01640625 0.00859375
4 0.57890625 0.440625 0.00859375 0.015625
4 0.67578125 0.421875 0.00859375 0.009375
4 0.759375 0.434375 0.00625 0.0109375
0 0.71875 0.47421875 0.01484375 0.0109375
4 0.678125 0.54375 0.0109375 0.00546875
2 0.7578125 0.41953125 0.021875 0.015625
2 0.8265625 0.46875 0.01875 0.01640625
2 0.85546875 0.4265625 0.01640625 0.01640625
2 0.8765625 0.45625 0.01171875 0.02109375
2 0.8984375 0.46640625 0.01875 0.0234375
2 0.921875 0.40546875 0.01640625 0.01640625
0 0.9265625 0.446875 0.01484375 0.025
4 0.90234375 0.4453125 0.00625 0.01328125
4 0.88046875 0.4359375 0.00625 0.0109375
4 0.8484375 0.446875 0.00546875 0.01875
1 0.96875 0.1359375 0.0546875 0.02109375
1 0.8609375 0.13359375 0.04921875 0.02421875
1 0.86484375 0.1546875 0.046875 0.0296875
1 0.86640625 0.18125 0.05859375 0.01640625
1 0.86015625 0.2015625 0.04609375 0.034375
1 0.8640625 0.221875 0.0515625 0.03046875
1 0.859375 0.24375 0.0484375 0.0203125
1 0.85390625 0.26875 0.03515625 0.03359375
1 0.859375 0.29375 0.02890625 0.01875
1 0.8546875 0.309375 0.040625 0.015625
2 0.846875 0.334375 0.0203125 0.0203125
1 0.96875 0.16171875 0.05546875 0.025
1 0.96796875 0.18125 0.053125 0.02421875
1 0.96484375 0.20078125 0.05546875 0.03125
1 0.965625 0.221875 0.05546875 0.0296875
1 0.96640625 0.246875 0.04921875 0.02578125
1 0.9671875 0.26953125 0.04921875 0.02578125
1 0.96484375 0.29140625 0.04921875 0.02890625
1 0.96171875 0.3109375 0.05390625 0.03828125