2 0.328125 0.07890625 0.01875 0.0359375
2 0.3734375 0.1734375 0.01875 0.03359375
2 0.434375 0.61484375 0.01875 0.034375
6 0.34296875 0.678125 0.02578125 0.04296875
2 0.63203125 0.34140625 0.01796875 0.034375
1 0.61796875 0.7984375 0.04453125 0.09140625
2 0.403125 0.5796875 0.01953125 0.02890625
0 0.33515625 0.5234375 0.01484375 0.01875
2 0.184375 0.7921875 0.01640625 0.03046875
4 0.3859375 0.59296875 0.00859375 0.01328125
0 0.228125 0.6890625 0.0140625 0.0203125
2 0.3171875 0.72109375 0.01953125 0.03125
2 0.6640625 0.28203125 0.02109375 0.03203125
4 0.3640625 0.621875 0.00859375 0.01484375
2 0.365625 0.64453125 0.02109375 0.03046875
2 0.61328125 0.41875 0.01953125 0.03671875
2 0.66328125 0.74375 0.01796875 0.03515625
2 0.56015625 0.7359375 0.01796875 0.03359375
2 0.584375 0.740625 0.01875 0.0359375
2 0.58046875 0.7703125 0.01953125 0.03671875
1 0.5734375 0.67578125 0.03359375 0.07890625
2 0.74296875 0.9265625 0.02109375 0.03828125
2 0.71953125 0.865625 0.02109375 0.0234375
4 0.54921875 0.65859375 0.00859375 0.01796875
4 0.53984375 0.66484375 0.00625 0.0140625
4 0.54140625 0.68828125 0.00859375 0.01640625
4 0.52578125 0.68828125 0.00703125 0.015625
4 0.53359375 0.6734375 0.00859375 0.01640625
4 0.54140625 0.71953125 0.00703125 0.01640625
4 0.534375 0.70703125 0.00703125 0.01484375
2 0.703125 0.22109375 0.01796875 0.03125
2 0.82890625 0.1390625 0.0265625 0.03828125
2 0.721875 0.03125 0.01875 0.03203125
0 0.678125 0.08125 0.0140625 0.02421875
0 0.66484375 0.09296875 0.01171875 0.02421875
2 0.315625 0.12578125 0.01953125 0.04375
2 0.196875 0.90234375 0.0203125 0.0359375
2 0.23515625 0.84375 0.01875 0.03125
2 0.25546875 0.815625 0.025 0.03984375
2 0.1953125 0.68359375 0.0203125 0.03515625
2 0.2984375 0.74375 0.0203125 0.03359375
2 0.27578125 0.77734375 0.02109375 0.03125
2 0.384375 0.615625 0.01875 0.028125
4 0.37578125 0.603125 0.00703125 0.01484375
0 0.35859375 0.31328125 0.0140625 0.0234375
2 0.215625 0.8671875 0.01796875 0.03046875
2 0.35390625 0.71640625 0.01875 0.03125
2 0.4640625 0.4671875 0.0140625 0.03125
4 0.39453125 0.58046875 0.009375 0.0140625
5 0.6359375 0.38984375 0.02109375 0.03671875
2 0.559375 0.7609375 0.01640625 0.03203125
2 0.2359375 0.51796875 0.015625 0.03515625
4 0.371875 0.621875 0.00546875 0.01171875
2 0.17578125 0.9265625 0.01953125 0.03359375
2 0.65078125 0.34140625 0.01953125 0.034375
2 0.61328125 0.38203125 0.01875 0.03203125
4 0.6171875 0.4359375 0.0109375 0.01328125
2 0.47890625 0.48046875 0.01171875 0.03359375
4 0.61171875 0.45546875 0.009375 0.01484375
4 0.63125 0.41953125 0.009375 0.01796875
4 0.6 0.44453125 0.00859375 0.02109375
4 0.7421875 0.04453125 0.00859375 0.0234375
2 0.33515625 0.746875 0.01875 0.03125
2 0.15703125 0.934375 0.02109375 0.034375
2 0.16328125 0.96171875 0.0203125 0.03671875
4 0.409375 0.55859375 0.00703125 0.01484375
2 0.471875 0.53515625 0.01875 0.03984375
2 0.65078125 0.3109375 0.01796875 0.034375
4 0.59453125 0.7140625 0.00859375 0.01484375
4 0.53359375 0.72421875 0.00703125 0.01953125
2 0.4390625 0.27421875 0.01640625 0.028125
2 0.4515625 0.5265625 0.01640625 0.04375
2 0.665625 0.315625 0.01796875 0.03046875
2 0.38046875 0.7046875 0.01640625 0.0296875
2 0.4671875 0.41328125 0.0140625 0.03984375
2 0.4484375 0.57421875 0.01640625 0.034375
2 0.41953125 0.2609375 0.01875 0.03203125
2 0.2765625 0.85859375 0.0234375 0.03125
4 0.2015625 0.98359375 0.01015625 0.0140625
2 0.18046875 0.89375 0.0203125 0.03359375
2 0.36953125 0.5890625 0.01875 0.03515625
2 0.28671875 0.71484375 0.021875 0.03515625
2 0.3796875 0.29609375 0.01953125 0.0390625
2 0.371875 0.13671875 0.01796875 0.03671875
2 0.29765625 0.01875 0.0203125 0.0375
2 0.484375 0.4015625 0.01875 0.03984375
0 0.7578125 0.04375 0.01796875 0.02890625
2 0.24296875 0.79140625 0.0203125 0.03828125
4 0.34765625 0.653125 0.00859375 0.01640625
4 0.35703125 0.640625 0.009375 0.0109375
2 0.34921875 0.1234375 0.02109375 0.03828125
2 0.42109375 0.23046875 0.01796875 0.03125
2 0.48125 0.303125 0.01875 0.03515625
4 0.475 0.57109375 0.00859375 0.02421875
2 0.73984375 0.2265625 0.01875 0.0296875
2 0.71640625 0.1890625 0.015625 0.02890625
1 0.7 0.30078125 0.0484375 0.08984375
2 0.73203125 0.17109375 0.01953125 0.0359375
4 0.6234375 0.4625 0.00703125 0.01328125
4 0.6265625 0.44375 0.00703125 0.0140625
4 0.6234375 0.4234375 0.00703125 0.01328125
4 0.61796875 0.478125 0.00703125 0.01171875
4 0.68203125 0.77890625 0.01015625 0.02109375
2 0.4140625 0.434375 0.01328125 0.03828125
2 0.12734375 0.978125 0.0203125 0.03828125
2 0.39765625 0.2234375 0.01796875 0.040625
4 0.828125 0.08125 0.01171875 0.01796875
4 0.78203125 0.1296875 0.01171875 0.01875
0 0.7234375 0.24296875 0.01171875 0.02109375
2 0.21953125 0.93046875 0.0203125 0.03515625
4 0.21171875 0.98125 0.00859375 0.015625
4 0.37421875 0.6890625 0.009375 0.015625
4 0.30546875 0.71328125 0.00703125 0.01484375
4 0.35 0.60546875 0.009375 0.01953125
4 0.409375 0.48125 0.00546875 0.021875
4 0.46484375 0.5171875 0.00703125 0.01953125
2 0.45546875 0.31328125 0.01796875 0.03125
2 0.4546875 0.3453125 0.01640625 0.0359375
2 0.43828125 0.225 0.01875 0.03515625
2 0.39296875 0.13515625 0.02109375 0.04140625
4 0.403125 0.18125 0.009375 0.015625
4 0.32421875 0.01328125 0.009375 0.01953125
0 0.56640625 0.22421875 0.0140625 0.021875
4 0.71875 0.17109375 0.00859375 0.01640625
0 0.628125 0.7015625 0.0140625 0.02421875
6 0.62421875 0.8703125 0.0296875 0.0484375
2 0.2171875 0.8359375 0.01875 0.02890625
4 0.203125 0.86796875 0.01015625 0.01171875
4 0.1453125 0.9625 0.009375 0.02109375
2 0.14296875 0.984375 0.01875 0.0296875
4 0.31796875 0.696875 0.01015625 0.0109375
4 0.32578125 0.65078125 0.00625 0.01953125
4 0.3359375 0.66328125 0.00703125 0.015625
4 0.340625 0.62578125 0.00859375 0.01328125
4 0.3515625 0.615625 0.00625 0.01171875
4 0.38359375 0.66328125 0.00703125 0.01640625
4 0.39765625 0.6484375 0.00859375 0.015625
4 0.41875 0.653125 0.009375 0.015625
2 0.5015625 0.44296875 0.0109375 0.03515625
2 0.52734375 0.4265625 0.01796875 0.040625
4 0.39921875 0.3515625 0.00703125 0.021875
4 0.48984375 0.375 0.00859375 0.015625
4 0.50546875 0.3515625 0.00859375 0.01796875
2 0.46953125 0.31953125 0.01796875 0.03515625
4 0.41328125 0.18046875 0.00703125 0.0140625
4 0.40703125 0.2015625 0.00546875 0.0140625
2 0.33359375 0.05546875 0.01640625 0.03203125
2 0.35390625 0.09609375 0.015625 0.03046875
4 0.5265625 0.20625 0.0109375 0.01171875
0 0.68359375 0.86328125 0.01328125 0.025
2 0.38984375 0.5546875 0.01484375 0.0265625
4 0.36953125 0.60390625 0.00625 0.01015625
4 0.61640625 0.49765625 0.00859375 0.015625
4 0.6265625 0.51640625 0.01015625 0.0140625
4 0.63515625 0.52890625 0.00859375 0.01796875
4 0.646875 0.45546875 0.00625 0.01953125
4 0.80703125 0.1171875 0.00859375 0.01953125
0 0.76171875 0.19453125 0.01015625 0.028125
2 0.74296875 0.18828125 0.0203125 0.028125
4 0.54140625 0.70625 0.0046875 0.009375
4 0.59296875 0.78203125 0.0046875 0.01328125
2 0.64921875 0.9 0.01796875 0.03359375
4 0.66875 0.25546875 0.0109375 0.01171875