2 0.3609375 0.2921875 0.01796875 0.01484375
2 0.42109375 0.25625 0.01171875 0.02109375
2 0.4109375 0.2203125 0.01640625 0.01875
2 0.5265625 0.33046875 0.00859375 0.02890625
2 0.53828125 0.328125 0.00859375 0.0296875
2 0.578125 0.3203125 0.00703125 0.025
2 0.5875 0.3203125 0.00859375 0.02421875
2 0.96953125 0.909375 0.009375 0.02890625
2 0.7390625 0.65625 0.00859375 0.0234375
6 0.90703125 0.640625 0.03984375 0.0203125
5 0.7390625 0.384375 0.04609375 0.01953125
6 0.68203125 0.38671875 0.04140625 0.01953125
6 0.29921875 0.63515625 0.03046875 0.01953125
6 0.16875 0.6453125 0.0390625 0.01953125
6 0.14453125 0.67890625 0.03828125 0.025
4 0.5671875 0.28125 0.0046875 0.0140625
3 0.77734375 0.85625 0.021875 0.01796875
3 0.73671875 0.9 0.01015625 0.03515625
4 0.54453125 0.28046875 0.003125 0.0140625
4 0.56171875 0.29296875 0.003125 0.01484375
4 0.5875 0.28359375 0.0046875 0.01484375
4 0.59921875 0.30546875 0.00390625 0.01484375
4 0.58671875 0.240625 0.003125 0.01484375
4 0.553125 0.2296875 0.003125 0.0109375
4 0.5609375 0.2296875 0.0046875 0.01171875
4 0.6015625 0.24140625 0.00390625 0.01328125
4 0.5375 0.28046875 0.00390625 0.01328125
4 0.43359375 0.27421875 0.00390625 0.01328125
4 0.59375 0.24375 0.003125 0.01328125
4 0.55078125 0.28046875 0.003125 0.0140625
4 0.5578125 0.296875 0.003125 0.01328125
4 0.565625 0.296875 0.003125 0.01171875
0 0.84453125 0.64453125 0.01484375 0.01484375
2 0.70078125 0.65 0.00546875 0.0234375
2 0.69453125 0.6328125 0.00625 0.025
2 0.68671875 0.6359375 0.00703125 0.021875
2 0.69375 0.65703125 0.00625 0.01953125
0 0.84296875 0.603125 0.01171875 0.00859375
2 0.98671875 0.87421875 0.01328125 0.028125
5 0.559375 0.546875 0.0609375 0.0203125
2 0.59609375 0.6234375 0.01171875 0.01328125
2 0.953125 0.5234375 0.01640625 0.01484375
4 0.70859375 0.41328125 0.00859375 0.009375
4 0.29140625 0.61640625 0.00625 0.01015625
0 0.82421875 0.38671875 0.00859375 0.009375
0 0.39453125 0.6140625 0.009375 0.0109375
2 0.2890625 0.5015625 0.015625 0.01328125
2 0.5453125 0.565625 0.01484375 0.01171875
4 0.75078125 0.5984375 0.00703125 0.01015625
2 0.51015625 0.26953125 0.009375 0.021875
4 0.84296875 0.5828125 0.00859375 0.0109375
6 0.51328125 0.62265625 0.02890625 0.01796875
6 0.12109375 0.49296875 0.0296875 0.01640625
4 0.534375 0.41796875 0.00859375 0.009375
4 0.9109375 0.41328125 0.00703125 0.00859375
4 0.025 0.578125 0.00625 0.00859375
4 0.6734375 0.58125 0.0109375 0.01328125
0 0.70546875 0.603125 0.0140625 0.01171875
2 0.89609375 0.52109375 0.015625 0.01484375
4 0.13828125 0.425 0.00625 0.00625
2 0.1484375 0.50859375 0.0140625 0.0140625
6 0.4234375 0.48046875 0.0265625 0.01640625
3 0.45078125 0.4984375 0.0140625 0.01171875
3 0.65546875 0.42109375 0.01875 0.0140625
3 0.08125 0.61796875 0.01640625 0.0140625
0 0.14296875 0.61953125 0.009375 0.00859375
2 0.2359375 0.53828125 0.01171875 0.01171875
4 0.77109375 0.58046875 0.00703125 0.0109375
4 0.76484375 0.5890625 0.00546875 0.009375
2 0.7296875 0.55859375 0.01875 0.01640625