2 0.35390625 0.2953125 0.01796875 0.0140625
2 0.4140625 0.2609375 0.01171875 0.02109375
2 0.4046875 0.2234375 0.01640625 0.01875
2 0.51875 0.33125 0.00625 0.02890625
2 0.53046875 0.3296875 0.00859375 0.0296875
2 0.5703125 0.32109375 0.00703125 0.025
2 0.58046875 0.321875 0.00859375 0.02421875
2 0.9765625 0.87265625 0.0109375 0.02578125
2 0.96171875 0.909375 0.009375 0.0265625
2 0.73203125 0.65625 0.00859375 0.0234375
6 0.90078125 0.640625 0.03984375 0.0203125
5 0.73125 0.3859375 0.04609375 0.01953125
6 0.67421875 0.38671875 0.04140625 0.01953125
6 0.2921875 0.64140625 0.03046875 0.01953125
6 0.15859375 0.65 0.0390625 0.01953125
6 0.13671875 0.68203125 0.0390625 0.02421875
4 0.56015625 0.28203125 0.0046875 0.0140625
3 0.7703125 0.85703125 0.021875 0.01796875
3 0.7296875 0.8984375 0.01015625 0.03515625
4 0.53828125 0.28203125 0.003125 0.0140625
4 0.55546875 0.29609375 0.003125 0.01484375
4 0.58125 0.28515625 0.0046875 0.01484375
4 0.59140625 0.30703125 0.00390625 0.01484375
4 0.5796875 0.24375 0.003125 0.01484375
4 0.5453125 0.23046875 0.003125 0.01015625
4 0.553125 0.23203125 0.0046875 0.01171875
4 0.59375 0.2453125 0.003125 0.01328125
4 0.53046875 0.28125 0.00390625 0.01328125
4 0.42578125 0.27578125 0.00390625 0.01328125
4 0.58671875 0.24609375 0.003125 0.01171875
4 0.54375 0.28359375 0.003125 0.0140625
4 0.55078125 0.3 0.003125 0.01171875
4 0.55859375 0.2984375 0.003125 0.01171875
0 0.8359375 0.6484375 0.01484375 0.01484375
2 0.69375 0.6515625 0.00546875 0.025
2 0.68671875 0.63515625 0.00625 0.025
2 0.6796875 0.6375 0.00625 0.021875
2 0.68671875 0.659375 0.00625 0.01953125
0 0.83359375 0.6046875 0.01171875 0.00859375
5 0.971875 0.56015625 0.0546875 0.0234375
2 0.64140625 0.55703125 0.01640625 0.01484375
2 0.79609375 0.46015625 0.01484375 0.01171875
4 0.13828125 0.603125 0.009375 0.0109375
2 0.590625 0.62890625 0.0109375 0.01171875
2 0.99296875 0.8640625 0.01171875 0.0203125
2 0.98984375 0.9234375 0.00859375 0.0234375
2 0.55859375 0.46171875 0.01484375 0.01171875
4 0.89375 0.5609375 0.01015625 0.0109375
4 0.259375 0.48203125 0.00859375 0.01015625
4 0.0484375 0.56953125 0.009375 0.009375
6 0.43515625 0.484375 0.0265625 0.01875
4 0.2140625 0.60703125 0.00703125 0.009375
2 0.85859375 0.5796875 0.009375 0.0109375
6 0.828125 0.5796875 0.02109375 0.0203125
6 0.50546875 0.6265625 0.02890625 0.021875
4 0.2625 0.41953125 0.00703125 0.01015625
4 0.70703125 0.42421875 0.00703125 0.00859375
0 0.03359375 0.43046875 0.015625 0.0140625
4 0.4546875 0.59296875 0.00625 0.01171875
2 0.409375 0.50390625 0.01640625 0.01796875
0 0.03828125 0.62890625 0.01484375 0.01171875
1 0.56171875 0.59140625 0.02890625 0.01640625
6 0.82578125 0.428125 0.03828125 0.0265625
4 0.39296875 0.59453125 0.009375 0.01015625
4 0.48515625 0.61171875 0.009375 0.01015625
6 0.821875 0.53515625 0.0453125 0.021875
6 0.97421875 0.53671875 0.0515625 0.0234375
2 0.8140625 0.490625 0.01796875 0.0140625
2 0.82421875 0.390625 0.01640625 0.01484375
4 0.3640625 0.61328125 0.00703125 0.0109375
6 0.6328125 0.60625 0.03203125 0.02109375
4 0.49609375 0.4640625 0.01015625 0.0140625
2 0.5515625 0.53046875 0.01484375 0.0140625
2 0.65390625 0.49140625 0.01484375 0.01328125
4 0.375 0.43203125 0.00859375 0.0109375
4 0.21875 0.5984375 0.009375 0.009375