2 0.43828125 0.44375 0.01953125 0.040625
2 0.45859375 0.25234375 0.02890625 0.0390625
0 0.5 0.14609375 0.02109375 0.0296875
2 0.553125 0.07890625 0.021875 0.0453125
2 0.534375 0.00859375 0.021875 0.0171875
2 0.61796875 0.01171875 0.01953125 0.0234375
4 0.6765625 0.11796875 0.0140625 0.03828125
4 0.69375 0.11796875 0.01171875 0.0234375
4 0.7015625 0.115625 0.01328125 0.02578125
4 0.70390625 0.153125 0.01875 0.01796875
4 0.753125 0.19453125 0.01796875 0.028125
2 0.775 0.14375 0.01796875 0.0515625
2 0.81484375 0.0171875 0.0203125 0.034375
2 0.834375 0.165625 0.028125 0.02578125
0 0.95625 0.22734375 0.02578125 0.03125
3 0.90390625 0.159375 0.0203125 0.01953125
3 0.9234375 0.159375 0.02109375 0.03125
0 0.9453125 0.36875 0.02578125 0.0265625
3 0.9390625 0.409375 0.01953125 0.02109375
3 0.89765625 0.4140625 0.01796875 0.0234375
3 0.871875 0.42578125 0.01953125 0.021875
1 0.88828125 0.39453125 0.06953125 0.03515625
2 0.9953125 0.36640625 0.009375 0.0328125
4 0.8734375 0.3515625 0.01875 0.01953125
4 0.83046875 0.35625 0.03046875 0.02890625
1 0.80859375 0.38828125 0.075 0.03359375
4 0.771875 0.3609375 0.01875 0.025
6 0.73828125 0.3828125 0.040625 0.0390625
2 0.7109375 0.35546875 0.03125 0.02890625
4 0.70703125 0.38984375 0.01796875 0.021875
4 0.68828125 0.3640625 0.01953125 0.0203125
0 0.65390625 0.42734375 0.02109375 0.02109375
0 0.634375 0.4015625 0.0203125 0.0203125
2 0.67578125 0.3609375 0.02890625 0.03359375
2 0.66875 0.38125 0.02890625 0.0265625
2 0.646875 0.35859375 0.0265625 0.025
2 0.6390625 0.3765625 0.02890625 0.028125
4 0.62890625 0.34375 0.01640625 0.01640625
4 0.625 0.353125 0.01875 0.01484375
4 0.63984375 0.340625 0.01796875 0.015625
4 0.66328125 0.40546875 0.0140625 0.01796875
4 0.671875 0.39921875 0.01484375 0.0203125
4 0.66328125 0.39453125 0.015625 0.015625
4 0.6546875 0.415625 0.01640625 0.015625
4 0.65390625 0.40625 0.0140625 0.01171875
4 0.64921875 0.4 0.01171875 0.0140625
4 0.6390625 0.38828125 0.01328125 0.01640625
4 0.6515625 0.39140625 0.01171875 0.01640625
4 0.62890625 0.41171875 0.01328125 0.021875
2 0.528125 0.6609375 0.0203125 0.05390625
4 0.54609375 0.771875 0.01484375 0.03046875
4 0.528125 0.80078125 0.01328125 0.028125
4 0.528125 0.85078125 0.01015625 0.028125
2 0.50859375 0.86328125 0.021875 0.05078125
2 0.50859375 0.93515625 0.015625 0.0515625
2 0.4921875 0.98828125 0.02109375 0.0234375
3 0.44765625 0.86875 0.01640625 0.04375
2 0.46171875 0.8796875 0.01640625 0.05859375
2 0.47421875 0.88125 0.01640625 0.04921875
2 0.4703125 0.834375 0.01484375 0.046875
4 0.44375 0.78203125 0.009375 0.0296875
0 0.4609375 0.82578125 0.01328125 0.034375
2 0.48046875 0.79140625 0.02109375 0.03984375
4 0.46953125 0.78671875 0.009375 0.028125
2 0.46171875 0.778125 0.01953125 0.05546875
2 0.45390625 0.74921875 0.01640625 0.05
2 0.46796875 0.73515625 0.01796875 0.0453125
2 0.48125 0.74375 0.02109375 0.0515625
4 0.453125 0.6765625 0.01171875 0.03203125
0 0.47578125 0.66640625 0.0140625 0.03671875
2 0.47421875 0.69921875 0.0140625 0.04375
2 0.4859375 0.68359375 0.01875 0.05390625
4 0.49609375 0.66484375 0.01171875 0.025
2 0.465625 0.665625 0.01640625 0.040625
2 0.4921875 0.63828125 0.01953125 0.05390625
2 0.47890625 0.62578125 0.0203125 0.0515625
4 0.46875 0.61328125 0.009375 0.02578125
4 0.46875 0.63828125 0.009375 0.02890625
2 0.49921875 0.56328125 0.015625 0.04609375
2 0.50390625 0.51875 0.01640625 0.04375
2 0.47734375 0.534375 0.015625 0.04453125
2 0.48828125 0.521875 0.01796875 0.04453125
2 0.48203125 0.49375 0.015625 0.040625
4 0.4984375 0.49296875 0.0109375 0.021875
4 0.496875 0.509375 0.01328125 0.02421875
4 0.49609375 0.52890625 0.0140625 0.02421875
4 0.49296875 0.54453125 0.009375 0.0234375
4 0.49140625 0.565625 0.009375 0.0234375
4 0.46796875 0.5546875 0.0109375 0.02421875
4 0.46640625 0.48125 0.009375 0.021875
4 0.4734375 0.4859375 0.0109375 0.0265625
4 0.46328125 0.4984375 0.009375 0.02109375
4 0.4671875 0.49765625 0.009375 0.0265625
4 0.471875 0.509375 0.009375 0.025
2 0.48046875 0.58046875 0.015625 0.05
2 0.47109375 0.57734375 0.01640625 0.04375
4 0.46875 0.540625 0.01015625 0.0203125
4 0.46953125 0.528125 0.01171875 0.0234375
0 0.45703125 0.42734375 0.0140625 0.03046875
0 0.46171875 0.45 0.01796875 0.0359375
4 0.3984375 0.41953125 0.0140625 0.0203125
6 0.34296875 0.41796875 0.0234375 0.02578125
4 0.32890625 0.4265625 0.0140625 0.015625
4 0.29921875 0.58828125 0.01484375 0.01875
4 0.29765625 0.5984375 0.01640625 0.0140625
4 0.29609375 0.60625 0.01796875 0.0203125
2 0.28671875 0.346875 0.03203125 0.03125
4 0.22578125 0.3484375 0.015625 0.02109375
3 0.18046875 0.35625 0.0203125 0.021875
2 0.08828125 0.58203125 0.0296875 0.02890625
2 0.04296875 0.575 0.025 0.02578125
2 0.03828125 0.603125 0.0296875 0.03125
2 0.03125 0.69140625 0.0265625 0.03046875
0 0.03359375 0.03046875 0.0203125 0.034375
0 0.08671875 0.05625 0.01953125 0.0484375
4 0.01953125 0.0671875 0.01328125 0.025
4 0.00703125 0.08203125 0.0140625 0.02578125
4 0.14453125 0.17421875 0.01875 0.01953125
4 0.2015625 0.14140625 0.01875 0.01796875
4 0.209375 0.1640625 0.015625 0.02578125
0 0.22421875 0.196875 0.025 0.025
0 0.28515625 0.1953125 0.02109375 0.03203125
4 0.98125 0.4671875 0.0140625 0.0234375
2 0.69140625 0.38203125 0.02890625 0.02578125
4 0.6421875 0.41171875 0.015625 0.01796875
1 0.99140625 0.40234375 0.01640625 0.046875