4 0.94765625 0.47578125 0.01875 0.021875
2 0.984375 0.31171875 0.03125 0.0234375
2 0.90078125 0.3203125 0.02578125 0.0265625
2 0.89375 0.46328125 0.025 0.02421875
2 0.83046875 0.4640625 0.0234375 0.02890625
6 0.83359375 0.38359375 0.01953125 0.0203125
2 0.77421875 0.24140625 0.025 0.01640625
4 0.83046875 0.40390625 0.0109375 0.01171875
2 0.76640625 0.1578125 0.02578125 0.0203125
2 0.66640625 0.503125 0.0234375 0.01953125
4 0.64921875 0.54765625 0.01171875 0.0109375
4 0.56171875 0.3390625 0.01484375 0.009375
2 0.49609375 0.3703125 0.025 0.01484375
2 0.50390625 0.515625 0.021875 0.01484375
4 0.25078125 0.59453125 0.0140625 0.0203125
2 0.24453125 0.5703125 0.0265625 0.021875
2 0.17109375 0.60625 0.02578125 0.021875
2 0.146875 0.28125 0.01484375 0.04296875
2 0.13515625 0.54921875 0.02578125 0.02578125
2 0.1328125 0.58828125 0.028125 0.01953125
2 0.07890625 0.58203125 0.025 0.0203125
2 0.0796875 0.56015625 0.02421875 0.0140625
2 0.04140625 0.584375 0.02421875 0.015625
2 0.05 0.5609375 0.02109375 0.01640625
2 0.05625 0.540625 0.0203125 0.01484375
2 0.01953125 0.55 0.021875 0.0203125
2 0.028125 0.29296875 0.01875 0.04609375
2 0.00546875 0.315625 0.01015625 0.03125
4 0.19609375 0.4578125 0.01015625 0.01015625
4 0.0484375 0.475 0.01796875 0.02578125
4 0.09140625 0.54296875 0.01328125 0.02109375
3 0.034375 0.60078125 0.01171875 0.01875
4 0.03515625 0.61328125 0.01328125 0.009375
4 0.015625 0.57890625 0.01015625 0.00859375
4 0.03046875 0.565625 0.0109375 0.009375
4 0.03671875 0.53984375 0.01171875 0.009375
4 0.02734375 0.53359375 0.01015625 0.00859375
4 0.003125 0.2859375 0.00546875 0.01328125
3 0.0140625 0.28671875 0.01015625 0.02109375
0 0.1890625 0.39140625 0.01875 0.0234375