4 0.05234375 0.34375 0.01640625 0.0140625
4 0.0625 0.3609375 0.01796875 0.01171875
4 0.05703125 0.37734375 0.0140625 0.0125
4 0.05234375 0.39453125 0.01484375 0.01328125
4 0.009375 0.3703125 0.0125 0.01875
0 0.053125 0.28984375 0.01875 0.01484375
0 0.04140625 0.3109375 0.01640625 0.01875
0 0.01640625 0.290625 0.0171875 0.015625
0 0.1375 0.3046875 0.01953125 0.0171875
0 0.121875 0.3203125 0.01640625 0.0171875
0 0.09375 0.309375 0.01328125 0.009375
0 0.19609375 0.30859375 0.01640625 0.0171875
0 0.228125 0.30078125 0.01875 0.01640625
0 0.221875 0.3203125 0.01640625 0.01328125
4 0.08828125 0.3578125 0.0125 0.0125
4 0.084375 0.37578125 0.01640625 0.01171875
4 0.078125 0.38671875 0.0171875 0.0109375
4 0.08671875 0.396875 0.01328125 0.0109375
3 0.11484375 0.3984375 0.028125 0.01796875
4 0.128125 0.38046875 0.0140625 0.01484375
4 0.1421875 0.35703125 0.01484375 0.01171875
4 0.171875 0.3515625 0.01328125 0.0125
4 0.20078125 0.36328125 0.01484375 0.01015625
4 0.16796875 0.29609375 0.01328125 0.01328125
4 0.14375 0.2890625 0.01171875 0.0109375
3 0.10859375 0.26328125 0.01875 0.01640625
4 0.24453125 0.36328125 0.01171875 0.0125
4 0.20234375 0.37421875 0.01328125 0.0078125
4 0.25390625 0.40546875 0.01328125 0.009375
4 0.2640625 0.38828125 0.0109375 0.0109375
4 0.278125 0.37109375 0.01171875 0.00859375
4 0.284375 0.3859375 0.01328125 0.0109375
4 0.284375 0.4046875 0.01171875 0.009375
4 0.30546875 0.36484375 0.01328125 0.0125
4 0.30703125 0.37890625 0.0109375 0.01015625
4 0.31328125 0.390625 0.01015625 0.01015625
4 0.32109375 0.38359375 0.0109375 0.0125
4 0.33359375 0.378125 0.0140625 0.0125
4 0.34375 0.3703125 0.01328125 0.0109375
2 0.33515625 0.4 0.02578125 0.0234375
0 0.2609375 0.4828125 0.01484375 0.01328125
4 0.2890625 0.48984375 0.01171875 0.0109375
4 0.3546875 0.47734375 0.0125 0.009375
0 0.3234375 0.5203125 0.01484375 0.0125
0 0.34453125 0.534375 0.01328125 0.01484375
0 0.33359375 0.54921875 0.015625 0.01484375
0 0.3421875 0.5828125 0.0140625 0.021875
0 0.35546875 0.58359375 0.01171875 0.02578125
0 0.38984375 0.5453125 0.0140625 0.02109375
0 0.428125 0.54140625 0.01640625 0.0140625
4 0.359375 0.3828125 0.01015625 0.0109375
4 0.36953125 0.371875 0.01328125 0.0125
4 0.38125 0.3625 0.01171875 0.0109375
4 0.4015625 0.37265625 0.01171875 0.0109375
4 0.4125 0.38671875 0.01328125 0.01015625
4 0.41171875 0.39921875 0.01328125 0.0109375
2 0.37734375 0.40078125 0.0234375 0.0203125
4 0.39609375 0.3296875 0.01171875 0.01171875
4 0.421875 0.32421875 0.0109375 0.0109375
4 0.4390625 0.3578125 0.01171875 0.009375
4 0.45625 0.3875 0.0125 0.01328125
4 0.44921875 0.3984375 0.0125 0.01171875
4 0.46484375 0.37109375 0.015625 0.01796875
4 0.5078125 0.36796875 0.0109375 0.01484375
4 0.51953125 0.3828125 0.0125 0.0125
4 0.53515625 0.3578125 0.01328125 0.01015625
4 0.59609375 0.35390625 0.009375 0.015625
4 0.5875 0.36953125 0.0125 0.0109375
4 0.5953125 0.378125 0.01328125 0.0125
4 0.57421875 0.40703125 0.01171875 0.0125
4 0.6171875 0.39609375 0.01328125 0.009375
4 0.61953125 0.38359375 0.01328125 0.01171875
4 0.63828125 0.3765625 0.0109375 0.01171875
4 0.65625 0.35859375 0.0125 0.01328125
2 0.6484375 0.4046875 0.01953125 0.01796875
4 0.69765625 0.3515625 0.01015625 0.01171875
4 0.690625 0.371875 0.01015625 0.0125
4 0.6828125 0.39921875 0.01328125 0.01171875
4 0.70234375 0.3859375 0.01484375 0.0109375
4 0.72734375 0.3578125 0.01171875 0.0140625
4 0.72734375 0.4015625 0.0109375 0.0109375
4 0.778125 0.35546875 0.0125 0.01015625
4 0.75078125 0.38671875 0.0125 0.0109375
4 0.7875 0.384375 0.0140625 0.01171875
4 0.78359375 0.39921875 0.0125 0.0140625
4 0.7625 0.40078125 0.01171875 0.0109375
0 0.84375 0.36875 0.01796875 0.01640625
4 0.859375 0.384375 0.01171875 0.0125
4 0.95546875 0.3578125 0.01015625 0.01015625
4 0.96484375 0.38671875 0.01328125 0.01171875
4 0.97109375 0.4015625 0.01328125 0.01015625
4 0.92265625 0.36875 0.0140625 0.01328125
4 0.88515625 0.3453125 0.0109375 0.01171875
4 0.90859375 0.38125 0.015625 0.009375
4 0.8578125 0.4828125 0.01484375 0.0125
4 0.65 0.48671875 0.0125 0.01640625
0 0.52734375 0.521875 0.0109375 0.01484375
0 0.54296875 0.54609375 0.01796875 0.0140625
0 0.496875 0.5359375 0.0078125 0.01953125
0 0.49140625 0.5453125 0.00546875 0.01640625
0 0.49375 0.45 0.06875 0.0296875
0 0.46015625 0.690625 0.009375 0.0265625
0 0.4484375 0.75078125 0.0109375 0.02890625
0 0.44375 0.79375 0.01015625 0.02578125
0 0.52421875 0.6375 0.009375 0.0265625
4 0.4875 0.64453125 0.00625 0.0171875
4 0.4796875 0.66171875 0.00625 0.021875
4 0.5046875 0.74453125 0.00703125 0.015625
4 0.4984375 0.77265625 0.00546875 0.01796875
4 0.49296875 0.7609375 0.00546875 0.0171875
4 0.48984375 0.8 0.00546875 0.0171875
0 0.5296875 0.725 0.015625 0.0234375
0 0.51484375 0.76484375 0.0078125 0.0265625
0 0.71328125 0.54375 0.01640625 0.015625
0 0.6765625 0.55546875 0.0140625 0.01328125
4 0.61171875 0.52734375 0.0125 0.01015625
4 0.57109375 0.53828125 0.009375 0.015625
4 0.49921875 0.61328125 0.00625 0.02109375
4 0.5140625 0.684375 0.0078125 0.0171875
4 0.52890625 0.69765625 0.00859375 0.01953125
4 0.84921875 0.309375 0.01328125 0.01328125
4 0.78671875 0.2859375 0.0125 0.0125
4 0.74453125 0.26796875 0.0078125 0.00703125
4 0.815625 0.24453125 0.01328125 0.01640625
4 0.7890625 0.2640625 0.01484375 0.0125
4 0.52421875 0.5921875 0.0078125 0.021875
4 0.51484375 0.55859375 0.00859375 0.021875
4 0.5125 0.5421875 0.0046875 0.01484375
4 0.4765625 0.53828125 0.0125 0.01875
4 0.51796875 0.6140625 0.00546875 0.01875
4 0.4890625 0.30546875 0.01484375 0.01328125
4 0.45859375 0.31953125 0.0171875 0.01484375
4 0.284375 0.3140625 0.01640625 0.015625
0 0.08359375 0.52890625 0.0171875 0.0140625
0 0.1921875 0.5328125 0.015625 0.0125
4 0.18359375 0.51640625 0.0109375 0.0125
4 0.1 0.31875 0.01484375 0.00859375
4 0.4234375 0.7796875 0.00859375 0.0171875
4 0.4546875 0.84453125 0.009375 0.02265625
4 0.47578125 0.88359375 0.00625 0.02109375
4 0.68359375 0.3125 0.01484375 0.01875
0 0.5484375 0.30625 0.01484375 0.015625
0 0.50859375 0.32421875 0.01015625 0.009375
0 0.490625 0.32890625 0.0125 0.01171875
0 0.47421875 0.33125 0.01171875 0.01015625
0 0.4984375 0.28671875 0.0140625 0.01640625
0 0.36875 0.56640625 0.01015625 0.01484375