5 0.21953125 0.68671875 0.059375 0.03828125
5 0.27890625 0.68046875 0.06015625 0.03125
5 0.8140625 0.71328125 0.0609375 0.0453125
2 0.28671875 0.82890625 0.025 0.034375
2 0.31875 0.8953125 0.021875 0.03984375
2 0.4359375 0.87421875 0.0296875 0.034375
2 0.49296875 0.88203125 0.0296875 0.0453125
2 0.53671875 0.81796875 0.0296875 0.03671875
2 0.48203125 0.55703125 0.01875 0.0609375
2 0.475 0.4203125 0.0234375 0.0546875
2 0.346875 0.709375 0.0265625 0.03046875
2 0.08046875 0.94375 0.025 0.03671875
0 0.15234375 0.9015625 0.025 0.03515625
0 0.51953125 0.5828125 0.009375 0.03046875
0 0.578125 0.8609375 0.01953125 0.028125
0 0.7265625 0.69609375 0.02109375 0.0390625
0 0.88359375 0.7 0.021875 0.0203125
4 0.51484375 0.140625 0.01328125 0.025
4 0.51171875 0.05 0.01484375 0.025
4 0.52109375 0.46171875 0.0109375 0.02578125
4 0.47421875 0.48203125 0.01484375 0.0203125
4 0.26875 0.87421875 0.01484375 0.0203125
2 0.3734375 0.9359375 0.02578125 0.03125
2 0.434375 0.82109375 0.02890625 0.021875
4 0.634375 0.7734375 0.0203125 0.02890625
4 0.671875 0.7859375 0.01796875 0.01640625
4 0.76875 0.8578125 0.01796875 0.025
4 0.921875 0.78515625 0.01796875 0.02578125
4 0.7859375 0.765625 0.01328125 0.0109375
4 0.22890625 0.79453125 0.01796875 0.021875
4 0.16796875 0.81875 0.01171875 0.03046875
0 0.01171875 0.96171875 0.01484375 0.02578125
4 0.134375 0.96484375 0.0109375 0.02421875
4 0.659375 0.8609375 0.01875 0.02890625
4 0.5796875 0.909375 0.01484375 0.01796875
4 0.740625 0.86328125 0.01484375 0.03359375
0 0.94921875 0.87890625 0.01953125 0.0296875