2 0.465625 0.07890625 0.01171875 0.03125
2 0.465625 0.11171875 0.01171875 0.028125
2 0.46640625 0.14453125 0.01015625 0.03515625
2 0.43671875 0.1515625 0.021875 0.015625
2 0.46796875 0.203125 0.009375 0.0359375
2 0.46796875 0.2375 0.009375 0.02578125
2 0.46875 0.26796875 0.0140625 0.02578125
4 0.478125 0.215625 0.0046875 0.01640625
2 0.553125 0.15625 0.01484375 0.034375
2 0.553125 0.190625 0.01171875 0.03125
2 0.55390625 0.26875 0.00859375 0.0296875
2 0.54140625 0.26015625 0.01484375 0.03359375
2 0.55390625 0.3109375 0.01015625 0.03828125
2 0.5515625 0.34921875 0.009375 0.0296875
2 0.55625 0.415625 0.0109375 0.03125
2 0.49296875 0.371875 0.01171875 0.0359375
2 0.52109375 0.4859375 0.01640625 0.034375
2 0.55390625 0.4515625 0.01328125 0.03359375
2 0.5546875 0.4984375 0.00859375 0.0296875
2 0.55625 0.7546875 0.01328125 0.03203125
2 0.55703125 0.78828125 0.01171875 0.03125
2 0.55625 0.8234375 0.01015625 0.03359375
2 0.5359375 0.96796875 0.01171875 0.03203125
4 0.584375 0.96875 0.0109375 0.01328125
4 0.53046875 0.90859375 0.01171875 0.01328125
2 0.50546875 0.92421875 0.01171875 0.03984375
2 0.47109375 0.8703125 0.01328125 0.034375
4 0.49453125 0.83671875 0.00546875 0.01640625
2 0.5015625 0.79921875 0.01015625 0.03828125
2 0.48828125 0.79453125 0.01015625 0.034375
2 0.46953125 0.80390625 0.01015625 0.0359375
2 0.47578125 0.76171875 0.01015625 0.03671875
2 0.50546875 0.7046875 0.009375 0.03671875
2 0.49296875 0.703125 0.01015625 0.0359375
2 0.47421875 0.6765625 0.009375 0.03671875
2 0.47578125 0.7265625 0.009375 0.03046875
2 0.50390625 0.61796875 0.01015625 0.034375
2 0.50078125 0.5609375 0.01171875 0.0390625
2 0.47578125 0.5234375 0.00859375 0.02890625
2 0.46171875 0.38828125 0.01640625 0.021875
2 0.43828125 0.40625 0.01640625 0.0265625
2 0.0875 0.125 0.01953125 0.021875
2 0.07109375 0.09140625 0.02421875 0.0234375
2 0.13359375 0.08984375 0.0109375 0.03203125
2 0.11484375 0.08125 0.01171875 0.03203125
2 0.10078125 0.06953125 0.0140625 0.03125
2 0.08984375 0.0625 0.0140625 0.03125
2 0.17578125 0.20546875 0.02109375 0.0234375
0 0.134375 0.17578125 0.01640625 0.01953125
0 0.25859375 0.21875 0.0140625 0.01953125
4 0.29140625 0.2671875 0.009375 0.0140625
2 0.43671875 0.7953125 0.01640625 0.01640625
2 0.4359375 0.83046875 0.01953125 0.01640625
2 0.43515625 0.846875 0.01875 0.01484375
2 0.3984375 0.65078125 0.0234375 0.0140625
2 0.39921875 0.671875 0.021875 0.01640625
2 0.396875 0.69296875 0.0234375 0.01796875
2 0.434375 0.48828125 0.01796875 0.0140625
2 0.4359375 0.50546875 0.01640625 0.01171875
2 0.43984375 0.54140625 0.01953125 0.01171875
2 0.440625 0.55859375 0.01953125 0.01015625
2 0.43984375 0.57421875 0.01953125 0.01171875
2 0.4390625 0.64453125 0.01953125 0.01484375
2 0.61796875 0.8640625 0.015625 0.04296875
2 0.315625 0.2625 0.0203125 0.02578125
2 0.30859375 0.2125 0.01171875 0.03359375
2 0.3234375 0.21953125 0.01171875 0.03046875
2 0.35078125 0.24453125 0.01328125 0.03359375
2 0.33515625 0.2765625 0.01171875 0.034375
2 0.365625 0.303125 0.01953125 0.02578125
2 0.35625 0.32890625 0.01875 0.02421875
2 0.39921875 0.340625 0.02109375 0.021875
2 0.36796875 0.25546875 0.009375 0.03515625
2 0.3875 0.26953125 0.01171875 0.03046875
2 0.37890625 0.26015625 0.01171875 0.03203125
2 0.46640625 0.30703125 0.01015625 0.03203125
2 0.45703125 0.31484375 0.00859375 0.03828125
2 0.44296875 0.33359375 0.01171875 0.03125
2 0.428125 0.33828125 0.0140625 0.02109375
2 0.39296875 0.30625 0.01171875 0.0359375
2 0.40703125 0.31796875 0.00859375 0.02890625
2 0.41796875 0.3234375 0.009375 0.02890625
2 0.06171875 0.1984375 0.0140625 0.040625
2 0.090625 0.209375 0.0140625 0.0453125
2 0.07578125 0.20703125 0.0140625 0.04140625
2 0.103125 0.215625 0.01171875 0.03359375
2 0.12109375 0.22734375 0.01171875 0.0390625
2 0.14140625 0.234375 0.0109375 0.0359375
2 0.13046875 0.23125 0.00859375 0.03671875
2 0.153125 0.24140625 0.01015625 0.0359375
2 0.17265625 0.24921875 0.0140625 0.03671875
2 0.16171875 0.25078125 0.009375 0.03046875
2 0.18515625 0.2578125 0.01328125 0.034375
2 0.20390625 0.26953125 0.01328125 0.03203125
2 0.19609375 0.265625 0.0140625 0.03125
2 0.215625 0.27578125 0.0109375 0.0296875
2 0.228125 0.28046875 0.01171875 0.0265625
2 0.2828125 0.31796875 0.01171875 0.034375
2 0.26640625 0.1984375 0.01640625 0.02890625
2 0.22109375 0.15546875 0.0140625 0.03359375
2 0.2328125 0.16171875 0.01484375 0.03359375