2 0.0484375 0.959375 0.01875 0.0296875
2 0.03671875 0.9875 0.0171875 0.025
2 0.046875 0.9890625 0.01640625 0.021875
2 0.06171875 0.9890625 0.02109375 0.02109375
2 0.06171875 0.96875 0.01796875 0.0265625
2 0.084375 0.9640625 0.01953125 0.028125
2 0.10546875 0.925 0.01953125 0.03046875
2 0.08828125 0.915625 0.01875 0.02578125
2 0.10546875 0.88671875 0.02109375 0.02421875
2 0.0984375 0.87265625 0.015625 0.028125
2 0.115625 0.896875 0.015625 0.0265625
2 0.14453125 0.8765625 0.015625 0.02578125
4 0.13359375 0.86796875 0.015625 0.03359375
2 0.2140625 0.97578125 0.01640625 0.03515625
2 0.23359375 0.95078125 0.02109375 0.04453125
2 0.14140625 0.83046875 0.01796875 0.0265625
2 0.14921875 0.8390625 0.01875 0.0296875
2 0.16640625 0.81171875 0.01953125 0.02421875
2 0.1828125 0.790625 0.01953125 0.03515625
2 0.18828125 0.81640625 0.01640625 0.03046875
2 0.215625 0.76796875 0.01875 0.0265625
2 0.2078125 0.75390625 0.01875 0.02578125
2 0.23828125 0.74140625 0.01640625 0.0296875
2 0.22109375 0.72578125 0.01640625 0.02890625
2 0.253125 0.71796875 0.02109375 0.034375
2 0.25390625 0.69453125 0.01953125 0.0265625
2 0.25546875 0.66328125 0.01640625 0.028125
2 0.271875 0.646875 0.01875 0.03125
2 0.27890625 0.66328125 0.0203125 0.025
2 0.28828125 0.671875 0.01796875 0.02421875
2 0.3265625 0.82265625 0.0203125 0.02421875
2 0.30546875 0.6484375 0.0203125 0.0234375
2 0.29375 0.615625 0.01953125 0.0265625
2 0.3265625 0.56953125 0.0203125 0.03125
2 0.3359375 0.58359375 0.01875 0.02890625
2 0.37421875 0.53359375 0.0203125 0.03046875
2 0.409375 0.51640625 0.01796875 0.028125
2 0.446875 0.85390625 0.0234375 0.02578125
2 0.4109375 0.8765625 0.021875 0.02890625
2 0.33125 0.95078125 0.02109375 0.02421875
2 0.378125 0.95546875 0.01953125 0.0265625
2 0.5125 0.78359375 0.021875 0.03203125
2 0.55546875 0.775 0.0203125 0.03125
2 0.33125 0.315625 0.01875 0.03359375
2 0.43671875 0.28203125 0.01796875 0.0296875
2 0.42421875 0.2484375 0.01484375 0.03203125
2 0.32421875 0.0109375 0.0140625 0.021875
2 0.3359375 0.01015625 0.01875 0.0203125
2 0.55625 0.21484375 0.01484375 0.03984375
2 0.5671875 0.2 0.0140625 0.0484375
2 0.58515625 0.19375 0.0140625 0.03203125
2 0.56875 0.13359375 0.015625 0.0359375
2 0.55703125 0.04765625 0.01328125 0.0390625
2 0.56796875 0.096875 0.0140625 0.025
2 0.59453125 0.053125 0.02109375 0.028125
2 0.64375 0.3046875 0.01953125 0.02578125
2 0.62734375 0.33359375 0.01953125 0.01953125
2 0.80078125 0.159375 0.0140625 0.0359375
2 0.825 0.13515625 0.01484375 0.03828125
2 0.95078125 0.19609375 0.01640625 0.03125
2 0.940625 0.20390625 0.01796875 0.0359375
2 0.93125 0.21796875 0.01875 0.03046875
2 0.7640625 0.328125 0.01328125 0.02421875
2 0.75859375 0.31640625 0.01640625 0.02109375
2 0.73359375 0.32578125 0.0203125 0.0296875
2 0.74375 0.33671875 0.01796875 0.02109375
2 0.71328125 0.34765625 0.0203125 0.0296875
2 0.72890625 0.35390625 0.01484375 0.0265625
2 0.71171875 0.3765625 0.01796875 0.02578125
2 0.68359375 0.3828125 0.01640625 0.021875
2 0.66953125 0.40546875 0.01953125 0.03125
2 0.68671875 0.396875 0.01796875 0.0265625
2 0.72421875 0.56640625 0.01328125 0.02578125
2 0.734375 0.66796875 0.0203125 0.0296875
2 0.7609375 0.678125 0.01875 0.028125
2 0.77734375 0.71015625 0.01875 0.0265625
2 0.81953125 0.7484375 0.02109375 0.0265625
2 0.8703125 0.74375 0.01640625 0.03125
2 0.884375 0.75859375 0.0140625 0.03203125
2 0.9109375 0.77109375 0.01484375 0.03125
2 0.90234375 0.82421875 0.0234375 0.03359375
2 0.9265625 0.8609375 0.021875 0.034375
2 0.9640625 0.85078125 0.025 0.02421875
2 0.97578125 0.86796875 0.02109375 0.02421875
2 0.984375 0.8984375 0.0203125 0.0296875
2 0.896875 0.92734375 0.0203125 0.0296875
2 0.8796875 0.90625 0.0203125 0.03203125
2 0.8625 0.88828125 0.01953125 0.025
2 0.8515625 0.9015625 0.021875 0.025
2 0.8453125 0.87109375 0.0203125 0.0296875
2 0.83203125 0.88125 0.02109375 0.02421875
2 0.8265625 0.85546875 0.021875 0.02578125
2 0.81328125 0.86328125 0.01953125 0.0265625
2 0.80625 0.84375 0.01796875 0.021875
2 0.81015625 0.82890625 0.01640625 0.02421875
2 0.78828125 0.81171875 0.0203125 0.02578125
2 0.7765625 0.8234375 0.01796875 0.0265625
2 0.73359375 0.75859375 0.01875 0.02109375
2 0.71953125 0.78203125 0.02109375 0.025
2 0.71171875 0.7578125 0.01796875 0.021875
2 0.71796875 0.74375 0.01640625 0.01796875
2 0.7109375 0.72265625 0.02578125 0.028125
2 0.69921875 0.73203125 0.021875 0.021875
2 0.696875 0.74375 0.021875 0.021875
2 0.6921875 0.76328125 0.01796875 0.0265625
2 0.67265625 0.7484375 0.0203125 0.0203125
4 0.04140625 0.97578125 0.00859375 0.01171875
4 0.05625 0.9609375 0.00703125 0.01171875
4 0.06796875 0.93828125 0.009375 0.01484375
4 0.08203125 0.9328125 0.009375 0.0109375
4 0.0859375 0.93671875 0.00859375 0.01015625
4 0.0765625 0.91328125 0.009375 0.01328125
4 0.07578125 0.88125 0.009375 0.01015625
4 0.06484375 0.87421875 0.00703125 0.0140625
4 0.0546875 0.87578125 0.01171875 0.009375
4 0.090625 0.896875 0.009375 0.01484375
4 0.1234375 0.9078125 0.00859375 0.01484375
4 0.10703125 0.9375 0.00703125 0.01484375
4 0.1203125 0.87265625 0.009375 0.01171875
4 0.13359375 0.9 0.01015625 0.01640625
4 0.13984375 0.86796875 0.009375 0.01328125
4 0.21875 0.753125 0.009375 0.01015625
4 0.2265625 0.74765625 0.01015625 0.0109375
4 0.234375 0.75546875 0.00703125 0.01484375
4 0.21953125 0.74140625 0.01015625 0.01328125
4 0.215625 0.7390625 0.0140625 0.01328125
4 0.246875 0.690625 0.00625 0.01015625
4 0.253125 0.68125 0.009375 0.01171875
4 0.27421875 0.68359375 0.01171875 0.01640625
4 0.296875 0.63203125 0.01015625 0.0109375
4 0.3078125 0.61875 0.009375 0.0140625
4 0.11015625 0.82734375 0.00859375 0.01484375
4 0.096875 0.8390625 0.00546875 0.01171875
4 0.09140625 0.84453125 0.0046875 0.0140625
4 0.08515625 0.84921875 0.00390625 0.01875
4 0.11484375 0.82109375 0.00859375 0.0140625
4 0.11953125 0.81171875 0.00625 0.0140625
4 0.3453125 0.55390625 0.00703125 0.01015625
4 0.3546875 0.54296875 0.009375 0.0109375
4 0.35625 0.53046875 0.009375 0.01171875
4 0.36484375 0.52109375 0.0109375 0.01875
4 0.38671875 0.5390625 0.00859375 0.01640625
4 0.37578125 0.5109375 0.01015625 0.01328125
4 0.38203125 0.49609375 0.01015625 0.01484375
4 0.39296875 0.4984375 0.01015625 0.01640625
4 0.390625 0.48125 0.0109375 0.02109375
4 0.41328125 0.4859375 0.0140625 0.01640625
4 0.415625 0.459375 0.00859375 0.015625
4 0.43515625 0.5359375 0.00703125 0.01328125
4 0.4453125 0.47109375 0.01015625 0.015625
4 0.44453125 0.4453125 0.009375 0.0140625
4 0.4328125 0.44296875 0.009375 0.021875
4 0.465625 0.4328125 0.0109375 0.01875
4 0.48125 0.440625 0.01171875 0.01796875
4 0.41328125 0.40625 0.01484375 0.01640625
4 0.4328125 0.21640625 0.00859375 0.01328125
4 0.275 0.14609375 0.01015625 0.015625
4 0.371875 0.07578125 0.009375 0.0109375
4 0.3734375 0.1109375 0.009375 0.015625
4 0.39375 0.13984375 0.009375 0.01015625
4 0.396875 0.1265625 0.009375 0.009375
4 0.40390625 0.13671875 0.00703125 0.0140625
4 0.41015625 0.12890625 0.009375 0.01015625
4 0.40546875 0.14375 0.01171875 0.0109375
4 0.409375 0.1484375 0.01171875 0.01328125
4 0.41171875 0.15859375 0.01015625 0.01015625
4 0.41953125 0.14921875 0.00859375 0.01171875
4 0.42265625 0.15546875 0.009375 0.01171875
4 0.41953125 0.16875 0.00625 0.01640625
4 0.57578125 0.465625 0.009375 0.015625
4 0.61796875 0.48359375 0.015625 0.01640625
4 0.75234375 0.2140625 0.00703125 0.015625
4 0.815625 0.15078125 0.00703125 0.01015625
4 0.86875 0.1 0.009375 0.0109375
4 0.928125 0.04140625 0.009375 0.01875
2 0.87421875 0.0765625 0.01796875 0.0296875
4 0.746875 0.3203125 0.01015625 0.01640625
4 0.728125 0.3640625 0.009375 0.01015625
4 0.73203125 0.36796875 0.00859375 0.0109375
4 0.7234375 0.3734375 0.00703125 0.00859375
4 0.7140625 0.38125 0.00859375 0.01171875
4 0.7203125 0.38359375 0.009375 0.015625
4 0.69921875 0.3890625 0.00859375 0.01484375
4 0.6984375 0.3984375 0.00859375 0.0140625
4 0.6921875 0.40390625 0.00703125 0.01484375
4 0.68359375 0.41328125 0.009375 0.01484375
4 0.6859375 0.4171875 0.01328125 0.00859375
4 0.67578125 0.453125 0.00859375 0.01484375
4 0.64453125 0.52109375 0.0109375 0.01953125
4 0.646875 0.546875 0.0140625 0.0203125
4 0.678125 0.51640625 0.00625 0.01953125
4 0.75390625 0.65390625 0.01015625 0.01796875
4 0.815625 0.72890625 0.0109375 0.0140625
4 0.8203125 0.70859375 0.003125 0.0140625
4 0.82421875 0.7125 0.00390625 0.0140625
4 0.83671875 0.72421875 0.003125 0.01484375
4 0.84296875 0.73671875 0.0046875 0.01171875
4 0.84765625 0.73359375 0.0046875 0.01171875
4 0.853125 0.73671875 0.00625 0.01484375
4 0.871875 0.79296875 0.009375 0.01171875
4 0.878125 0.80390625 0.0109375 0.0140625
4 0.89140625 0.80390625 0.009375 0.0109375
4 0.9140625 0.7859375 0.00859375 0.02109375
4 0.9265625 0.8109375 0.00625 0.01953125
4 0.81796875 0.878125 0.009375 0.01328125
4 0.72578125 0.76328125 0.01171875 0.015625
4 0.721875 0.73359375 0.0109375 0.02109375
4 0.7046875 0.76171875 0.0109375 0.01796875
4 0.6984375 0.77421875 0.009375 0.0109375
4 0.6890625 0.7015625 0.009375 0.0140625
4 0.684375 0.72421875 0.00859375 0.0109375
4 0.6796875 0.73046875 0.01015625 0.01484375
4 0.6734375 0.73671875 0.01171875 0.02109375
4 0.57421875 0.678125 0.01171875 0.01328125
4 0.34375 0.95859375 0.0109375 0.015625
0 0.07265625 0.946875 0.01484375 0.021875
0 0.08046875 0.95078125 0.01171875 0.021875
0 0.09375 0.928125 0.01328125 0.01875
0 0.10078125 0.91328125 0.0140625 0.0203125
0 0.13125 0.89375 0.0140625 0.01875
0 0.11328125 0.859375 0.0140625 0.01875
0 0.13125 0.85546875 0.0109375 0.021875
0 0.2015625 0.79140625 0.01328125 0.0234375
0 0.2015625 0.746875 0.01171875 0.01953125
0 0.209375 0.73125 0.01171875 0.01796875
0 0.21875 0.7140625 0.0109375 0.01875
0 0.228125 0.70625 0.01171875 0.0203125
0 0.23828125 0.69296875 0.01171875 0.021875
0 0.240625 0.71640625 0.01328125 0.01875
0 0.26328125 0.6734375 0.01328125 0.01796875
0 0.31640625 0.609375 0.009375 0.01796875
0 0.39296875 0.9125 0.01484375 0.02421875
0 0.3484375 0.44140625 0.01015625 0.025
0 0.4140625 0.1953125 0.01328125 0.01875
0 0.42578125 0.303125 0.01171875 0.02109375
0 0.60703125 0.28359375 0.01015625 0.02109375
0 0.6046875 0.253125 0.01171875 0.01953125
0 0.678125 0.29375 0.01015625 0.0234375
0 0.7109375 0.26796875 0.0140625 0.01953125
0 0.8984375 0.18671875 0.0140625 0.02421875
0 0.69921875 0.37109375 0.015625 0.0203125
0 0.6765625 0.43125 0.01171875 0.01875
0 0.66875 0.4296875 0.01484375 0.0234375
0 0.7609375 0.6453125 0.0109375 0.01640625
0 0.84609375 0.7734375 0.01484375 0.015625
0 0.8765625 0.75859375 0.01015625 0.0234375
0 0.90078125 0.7625 0.01171875 0.02421875
0 0.88203125 0.8171875 0.01328125 0.0203125
0 0.79375 0.8296875 0.01484375 0.02109375
0 0.69296875 0.7140625 0.0140625 0.01484375
3 0.34140625 0.03671875 0.02890625 0.05625
3 0.22734375 0.734375 0.01796875 0.0265625
3 0.83125 0.90625 0.021875 0.034375
1 0.34921875 0.58671875 0.04921875 0.06640625
1 0.32890625 0.64375 0.04375 0.0640625
1 0.3265625 0.721875 0.04296875 0.04609375
1 0.77265625 0.78046875 0.0546875 0.053125
1 0.75390625 0.79453125 0.05 0.0484375
1 0.97578125 0.915625 0.04375 0.06328125
1 0.44296875 0.2484375 0.0390625 0.06875
6 0.16171875 0.84296875 0.0390625 0.06328125