6 0.34296875 0.678125 0.02578125 0.04296875
2 0.634375 0.33671875 0.01796875 0.034375
1 0.61796875 0.7984375 0.04453125 0.09140625
2 0.403125 0.5796875 0.01953125 0.02890625
0 0.33515625 0.5234375 0.01484375 0.01875
2 0.18046875 0.7921875 0.01640625 0.03046875
4 0.3859375 0.59296875 0.00859375 0.01328125
0 0.2265625 0.69296875 0.0140625 0.0203125
2 0.3171875 0.71875 0.01953125 0.03125
2 0.665625 0.2734375 0.01796875 0.0296875
4 0.3640625 0.621875 0.00859375 0.01484375
2 0.365625 0.64453125 0.02109375 0.03046875
2 0.61328125 0.41875 0.01953125 0.03671875
2 0.56953125 0.70546875 0.01796875 0.0296875
2 0.55703125 0.72890625 0.01796875 0.03359375
2 0.584375 0.740625 0.01875 0.0359375
2 0.553125 0.696875 0.01328125 0.03125
2 0.58046875 0.7703125 0.01953125 0.03671875
4 0.596875 0.77890625 0.009375 0.01953125
1 0.5734375 0.67578125 0.03359375 0.07890625
2 0.74375 0.93203125 0.02109375 0.03828125
2 0.721875 0.8640625 0.02109375 0.0234375
4 0.54921875 0.65859375 0.00859375 0.01796875
4 0.53984375 0.66484375 0.00625 0.0140625
4 0.54140625 0.68828125 0.00859375 0.01640625
4 0.5421875 0.709375 0.01015625 0.01171875
4 0.52578125 0.68828125 0.00703125 0.015625
4 0.54609375 0.70234375 0.00859375 0.01796875
4 0.53359375 0.6734375 0.00859375 0.01640625
4 0.54140625 0.71953125 0.00703125 0.01640625
4 0.534375 0.70703125 0.00703125 0.01484375
2 0.7078125 0.21953125 0.01796875 0.03125
2 0.834375 0.1296875 0.0265625 0.03828125
2 0.72578125 0.02109375 0.01875 0.03203125
0 0.68046875 0.07265625 0.0140625 0.02421875
0 0.66640625 0.084375 0.01171875 0.02421875
2 0.196875 0.90625 0.0203125 0.0359375
2 0.23203125 0.84609375 0.01875 0.03125
2 0.25546875 0.815625 0.025 0.03984375
2 0.19296875 0.684375 0.0203125 0.03515625
2 0.296875 0.74375 0.0203125 0.03359375
2 0.278125 0.78046875 0.02109375 0.03125
2 0.384375 0.615625 0.01875 0.028125
4 0.37578125 0.603125 0.00703125 0.01484375
0 0.35859375 0.30234375 0.0140625 0.0234375
2 0.21484375 0.8671875 0.01796875 0.03046875
2 0.46875 0.4140625 0.0140625 0.03671875
4 0.39296875 0.578125 0.009375 0.0140625
5 0.6359375 0.38984375 0.02109375 0.03671875
2 0.559375 0.7609375 0.01640625 0.03203125
2 0.2359375 0.51796875 0.015625 0.03515625
4 0.371875 0.621875 0.00546875 0.01171875
2 0.1734375 0.93125 0.01953125 0.03359375
2 0.653125 0.33671875 0.01953125 0.034375
2 0.61328125 0.38203125 0.01875 0.03203125
4 0.53203125 0.68515625 0.01015625 0.01796875
0 0.6359375 0.3640625 0.01171875 0.01796875
4 0.609375 0.4515625 0.009375 0.01484375
4 0.63125 0.41953125 0.009375 0.01796875
4 0.6015625 0.44609375 0.00859375 0.02109375
4 0.74453125 0.0390625 0.00859375 0.0234375
2 0.16328125 0.9671875 0.0203125 0.03671875
2 0.39296875 0.6609375 0.01953125 0.03828125
2 0.65078125 0.30390625 0.01875 0.034375
2 0.6078125 0.809375 0.01796875 0.0359375
4 0.5953125 0.7125 0.00859375 0.01484375
4 0.58828125 0.76484375 0.00546875 0.0109375
2 0.43046875 0.5890625 0.01953125 0.03125
2 0.66796875 0.3078125 0.01796875 0.03046875
2 0.35859375 0.6109375 0.01875 0.034375
2 0.240625 0.7984375 0.021875 0.03359375
4 0.34765625 0.653125 0.00859375 0.01640625
4 0.35703125 0.640625 0.009375 0.0109375
2 0.740625 0.21640625 0.0203125 0.03515625
2 0.71796875 0.18515625 0.015625 0.02890625
1 0.703125 0.29921875 0.0484375 0.08984375
2 0.734375 0.16015625 0.01796875 0.034375
4 0.6234375 0.45625 0.00703125 0.01328125
4 0.634375 0.4421875 0.00703125 0.0140625
4 0.62890625 0.46953125 0.00703125 0.01171875
0 0.753125 0.1546875 0.01328125 0.02421875
0 0.72890625 0.2546875 0.01171875 0.02109375
2 0.45703125 0.56328125 0.01640625 0.0359375
2 0.72578125 0.20625 0.01875 0.02890625
4 0.68046875 0.2359375 0.00703125 0.015625
6 0.62578125 0.865625 0.0296875 0.05546875
2 0.65 0.903125 0.01875 0.03125
2 0.29921875 0.70390625 0.01875 0.02890625
2 0.14296875 0.984375 0.01875 0.0296875
4 0.3359375 0.66328125 0.00703125 0.015625
2 0.39921875 0.365625 0.01640625 0.034375
4 0.621875 0.83203125 0.00625 0.01171875
4 0.36953125 0.60390625 0.00625 0.01015625
4 0.6171875 0.49453125 0.00859375 0.015625
2 0.74375 0.18515625 0.0203125 0.028125
4 0.40546875 0.55625 0.00703125 0.01015625
2 0.29609375 0.80625 0.01875 0.0359375
0 0.72578125 0.23828125 0.009375 0.02109375
2 0.665625 0.8984375 0.0203125 0.03671875
2 0.64921875 0.85703125 0.01640625 0.03203125
4 0.6015625 0.72890625 0.00859375 0.0140625
4 0.61953125 0.509375 0.00703125 0.01171875
4 0.63671875 0.45859375 0.00625 0.01484375
4 0.61953125 0.47890625 0.00703125 0.01171875
2 0.1671875 0.73203125 0.01875 0.03828125
2 0.24609375 0.88828125 0.01875 0.03125
4 0.34296875 0.60859375 0.00703125 0.0203125
4 0.37109375 0.57421875 0.00859375 0.01875
0 0.765625 0.1734375 0.01171875 0.021875
4 0.46796875 0.45859375 0.009375 0.01484375
2 0.33359375 0.03359375 0.01953125 0.0390625
2 0.2125 0.83828125 0.01875 0.03515625
2 0.17734375 0.98515625 0.01875 0.0296875
2 0.390625 0.5484375 0.0203125 0.03046875
4 0.33203125 0.63125 0.00859375 0.01640625
4 0.315625 0.6609375 0.009375 0.01328125
2 0.6390625 0.209375 0.021875 0.02578125
0 0.7671875 0.1421875 0.015625 0.01875
1 0.43125 0.13046875 0.04140625 0.06484375
2 0.4078125 0.5125 0.01875 0.04140625
4 0.40859375 0.4625 0.00859375 0.021875
4 0.403125 0.428125 0.01015625 0.0203125
4 0.28046875 0.85859375 0.01171875 0.015625
4 0.26640625 0.89453125 0.009375 0.015625
4 0.215625 0.94375 0.01015625 0.0234375
4 0.234375 0.934375 0.00859375 0.015625
2 0.2734375 0.74140625 0.01875 0.03125
4 0.31640625 0.67890625 0.00859375 0.0140625
4 0.31953125 0.696875 0.0109375 0.01796875
4 0.37578125 0.29453125 0.00859375 0.021875
4 0.36171875 0.27109375 0.00703125 0.02109375
2 0.746875 0.08984375 0.0203125 0.03515625
0 0.81328125 0.1203125 0.01328125 0.02890625
4 0.628125 0.43984375 0.0046875 0.0109375
4 0.61328125 0.465625 0.00625 0.009375
4 0.60703125 0.50234375 0.009375 0.0140625
4 0.69453125 0.22109375 0.00703125 0.01328125
4 0.76328125 0.19453125 0.00703125 0.01328125