2 0.7265625 0.41953125 0.02109375 0.01953125
2 0.71328125 0.38828125 0.01875 0.0203125
2 0.68046875 0.39921875 0.02109375 0.01875
2 0.67890625 0.41875 0.01953125 0.01796875
2 0.6484375 0.41796875 0.01640625 0.021875
2 0.65546875 0.43671875 0.015625 0.021875
2 0.6140625 0.51171875 0.01640625 0.03671875
2 0.5921875 0.56953125 0.01484375 0.03125
2 0.56796875 0.57734375 0.01171875 0.034375
2 0.58046875 0.63671875 0.0140625 0.03125
2 0.590625 0.60625 0.01015625 0.0296875
2 0.63359375 0.665625 0.01484375 0.0296875
2 0.503125 0.446875 0.01796875 0.01953125
2 0.49765625 0.4125 0.01875 0.015625
0 0.5671875 0.37578125 0.01328125 0.01640625
0 0.75859375 0.4984375 0.0140625 0.01171875
0 0.74453125 0.5546875 0.01171875 0.01328125
0 0.73359375 0.5609375 0.01328125 0.0109375
0 0.74296875 0.56875 0.01328125 0.01171875
0 0.78984375 0.5421875 0.01171875 0.0109375
0 0.815625 0.5546875 0.01171875 0.0140625
0 0.815625 0.52109375 0.0140625 0.01015625
0 0.6828125 0.56640625 0.01328125 0.0109375
0 0.6984375 0.53125 0.01171875 0.01171875
0 0.7078125 0.50703125 0.01171875 0.01171875
0 0.57734375 0.60546875 0.00859375 0.0203125
0 0.62578125 0.83671875 0.00859375 0.0203125
0 0.48203125 0.45546875 0.01171875 0.0109375
0 0.4765625 0.44375 0.01171875 0.01171875
0 0.46875 0.45546875 0.01171875 0.01328125
0 0.4734375 0.39765625 0.0140625 0.0109375
0 0.1546875 0.4125 0.015625 0.0140625
4 0.1109375 0.440625 0.01171875 0.0109375
4 0.06328125 0.43203125 0.01328125 0.00859375
4 0.07109375 0.43984375 0.01328125 0.00703125
4 0.07890625 0.4484375 0.01328125 0.00859375
4 0.103125 0.4484375 0.0140625 0.0109375
4 0.13828125 0.465625 0.01171875 0.01171875
4 0.1484375 0.4484375 0.01015625 0.01015625
4 0.140625 0.43515625 0.009375 0.00703125
4 0.034375 0.42578125 0.015625 0.009375
4 0.03828125 0.4359375 0.0109375 0.009375
4 0.00546875 0.45234375 0.0109375 0.01171875
4 0.26640625 0.434375 0.01171875 0.009375
4 0.31953125 0.43984375 0.00859375 0.009375
4 0.32109375 0.41953125 0.0109375 0.01015625
4 0.35859375 0.44765625 0.009375 0.01015625
4 0.3734375 0.42890625 0.0140625 0.01015625
4 0.41484375 0.42734375 0.009375 0.009375
4 0.48671875 0.4359375 0.00859375 0.00703125
4 0.46953125 0.40703125 0.01015625 0.009375
4 0.51640625 0.3828125 0.01171875 0.00859375
4 0.5015625 0.40078125 0.009375 0.00625
4 0.6875 0.52734375 0.00703125 0.00703125
4 0.68046875 0.53828125 0.01015625 0.00703125
4 0.69453125 0.5609375 0.009375 0.00625
4 0.70546875 0.559375 0.009375 0.00625
4 0.709375 0.5640625 0.00859375 0.00703125
4 0.74609375 0.51953125 0.009375 0.009375
4 0.7359375 0.521875 0.00859375 0.00703125
2 0.58203125 0.7984375 0.009375 0.03359375
2 0.72109375 0.5109375 0.01484375 0.01171875
2 0.74140625 0.50546875 0.01640625 0.01328125
2 0.76171875 0.5125 0.01796875 0.0109375
2 0.77578125 0.54609375 0.0203125 0.01640625
2 0.7609375 0.565625 0.01796875 0.01484375
2 0.71875 0.5734375 0.01953125 0.01484375
2 0.696875 0.5765625 0.01640625 0.015625
2 0.69609375 0.5453125 0.01640625 0.0140625
2 0.69375 0.51640625 0.015625 0.01171875
2 0.740625 0.50546875 0.0203125 0.01484375
2 0.72421875 0.52734375 0.01953125 0.0140625
2 0.7453125 0.53046875 0.015625 0.01171875
2 0.83671875 0.5390625 0.01796875 0.01640625
2 0.84453125 0.509375 0.01875 0.01640625
2 0.87109375 0.48828125 0.01640625 0.01484375
2 0.88359375 0.528125 0.0203125 0.015625
2 0.8046875 0.49296875 0.0234375 0.015625
2 0.8234375 0.5078125 0.01875 0.015625
2 0.840625 0.490625 0.02109375 0.01171875
2 0.93125 0.51328125 0.01953125 0.01953125
2 0.9078125 0.52734375 0.01640625 0.01484375
2 0.9796875 0.48125 0.02109375 0.021875
2 0.959375 0.50546875 0.01640625 0.01796875
4 0.94375 0.4953125 0.01328125 0.009375
4 0.94296875 0.52421875 0.01015625 0.00859375
4 0.95078125 0.51640625 0.01171875 0.00859375
4 0.81875 0.5359375 0.01015625 0.009375
0 0.86171875 0.534375 0.0140625 0.01328125
0 0.65703125 0.371875 0.0140625 0.01484375
2 0.434375 0.44375 0.01875 0.01640625
2 0.39140625 0.41953125 0.01640625 0.01640625
2 0.33671875 0.44453125 0.01953125 0.0140625
2 0.47890625 0.42421875 0.01796875 0.01484375
1 0.384375 0.49921875 0.0390625 0.02421875
2 0.30390625 0.46171875 0.01875 0.01640625
2 0.225 0.4515625 0.0203125 0.015625
2 0.24609375 0.4734375 0.01875 0.015625
2 0.196875 0.31171875 0.01015625 0.03125
4 0.215625 0.20078125 0.00703125 0.01796875
4 0.225 0.14140625 0.00703125 0.01640625
4 0.2203125 0.10625 0.00625 0.01875
4 0.21875 0.24609375 0.00546875 0.015625
4 0.18515625 0.3890625 0.00625 0.01328125
4 0.175 0.40390625 0.01015625 0.01015625
4 0.23828125 0.4015625 0.009375 0.01484375
4 0.19296875 0.33984375 0.00703125 0.01640625
4 0.29296875 0.6 0.009375 0.0109375
4 0.4140625 0.58359375 0.0109375 0.00625
4 0.696875 0.378125 0.00859375 0.0109375
2 0.74609375 0.384375 0.01796875 0.01953125
2 0.77578125 0.396875 0.01953125 0.021875
2 0.81171875 0.38671875 0.0203125 0.01953125
2 0.83203125 0.40625 0.01875 0.0203125
2 0.87578125 0.39453125 0.0203125 0.01953125
2 0.828125 0.33984375 0.021875 0.01875
2 0.7828125 0.33125 0.01171875 0.025
2 0.928125 0.38046875 0.02421875 0.01484375
2 0.975 0.3375 0.02109375 0.01640625
2 0.96875 0.38203125 0.0203125 0.0140625
2 0.9296875 0.3421875 0.01796875 0.01640625
2 0.98984375 0.50703125 0.0203125 0.01953125
2 0.803125 0.5515625 0.01875 0.01953125
2 0.80078125 0.5125 0.01640625 0.01484375
2 0.78046875 0.5015625 0.01640625 0.01484375
3 0.77109375 0.5265625 0.0203125 0.01953125
3 0.79296875 0.528125 0.021875 0.0140625
4 0.7296875 0.5421875 0.00859375 0.00859375
4 0.703125 0.52265625 0.00859375 0.00859375
4 0.70859375 0.5296875 0.00859375 0.00703125
4 0.7484375 0.54140625 0.00703125 0.00546875
4 0.7546875 0.55234375 0.00859375 0.00703125
4 0.684375 0.5546875 0.00859375 0.009375
4 0.678125 0.55625 0.00859375 0.00859375
4 0.69140625 0.56875 0.00859375 0.00546875
2 0.04140625 0.571875 0.01796875 0.01484375
0 0.240625 0.3 0.00703125 0.01640625
4 0.634375 0.38203125 0.00859375 0.01015625
4 0.68671875 0.43125 0.00859375 0.0046875
4 0.71484375 0.5390625 0.00859375 0.00703125
4 0.75546875 0.54453125 0.00859375 0.00625
4 0.72890625 0.5546875 0.009375 0.00703125
4 0.71171875 0.5453125 0.00859375 0.0046875
4 0.87109375 0.55625 0.009375 0.00859375
4 0.8390625 0.37578125 0.0109375 0.009375
0 0.83515625 0.3609375 0.01171875 0.01328125