0 0.3515625 0.51640625 0.01171875 0.01640625
2 0.21015625 0.75625 0.01640625 0.03046875
0 0.25234375 0.66484375 0.0140625 0.0203125
2 0.3265625 0.68828125 0.01875 0.03125
4 0.37421875 0.6109375 0.00859375 0.01484375
0 0.6546875 0.14296875 0.01171875 0.02421875
2 0.215625 0.86875 0.01875 0.03125
2 0.22109375 0.66171875 0.0203125 0.03515625
4 0.37109375 0.57109375 0.00703125 0.01484375
2 0.26328125 0.50546875 0.015625 0.03515625
4 0.38046875 0.59296875 0.00546875 0.01171875
2 0.17578125 0.9265625 0.01953125 0.03359375
2 0.64609375 0.321875 0.01640625 0.0296875
2 0.6828125 0.259375 0.0203125 0.03125
2 0.1953125 0.90078125 0.01640625 0.03046875
2 0.66328125 0.29296875 0.01796875 0.03046875
4 0.38671875 0.58203125 0.00546875 0.01015625
2 0.1578125 0.953125 0.01875 0.0296875
4 0.39296875 0.5734375 0.00703125 0.01171875
2 0.19921875 0.696875 0.01953125 0.03359375
4 0.6515625 0.35 0.00703125 0.01171875
4 0.66015625 0.34375 0.00859375 0.01171875
2 0.27890625 0.7765625 0.01875 0.0359375
4 0.36484375 0.58671875 0.00703125 0.01640625
0 0.66796875 0.13046875 0.01171875 0.01796875
2 0.41171875 0.36328125 0.01640625 0.0359375
4 0.3328125 0.6328125 0.009375 0.0109375
4 0.36796875 0.62578125 0.00546875 0.0109375
4 0.346875 0.63046875 0.00703125 0.01484375
2 0.1421875 0.98125 0.01640625 0.028125
2 0.47265625 0.46796875 0.01171875 0.03515625
2 0.19296875 0.87890625 0.01875 0.03125
4 0.22578125 0.8390625 0.00703125 0.01484375
2 0.2390625 0.834375 0.01953125 0.03203125
2 0.3015625 0.69609375 0.01796875 0.02890625
4 0.240625 0.8140625 0.009375 0.01171875
4 0.2328125 0.825 0.00859375 0.0109375
2 0.26328125 0.803125 0.01875 0.03203125
4 0.3484375 0.6515625 0.00703125 0.0109375
2 0.38671875 0.56171875 0.0203125 0.028125
2 0.4140625 0.56953125 0.01796875 0.02890625
2 0.44296875 0.59609375 0.01796875 0.028125
2 0.34609375 0.66875 0.01796875 0.03046875
2 0.3609375 0.64453125 0.01796875 0.025
2 0.378125 0.62109375 0.015625 0.02421875
2 0.39375 0.59453125 0.01796875 0.02890625
6 0.6140625 0.84375 0.02578125 0.05703125
2 0.6265625 0.815625 0.01328125 0.02578125
2 0.61328125 0.778125 0.01484375 0.03359375
2 0.61328125 0.81484375 0.01484375 0.03203125
2 0.596875 0.79296875 0.01640625 0.034375
2 0.59296875 0.74921875 0.01328125 0.02421875
2 0.56796875 0.66640625 0.01640625 0.034375
2 0.5734375 0.71875 0.0140625 0.028125
0 0.571875 0.76171875 0.009375 0.0203125
0 0.565625 0.76796875 0.01015625 0.021875
0 0.54921875 0.74296875 0.0109375 0.02109375
2 0.553125 0.7234375 0.01640625 0.03203125
4 0.54296875 0.7390625 0.00625 0.0109375
4 0.53671875 0.7359375 0.00546875 0.0140625
2 0.53359375 0.6796875 0.01484375 0.02890625
4 0.534375 0.7234375 0.00546875 0.0140625
4 0.53046875 0.70703125 0.00625 0.01328125
4 0.509375 0.6765625 0.00859375 0.015625
4 0.5234375 0.6859375 0.00546875 0.01328125
0 0.56328125 0.671875 0.009375 0.01953125
0 0.55078125 0.70078125 0.0109375 0.01875
2 0.5515625 0.64140625 0.01484375 0.03515625
2 0.584375 0.71328125 0.01328125 0.02890625
4 0.54296875 0.6484375 0.00859375 0.0140625
2 0.64375 0.7265625 0.01796875 0.03203125
1 0.625 0.3703125 0.04140625 0.078125
4 0.69375 0.3171875 0.00703125 0.01171875
2 0.70859375 0.08046875 0.01875 0.03203125
2 0.70078125 0.22890625 0.01640625 0.025
2 0.71328125 0.2421875 0.015625 0.02578125
2 0.71171875 0.2765625 0.01796875 0.02421875
2 0.69375 0.29140625 0.01640625 0.0234375
2 0.6765625 0.32109375 0.0140625 0.0234375
2 0.66171875 0.31875 0.01640625 0.03125
2 0.6140625 0.4234375 0.01796875 0.02890625
0 0.61796875 0.44140625 0.01328125 0.01953125
2 0.59296875 0.43046875 0.0140625 0.0234375
2 0.59765625 0.4484375 0.0140625 0.02578125
2 0.60390625 0.46328125 0.0140625 0.02578125
4 0.61953125 0.5296875 0.00859375 0.01328125
2 0.45703125 0.55859375 0.01875 0.03046875
4 0.38203125 0.60390625 0.00546875 0.00859375
2 0.33046875 0.64921875 0.01796875 0.02890625
2 0.44296875 0.55703125 0.015625 0.03046875
2 0.46484375 0.51015625 0.0140625 0.03203125
2 0.41015625 0.2390625 0.01640625 0.03359375
5 0.484375 0.39921875 0.021875 0.04453125
2 0.82734375 0.06953125 0.021875 0.02890625
4 0.62421875 0.46875 0.00859375 0.01171875
0 0.6078125 0.49375 0.01171875 0.01953125
4 0.62421875 0.49453125 0.00859375 0.01328125
4 0.61953125 0.5125 0.00859375 0.0140625
4 0.56328125 0.74296875 0.00703125 0.015625
2 0.1453125 0.93671875 0.01875 0.03203125
2 0.23671875 0.9109375 0.01640625 0.034375
2 0.309375 0.72109375 0.01796875 0.03203125
2 0.2828125 0.81640625 0.01796875 0.03046875
4 0.309375 0.671875 0.00859375 0.01015625
2 0.3859375 0.65703125 0.01640625 0.02890625
2 0.409375 0.64921875 0.01640625 0.03359375
2 0.425 0.59296875 0.01796875 0.0234375
2 0.48046875 0.5265625 0.01640625 0.0359375
4 0.66953125 0.34921875 0.00859375 0.01328125
4 0.68828125 0.3265625 0.00546875 0.01171875
4 0.67578125 0.33984375 0.00625 0.0140625
2 0.78359375 0.2015625 0.02109375 0.03515625
2 0.728125 0.1921875 0.02109375 0.028125
2 0.73203125 0.209375 0.01796875 0.02421875
2 0.75078125 0.18984375 0.01953125 0.025
2 0.75390625 0.209375 0.01796875 0.028125
2 0.75 0.16640625 0.01640625 0.0265625
2 0.76171875 0.13359375 0.01640625 0.02890625
4 0.38046875 0.13203125 0.01015625 0.01640625
4 0.36640625 0.10390625 0.00859375 0.02109375
2 0.48828125 0.46796875 0.01328125 0.040625
2 0.4546875 0.3140625 0.015625 0.03515625
2 0.46328125 0.3640625 0.01484375 0.03671875
2 0.20703125 0.93125 0.01796875 0.02890625
4 0.2640625 0.78046875 0.00703125 0.01171875
4 0.24609375 0.80546875 0.00703125 0.01328125
4 0.32578125 0.70859375 0.00703125 0.0140625
2 0.771875 0.175 0.01875 0.03203125
2 0.77890625 0.1359375 0.01640625 0.02421875
2 0.646875 0.86875 0.01796875 0.03359375
2 0.66484375 0.8984375 0.021875 0.04296875
2 0.7171875 0.8984375 0.0203125 0.034375
0 0.653125 0.91171875 0.01171875 0.025
2 0.28359375 0.06796875 0.01484375 0.03359375
2 0.32578125 0.0421875 0.01640625 0.0390625
2 0.38828125 0.26953125 0.01484375 0.03671875
2 0.4078125 0.5546875 0.01640625 0.03046875
4 0.340625 0.68984375 0.00703125 0.0109375
2 0.28984375 0.746875 0.01796875 0.03046875
2 0.2484375 0.7796875 0.01640625 0.0296875
2 0.70625 0.15078125 0.0203125 0.03359375
4 0.64609375 0.5015625 0.00703125 0.02109375
4 0.653125 0.21796875 0.01171875 0.01875
4 0.41328125 0.44296875 0.00859375 0.01640625
4 0.41484375 0.48515625 0.00703125 0.01640625
4 0.45390625 0.51640625 0.00703125 0.01796875
4 0.41875 0.503125 0.00859375 0.015625
4 0.41015625 0.50703125 0.00703125 0.01953125
2 0.21953125 0.821875 0.01484375 0.02578125
4 0.19921875 0.85078125 0.00625 0.01796875
4 0.18203125 0.87578125 0.00859375 0.01953125
4 0.17265625 0.89453125 0.009375 0.01875
4 0.1640625 0.9265625 0.00703125 0.01484375
4 0.34453125 0.64296875 0.00703125 0.01171875
4 0.3578125 0.6203125 0.0046875 0.01015625
4 0.36171875 0.62578125 0.00546875 0.0109375
4 0.421875 0.61875 0.00859375 0.015625
4 0.40859375 0.628125 0.00859375 0.01484375
4 0.5328125 0.64765625 0.00859375 0.01796875
4 0.51328125 0.65703125 0.00546875 0.0140625
4 0.5171875 0.67421875 0.00703125 0.01328125
4 0.52421875 0.671875 0.00546875 0.0140625
4 0.515625 0.684375 0.00546875 0.0140625
4 0.5203125 0.69609375 0.00625 0.01484375
4 0.52890625 0.69375 0.0046875 0.01015625
4 0.534375 0.70625 0.00546875 0.0109375
4 0.61328125 0.66953125 0.00625 0.01484375
4 0.621875 0.678125 0.0046875 0.01796875
0 0.64140625 0.7609375 0.009375 0.025
2 0.58046875 0.784375 0.01328125 0.025
0 0.61640625 0.88359375 0.009375 0.0203125
2 0.6375 0.878125 0.0203125 0.03828125
4 0.61328125 0.5265625 0.0046875 0.01171875
4 0.6609375 0.3671875 0.00703125 0.01015625
4 0.6625 0.35703125 0.00703125 0.0109375
1 0.7421875 0.25703125 0.034375 0.0609375
0 0.7828125 0.103125 0.01171875 0.0203125
0 0.76171875 0.0734375 0.0140625 0.02109375
4 0.81484375 0.10859375 0.00859375 0.0203125
4 0.7921875 0.109375 0.00859375 0.01484375
4 0.79296875 0.15625 0.00703125 0.01171875
4 0.79453125 0.165625 0.009375 0.0140625
4 0.59921875 0.76796875 0.00703125 0.015625
4 0.25234375 0.81875 0.00625 0.01171875
2 0.115625 0.97890625 0.01953125 0.028125