0 0.2921875 0.6875 0.01796875 0.01484375
3 0.09140625 0.7515625 0.01953125 0.01640625
0 0.06875 0.66171875 0.01640625 0.01796875
0 0.06953125 0.63984375 0.0109375 0.015625
0 0.26875 0.75078125 0.01875 0.01796875
0 0.2265625 0.59375 0.01875 0.01015625
0 0.2359375 0.56796875 0.0140625 0.01796875
0 0.2671875 0.58125 0.015625 0.01640625
0 0.22421875 0.375 0.0140625 0.01640625
0 0.39296875 0.6453125 0.01875 0.02109375
0 0.1953125 0.71953125 0.015625 0.01484375
0 0.515625 0.40859375 0.01328125 0.01484375
0 0.47421875 0.425 0.0140625 0.01484375
4 0.38203125 0.5125 0.0140625 0.01640625
4 0.45078125 0.51953125 0.00859375 0.01640625
0 0.39609375 0.53125 0.0140625 0.02109375
4 0.46875 0.4375 0.00859375 0.0109375
3 0.47890625 0.61796875 0.01640625 0.0203125
0 0.52890625 0.6140625 0.0140625 0.01875
0 0.771875 0.878125 0.01484375 0.01953125
4 0.78671875 0.70546875 0.015625 0.01875
0 0.74453125 0.840625 0.015625 0.021875
2 0.76171875 0.72109375 0.01640625 0.01875
0 0.97421875 0.909375 0.01640625 0.01875
0 0.62890625 0.59296875 0.01171875 0.01953125
0 0.728125 0.3953125 0.01171875 0.0265625
4 0.703125 0.49921875 0.01015625 0.01796875
0 0.63046875 0.62421875 0.01015625 0.01953125
0 0.6546875 0.53828125 0.009375 0.01640625
0 0.7828125 0.371875 0.01171875 0.0234375
0 0.76015625 0.421875 0.01171875 0.01796875
0 0.7703125 0.41953125 0.01171875 0.02578125
0 0.75390625 0.49609375 0.01171875 0.028125
0 0.61796875 0.271875 0.01171875 0.01796875
3 0.62578125 0.51875 0.01328125 0.02421875
4 0.6984375 0.2109375 0.00859375 0.01640625
4 0.75625 0.15703125 0.01328125 0.02109375
4 0.8328125 0.18984375 0.01328125 0.01953125
4 0.76796875 0.059375 0.01328125 0.01953125
4 0.1390625 0.72109375 0.01328125 0.015625
0 0.284375 0.475 0.01953125 0.0234375
0 0.5359375 0.4125 0.01171875 0.01640625
4 0.1109375 0.13671875 0.01328125 0.02109375
2 0.29296875 0.309375 0.01953125 0.02421875
3 0.478125 0.40703125 0.021875 0.0265625
0 0.52890625 0.35234375 0.01328125 0.01328125
4 0.5921875 0.38125 0.0109375 0.01171875
4 0.4734375 0.44765625 0.01015625 0.01484375
4 0.271875 0.42578125 0.00859375 0.01015625
0 0.51015625 0.4359375 0.01328125 0.01640625
4 0.58359375 0.3625 0.009375 0.0140625
4 0.41328125 0.43359375 0.01171875 0.01328125
4 0.3875 0.43828125 0.0140625 0.01171875
3 0.55078125 0.440625 0.0140625 0.015625
0 0.4828125 0.47578125 0.0109375 0.01484375
4 0.4625 0.546875 0.009375 0.01328125
0 0.55625 0.45703125 0.01171875 0.01484375
0 0.56171875 0.40390625 0.01171875 0.015625
4 0.56796875 0.38515625 0.01171875 0.01484375
4 0.56328125 0.46640625 0.009375 0.0140625
2 0.68203125 0.51640625 0.0203125 0.03359375
4 0.63359375 0.509375 0.01015625 0.01875
4 0.7109375 0.41796875 0.00859375 0.01953125
0 0.60546875 0.58984375 0.0140625 0.01875
0 0.571875 0.66328125 0.01171875 0.01796875
3 0.68359375 0.79296875 0.0234375 0.03359375
4 0.56328125 0.63359375 0.009375 0.0109375
4 0.553125 0.61640625 0.00859375 0.0140625
4 0.4609375 0.63046875 0.009375 0.01640625
3 0.4171875 0.67421875 0.01484375 0.015625
0 0.37578125 0.534375 0.01171875 0.015625
2 0.29296875 0.4234375 0.01796875 0.021875
2 0.21640625 0.409375 0.0203125 0.0296875
3 0.1984375 0.76875 0.01796875 0.015625
0 0.1390625 0.73828125 0.0140625 0.015625
4 0.36875 0.5515625 0.0109375 0.015625
0 0.2984375 0.65625 0.01875 0.01796875
0 0.5109375 0.603125 0.0140625 0.01796875
4 0.48671875 0.434375 0.00859375 0.01875
2 0.7609375 0.72421875 0.0203125 0.025
2 0.73984375 0.71796875 0.01875 0.03125
2 0.7015625 0.61640625 0.02109375 0.03046875
2 0.721875 0.6390625 0.02109375 0.0296875
4 0.7453125 0.69140625 0.01328125 0.0203125
3 0.74296875 0.53515625 0.0109375 0.02578125
4 0.84921875 0.803125 0.01171875 0.015625
4 0.8265625 0.78125 0.00703125 0.01328125
4 0.83515625 0.77109375 0.01171875 0.01484375
4 0.803125 0.7484375 0.01171875 0.01640625
2 0.7859375 0.7640625 0.02421875 0.03046875
4 0.79375 0.7296875 0.00859375 0.01640625
4 0.78046875 0.71796875 0.00859375 0.01171875
2 0.88046875 0.8578125 0.021875 0.03125
2 0.94375 0.9265625 0.0234375 0.04609375
3 0.8203125 0.79140625 0.01796875 0.02109375
4 0.86484375 0.9625 0.01171875 0.0203125
4 0.815625 0.925 0.01171875 0.02421875
4 0.7796875 0.86796875 0.0140625 0.01328125
0 0.540625 0.65546875 0.01171875 0.021875
4 0.765625 0.89609375 0.01171875 0.01484375
3 0.69296875 0.82890625 0.01875 0.0203125
0 0.72734375 0.840625 0.01171875 0.02109375
2 0.546875 0.634375 0.0203125 0.02578125
2 0.2804566421875 0.5416491890625 0.2818647125 0.555832553125 0.301812175 0.539980553125 0.2984401046875 0.525865896875 0.2804566421875 0.5416491890625
2 0.171875 0.1296875 0.0203125 0.02578125
2 0.33203125 0.34296875 0.021875 0.02890625
3 0.5342095687499999 0.5974822546875 0.532768703125 0.611363909375 0.5438510375 0.6195647796875 0.5468543421875001 0.6092211578125 0.5342095687499999 0.5974822546875
4 0.5515625 0.65859375 0.00859375 0.01328125
0 0.5796875 0.69453125 0.01640625 0.025
4 0.6140625 0.7390625 0.0140625 0.01328125
4 0.64140625 0.50546875 0.00859375 0.01328125
4 0.6953125 0.19609375 0.00859375 0.0109375
4 0.5796875 0.34609375 0.00859375 0.01796875
4 0.671875 0.24140625 0.01171875 0.01640625
4 0.834375 0.2125 0.01015625 0.0203125
4 0.72734375 0.42578125 0.01171875 0.0140625
4 0.74453125 0.434375 0.00859375 0.0109375
3 0.63671875 0.559375 0.0140625 0.02109375
0 0.6581386640625 0.5445884015625 0.6517922640625 0.5608836265625 0.655318046875 0.5667331984375 0.6640149671875 0.5537805796875 0.6581386640625 0.5445884015625
4 0.84609375 0.1765625 0.009375 0.01640625
4 0.87421875 0.11953125 0.01015625 0.01796875
4 0.7765625 0.28671875 0.01328125 0.01875
4 0.71640625 0.43125 0.009375 0.01640625
4 0.84140625 0.15390625 0.01328125 0.0203125
4 0.659375 0.28359375 0.00859375 0.015625
2 0.5953125 0.3203125 0.01640625 0.02890625
0 0.12578125 0.16640625 0.01640625 0.021875
0 0.36328125 0.34296875 0.01484375 0.0203125
0 0.1265625 0.1359375 0.01171875 0.01484375
4 0.6015625 0.45625 0.00859375 0.015625
0 0.03359375 0.06015625 0.01328125 0.01875
4 0.06015625 0.09375 0.01171875 0.0234375
4 0.02265625 0.03671875 0.00859375 0.021875
2 0.45078125 0.4265625 0.02109375 0.02890625
2 0.38046875 0.390625 0.021875 0.02578125
2 0.40859375 0.384375 0.01953125 0.02578125
4 0.30703125 0.28671875 0.01015625 0.01328125
0 0.340625 0.3171875 0.0140625 0.02109375
4 0.5296875 0.57109375 0.00859375 0.01640625
4 0.55546875 0.48515625 0.009375 0.0203125
0 0.69921875 0.446875 0.01171875 0.02109375
0 0.70546875 0.4671875 0.01171875 0.02109375
4 0.66171875 0.64296875 0.01171875 0.01953125
0 0.65078125 0.5859375 0.01171875 0.0203125
4 0.665625 0.58203125 0.00625 0.01640625
4 0.6609375 0.596875 0.00859375 0.01328125
4 0.64921875 0.61015625 0.01015625 0.01484375
4 0.63984375 0.60625 0.00859375 0.01640625
4 0.54921875 0.41953125 0.009375 0.01953125
0 0.55625 0.36875 0.015625 0.0234375
4 0.55 0.38828125 0.0109375 0.01796875
4 0.49453125 0.41953125 0.00703125 0.01640625
4 0.5 0.43671875 0.00703125 0.01796875
3 0.421875 0.42421875 0.01796875 0.021875
4 0.178125 0.3140625 0.01015625 0.015625
2 0.19140625 0.3734375 0.01953125 0.021875
4 0.253125 0.3421875 0.01171875 0.021875
2 0.52109375 0.55703125 0.0109375 0.028125
1 0.521875 0.49765625 0.034375 0.09609375
2 0.49609375 0.484375 0.01875 0.0296875
0 0.48125 0.45859375 0.015625 0.0203125
3 0.44296875 0.5796875 0.01640625 0.01953125
3 0.45703125 0.61015625 0.01640625 0.0203125
3 0.59453125 0.509375 0.04296875 0.071875
3 0.57421875 0.44609375 0.02578125 0.046875
1 0.7234375 0.3296875 0.0453125 0.07578125
3 0.59296875 0.6265625 0.0296875 0.03046875
3 0.7203125 0.18984375 0.021875 0.04921875
3 0.22578125 0.246875 0.034375 0.04609375
3 0.86796875 0.78359375 0.0234375 0.05