4 0.0125 0.5640625 0.01328125 0.01640625
4 0.00859375 0.43203125 0.01640625 0.01171875
4 0.02890625 0.43828125 0.01328125 0.0140625
4 0.046875 0.4359375 0.0140625 0.0109375
4 0.046875 0.453125 0.01484375 0.0109375
4 0.0328125 0.5265625 0.009375 0.00625
4 0.05 0.5453125 0.0140625 0.01484375
4 0.01640625 0.4609375 0.0140625 0.01015625
4 0.0234375 0.47421875 0.01328125 0.00625
4 0.1125 0.43671875 0.0140625 0.01171875
4 0.08359375 0.43125 0.0140625 0.01171875
4 0.184375 0.446875 0.02109375 0.009375
4 0.17109375 0.46796875 0.0140625 0.00859375
4 0.196875 0.459375 0.01328125 0.01484375
4 0.228125 0.45546875 0.0109375 0.01171875
4 0.24140625 0.4453125 0.015625 0.01171875
3 0.08515625 0.4625 0.02578125 0.01875
0 0.134375 0.55859375 0.01796875 0.01953125
4 0.1328125 0.54140625 0.00703125 0.0140625
4 0.18984375 0.56796875 0.01015625 0.01640625
4 0.20390625 0.55078125 0.0140625 0.01640625
4 0.26328125 0.53515625 0.01171875 0.00703125
4 0.3953125 0.46328125 0.01484375 0.0203125
4 0.39765625 0.5640625 0.0109375 0.01796875
4 0.48359375 0.54140625 0.01328125 0.01484375
4 0.50625 0.546875 0.0109375 0.009375
4 0.5140625 0.4546875 0.01796875 0.01875
4 0.55 0.4203125 0.01328125 0.01015625
4 0.5515625 0.43203125 0.0109375 0.00546875
4 0.546875 0.44375 0.01171875 0.01171875
4 0.571875 0.45859375 0.01484375 0.01875
0 0.50859375 0.4375 0.015625 0.01640625
0 0.5375 0.45546875 0.0140625 0.01875
2 0.41640625 0.44140625 0.025 0.021875
2 0.434375 0.465625 0.03046875 0.021875
2 0.6046875 0.44453125 0.025 0.01796875
2 0.6296875 0.46171875 0.0234375 0.02109375
2 0.67734375 0.4578125 0.021875 0.01875
0 0.65859375 0.43515625 0.01796875 0.01796875
0 0.6015625 0.559375 0.01796875 0.01953125
4 0.5921875 0.5359375 0.01171875 0.01484375
4 0.6234375 0.525 0.01171875 0.01484375
4 0.64609375 0.52109375 0.0140625 0.00703125
4 0.62890625 0.53828125 0.0140625 0.01328125
4 0.64765625 0.5359375 0.0140625 0.00859375
4 0.6703125 0.521875 0.01171875 0.0140625
4 0.6984375 0.55390625 0.01171875 0.02109375
4 0.74453125 0.5296875 0.009375 0.01171875
4 0.7734375 0.54140625 0.0140625 0.0140625
4 0.7 0.440625 0.01171875 0.0109375
4 0.65078125 0.41953125 0.01328125 0.01171875
4 0.73046875 0.42421875 0.01015625 0.0140625
4 0.75625 0.43671875 0.00859375 0.009375
4 0.8015625 0.415625 0.01171875 0.01171875
4 0.80625 0.43671875 0.01796875 0.01171875
4 0.8015625 0.54140625 0.009375 0.02109375
4 0.83203125 0.52890625 0.01171875 0.0140625
4 0.825 0.55390625 0.01484375 0.01640625
6 0.7390625 0.46484375 0.02890625 0.01953125
4 0.8953125 0.55546875 0.01484375 0.01015625
0 0.86875 0.428125 0.01484375 0.021875
0 0.903125 0.4171875 0.02109375 0.01953125
0 0.94296875 0.5421875 0.02109375 0.0203125
3 0.971875 0.44921875 0.034375 0.02421875
6 0.90546875 0.5234375 0.04609375 0.040625
2 0.9921875 0.52265625 0.015625 0.0265625