0 0.571875 0.378125 0.0140625 0.01640625
0 0.703125 0.53828125 0.01171875 0.0109375
4 0.746875 0.53203125 0.01015625 0.0109375
4 0.68671875 0.5125 0.00859375 0.00703125
4 0.684375 0.54453125 0.01015625 0.00859375
4 0.69140625 0.56484375 0.00859375 0.01171875
4 0.715625 0.55078125 0.00859375 0.00859375
4 0.7140625 0.54296875 0.00859375 0.009375
4 0.6828125 0.5625 0.01015625 0.009375
4 0.58828125 0.5421875 0.0109375 0.01015625
2 0.6984375 0.521875 0.01640625 0.01171875
2 0.70078125 0.55078125 0.0203125 0.0140625
2 0.62421875 0.76875 0.00859375 0.034375
2 0.634375 0.71640625 0.00859375 0.03359375
2 0.61640625 0.70546875 0.00859375 0.0296875
2 0.6234375 0.834375 0.00859375 0.0296875
2 0.62109375 0.89375 0.009375 0.02890625
2 0.57578125 0.81953125 0.00859375 0.03125
2 0.5765625 0.78046875 0.00859375 0.034375
2 0.58828125 0.7859375 0.00859375 0.03359375
2 0.58828125 0.81796875 0.009375 0.03125
2 0.57890625 0.70234375 0.01015625 0.02890625
2 0.57890625 0.73828125 0.00859375 0.0265625
2 0.58828125 0.709375 0.01015625 0.03125
2 0.590625 0.67265625 0.00703125 0.028125
2 0.58828125 0.7515625 0.00859375 0.028125
4 0.61484375 0.9515625 0.00703125 0.01640625
4 0.56796875 0.95625 0.00859375 0.01640625
4 0.61171875 0.92734375 0.00546875 0.01640625
4 0.571875 0.84765625 0.00625 0.01484375
4 0.5671875 0.7234375 0.0046875 0.01640625
4 0.56796875 0.696875 0.00546875 0.01640625
4 0.56875 0.79453125 0.00546875 0.01875
4 0.5609375 0.7140625 0.00546875 0.01875
0 0.58046875 0.6515625 0.00703125 0.02421875
0 0.55859375 0.628125 0.009375 0.021875
4 0.57109375 0.74453125 0.0046875 0.01875
0 0.56796875 0.87578125 0.00859375 0.0234375
2 0.8765625 0.51328125 0.02109375 0.02109375
2 0.93671875 0.3796875 0.0234375 0.01875
2 0.83515625 0.346875 0.0203125 0.01796875
2 0.78828125 0.3390625 0.01015625 0.0296875
2 0.4015625 0.56328125 0.01796875 0.01640625
0 0.16015625 0.40546875 0.01328125 0.015625
4 0.09140625 0.459375 0.01328125 0.01171875
4 0.0875 0.565625 0.0109375 0.0140625
2 0.20390625 0.3078125 0.009375 0.03359375
4 0.67890625 0.43125 0.009375 0.01171875
4 0.94296875 0.50859375 0.01640625 0.0140625
4 0.98125 0.50625 0.01171875 0.0109375
0 0.95546875 0.49140625 0.01796875 0.01875