4 0.78125 0.47890625 0.01875 0.01796875
4 0.73828125 0.54609375 0.015625 0.0140625
4 0.76796875 0.5796875 0.01171875 0.01796875
4 0.884375 0.565625 0.01640625 0.01484375
4 0.91484375 0.5875 0.01484375 0.0234375
4 0.73984375 0.56875 0.0140625 0.015625
4 0.74453125 0.5859375 0.0140625 0.01640625
4 0.70546875 0.62578125 0.0140625 0.01328125
4 0.70390625 0.64921875 0.01015625 0.01328125
2 0.72890625 0.696875 0.01640625 0.05390625
2 0.73046875 0.45859375 0.0296875 0.03046875
2 0.6921875 0.540625 0.0234375 0.03046875
2 0.6234375 0.52578125 0.021875 0.01875
2 0.6234375 0.55 0.021875 0.015625
2 0.64921875 0.55 0.0203125 0.01875
2 0.65 0.56640625 0.01796875 0.01171875
2 0.67421875 0.559375 0.021875 0.01640625
0 0.66953125 0.58359375 0.0140625 0.01484375
0 0.76953125 0.64375 0.00859375 0.0234375
0 0.7875 0.6390625 0.00859375 0.03046875
4 0.7796875 0.653125 0.0046875 0.01875
4 0.68203125 0.57265625 0.009375 0.00859375
4 0.746875 0.42421875 0.00546875 0.02109375
4 0.77109375 0.37578125 0.00546875 0.01875
4 0.76015625 0.38046875 0.00625 0.0203125
4 0.8078125 0.37109375 0.00390625 0.02109375
4 0.796875 0.3765625 0.0046875 0.02109375
4 0.77734375 0.3890625 0.0046875 0.01640625
4 0.825 0.4234375 0.00859375 0.0234375
4 0.79296875 0.42109375 0.00703125 0.01796875
4 0.84375 0.3734375 0.0046875 0.01796875
4 0.83359375 0.3859375 0.00546875 0.01796875
4 0.88046875 0.37890625 0.00625 0.0203125
4 0.8578125 0.37265625 0.00703125 0.015625
4 0.846875 0.4203125 0.00546875 0.01953125
4 0.87421875 0.41640625 0.00546875 0.01640625
4 0.81171875 0.421875 0.0046875 0.0234375
2 0.7046875 0.80625 0.0203125 0.02890625
4 0.73359375 0.64921875 0.01015625 0.015625
4 0.5484375 0.61640625 0.01171875 0.01640625
4 0.53828125 0.6390625 0.01484375 0.01171875
4 0.503125 0.68359375 0.01484375 0.01484375
4 0.4984375 0.7109375 0.01171875 0.01875
4 0.6234375 0.5078125 0.009375 0.00546875
4 0.6140625 0.51328125 0.01015625 0.00859375
4 0.6140625 0.565625 0.00859375 0.009375
4 0.62578125 0.565625 0.00859375 0.01015625
4 0.5796875 0.61796875 0.00546875 0.0203125
4 0.5890625 0.61171875 0.00546875 0.01796875
4 0.4359375 0.865625 0.00703125 0.02109375
4 0.42265625 0.84296875 0.01015625 0.01484375
0 0.34453125 0.79296875 0.0140625 0.0265625
0 0.46953125 0.70234375 0.01015625 0.028125
0 0.45703125 0.71953125 0.009375 0.02578125
0 0.428125 0.75546875 0.00859375 0.03125
0 0.45625 0.75078125 0.01171875 0.01953125
0 0.446875 0.775 0.00859375 0.021875
0 0.4578125 0.77265625 0.01015625 0.02109375
0 0.4421875 0.8015625 0.00859375 0.025
0 0.45390625 0.81015625 0.00703125 0.03203125
0 0.45625 0.85234375 0.01015625 0.03828125
0 0.465625 0.80546875 0.009375 0.03046875
0 0.4296875 0.79453125 0.00703125 0.03125
0 0.4359375 0.7609375 0.00703125 0.0265625
4 0.4375 0.784375 0.00625 0.015625
4 0.46171875 0.69609375 0.00625 0.02109375
4 0.38046875 0.55859375 0.009375 0.01875
4 0.47421875 0.465625 0.009375 0.015625
4 0.4515625 0.46328125 0.01015625 0.0109375
4 0.4296875 0.45703125 0.009375 0.01015625
4 0.45703125 0.475 0.009375 0.009375
4 0.18203125 0.56171875 0.01171875 0.01484375
4 0.1359375 0.58359375 0.00703125 0.01328125
4 0.16015625 0.40859375 0.01015625 0.015625
4 0.0984375 0.41171875 0.01328125 0.01484375
4 0.2234375 0.41171875 0.0109375 0.01484375
4 0.240625 0.46171875 0.01328125 0.01328125
4 0.06640625 0.53359375 0.01171875 0.01328125
0 0.03203125 0.51328125 0.0203125 0.0203125
2 0.0265625 0.540625 0.02578125 0.025
2 0.04921875 0.5546875 0.01796875 0.0203125
2 0.071875 0.55703125 0.0203125 0.02421875
2 0.040625 0.58203125 0.01015625 0.03359375
2 0.053125 0.584375 0.01171875 0.028125
2 0.09375 0.58359375 0.021875 0.01953125
2 0.109375 0.546875 0.0203125 0.0203125
2 0.18046875 0.61640625 0.0203125 0.025
2 0.096875 0.65390625 0.015625 0.02890625
2 0.090625 0.690625 0.0203125 0.03671875
2 0.084375 0.73046875 0.02421875 0.04375
2 0.26328125 0.48125 0.02109375 0.021875
2 0.2859375 0.48671875 0.01875 0.01953125
2 0.334375 0.4890625 0.0234375 0.021875
2 0.34296875 0.45078125 0.025 0.01875
2 0.309375 0.465625 0.02109375 0.01640625
2 0.30859375 0.490625 0.021875 0.0203125
2 0.2828125 0.465625 0.02109375 0.01875
2 0.359375 0.48984375 0.01796875 0.01796875
2 0.39140625 0.48828125 0.01640625 0.021875
0 0.23046875 0.44375 0.01328125 0.01796875
0 0.24453125 0.44296875 0.01015625 0.015625
0 0.2734375 0.44765625 0.0140625 0.0140625
0 0.40078125 0.5125 0.015625 0.01875
0 0.37890625 0.50703125 0.01171875 0.01875
0 0.38046875 0.45546875 0.01171875 0.01484375
0 0.3765625 0.471875 0.01171875 0.01328125
0 0.4734375 0.3140625 0.0140625 0.028125
4 0.40625 0.4515625 0.009375 0.01328125
4 0.3453125 0.4296875 0.01171875 0.01171875
6 0.3015625 0.4390625 0.0453125 0.028125
4 0.365625 0.4453125 0.009375 0.01328125
4 0.36328125 0.4734375 0.009375 0.01328125
4 0.34453125 0.4640625 0.009375 0.00859375
4 0.346875 0.4734375 0.00703125 0.00546875
4 0.36640625 0.45859375 0.00703125 0.00859375
4 0.3921875 0.446875 0.009375 0.009375
4 0.3609375 0.50859375 0.0109375 0.01171875
4 0.37734375 0.48125 0.009375 0.00703125
4 0.39296875 0.45859375 0.009375 0.0109375
4 0.38671875 0.38359375 0.00625 0.03203125
4 0.3984375 0.38125 0.0046875 0.02890625
4 0.40703125 0.38125 0.00546875 0.0265625
4 0.41875 0.378125 0.0046875 0.0265625
4 0.41796875 0.34375 0.0046875 0.01796875
4 0.42734375 0.340625 0.00390625 0.01875
4 0.43359375 0.3265625 0.01015625 0.01015625
4 0.43515625 0.31171875 0.00859375 0.0109375
4 0.43671875 0.365625 0.00859375 0.01640625
4 0.45625 0.28671875 0.009375 0.009375
4 0.446875 0.3015625 0.009375 0.01015625
4 0.4625 0.25 0.009375 0.00859375
4 0.459375 0.26796875 0.009375 0.0109375
4 0.4796875 0.21171875 0.01015625 0.00703125
4 0.4765625 0.22421875 0.01171875 0.00859375
4 0.515625 0.21171875 0.00703125 0.02109375
4 0.5265625 0.07265625 0.00625 0.01953125
2 0.51328125 0.10546875 0.015625 0.0390625
2 0.48828125 0.190625 0.01484375 0.03125
1 0.55625 0.16875 0.03125 0.12421875
6 0.58984375 0.13828125 0.03046875 0.0765625
6 0.5734375 0.215625 0.02578125 0.07421875
6 0.553125 0.30078125 0.040625 0.08515625
0 0.5625 0.32578125 0.01015625 0.02578125
0 0.58203125 0.36953125 0.01015625 0.02890625
0 0.56953125 0.27578125 0.009375 0.02578125
0 0.63828125 0.51171875 0.01328125 0.01640625
4 0.596875 0.3484375 0.009375 0.01015625
4 0.59921875 0.36328125 0.00703125 0.01171875
4 0.60625 0.37734375 0.00546875 0.00859375
4 0.61171875 0.39453125 0.0046875 0.01171875
4 0.60625 0.34921875 0.00703125 0.00859375
2 0.6140625 0.071875 0.0296875 0.0515625