2 0.8734375 0.73515625 0.028125 0.034375
2 0.859375 0.7828125 0.02578125 0.05
2 0.86796875 0.765625 0.02578125 0.04609375
2 0.91640625 0.846875 0.0203125 0.03515625
2 0.93046875 0.8765625 0.02578125 0.05
2 0.94375 0.890625 0.02578125 0.0453125
2 0.9765625 0.93828125 0.02421875 0.05
2 0.98671875 0.95546875 0.02109375 0.0453125
2 0.89453125 0.96171875 0.0296875 0.04453125
2 0.765625 0.89765625 0.0296875 0.0359375
2 0.7984375 0.95390625 0.034375 0.04296875
2 0.80234375 0.6859375 0.02421875 0.04140625
2 0.82578125 0.71796875 0.03046875 0.03359375
2 0.7015625 0.56640625 0.0203125 0.04453125
2 0.73515625 0.60703125 0.02109375 0.0359375
2 0.62109375 0.36640625 0.02421875 0.05
2 0.6015625 0.21640625 0.015625 0.05703125
2 0.7671875 0.31875 0.02578125 0.04609375
2 0.82421875 0.184375 0.01484375 0.05078125
2 0.57109375 0.35703125 0.02578125 0.0359375
2 0.571875 0.315625 0.0234375 0.034375
2 0.61015625 0.403125 0.025 0.04140625
2 0.5078125 0.30625 0.025 0.025
2 0.5234375 0.28671875 0.021875 0.028125
2 0.47578125 0.26484375 0.021875 0.028125
2 0.478125 0.28515625 0.02890625 0.028125
2 0.428125 0.290625 0.0203125 0.04453125
2 0.41796875 0.6984375 0.0296875 0.03828125
2 0.265625 0.52578125 0.01875 0.06015625
2 0.29921875 0.48359375 0.01484375 0.046875
2 0.33828125 0.49140625 0.01953125 0.0515625
2 0.3734375 0.47578125 0.02421875 0.0546875
2 0.41328125 0.35078125 0.02421875 0.04453125
2 0.36171875 0.21875 0.02421875 0.02890625
2 0.32890625 0.184375 0.0296875 0.04921875
2 0.2046875 0.1578125 0.02421875 0.0484375
2 0.275 0.10546875 0.02421875 0.0359375
2 0.32578125 0.07578125 0.01328125 0.05625
2 0.3390625 0.0828125 0.0234375 0.0453125
2 0.35234375 0.090625 0.0296875 0.0453125
2 0.36953125 0.09375 0.025 0.0484375
2 0.36171875 0.5921875 0.025 0.04609375
2 0.25078125 0.7109375 0.02421875 0.046875
2 0.32890625 0.94765625 0.021875 0.03671875
2 0.38671875 0.85703125 0.0234375 0.03203125
4 0.3359375 0.8640625 0.0109375 0.021875
4 0.2890625 0.96875 0.0109375 0.01875
4 0.39296875 0.82421875 0.009375 0.01484375
4 0.42578125 0.80078125 0.01171875 0.01640625
4 0.43828125 0.82578125 0.0109375 0.01953125
4 0.4734375 0.734375 0.01328125 0.01640625
4 0.42578125 0.67734375 0.01640625 0.0265625
4 0.45078125 0.69296875 0.01171875 0.015625
4 0.478125 0.71484375 0.01015625 0.01796875
4 0.2859375 0.58046875 0.009375 0.02421875
4 0.29375 0.6203125 0.01015625 0.028125
4 0.359375 0.61953125 0.01171875 0.02109375
4 0.3328125 0.54375 0.01171875 0.0234375
4 0.35390625 0.54296875 0.01015625 0.021875
4 0.27734375 0.54609375 0.009375 0.0203125
4 0.340625 0.42578125 0.01015625 0.0234375
4 0.35859375 0.39453125 0.01171875 0.021875
4 0.28046875 0.3125 0.009375 0.01953125
4 0.26328125 0.26015625 0.009375 0.02578125
4 0.28984375 0.26796875 0.009375 0.021875
4 0.38203125 0.321875 0.01015625 0.01953125
4 0.3859375 0.3484375 0.009375 0.01953125
4 0.38671875 0.296875 0.009375 0.02109375
4 0.4 0.28125 0.009375 0.01953125
4 0.43515625 0.30390625 0.00859375 0.01953125
4 0.44296875 0.3109375 0.00859375 0.0203125
4 0.446875 0.3359375 0.0109375 0.01484375
4 0.43046875 0.35546875 0.01171875 0.01640625
4 0.396875 0.23125 0.009375 0.0203125
4 0.40859375 0.2765625 0.00859375 0.02421875
4 0.39375 0.31015625 0.01015625 0.01796875
4 0.390625 0.32890625 0.009375 0.0140625
4 0.46953125 0.30625 0.01328125 0.01484375
4 0.41875 0.23984375 0.01015625 0.021875
4 0.41328125 0.19296875 0.01171875 0.0203125
4 0.3984375 0.19453125 0.00859375 0.021875
4 0.53203125 0.309375 0.01171875 0.01953125
4 0.5484375 0.34296875 0.01015625 0.0234375
4 0.553125 0.28359375 0.01171875 0.015625
4 0.55625 0.26796875 0.01328125 0.01953125
4 0.57578125 0.2890625 0.01171875 0.01796875
4 0.621875 0.2859375 0.01015625 0.0234375
4 0.60078125 0.36328125 0.01015625 0.01796875
4 0.59609375 0.409375 0.00859375 0.0203125
4 0.6796875 0.25234375 0.0109375 0.0109375
4 0.67890625 0.26875 0.0140625 0.01015625
4 0.6984375 0.2734375 0.009375 0.00859375
4 0.696875 0.28125 0.01171875 0.009375
4 0.69921875 0.2546875 0.01484375 0.009375
4 0.7015625 0.22421875 0.01171875 0.0109375
4 0.703125 0.20390625 0.0140625 0.01015625
4 0.703125 0.19296875 0.015625 0.0140625
4 0.70546875 0.17578125 0.01171875 0.01171875
4 0.61328125 0.20859375 0.00546875 0.02578125
4 0.615625 0.09140625 0.00625 0.025
4 0.50703125 0.728125 0.015625 0.01640625
4 0.53125 0.8234375 0.015625 0.0140625
4 0.58515625 0.821875 0.01484375 0.01640625
4 0.61171875 0.7515625 0.01328125 0.02109375
4 0.5890625 0.690625 0.01484375 0.021875
4 0.5921875 0.61953125 0.0109375 0.0234375
1 0.55546875 0.6953125 0.03359375 0.0484375
0 0.3484375 0.89296875 0.015625 0.02890625
4 0.85859375 0.86015625 0.01328125 0.01796875
4 0.8078125 0.790625 0.01328125 0.015625
4 0.75390625 0.70859375 0.01015625 0.021875
4 0.74296875 0.65078125 0.0109375 0.021875
4 0.72890625 0.63359375 0.0109375 0.0203125
4 0.90078125 0.8234375 0.01015625 0.0203125
4 0.89453125 0.8375 0.0140625 0.01875
4 0.840625 0.74375 0.01015625 0.02890625
4 0.84453125 0.75078125 0.009375 0.02578125
4 0.8484375 0.75703125 0.009375 0.02578125
4 0.80625 0.56484375 0.01015625 0.0203125
0 0.77734375 0.671875 0.01484375 0.03203125
4 0.615625 0.590625 0.00859375 0.028125
4 0.63359375 0.48125 0.00859375 0.028125
4 0.67578125 0.55703125 0.01328125 0.0265625
2 0.728125 0.559375 0.0203125 0.03984375
0 0.61796875 0.453125 0.015625 0.03515625
0 0.62265625 0.121875 0.0109375 0.03515625
0 0.43984375 0.05859375 0.01171875 0.03046875
0 0.47890625 0.07421875 0.01640625 0.0296875
0 0.459375 0.11171875 0.01953125 0.03046875
2 0.40390625 0.06875 0.0296875 0.0484375
2 0.3484375 0.1546875 0.028125 0.0296875
0 0.43515625 0.22421875 0.01953125 0.01953125
0 0.440625 0.2546875 0.01484375 0.01875
0 0.41953125 0.26796875 0.01328125 0.03046875
0 0.40625 0.24453125 0.01484375 0.0296875
0 0.54921875 0.32109375 0.01640625 0.02578125
0 0.24609375 0.25546875 0.01484375 0.03046875
4 0.23046875 0.18046875 0.01015625 0.0203125
4 0.2546875 0.0765625 0.01015625 0.0203125
4 0.29296875 0.071875 0.00859375 0.01484375
4 0.2875 0.06796875 0.009375 0.01875
4 0.284375 0.0609375 0.01171875 0.0140625
4 0.28046875 0.05390625 0.01171875 0.015625
4 0.2765625 0.040625 0.0109375 0.01484375
4 0.2703125 0.02890625 0.01171875 0.01171875
4 0.265625 0.021875 0.01171875 0.015625
4 0.26171875 0.0140625 0.01171875 0.01171875
2 0.23125 0.028125 0.02421875 0.04375
4 0.18359375 0.11328125 0.01015625 0.0203125
0 0.4859375 0.240625 0.021875 0.0265625
0 0.5140625 0.25078125 0.02109375 0.02890625
3 0.403125 0.33359375 0.0265625 0.05703125