2 0.521875 0.37109375 0.02578125 0.03046875
2 0.44140625 0.35234375 0.025 0.02890625
2 0.39296875 0.36640625 0.025 0.02890625
2 0.384375 0.328125 0.0265625 0.02578125
1 0.47578125 0.30703125 0.0640625 0.0609375
3 0.53828125 0.2953125 0.01875 0.0296875
4 0.5984375 0.275 0.0140625 0.02578125
4 0.34375 0.33046875 0.01640625 0.01875
4 0.33984375 0.36875 0.01953125 0.0234375
2 0.31171875 0.315625 0.0296875 0.03046875
0 0.28984375 0.35234375 0.02421875 0.025
0 0.45078125 0.23828125 0.0203125 0.03125
2 0.25703125 0.30859375 0.025 0.025
6 0.34921875 0.41171875 0.025 0.02578125
4 0.38203125 0.38203125 0.01796875 0.01640625
6 0.1953125 0.3234375 0.02578125 0.03515625
2 0.240625 0.33046875 0.0265625 0.034375
2 0.12578125 0.33359375 0.02421875 0.02421875
3 0.109375 0.29609375 0.025 0.02578125
4 0.03828125 0.3 0.01640625 0.02109375
1 0.03828125 0.22890625 0.06171875 0.053125
2 0.159375 0.1859375 0.02890625 0.0296875
2 0.16015625 0.1484375 0.0265625 0.02890625
2 0.1125 0.13515625 0.0296875 0.03046875
2 0.08046875 0.159375 0.02578125 0.02578125
0 0.08203125 0.109375 0.0234375 0.028125
4 0.07421875 0.1234375 0.01640625 0.025
4 0.13515625 0.12890625 0.01796875 0.021875
4 0.04140625 0.10390625 0.0203125 0.0203125
0 0.0484375 0.015625 0.02578125 0.03046875
4 0.03359375 0.0453125 0.0140625 0.0265625
4 0.01953125 0.0609375 0.01796875 0.01796875
4 0.01953125 0.07421875 0.021875 0.0234375
4 0.1828125 0.11796875 0.01953125 0.01953125
4 0.18828125 0.1296875 0.01875 0.01953125
4 0.20703125 0.12890625 0.015625 0.0234375
4 0.190625 0.14296875 0.01796875 0.02421875
2 0.2109375 0.16171875 0.0265625 0.02890625
2 0.2234375 0.1359375 0.0296875 0.03125
2 0.2515625 0.1359375 0.0296875 0.03515625
2 0.25234375 0.16171875 0.034375 0.0265625
2 0.26171875 0.18203125 0.034375 0.03125
2 0.24453125 0.2015625 0.03359375 0.03125
2 0.33125 0.15390625 0.0265625 0.03046875
0 0.27421875 0.11875 0.021875 0.0359375
4 0.29140625 0.15390625 0.01875 0.028125
0 0.30625 0.16171875 0.021875 0.0296875
0 0.41171875 0.2265625 0.02109375 0.0296875
0 0.3890625 0.21875 0.0203125 0.03203125
0 0.3515625 0.1875 0.02109375 0.03671875
4 0.3640625 0.14765625 0.015625 0.02890625
4 0.40625 0.15078125 0.01796875 0.03046875
4 0.44921875 0.2046875 0.01484375 0.025
4 0.42890625 0.1890625 0.01640625 0.02109375
4 0.409375 0.18671875 0.01796875 0.01953125
4 0.38671875 0.18203125 0.01796875 0.01953125
4 0.36875 0.1796875 0.01875 0.02109375
3 0.37109375 0.196875 0.0265625 0.0296875
2 0.39375 0.19921875 0.03359375 0.03125
2 0.41796875 0.2 0.0203125 0.03046875
2 0.3328125 0.2140625 0.0265625 0.0234375
2 0.32578125 0.18671875 0.03359375 0.03203125
2 0.29921875 0.1828125 0.02578125 0.03046875
2 0.3015625 0.20390625 0.03203125 0.0359375
4 0.28359375 0.18671875 0.01875 0.02109375
2 0.27265625 0.20078125 0.02890625 0.028125
4 0.4359375 0.22109375 0.01953125 0.02890625
4 0.34609375 0.2203125 0.01171875 0.01640625
4 0.30703125 0.21953125 0.01484375 0.02109375
4 0.35546875 0.2015625 0.01640625 0.015625
4 0.34453125 0.2015625 0.01640625 0.01875
2 0.36484375 0.21640625 0.0296875 0.02890625
4 0.13671875 0.171875 0.01796875 0.02578125
0 0.06484375 0.140625 0.02578125 0.025
0 0.01171875 0.11484375 0.0234375 0.0296875
2 0.003125 0.1296875 0.00625 0.0296875
2 0.33203125 0.346875 0.03046875 0.0265625
2 0.5140625 0.884375 0.0203125 0.05703125
2 0.45546875 0.903125 0.02421875 0.05546875
5 0.33828125 0.97578125 0.0296875 0.0484375
2 0.446875 0.73125 0.01875 0.04921875
4 0.46796875 0.73046875 0.01328125 0.03671875
4 0.48515625 0.63203125 0.01328125 0.028125
2 0.4953125 0.61328125 0.01796875 0.04921875
2 0.47578125 0.56953125 0.01796875 0.046875
2 0.484375 0.5765625 0.01484375 0.05078125
2 0.50078125 0.5609375 0.01484375 0.05078125
2 0.49140625 0.5359375 0.015625 0.0453125
2 0.5046875 0.50859375 0.01640625 0.05625
4 0.48046875 0.48828125 0.01015625 0.021875
4 0.478125 0.50859375 0.00859375 0.02890625
4 0.484375 0.50625 0.009375 0.025
4 0.48671875 0.490625 0.01015625 0.03359375
4 0.48984375 0.49140625 0.009375 0.03203125
4 0.4953125 0.49453125 0.009375 0.0359375
4 0.4828125 0.525 0.0140625 0.03046875
2 0.09296875 0.5625 0.02421875 0.025
2 0.0484375 0.55234375 0.0234375 0.0265625
2 0.04140625 0.578125 0.02578125 0.025
2 0.03671875 0.66640625 0.0234375 0.0265625
2 0.54609375 0.0109375 0.0203125 0.02109375
0 0.50859375 0.14453125 0.0203125 0.04296875
4 0.55703125 0.1640625 0.01953125 0.03046875
4 0.63515625 0.1859375 0.01953125 0.02109375
2 0.6296875 0.01484375 0.0203125 0.0296875
4 0.65625 0.221875 0.015625 0.025
4 0.703125 0.12578125 0.01015625 0.02421875
4 0.71171875 0.1296875 0.0109375 0.02421875
4 0.6859375 0.12890625 0.01015625 0.034375
4 0.75078125 0.24296875 0.01875 0.0265625
4 0.73125 0.1703125 0.02109375 0.021875
4 0.753125 0.20859375 0.01640625 0.025
2 0.7828125 0.1578125 0.01796875 0.04140625
4 0.8859375 0.26171875 0.01484375 0.01875
4 0.92265625 0.221875 0.0203125 0.0234375
2 0.84296875 0.18125 0.025 0.03046875
2 0.82421875 0.2140625 0.02578125 0.02890625
4 0.79375 0.21484375 0.0203125 0.02578125
4 0.79609375 0.259375 0.01953125 0.0234375
0 0.81328125 0.2375 0.02421875 0.028125
4 0.8640625 0.19140625 0.0140625 0.02890625
2 0.846875 0.253125 0.0265625 0.03125
0 0.95703125 0.21015625 0.021875 0.0296875
0 0.96171875 0.24453125 0.02578125 0.02421875
4 0.953125 0.2640625 0.0234375 0.021875
4 0.99453125 0.26875 0.0109375 0.03359375
2 0.878125 0.4 0.02421875 0.028125
3 0.83203125 0.403125 0.0234375 0.02890625
2 0.69296875 0.2375 0.0234375 0.02578125
0 0.7140625 0.21953125 0.02109375 0.02890625
2 0.56328125 0.07890625 0.01796875 0.034375
2 0.8265625 0.028125 0.02421875 0.05078125
3 0.93046875 0.18203125 0.02578125 0.0234375
4 0.965625 0.23125 0.01640625 0.01796875
4 0.40078125 0.35078125 0.0140625 0.01640625
4 0.30234375 0.58046875 0.015625 0.01875
4 0.3015625 0.5875 0.015625 0.01640625
4 0.29921875 0.596875 0.01640625 0.01796875