4 0.26328125 0.04609375 0.00625 0.01484375
4 0.27578125 0.04765625 0.00703125 0.015625
4 0.27578125 0.08046875 0.00703125 0.01484375
2 0.29296875 0.0765625 0.01875 0.03359375
2 0.29921875 0.053125 0.01640625 0.034375
2 0.271875 0.0109375 0.01484375 0.02109375
2 0.3171875 0.140625 0.01640625 0.02890625
2 0.32109375 0.04921875 0.01640625 0.0359375
2 0.34140625 0.03203125 0.01875 0.03984375
2 0.3484375 0.11015625 0.01875 0.04140625
2 0.3859375 0.1234375 0.01796875 0.03515625
2 0.4046875 0.16875 0.01953125 0.03984375
0 0.3859375 0.0609375 0.0140625 0.0234375
2 0.39921875 0.2203125 0.0203125 0.04296875
2 0.421875 0.2328125 0.015625 0.03046875
0 0.44296875 0.21875 0.01328125 0.021875
2 0.42421875 0.27109375 0.01640625 0.03125
2 0.3921875 0.28984375 0.01484375 0.0359375
2 0.44453125 0.315625 0.01796875 0.03515625
2 0.40703125 0.340625 0.01484375 0.0359375
2 0.46796875 0.38046875 0.01171875 0.03515625
2 0.4640625 0.33359375 0.01640625 0.0390625
2 0.52109375 0.4265625 0.01640625 0.03828125
3 0.49140625 0.45703125 0.01015625 0.034375
2 0.47421875 0.49296875 0.01171875 0.0390625
2 0.421875 0.45703125 0.009375 0.03203125
4 0.4109375 0.48046875 0.00546875 0.01796875
4 0.47109375 0.42734375 0.0046875 0.02109375
4 0.48203125 0.403125 0.00546875 0.015625
4 0.478125 0.35 0.00546875 0.015625
4 0.44296875 0.29296875 0.00859375 0.01640625
4 0.45546875 0.29375 0.00625 0.01484375
4 0.38515625 0.3390625 0.00546875 0.01796875
4 0.4359375 0.275 0.00859375 0.015625
4 0.42578125 0.196875 0.00625 0.01796875
4 0.428125 0.18046875 0.00703125 0.01640625
4 0.38359375 0.18125 0.00703125 0.01640625
4 0.36875 0.16328125 0.00859375 0.02109375
4 0.365625 0.13125 0.00625 0.01875
4 0.365625 0.1140625 0.00703125 0.015625
0 0.496875 0.33671875 0.01171875 0.021875
2 0.45 0.5515625 0.01484375 0.03828125
0 0.33984375 0.525 0.0140625 0.02109375
2 0.23984375 0.51875 0.015625 0.03828125
4 0.33125 0.5375 0.00546875 0.0140625
0 0.23046875 0.6921875 0.0140625 0.0203125
2 0.1984375 0.684375 0.02109375 0.03671875
2 0.171875 0.73046875 0.02109375 0.03203125
2 0.1859375 0.78984375 0.01796875 0.02890625
2 0.14453125 0.9890625 0.01796875 0.02109375
2 0.15859375 0.96171875 0.02109375 0.03515625
2 0.1765625 0.9359375 0.01640625 0.03203125
2 0.1671875 0.91171875 0.01875 0.028125
2 0.1984375 0.90703125 0.01875 0.03046875
3 0.1984375 0.8671875 0.0203125 0.0359375
2 0.21484375 0.88046875 0.01875 0.0296875
2 0.23125 0.853125 0.01953125 0.03046875
2 0.253125 0.815625 0.0203125 0.03359375
2 0.29296875 0.8265625 0.02109375 0.040625
2 0.20546875 0.95078125 0.0203125 0.03359375
4 0.209375 0.98203125 0.00703125 0.0109375
4 0.13203125 0.959375 0.009375 0.0140625
4 0.1453125 0.9421875 0.009375 0.01328125
4 0.10703125 0.97421875 0.009375 0.01328125
4 0.1828125 0.878125 0.00859375 0.01171875
4 0.2734375 0.8359375 0.00859375 0.01171875
2 0.271875 0.7859375 0.0203125 0.034375
6 0.29453125 0.75234375 0.03046875 0.05
2 0.2921875 0.7171875 0.01953125 0.0296875
2 0.31953125 0.71328125 0.01640625 0.02890625
2 0.3515625 0.7265625 0.021875 0.0359375
2 0.3265625 0.65546875 0.0203125 0.0296875
2 0.34609375 0.68203125 0.01953125 0.03125
3 0.3609375 0.64921875 0.01796875 0.02890625
2 0.3609375 0.603125 0.01953125 0.03125
2 0.37265625 0.61796875 0.01640625 0.028125
2 0.390625 0.60078125 0.01640625 0.02421875
2 0.38828125 0.55703125 0.01640625 0.02578125
2 0.4234375 0.60859375 0.01875 0.03203125
4 0.453125 0.5859375 0.00859375 0.0140625
4 0.38515625 0.58125 0.00703125 0.01171875
4 0.42890625 0.6328125 0.00703125 0.0109375
4 0.44140625 0.6078125 0.00859375 0.0109375
4 0.38515625 0.66875 0.00703125 0.01640625
4 0.384375 0.68828125 0.00703125 0.015625
4 0.34453125 0.65078125 0.00703125 0.01328125
4 0.29921875 0.67109375 0.01015625 0.009375
4 0.303125 0.68125 0.0109375 0.01015625
4 0.328125 0.68671875 0.00859375 0.0109375
4 0.31875 0.69453125 0.00859375 0.0109375
4 0.33203125 0.74609375 0.00859375 0.015625
4 0.359375 0.75078125 0.00703125 0.015625
4 0.575 0.528125 0.00625 0.01484375
4 0.58671875 0.5359375 0.00703125 0.01640625
4 0.5921875 0.60078125 0.00625 0.01484375
0 0.603125 0.60390625 0.01171875 0.02421875
0 0.640625 0.55546875 0.00859375 0.0265625
2 0.696875 0.66953125 0.01796875 0.03828125
2 0.70859375 0.70625 0.015625 0.03125
2 0.659375 0.75625 0.015625 0.03671875
6 0.6359375 0.73671875 0.02421875 0.053125
1 0.59375 0.72890625 0.03671875 0.0796875
2 0.615625 0.77890625 0.01484375 0.02890625
3 0.60234375 0.8046875 0.0203125 0.03515625
4 0.6203125 0.67421875 0.00859375 0.01796875
0 0.5609375 0.7234375 0.01171875 0.02109375
0 0.54921875 0.6921875 0.01171875 0.021875
0 0.56875 0.65625 0.01171875 0.0234375
4 0.5359375 0.68125 0.00703125 0.01328125
4 0.54453125 0.66953125 0.00703125 0.015625
4 0.5484375 0.653125 0.00546875 0.01328125
4 0.55625 0.64609375 0.00546875 0.01484375
4 0.559375 0.66171875 0.00703125 0.0109375
4 0.56796875 0.6765625 0.00859375 0.015625
4 0.5796875 0.675 0.00703125 0.0140625
4 0.56875 0.68828125 0.00625 0.0140625
4 0.56875 0.70625 0.00625 0.01484375
4 0.5703125 0.74921875 0.00703125 0.01640625
2 0.62109375 0.9484375 0.0203125 0.03046875
4 0.72578125 0.95703125 0.00859375 0.01640625
2 0.7140625 0.015625 0.01640625 0.03125
2 0.728125 0.03125 0.01875 0.0296875
0 0.684375 0.084375 0.01328125 0.0203125
0 0.6703125 0.0953125 0.0140625 0.02421875
0 0.80625 0.1046875 0.01484375 0.02109375
2 0.7296875 0.115625 0.01875 0.03359375
2 0.8515625 0.05078125 0.02421875 0.03359375
0 0.85546875 0.01015625 0.01640625 0.0203125
6 0.8359375 0.13984375 0.02890625 0.03515625
0 0.72890625 0.2265625 0.0140625 0.0234375
2 0.690625 0.2515625 0.01953125 0.03046875
2 0.67421875 0.2765625 0.01640625 0.03203125
4 0.7265625 0.26875 0.00859375 0.0109375
4 0.75546875 0.2390625 0.009375 0.01484375
5 0.653125 0.32734375 0.03515625 0.06328125
3 0.64921875 0.3734375 0.01875 0.03515625
2 0.62421875 0.37890625 0.01796875 0.03046875
2 0.634375 0.40390625 0.0140625 0.025
2 0.60859375 0.41328125 0.01796875 0.034375
4 0.6171875 0.45390625 0.00703125 0.01171875
4 0.625 0.44453125 0.00625 0.01328125
4 0.62109375 0.40546875 0.00859375 0.015625
0 0.70703125 0.24921875 0.01171875 0.02109375