0 0.05859375 0.725 0.01796875 0.01484375
0 0.103125 0.69765625 0.01953125 0.01640625
0 0.06953125 0.66640625 0.01640625 0.01796875
0 0.06953125 0.63984375 0.0109375 0.015625
0 0.27109375 0.7578125 0.01875 0.01796875
0 0.2265625 0.59375 0.01875 0.01015625
0 0.2359375 0.56796875 0.0140625 0.01796875
0 0.2625 0.58203125 0.015625 0.01640625
2 0.20703125 0.2375 0.0203125 0.0265625
0 0.396875 0.628125 0.01640625 0.01875
4 0.4640625 0.4234375 0.01484375 0.0140625
4 0.39453125 0.49921875 0.01328125 0.01328125
4 0.40703125 0.53828125 0.0140625 0.01484375
4 0.39609375 0.48046875 0.0140625 0.01640625
0 0.45859375 0.459375 0.01640625 0.01640625
2 0.4984375 0.465625 0.02109375 0.03359375
3 0.40390625 0.653125 0.02578125 0.021875
4 0.40625 0.35703125 0.00859375 0.0109375
0 0.60546875 0.38359375 0.0109375 0.0203125
0 0.51796875 0.590625 0.015625 0.0265625
0 0.07421875 0.759375 0.0140625 0.01875
3 0.7859375 0.6953125 0.015625 0.01875
3 0.728125 0.83125 0.01640625 0.0265625
0 0.8328125 0.93203125 0.01640625 0.0265625
0 0.5515625 0.65703125 0.015625 0.021875
0 0.6890625 0.49453125 0.01171875 0.0109375
0 0.646875 0.32109375 0.01640625 0.0203125
0 0.7828125 0.371875 0.01171875 0.0234375
4 0.75546875 0.3484375 0.01171875 0.01796875
0 0.7703125 0.41953125 0.01171875 0.02578125
0 0.75390625 0.49609375 0.01171875 0.028125
0 0.61171875 0.36328125 0.0109375 0.01953125
0 0.75546875 0.090625 0.0140625 0.02421875
0 0.62578125 0.3703125 0.01171875 0.01875
4 0.278125 0.278125 0.01171875 0.015625
0 0.284375 0.475 0.01953125 0.0234375
2 0.16875 0.13359375 0.021875 0.0296875
0 0.4890625 0.41796875 0.01640625 0.02109375
4 0.18515625 0.18515625 0.0140625 0.0109375
4 0.09140625 0.12265625 0.01328125 0.01171875
0 0.59140625 0.3546875 0.01328125 0.01328125
0 0.59921875 0.54609375 0.0109375 0.01875
4 0.403125 0.38359375 0.01015625 0.01484375
4 0.19921875 0.21015625 0.009375 0.01484375
0 0.5265625 0.35546875 0.01171875 0.01640625
4 0.2234375 0.240625 0.009375 0.0140625
4 0.559375 0.47421875 0.01171875 0.01328125
4 0.32890625 0.3171875 0.0140625 0.01171875
0 0.56171875 0.45625 0.0109375 0.0140625
0 0.5640625 0.37578125 0.0109375 0.01484375
2 0.5609375 0.434375 0.0203125 0.02109375
4 0.52890625 0.43359375 0.01171875 0.01484375
0 0.584375 0.37734375 0.01171875 0.01484375
4 0.66015625 0.32109375 0.009375 0.0140625
4 0.534375 0.421875 0.009375 0.0109375
0 0.64140625 0.3015625 0.00859375 0.01953125
4 0.62734375 0.559375 0.01328125 0.01328125
2 0.51484375 0.6359375 0.0203125 0.0203125
4 0.36796875 0.53515625 0.01015625 0.01875
4 0.67109375 0.65 0.00859375 0.0140625
0 0.434375 0.6203125 0.015625 0.01640625
0 0.51953125 0.6671875 0.0140625 0.02109375
3 0.41640625 0.675 0.01484375 0.015625
3 0.32421875 0.340625 0.01484375 0.01953125
0 0.4359375 0.37890625 0.01640625 0.02109375
2 0.21640625 0.409375 0.0203125 0.0296875
3 0.1328125 0.165625 0.01484375 0.02578125
3 0.1984375 0.76875 0.01796875 0.015625
4 0.33125 0.525 0.01171875 0.01796875
0 0.30546875 0.61171875 0.0140625 0.015625
4 0.26484375 0.61015625 0.01171875 0.01484375
2 0.521875 0.45703125 0.01953125 0.0234375
4 0.2515625 0.25859375 0.00859375 0.01875
4 0.73671875 0.67890625 0.01484375 0.0140625
2 0.56796875 0.50625 0.0203125 0.025
4 0.5265625 0.40234375 0.00859375 0.01953125
2 0.678125 0.76953125 0.01953125 0.025
2 0.7015625 0.61640625 0.02109375 0.03046875
2 0.721875 0.6390625 0.02109375 0.0296875
4 0.746875 0.6328125 0.01328125 0.0203125
4 0.66875 0.784375 0.01015625 0.0140625
4 0.74609375 0.5921875 0.009375 0.01640625
4 0.85546875 0.8015625 0.01171875 0.015625
4 0.8859375 0.83515625 0.01171875 0.01484375
4 0.80390625 0.7390625 0.01171875 0.01640625
4 0.846875 0.8234375 0.0109375 0.015625
0 0.82109375 0.77109375 0.0140625 0.0234375
4 0.7640625 0.68203125 0.00859375 0.01171875
4 0.93125 0.8921875 0.0109375 0.02109375
0 0.840625 0.91328125 0.015625 0.02421875
2 0.6234375 0.71171875 0.0234375 0.03828125
4 0.7765625 0.85546875 0.01171875 0.01484375
3 0.69296875 0.82890625 0.01875 0.0203125
3 0.6089306984375 0.523550625 0.600430134375 0.5382427234375 0.6151644578125001 0.55974333125 0.620426696875 0.555069303125 0.6089306984375 0.523550625
0 0.04921875 0.09375 0.02421875 0.03046875
3 0.48221903906249997 0.6060758421875 0.46706337812500004 0.5954086875 0.46226753125000003 0.6144885734375001 0.479818459375 0.6171635375 0.48221903906249997 0.6060758421875
4 0.53671875 0.68828125 0.0109375 0.01953125
4 0.59375 0.52109375 0.01015625 0.01875
4 0.57109375 0.4109375 0.00859375 0.01328125
4 0.43515625 0.5796875 0.009375 0.0109375
0 0.6734375 0.32265625 0.00859375 0.01796875
2 0.64140625 0.36796875 0.0140625 0.02421875
0 0.54140625 0.38671875 0.015625 0.009375
4 0.3796875 0.509375 0.009375 0.021875
4 0.74453125 0.346875 0.01328125 0.0140625
4 0.73359375 0.47890625 0.00859375 0.01875
4 0.69453125 0.4734375 0.009375 0.01796875
4 0.6890625 0.67890625 0.0109375 0.01328125
4 0.7359375 0.08203125 0.009375 0.01640625
0 0.7390625 0.11484375 0.0203125 0.02109375
4 0.7609375 0.04140625 0.009375 0.01796875
4 0.8296875 0.2171875 0.01328125 0.01875
3 0.77421875 0.0515625 0.015625 0.0265625
4 0.628125 0.32734375 0.01015625 0.01484375
0 0.63828125 0.34296875 0.0140625 0.0234375
2 0.6140625 0.33125 0.01640625 0.02890625
4 0.15078125 0.29921875 0.0140625 0.01953125
2 0.15546875 0.35390625 0.01640625 0.025
4 0.471875 0.46484375 0.009375 0.015625
0 0.571875 0.39609375 0.01484375 0.01796875
4 0.53359375 0.446875 0.00859375 0.0140625
3 0.69609375 0.659375 0.01328125 0.01875
0 0.33125 0.6390625 0.015625 0.01640625
4 0.50625 0.528125 0.009375 0.01953125
4 0.48515625 0.628125 0.00859375 0.01328125
4 0.5234375 0.55703125 0.01171875 0.01640625
2 0.546875 0.634375 0.0203125 0.0265625
0 0.390625 0.58046875 0.015625 0.015625
2 0.34453125 0.65859375 0.015625 0.02421875
4 0.70703125 0.6890625 0.015625 0.01640625
2 0.58046875 0.68359375 0.0203125 0.03203125
2 0.5242535921875 0.4836234015625 0.526007671875 0.4886090546875 0.5230257390624999 0.4911018875 0.5235519515625 0.50044996875 0.5437239421875 0.5038775859375 0.5456534359375 0.4920366859375 0.5242535921875 0.4836234015625
0 0.3 0.6703125 0.01875 0.015625
0 0.23828125 0.690625 0.01875 0.0140625
4 0.259375 0.69296875 0.01328125 0.01171875
4 0.19765625 0.72578125 0.01484375 0.01796875
0 0.171875 0.6625 0.015625 0.0109375
3 0.234375 0.63046875 0.01640625 0.0140625
0 0.25859375 0.63203125 0.015625 0.02109375
0 0.26484375 0.71015625 0.01171875 0.01328125
0 0.5640625 0.63203125 0.01171875 0.01484375
2 0.43203125 0.5515625 0.021875 0.02890625
2 0.34453125 0.675 0.01171875 0.0109375
4 0.40859375 0.52578125 0.01484375 0.01875
0 0.36796875 0.5140625 0.01015625 0.01875
0 0.3703125 0.5640625 0.01640625 0.021875
3 0.340625 0.57421875 0.01484375 0.01796875
3 0.17265625 0.7171875 0.02890625 0.02109375
0 0.13125 0.74375 0.01953125 0.01484375
4 0.1359375 0.75625 0.00859375 0.015625
4 0.15859375 0.7640625 0.01328125 0.015625
4 0.04453125 0.7125 0.01328125 0.01953125
0 0.0203125 0.73671875 0.01796875 0.0234375
3 0.046875 0.82109375 0.02109375 0.01875
4 0.4796875 0.46796875 0.01015625 0.0203125
4 0.684375 0.4796875 0.01015625 0.01328125
4 0.6734375 0.49609375 0.009375 0.021875
4 0.67890625 0.48828125 0.009375 0.015625
4 0.696875 0.4765625 0.00859375 0.01171875
4 0.74296875 0.4703125 0.00859375 0.015625
0 0.69296875 0.45625 0.01328125 0.01640625
2 0.6515625 0.63515625 0.0203125 0.03359375
1 0.28984375 0.31015625 0.04140625 0.0515625
4 0.334375 0.50546875 0.0140625 0.01953125
3 0.37109375 0.6015625 0.01875 0.04453125
1 0.65390625 0.571875 0.03203125 0.07578125
0 0.6984375 0.50625 0.0140625 0.01484375
1 0.71796875 0.2421875 0.05 0.084375
4 0.6453125 0.71484375 0.015625 0.0234375
5 0.884375 0.8609375 0.05078125 0.0734375
3 0.80625 0.7859375 0.03125 0.0546875
2 0.46171875 0.43671875 0.01875 0.0234375
2 0.290625 0.54609375 0.01953125 0.0296875
4 0.62890625 0.3984375 0.015625 0.02109375