2 0.98359375 0.3515625 0.028125 0.02421875
2 0.77265625 0.18125 0.02890625 0.028125
2 0.78046875 0.26328125 0.03125 0.028125
2 0.503125 0.365625 0.025 0.03203125
2 0.15859375 0.2484375 0.02421875 0.046875
2 0.0234375 0.0265625 0.01875 0.04609375
2 0.07421875 0.05625 0.0203125 0.04140625
2 0.06171875 0.10078125 0.01640625 0.04375
2 0.05390625 0.15 0.01953125 0.040625
2 0.0359375 0.1890625 0.01953125 0.040625
2 0.046875 0.21171875 0.01796875 0.0484375
2 0.0234375 0.24140625 0.0203125 0.04296875
2 0.03046875 0.27734375 0.02109375 0.0515625
6 0.071875 0.3140625 0.028125 0.0796875
4 0.60859375 0.35703125 0.01484375 0.0140625
4 0.4796875 0.38671875 0.0140625 0.0140625
4 0.47578125 0.403125 0.0140625 0.01640625
4 0.28984375 0.5765625 0.01640625 0.01875
4 0.275 0.55390625 0.01484375 0.02421875
4 0.2625 0.35703125 0.01875 0.02109375
4 0.0109375 0.053125 0.00859375 0.0265625
0 0.1984375 0.36328125 0.0234375 0.02109375