6 0.0203125 0.7015625 0.040625 0.021875
6 0.06953125 0.66640625 0.03984375 0.021875
6 0.08828125 0.59765625 0.04296875 0.02109375
5 0.246875 0.6765625 0.06640625 0.021875
6 0.03828125 0.8 0.0359375 0.021875
2 0.01015625 0.77109375 0.01640625 0.01640625
2 0.0078125 0.821875 0.015625 0.01640625
2 0.034375 0.83125 0.01640625 0.01171875
2 0.071875 0.78046875 0.01796875 0.01171875
2 0.11015625 0.790625 0.015625 0.0140625
2 0.140625 0.7765625 0.01640625 0.01484375
2 0.128125 0.8046875 0.01796875 0.01328125
2 0.28828125 0.59453125 0.01875 0.01953125
2 0.31015625 0.59453125 0.01953125 0.0140625
2 0.340625 0.71953125 0.01640625 0.015625
2 0.303125 0.79921875 0.01640625 0.01484375
2 0.29921875 0.8265625 0.01640625 0.015625
2 0.3453125 0.809375 0.0140625 0.015625
2 0.22109375 0.80390625 0.01640625 0.01640625
2 0.103125 0.81953125 0.015625 0.0140625
6 0.23828125 0.7828125 0.03515625 0.021875
3 0.27421875 0.7234375 0.02421875 0.0140625
2 0.38046875 0.78125 0.01640625 0.01640625
2 0.48046875 0.803125 0.01484375 0.01875
2 0.49296875 0.78828125 0.01875 0.015625
2 0.54453125 0.80625 0.01640625 0.01484375
6 0.45078125 0.83046875 0.03359375 0.0234375
3 0.38671875 0.80546875 0.0234375 0.01875
3 0.5375 0.78671875 0.021875 0.0203125
3 0.5734375 0.85 0.021875 0.01953125
3 0.7359375 0.6359375 0.0203125 0.01171875
3 0.7859375 0.60625 0.0203125 0.0109375
2 0.7984375 0.6390625 0.0203125 0.01796875
2 0.678125 0.60234375 0.0140625 0.0109375
2 0.61484375 0.59375 0.015625 0.01796875
2 0.62421875 0.6921875 0.01484375 0.01875
2 0.75703125 0.81640625 0.01953125 0.01875
2 0.765625 0.790625 0.01640625 0.01484375
2 0.82578125 0.8015625 0.015625 0.0140625
2 0.903125 0.8328125 0.015625 0.015625
2 0.81484375 0.6203125 0.015625 0.01640625
2 0.69296875 0.86640625 0.01796875 0.01640625
6 0.71953125 0.8359375 0.028125 0.02109375
1 0.71015625 0.78828125 0.04609375 0.02578125
6 0.70546875 0.8125 0.03515625 0.0234375
2 0.91953125 0.734375 0.01796875 0.015625
2 0.90859375 0.5703125 0.01640625 0.01796875
2 0.86640625 0.528125 0.00703125 0.0265625
2 0.91171875 0.4890625 0.00703125 0.028125
2 0.97109375 0.60625 0.01953125 0.015625
3 0.98359375 0.64453125 0.01875 0.0140625
6 0.8734375 0.6125 0.0265625 0.0203125
0 0.9265625 0.62890625 0.01171875 0.0109375
0 0.79453125 0.709375 0.01015625 0.0109375
1 0.74921875 0.671875 0.0546875 0.02109375
1 0.66640625 0.67734375 0.05546875 0.03828125
1 0.5234375 0.60546875 0.0203125 0.0640625
6 0.4859375 0.465625 0.0140625 0.07109375
6 0.5359375 0.1515625 0.01953125 0.078125
2 0.4484375 0.0484375 0.00859375 0.028125
2 0.4484375 0.18046875 0.01875 0.02109375
2 0.43984375 0.15859375 0.01640625 0.01015625
2 0.434375 0.19375 0.015625 0.02109375
2 0.47890625 0.2171875 0.01015625 0.03203125
2 0.44921875 0.2453125 0.01640625 0.0203125
2 0.46875 0.2640625 0.00859375 0.0265625
2 0.44921875 0.2734375 0.01640625 0.0203125
2 0.44453125 0.29140625 0.01640625 0.015625
2 0.45625 0.32265625 0.00859375 0.0296875
3 0.459375 0.36328125 0.009375 0.0359375
2 0.53515625 0.38046875 0.00859375 0.0265625
2 0.54296875 0.35703125 0.009375 0.03046875
2 0.47109375 0.4421875 0.00859375 0.02890625
2 0.471875 0.5109375 0.009375 0.03203125
2 0.5421875 0.53828125 0.01328125 0.02890625
2 0.53671875 0.5703125 0.01484375 0.0234375
2 0.4640625 0.57890625 0.01640625 0.03671875
3 0.5265625 0.50546875 0.01015625 0.04140625
0 0.534375 0.51328125 0.0046875 0.0203125
0 0.44140625 0.4890625 0.0109375 0.01171875
0 0.453125 0.48984375 0.01171875 0.01484375
0 0.4546875 0.50625 0.00859375 0.0203125
0 0.45078125 0.5453125 0.00625 0.02109375
6 0.4546875 0.646875 0.03515625 0.046875
6 0.38828125 0.67890625 0.04296875 0.025
1 0.371875 0.65 0.0453125 0.03203125
2 0.34140625 0.421875 0.01484375 0.0140625
2 0.34140625 0.440625 0.01328125 0.01171875
2 0.22421875 0.475 0.01015625 0.02890625
3 0.271875 0.5140625 0.02421875 0.01875
0 0.30546875 0.659375 0.01015625 0.01328125
4 0.03125 0.81796875 0.00859375 0.00859375
4 0.06328125 0.81796875 0.01171875 0.00703125
4 0.228125 0.8328125 0.009375 0.00859375
4 0.36328125 0.834375 0.009375 0.009375
4 0.421875 0.84375 0.00859375 0.00703125
4 0.51796875 0.81640625 0.00859375 0.00859375
4 0.57421875 0.82578125 0.01015625 0.00859375
4 0.6203125 0.80390625 0.009375 0.009375
4 0.63515625 0.83046875 0.00859375 0.01171875
4 0.66171875 0.82578125 0.009375 0.009375
4 0.78671875 0.8375 0.00859375 0.01171875
0 0.6390625 0.5984375 0.0109375 0.01015625
4 0.559375 0.69921875 0.009375 0.00859375
4 0.67421875 0.709375 0.00703125 0.00859375
4 0.459375 0.72421875 0.01015625 0.00859375
4 0.5546875 0.603125 0.00859375 0.01328125
4 0.36640625 0.70703125 0.009375 0.009375
3 0.43828125 0.0453125 0.00859375 0.03046875
4 0.4734375 0.47421875 0.00625 0.01796875
4 0.48046875 0.50859375 0.0046875 0.01875
4 0.49375 0.53203125 0.00546875 0.01640625
4 0.5140625 0.5109375 0.00625 0.01328125
4 0.5 0.490625 0.00625 0.01171875
1 0.153125 0.8265625 0.05078125 0.02109375