0 0.6296875 0.871875 0.0109375 0.01953125
4 0.6265625 0.98359375 0.00703125 0.015625
0 0.63203125 0.8109375 0.00859375 0.0203125
0 0.628125 0.778125 0.00859375 0.01875
0 0.63671875 0.76796875 0.00859375 0.02109375
0 0.54609375 0.54921875 0.01171875 0.01640625
0 0.565625 0.375 0.01171875 0.01875
0 0.65703125 0.3703125 0.01328125 0.01328125
0 0.47578125 0.44375 0.01015625 0.0109375
0 0.48203125 0.45546875 0.0109375 0.01171875
0 0.46875 0.45703125 0.0109375 0.0109375
0 0.48828125 0.396875 0.0109375 0.01171875
0 0.33125 0.42421875 0.01328125 0.01484375
0 0.32578125 0.43671875 0.01171875 0.01328125
0 0.2921875 0.41875 0.01328125 0.01171875
0 0.28359375 0.45234375 0.01015625 0.01640625
0 0.2671875 0.5765625 0.01171875 0.01484375
0 0.21875 0.58359375 0.01328125 0.01328125
0 0.1546875 0.41640625 0.0109375 0.0140625
0 0.19453125 0.3625 0.009375 0.01953125
0 0.240625 0.303125 0.009375 0.015625
4 0.06953125 0.44296875 0.0109375 0.0109375
4 0.159375 0.59140625 0.01015625 0.01015625
4 0.20390625 0.5890625 0.01015625 0.01171875
4 0.2234375 0.61875 0.009375 0.0109375
4 0.17578125 0.43125 0.01015625 0.0109375
4 0.1765625 0.40703125 0.00859375 0.009375
4 0.1859375 0.3921875 0.00859375 0.01484375
4 0.19375 0.3421875 0.00546875 0.01171875
4 0.240625 0.4265625 0.009375 0.015625
4 0.25625 0.4390625 0.0109375 0.01171875
4 0.2734375 0.44140625 0.0109375 0.01015625
4 0.278125 0.4328125 0.01015625 0.009375
4 0.28671875 0.428125 0.00859375 0.00859375
4 0.3078125 0.45078125 0.009375 0.009375
4 0.31640625 0.4453125 0.009375 0.009375
4 0.37109375 0.45390625 0.009375 0.009375
4 0.38125 0.4546875 0.00703125 0.00859375
4 0.38359375 0.47421875 0.009375 0.00703125
4 0.384375 0.44453125 0.00859375 0.00859375
4 0.40546875 0.44140625 0.00859375 0.00703125
4 0.40625 0.45625 0.00703125 0.00703125
4 0.42578125 0.45390625 0.009375 0.00625
4 0.41640625 0.4546875 0.009375 0.00625
4 0.44140625 0.45703125 0.00859375 0.00625
4 0.43671875 0.465625 0.009375 0.00859375
4 0.434375 0.45625 0.00703125 0.00703125
4 0.4375 0.55625 0.01015625 0.00859375
4 0.46953125 0.5484375 0.009375 0.0109375
4 0.4734375 0.565625 0.01171875 0.009375
4 0.4890625 0.56328125 0.01015625 0.01015625
4 0.50234375 0.590625 0.00859375 0.00703125
0 0.5078125 0.56328125 0.01484375 0.01796875
0 0.50078125 0.434375 0.01171875 0.0109375
0 0.30078125 0.4390625 0.01484375 0.01484375
2 0.3109375 0.421875 0.0203125 0.01796875
2 0.26484375 0.4703125 0.01640625 0.015625
2 0.34921875 0.4109375 0.01796875 0.015625
4 0.35078125 0.396875 0.009375 0.00859375
4 0.33671875 0.4046875 0.009375 0.01015625
4 0.2984375 0.57734375 0.009375 0.01015625
4 0.2765625 0.584375 0.009375 0.01015625
4 0.284375 0.5890625 0.009375 0.01015625
4 0.253125 0.58984375 0.01015625 0.00625
4 0.44140625 0.57890625 0.01171875 0.01015625
4 0.5328125 0.55859375 0.01015625 0.009375
4 0.5484375 0.49765625 0.009375 0.01328125
4 0.57109375 0.5609375 0.00859375 0.01171875
4 0.56171875 0.628125 0.00703125 0.015625
4 0.5765625 0.63046875 0.00703125 0.01484375
4 0.58515625 0.6453125 0.00546875 0.0140625
4 0.578125 0.6453125 0.00703125 0.01484375
4 0.590625 0.5640625 0.009375 0.00859375
4 0.609375 0.5515625 0.00859375 0.00859375
4 0.61171875 0.56328125 0.00859375 0.009375
4 0.64140625 0.54296875 0.00859375 0.00703125
4 0.65546875 0.5484375 0.00859375 0.00859375
4 0.63046875 0.73125 0.00546875 0.01484375
4 0.64921875 0.65078125 0.00625 0.01640625
4 0.6875 0.571875 0.009375 0.009375
4 0.70078125 0.51875 0.009375 0.00859375
4 0.70703125 0.509375 0.00859375 0.009375
4 0.721875 0.38359375 0.00859375 0.00859375
4 0.59453125 0.409375 0.01015625 0.009375
4 0.9609375 0.35546875 0.0109375 0.01015625
4 0.99296875 0.35078125 0.01171875 0.0109375
2 0.821875 0.50625 0.01953125 0.01796875
2 0.81328125 0.53125 0.0203125 0.015625
2 0.79140625 0.5484375 0.0203125 0.01875
2 0.75546875 0.55546875 0.01796875 0.01875
2 0.73125 0.546875 0.01640625 0.0234375
2 0.70859375 0.5640625 0.01953125 0.0140625
2 0.6671875 0.59140625 0.01640625 0.0234375
2 0.6421875 0.6359375 0.01171875 0.02578125
2 0.6265625 0.6703125 0.01171875 0.03359375
2 0.578125 0.6765625 0.01171875 0.0296875
2 0.590625 0.66484375 0.009375 0.03203125
4 0.6375 0.83203125 0.00546875 0.015625
4 0.6421875 0.84921875 0.00546875 0.01796875
1 0.5796875 0.51328125 0.0546875 0.02578125
2 0.57578125 0.5421875 0.01796875 0.01640625
2 0.50390625 0.44765625 0.01796875 0.0140625
2 0.49921875 0.41171875 0.01796875 0.015625
2 0.47109375 0.409375 0.015625 0.01328125
2 0.47890625 0.42421875 0.01796875 0.01171875
2 0.44921875 0.4234375 0.01640625 0.01328125
2 0.459375 0.4375 0.01640625 0.0140625
2 0.45390625 0.459375 0.015625 0.01171875
2 0.43984375 0.44453125 0.01953125 0.01328125
2 0.4296875 0.42578125 0.01640625 0.01640625
2 0.43125 0.40859375 0.01796875 0.01640625
2 0.45078125 0.4078125 0.01640625 0.01484375
2 0.41171875 0.415625 0.01484375 0.01484375
2 0.39296875 0.41953125 0.01484375 0.0140625
2 0.40078125 0.43125 0.015625 0.01484375
2 0.41875 0.44375 0.01640625 0.01328125
2 0.41875 0.4640625 0.01640625 0.0140625
2 0.396875 0.4671875 0.01796875 0.01328125
0 0.3921875 0.44921875 0.0109375 0.0109375
2 0.37421875 0.42578125 0.01484375 0.015625
2 0.37890625 0.43671875 0.015625 0.0140625
2 0.37421875 0.46640625 0.01484375 0.015625
2 0.35625 0.471875 0.01640625 0.01328125
2 0.3546875 0.45703125 0.01640625 0.01796875
2 0.35703125 0.44140625 0.01484375 0.01328125
2 0.353125 0.42578125 0.01640625 0.0140625
3 0.31328125 0.46171875 0.02421875 0.015625
2 0.3203125 0.56015625 0.01953125 0.0140625
2 0.24921875 0.56640625 0.0203125 0.01796875
2 0.20078125 0.5703125 0.0203125 0.015625
2 0.2203125 0.48125 0.01640625 0.01640625
2 0.221875 0.45078125 0.01953125 0.01328125
2 0.16796875 0.4734375 0.01953125 0.015625
2 0.19609375 0.4640625 0.01875 0.01640625
2 0.13671875 0.60546875 0.01796875 0.0140625
2 0.12421875 0.47421875 0.01640625 0.01328125
2 0.12578125 0.45546875 0.01953125 0.01328125
2 0.14921875 0.440625 0.0203125 0.015625
2 0.084375 0.471875 0.02109375 0.01328125
4 0.1265625 0.4359375 0.0109375 0.00703125
4 0.11015625 0.59140625 0.01015625 0.009375
4 0.053125 0.578125 0.0109375 0.01015625
4 0.05703125 0.590625 0.01171875 0.01015625
2 0.02890625 0.56328125 0.01875 0.01640625
2 0.196875 0.3140625 0.009375 0.03125
2 0.20390625 0.21953125 0.01015625 0.028125
2 0.228125 0.384375 0.01171875 0.03125
2 0.33828125 0.57890625 0.01640625 0.01484375
2 0.38046875 0.5578125 0.01640625 0.01796875
2 0.4109375 0.56953125 0.01875 0.01953125
2 0.45 0.54453125 0.01484375 0.01484375
2 0.49453125 0.540625 0.01875 0.01484375
3 0.48984375 0.58046875 0.01640625 0.01484375
2 0.7828125 0.328125 0.009375 0.02890625
2 0.83046875 0.334375 0.01640625 0.015625
0 0.575 0.60078125 0.0109375 0.02421875
0 0.440625 0.565625 0.01171875 0.015625
4 0.03984375 0.43515625 0.009375 0.0109375
4 0.01484375 0.44140625 0.01328125 0.01171875
4 0.49609375 0.4609375 0.009375 0.00625
4 0.4796875 0.38046875 0.00859375 0.00625
4 0.4984375 0.3890625 0.00703125 0.009375
4 0.50625 0.39375 0.00625 0.00625
4 0.51015625 0.38203125 0.00859375 0.00546875
4 0.47890625 0.3984375 0.00859375 0.00546875
4 0.446875 0.434375 0.009375 0.00703125
4 0.4046875 0.4484375 0.009375 0.00703125
4 0.4875 0.434375 0.00859375 0.00625
4 0.47890625 0.43671875 0.009375 0.00703125
4 0.503125 0.40078125 0.009375 0.00625
4 0.50546875 0.459375 0.00859375 0.00703125
4 0.46328125 0.55859375 0.009375 0.009375