4 0.03125 0.4515625 0.015625 0.01875
4 0.05703125 0.43984375 0.0140625 0.0140625
4 0.03359375 0.55078125 0.0109375 0.01328125
4 0.12421875 0.53359375 0.0109375 0.01015625
4 0.121875 0.54921875 0.01328125 0.01015625
4 0.115625 0.55859375 0.01328125 0.0109375
4 0.12890625 0.565625 0.01171875 0.00859375
4 0.1328125 0.45546875 0.0140625 0.0109375
4 0.22421875 0.434375 0.0140625 0.01484375
4 0.18046875 0.5265625 0.0109375 0.0140625
4 0.23828125 0.46640625 0.009375 0.009375
4 0.27734375 0.42890625 0.0109375 0.0140625
4 0.290625 0.4390625 0.01171875 0.0140625
4 0.3234375 0.42578125 0.01171875 0.0140625
4 0.3421875 0.44296875 0.01328125 0.015625
4 0.35 0.465625 0.01015625 0.01171875
4 0.27421875 0.52421875 0.0140625 0.00859375
4 0.29609375 0.52890625 0.0109375 0.0140625
4 0.30625 0.52109375 0.00859375 0.01171875
4 0.278125 0.55390625 0.01015625 0.01015625
4 0.2765625 0.5640625 0.01328125 0.009375
4 0.31171875 0.56796875 0.0109375 0.01484375
4 0.321875 0.54375 0.0109375 0.01640625
4 0.34375 0.56640625 0.01328125 0.01484375
4 0.36328125 0.534375 0.01171875 0.015625
4 0.3765625 0.528125 0.009375 0.0140625
4 0.4015625 0.465625 0.01171875 0.01171875
4 0.446875 0.44921875 0.009375 0.0140625
4 0.4765625 0.46328125 0.01015625 0.01015625
4 0.41796875 0.52421875 0.01015625 0.01171875
4 0.41328125 0.53984375 0.015625 0.01171875
4 0.4359375 0.56484375 0.00859375 0.01640625
4 0.44375 0.52578125 0.01328125 0.01328125
2 0.253125 0.534375 0.02109375 0.01953125
0 0.3515625 0.5515625 0.01640625 0.01796875
0 0.3765625 0.43671875 0.01171875 0.01953125
0 0.40625 0.45 0.01484375 0.0140625
0 0.41796875 0.42890625 0.01875 0.02109375
0 0.478125 0.4375 0.01640625 0.01953125
0 0.46171875 0.55078125 0.01640625 0.01953125
0 0.48828125 0.53046875 0.0140625 0.01875
4 0.5359375 0.45390625 0.0109375 0.0109375
4 0.58046875 0.53515625 0.01171875 0.01015625
4 0.5703125 0.5609375 0.01015625 0.01171875
4 0.59453125 0.528125 0.01171875 0.0140625
4 0.6015625 0.55703125 0.009375 0.01015625
4 0.621875 0.52109375 0.0109375 0.009375
4 0.6484375 0.53359375 0.00859375 0.01171875
0 0.60859375 0.5453125 0.015625 0.015625
6 0.5484375 0.5265625 0.03828125 0.02578125
2 0.6109375 0.46328125 0.0203125 0.01484375
0 0.6140625 0.42734375 0.021875 0.01953125
4 0.60234375 0.4140625 0.0109375 0.0109375
4 0.6140625 0.44609375 0.01171875 0.01640625
0 0.55390625 0.5515625 0.0140625 0.01640625
4 0.6421875 0.421875 0.0109375 0.01171875
4 0.6625 0.4265625 0.01171875 0.009375
4 0.684375 0.409375 0.01015625 0.01171875
4 0.6859375 0.4484375 0.01328125 0.01484375
4 0.7078125 0.55703125 0.015625 0.01484375
4 0.7453125 0.54296875 0.0140625 0.01484375
4 0.78671875 0.53359375 0.01171875 0.01171875
4 0.809375 0.51875 0.01328125 0.0109375
4 0.828125 0.52109375 0.0109375 0.01171875
4 0.84609375 0.5140625 0.01328125 0.0109375
4 0.834375 0.53359375 0.01171875 0.015625
4 0.8546875 0.54765625 0.01015625 0.015625
4 0.86640625 0.55 0.01015625 0.01015625
4 0.87421875 0.52109375 0.0109375 0.01484375
4 0.76171875 0.4203125 0.0109375 0.01015625
4 0.86875 0.42890625 0.0140625 0.01796875
4 0.9046875 0.43984375 0.009375 0.009375
4 0.91640625 0.51875 0.01171875 0.0140625
4 0.88515625 0.53359375 0.015625 0.0140625
0 0.80625 0.5484375 0.01953125 0.01484375
6 0.71640625 0.459375 0.02578125 0.02109375
2 0.00859375 0.565625 0.0171875 0.021875
4 0.53125 0.56796875 0.01484375 0.0203125
4 0.8859375 0.5609375 0.021875 0.03203125
4 0.971875 0.53046875 0.01640625 0.01640625
4 0.98046875 0.515625 0.021875 0.01484375
4 0.98828125 0.4484375 0.021875 0.0203125
4 0.9859375 0.5453125 0.02421875 0.0203125
4 0.92890625 0.5390625 0.01875 0.02578125