2 0.20703125 0.6015625 0.01484375 0.01484375
2 0.35703125 0.2921875 0.01796875 0.01484375
2 0.41640625 0.2578125 0.01171875 0.02109375
2 0.40625 0.221875 0.01640625 0.01875
2 0.521875 0.33046875 0.0109375 0.03125
2 0.5328125 0.32734375 0.00859375 0.03515625
2 0.5734375 0.31953125 0.00703125 0.02890625
2 0.58203125 0.3203125 0.00859375 0.025
2 0.9796875 0.87578125 0.0109375 0.02578125
2 0.965625 0.909375 0.009375 0.02890625
2 0.734375 0.65703125 0.00859375 0.02421875
6 0.9015625 0.64140625 0.03984375 0.0203125
5 0.73359375 0.3859375 0.04609375 0.01953125
6 0.6765625 0.3859375 0.040625 0.01953125
6 0.29375 0.6390625 0.03046875 0.01953125
6 0.1640625 0.646875 0.0390625 0.01953125
6 0.1390625 0.678125 0.03828125 0.025
4 0.56328125 0.28125 0.0046875 0.0140625
3 0.7734375 0.85703125 0.021875 0.01796875
3 0.73203125 0.90234375 0.01015625 0.03515625
4 0.540625 0.28125 0.003125 0.0140625
4 0.55703125 0.29609375 0.003125 0.01484375
4 0.58359375 0.284375 0.0046875 0.01484375
4 0.59453125 0.30703125 0.00390625 0.01484375
4 0.58203125 0.24296875 0.003125 0.01484375
4 0.5484375 0.23046875 0.003125 0.01015625
4 0.55625 0.23046875 0.00390625 0.01171875
4 0.59609375 0.24375 0.003125 0.01328125
4 0.5328125 0.28046875 0.00390625 0.01328125
4 0.42890625 0.2765625 0.00390625 0.01328125
4 0.5890625 0.24453125 0.003125 0.01328125
4 0.54609375 0.28203125 0.003125 0.0140625
4 0.553125 0.2984375 0.003125 0.01171875
4 0.5609375 0.29609375 0.00390625 0.01171875
6 0.56640625 0.4796875 0.0203125 0.01640625
0 0.8390625 0.6484375 0.01484375 0.01484375
6 0.50859375 0.62421875 0.028125 0.0203125
2 0.696875 0.65 0.00546875 0.025
2 0.68984375 0.63359375 0.00625 0.025
2 0.68125 0.63671875 0.00625 0.021875
2 0.6890625 0.65859375 0.00625 0.01953125
4 0.89921875 0.6140625 0.009375 0.00859375
2 0.50625 0.27109375 0.01328125 0.02421875
0 0.83828125 0.60546875 0.01171875 0.00859375
2 0.78203125 0.40859375 0.01875 0.0140625
3 0.43046875 0.61015625 0.01953125 0.01484375
3 0.1671875 0.49140625 0.02421875 0.01484375
2 0.22265625 0.50703125 0.01953125 0.015625
2 0.99296875 0.925 0.00703125 0.0234375
2 0.84765625 0.49296875 0.015625 0.01484375
6 0.67734375 0.546875 0.0453125 0.0203125
2 0.54140625 0.59140625 0.01484375 0.01484375
2 0.48125 0.59140625 0.01328125 0.015625
6 0.8640625 0.7984375 0.01328125 0.03671875
2 0.20234375 0.56328125 0.015625 0.01640625
0 0.1859375 0.61953125 0.0109375 0.0140625
5 0.86640625 0.90859375 0.01484375 0.075
6 0.890625 0.58984375 0.0234375 0.021875
4 0.953125 0.61171875 0.0109375 0.0140625
4 0.99296875 0.609375 0.009375 0.01171875
2 0.99453125 0.86640625 0.01015625 0.01953125
6 0.62890625 0.46171875 0.0296875 0.01640625
1 0.61328125 0.3625 0.01484375 0.04609375
4 0.29765625 0.41796875 0.0109375 0.009375