0 0.1203125 0.65234375 0.015625 0.01484375
0 0.04375 0.73046875 0.01328125 0.015625
0 0.16796875 0.6890625 0.0140625 0.01484375
0 0.3203125 0.6828125 0.01171875 0.01171875
0 0.27421875 0.74765625 0.01640625 0.01484375
0 0.23671875 0.57421875 0.0109375 0.0203125
0 0.396875 0.52109375 0.01328125 0.01796875
0 0.509375 0.43984375 0.01328125 0.01640625
0 0.534375 0.51328125 0.01328125 0.01875
2 0.56328125 0.50625 0.0203125 0.02890625
0 0.44609375 0.61953125 0.01171875 0.015625
0 0.54921875 0.671875 0.01484375 0.0234375
0 0.590625 0.534375 0.01171875 0.0140625
0 0.61640625 0.34296875 0.01015625 0.02109375
0 0.6 0.36328125 0.01484375 0.01796875
0 0.5671875 0.46484375 0.00859375 0.0234375
0 0.70703125 0.21953125 0.015625 0.0234375
0 0.79375 0.28203125 0.0109375 0.02109375
4 0.81796875 0.26015625 0.00859375 0.02421875
0 0.83515625 0.084375 0.0140625 0.0296875
2 0.7137834703125 0.6208517687499999 0.698071084375 0.6031977875 0.695254696875 0.6129469984375 0.70906561875 0.6313018640625 0.7137834703125 0.6208517687499999
2 0.7299405734375 0.639559734375 0.719119765625 0.627702578125 0.714524621875 0.6337629109375 0.7265312749999999 0.64930894375 0.7299405734375 0.639559734375
4 0.6777348109375 0.6686461390625 0.6718056031249999 0.663112796875 0.6664693078124999 0.6791858328125 0.670026834375 0.6841921921874999 0.6777348109375 0.6686461390625
4 0.28203125 0.60390625 0.01015625 0.009375
4 0.2125 0.73828125 0.0109375 0.01171875
0 0.20390625 0.659375 0.01875 0.02890625
4 0.43828125 0.4109375 0.01015625 0.01484375
4 0.4859375 0.46953125 0.01015625 0.0140625
4 0.409375 0.5 0.01171875 0.01328125
4 0.51171875 0.51171875 0.00859375 0.0140625
0 0.521875 0.41171875 0.01328125 0.01484375
4 0.3859375 0.36953125 0.009375 0.01796875
4 0.3078125 0.30859375 0.00859375 0.01484375
4 0.2421875 0.19609375 0.01171875 0.01171875
4 0.2453125 0.24453125 0.0109375 0.01796875
4 0.25078125 0.41796875 0.01171875 0.0140625
2 0.21796875 0.41484375 0.01953125 0.0296875
2 0.3109375 0.3359375 0.021875 0.02421875
4 0.3921875 0.390625 0.015625 0.01796875
4 0.5453125 0.4078125 0.01328125 0.0140625
0 0.590625 0.421875 0.01328125 0.01640625
2 0.6125 0.5890625 0.0140625 0.01328125
4 0.6171875 0.534375 0.0109375 0.01640625
4 0.659375 0.58125 0.0109375 0.015625
4 0.5765625 0.35859375 0.01328125 0.01328125
4 0.665625 0.30390625 0.01328125 0.01171875
0 0.60390625 0.54296875 0.01328125 0.0234375
2 0.755321246875 0.8639532328125 0.7581649453125 0.8503848140624999 0.7357773812499999 0.8312760984375 0.7321227703125001 0.843999671875 0.755321246875 0.8639532328125
2 0.7037174765625 0.7981336812500001 0.706317509375 0.786117028125 0.691402909375 0.7744031671875 0.6885072937500001 0.7863481140624999 0.7037174765625 0.7981336812500001
4 0.90625 0.86640625 0.009375 0.0140625
4 0.81328125 0.89609375 0.0109375 0.01796875
4 0.96484375 0.9140625 0.01171875 0.01875
4 0.965625 0.934375 0.00859375 0.01875
4 0.94609375 0.91875 0.01171875 0.01328125
4 0.7296875 0.846875 0.00859375 0.01171875
0 0.7296875 0.39453125 0.01015625 0.021875
0 0.7734375 0.42109375 0.00859375 0.01875
4 0.75703125 0.41875 0.00703125 0.015625
4 0.775 0.34609375 0.0109375 0.01171875
2 0.73984375 0.4640625 0.01015625 0.03359375
4 0.6640625 0.47421875 0.01171875 0.0109375
0 0.7546875 0.49765625 0.0109375 0.02421875
2 0.59765625 0.31796875 0.01640625 0.02421875
2 0.19453125 0.809375 0.0203125 0.015625
0 0.06796875 0.721875 0.015625 0.01328125
3 0.359375 0.5765625 0.0140625 0.009375
4 0.85078125 0.953125 0.01328125 0.01953125
4 0.7984375 0.7640625 0.015625 0.025
3 0.8140625 0.7578125 0.01171875 0.021875
0 0.71640625 0.82578125 0.015625 0.01953125
2 0.57421875 0.67890625 0.01796875 0.00859375
2 0.45703125 0.67421875 0.01953125 0.0265625
4 0.503125 0.6390625 0.0109375 0.015625
4 0.57578125 0.70390625 0.01328125 0.01328125
4 0.58671875 0.66796875 0.00859375 0.01171875
4 0.6109375 0.68515625 0.01171875 0.015625
4 0.58828125 0.64140625 0.00703125 0.01953125
4 0.65078125 0.59140625 0.01328125 0.0203125
3 0.5109375 0.48203125 0.0203125 0.03046875
4 0.4359375 0.48359375 0.01328125 0.0140625
3 0.4046875 0.54296875 0.01171875 0.0109375
4 0.4734375 0.590625 0.009375 0.01015625
3 0.478125 0.628125 0.01875 0.021875
0 0.17578125 0.38203125 0.0109375 0.01328125
1 0.153125 0.35625 0.01953125 0.0234375
2 0.296875 0.25546875 0.01953125 0.02109375
2 0.20703125 0.3453125 0.01953125 0.021875
4 0.67890625 0.2640625 0.01328125 0.0140625
4 0.70078125 0.2671875 0.0109375 0.01328125
4 0.67578125 0.25078125 0.0140625 0.015625
2 0.78415704375 0.30332112499999997 0.7800122078125 0.29787535468750004 0.7701006609375 0.3241431796875 0.7747861171875 0.32990929687500004 0.78415704375 0.30332112499999997
2 0.76127036875 0.3846873140625 0.756044290625 0.3821245890625 0.7497369421875 0.40647037187499996 0.7543490140625 0.40622066874999996 0.76127036875 0.3846873140625
4 0.745051471875 0.35777880781250004 0.741447271875 0.3510516859375 0.7333378234375 0.3635449234375 0.7360997234375 0.3693716234375 0.745051471875 0.35777880781250004
4 0.77265625 0.29140625 0.01015625 0.0109375
4 0.81875 0.20078125 0.00546875 0.02109375
0 0.530442478125 0.68388929375 0.52234880625 0.6783557421874999 0.5195471421875 0.6863793859375 0.5274851828125 0.6938497031249999 0.530442478125 0.68388929375
0 0.4565761109375 0.6508725937500001 0.45750999375 0.6414655625 0.44723725312499996 0.6425722671874999 0.44810607343750003 0.6500644171875 0.4565761109375 0.6508725937500001
0 0.4295304640625 0.6189047078125001 0.420658553125 0.6155845765625 0.4200359609375 0.625268290625 0.4281296453125 0.626098321875 0.4295304640625 0.6189047078125001
0 0.6856396765625 0.6131443953125 0.678989421875 0.6224326484375 0.6991776734374999 0.662963203125 0.70587471875 0.6509878734375001 0.6856396765625 0.6131443953125
2 0.5585514328125 0.4739420015625 0.53823464375 0.47667797968750003 0.53885029375 0.4914522671875 0.5591670843750001 0.48707470624999993 0.5585514328125 0.4739420015625
4 0.7109375 0.76328125 0.01484375 0.015625
4 0.61015625 0.70703125 0.01328125 0.01171875
4 0.609375 0.72578125 0.01328125 0.01328125
4 0.74296875 0.665625 0.01171875 0.01328125
2 0.6984375 0.8078125 0.01796875 0.02578125
4 0.86640625 0.81953125 0.015625 0.01796875
4 0.8953125 0.83125 0.015625 0.0140625
2 0.778125 0.859375 0.02109375 0.02890625
4 0.8171875 0.93203125 0.0140625 0.01484375
0 0.803125 0.903125 0.01796875 0.01953125
3 0.6097256546875001 0.564054865625 0.601336290625 0.55659844375 0.5989653765625 0.5698903375000001 0.6099080296875 0.5715112984374999 0.6097256546875001 0.564054865625
2 0.6314285828124999 0.5653516390625 0.61939166875 0.5501145984375 0.6172031312499999 0.55951618125 0.6272338937499999 0.5718354875 0.6314285828124999 0.5653516390625
3 0.65203725 0.552708134375 0.6463835359375001 0.5420097890625 0.6400690171875 0.5436563578125 0.6498487125 0.55951618125 0.65203725 0.552708134375
4 0.64296875 0.565625 0.009375 0.01484375
4 0.63984375 0.58125 0.009375 0.01171875
0 0.640625 0.421875 0.009375 0.034375
0 0.52890625 0.3703125 0.0140625 0.01484375
0 0.55390625 0.38046875 0.015625 0.01328125
0 0.57421875 0.3796875 0.0140625 0.0109375
0 0.57890625 0.40546875 0.015625 0.0109375
0 0.540625 0.428125 0.01484375 0.01171875
4 0.4828125 0.44296875 0.01171875 0.01328125
4 0.45703125 0.41328125 0.01328125 0.0140625
4 0.484375 0.4609375 0.01171875 0.01015625
4 0.49296875 0.43203125 0.0109375 0.01171875
3 0.40546875 0.6390625 0.01640625 0.015625
0 0.3921875 0.6609375 0.01953125 0.01796875
4 0.421875 0.64453125 0.0140625 0.0140625
2 0.74453125 0.18828125 0.01875 0.03828125
1 0.7625 0.25078125 0.04375 0.08828125
1 0.72421875 0.33984375 0.0453125 0.08359375
2 0.68125 0.48828125 0.01484375 0.0265625
2 0.7 0.48359375 0.0140625 0.028125
5 0.528125 0.60390625 0.03671875 0.071875
6 0.58203125 0.615625 0.04453125 0.04140625
2 0.28984375 0.55234375 0.0234375 0.028125