0 0.528125 0.50390625 0.01640625 0.03359375
0 0.39453125 0.715625 0.01953125 0.01953125
0 0.64140625 0.63125 0.01484375 0.028125
0 0.628125 0.46015625 0.015625 0.028125
0 0.63671875 0.215625 0.01953125 0.0265625
0 0.7546875 0.14921875 0.02109375 0.028125
0 0.7828125 0.8859375 0.01484375 0.0234375
0 0.4765625 0.48046875 0.01328125 0.028125
0 0.303125 0.91640625 0.01484375 0.03125
2 0.278125 0.9640625 0.01796875 0.046875
2 0.22109375 0.97890625 0.01953125 0.04140625
2 0.3234375 0.70859375 0.02421875 0.04453125
2 0.4765625 0.54453125 0.02578125 0.04140625
2 0.659375 0.79609375 0.02421875 0.04140625
2 0.85546875 0.9671875 0.02578125 0.03828125
2 0.32578125 0.3734375 0.01015625 0.04453125
2 0.23125 0.18515625 0.021875 0.0296875
2 0.51796875 0.2734375 0.025 0.03828125
3 0.25234375 0.23125 0.01953125 0.03203125
3 0.190625 0.2046875 0.0203125 0.03515625
3 0.21328125 0.24921875 0.021875 0.0390625
6 0.19140625 0.246875 0.0296875 0.04921875
2 0.18984375 0.12265625 0.021875 0.03359375
2 0.30859375 0.10625 0.01875 0.03046875
4 0.2359375 0.15703125 0.01328125 0.01953125
4 0.3078125 0.13203125 0.009375 0.01640625
4 0.31875 0.15234375 0.0140625 0.021875
4 0.34375 0.19609375 0.009375 0.01796875
4 0.3421875 0.16484375 0.009375 0.0203125
4 0.33515625 0.31015625 0.01171875 0.01796875
4 0.35703125 0.35234375 0.01328125 0.0203125
4 0.3734375 0.36796875 0.01171875 0.02421875
4 0.359375 0.421875 0.009375 0.01328125
2 0.4046875 0.140625 0.0203125 0.034375
0 0.3765625 0.19375 0.01640625 0.03515625
4 0.38671875 0.26171875 0.01171875 0.0203125
4 0.39375 0.30078125 0.00859375 0.01796875
4 0.40078125 0.328125 0.01171875 0.01796875
4 0.43828125 0.3265625 0.01171875 0.0109375
4 0.44921875 0.2984375 0.01015625 0.01796875
4 0.425 0.44609375 0.01171875 0.01953125
4 0.43125 0.45390625 0.009375 0.01875
4 0.4 0.50546875 0.009375 0.021875
4 0.44140625 0.50078125 0.01015625 0.01796875
4 0.47109375 0.5015625 0.01171875 0.01640625
4 0.49921875 0.44921875 0.0109375 0.015625
4 0.46953125 0.38828125 0.0140625 0.01796875
4 0.453125 0.4140625 0.01171875 0.01796875
4 0.503125 0.36640625 0.0109375 0.015625
4 0.51796875 0.334375 0.01015625 0.01484375
4 0.52578125 0.47890625 0.0109375 0.01328125
4 0.496875 0.52578125 0.01171875 0.01484375
4 0.51171875 0.54140625 0.01015625 0.01875
4 0.54296875 0.4578125 0.01171875 0.02109375
4 0.5484375 0.4359375 0.01015625 0.0234375
4 0.56484375 0.44453125 0.009375 0.021875
4 0.48984375 0.57421875 0.01015625 0.01875
4 0.4828125 0.58828125 0.0140625 0.01875
4 0.54375 0.67890625 0.01171875 0.01640625
4 0.5640625 0.70234375 0.01015625 0.015625
4 0.584375 0.7 0.01015625 0.01796875
4 0.58984375 0.7296875 0.01171875 0.0140625
4 0.61484375 0.634375 0.0109375 0.015625
4 0.61953125 0.7375 0.00859375 0.01640625
4 0.63203125 0.7453125 0.009375 0.01796875
6 0.56328125 0.95 0.03671875 0.065625
4 0.709375 0.928125 0.01015625 0.01484375
4 0.72109375 0.88046875 0.01015625 0.021875
4 0.709375 0.87890625 0.0109375 0.01953125
4 0.709375 0.846875 0.01171875 0.01953125
4 0.7046875 0.971875 0.009375 0.01875
4 0.73046875 0.8078125 0.009375 0.01640625
4 0.746875 0.8328125 0.01171875 0.01875
4 0.7640625 0.83046875 0.009375 0.01640625
4 0.76640625 0.8109375 0.00859375 0.0234375
4 0.76328125 0.78359375 0.01015625 0.01953125
4 0.75390625 0.759375 0.009375 0.021875
4 0.77421875 0.74453125 0.01015625 0.01484375
4 0.69609375 0.7375 0.01328125 0.01640625
4 0.7203125 0.9296875 0.009375 0.01953125
4 0.803125 0.909375 0.01015625 0.01640625
4 0.76953125 0.88515625 0.0109375 0.01953125
4 0.79296875 0.86796875 0.009375 0.01796875
4 0.7515625 0.9921875 0.009375 0.015625
2 0.7234375 0.959375 0.0234375 0.02421875
2 0.7578125 0.63125 0.01875 0.0390625
2 0.84609375 0.3875 0.021875 0.04140625
2 0.865625 0.28828125 0.0234375 0.02890625
4 0.89296875 0.03203125 0.0140625 0.01640625
4 0.91328125 0.196875 0.015625 0.01875
4 0.9515625 0.25234375 0.015625 0.01796875
4 0.97890625 0.265625 0.01796875 0.01796875
4 0.85078125 0.21484375 0.01953125 0.0203125
4 0.82421875 0.209375 0.015625 0.01796875
4 0.80546875 0.27109375 0.0203125 0.02421875
4 0.76484375 0.29375 0.01328125 0.01796875
4 0.696875 0.33359375 0.015625 0.01796875
4 0.59921875 0.38671875 0.0140625 0.01328125
4 0.60078125 0.39921875 0.01640625 0.01640625
4 0.61953125 0.42109375 0.01171875 0.0140625
4 0.628125 0.3828125 0.01171875 0.015625
4 0.64296875 0.440625 0.01328125 0.0109375
4 0.646875 0.45859375 0.01171875 0.01015625
4 0.77578125 0.7 0.00859375 0.01953125
4 0.79140625 0.61640625 0.009375 0.015625
4 0.33046875 0.871875 0.01328125 0.025
4 0.30390625 0.88203125 0.00859375 0.01875
4 0.30078125 0.86796875 0.00859375 0.01796875
4 0.29453125 0.90078125 0.009375 0.02109375
4 0.30390625 0.95 0.01015625 0.02109375
4 0.25546875 0.90859375 0.01171875 0.021875
4 0.2140625 0.94609375 0.0109375 0.01953125
2 0.32734375 0.91484375 0.01875 0.04140625
2 0.55078125 0.24453125 0.025 0.0296875
2 0.659375 0.14921875 0.02578125 0.03046875
2 0.6234375 0.15703125 0.01796875 0.04296875
4 0.61171875 0.24296875 0.01171875 0.01640625
4 0.73046875 0.12421875 0.0140625 0.01640625
4 0.6390625 0.184375 0.009375 0.01328125
4 0.36328125 0.56953125 0.01328125 0.01875
4 0.3765625 0.5921875 0.01484375 0.01796875
4 0.36171875 0.59921875 0.0109375 0.01875
4 0.3359375 0.5921875 0.01015625 0.0203125
4 0.32421875 0.57421875 0.01015625 0.01953125
4 0.38828125 0.65625 0.0109375 0.02109375
4 0.35625 0.70703125 0.01015625 0.01796875
4 0.378125 0.728125 0.00859375 0.02421875
4 0.36796875 0.7515625 0.00859375 0.01796875
4 0.359375 0.76328125 0.00859375 0.01875
4 0.3484375 0.76640625 0.00703125 0.0203125
4 0.359375 0.7890625 0.01171875 0.0203125
4 0.2859375 0.7609375 0.01171875 0.025
4 0.3234375 0.834375 0.0109375 0.021875
4 0.31171875 0.85703125 0.0109375 0.0234375
3 0.51875 0.70546875 0.025 0.040625
3 0.6703125 0.43828125 0.0265625 0.03203125
3 0.7359375 0.38671875 0.02578125 0.03125
3 0.8109375 0.33203125 0.02578125 0.03203125
3 0.8390625 0.30859375 0.03203125 0.0390625
3 0.865625 0.33359375 0.03125 0.05859375
3 0.82421875 0.4484375 0.034375 0.065625
3 0.72890625 0.67734375 0.0234375 0.03515625
3 0.7171875 0.64765625 0.02578125 0.04453125
3 0.69296875 0.61015625 0.02109375 0.03671875
3 0.67109375 0.57890625 0.01875 0.02578125
3 0.80546875 0.50390625 0.01953125 0.03203125
3 0.61953125 0.490625 0.021875 0.02578125
3 0.62890625 0.5390625 0.01875 0.03203125
3 0.6296875 0.50546875 0.02109375 0.03671875
3 0.66640625 0.5609375 0.0203125 0.02890625
3 0.684375 0.58671875 0.0234375 0.0390625
3 0.52265625 0.21796875 0.0234375 0.02890625
3 0.21875 0.2734375 0.0203125 0.03203125
3 0.23203125 0.28203125 0.0265625 0.046875
4 0.2421875 0.23828125 0.00859375 0.01875
4 0.23515625 0.2390625 0.009375 0.01328125
4 0.33125 0.05703125 0.00859375 0.01640625
4 0.34296875 0.03671875 0.009375 0.01796875
4 0.35390625 0.04765625 0.009375 0.01953125
4 0.36171875 0.0578125 0.01015625 0.01640625
4 0.34375 0.06953125 0.00859375 0.0140625
4 0.3359375 0.0640625 0.00703125 0.01484375
4 0.32421875 0.0671875 0.009375 0.01015625
4 0.33125 0.078125 0.00625 0.01328125
4 0.32109375 0.07265625 0.009375 0.0109375
4 0.31171875 0.08515625 0.0109375 0.01328125
4 0.3765625 0.07890625 0.00625 0.01640625
4 0.3796875 0.10078125 0.009375 0.01484375
4 0.3890625 0.1046875 0.00625 0.01875
4 0.3828125 0.11484375 0.00546875 0.01484375
4 0.3765625 0.11640625 0.00625 0.0140625
4 0.371875 0.1265625 0.0046875 0.01640625
4 0.378125 0.1390625 0.00546875 0.01640625
4 0.3671875 0.115625 0.00625 0.01875
4 0.3609375 0.1140625 0.00703125 0.01640625
4 0.3640625 0.09375 0.00625 0.01640625
4 0.359375 0.0859375 0.00703125 0.015625
4 0.353125 0.1015625 0.00625 0.01796875
4 0.34921875 0.09375 0.00859375 0.01484375
4 0.34140625 0.1 0.00546875 0.0140625
4 0.3390625 0.12421875 0.00625 0.0140625
4 0.34609375 0.10859375 0.00703125 0.015625
4 0.34375 0.134375 0.00625 0.0140625
4 0.3484375 0.13515625 0.00625 0.015625
4 0.22578125 0.83671875 0.0109375 0.0109375
4 0.228125 0.82265625 0.0109375 0.009375
4 0.23671875 0.796875 0.0109375 0.01171875
4 0.24296875 0.771875 0.01015625 0.0109375
4 0.2390625 0.78671875 0.0109375 0.009375
3 0.27734375 0.67265625 0.01640625 0.02890625
4 0.48125 0.27578125 0.0046875 0.01875
4 0.4734375 0.278125 0.0046875 0.01640625
4 0.50234375 0.2609375 0.00703125 0.01875
4 0.51484375 0.24609375 0.00703125 0.01484375
4 0.4140625 0.27421875 0.00859375 0.015625
4 0.43203125 0.2859375 0.00546875 0.01796875
4 0.409375 0.26171875 0.00625 0.015625
4 0.38671875 0.228125 0.01015625 0.01171875
4 0.38828125 0.2109375 0.009375 0.01015625
4 0.390625 0.1875 0.0109375 0.01796875
4 0.35703125 0.13203125 0.00625 0.015625
4 0.5640625 0.19921875 0.00625 0.01875
4 0.55078125 0.1875 0.0046875 0.02109375
4 0.5546875 0.18203125 0.00546875 0.02421875
4 0.58359375 0.20078125 0.0046875 0.01640625
4 0.59140625 0.1953125 0.00546875 0.01640625
4 0.57734375 0.2015625 0.00703125 0.0203125
4 0.584375 0.184375 0.00625 0.015625
4 0.59140625 0.171875 0.0046875 0.015625
4 0.59609375 0.17578125 0.00625 0.01640625
4 0.60390625 0.17109375 0.00625 0.01875
4 0.6109375 0.1296875 0.00625 0.0203125
4 0.6109375 0.15625 0.00546875 0.01875
4 0.64296875 0.13203125 0.00703125 0.01796875
4 0.65078125 0.12734375 0.00546875 0.01953125
4 0.65703125 0.12578125 0.0046875 0.01796875
4 0.66171875 0.125 0.0046875 0.01875
4 0.66796875 0.12265625 0.00546875 0.01640625
4 0.67890625 0.13046875 0.00859375 0.01640625
4 0.6828125 0.1109375 0.00703125 0.01796875
4 0.69375 0.10390625 0.00546875 0.01875
4 0.60546875 0.840625 0.00703125 0.015625
4 0.59921875 0.83671875 0.00703125 0.015625
4 0.78203125 0.72421875 0.009375 0.01328125
4 0.7890625 0.70703125 0.01015625 0.00859375
4 0.80625 0.65703125 0.00859375 0.01171875
4 0.80859375 0.646875 0.00859375 0.01484375
4 0.8171875 0.634375 0.009375 0.01015625
4 0.82734375 0.60078125 0.0109375 0.0140625
4 0.78515625 0.55390625 0.01171875 0.0109375
4 0.78984375 0.54453125 0.0109375 0.0140625
4 0.79140625 0.534375 0.01171875 0.009375
4 0.778125 0.5640625 0.01171875 0.01328125
4 0.8921875 0.43359375 0.0109375 0.0140625
4 0.8953125 0.42421875 0.01171875 0.01328125
4 0.90546875 0.396875 0.009375 0.02421875
4 0.2625 0.4796875 0.00703125 0.01640625
4 0.25703125 0.478125 0.00546875 0.01796875
4 0.28125 0.50234375 0.00625 0.01796875
4 0.29140625 0.50859375 0.00625 0.0140625
3 0.7 0.415625 0.0296875 0.034375
4 0.7734375 0.578125 0.0109375 0.0109375
6 0.07578125 0.02890625 0.0390625 0.0578125