1 0.19140625 0.85625 0.078125 0.05390625
4 0.19296875 0.75625 0.0234375 0.02578125
4 0.040625 0.92578125 0.01640625 0.02890625
4 0.09765625 0.93828125 0.01796875 0.02578125
4 0.51875 0.52109375 0.01015625 0.03203125
4 0.51328125 0.803125 0.01640625 0.021875
4 0.4984375 0.80234375 0.01484375 0.0296875
4 0.48359375 0.89453125 0.01875 0.02578125
4 0.55546875 0.82109375 0.01484375 0.02578125
4 0.57890625 0.83203125 0.0140625 0.01875
4 0.64296875 0.84921875 0.01796875 0.0265625
4 0.55546875 0.91796875 0.0234375 0.0234375
4 0.58984375 0.73046875 0.015625 0.0234375
2 0.48671875 0.771875 0.0265625 0.03984375
4 0.30859375 0.64921875 0.01171875 0.01640625
2 0.92265625 0.8140625 0.03046875 0.03515625
4 0.81484375 0.7671875 0.01796875 0.03046875
4 0.6890625 0.77109375 0.01484375 0.0203125
4 0.70703125 0.89609375 0.01640625 0.028125
4 0.86640625 0.89140625 0.01875 0.02890625
0 0.72734375 0.7671875 0.01875 0.0265625
4 0.59453125 0.853125 0.01796875 0.03046875
2 0.51484375 0.4203125 0.015625 0.04296875
0 0.51953125 0.228125 0.01796875 0.04453125
4 0.52109375 0.1203125 0.01796875 0.04140625
4 0.18125 0.946875 0.01171875 0.0140625
4 0.40390625 0.77578125 0.078125 0.1359375