0 0.06796875 0.71875 0.015625 0.01484375
0 0.03828125 0.696875 0.01328125 0.015625
0 0.22421875 0.71875 0.0140625 0.01484375
4 0.278125 0.6953125 0.01171875 0.01171875
4 0.3859375 0.5015625 0.009375 0.01328125
0 0.271875 0.75390625 0.01875 0.01875
0 0.23671875 0.57421875 0.0109375 0.0203125
0 0.36796875 0.57109375 0.0140625 0.01953125
2 0.5390625 0.684375 0.01875 0.02421875
4 0.51796875 0.4625 0.01328125 0.01875
4 0.60859375 0.515625 0.01640625 0.021875
0 0.621875 0.353125 0.01015625 0.02109375
0 0.6046875 0.36171875 0.01484375 0.01796875
0 0.6859375 0.2375 0.015625 0.0234375
0 0.80234375 0.24140625 0.0109375 0.02109375
4 0.8375 0.1890625 0.009375 0.02421875
0 0.88203125 0.09140625 0.0140625 0.0296875
4 0.1609375 0.66640625 0.01015625 0.009375
0 0.090625 0.75078125 0.01484375 0.01484375
4 0.209375 0.64453125 0.01328125 0.01328125
4 0.28359375 0.61171875 0.0109375 0.01484375
4 0.33046875 0.3140625 0.01015625 0.01484375
2 0.484375 0.45859375 0.01640625 0.0234375
4 0.38671875 0.53125 0.01171875 0.01328125
4 0.5046875 0.44765625 0.00859375 0.0140625
0 0.6078125 0.33984375 0.01328125 0.01484375
4 0.34375 0.35390625 0.009375 0.01796875
4 0.29921875 0.290625 0.00859375 0.01484375
2 0.20546875 0.23515625 0.0203125 0.025
0 0.22890625 0.23203125 0.0109375 0.01796875
4 0.26796875 0.59375 0.01171875 0.0140625
4 0.33671875 0.459375 0.0109375 0.015625
2 0.21796875 0.41484375 0.01953125 0.0296875
4 0.55703125 0.415625 0.01484375 0.02109375
4 0.609375 0.57890625 0.0140625 0.01328125
4 0.56953125 0.64453125 0.0109375 0.01640625
4 0.65078125 0.59921875 0.0109375 0.015625
0 0.60078125 0.53515625 0.01328125 0.0234375
0 0.6826499453125 0.799036028125 0.685249978125 0.7870193765625 0.670335378125 0.7753055140625 0.6674397625 0.7872504625000001 0.6826499453125 0.799036028125
4 0.9890625 0.94921875 0.01171875 0.01875
4 0.98359375 0.965625 0.01171875 0.01328125
4 0.71328125 0.803125 0.00859375 0.01171875
0 0.73046875 0.4265625 0.01015625 0.021875
0 0.7734375 0.41796875 0.01640625 0.025
4 0.765625 0.32890625 0.009375 0.015625
4 0.67578125 0.5234375 0.015625 0.0203125
0 0.7546875 0.49765625 0.0109375 0.02421875
0 0.678125 0.26953125 0.01640625 0.02421875
2 0.19453125 0.809375 0.0203125 0.015625
4 0.134375 0.690625 0.015625 0.01328125
4 0.3234375 0.58828125 0.0140625 0.01640625
4 0.8015625 0.74296875 0.015625 0.025
2 0.67578125 0.76171875 0.0234375 0.028125
2 0.45625 0.66953125 0.01953125 0.0265625
4 0.51875 0.66328125 0.0109375 0.015625
4 0.57578125 0.70390625 0.01328125 0.01328125
4 0.559375 0.64375 0.00859375 0.01171875
4 0.5890625 0.6640625 0.01171875 0.015625
5 0.559375 0.465625 0.04140625 0.06953125
4 0.378125 0.5140625 0.01328125 0.0140625
0 0.43203125 0.55078125 0.01328125 0.0140625
3 0.446875 0.440625 0.025 0.02890625
0 0.5015625 0.64609375 0.01328125 0.01875
4 0.43046875 0.53046875 0.0109375 0.0140625
0 0.17578125 0.38203125 0.0109375 0.01328125
2 0.153125 0.35625 0.01953125 0.0234375
2 0.296875 0.25546875 0.01953125 0.02109375
4 0.20859375 0.34765625 0.015625 0.01640625
0 0.61953125 0.31796875 0.01796875 0.015625
4 0.6890625 0.2546875 0.0140625 0.015625
4 0.80078125 0.26953125 0.0140625 0.01953125
4 0.82421875 0.21328125 0.01015625 0.02109375
4 0.75625 0.7015625 0.01484375 0.015625
4 0.56015625 0.62109375 0.01328125 0.01328125
3 0.75234375 0.728125 0.015625 0.01796875
4 0.9125 0.8703125 0.015625 0.0140625
0 0.7765625 0.86796875 0.0203125 0.02890625
4 0.66328125 0.52734375 0.009375 0.01484375
4 0.56484375 0.63125 0.009375 0.01171875
4 0.64921875 0.50234375 0.01015625 0.01953125
0 0.40078125 0.540625 0.015625 0.015625
3 0.57109375 0.43125 0.015625 0.0109375
4 0.49296875 0.42734375 0.01171875 0.01328125
4 0.4234375 0.40390625 0.01328125 0.0140625
0 0.32421875 0.55859375 0.0140625 0.01796875
4 0.5203125 0.39609375 0.0109375 0.01171875
0 0.47421875 0.65390625 0.01640625 0.015625
0 0.44453125 0.6390625 0.01953125 0.01796875
0 0.75859375 0.8703125 0.01640625 0.0296875
4 0.79375 0.8734375 0.009375 0.01953125
4 0.6609375 0.6046875 0.01171875 0.01484375
2 0.16796875 0.1328125 0.01875 0.025
4 0.5140625 0.44375 0.0140625 0.0203125
4 0.47421875 0.3890625 0.01015625 0.015625
2 0.57578125 0.609375 0.021875 0.02109375
0 0.71953125 0.4359375 0.01171875 0.02890625
0 0.721875 0.475 0.00859375 0.01484375
0 0.715625 0.5 0.00859375 0.02421875
2 0.6234375 0.71328125 0.0234375 0.03203125
4 0.62421875 0.73671875 0.01328125 0.021875
4 0.69140625 0.78828125 0.01015625 0.01328125
4 0.70703125 0.7890625 0.00859375 0.01171875
0 0.40625 0.571875 0.01328125 0.01328125
0 0.3515625 0.54296875 0.01875 0.02109375
0 0.290625 0.6953125 0.01640625 0.01640625
4 0.23671875 0.6359375 0.01328125 0.01484375
1 0.66640625 0.43828125 0.04609375 0.08984375
1 0.72109375 0.34140625 0.04296875 0.0984375
2 0.70078125 0.6109375 0.02421875 0.03984375
2 0.721875 0.634375 0.01875 0.03359375
0 0.1015625 0.14375 0.01796875 0.0265625
0 0.17421875 0.32578125 0.01171875 0.01953125
3 0.2515625 0.40625 0.01484375 0.025
4 0.365625 0.45703125 0.009375 0.01875
4 0.3109375 0.45390625 0.009375 0.01640625
0 0.309375 0.50390625 0.01640625 0.021875
3 0.33671875 0.49140625 0.01640625 0.02109375
0 0.35703125 0.48828125 0.01171875 0.021875
2 0.28828125 0.546875 0.025 0.025
4 0.19375 0.71640625 0.0109375 0.0140625
4 0.24296875 0.70078125 0.01328125 0.01796875
4 0.25859375 0.73046875 0.0140625 0.01796875
3 0.5046875 0.5921875 0.0140625 0.03359375
5 0.53515625 0.628125 0.040625 0.034375
2 0.5671875 0.67421875 0.01875 0.02890625
4 0.59140625 0.70546875 0.01171875 0.02109375
4 0.6234375 0.59609375 0.009375 0.01953125
4 0.6359375 0.62265625 0.0109375 0.0203125
4 0.66328125 0.62109375 0.00703125 0.01796875
0 0.6484375 0.61328125 0.0140625 0.03046875
2 0.66484375 0.65 0.025 0.04296875
2 0.684375 0.6359375 0.0203125 0.04609375
2 0.52734375 0.51953125 0.015625 0.03828125
3 0.653125 0.32109375 0.0203125 0.03203125
0 0.71796875 0.18828125 0.0109375 0.028125
0 0.7140625 0.146875 0.01171875 0.0296875
2 0.796875 0.22578125 0.01796875 0.03125
0 0.73828125 0.128125 0.01484375 0.025
0 0.703125 0.190625 0.0109375 0.0265625
3 0.753125 0.325 0.0140625 0.02890625
2 0.7609375 0.37578125 0.009375 0.025
3 0.70390625 0.4484375 0.01015625 0.021875
2 0.68046875 0.48671875 0.01953125 0.03046875
2 0.69140625 0.46171875 0.0109375 0.02578125
2 0.6953125 0.4875 0.0140625 0.0265625
0 0.7078125 0.48359375 0.00859375 0.0203125
0 0.69453125 0.5140625 0.01171875 0.0203125
0 0.721875 0.65546875 0.01640625 0.0234375
0 0.71328125 0.66640625 0.01484375 0.02109375
3 0.71796875 0.69453125 0.01796875 0.0265625
3 0.76484375 0.72578125 0.01171875 0.01796875
2 0.784375 0.74375 0.01640625 0.02578125
4 0.603125 0.55234375 0.01015625 0.01875
4 0.0859375 0.69609375 0.01484375 0.025
3 0.69453125 0.825 0.01640625 0.02421875