2 0.0515625 0.63359375 0.02421875 0.02109375
2 0.03203125 0.5390625 0.0140625 0.03984375
2 0.22265625 0.48515625 0.01328125 0.04609375
2 0.2109375 0.384375 0.00859375 0.0359375
2 0.21796875 0.51640625 0.00703125 0.03359375
2 0.303125 0.69375 0.01953125 0.0203125
2 0.19375 0.72265625 0.015625 0.01484375
2 0.4265625 0.71328125 0.0140625 0.03984375
2 0.390625 0.76796875 0.0140625 0.040625
2 0.38828125 0.8421875 0.00703125 0.021875
2 0.3890625 0.86328125 0.01015625 0.01953125
2 0.38671875 0.88359375 0.01796875 0.02578125
2 0.384375 0.94375 0.01015625 0.02890625
2 0.46015625 0.6796875 0.01171875 0.04453125
2 0.4515625 0.64140625 0.0140625 0.02421875
2 0.45546875 0.553125 0.01015625 0.04609375
2 0.440625 0.53984375 0.01171875 0.0359375
2 0.41796875 0.5109375 0.009375 0.03359375
2 0.4234375 0.471875 0.01484375 0.0359375
2 0.45390625 0.3515625 0.00859375 0.040625
2 0.465625 0.34921875 0.01171875 0.04296875
2 0.5296875 0.33046875 0.01484375 0.03203125
2 0.51953125 0.3484375 0.0140625 0.02109375
2 0.51328125 0.40859375 0.0109375 0.01640625
2 0.53203125 0.45546875 0.01796875 0.028125
2 0.546875 0.4765625 0.0109375 0.03984375
2 0.590625 0.465625 0.02578125 0.02109375
2 0.61953125 0.46328125 0.0234375 0.01875
2 0.6265625 0.35234375 0.025 0.03359375
2 0.5140625 0.7015625 0.01015625 0.0359375
2 0.5265625 0.73828125 0.0109375 0.0296875
2 0.53984375 0.7375 0.015625 0.028125
2 0.53671875 0.76875 0.01640625 0.02578125
2 0.51015625 0.76796875 0.01015625 0.03125
2 0.52578125 0.8625 0.01015625 0.03671875
2 0.5171875 0.93203125 0.01015625 0.0296875
2 0.56171875 0.97109375 0.01484375 0.01171875
2 0.56171875 0.98515625 0.0140625 0.01640625
2 0.809375 0.88828125 0.00703125 0.03203125
2 0.834375 0.9015625 0.015625 0.03203125
2 0.84453125 0.90078125 0.0109375 0.04296875
2 0.8015625 0.946875 0.01796875 0.021875
2 0.7984375 0.9625 0.02109375 0.01953125
2 0.79609375 0.9859375 0.01640625 0.0265625
2 0.8265625 0.52109375 0.0234375 0.0203125
2 0.890625 0.52890625 0.0203125 0.01875
2 0.79453125 0.1984375 0.0109375 0.03203125
2 0.80546875 0.221875 0.015625 0.01953125
2 0.8265625 0.2703125 0.00859375 0.02890625
2 0.91328125 0.33046875 0.0203125 0.02109375
2 0.70625 0.284375 0.0140625 0.03828125
3 0.5765625 0.2640625 0.01640625 0.0453125
3 0.70390625 0.30625 0.01640625 0.02421875
3 0.67109375 0.34453125 0.034375 0.03203125
2 0.6703125 0.50390625 0.01875 0.02578125
2 0.684375 0.51640625 0.015625 0.02421875
2 0.6859375 0.5453125 0.015625 0.04140625
2 0.53359375 0.271875 0.00859375 0.04140625
2 0.534375 0.2265625 0.01171875 0.03671875
1 0.53359375 0.14296875 0.01328125 0.096875
2 0.56484375 0.184375 0.01796875 0.0265625
2 0.5625 0.203125 0.015625 0.01796875
2 0.5640625 0.14453125 0.01875 0.01875
2 0.56171875 0.1296875 0.01796875 0.01875
2 0.578125 0.1 0.01796875 0.02421875
2 0.58203125 0.05625 0.0234375 0.0265625
2 0.6109375 0.053125 0.01640625 0.01875
2 0.61640625 0.02734375 0.01640625 0.01484375
2 0.61328125 0.009375 0.01875 0.01875
2 0.515625 0.1484375 0.0109375 0.04296875
2 0.4609375 0.1765625 0.01015625 0.03125
2 0.46328125 0.13359375 0.0046875 0.03203125
2 0.45625 0.23046875 0.015625 0.04453125
2 0.45703125 0.2890625 0.01171875 0.03203125
2 0.42578125 0.1765625 0.01640625 0.01796875
2 0.41328125 0.18359375 0.009375 0.03828125
2 0.40390625 0.1671875 0.01171875 0.02890625
2 0.9796875 0.3015625 0.02890625 0.02421875
0 0.865625 0.18125 0.01171875 0.0359375
2 0.8421875 0.49140625 0.021875 0.01953125
2 0.61015625 0.51796875 0.01640625 0.01640625
2 0.553125 0.06796875 0.015625 0.02890625
2 0.5140625 0.2265625 0.00859375 0.03828125
2 0.040625 0.21484375 0.01171875 0.040625
2 0.04453125 0.084375 0.00703125 0.04921875
2 0.04296875 0.11796875 0.00859375 0.05078125
2 0.090625 0.03359375 0.0234375 0.02578125
2 0.18828125 0.0609375 0.0203125 0.01953125
2 0.20625 0.06484375 0.01875 0.02109375
2 0.22421875 0.06953125 0.01640625 0.02109375
2 0.2890625 0.090625 0.01875 0.0234375
2 0.3046875 0.09453125 0.0203125 0.01484375
2 0.334375 0.1015625 0.01796875 0.01796875
2 0.33671875 0.04609375 0.01796875 0.0546875
2 0.359375 0.0546875 0.01328125 0.04140625
2 0.1859375 0.0859375 0.02109375 0.02421875
2 0.228125 0.2484375 0.01015625 0.04296875
2 0.21328125 0.2984375 0.01015625 0.03515625
0 0.78125 0.203125 0.01171875 0.03046875
0 0.6859375 0.31796875 0.01328125 0.01484375
0 0.73671875 0.33671875 0.0203125 0.025
0 0.8265625 0.4734375 0.01171875 0.01875
0 0.96953125 0.49375 0.01328125 0.01796875
0 0.76484375 0.27265625 0.01015625 0.02890625
0 0.7203125 0.515625 0.01484375 0.01640625
0 0.5203125 0.27578125 0.00859375 0.02109375
0 0.51953125 0.20390625 0.01015625 0.02578125
0 0.5484375 0.125 0.00703125 0.03203125
0 0.55078125 0.040625 0.0109375 0.03046875
0 0.5703125 0.03203125 0.00703125 0.028125
0 0.51171875 0.2734375 0.0046875 0.0234375
0 0.5140625 0.29375 0.00859375 0.02109375
0 0.44921875 0.128125 0.0140625 0.03125
0 0.465625 0.48125 0.00859375 0.0234375
0 0.46328125 0.51796875 0.01171875 0.0203125
0 0.53828125 0.64609375 0.01328125 0.02421875
0 0.5109375 0.571875 0.00859375 0.021875
0 0.53046875 0.78828125 0.0109375 0.0203125
0 0.5375 0.81171875 0.0140625 0.0203125
0 0.53828125 0.8359375 0.01171875 0.03359375
0 0.54140625 0.85859375 0.00859375 0.0203125
0 0.5390625 0.88203125 0.009375 0.01796875
0 0.54140625 0.903125 0.00546875 0.02109375
0 0.515625 0.89921875 0.00703125 0.0234375
0 0.5234375 0.83125 0.0109375 0.02578125
0 0.5359375 0.9609375 0.00703125 0.0359375
0 0.5265625 0.95546875 0.0109375 0.03671875
0 0.52421875 0.9765625 0.01328125 0.0234375
0 0.39375 0.603125 0.015625 0.01875
0 0.39296875 0.62578125 0.01796875 0.01953125
0 0.390625 0.70625 0.01015625 0.02421875
0 0.37109375 0.69453125 0.01640625 0.01953125
0 0.071875 0.665625 0.01796875 0.0203125
4 0.025 0.6984375 0.0234375 0.0234375
4 0.115625 0.65546875 0.01796875 0.01875
4 0.2515625 0.67421875 0.0140625 0.02421875
4 0.271875 0.671875 0.0109375 0.01796875
4 0.3109375 0.6359375 0.01171875 0.01640625
4 0.3203125 0.67109375 0.01484375 0.01796875
4 0.384375 0.68671875 0.0109375 0.01953125
4 0.4375 0.77890625 0.009375 0.0203125
4 0.44375 0.7796875 0.00859375 0.0265625
4 0.4265625 0.80703125 0.01015625 0.021875
4 0.4390625 0.88125 0.00859375 0.0359375
1 0.44296875 0.96640625 0.02109375 0.06640625
4 0.440625 0.66953125 0.01796875 0.01484375
4 0.3515625 0.60234375 0.01015625 0.01796875
4 0.36953125 0.61171875 0.015625 0.01484375
4 0.4390625 0.6265625 0.00859375 0.01875
4 0.43046875 0.63671875 0.0109375 0.021875
4 0.41796875 0.615625 0.009375 0.01171875
4 0.4484375 0.5875 0.009375 0.02421875
4 0.44453125 0.6109375 0.01328125 0.021875
4 0.46171875 0.5984375 0.009375 0.0203125
4 0.44453125 0.56875 0.00703125 0.01640625
4 0.46171875 0.565625 0.00703125 0.01953125
4 0.45546875 0.61875 0.009375 0.02421875
4 0.446875 0.45859375 0.009375 0.0265625
4 0.4515625 0.4140625 0.00546875 0.01796875
4 0.44375 0.38125 0.00859375 0.025
4 0.44921875 0.36875 0.01484375 0.021875
4 0.51484375 0.65234375 0.01015625 0.021875
4 0.5171875 0.61328125 0.01015625 0.021875
4 0.51875 0.58515625 0.00703125 0.01484375
4 0.5265625 0.5515625 0.00703125 0.01484375
4 0.5296875 0.528125 0.00859375 0.02578125
4 0.55390625 0.521875 0.01015625 0.0234375
4 0.56328125 0.50078125 0.01171875 0.01953125
4 0.55625 0.48203125 0.00859375 0.02421875
4 0.55703125 0.45078125 0.00703125 0.0296875
4 0.54140625 0.40703125 0.01015625 0.025
4 0.534375 0.40234375 0.009375 0.02421875
4 0.53671875 0.60234375 0.00859375 0.0359375
4 0.971875 0.3640625 0.01328125 0.03125
4 0.92578125 0.321875 0.0140625 0.02421875
4 0.87578125 0.34921875 0.01484375 0.02421875
4 0.821875 0.33203125 0.015625 0.02109375
4 0.81875 0.35625 0.01796875 0.01484375
4 0.73359375 0.4859375 0.01640625 0.021875
4 0.7484375 0.49296875 0.0203125 0.02109375
4 0.6765625 0.4859375 0.00859375 0.01953125
4 0.6359375 0.4609375 0.01171875 0.0265625
4 0.58984375 0.346875 0.01015625 0.046875
4 0.54140625 0.30390625 0.01171875 0.01484375
4 0.54375 0.321875 0.00703125 0.0140625
4 0.521875 0.303125 0.00546875 0.01875
4 0.86953125 0.496875 0.0109375 0.009375
4 0.86015625 0.50859375 0.01015625 0.0140625
4 0.84921875 0.5203125 0.00390625 0.01328125
4 0.946875 0.50625 0.01328125 0.01328125
4 0.521875 0.3890625 0.01328125 0.01328125
4 0.52421875 0.36953125 0.00859375 0.0234375
4 0.534375 0.36953125 0.0140625 0.0140625
4 0.5359375 0.38203125 0.00859375 0.0109375
4 0.44453125 0.334375 0.00703125 0.025
4 0.43828125 0.265625 0.00703125 0.01640625
4 0.43125 0.2828125 0.00859375 0.01796875
4 0.446875 0.246875 0.00859375 0.02578125
4 0.446875 0.17578125 0.00859375 0.01875
4 0.453125 0.1484375 0.00703125 0.01484375
4 0.52109375 0.11875 0.00703125 0.02421875
4 0.51640625 0.0859375 0.00859375 0.02578125
4 0.54140625 0.0890625 0.0109375 0.02109375
4 0.90703125 0.49296875 0.01640625 0.01484375