2 0.021875 0.09453125 0.01875 0.0390625
2 0.01171875 0.04375 0.01953125 0.04609375
4 0.01640625 0.00859375 0.01328125 0.01640625
3 0.06484375 0.32578125 0.02421875 0.06875
2 0.1484375 0.2609375 0.021875 0.04140625
2 0.12109375 0.3640625 0.028125 0.04453125
4 0.0296875 0.44140625 0.01328125 0.01171875
0 0.04453125 0.4234375 0.01953125 0.01796875
2 0.06640625 0.44921875 0.025 0.02421875
2 0.06875 0.47421875 0.02578125 0.01875
2 0.125 0.45859375 0.03046875 0.02421875
4 0.13046875 0.41015625 0.015625 0.01484375
0 0.190625 0.3734375 0.0203125 0.01875
4 0.221875 0.42890625 0.015625 0.01484375
4 0.25546875 0.36640625 0.01484375 0.0109375
4 0.209375 0.44375 0.015625 0.01484375
2 0.21015625 0.46796875 0.02578125 0.02421875
4 0.2828125 0.47109375 0.01328125 0.0140625
4 0.35859375 0.465625 0.01640625 0.01640625
4 0.38359375 0.43828125 0.0140625 0.01484375
4 0.41484375 0.42890625 0.0140625 0.01484375
2 0.49609375 0.36796875 0.02578125 0.01953125
4 0.50703125 0.3953125 0.0140625 0.01484375
2 0.7671875 0.16953125 0.02421875 0.02421875
2 0.77578125 0.253125 0.02578125 0.02578125
2 0.89609375 0.33984375 0.02578125 0.02421875
4 0.91640625 0.39296875 0.01328125 0.01171875
2 0.9140625 0.52578125 0.028125 0.025
0 0.80546875 0.5 0.01953125 0.01640625
4 0.5234375 0.55390625 0.0140625 0.0140625
0 0.4359375 0.55859375 0.01953125 0.015625
6 0.4203125 0.58515625 0.04140625 0.03125
2 0.3203125 0.5125 0.025 0.0234375
4 0.20546875 0.57265625 0.0140625 0.01328125
3 0.11640625 0.57890625 0.01953125 0.0234375
2 0.06015625 0.53203125 0.021875 0.02421875
2 0.0328125 0.53203125 0.028125 0.025
2 0.05234375 0.5546875 0.02578125 0.01953125
4 0.02421875 0.5609375 0.0140625 0.009375
4 0.028125 0.56953125 0.01171875 0.00859375
4 0.0359375 0.57734375 0.01171875 0.00859375
0 0.0078125 0.57734375 0.01484375 0.021875
4 0.0140625 0.596875 0.0140625 0.01015625