4 0.00625 0.01953125 0.00859375 0.028125
4 0.02421875 0.03828125 0.0109375 0.028125
4 0.00546875 0.09296875 0.0109375 0.02421875
2 0.04453125 0.13515625 0.01796875 0.04921875
2 0.06171875 0.13671875 0.01640625 0.04296875
2 0.034375 0.18671875 0.01484375 0.03671875
2 0.05078125 0.18125 0.0140625 0.04453125
2 0.04375 0.23125 0.0203125 0.04453125
2 0.1484375 0.26953125 0.01875 0.05
5 0.015625 0.24921875 0.02578125 0.0890625
5 0.06640625 0.3515625 0.02578125 0.075
0 0.1296875 0.409375 0.01640625 0.025
0 0.00703125 0.578125 0.01328125 0.0265625
0 0.190625 0.384375 0.0140625 0.01796875
3 0.18828125 0.421875 0.02109375 0.01953125
2 0.05390625 0.5390625 0.02109375 0.02421875
2 0.115625 0.55703125 0.02578125 0.0203125
4 0.0359375 0.5953125 0.0140625 0.01640625
4 0.00703125 0.61796875 0.0140625 0.021875
4 0.2828125 0.47109375 0.01328125 0.01796875
4 0.21953125 0.4140625 0.015625 0.02421875
4 0.53046875 0.56640625 0.01640625 0.0203125
2 0.496875 0.36953125 0.02578125 0.025
4 0.56484375 0.340625 0.0140625 0.0140625
2 0.71640625 0.43828125 0.03125 0.025
2 0.7765625 0.2484375 0.02890625 0.02578125
2 0.7671875 0.165625 0.02578125 0.0296875
2 0.896875 0.32890625 0.03203125 0.02890625
2 0.98515625 0.39609375 0.0296875 0.034375
2 0.98359375 0.32421875 0.02578125 0.028125
4 0.82734375 0.490625 0.01796875 0.0140625
0 0.74609375 0.4671875 0.01953125 0.01953125