2 0.97734375 0.3046875 0.02578125 0.028125
2 0.8984375 0.3140625 0.03125 0.0265625
2 0.77421875 0.23359375 0.02890625 0.03203125
2 0.76328125 0.1515625 0.02421875 0.028125
2 0.65859375 0.50703125 0.02421875 0.0234375
2 0.6515625 0.4765625 0.0265625 0.0203125
4 0.5640625 0.33203125 0.01171875 0.01484375
4 0.34296875 0.56328125 0.021875 0.0234375
4 0.2265625 0.559375 0.01328125 0.02109375
2 0.04765625 0.57421875 0.02109375 0.02421875
2 0.14375 0.28125 0.015625 0.04609375
6 0.046875 0.125 0.01953125 0.0453125
2 0.00625 0.05078125 0.01171875 0.040625
4 0.028125 0.59453125 0.01328125 0.01953125
0 0.18671875 0.38984375 0.015625 0.01875