0 0.53046875 0.4375 0.01953125 0.03359375
2 0.4890625 0.540625 0.01640625 0.04296875
2 0.565625 0.50859375 0.0140625 0.04296875
2 0.56484375 0.57265625 0.01796875 0.040625
3 0.55234375 0.31953125 0.02578125 0.0515625
2 0.58203125 0.25546875 0.02421875 0.0390625
2 0.65859375 0.24140625 0.0265625 0.02578125
2 0.60078125 0.21796875 0.0265625 0.034375
0 0.50625 0.1484375 0.021875 0.03125
4 0.64453125 0.17421875 0.01796875 0.025
2 0.62421875 0.0140625 0.01484375 0.028125
2 0.54296875 0.0109375 0.015625 0.0203125
2 0.559375 0.08125 0.01640625 0.03125
4 0.6828125 0.12890625 0.0140625 0.03125
4 0.6984375 0.1265625 0.01015625 0.021875
4 0.70703125 0.1265625 0.01328125 0.0265625
2 0.78046875 0.15546875 0.015625 0.04140625
2 0.821875 0.0265625 0.0203125 0.0484375
2 0.840625 0.17890625 0.02421875 0.025
2 0.878125 0.25078125 0.02890625 0.02578125
3 0.771875 0.20859375 0.025 0.03359375
2 0.76171875 0.246875 0.02890625 0.02890625
3 0.92734375 0.178125 0.02578125 0.03359375
3 0.86015625 0.18828125 0.0203125 0.03203125
4 0.86328125 0.20625 0.021875 0.0234375
0 0.9578125 0.20859375 0.02421875 0.034375
4 0.99296875 0.209375 0.0140625 0.02109375
2 0.7234375 0.24375 0.02890625 0.028125
2 0.68203125 0.21640625 0.02890625 0.02890625
0 0.640625 0.22109375 0.0203125 0.02421875
4 0.64140625 0.2515625 0.01484375 0.0234375
3 0.68125 0.1953125 0.02578125 0.028125
3 0.625 0.2140625 0.021875 0.03125
4 0.60703125 0.196875 0.01875 0.02109375
2 0.996875 0.38203125 0.00546875 0.028125
2 0.9953125 0.40703125 0.009375 0.02578125
2 0.9890625 0.44140625 0.021875 0.025
4 0.9484375 0.43046875 0.01796875 0.01953125
4 0.92109375 0.4703125 0.01796875 0.0234375
2 0.98125 0.38046875 0.03125 0.0296875
2 0.97578125 0.4078125 0.0296875 0.03203125
2 0.94921875 0.38125 0.028125 0.0265625
2 0.93125 0.440625 0.02890625 0.03046875
3 0.93125 0.37109375 0.02890625 0.03046875
2 0.90859375 0.378125 0.0296875 0.02890625
2 0.8828125 0.37265625 0.02578125 0.02421875
4 0.8359375 0.459375 0.01640625 0.01796875
4 0.82578125 0.4625 0.01484375 0.01875
2 0.86171875 0.43359375 0.0296875 0.0265625
2 0.8953125 0.4359375 0.02890625 0.025
1 0.878125 0.40625 0.0703125 0.03984375
1 0.93671875 0.40859375 0.05859375 0.03515625
0 0.80390625 0.41953125 0.02578125 0.0296875
0 0.78359375 0.421875 0.0234375 0.0203125
0 0.78125 0.3734375 0.028125 0.02578125
6 0.809375 0.37578125 0.028125 0.0265625
2 0.83359375 0.37109375 0.025 0.02890625
2 0.8578125 0.3796875 0.02578125 0.0265625
2 0.82578125 0.43359375 0.03203125 0.028125
4 0.86953125 0.390625 0.01640625 0.0203125
4 0.88046875 0.3890625 0.01796875 0.02109375
4 0.70703125 0.4484375 0.01640625 0.01953125
4 0.72578125 0.40859375 0.0140625 0.01953125
4 0.73046875 0.41953125 0.01640625 0.0203125
4 0.7390625 0.4109375 0.015625 0.02421875
2 0.75703125 0.43203125 0.03203125 0.034375
2 0.7578125 0.4140625 0.0296875 0.03125
1 0.80546875 0.396875 0.07578125 0.03203125
2 0.7546875 0.36875 0.03046875 0.0265625
2 0.71328125 0.365625 0.03125 0.028125
4 0.71015625 0.39453125 0.01953125 0.0203125
4 0.703125 0.38046875 0.01640625 0.01875
4 0.6921875 0.3703125 0.01484375 0.021875
4 0.64453125 0.34375 0.01171875 0.0140625
4 0.65390625 0.3484375 0.01953125 0.01875
4 0.6328125 0.3484375 0.0140625 0.01484375
4 0.628125 0.359375 0.01875 0.01796875
4 0.71171875 0.4234375 0.01484375 0.01953125
4 0.7015625 0.4234375 0.01328125 0.01875
4 0.68203125 0.40546875 0.01484375 0.01953125
4 0.690625 0.4109375 0.01484375 0.01484375
4 0.68828125 0.41953125 0.01640625 0.01171875
4 0.69296875 0.42578125 0.01796875 0.015625
4 0.68125 0.4359375 0.01484375 0.02109375
4 0.68125 0.4265625 0.015625 0.01640625
4 0.67578125 0.4203125 0.01484375 0.021875
4 0.6734375 0.403125 0.01484375 0.0203125
4 0.66640625 0.40078125 0.015625 0.0140625
4 0.65546875 0.39765625 0.01484375 0.01875
4 0.6421875 0.39609375 0.01484375 0.01875
0 0.6359375 0.40703125 0.0203125 0.021875
0 0.63828125 0.42890625 0.021875 0.01953125
4 0.63359375 0.44296875 0.01640625 0.02109375
4 0.66171875 0.43125 0.01328125 0.01640625
4 0.65234375 0.4265625 0.0140625 0.0203125
4 0.6546875 0.42109375 0.01171875 0.0140625
4 0.6640625 0.4203125 0.015625 0.01875
4 0.65078125 0.40703125 0.01328125 0.01796875
2 0.6765625 0.36796875 0.0265625 0.0265625
2 0.65078125 0.36328125 0.02578125 0.02890625
2 0.640625 0.38359375 0.02578125 0.0296875
2 0.66953125 0.3859375 0.028125 0.0265625
2 0.69453125 0.39296875 0.028125 0.03046875
4 0.521875 0.95546875 0.0140625 0.03046875
5 0.17421875 0.89921875 0.040625 0.0734375
4 0.44296875 0.3390625 0.01640625 0.02578125
6 0.3453125 0.41171875 0.0203125 0.02109375
4 0.33046875 0.42109375 0.01484375 0.01953125
4 0.30078125 0.5828125 0.01328125 0.01640625
0 0.04296875 0.0171875 0.025 0.034375
4 0.02890625 0.053125 0.015625 0.0296875
4 0.015625 0.065625 0.01796875 0.03203125
4 0.01796875 0.075 0.01953125 0.0265625
4 0.43984375 0.14609375 0.01875 0.0203125
4 0.4140625 0.17109375 0.01640625 0.0203125
2 0.415625 0.18671875 0.025 0.0234375
2 0.41640625 0.203125 0.02578125 0.028125
0 0.41640625 0.22578125 0.021875 0.02578125
0 0.4015625 0.23125 0.0203125 0.02578125
0 0.38671875 0.225 0.02421875 0.02578125
4 0.39296875 0.184375 0.01640625 0.02421875
2 0.390625 0.2015625 0.02578125 0.025
2 0.34453125 0.19765625 0.021875 0.02421875
2 0.3609375 0.21796875 0.025 0.02421875
4 0.34375 0.22578125 0.01796875 0.02421875
4 0.30078125 0.590625 0.01484375 0.015625
4 0.2984375 0.603125 0.01875 0.01640625
2 0.090625 0.565625 0.02578125 0.03125
2 0.0484375 0.56015625 0.03046875 0.03125
2 0.040625 0.5859375 0.03515625 0.03359375
2 0.0328125 0.675 0.0265625 0.03828125
2 0.71015625 0.41171875 0.0234375 0.025
2 0.64296875 0.415625 0.015625 0.01640625
6 0.74140625 0.38984375 0.0390625 0.0296875