2 0.334375 0.2765625 0.01640625 0.0140625
2 0.38671875 0.20703125 0.01484375 0.01328125
2 0.3953125 0.24296875 0.01015625 0.01484375
4 0.4046875 0.26015625 0.003125 0.0109375
4 0.40859375 0.2609375 0.00390625 0.0109375
4 0.42890625 0.19453125 0.0046875 0.01015625
4 0.521875 0.21953125 0.003125 0.00859375
4 0.5265625 0.21953125 0.0015625 0.009375
4 0.52890625 0.21953125 0.003125 0.01015625
4 0.53671875 0.21953125 0.003125 0.0109375
4 0.5609375 0.23203125 0.003125 0.01328125
4 0.5640625 0.23203125 0.003125 0.0140625
4 0.5703125 0.23515625 0.003125 0.01328125
4 0.57421875 0.23359375 0.003125 0.01328125
4 0.578125 0.234375 0.003125 0.0109375
4 0.58046875 0.29453125 0.003125 0.0140625
4 0.57578125 0.29921875 0.003125 0.01015625
4 0.57109375 0.2890625 0.0015625 0.00859375
4 0.56796875 0.284375 0.003125 0.01484375
4 0.5640625 0.27578125 0.003125 0.01328125
4 0.56484375 0.29140625 0.003125 0.01171875
4 0.54375 0.27109375 0.003125 0.01171875
4 0.5421875 0.2859375 0.0015625 0.01484375
4 0.53828125 0.28515625 0.003125 0.0140625
4 0.53359375 0.28671875 0.003125 0.01328125
4 0.52421875 0.27109375 0.003125 0.01171875
4 0.52109375 0.26953125 0.003125 0.01484375
4 0.5140625 0.26953125 0.003125 0.0140625
2 0.50234375 0.31953125 0.00546875 0.0265625
2 0.5125 0.31875 0.00625 0.02578125
2 0.55390625 0.3109375 0.00625 0.0234375
2 0.56328125 0.3109375 0.00625 0.021875
5 0.6578125 0.3796875 0.03828125 0.01796875
5 0.7140625 0.37890625 0.04375 0.01640625
0 0.71015625 0.396875 0.00859375 0.00859375
4 0.74453125 0.4265625 0.00546875 0.00859375
2 0.7640625 0.40859375 0.015625 0.01171875
2 0.77421875 0.38828125 0.01171875 0.0140625
6 0.78359375 0.42578125 0.03125 0.0234375
3 0.8421875 0.31484375 0.009375 0.03046875
3 0.99296875 0.29453125 0.00859375 0.028125
4 0.96640625 0.2390625 0.00625 0.01015625
4 0.93828125 0.37109375 0.00703125 0.0046875
5 0.896875 0.38515625 0.0484375 0.01953125
4 0.3359375 0.39609375 0.00625 0.009375
6 0.1328125 0.4015625 0.02578125 0.01796875
5 0.09140625 0.478125 0.046875 0.01640625
2 0.09375 0.59140625 0.0140625 0.0109375
2 0.140625 0.53828125 0.01484375 0.01171875
0 0.21328125 0.559375 0.01328125 0.00859375
0 0.25859375 0.60859375 0.009375 0.00703125
4 0.2703125 0.5984375 0.00703125 0.00546875
5 0.26953125 0.628125 0.0296875 0.01484375
5 0.10703125 0.66953125 0.03515625 0.0203125
5 0.13359375 0.63359375 0.0359375 0.015625
5 0.0515625 0.7265625 0.01484375 0.05625
5 0.01953125 0.7390625 0.0109375 0.05
5 0.015625 0.9296875 0.0109375 0.04609375
6 0.27109375 0.46640625 0.0390625 0.01796875
6 0.42734375 0.4921875 0.0296875 0.01875
6 0.47109375 0.46875 0.02890625 0.01484375
6 0.4703125 0.45 0.03984375 0.01875
2 0.46953125 0.58515625 0.0140625 0.01171875
4 0.49296875 0.55 0.00625 0.00546875
4 0.5109375 0.60703125 0.00703125 0.00625
2 0.57109375 0.62109375 0.0109375 0.009375
2 0.59453125 0.56171875 0.01328125 0.01015625
6 0.54296875 0.4484375 0.02890625 0.0140625
6 0.61171875 0.4734375 0.02890625 0.01640625
6 0.6390625 0.44921875 0.03046875 0.01796875
6 0.69609375 0.45 0.03984375 0.01953125
6 0.72890625 0.54140625 0.0234375 0.01796875
6 0.71640625 0.603125 0.025 0.01640625
5 0.82265625 0.4703125 0.03828125 0.01796875
5 0.9609375 0.56328125 0.06875 0.01953125
6 0.9453125 0.53671875 0.03671875 0.015625
2 0.96875 0.478125 0.0140625 0.01171875
2 0.92890625 0.59375 0.01484375 0.0109375
2 0.93046875 0.79921875 0.01015625 0.01015625
2 0.93046875 0.8140625 0.01328125 0.01171875
2 0.98203125 0.8140625 0.01328125 0.02109375
2 0.971875 0.8640625 0.01171875 0.01953125
2 0.9875 0.88359375 0.01328125 0.02109375
2 0.99609375 0.91484375 0.00703125 0.02421875
2 0.9546875 0.871875 0.00703125 0.0265625
2 0.96640625 0.9234375 0.00625 0.02109375
2 0.946875 0.90078125 0.00703125 0.0234375
2 0.9390625 0.90703125 0.00703125 0.025
4 0.925 0.659375 0.00625 0.009375
4 0.89140625 0.61328125 0.00546875 0.00625
4 0.89609375 0.5953125 0.00859375 0.00859375
4 0.9234375 0.609375 0.00703125 0.00859375
4 0.85703125 0.59140625 0.00859375 0.00859375
4 0.784375 0.62421875 0.00703125 0.00546875
3 0.815625 0.575 0.0140625 0.01953125
3 0.7671875 0.55390625 0.01171875 0.0140625
3 0.7453125 0.5984375 0.01875 0.01484375
3 0.67734375 0.61953125 0.00703125 0.0203125
3 0.709375 0.89765625 0.00703125 0.02890625
3 0.75078125 0.85390625 0.01875 0.0140625
0 0.815625 0.60390625 0.01015625 0.00546875
0 0.81640625 0.64609375 0.0109375 0.0109375
0 0.7890625 0.60390625 0.01171875 0.01171875
0 0.75078125 0.66875 0.01484375 0.01171875
2 0.8 0.58671875 0.01328125 0.01171875
2 0.71328125 0.65390625 0.00859375 0.0203125
2 0.66015625 0.63203125 0.00703125 0.021875
2 0.66796875 0.63046875 0.00546875 0.0234375
2 0.67265625 0.66875 0.00625 0.0234375