2 0.03828125 0.53828125 0.009375 0.03671875
2 0.2140625 0.3890625 0.015625 0.04453125
2 0.225 0.4828125 0.01015625 0.04609375
2 0.221875 0.515625 0.00859375 0.03359375
2 0.05625 0.63125 0.0203125 0.0203125
2 0.021875 0.6984375 0.01875 0.02890625
2 0.4234375 0.46484375 0.00859375 0.03359375
2 0.4546875 0.40703125 0.0109375 0.03203125
2 0.45078125 0.446875 0.009375 0.03984375
2 0.46328125 0.45546875 0.01015625 0.03203125
2 0.4609375 0.496875 0.00859375 0.0453125
2 0.45 0.49296875 0.01171875 0.03671875
2 0.421875 0.5109375 0.0109375 0.03984375
2 0.44453125 0.53671875 0.0140625 0.0296875
2 0.45703125 0.54140625 0.009375 0.03203125
2 0.52578125 0.35390625 0.02109375 0.0265625
2 0.5234375 0.39296875 0.01328125 0.028125
2 0.534375 0.4109375 0.01328125 0.0234375
2 0.546875 0.4265625 0.0109375 0.02890625
2 0.53828125 0.45625 0.015625 0.02109375
2 0.44609375 0.6140625 0.0109375 0.03359375
2 0.45625 0.64609375 0.009375 0.0296875
2 0.44609375 0.6640625 0.01171875 0.040625
2 0.196875 0.721875 0.0203125 0.0140625
2 0.396875 0.77109375 0.009375 0.03671875
2 0.39140625 0.8453125 0.0140625 0.021875
2 0.39296875 0.86328125 0.015625 0.0140625
2 0.39296875 0.88125 0.01796875 0.0265625
2 0.38828125 0.94375 0.01171875 0.028125
2 0.5453125 0.7359375 0.0140625 0.0296875
2 0.53125 0.74609375 0.01171875 0.04296875
2 0.54140625 0.76171875 0.015625 0.03671875
2 0.53125 0.8515625 0.01015625 0.03125
2 0.521875 0.93125 0.01015625 0.03359375
2 0.56484375 0.97265625 0.01796875 0.01796875
2 0.565625 0.98515625 0.0140625 0.0234375
2 0.815625 0.89375 0.01171875 0.03203125
2 0.83984375 0.90703125 0.0140625 0.040625
2 0.853125 0.90859375 0.0109375 0.04375
2 0.80390625 0.94921875 0.01875 0.02578125
2 0.80546875 0.975 0.01640625 0.01953125
2 0.8 0.9921875 0.015625 0.015625
2 0.8328125 0.52421875 0.02109375 0.0234375
2 0.896875 0.534375 0.0234375 0.021875
2 0.690625 0.546875 0.01328125 0.03359375
2 0.690625 0.51796875 0.0140625 0.01640625
2 0.67578125 0.509375 0.0203125 0.02421875
2 0.615625 0.51953125 0.01875 0.01171875
2 0.91953125 0.33359375 0.02109375 0.021875
2 0.83203125 0.27421875 0.0109375 0.034375
2 0.79140625 0.25 0.009375 0.03671875
2 0.81171875 0.21953125 0.0109375 0.02578125
2 0.77421875 0.31953125 0.0203125 0.025
2 0.71171875 0.2859375 0.01171875 0.025
3 0.58125 0.265625 0.015625 0.04921875
2 0.56953125 0.2078125 0.01640625 0.021875
2 0.5703125 0.18671875 0.01875 0.028125
2 0.55703125 0.16171875 0.0203125 0.01796875
2 0.56796875 0.14765625 0.0203125 0.02421875
2 0.56640625 0.13046875 0.01796875 0.01328125
2 0.56953125 0.1140625 0.01875 0.01484375
2 0.58125 0.09921875 0.02109375 0.0234375
2 0.58828125 0.053125 0.02421875 0.021875
2 0.61640625 0.053125 0.01796875 0.02109375
2 0.62109375 0.02734375 0.01796875 0.01953125
2 0.62109375 0.009375 0.02578125 0.01875
2 0.5390625 0.14609375 0.01484375 0.0359375
2 0.5390625 0.228125 0.0109375 0.03203125
2 0.52890625 0.22890625 0.00859375 0.02578125
2 0.53046875 0.2875 0.00859375 0.02890625
2 0.53125 0.32421875 0.01171875 0.03359375
2 0.4671875 0.2734375 0.00703125 0.03359375
2 0.43046875 0.17578125 0.01328125 0.01875
2 0.41796875 0.18125 0.009375 0.040625
2 0.41015625 0.16328125 0.009375 0.03671875
2 0.43125 0.41484375 0.0109375 0.03359375
2 0.04921875 0.21484375 0.01328125 0.03828125
2 0.04921875 0.115625 0.015625 0.04453125
2 0.04921875 0.07578125 0.01171875 0.03125
2 0.096875 0.03046875 0.025 0.01484375
2 0.19609375 0.05703125 0.01875 0.01796875
2 0.190625 0.08125 0.0203125 0.01796875
2 0.2109375 0.06171875 0.01875 0.01171875
2 0.23046875 0.06875 0.01640625 0.021875
2 0.29453125 0.08984375 0.015625 0.01484375
2 0.31328125 0.09453125 0.01875 0.0234375
2 0.340625 0.0984375 0.01875 0.0109375
2 0.340625 0.04765625 0.0109375 0.03671875
2 0.36328125 0.05703125 0.00546875 0.03984375
2 0.2328125 0.24921875 0.01328125 0.02890625
2 0.21875 0.30390625 0.0109375 0.040625
0 0.578125 0.028125 0.009375 0.02578125
0 0.55859375 0.04453125 0.01015625 0.02890625
0 0.55703125 0.1296875 0.00859375 0.03046875
0 0.53671875 0.18359375 0.01484375 0.02421875
0 0.51953125 0.2359375 0.01015625 0.0265625
0 0.6921875 0.31875 0.015625 0.0265625
0 0.73828125 0.3421875 0.0203125 0.021875
0 0.7734375 0.27578125 0.01328125 0.03359375
0 0.87421875 0.1890625 0.01171875 0.03046875
0 0.7234375 0.51796875 0.0140625 0.01640625
0 0.56953125 0.39296875 0.00859375 0.02890625
0 0.540625 0.3703125 0.00859375 0.02109375
0 0.46640625 0.35546875 0.009375 0.02109375
0 0.56328125 0.5140625 0.01796875 0.0203125
0 0.52734375 0.625 0.01328125 0.028125
0 0.54296875 0.65 0.0140625 0.021875
0 0.515625 0.77421875 0.00859375 0.0203125
0 0.51640625 0.803125 0.00859375 0.02578125
0 0.534375 0.79609375 0.01015625 0.0234375
0 0.54140625 0.81484375 0.01015625 0.02578125
0 0.5421875 0.8359375 0.00859375 0.0234375
0 0.54296875 0.86015625 0.00703125 0.028125
0 0.54296875 0.88125 0.0109375 0.01875
0 0.5453125 0.90390625 0.0109375 0.03203125
0 0.540625 0.9609375 0.01171875 0.028125
0 0.52890625 0.9625 0.0109375 0.021875
0 0.52890625 0.98203125 0.00859375 0.02421875
0 0.5140625 0.971875 0.00859375 0.0234375
0 0.45703125 0.61796875 0.0140625 0.0203125
0 0.415625 0.59375 0.01328125 0.01640625
0 0.3984375 0.60390625 0.01015625 0.01171875
0 0.3953125 0.70703125 0.01171875 0.01640625
0 0.0515625 0.6890625 0.01875 0.01328125
4 0.0359375 0.68515625 0.01015625 0.0140625
4 0.059375 0.69921875 0.0109375 0.01015625
4 0.06953125 0.68984375 0.01015625 0.01171875
4 0.08828125 0.68671875 0.0109375 0.01171875
4 0.103125 0.67421875 0.015625 0.01796875
4 0.13828125 0.6734375 0.009375 0.01796875
4 0.19140625 0.67421875 0.01015625 0.01953125
4 0.203125 0.65390625 0.01171875 0.01875
0 0.23203125 0.6796875 0.01875 0.028125
0 0.290625 0.70546875 0.0140625 0.01640625
4 0.37890625 0.67421875 0.01328125 0.01484375
4 0.4296875 0.7109375 0.00859375 0.0140625
4 0.4484375 0.696875 0.009375 0.0234375
4 0.45859375 0.6890625 0.00859375 0.0265625
4 0.45859375 0.675 0.0109375 0.01875
4 0.428125 0.61953125 0.0140625 0.0265625
4 0.4296875 0.59453125 0.01171875 0.03125
4 0.43671875 0.60859375 0.00859375 0.01875
4 0.434375 0.56640625 0.00703125 0.01875
4 0.44296875 0.5640625 0.0140625 0.03125
4 0.4484375 0.56484375 0.009375 0.01875
4 0.46796875 0.596875 0.01171875 0.03515625
2 0.45078125 0.8078125 0.00859375 0.03515625
4 0.44296875 0.94453125 0.01640625 0.028125
4 0.378125 0.70390625 0.009375 0.01875
4 0.334375 0.628125 0.01171875 0.01796875
4 0.525 0.9 0.0109375 0.02890625
4 0.5140625 0.73203125 0.00859375 0.01953125
4 0.51640625 0.75703125 0.00859375 0.0140625
4 0.52109375 0.7328125 0.00859375 0.0203125
4 0.52421875 0.7203125 0.00703125 0.021875
4 0.53125 0.7734375 0.00703125 0.02109375
4 0.51328125 0.65078125 0.00546875 0.02421875
4 0.52421875 0.52890625 0.00859375 0.0234375
4 0.53515625 0.51875 0.0109375 0.01953125
4 0.58671875 0.4921875 0.01015625 0.028125
4 0.628125 0.48671875 0.00859375 0.01328125
4 0.64609375 0.4875 0.01015625 0.03671875
4 0.54921875 0.49453125 0.01328125 0.02421875
4 0.55625 0.48984375 0.00859375 0.02109375
4 0.5484375 0.46875 0.00859375 0.0234375
4 0.73046875 0.47890625 0.01875 0.01484375
4 0.86953125 0.3375 0.01171875 0.01328125
4 0.85390625 0.37265625 0.01171875 0.0140625
4 0.8828125 0.375 0.015625 0.01171875
4 0.765625 0.36171875 0.01328125 0.01953125
0 0.790625 0.334375 0.01796875 0.01875
4 0.78828125 0.48125 0.01796875 0.01640625
4 0.82265625 0.4890625 0.015625 0.01796875
4 0.85625 0.52109375 0.01328125 0.01875
4 0.55859375 0.38828125 0.01484375 0.034375
4 0.55703125 0.346875 0.009375 0.01796875
4 0.54609375 0.3328125 0.00859375 0.01328125
4 0.54140625 0.309375 0.00546875 0.0234375
4 0.5390625 0.29375 0.00859375 0.021875
4 0.54921875 0.27421875 0.01484375 0.01640625
4 0.55078125 0.20625 0.0109375 0.02421875
4 0.521875 0.115625 0.00859375 0.03046875
4 0.5203125 0.1625 0.00859375 0.03359375
4 0.52421875 0.20546875 0.00859375 0.03203125
4 0.53125 0.19375 0.00546875 0.01875
4 0.54921875 0.40703125 0.00859375 0.01640625
4 0.55625 0.44453125 0.0046875 0.02109375
4 0.56015625 0.45390625 0.00703125 0.01640625
4 0.52578125 0.4765625 0.01171875 0.02109375
4 0.453125 0.28046875 0.00625 0.02109375
4 0.459375 0.29765625 0.01171875 0.025
4 0.45 0.31171875 0.0046875 0.01953125
4 0.4546875 0.32109375 0.00625 0.01875
4 0.4609375 0.340625 0.01015625 0.01875
4 0.4546875 0.346875 0.00859375 0.01796875
4 0.459375 0.37421875 0.00703125 0.0265625
4 0.46796875 0.38125 0.009375 0.01953125
4 0.446875 0.1140625 0.01796875 0.03125
4 0.4609375 0.1140625 0.0109375 0.03125
4 0.4609375 0.146875 0.00703125 0.0203125
4 0.45390625 0.18203125 0.01015625 0.0234375
4 0.4546875 0.05859375 0.01171875 0.03359375