2 0.08125 0.06484375 0.01875 0.040625
4 0.01328125 0.0140625 0.01015625 0.01640625
2 0.009375 0.04765625 0.01875 0.0421875
5 0.0609375 0.33125 0.02890625 0.0734375
2 0.0546875 0.45078125 0.0296875 0.025
2 0.02734375 0.4828125 0.02890625 0.025
2 0.15 0.44296875 0.02578125 0.025
2 0.1484375 0.478125 0.025 0.02421875
2 0.2078125 0.4484375 0.02890625 0.028125
2 0.08828125 0.52421875 0.028125 0.025
2 0.059375 0.52265625 0.02578125 0.025
2 0.0328125 0.5578125 0.025 0.0234375
2 0.03125 0.525 0.02890625 0.01953125
4 0.0578125 0.59375 0.01328125 0.01171875
4 0.11875 0.56796875 0.01328125 0.015625
4 0.20390625 0.53828125 0.01171875 0.01640625
4 0.0453125 0.58046875 0.01171875 0.015625
4 0.03203125 0.5828125 0.0140625 0.01328125
0 0.01328125 0.5953125 0.0203125 0.0203125
0 0.2625 0.55 0.01875 0.0234375
0 0.2015625 0.47421875 0.01640625 0.01875
0 0.18828125 0.378125 0.0203125 0.01875
0 0.2515625 0.41484375 0.01875 0.0203125
2 0.3390625 0.4671875 0.02421875 0.025
2 0.2859375 0.4546875 0.02421875 0.02421875
4 0.19609375 0.39453125 0.01171875 0.01171875
4 0.3046875 0.42578125 0.01171875 0.01640625
4 0.37578125 0.434375 0.01484375 0.01796875
4 0.46640625 0.39921875 0.01484375 0.01875
4 0.52265625 0.39375 0.0140625 0.01640625
4 0.56171875 0.33828125 0.01796875 0.01953125
4 0.5796875 0.41171875 0.0140625 0.015625
4 0.5765625 0.42734375 0.0140625 0.01171875
4 0.678125 0.42421875 0.01484375 0.0140625
4 0.55 0.53671875 0.0140625 0.015625
4 0.59453125 0.51953125 0.01328125 0.015625
4 0.76796875 0.40859375 0.0140625 0.01640625
2 0.49453125 0.36796875 0.02421875 0.025
2 0.4921875 0.4546875 0.02578125 0.02109375
2 0.56015625 0.490625 0.028125 0.0296875
2 0.5078125 0.52109375 0.02890625 0.0296875
2 0.5859375 0.44921875 0.025 0.025
2 0.63359375 0.51328125 0.0234375 0.02578125
2 0.7296875 0.53359375 0.0265625 0.02578125
2 0.715625 0.4234375 0.025 0.028125
0 0.6203125 0.41953125 0.0203125 0.02109375
0 0.565625 0.55546875 0.01953125 0.01640625
4 0.8671875 0.39375 0.01796875 0.01953125
4 0.89375 0.37109375 0.01640625 0.015625
4 0.8109375 0.3796875 0.01796875 0.01953125
2 0.8953125 0.33203125 0.0296875 0.0265625
2 0.98046875 0.3265625 0.0265625 0.0234375
2 0.7734375 0.24921875 0.02890625 0.0265625
2 0.7640625 0.165625 0.02578125 0.0265625
5 0.071875 0.55546875 0.05 0.03203125
2 0.1453125 0.26640625 0.02421875 0.0484375