2 0.34140625 0.1265625 0.01875 0.034375
2 0.36328125 0.13515625 0.01640625 0.03359375
2 0.40546875 0.57578125 0.01875 0.025
2 0.3265625 0.08828125 0.01484375 0.03203125
0 0.35078125 0.5390625 0.01484375 0.01875
2 0.21171875 0.7765625 0.01640625 0.03046875
0 0.25390625 0.68828125 0.0140625 0.0203125
2 0.36328125 0.66640625 0.01875 0.028125
2 0.3109375 0.053125 0.01484375 0.03125
0 0.54765625 0.2609375 0.01328125 0.0203125
2 0.3875 0.41328125 0.009375 0.03125
2 0.37890625 0.64296875 0.01640625 0.0265625
2 0.71875 0.91796875 0.02109375 0.03828125
4 0.52578125 0.69140625 0.00625 0.0140625
4 0.5359375 0.671875 0.00625 0.0140625
4 0.51796875 0.696875 0.00703125 0.015625
2 0.2046875 0.86796875 0.01640625 0.0234375
2 0.23828125 0.85625 0.01875 0.03125
2 0.31015625 0.74140625 0.01640625 0.02890625
2 0.22265625 0.678125 0.01953125 0.03359375
2 0.32265625 0.68359375 0.01796875 0.0265625
2 0.346875 0.6890625 0.01796875 0.028125
2 0.3953125 0.6171875 0.01875 0.028125
2 0.38515625 0.1859375 0.01875 0.03203125
2 0.35703125 0.15859375 0.015625 0.03046875
2 0.36796875 0.10625 0.01640625 0.03203125
2 0.378125 0.08359375 0.01875 0.034375
2 0.221875 0.846875 0.01796875 0.03046875
2 0.41875 0.5125 0.01796875 0.0359375
2 0.2625 0.53125 0.015625 0.03515625
2 0.3171875 0.13515625 0.01640625 0.03203125
2 0.25546875 0.79375 0.01796875 0.0265625
4 0.2875 0.75546875 0.00859375 0.01640625
2 0.3265625 0.7125 0.01953125 0.03125
2 0.2421875 0.8984375 0.01953125 0.028125
2 0.19921875 0.91953125 0.0203125 0.03359375
2 0.34453125 0.09453125 0.01171875 0.03515625
2 0.4203125 0.159375 0.01875 0.03125
2 0.396875 0.346875 0.0140625 0.034375
2 0.4109375 0.20546875 0.01328125 0.0265625
2 0.40546875 0.2640625 0.01328125 0.028125
2 0.41015625 0.2421875 0.0140625 0.028125
2 0.4421875 0.26875 0.01640625 0.03359375
2 0.42578125 0.27421875 0.01484375 0.03203125
2 0.42734375 0.30703125 0.01640625 0.03203125
2 0.44453125 0.31171875 0.01484375 0.03125
2 0.44765625 0.34453125 0.01640625 0.03359375
2 0.46640625 0.39765625 0.0140625 0.028125
2 0.4890625 0.41875 0.015625 0.040625
4 0.41171875 0.3796875 0.009375 0.01875
4 0.39140625 0.371875 0.00625 0.0109375
2 0.48515625 0.47109375 0.009375 0.03671875
2 0.46875 0.47578125 0.00859375 0.0359375
2 0.478125 0.54453125 0.01171875 0.03671875
2 0.46328125 0.53046875 0.01171875 0.03515625
2 0.46171875 0.58828125 0.01484375 0.03203125
2 0.44921875 0.57109375 0.01484375 0.03515625
2 0.434375 0.6078125 0.01953125 0.028125
2 0.48359375 0.65390625 0.015625 0.028125
2 0.50390625 0.68671875 0.01328125 0.03046875
2 0.415625 0.65546875 0.02109375 0.03046875
4 0.30390625 0.7 0.00859375 0.01875
2 0.278125 0.79609375 0.01875 0.0296875
2 0.2609375 0.82421875 0.01640625 0.02578125
2 0.16796875 0.96484375 0.01875 0.028125
2 0.16796875 0.9265625 0.01640625 0.0265625
4 0.26875 0.86953125 0.00703125 0.01796875
4 0.24140625 0.834375 0.00859375 0.01796875
4 0.26171875 0.890625 0.00859375 0.015625
4 0.25703125 0.91171875 0.00625 0.01484375
4 0.31953125 0.80859375 0.00703125 0.015625
2 0.34921875 0.73046875 0.01484375 0.021875
4 0.3734375 0.71640625 0.009375 0.015625
2 0.384375 0.58671875 0.01484375 0.02578125
2 0.35703125 0.6265625 0.015625 0.02578125
2 0.5515625 0.6671875 0.01796875 0.03359375
2 0.56875 0.6875 0.01328125 0.02890625
2 0.53671875 0.7078125 0.01328125 0.0296875
2 0.55390625 0.74609375 0.01484375 0.03046875
2 0.5734375 0.73671875 0.0140625 0.02890625
2 0.584375 0.734375 0.01640625 0.034375
0 0.55078125 0.71796875 0.01015625 0.02109375
2 0.59453125 0.771875 0.0140625 0.028125
4 0.6015625 0.79140625 0.00703125 0.01640625
2 0.596875 0.81171875 0.01796875 0.03203125
2 0.61640625 0.80546875 0.015625 0.03203125
6 0.615625 0.86640625 0.028125 0.05546875
2 0.64453125 0.74609375 0.01640625 0.034375
2 0.66640625 0.928125 0.01640625 0.034375
0 0.571875 0.778125 0.00859375 0.01953125
0 0.5671875 0.78671875 0.00859375 0.01640625
0 0.5671875 0.7109375 0.00859375 0.0140625
0 0.6515625 0.1546875 0.01015625 0.0234375
0 0.66484375 0.14453125 0.0140625 0.0203125
2 0.70546875 0.0984375 0.01640625 0.03046875
0 0.80703125 0.0984375 0.01328125 0.025
0 0.8015625 0.12890625 0.01171875 0.01875
4 0.80859375 0.14140625 0.00859375 0.015625
4 0.7765625 0.17578125 0.00703125 0.01484375
2 0.78515625 0.21796875 0.0203125 0.03515625
2 0.74609375 0.18203125 0.01796875 0.0296875
2 0.76171875 0.18203125 0.015625 0.034375
4 0.7578125 0.23046875 0.00859375 0.01484375
4 0.765625 0.23359375 0.00703125 0.015625
2 0.72421875 0.203125 0.01875 0.02890625
2 0.696875 0.24453125 0.0140625 0.0234375
2 0.7296875 0.22421875 0.01640625 0.0265625
2 0.74375 0.24453125 0.01640625 0.0296875
0 0.728125 0.24921875 0.01328125 0.02109375
2 0.71171875 0.2546875 0.015625 0.02578125
2 0.68125 0.26875 0.01640625 0.0265625
4 0.6984375 0.26953125 0.00703125 0.0140625
2 0.709375 0.28828125 0.015625 0.02421875
2 0.659375 0.309375 0.015625 0.03046875
2 0.67578125 0.33828125 0.01328125 0.02109375
4 0.66953125 0.36640625 0.00703125 0.015625
4 0.6515625 0.36796875 0.00703125 0.01328125
4 0.67421875 0.3265625 0.00859375 0.0109375
4 0.64921875 0.3453125 0.00546875 0.0109375
1 0.625 0.38671875 0.040625 0.08359375
2 0.5921875 0.45078125 0.01328125 0.02578125
2 0.6125 0.440625 0.01796875 0.02421875
0 0.61640625 0.4609375 0.0109375 0.01875
0 0.60703125 0.50703125 0.01328125 0.01328125
2 0.60234375 0.4796875 0.01328125 0.021875
1 0.484375 0.34609375 0.034375 0.06875
2 0.515625 0.26328125 0.0203125 0.02578125
0 0.49296875 0.240625 0.0109375 0.01796875