0 0.3546875 0.51796875 0.01484375 0.01875
2 0.20625 0.75625 0.01640625 0.03046875
0 0.24765625 0.66640625 0.0140625 0.0203125
2 0.35078125 0.66953125 0.01875 0.03125
0 0.65546875 0.13671875 0.01171875 0.02421875
2 0.21953125 0.86640625 0.01875 0.03125
2 0.22109375 0.66171875 0.0203125 0.03515625
4 0.36796875 0.6171875 0.00703125 0.01484375
2 0.26328125 0.50546875 0.015625 0.03515625
4 0.38046875 0.59296875 0.00546875 0.01171875
2 0.184375 0.925 0.01953125 0.03359375
2 0.67890625 0.25078125 0.0203125 0.03125
2 0.65859375 0.28828125 0.01796875 0.03046875
4 0.38671875 0.58203125 0.00546875 0.01015625
4 0.39296875 0.5734375 0.00703125 0.01171875
2 0.19921875 0.696875 0.01953125 0.03359375
4 0.665625 0.3515625 0.00859375 0.01171875
0 0.66875 0.12421875 0.01171875 0.01796875
4 0.3734375 0.60703125 0.00546875 0.0109375
2 0.24453125 0.83359375 0.01953125 0.03203125
4 0.20546875 0.84375 0.00859375 0.0109375
2 0.26875 0.7984375 0.01171875 0.028125
2 0.41640625 0.56640625 0.01796875 0.02890625
2 0.36796875 0.64375 0.01796875 0.025
2 0.65078125 0.72265625 0.01796875 0.03203125
1 0.628125 0.36171875 0.04296875 0.08046875
4 0.67421875 0.34140625 0.00859375 0.01484375
2 0.7078125 0.07578125 0.01875 0.03203125
2 0.696875 0.22421875 0.0109375 0.01484375
2 0.71171875 0.23046875 0.01328125 0.021875
2 0.70703125 0.26875 0.01796875 0.02421875
3 0.684375 0.2734375 0.02578125 0.03671875
4 0.696875 0.25 0.00859375 0.01484375
2 0.68046875 0.31875 0.0203125 0.0265625
2 0.61484375 0.41875 0.01796875 0.02890625
2 0.59375 0.425 0.0140625 0.0234375
2 0.4609375 0.39609375 0.01875 0.03046875
4 0.38203125 0.60390625 0.00546875 0.00859375
2 0.40546875 0.640625 0.02109375 0.03828125
0 0.78203125 0.10078125 0.0140625 0.02109375
2 0.79921875 0.08125 0.0203125 0.03203125
2 0.315625 0.7203125 0.01796875 0.03203125
4 0.6984375 0.29296875 0.00625 0.0140625
4 0.71171875 0.278125 0.009375 0.009375
2 0.7265625 0.253125 0.01796875 0.0296875
0 0.721875 0.240625 0.01015625 0.01875
0 0.740625 0.22578125 0.0109375 0.01640625
2 0.79140625 0.18671875 0.02109375 0.03515625
2 0.728125 0.18046875 0.0203125 0.0296875
2 0.75546875 0.1984375 0.01796875 0.028125
2 0.7484375 0.15859375 0.01640625 0.0265625
0 0.765625 0.15390625 0.01328125 0.01875
2 0.765625 0.12890625 0.0203125 0.0296875
2 0.45703125 0.32890625 0.015625 0.03125
2 0.72109375 0.8953125 0.0203125 0.034375
2 0.196875 0.87890625 0.01640625 0.0296875
5 0.46328125 0.44375 0.02421875 0.0484375
2 0.21953125 0.8296875 0.015625 0.02578125
4 0.359375 0.62890625 0.0046875 0.01015625
2 0.31640625 0.6734375 0.0140625 0.03359375
2 0.26796875 0.75625 0.01484375 0.028125
4 0.6265625 0.46171875 0.01015625 0.01328125
4 0.61171875 0.46484375 0.00703125 0.00859375
4 0.62421875 0.4890625 0.00546875 0.0140625
4 0.63203125 0.475 0.00703125 0.015625
4 0.6234375 0.50625 0.00546875 0.01328125
4 0.6125 0.50234375 0.00859375 0.01484375
4 0.65703125 0.34296875 0.00625 0.0109375
0 0.78359375 0.146875 0.0109375 0.01640625
4 0.1984375 0.85703125 0.00625 0.0140625
2 0.3359375 0.65546875 0.0203125 0.02890625
2 0.43984375 0.296875 0.02109375 0.03828125
4 0.41875 0.43046875 0.009375 0.01640625
2 0.4234375 0.26015625 0.01640625 0.03046875
2 0.38671875 0.18828125 0.01953125 0.0296875
0 0.40703125 0.3515625 0.0109375 0.01953125
1 0.6296875 0.71328125 0.021875 0.07890625
0 0.440625 0.4296875 0.009375 0.021875
2 0.415625 0.31875 0.01640625 0.028125
2 0.39296875 0.3390625 0.015625 0.028125
0 0.4234375 0.20703125 0.01171875 0.02421875
2 0.35859375 0.178125 0.015625 0.03359375
2 0.43203125 0.153125 0.01640625 0.03125
0 0.315625 0.0890625 0.0140625 0.02109375
2 0.3859375 0.07890625 0.015625 0.02890625
2 0.29921875 0.04296875 0.01484375 0.0296875
4 0.296875 0.09375 0.009375 0.01484375
4 0.28671875 0.08515625 0.00859375 0.01484375
4 0.4546875 0.30078125 0.00625 0.015625
4 0.45625 0.2796875 0.00859375 0.01875
0 0.5765625 0.2484375 0.01328125 0.021875
0 0.659375 0.20234375 0.01328125 0.021875
4 0.62734375 0.23671875 0.00703125 0.01796875
0 0.6015625 0.24140625 0.01328125 0.015625
2 0.63359375 0.29140625 0.01640625 0.03125
2 0.79921875 0.11171875 0.01875 0.03125
2 0.8 0.1375 0.01484375 0.0203125
0 0.8171875 0.08203125 0.01484375 0.021875
4 0.73125 0.10703125 0.01015625 0.01953125
2 0.5359375 0.53046875 0.0203125 0.03828125
2 0.253125 0.78125 0.01796875 0.0265625
2 0.28515625 0.73203125 0.01484375 0.028125
2 0.296875 0.7 0.0234375 0.025
2 0.49609375 0.5109375 0.01875 0.03515625
2 0.4859375 0.56171875 0.01484375 0.03125
0 0.534375 0.58046875 0.0109375 0.025
2 0.553125 0.61953125 0.01796875 0.03046875
2 0.55546875 0.65703125 0.01484375 0.03203125
0 0.53671875 0.621875 0.01171875 0.025
4 0.54453125 0.54609375 0.00703125 0.015625
4 0.56328125 0.565625 0.009375 0.015625
4 0.62890625 0.53671875 0.00546875 0.01796875
4 0.62109375 0.55859375 0.00703125 0.01796875
0 0.6140625 0.534375 0.009375 0.015625
2 0.56796875 0.4109375 0.0140625 0.02890625
0 0.50078125 0.21875 0.01171875 0.021875
2 0.5265625 0.2390625 0.01640625 0.02421875
0 0.76875 0.0515625 0.01484375 0.0203125
4 0.7765625 0.06171875 0.009375 0.0140625
4 0.7953125 0.028125 0.01015625 0.01484375
2 0.81953125 0.04921875 0.01953125 0.0359375
2 0.8359375 0.09921875 0.01875 0.03359375
4 0.609375 0.31875 0.0140625 0.0234375
2 0.39921875 0.115625 0.0203125 0.03359375
0 0.390625 0.2734375 0.009375 0.01875
2 0.390625 0.246875 0.01796875 0.025
2 0.440625 0.35078125 0.0140625 0.03046875
2 0.41328125 0.2859375 0.01640625 0.02890625
4 0.3921875 0.30234375 0.009375 0.01640625
4 0.38046875 0.2859375 0.00859375 0.01796875
2 0.2359375 0.80703125 0.01640625 0.025
2 0.153125 0.92890625 0.01953125 0.02578125
4 0.12265625 0.9796875 0.009375 0.02421875
2 0.4015625 0.21875 0.01484375 0.01875
0 0.2859375 0.05859375 0.009375 0.01640625
0 0.3640625 0.02734375 0.01328125 0.0234375
4 0.653125 0.3203125 0.00625 0.01328125