2 0.03203125 0.5390625 0.00859375 0.046875
2 0.05078125 0.63046875 0.0203125 0.021875
2 0.2109375 0.38203125 0.0109375 0.04453125
2 0.21953125 0.4765625 0.01015625 0.04921875
2 0.21875 0.51640625 0.00859375 0.04296875
2 0.12734375 0.68046875 0.0234375 0.021875
2 0.19140625 0.7171875 0.01640625 0.01953125
2 0.290625 0.64375 0.01640625 0.02890625
2 0.421875 0.59609375 0.009375 0.0296875
2 0.41640625 0.51328125 0.009375 0.03046875
2 0.41796875 0.465625 0.009375 0.03515625
2 0.45703125 0.37265625 0.00859375 0.03984375
2 0.45 0.58359375 0.009375 0.02890625
2 0.453125 0.721875 0.015625 0.040625
2 0.44296875 0.8484375 0.009375 0.03203125
2 0.4515625 0.884375 0.00859375 0.03984375
2 0.390625 0.77734375 0.009375 0.03828125
2 0.38671875 0.840625 0.0109375 0.0265625
2 0.38828125 0.8609375 0.01640625 0.0234375
2 0.384375 0.94375 0.009375 0.03125
2 0.5265625 0.73984375 0.01015625 0.03203125
2 0.53984375 0.73828125 0.015625 0.03828125
2 0.5390625 0.76796875 0.01640625 0.03828125
2 0.52734375 0.85078125 0.01171875 0.04609375
2 0.51796875 0.928125 0.00859375 0.046875
2 0.5640625 0.9671875 0.0109375 0.01484375
2 0.56171875 0.98125 0.0203125 0.01953125
2 0.5234375 0.54765625 0.00859375 0.04140625
2 0.54921875 0.44140625 0.01328125 0.03125
2 0.52890625 0.40546875 0.01875 0.021875
2 0.52890625 0.3546875 0.0203125 0.02421875
2 0.5859375 0.4609375 0.01875 0.025
2 0.528125 0.44453125 0.0203125 0.0234375
2 0.5296875 0.4671875 0.01875 0.021875
2 0.515625 0.4484375 0.00703125 0.028125
1 0.453125 0.509375 0.01484375 0.08125
2 0.975 0.503125 0.0234375 0.021875
2 0.93046875 0.4828125 0.02578125 0.0234375
2 0.91328125 0.32890625 0.01640625 0.0234375
2 0.86796875 0.3265625 0.01875 0.03515625
2 0.84609375 0.3265625 0.015625 0.03359375
2 0.85625 0.21875 0.00859375 0.03515625
2 0.865625 0.1484375 0.01328125 0.040625
2 0.80546875 0.2203125 0.01171875 0.01484375
2 0.70703125 0.2828125 0.01484375 0.02890625
2 0.56328125 0.203125 0.01328125 0.01953125
2 0.5640625 0.18203125 0.0140625 0.02421875
2 0.56640625 0.16171875 0.0234375 0.02109375
2 0.56328125 0.14140625 0.0203125 0.0140625
2 0.56328125 0.12578125 0.0203125 0.01484375
2 0.56484375 0.1109375 0.01796875 0.02109375
2 0.5765625 0.09921875 0.01875 0.02421875
2 0.52421875 0.1765625 0.0109375 0.0359375
2 0.52578125 0.21953125 0.01171875 0.0453125
2 0.51640625 0.22109375 0.01171875 0.034375
2 0.521875 0.2609375 0.01015625 0.03125
2 0.67109375 0.503125 0.01484375 0.0265625
2 0.68359375 0.5140625 0.0140625 0.02421875
2 0.684375 0.540625 0.015625 0.04375
2 0.82578125 0.51875 0.02890625 0.0234375
2 0.89296875 0.528125 0.01875 0.01875
2 0.8265625 0.27265625 0.01015625 0.0453125
3 0.578125 0.25625 0.015625 0.03828125
2 0.459375 0.24375 0.01328125 0.040625
2 0.4640625 0.2984375 0.009375 0.03828125
2 0.40390625 0.16484375 0.01171875 0.03359375
2 0.41171875 0.1828125 0.01015625 0.04921875
2 0.4234375 0.1734375 0.0140625 0.03203125
2 0.4625 0.103125 0.0140625 0.03203125
0 0.446875 0.19453125 0.00859375 0.028125
0 0.55078125 0.12265625 0.00703125 0.02578125
0 0.53125 0.309375 0.0140625 0.0265625
0 0.6890625 0.31953125 0.015625 0.02109375
3 0.7015625 0.3046875 0.01484375 0.0140625
0 0.73984375 0.328125 0.01640625 0.021875
0 0.7796875 0.315625 0.01796875 0.02421875
0 0.7859375 0.4734375 0.01640625 0.0234375
0 0.734375 0.4828125 0.01171875 0.01171875
0 0.71953125 0.51328125 0.01484375 0.0140625
0 0.69921875 0.4828125 0.015625 0.01875
0 0.63828125 0.47421875 0.01640625 0.01953125
0 0.5859375 0.34375 0.0109375 0.02109375
0 0.5453125 0.4609375 0.01328125 0.01640625
0 0.44453125 0.46015625 0.0109375 0.01953125
0 0.5359375 0.64921875 0.01015625 0.0234375
0 0.528125 0.7890625 0.01328125 0.028125
0 0.53515625 0.81171875 0.00859375 0.02578125
0 0.5390625 0.834375 0.00703125 0.0203125
0 0.53828125 0.85859375 0.01171875 0.02421875
0 0.53984375 0.88125 0.00625 0.02890625
0 0.5375 0.9015625 0.0109375 0.0203125
0 0.53671875 0.9578125 0.0109375 0.02421875
0 0.52421875 0.9578125 0.00859375 0.02421875
0 0.52578125 0.9828125 0.01171875 0.02578125
0 0.50390625 0.9890625 0.01015625 0.02109375
0 0.409375 0.59296875 0.01171875 0.01953125
2 0.809375 0.8859375 0.00859375 0.03125
2 0.834375 0.896875 0.01484375 0.04921875
2 0.8453125 0.909375 0.0140625 0.046875
2 0.79921875 0.9484375 0.02109375 0.02578125
2 0.79921875 0.96796875 0.01875 0.01875
2 0.79765625 0.9859375 0.01484375 0.02421875
0 0.39296875 0.60390625 0.01171875 0.0203125
0 0.38359375 0.63828125 0.01640625 0.0203125
0 0.390625 0.70546875 0.01484375 0.0234375
0 0.28515625 0.70546875 0.0140625 0.01484375
2 0.6109375 0.51875 0.01640625 0.01953125
4 0.01171875 0.65390625 0.015625 0.01640625
4 0.03359375 0.69140625 0.01640625 0.01171875
4 0.05546875 0.69140625 0.01328125 0.01875
4 0.040625 0.70390625 0.01328125 0.01171875
4 0.03671875 0.71328125 0.015625 0.0140625
4 0.0953125 0.70390625 0.01328125 0.02578125
4 0.1234375 0.65078125 0.015625 0.01484375
4 0.18046875 0.65078125 0.01796875 0.01484375
3 0.18203125 0.690625 0.02421875 0.021875
4 0.20703125 0.64375 0.01484375 0.01953125
4 0.221875 0.6453125 0.01328125 0.01484375
4 0.21171875 0.62421875 0.01171875 0.0203125
4 0.225 0.690625 0.0140625 0.01796875
4 0.3421875 0.6265625 0.0109375 0.01328125
4 0.3484375 0.63671875 0.009375 0.01875
4 0.36875 0.6265625 0.01328125 0.01796875
4 0.3515625 0.60234375 0.0140625 0.01328125
4 0.303125 0.69296875 0.015625 0.01796875
4 0.4359375 0.66875 0.00625 0.01640625
4 0.44140625 0.66875 0.00703125 0.0203125
4 0.43828125 0.64453125 0.00703125 0.01875
4 0.44296875 0.6015625 0.01171875 0.01484375
4 0.4375 0.565625 0.009375 0.02890625
4 0.4515625 0.4390625 0.01015625 0.0234375
4 0.434375 0.42578125 0.01015625 0.01484375
4 0.4515625 0.4046875 0.009375 0.02421875
2 0.428125 0.4078125 0.0109375 0.0265625
4 0.43828125 0.81875 0.009375 0.01640625
4 0.43203125 0.83828125 0.009375 0.02421875
4 0.4484375 0.66640625 0.0109375 0.01875
4 0.44921875 0.6390625 0.00859375 0.0140625
4 0.45078125 0.65 0.00859375 0.01328125
4 0.4546875 0.63359375 0.01171875 0.0140625
4 0.45703125 0.615625 0.0109375 0.01875
4 0.459375 0.5953125 0.0109375 0.01953125
4 0.46171875 0.5828125 0.01171875 0.021875
4 0.52421875 0.6 0.01328125 0.0265625
4 0.53046875 0.578125 0.01015625 0.02578125
4 0.5375 0.5921875 0.00546875 0.01328125
4 0.546875 0.5765625 0.009375 0.01484375
4 0.5484375 0.56484375 0.01015625 0.01640625
4 0.509375 0.86640625 0.00703125 0.01796875
4 0.5234375 0.88359375 0.00703125 0.01796875
4 0.51171875 0.95078125 0.01015625 0.01875
4 0.55078125 0.51796875 0.01015625 0.021875
4 0.55546875 0.4875 0.01015625 0.028125
4 0.534375 0.5265625 0.0109375 0.01640625
4 0.521875 0.5109375 0.0109375 0.01640625
4 0.59296875 0.49296875 0.0109375 0.01484375
4 0.6015625 0.49375 0.01171875 0.01953125
4 0.5515625 0.40546875 0.009375 0.0234375
2 0.5140625 0.49296875 0.00859375 0.03515625
4 0.796875 0.49296875 0.0140625 0.01953125
4 0.671875 0.48046875 0.01015625 0.01640625
4 0.65859375 0.48203125 0.01328125 0.01328125
4 0.71328125 0.46484375 0.0140625 0.0265625
4 0.71171875 0.4875 0.0140625 0.01640625
4 0.74921875 0.49140625 0.01171875 0.01328125
4 0.859375 0.48984375 0.015625 0.01640625
4 0.71484375 0.3484375 0.01171875 0.01875
4 0.753125 0.35390625 0.01015625 0.01328125
4 0.69296875 0.34765625 0.01796875 0.01484375
4 0.66796875 0.346875 0.01875 0.01640625
4 0.6484375 0.35625 0.01484375 0.01640625
4 0.61875 0.353125 0.0109375 0.01640625
4 0.56171875 0.33515625 0.01171875 0.01796875
4 0.54296875 0.33125 0.01484375 0.025
4 0.52578125 0.33046875 0.01015625 0.0140625
4 0.521875 0.30078125 0.00859375 0.0234375
4 0.540625 0.28515625 0.00703125 0.01953125
4 0.53359375 0.28203125 0.00703125 0.0140625
4 0.540625 0.240625 0.00859375 0.01875
4 0.53203125 0.24453125 0.01015625 0.02421875
4 0.5390625 0.14609375 0.00703125 0.01796875
4 0.534375 0.1484375 0.00546875 0.028125
4 0.5265625 0.14375 0.00859375 0.028125
4 0.53359375 0.1703125 0.00859375 0.03203125
4 0.51796875 0.06171875 0.00546875 0.02421875
0 0.55078125 0.040625 0.00703125 0.028125
0 0.56953125 0.02578125 0.0109375 0.0265625
2 0.58359375 0.05078125 0.01796875 0.021875
2 0.61015625 0.0484375 0.02109375 0.01640625
2 0.615625 0.02578125 0.0203125 0.021875
2 0.61484375 0.00625 0.0234375 0.0125
3 0.434375 0.321875 0.00859375 0.02890625
4 0.45078125 0.2984375 0.00703125 0.025
4 0.45390625 0.3125 0.01015625 0.02109375
4 0.4484375 0.37421875 0.0109375 0.0234375
4 0.44453125 0.01796875 0.00859375 0.03046875
2 0.3359375 0.1015625 0.01875 0.02109375
2 0.33359375 0.05078125 0.0140625 0.040625
2 0.35703125 0.0515625 0.01015625 0.03828125
2 0.28984375 0.090625 0.01875 0.02109375
2 0.30703125 0.09453125 0.015625 0.0140625
2 0.2234375 0.06640625 0.01875 0.01640625
2 0.19140625 0.05859375 0.01640625 0.01796875
2 0.20703125 0.059375 0.01640625 0.0234375
2 0.184375 0.08359375 0.0234375 0.02421875
2 0.08828125 0.0296875 0.0234375 0.01953125
2 0.04140625 0.0765625 0.01171875 0.03984375
2 0.040625 0.121875 0.00703125 0.04140625
2 0.040625 0.209375 0.009375 0.0484375
2 0.2265625 0.246875 0.01328125 0.034375
2 0.21171875 0.29921875 0.01015625 0.03828125