1 0.14921875 0.7296875 0.05625 0.02890625
6 0.27890625 0.7109375 0.04453125 0.0359375
5 0.21640625 0.675 0.059375 0.040625
5 0.2796875 0.65859375 0.06328125 0.0484375
2 0.06875 0.73359375 0.025 0.02890625
0 0.034375 0.7359375 0.01640625 0.03828125
2 0.03046875 0.88359375 0.03046875 0.02578125
4 0.07421875 0.9390625 0.015625 0.021875
4 0.03671875 0.9234375 0.01171875 0.01796875
2 0.23515625 0.859375 0.0296875 0.040625
2 0.24453125 0.81796875 0.03046875 0.034375
4 0.30234375 0.890625 0.01328125 0.025
4 0.28984375 0.79140625 0.01484375 0.01640625
2 0.35703125 0.8734375 0.0265625 0.034375
2 0.3671875 0.92578125 0.02109375 0.03203125
4 0.36171875 0.7640625 0.0140625 0.01796875
2 0.48203125 0.86015625 0.02421875 0.021875
3 0.51171875 0.78046875 0.02421875 0.03359375
2 0.53671875 0.73359375 0.021875 0.046875
4 0.44765625 0.70078125 0.01015625 0.02578125
4 0.5296875 0.684375 0.009375 0.01875
4 0.4703125 0.51484375 0.00859375 0.04140625
4 0.52109375 0.3671875 0.01171875 0.01640625
4 0.46328125 0.31796875 0.01171875 0.01953125
2 0.503125 0.30859375 0.01328125 0.053125
2 0.50859375 0.2453125 0.01640625 0.05
4 0.47109375 0.02578125 0.01171875 0.02421875
4 0.51796875 0.65390625 0.00859375 0.02421875
4 0.47578125 0.64296875 0.00859375 0.02890625
2 0.5875 0.765625 0.02578125 0.0390625
2 0.6359375 0.78359375 0.0265625 0.0234375
6 0.58203125 0.8859375 0.0484375 0.02578125
0 0.55546875 0.90859375 0.01640625 0.01796875
2 0.6359375 0.87578125 0.025 0.03125
4 0.578125 0.853125 0.0140625 0.01953125
4 0.55546875 0.85859375 0.015625 0.01953125
4 0.5859375 0.8 0.01796875 0.015625
4 0.69375 0.78984375 0.01640625 0.0234375
4 0.69140625 0.85625 0.009375 0.02421875
2 0.73046875 0.8734375 0.0234375 0.03671875
4 0.734375 0.77734375 0.01484375 0.025
2 0.76015625 0.82890625 0.0265625 0.03359375
2 0.7671875 0.796875 0.021875 0.02578125
2 0.82578125 0.8 0.025 0.02890625
4 0.83046875 0.82578125 0.0109375 0.01875
4 0.8515625 0.834375 0.0140625 0.01796875
2 0.86640625 0.8015625 0.01484375 0.01796875
4 0.8875 0.871875 0.009375 0.01953125
0 0.8890625 0.71484375 0.01875 0.028125
4 0.77890625 0.70546875 0.015625 0.01640625
2 0.921875 0.8015625 0.02421875 0.02578125
4 0.93359375 0.8703125 0.01484375 0.028125
4 0.46875 0.8 0.01171875 0.01796875