1 0.11796875 0.55625 0.07890625 0.03125
1 0.19375 0.54921875 0.06796875 0.03671875
3 0.009375 0.95078125 0.01875 0.0296875
4 0.015625 0.63671875 0.01640625 0.01796875
4 0.17265625 0.8546875 0.01796875 0.025
3 0.32421875 0.871875 0.0234375 0.0234375
3 0.36171875 0.85546875 0.01796875 0.0234375
4 0.38828125 0.915625 0.01640625 0.01484375
3 0.5109375 0.93828125 0.01796875 0.02421875
6 0.47734375 0.81015625 0.02890625 0.03828125
6 0.58828125 0.75859375 0.03125 0.0265625
6 0.86953125 0.8515625 0.040625 0.03125
6 0.70625 0.87734375 0.02109375 0.01953125
4 0.53203125 0.78359375 0.01171875 0.0234375
4 0.55859375 0.78671875 0.01328125 0.01953125
4 0.48671875 0.640625 0.009375 0.02578125
4 0.46796875 0.0484375 0.00625 0.0265625
4 0.540625 0.04375 0.00703125 0.02890625
4 0.72890625 0.70078125 0.01484375 0.01171875
4 0.8609375 0.815625 0.01875 0.01328125
4 0.94296875 0.82578125 0.01640625 0.015625
2 0.69296875 0.75859375 0.02890625 0.02578125
2 0.7046875 0.84375 0.02578125 0.01953125
2 0.78046875 0.8484375 0.03046875 0.0234375
2 0.79921875 0.72734375 0.02890625 0.02578125