2 0.04453125 0.96640625 0.01796875 0.02578125
2 0.09609375 0.8765625 0.01796875 0.028125
2 0.17421875 0.98203125 0.01640625 0.0265625
2 0.20859375 0.978125 0.01640625 0.040625
2 0.23125 0.95546875 0.01640625 0.03828125
2 0.1765625 0.82890625 0.01640625 0.0265625
2 0.19140625 0.8078125 0.0203125 0.02578125
2 0.1890625 0.78203125 0.0203125 0.0265625
2 0.21171875 0.7515625 0.01796875 0.028125
2 0.228125 0.728125 0.01875 0.02421875
2 0.32421875 0.82890625 0.01953125 0.02890625
2 0.25 0.721875 0.01953125 0.02890625
2 0.24296875 0.703125 0.01875 0.02421875
2 0.2375 0.69609375 0.01796875 0.0296875
2 0.25859375 0.68828125 0.01796875 0.025
2 0.26484375 0.7 0.01640625 0.02421875
2 0.2828125 0.68046875 0.01640625 0.0265625
2 0.2984375 0.66328125 0.01875 0.0234375
2 0.29375 0.6484375 0.01875 0.025
2 0.31328125 0.64609375 0.01484375 0.02578125
2 0.33046875 0.625 0.01875 0.02421875
2 0.328125 0.609375 0.01875 0.02109375
2 0.34609375 0.60078125 0.015625 0.03125
2 0.44375 0.8578125 0.01875 0.0234375
2 0.328125 0.95625 0.01796875 0.0203125
2 0.33046875 0.98203125 0.021875 0.02890625
2 0.37421875 0.96328125 0.01953125 0.028125
2 0.49609375 0.815625 0.01875 0.02578125
2 0.52421875 0.76640625 0.01875 0.034375
2 0.553125 0.7828125 0.0203125 0.025
2 0.41484375 0.54609375 0.0140625 0.03359375
2 0.39921875 0.490625 0.01328125 0.03125
2 0.33046875 0.32109375 0.01484375 0.03125
2 0.315625 0.2296875 0.015625 0.034375
2 0.28046875 0.1328125 0.01640625 0.028125
2 0.23515625 0.0421875 0.01640625 0.03203125
2 0.2953125 0.01171875 0.015625 0.0234375
2 0.32265625 0.0140625 0.01796875 0.028125
2 0.334375 0.0125 0.01796875 0.025
2 0.3234375 0.059375 0.01953125 0.03671875
2 0.3546875 0.13046875 0.01484375 0.0359375
2 0.37109375 0.146875 0.015625 0.02578125
2 0.38828125 0.1703125 0.015625 0.028125
2 0.3984375 0.1984375 0.015625 0.02890625
2 0.396875 0.21796875 0.01484375 0.028125
2 0.409375 0.2359375 0.01796875 0.03359375
2 0.4234375 0.234375 0.01796875 0.02890625
2 0.42421875 0.25859375 0.01328125 0.0265625
2 0.415625 0.2671875 0.01640625 0.03203125
2 0.4265625 0.29375 0.01484375 0.03203125
2 0.41796875 0.2953125 0.01796875 0.03125
2 0.43671875 0.29140625 0.01640625 0.02890625
2 0.4390625 0.26328125 0.01484375 0.02890625
2 0.465625 0.29453125 0.015625 0.0296875
2 0.57421875 0.265625 0.01171875 0.03359375
2 0.58359375 0.203125 0.01484375 0.0296875
2 0.5546875 0.22578125 0.01171875 0.03203125
2 0.5671875 0.14140625 0.01015625 0.028125
2 0.55546875 0.05546875 0.01328125 0.0359375
2 0.59296875 0.06640625 0.01796875 0.0234375
2 0.59140625 0.46328125 0.0140625 0.03671875
2 0.61484375 0.50859375 0.015625 0.02890625
2 0.6421875 0.3125 0.01796875 0.02109375
2 0.64296875 0.453125 0.01875 0.03203125
2 0.6515625 0.475 0.01796875 0.0359375
2 0.66953125 0.4734375 0.01640625 0.03046875
2 0.671875 0.43359375 0.01640625 0.028125
2 0.665625 0.41875 0.01796875 0.0296875
2 0.6890625 0.40625 0.015625 0.02578125
2 0.72109375 0.390625 0.01796875 0.028125
2 0.71015625 0.37890625 0.01484375 0.01796875
2 0.70390625 0.3640625 0.0203125 0.03046875
2 0.73203125 0.353125 0.01796875 0.0296875
2 0.74609375 0.31640625 0.021875 0.028125
2 0.771875 0.2859375 0.01796875 0.025
2 0.75703125 0.3265625 0.015625 0.021875
2 0.7984375 0.2765625 0.021875 0.021875
2 0.80078125 0.253125 0.0203125 0.0265625
2 0.815625 0.259375 0.01796875 0.025
2 0.80703125 0.17890625 0.01796875 0.02578125
2 0.79609375 0.171875 0.0140625 0.034375
2 0.8234375 0.146875 0.01328125 0.03828125
2 0.87109375 0.08671875 0.01875 0.03046875
2 0.9375 0.01171875 0.021875 0.0234375
2 0.92578125 0.23046875 0.02109375 0.03046875
2 0.9359375 0.215625 0.01640625 0.03046875
2 0.94453125 0.209375 0.01640625 0.03125
2 0.58828125 0.56171875 0.01640625 0.03046875
2 0.5515625 0.59921875 0.0234375 0.02578125
2 0.71953125 0.5765625 0.01328125 0.0359375
2 0.865625 0.75234375 0.01640625 0.03203125
2 0.88203125 0.7640625 0.01328125 0.02890625
2 0.90625 0.77890625 0.01484375 0.0265625
2 0.94140625 0.82578125 0.01640625 0.02890625
2 0.94921875 0.84375 0.021875 0.02421875
2 0.9609375 0.86328125 0.01953125 0.02578125
2 0.97109375 0.87890625 0.0203125 0.0234375
2 0.98046875 0.90703125 0.01953125 0.02890625
2 0.95703125 0.90625 0.01796875 0.03359375
2 0.921875 0.96953125 0.0234375 0.0296875
2 0.85703125 0.89375 0.01875 0.028125
2 0.728125 0.77421875 0.01796875 0.03125
2 0.71875 0.74453125 0.01796875 0.028125
2 0.70625 0.7734375 0.01796875 0.02109375
2 0.69375 0.72265625 0.02109375 0.0234375
2 0.68125 0.75625 0.01875 0.0234375
2 0.60078125 0.70390625 0.0203125 0.0234375
4 0.0546875 0.86640625 0.009375 0.0140625
4 0.0609375 0.87890625 0.01015625 0.01640625
4 0.071875 0.88515625 0.00859375 0.01484375
4 0.08046875 0.853125 0.00625 0.01484375
4 0.084375 0.84921875 0.0046875 0.01484375
4 0.0890625 0.84453125 0.00625 0.01640625
4 0.09296875 0.84453125 0.00546875 0.01484375
4 0.10703125 0.83203125 0.00703125 0.01484375
4 0.11015625 0.825 0.00703125 0.01484375
4 0.11484375 0.82578125 0.00625 0.01015625
4 0.1171875 0.81640625 0.009375 0.009375
4 0.2109375 0.928125 0.009375 0.01640625
4 0.17421875 0.790625 0.00703125 0.01640625
4 0.20859375 0.73359375 0.009375 0.015625
4 0.2265625 0.71875 0.01015625 0.01171875
4 0.22578125 0.70078125 0.009375 0.01484375
4 0.259375 0.6765625 0.00703125 0.0140625
4 0.265625 0.6671875 0.00859375 0.009375
4 0.2734375 0.659375 0.00859375 0.01015625
4 0.28125 0.6515625 0.009375 0.01171875
4 0.2765625 0.64140625 0.00859375 0.01015625
4 0.2984375 0.60703125 0.01015625 0.00859375
4 0.2953125 0.6171875 0.0109375 0.00859375
4 0.30703125 0.628125 0.00859375 0.00703125
4 0.315625 0.62421875 0.009375 0.01015625
4 0.3109375 0.634375 0.00859375 0.0109375
4 0.328125 0.596875 0.009375 0.01171875
4 0.334375 0.58359375 0.00859375 0.01484375
4 0.41171875 0.49140625 0.00859375 0.01640625
4 0.428125 0.55625 0.00703125 0.01640625
4 0.39140625 0.728125 0.01328125 0.01171875
4 0.39296875 0.74140625 0.01171875 0.01484375
4 0.440625 0.68828125 0.009375 0.015625
4 0.36328125 0.803125 0.01015625 0.00859375
4 0.29921875 0.859375 0.009375 0.01953125
4 0.24921875 0.9359375 0.00703125 0.015625
4 0.3578125 0.94375 0.009375 0.01640625
4 0.33671875 0.99375 0.009375 0.01171875
4 0.4390625 0.84609375 0.00859375 0.0140625
4 0.44921875 0.86875 0.00859375 0.0140625
4 0.46875 0.8109375 0.00859375 0.015625
4 0.51796875 0.7953125 0.009375 0.01640625
4 0.52421875 0.796875 0.00546875 0.01640625
4 0.56796875 0.771875 0.00859375 0.01953125
4 0.471875 0.68828125 0.01015625 0.0109375
4 0.48828125 0.66640625 0.0109375 0.0203125
4 0.49453125 0.67578125 0.01171875 0.01171875
4 0.51015625 0.67734375 0.01171875 0.0140625
4 0.51328125 0.65078125 0.01171875 0.01328125
4 0.5390625 0.646875 0.01015625 0.01015625
4 0.53359375 0.6390625 0.01015625 0.01171875
4 0.5734375 0.65546875 0.00859375 0.015625
4 0.58046875 0.60390625 0.00859375 0.01171875
4 0.57578125 0.5734375 0.00703125 0.01640625
4 0.46015625 0.44609375 0.01171875 0.01953125
4 0.36796875 0.37265625 0.009375 0.01953125
4 0.27890625 0.159375 0.00703125 0.01796875
4 0.2609375 0.11484375 0.0109375 0.01796875
4 0.33125 0.05546875 0.01015625 0.0203125
4 0.34140625 0.06953125 0.009375 0.0203125
4 0.35859375 0.1171875 0.00859375 0.01875
4 0.36796875 0.125 0.01015625 0.01640625
4 0.371875 0.08203125 0.00625 0.0109375
4 0.390625 0.1546875 0.00859375 0.015625
4 0.390625 0.13828125 0.00703125 0.01484375
4 0.38671875 0.184375 0.009375 0.0140625
4 0.390625 0.1984375 0.00859375 0.0140625
4 0.3859375 0.203125 0.009375 0.01484375
4 0.3953125 0.1328125 0.00703125 0.01015625
4 0.39765625 0.13671875 0.00625 0.00859375
4 0.40078125 0.13984375 0.00703125 0.01171875
4 0.4015625 0.14140625 0.00703125 0.00859375
4 0.4046875 0.1484375 0.00859375 0.00859375
4 0.40859375 0.13671875 0.00625 0.01015625
4 0.40546875 0.159375 0.00859375 0.00703125
4 0.41015625 0.16484375 0.00625 0.0109375
4 0.41796875 0.1578125 0.00546875 0.01015625
4 0.41953125 0.16171875 0.00703125 0.00859375
4 0.41484375 0.17421875 0.00703125 0.01328125
4 0.41796875 0.17890625 0.00390625 0.0109375
4 0.42578125 0.17421875 0.009375 0.01328125
4 0.42890625 0.18125 0.00625 0.0109375
4 0.4359375 0.19140625 0.00703125 0.00703125
4 0.44921875 0.28125 0.00546875 0.01328125
4 0.44609375 0.284375 0.00625 0.0140625
4 0.44609375 0.29375 0.00625 0.01171875
4 0.64140625 0.328125 0.0140625 0.01328125
4 0.815625 0.18671875 0.01015625 0.01328125
4 0.81328125 0.16328125 0.00703125 0.01171875
4 0.8109375 0.15078125 0.00859375 0.01328125
4 0.88125 0.1109375 0.01328125 0.01640625
4 0.93046875 0.1265625 0.015625 0.01875
4 0.72109375 0.3515625 0.01015625 0.0140625
4 0.684375 0.396875 0.00859375 0.01640625
4 0.60703125 0.47109375 0.01328125 0.015625
4 0.60546875 0.48203125 0.009375 0.01328125
4 0.65703125 0.5109375 0.00859375 0.01953125
4 0.646875 0.51015625 0.01328125 0.01875
4 0.63359375 0.521875 0.01015625 0.01484375
4 0.63671875 0.5328125 0.01015625 0.0140625
4 0.64296875 0.55625 0.00625 0.01640625
4 0.61953125 0.55546875 0.0109375 0.01875
4 0.60859375 0.54140625 0.00859375 0.01640625
4 0.59921875 0.54921875 0.00859375 0.01328125
4 0.60546875 0.5625 0.00859375 0.01015625
4 0.60703125 0.57421875 0.00859375 0.009375
4 0.60625 0.58203125 0.00859375 0.01171875
4 0.621875 0.59765625 0.01171875 0.015625
4 0.59296875 0.5921875 0.009375 0.01484375
4 0.59453125 0.571875 0.009375 0.01328125
4 0.58046875 0.66796875 0.009375 0.015625
4 0.73828125 0.65546875 0.01328125 0.01953125
4 0.81640625 0.71640625 0.0046875 0.01484375
4 0.8203125 0.71796875 0.0046875 0.01328125
4 0.8234375 0.72265625 0.00546875 0.0109375
4 0.8328125 0.73203125 0.0046875 0.0140625
4 0.84375 0.740625 0.00390625 0.01171875
4 0.8484375 0.74453125 0.00390625 0.01171875
4 0.8515625 0.7453125 0.0046875 0.01171875
4 0.85390625 0.75078125 0.0046875 0.0140625
4 0.85546875 0.79375 0.009375 0.01328125
4 0.88515625 0.83203125 0.01171875 0.01484375
4 0.9109375 0.79453125 0.00625 0.01796875
4 0.975 0.84453125 0.009375 0.00859375
4 0.98125 0.85546875 0.009375 0.00703125
4 0.9734375 0.8640625 0.00859375 0.009375
4 0.9828125 0.87734375 0.00546875 0.01640625
4 0.83828125 0.89453125 0.00859375 0.01328125
4 0.815625 0.853125 0.009375 0.01484375
4 0.69296875 0.76015625 0.00859375 0.01171875
4 0.67734375 0.740625 0.009375 0.01015625
4 0.67890625 0.71953125 0.00859375 0.0109375
0 0.109375 0.86328125 0.015625 0.025
0 0.340625 0.79375 0.0140625 0.025
0 0.25078125 0.68046875 0.0140625 0.025
0 0.2734375 0.66796875 0.0140625 0.01953125
0 0.39921875 0.78125 0.0140625 0.01953125
0 0.3359375 0.5921875 0.01171875 0.02109375
0 0.49296875 0.73203125 0.01484375 0.01953125
0 0.47265625 0.77734375 0.01171875 0.02578125
0 0.53203125 0.6234375 0.01484375 0.01953125
0 0.55625 0.621875 0.0140625 0.01875
0 0.346875 0.4484375 0.01171875 0.02578125
0 0.425 0.31328125 0.0109375 0.021875
0 0.41015625 0.21640625 0.01171875 0.0234375
0 0.5609375 0.31484375 0.01171875 0.02421875
0 0.60546875 0.28984375 0.01328125 0.0203125
0 0.60390625 0.26171875 0.0140625 0.02578125
0 0.70859375 0.27421875 0.01484375 0.02578125
0 0.95390625 0.103125 0.01640625 0.0265625
0 0.75859375 0.3421875 0.01640625 0.0203125
0 0.69375 0.43046875 0.01328125 0.0234375
0 0.61796875 0.528125 0.0140625 0.02421875
0 0.75703125 0.65234375 0.01484375 0.0265625
0 0.8734375 0.76875 0.0140625 0.02109375
0 0.896875 0.77421875 0.01328125 0.01953125
0 0.66953125 0.76328125 0.01796875 0.0234375
0 0.6796875 0.7328125 0.01640625 0.01875
0 0.62421875 0.73046875 0.01640625 0.02421875
3 0.82890625 0.91875 0.0203125 0.0296875
3 0.73984375 0.76640625 0.01796875 0.0296875
3 0.3765625 0.91875 0.025 0.034375
3 0.37578125 0.940625 0.01484375 0.01875
3 0.340625 0.04609375 0.02421875 0.04453125
3 0.34921875 0.6203125 0.021875 0.03203125
3 0.2890625 0.634375 0.01875 0.0234375
3 0.11328125 0.9078125 0.021875 0.034375
3 0.153125 0.98359375 0.02578125 0.03203125
1 0.78984375 0.8453125 0.04921875 0.06171875
1 0.91640625 0.978125 0.0453125 0.04375
1 0.390625 0.24296875 0.03828125 0.0703125
1 0.3609375 0.18046875 0.034375 0.065625
1 0.321875 0.590625 0.04609375 0.0734375
1 0.21953125 0.7609375 0.0515625 0.075
6 0.8765625 0.93828125 0.03671875 0.053125
6 0.98515625 0.97734375 0.0296875 0.0453125
6 0.70078125 0.74921875 0.03203125 0.03515625