4 0.13671875 0.7765625 0.01640625 0.0234375
4 0.1234375 0.84609375 0.01171875 0.0234375
4 0.10859375 0.853125 0.015625 0.01796875
4 0.36328125 0.884375 0.01171875 0.02578125
4 0.3109375 0.73828125 0.01875 0.02109375
4 0.42578125 0.70078125 0.0140625 0.021875
4 0.484375 0.675 0.01171875 0.03125
4 0.4984375 0.6796875 0.00859375 0.03203125
4 0.46953125 0.62578125 0.01171875 0.034375
4 0.534375 0.8859375 0.01796875 0.02578125
4 0.58046875 0.828125 0.01484375 0.02890625
4 0.54296875 0.825 0.01328125 0.02109375
4 0.596875 0.77578125 0.01640625 0.0265625
4 0.59609375 0.7375 0.01328125 0.0234375
0 0.2140625 0.76328125 0.01953125 0.028125
2 0.07578125 0.79453125 0.03203125 0.0234375
2 0.4703125 0.5625 0.02109375 0.05625
2 0.459375 0.7640625 0.034375 0.0265625
2 0.51796875 0.49453125 0.01484375 0.05078125
3 0.47890625 0.49140625 0.01640625 0.08046875
2 0.7390625 0.79375 0.0234375 0.028125
0 0.54453125 0.77890625 0.02109375 0.02578125
2 0.47734375 0.79453125 0.025 0.03125
4 0.52265625 0.32109375 0.00859375 0.03125
4 0.4734375 0.065625 0.00859375 0.040625
3 0.665625 0.67109375 0.02109375 0.02421875
2 0.8265625 0.80546875 0.02890625 0.028125
0 0.8984375 0.8765625 0.0203125 0.0296875
4 0.9296875 0.85625 0.01484375 0.02578125
4 0.978125 0.78046875 0.01875 0.02578125
2 0.37265625 0.85625 0.028125 0.03359375
4 0.29765625 0.66640625 0.01484375 0.03046875
4 0.35859375 0.64296875 0.01640625 0.02890625
4 0.10625 0.87109375 0.01796875 0.02109375