2 0.4609375 0.52734375 0.0203125 0.0203125
2 0.41796875 0.52734375 0.01953125 0.01484375
2 0.49921875 0.528125 0.02109375 0.01640625
2 0.53828125 0.52421875 0.02109375 0.01484375
2 0.55703125 0.52734375 0.01640625 0.02109375
2 0.490625 0.50625 0.0203125 0.01640625
0 0.46796875 0.546875 0.01484375 0.01796875
2 0.43359375 0.54296875 0.01796875 0.01875
2 0.43359375 0.50625 0.01875 0.01484375
6 0.59296875 0.50625 0.0359375 0.02421875
0 0.43984375 0.45234375 0.01875 0.0203125
0 0.40078125 0.41328125 0.0140625 0.0265625
0 0.346875 0.3296875 0.01171875 0.0296875
2 0.33828125 0.29296875 0.01171875 0.04609375
2 0.32421875 0.27578125 0.00625 0.03359375
2 0.33828125 0.33203125 0.01015625 0.03203125
2 0.49375 0.47421875 0.03671875 0.025
2 0.5390625 0.471875 0.01875 0.02421875
2 0.45390625 0.50703125 0.02109375 0.01796875
2 0.51796875 0.5265625 0.028125 0.01953125
2 0.39921875 0.54375 0.01875 0.01484375
2 0.38203125 0.521875 0.0203125 0.02421875
2 0.37109375 0.48671875 0.01796875 0.01953125
2 0.35390625 0.46015625 0.028125 0.021875
2 0.32421875 0.44765625 0.01875 0.025
2 0.32734375 0.475 0.01640625 0.028125
2 0.3078125 0.459375 0.021875 0.01640625
2 0.26953125 0.6 0.0140625 0.03515625
2 0.253125 0.61328125 0.00625 0.0609375
2 0.26171875 0.72265625 0.01171875 0.03984375
4 0.27265625 0.78828125 0.0140625 0.025
2 0.25078125 0.884375 0.0140625 0.0484375
2 0.1015625 0.421875 0.0265625 0.03671875
0 0.12421875 0.45390625 0.01796875 0.021875
0 0.159375 0.45078125 0.01171875 0.02578125
0 0.315625 0.61796875 0.0140625 0.03203125
0 0.334375 0.80546875 0.01875 0.03203125
0 0.1765625 0.67421875 0.01171875 0.0265625
0 0.171875 0.60859375 0.01484375 0.02578125
0 0.18828125 0.66796875 0.00625 0.02109375
0 0.18046875 0.59140625 0.009375 0.01953125
4 0.22578125 0.328125 0.01015625 0.028125
4 0.21640625 0.428125 0.015625 0.02421875
4 0.21875 0.36328125 0.01171875 0.03125
4 0.290625 0.321875 0.01484375 0.02109375
4 0.2109375 0.48515625 0.0109375 0.02421875
4 0.2765625 0.56328125 0.0140625 0.03671875
4 0.2828125 0.6265625 0.0234375 0.02578125
4 0.1296875 0.5171875 0.01484375 0.025
4 0.04921875 0.49375 0.00703125 0.01796875
4 0.02421875 0.48203125 0.01171875 0.01953125
0 0.01484375 0.5234375 0.0203125 0.028125
4 0.06484375 0.428125 0.01171875 0.02109375
4 0.04609375 0.38828125 0.015625 0.02109375
4 0.00859375 0.3859375 0.01640625 0.025
2 0.315625 0.31953125 0.0140625 0.03984375
2 0.31796875 0.7359375 0.01796875 0.04609375
4 0.3265625 0.68046875 0.01171875 0.03125
4 0.340625 0.64140625 0.009375 0.02421875
4 0.31640625 0.646875 0.01171875 0.02109375
0 0.39140625 0.45546875 0.015625 0.0453125
2 0.41796875 0.43984375 0.0234375 0.03359375
0 0.3359375 0.36875 0.0140625 0.0265625
2 0.7234375 0.45078125 0.028125 0.03203125
0 0.64453125 0.4265625 0.028125 0.034375
2 0.671875 0.534375 0.0390625 0.03203125
2 0.978125 0.46640625 0.02890625 0.0359375
2 0.93984375 0.4734375 0.021875 0.034375
0 0.84921875 0.478125 0.025 0.053125
2 0.8890625 0.4375 0.02578125 0.03203125
2 0.88671875 0.409375 0.028125 0.0265625
2 0.78046875 0.521875 0.03203125 0.0359375
2 0.7984375 0.465625 0.028125 0.034375
2 0.7234375 0.42109375 0.025 0.015625
4 0.66875 0.4578125 0.015625 0.009375
2 0.63359375 0.46953125 0.0265625 0.03125
4 0.5859375 0.4546875 0.01796875 0.0140625
5 0.559375 0.43203125 0.03515625 0.0296875
2 0.96953125 0.52890625 0.03359375 0.0234375
2 0.52421875 0.459375 0.0203125 0.01484375
2 0.4734375 0.5109375 0.01640625 0.01640625
2 0.5140625 0.50625 0.02109375 0.0203125
2 0.5390625 0.50625 0.01796875 0.01875
2 0.55703125 0.50625 0.01796875 0.01875
2 0.43984375 0.52890625 0.01953125 0.01796875
2 0.41796875 0.51171875 0.01640625 0.01796875
4 0.43125 0.46328125 0.01171875 0.0109375
4 0.48828125 0.346875 0.01328125 0.009375
4 0.48515625 0.32109375 0.00859375 0.01875
2 0.17890625 0.6390625 0.0109375 0.03515625
2 0.17734375 0.72109375 0.009375 0.03046875
2 0.18125 0.7625 0.00859375 0.03359375
2 0.178125 0.80625 0.00859375 0.028125
2 0.184375 0.796875 0.00859375 0.028125
4 0.2 0.73125 0.009375 0.0234375
4 0.16875 0.78828125 0.00703125 0.025
4 0.17109375 0.6484375 0.00546875 0.01640625
4 0.13671875 0.5578125 0.00859375 0.01171875
4 0.17109375 0.58828125 0.00546875 0.01640625
4 0.359375 0.54140625 0.00859375 0.01015625
4 0.3609375 0.546875 0.00703125 0.00859375
4 0.36875 0.54765625 0.00625 0.01015625
4 0.3765625 0.55390625 0.00859375 0.01015625
4 0.384375 0.55390625 0.00703125 0.00859375
4 0.36953125 0.565625 0.009375 0.01171875
4 0.39296875 0.5515625 0.009375 0.01015625
4 0.36640625 0.53828125 0.00859375 0.01171875
2 0.39921875 0.5265625 0.015625 0.0203125
4 0.3640625 0.50234375 0.0109375 0.009375
4 0.3828125 0.503125 0.01171875 0.01328125
4 0.41484375 0.5515625 0.00859375 0.01328125
2 0.4171875 0.53984375 0.01796875 0.01796875
0 0.45078125 0.5609375 0.0140625 0.01484375
4 0.22421875 0.09296875 0.0140625 0.0265625