4 0.078125 0.7875 0.0140625 0.01328125
4 0.025 0.93671875 0.01328125 0.01171875
0 0.13671875 0.9609375 0.015625 0.015625
2 0.15390625 0.88359375 0.01953125 0.021875
2 0.1890625 0.7859375 0.0203125 0.0234375
4 0.11171875 0.73671875 0.01640625 0.01171875
2 0.125 0.72109375 0.021875 0.01796875
5 0.2171875 0.671875 0.05546875 0.03125
5 0.2765625 0.665625 0.05703125 0.02890625
2 0.29609375 0.7078125 0.0203125 0.0203125
4 0.3734375 0.6828125 0.01015625 0.01328125
0 0.390625 0.69609375 0.01484375 0.01796875
4 0.3046875 0.90546875 0.01171875 0.01484375
0 0.2859375 0.778125 0.01640625 0.0234375
4 0.296875 0.815625 0.01328125 0.01875
0 0.50625 0.95390625 0.015625 0.01328125
2 0.50390625 0.81875 0.02578125 0.0234375
4 0.45546875 0.7015625 0.009375 0.02109375
4 0.490625 0.6796875 0.009375 0.0234375
2 0.52421875 0.68359375 0.0140625 0.03828125
2 0.5484375 0.73828125 0.01953125 0.03515625
2 0.51484375 0.60078125 0.0140625 0.040625
4 0.46953125 0.55078125 0.00859375 0.02578125
4 0.4734375 0.403125 0.01015625 0.02109375
4 0.48046875 0.43125 0.00546875 0.021875
0 0.5515625 0.859375 0.01953125 0.02421875
2 0.56640625 0.821875 0.02578125 0.02109375
4 0.60078125 0.78359375 0.015625 0.01328125
6 0.60859375 0.86953125 0.03984375 0.03046875
4 0.68046875 0.77109375 0.01484375 0.0140625
4 0.6234375 0.88984375 0.01015625 0.00859375
2 0.6671875 0.828125 0.02421875 0.02109375
2 0.67265625 0.8703125 0.021875 0.021875
1 0.7359375 0.87421875 0.0609375 0.03203125
2 0.79296875 0.89609375 0.02421875 0.0203125
0 0.84609375 0.88203125 0.01640625 0.015625
4 0.75390625 0.784375 0.0140625 0.0140625
4 0.92109375 0.80703125 0.0109375 0.00859375
4 0.925 0.81953125 0.01015625 0.01171875
4 0.99296875 0.8234375 0.01328125 0.0109375
2 0.9640625 0.7484375 0.01953125 0.01953125
2 0.9765625 0.87578125 0.025 0.0203125
2 0.91015625 0.8765625 0.0234375 0.021875