3 0.5203125 0.46796875 0.0203125 0.03515625
0 0.44375 0.43515625 0.01875 0.025
0 0.4234375 0.5125 0.01484375 0.03203125
0 0.4828125 0.64453125 0.01640625 0.025
0 0.634375 0.43515625 0.015625 0.02421875
0 0.64296875 0.38203125 0.01484375 0.02578125
0 0.60078125 0.5265625 0.01328125 0.03125
0 0.64140625 0.80703125 0.01796875 0.0234375
2 0.48515625 0.39296875 0.028125 0.0390625
2 0.428125 0.35703125 0.02421875 0.034375
0 0.3828125 0.7015625 0.01484375 0.03125
3 0.2546875 0.80859375 0.01796875 0.040625
3 0.33671875 0.67109375 0.02109375 0.05078125
0 0.315625 0.6921875 0.0140625 0.03359375
6 0.56796875 0.69375 0.04375 0.06875
2 0.69609375 0.74296875 0.02421875 0.053125
2 0.6890625 0.81171875 0.0234375 0.03671875
2 0.64765625 0.765625 0.02109375 0.04296875
3 0.62421875 0.76953125 0.02890625 0.03984375
2 0.75625 0.903125 0.028125 0.03828125
0 0.8453125 0.071875 0.021875 0.02578125
2 0.59921875 0.21875 0.0234375 0.028125
2 0.30546875 0.11796875 0.02421875 0.0359375
2 0.215625 0.94375 0.01875 0.04609375
4 0.43671875 0.57265625 0.01171875 0.025
4 0.39765625 0.534375 0.00546875 0.0265625
4 0.4515625 0.54140625 0.01171875 0.01875
4 0.465625 0.52109375 0.01015625 0.021875
4 0.48671875 0.55390625 0.0109375 0.0203125
4 0.48046875 0.5796875 0.009375 0.01953125
4 0.54453125 0.61171875 0.01171875 0.02109375
4 0.60078125 0.58515625 0.009375 0.02421875
4 0.63828125 0.65546875 0.01328125 0.028125
4 0.60078125 0.7296875 0.01328125 0.0203125
4 0.58203125 0.553125 0.01015625 0.01953125
4 0.596875 0.4515625 0.01328125 0.0265625
4 0.41953125 0.44921875 0.0140625 0.01953125
4 0.4265625 0.47421875 0.01328125 0.01640625
4 0.4171875 0.47734375 0.009375 0.0203125
4 0.40703125 0.46796875 0.009375 0.021875
4 0.3640625 0.39140625 0.01640625 0.02421875
4 0.33828125 0.39765625 0.01171875 0.025
4 0.39453125 0.46484375 0.009375 0.028125
4 0.384375 0.53828125 0.00859375 0.02421875
4 0.36875 0.56640625 0.00703125 0.01875
4 0.35625 0.584375 0.01171875 0.0234375
4 0.40078125 0.63359375 0.01171875 0.01484375
4 0.4546875 0.60234375 0.00859375 0.01875
4 0.4578125 0.57578125 0.0109375 0.01640625
4 0.61796875 0.5875 0.0109375 0.02421875
4 0.453125 0.64140625 0.01171875 0.01796875
4 0.40625 0.6640625 0.0109375 0.01640625
4 0.36640625 0.61640625 0.0109375 0.015625
4 0.35859375 0.7171875 0.009375 0.02421875
4 0.36171875 0.74375 0.01328125 0.0234375
4 0.3609375 0.76640625 0.01015625 0.0203125
4 0.34609375 0.79609375 0.01171875 0.0203125
4 0.30078125 0.74921875 0.01484375 0.0265625
4 0.303125 0.7125 0.01171875 0.02421875
4 0.28984375 0.70625 0.01015625 0.025
4 0.27734375 0.7859375 0.0109375 0.01953125
4 0.30703125 0.775 0.01328125 0.021875
4 0.31015625 0.8828125 0.01484375 0.0296875
4 0.31953125 0.8984375 0.01171875 0.0234375
4 0.25546875 0.9046875 0.01171875 0.02421875
4 0.2515625 0.88046875 0.01171875 0.02421875
4 0.27421875 0.86171875 0.01328125 0.02109375
4 0.27890625 0.81875 0.00859375 0.02421875
4 0.26953125 0.82890625 0.00859375 0.025
4 0.25078125 0.84140625 0.01328125 0.02421875
4 0.2875 0.7984375 0.01171875 0.02578125
4 0.396875 0.3046875 0.01953125 0.0140625
4 0.39375 0.33203125 0.01328125 0.02890625
4 0.3796875 0.33203125 0.00859375 0.04296875
4 0.31171875 0.2609375 0.0140625 0.0234375
4 0.36796875 0.24140625 0.01171875 0.0234375
4 0.35703125 0.2671875 0.0109375 0.0234375
4 0.3359375 0.2359375 0.01171875 0.02421875
4 0.78828125 0.85234375 0.01328125 0.0203125
4 0.7140625 0.85390625 0.01484375 0.01640625
4 0.728125 0.89609375 0.01484375 0.01640625
4 0.7234375 0.93046875 0.01171875 0.0203125
4 0.746875 0.93203125 0.01328125 0.01796875
4 0.75703125 0.93046875 0.0109375 0.02109375
4 0.85703125 0.94609375 0.01484375 0.01953125
4 0.86796875 0.96953125 0.01328125 0.015625
4 0.86171875 0.98359375 0.01171875 0.01875
4 0.6984375 0.86328125 0.01171875 0.01796875
4 0.6640625 0.8015625 0.01328125 0.02109375
4 0.6765625 0.83671875 0.01328125 0.02109375
4 0.465625 0.671875 0.01171875 0.01171875
4 0.4265625 0.67421875 0.0109375 0.01640625
4 0.41640625 0.690625 0.00859375 0.0140625
4 0.39609375 0.7015625 0.01015625 0.02109375
4 0.3578125 0.6140625 0.009375 0.02421875
4 0.321875 0.56796875 0.01015625 0.02578125
4 0.3140625 0.62578125 0.009375 0.0203125
4 0.30703125 0.61640625 0.009375 0.0203125
4 0.25078125 0.93828125 0.01171875 0.0203125
4 0.2734375 0.9875 0.009375 0.025
4 0.31484375 0.9484375 0.009375 0.015625
3 0.28046875 0.68046875 0.01484375 0.03359375
4 0.30625 0.16484375 0.0109375 0.01796875
4 0.3109375 0.14609375 0.01484375 0.01640625
4 0.32421875 0.20078125 0.01171875 0.01953125
4 0.3046875 0.1828125 0.01171875 0.01640625
4 0.1984375 0.16953125 0.0140625 0.01484375
4 0.17421875 0.121875 0.009375 0.025
4 0.1984375 0.15625 0.01171875 0.01328125
2 0.18984375 0.13671875 0.0265625 0.03203125
3 0.18984375 0.21640625 0.02421875 0.040625
3 0.253125 0.24375 0.02109375 0.03125
3 0.21328125 0.26171875 0.02109375 0.040625
6 0.1921875 0.2640625 0.028125 0.05625
4 0.4296875 0.54375 0.01171875 0.01796875
4 0.45859375 0.39453125 0.01328125 0.01640625
4 0.46015625 0.378125 0.01328125 0.01875
4 0.5265625 0.3234375 0.01640625 0.01796875
4 0.55703125 0.27890625 0.0109375 0.01640625
4 0.6203125 0.27578125 0.01328125 0.01796875
4 0.63046875 0.3515625 0.01640625 0.0203125
4 0.5421875 0.2734375 0.00859375 0.0140625
2 0.54921875 0.24765625 0.025 0.03046875
2 0.51640625 0.278125 0.025 0.03359375
2 0.6578125 0.15078125 0.021875 0.03046875
4 0.6578125 0.18671875 0.01171875 0.01796875
4 0.71875 0.30390625 0.01484375 0.01875
4 0.66484375 0.19765625 0.01171875 0.01875
4 0.79453125 0.25859375 0.01484375 0.01953125
4 0.89375 0.190625 0.01796875 0.021875
4 0.90703125 0.0140625 0.01171875 0.01796875
4 0.81640625 0.0765625 0.01171875 0.01640625
2 0.84921875 0.10625 0.0234375 0.028125
2 0.8640625 0.284375 0.025 0.03359375
2 0.84609375 0.38515625 0.025 0.04921875
4 0.90859375 0.31328125 0.0109375 0.021875
3 0.83671875 0.30546875 0.03125 0.03984375
3 0.86796875 0.3359375 0.03125 0.0640625
3 0.82578125 0.44375 0.03046875 0.0640625
3 0.809375 0.32578125 0.02421875 0.025
3 0.734375 0.3875 0.02890625 0.0390625
3 0.67109375 0.43359375 0.02890625 0.03671875
3 0.68515625 0.58515625 0.021875 0.04453125
3 0.69296875 0.609375 0.01875 0.034375
3 0.728125 0.6734375 0.021875 0.04609375
2 0.759375 0.62890625 0.02109375 0.04296875
4 0.58203125 0.5359375 0.009375 0.01484375
3 0.628125 0.54140625 0.015625 0.03046875
3 0.6203125 0.49140625 0.01953125 0.025
2 0.4015625 0.14921875 0.0234375 0.0453125
4 0.25078125 0.071875 0.0140625 0.01796875
4 0.24375 0.08203125 0.0109375 0.01640625
4 0.24375 0.21484375 0.01328125 0.01953125
3 0.6296875 0.5046875 0.02109375 0.034375
3 0.66640625 0.56171875 0.0203125 0.03203125
3 0.6734375 0.578125 0.015625 0.0265625
3 0.70703125 0.63125 0.0234375 0.03671875
3 0.71640625 0.64453125 0.0265625 0.03984375
4 0.6484375 0.459375 0.01328125 0.01171875
4 0.628125 0.4640625 0.01484375 0.01328125
4 0.65078125 0.58046875 0.009375 0.01171875
2 0.61953125 0.159375 0.01328125 0.04609375
3 0.52109375 0.2203125 0.0234375 0.0296875
3 0.23203125 0.2921875 0.021875 0.03984375
3 0.21796875 0.2859375 0.0203125 0.040625
6 0.0734375 0.04375 0.0359375 0.059375
4 0.1140625 0.13046875 0.00703125 0.0203125
4 0.146875 0.19375 0.00625 0.01484375
4 0.14296875 0.18828125 0.009375 0.021875
4 0.328125 0.06640625 0.009375 0.01796875
4 0.340625 0.078125 0.01015625 0.01875
4 0.340625 0.046875 0.009375 0.01796875
4 0.35078125 0.05546875 0.0109375 0.01875
4 0.359375 0.06796875 0.01015625 0.015625
4 0.36953125 0.08203125 0.009375 0.01796875
4 0.3765625 0.10859375 0.00859375 0.01640625
4 0.38125 0.12109375 0.00859375 0.01484375
4 0.37578125 0.14375 0.00625 0.01953125
4 0.36953125 0.13359375 0.0046875 0.01875
4 0.365625 0.121875 0.00703125 0.01640625
4 0.3578125 0.1234375 0.00859375 0.01875
4 0.3515625 0.10625 0.00625 0.01484375
4 0.35703125 0.09296875 0.00625 0.0140625
4 0.36015625 0.103125 0.00859375 0.01484375
4 0.3484375 0.1015625 0.009375 0.01484375
4 0.3171875 0.08125 0.009375 0.01015625
4 0.30859375 0.08203125 0.00546875 0.01640625
4 0.31640625 0.1046875 0.009375 0.01484375
4 0.33671875 0.1109375 0.00859375 0.01796875
4 0.32578125 0.11171875 0.00703125 0.01484375
4 0.34375 0.12890625 0.00625 0.01484375
4 0.3375 0.13203125 0.00625 0.01640625
4 0.34609375 0.14375 0.009375 0.015625
4 0.36328125 0.18671875 0.00703125 0.0203125
4 0.35390625 0.1421875 0.00859375 0.0140625
4 0.27265625 0.50234375 0.00859375 0.01953125
4 0.31328125 0.578125 0.00625 0.01953125
4 0.23125 0.83359375 0.01015625 0.01015625
4 0.228125 0.846875 0.0140625 0.01171875
4 0.2390625 0.80546875 0.01015625 0.0109375
4 0.24140625 0.7953125 0.01328125 0.01328125
4 0.2484375 0.77265625 0.01328125 0.0140625
4 0.39296875 0.2359375 0.00859375 0.015625
4 0.39921875 0.24140625 0.00703125 0.01484375
4 0.4015625 0.25234375 0.009375 0.015625
4 0.40703125 0.26171875 0.00859375 0.015625
4 0.4265625 0.33046875 0.01171875 0.0140625
4 0.44375 0.3265625 0.01171875 0.009375
4 0.440625 0.31171875 0.00859375 0.0109375
4 0.44609375 0.29296875 0.00546875 0.01640625
4 0.44140625 0.29296875 0.0046875 0.01484375
4 0.4359375 0.29453125 0.00546875 0.01796875
4 0.43046875 0.2921875 0.00546875 0.01796875
4 0.4125 0.275 0.00625 0.01875
4 0.41640625 0.28359375 0.00859375 0.0203125
4 0.47265625 0.2828125 0.00859375 0.01796875
4 0.45546875 0.29921875 0.00859375 0.01484375
4 0.446875 0.309375 0.009375 0.01796875
4 0.45546875 0.2875 0.00859375 0.01171875
4 0.4984375 0.27578125 0.00703125 0.01875
4 0.51328125 0.25 0.00859375 0.01640625
4 0.5046875 0.26015625 0.00546875 0.015625
4 0.546875 0.190625 0.00546875 0.01875
4 0.553125 0.1859375 0.00625 0.01796875
4 0.5609375 0.2015625 0.00546875 0.0203125
4 0.5671875 0.19921875 0.00703125 0.021875
4 0.5734375 0.19375 0.00546875 0.01953125
4 0.578125 0.19140625 0.00546875 0.02109375
4 0.5890625 0.1984375 0.00546875 0.01640625
4 0.6015625 0.17265625 0.00859375 0.021875
4 0.60859375 0.15859375 0.00625 0.02109375
4 0.59375 0.178125 0.00703125 0.01796875
4 0.5890625 0.17578125 0.0046875 0.01953125
4 0.58203125 0.1859375 0.00625 0.01796875
4 0.60703125 0.13125 0.00703125 0.02109375
4 0.63046875 0.14296875 0.00625 0.01875
4 0.63359375 0.16328125 0.00546875 0.02109375
4 0.646875 0.1296875 0.00546875 0.01640625
4 0.65390625 0.1265625 0.0046875 0.021875
4 0.659375 0.1234375 0.00390625 0.02421875
4 0.6765625 0.1296875 0.00859375 0.0140625
4 0.68671875 0.10625 0.00546875 0.015625
4 0.68359375 0.10859375 0.00546875 0.01953125
4 0.67890625 0.1109375 0.00390625 0.0203125
4 0.66484375 0.1234375 0.00546875 0.01953125
4 0.63984375 0.1328125 0.0046875 0.02109375
4 0.725 0.0890625 0.00546875 0.01875
4 0.76328125 0.0390625 0.0046875 0.021875
4 0.76953125 0.03203125 0.00625 0.021875
4 0.775 0.02578125 0.00859375 0.02109375
4 0.78125 0.01953125 0.00546875 0.01953125
4 0.709375 0.9703125 0.01015625 0.02109375
4 0.7578125 0.9921875 0.00859375 0.015625
4 0.80234375 0.98359375 0.01171875 0.01796875
4 0.77578125 0.75078125 0.01171875 0.01015625
4 0.77578125 0.73984375 0.01171875 0.01171875
4 0.78203125 0.73203125 0.0109375 0.0109375
4 0.784375 0.721875 0.01015625 0.009375
4 0.796875 0.6875 0.0109375 0.0109375
4 0.79296875 0.696875 0.01171875 0.01171875
4 0.7890625 0.709375 0.01328125 0.00859375
4 0.803125 0.665625 0.01171875 0.01171875
4 0.80703125 0.64453125 0.0109375 0.01328125
4 0.81796875 0.6296875 0.009375 0.0109375
4 0.828125 0.596875 0.0109375 0.01796875
4 0.81171875 0.4796875 0.00859375 0.01328125
4 0.79609375 0.51796875 0.0109375 0.00859375
4 0.79296875 0.52421875 0.01484375 0.00703125
4 0.79140625 0.540625 0.01328125 0.01328125
4 0.7859375 0.54921875 0.01171875 0.01328125
4 0.77421875 0.57421875 0.01015625 0.0109375
4 0.77890625 0.56171875 0.0109375 0.0109375
3 0.80546875 0.49921875 0.015625 0.0296875
4 0.86640625 0.48203125 0.01015625 0.009375
4 0.86796875 0.46640625 0.009375 0.01796875
4 0.8890625 0.40703125 0.009375 0.01796875
4 0.90390625 0.3875 0.01015625 0.01953125
4 0.890625 0.428125 0.01171875 0.01328125
4 0.89375 0.41875 0.01171875 0.01171875
4 0.9203125 0.340625 0.00859375 0.01640625
4 0.92578125 0.33515625 0.00703125 0.01953125
4 0.97421875 0.25546875 0.01328125 0.01953125
4 0.53828125 0.70625 0.01171875 0.015625
3 0.52109375 0.71015625 0.02578125 0.040625
3 0.70078125 0.4140625 0.034375 0.034375