5 0.22578125 0.68515625 0.0640625 0.04375
5 0.2875 0.675 0.05625 0.0453125
4 0.0828125 0.73203125 0.015625 0.0234375
0 0.02578125 0.7484375 0.025 0.01484375
4 0.0265625 0.72578125 0.02109375 0.01640625
2 0.06328125 0.87578125 0.0265625 0.03671875
4 0.190625 0.8 0.01953125 0.028125
0 0.24296875 0.7234375 0.021875 0.0296875
4 0.24375 0.8109375 0.0109375 0.02578125
2 0.3078125 0.81953125 0.03828125 0.03515625
2 0.303125 0.8765625 0.0296875 0.025
4 0.27421875 0.7984375 0.01484375 0.01953125
4 0.30703125 0.77890625 0.015625 0.01640625
4 0.3515625 0.771875 0.01171875 0.02109375
2 0.3609375 0.7109375 0.01875 0.0234375
0 0.3859375 0.79609375 0.01796875 0.025
2 0.38203125 0.93359375 0.0203125 0.034375
4 0.41171875 0.8609375 0.01484375 0.02578125
4 0.43828125 0.85078125 0.015625 0.02421875
4 0.46640625 0.846875 0.01171875 0.02109375
2 0.503125 0.87578125 0.02578125 0.03203125
2 0.546875 0.85078125 0.01640625 0.03828125
2 0.509375 0.78515625 0.01953125 0.03828125
2 0.53203125 0.796875 0.01796875 0.040625
0 0.5515625 0.8015625 0.01171875 0.0265625
4 0.56640625 0.82109375 0.00859375 0.02578125
2 0.58359375 0.85625 0.028125 0.028125
4 0.6140625 0.77265625 0.015625 0.01875
4 0.62578125 0.88359375 0.01640625 0.01484375
2 0.65078125 0.9046875 0.02109375 0.02890625
4 0.6453125 0.8609375 0.021875 0.021875
4 0.65703125 0.79140625 0.015625 0.02890625
2 0.70703125 0.903125 0.034375 0.04921875
2 0.76484375 0.88203125 0.02890625 0.03203125
2 0.69609375 0.7015625 0.0234375 0.034375
4 0.63671875 0.709375 0.0140625 0.01953125
4 0.52578125 0.16796875 0.0140625 0.01953125
4 0.5140625 0.2296875 0.01796875 0.02421875
0 0.53046875 0.45703125 0.015625 0.0265625
4 0.4796875 0.5265625 0.01171875 0.02578125
2 0.4828125 0.603125 0.015625 0.0515625
4 0.53203125 0.6140625 0.01171875 0.03046875
4 0.79609375 0.70703125 0.015625 0.0234375
2 0.84921875 0.8015625 0.02890625 0.0203125
2 0.89609375 0.825 0.0234375 0.03125
4 0.9265625 0.72890625 0.01796875 0.025
4 0.9734375 0.73203125 0.01875 0.0203125
2 0.9828125 0.825 0.02578125 0.04296875
3 0.51953125 0.396875 0.01015625 0.04921875
4 0.04765625 0.93671875 0.01484375 0.0140625
4 0.5328125 0.359375 0.0109375 0.021875