2 0.03046875 0.5375 0.01328125 0.03671875
2 0.21953125 0.48203125 0.01328125 0.04296875
2 0.215625 0.51796875 0.01015625 0.03359375
2 0.29453125 0.646875 0.01640625 0.01484375
2 0.04765625 0.634375 0.02421875 0.01875
2 0.415625 0.46953125 0.01796875 0.0296875
2 0.41328125 0.5078125 0.00859375 0.03515625
2 0.41640625 0.66328125 0.009375 0.028125
2 0.1921875 0.72109375 0.01875 0.01640625
2 0.390625 0.76875 0.009375 0.04140625
2 0.3859375 0.8375 0.009375 0.021875
2 0.38828125 0.85859375 0.01171875 0.01484375
2 0.3875 0.87890625 0.01171875 0.02578125
2 0.38125 0.94453125 0.01171875 0.028125
2 0.42578125 0.4109375 0.00859375 0.02890625
2 0.52109375 0.446875 0.01640625 0.02421875
2 0.57734375 0.4609375 0.01796875 0.02109375
2 0.51953125 0.5390625 0.01171875 0.02109375
2 0.521875 0.55625 0.01484375 0.03359375
2 0.5140625 0.68125 0.0109375 0.03125
2 0.5359375 0.734375 0.01484375 0.02890625
2 0.52578125 0.740625 0.00703125 0.03671875
2 0.53515625 0.76171875 0.015625 0.03203125
2 0.52421875 0.8453125 0.01015625 0.0359375
2 0.559375 0.9671875 0.01640625 0.01953125
2 0.5609375 0.978125 0.02109375 0.01328125
2 0.56015625 0.99296875 0.01796875 0.0140625
2 0.60703125 0.51328125 0.015625 0.02109375
2 0.6390625 0.509375 0.01640625 0.01640625
0 0.39140625 0.6046875 0.015625 0.0234375
0 0.38203125 0.61875 0.01484375 0.0203125
0 0.3875 0.6765625 0.0140625 0.021875
0 0.3890625 0.7046875 0.01484375 0.0265625
0 0.50703125 0.64375 0.01015625 0.021875
0 0.534375 0.440625 0.015625 0.021875
0 0.521875 0.9546875 0.00703125 0.0265625
0 0.5328125 0.95078125 0.00625 0.028125
0 0.521875 0.97578125 0.01328125 0.02890625
0 0.52890625 0.79140625 0.00859375 0.02578125
0 0.534375 0.8109375 0.01015625 0.01796875
0 0.53515625 0.83359375 0.00859375 0.0203125
0 0.53671875 0.8546875 0.00859375 0.01953125
0 0.640625 0.31328125 0.015625 0.0203125
0 0.53359375 0.64609375 0.00859375 0.0265625
0 0.52109375 0.88046875 0.01015625 0.02890625
4 0.0703125 0.65546875 0.01796875 0.0140625
4 0.1328125 0.68671875 0.015625 0.01328125
4 0.20859375 0.62890625 0.01328125 0.01328125
4 0.22578125 0.6390625 0.01015625 0.01015625
4 0.2359375 0.6765625 0.0109375 0.0140625
4 0.2265625 0.68828125 0.01015625 0.015625
4 0.2640625 0.6734375 0.01015625 0.01796875
4 0.25703125 0.6859375 0.009375 0.01796875
4 0.278125 0.66875 0.01015625 0.01796875
4 0.3140625 0.6296875 0.0140625 0.01953125
4 0.35859375 0.6328125 0.0140625 0.0203125
4 0.34765625 0.6 0.00859375 0.01328125
4 0.35546875 0.64375 0.00703125 0.01015625
4 0.34765625 0.66015625 0.0109375 0.01328125
4 0.34375 0.67421875 0.009375 0.01484375
4 0.3359375 0.6671875 0.01015625 0.02421875
4 0.325 0.6640625 0.00703125 0.01328125
4 0.33359375 0.68203125 0.01171875 0.01953125