4 0.04375 0.79375 0.01796875 0.0265625
4 0.28203125 0.84375 0.01875 0.0234375
4 0.34453125 0.7609375 0.01484375 0.02578125
4 0.3953125 0.77421875 0.01640625 0.02421875
4 0.43203125 0.90625 0.01484375 0.0234375
4 0.49296875 0.63984375 0.01171875 0.0390625
4 0.60625 0.74453125 0.01484375 0.03125
4 0.62890625 0.74609375 0.015625 0.0265625
4 0.69296875 0.778125 0.021875 0.03359375
6 0.090625 0.76796875 0.04609375 0.0359375
2 0.109375 0.79921875 0.03203125 0.03203125
3 0.44296875 0.85078125 0.034375 0.03828125
0 0.47421875 0.50625 0.01640625 0.0359375
3 0.34375 0.67578125 0.02890625 0.02421875
0 0.4140625 0.66328125 0.01484375 0.02109375
0 0.39296875 0.8734375 0.021875 0.025
3 0.92109375 0.890625 0.03984375 0.03046875
2 0.75859375 0.89453125 0.02421875 0.02890625
2 0.73046875 0.86015625 0.0265625 0.03984375
0 0.76875 0.76015625 0.01484375 0.025
4 0.76171875 0.7859375 0.01953125 0.01875
4 0.89921875 0.76328125 0.01796875 0.01640625
2 0.4765625 0.340625 0.01484375 0.0453125
2 0.490625 0.1046875 0.015625 0.04609375
4 0.51796875 0.128125 0.00703125 0.028125
0 0.52734375 0.05625 0.01015625 0.0359375
4 0.51640625 0.03359375 0.00625 0.028125