1 0.21796875 0.6765625 0.05625 0.03125
1 0.27578125 0.66875 0.05546875 0.03046875
4 0.290625 0.71796875 0.01171875 0.01171875
3 0.0140625 0.88984375 0.028125 0.0234375
4 0.04296875 0.8734375 0.01328125 0.01015625
4 0.15703125 0.79453125 0.0140625 0.01171875
2 0.12578125 0.8890625 0.0234375 0.021875
2 0.175 0.82890625 0.0265625 0.01953125
4 0.228125 0.79296875 0.01171875 0.009375
4 0.25703125 0.78984375 0.01171875 0.0109375
4 0.25859375 0.80078125 0.01015625 0.0109375
4 0.2609375 0.903125 0.0109375 0.015625
2 0.26015625 0.82734375 0.02109375 0.0203125
4 0.33203125 0.796875 0.01171875 0.0140625
4 0.415625 0.915625 0.01171875 0.01328125
4 0.48046875 0.80703125 0.01015625 0.0109375
4 0.50703125 0.80546875 0.01328125 0.01328125
4 0.50390625 0.7890625 0.01171875 0.01171875
4 0.50390625 0.75703125 0.00859375 0.025
0 0.44140625 0.72890625 0.0140625 0.02109375
4 0.49921875 0.69140625 0.00546875 0.01796875
4 0.4984375 0.70625 0.00625 0.01875
2 0.48828125 0.70390625 0.0140625 0.03828125
0 0.47109375 0.640625 0.009375 0.03046875
0 0.4640625 0.53359375 0.009375 0.025
4 0.478125 0.5984375 0.00546875 0.0203125
4 0.47890625 0.56484375 0.00703125 0.0203125
4 0.52578125 0.50859375 0.00703125 0.02109375
2 0.48203125 0.4359375 0.0140625 0.04296875
4 0.47734375 0.2796875 0.00546875 0.01875
0 0.59453125 0.75703125 0.01484375 0.02109375
2 0.77265625 0.871875 0.025 0.0234375
4 0.8015625 0.88046875 0.01484375 0.01484375
4 0.803125 0.8890625 0.01484375 0.01171875
4 0.875 0.90078125 0.0140625 0.0140625
4 0.83671875 0.73203125 0.01171875 0.01328125
4 0.8453125 0.78359375 0.0140625 0.01484375
0 0.88671875 0.78671875 0.01796875 0.0203125
4 0.928125 0.7265625 0.01484375 0.01171875
2 0.9046875 0.8203125 0.021875 0.021875
4 0.66796875 0.70546875 0.01171875 0.0140625
2 0.47421875 0.1359375 0.01171875 0.03828125
0 0.140625 0.96953125 0.015625 0.0203125