2 0.0234375 0.0390625 0.0203125 0.04375
4 0.009375 0.06015625 0.009375 0.021875
4 0.00703125 0.04140625 0.01171875 0.015625
2 0.15703125 0.25703125 0.021875 0.0484375
3 0.0734375 0.32109375 0.028125 0.06796875
4 0.0109375 0.396875 0.01796875 0.01796875
2 0.00859375 0.4234375 0.0171875 0.021875
0 0.0390625 0.4390625 0.021875 0.0203125
2 0.07109375 0.43125 0.0265625 0.0265625
4 0.10390625 0.42578125 0.015625 0.0140625
2 0.11953125 0.44140625 0.02578125 0.01640625
2 0.1046875 0.46640625 0.0265625 0.02578125
2 0.15390625 0.46484375 0.02890625 0.021875
0 0.19609375 0.36875 0.0203125 0.01875
4 0.2609375 0.36328125 0.01875 0.0140625
4 0.18359375 0.41171875 0.0203125 0.0109375
4 0.27890625 0.41171875 0.01875 0.01484375
4 0.2734375 0.43828125 0.01796875 0.02109375
2 0.30703125 0.46328125 0.028125 0.0265625
0 0.315625 0.42109375 0.02109375 0.025
4 0.3609375 0.43359375 0.01640625 0.01953125
4 0.4015625 0.409375 0.01640625 0.021875
4 0.43359375 0.40859375 0.02109375 0.01484375
4 0.48515625 0.4296875 0.015625 0.01484375
2 0.503125 0.36953125 0.03125 0.0234375
4 0.55234375 0.4546875 0.01875 0.0109375
4 0.5984375 0.43359375 0.01875 0.01171875
4 0.60859375 0.35703125 0.01484375 0.01484375
4 0.6640625 0.41875 0.01484375 0.01875
3 0.7390625 0.38515625 0.0203125 0.021875
2 0.7734375 0.18125 0.02578125 0.028125
2 0.77890625 0.2609375 0.03125 0.0296875
4 0.9640625 0.51953125 0.01796875 0.01796875
6 0.91328125 0.54375 0.04921875 0.034375
2 0.74375 0.51953125 0.028125 0.02578125
4 0.63046875 0.53984375 0.01640625 0.0234375
0 0.6109375 0.5203125 0.02109375 0.0234375
4 0.1359375 0.50078125 0.0140625 0.01328125
3 0.103125 0.5109375 0.01796875 0.01875
2 0.10390625 0.5359375 0.021875 0.0234375
2 0.07578125 0.51171875 0.028125 0.021875
2 0.078125 0.5390625 0.02578125 0.028125
2 0.046875 0.51640625 0.02421875 0.02578125
2 0.0453125 0.5453125 0.02890625 0.01953125
2 0.04609375 0.565625 0.02421875 0.015625
4 0.065625 0.55390625 0.0109375 0.01015625
4 0.04296875 0.58046875 0.01328125 0.01015625
4 0.06875 0.5734375 0.0109375 0.00859375
4 0.0625 0.58203125 0.0140625 0.0140625
2 0.009375 0.29765625 0.01640625 0.0515625