2 0.0125 0.0546875 0.01953125 0.0484375
4 0.0171875 0.01640625 0.01015625 0.01875
2 0.15078125 0.27109375 0.02421875 0.0453125
5 0.06640625 0.33828125 0.028125 0.075
3 0.1265625 0.3859375 0.03515625 0.0546875
0 0.1921875 0.38046875 0.0203125 0.021875
2 0.10390625 0.46875 0.03046875 0.02890625
4 0.040625 0.46640625 0.01640625 0.01875
2 0.18359375 0.45546875 0.0234375 0.02109375
2 0.2578125 0.453125 0.02421875 0.02578125
2 0.30390625 0.46875 0.0296875 0.02578125
2 0.25546875 0.51640625 0.0265625 0.0296875
2 0.14375 0.521875 0.03046875 0.02578125
2 0.11484375 0.521875 0.0203125 0.0234375
2 0.08671875 0.5296875 0.0234375 0.02109375
0 0.25703125 0.41796875 0.01796875 0.021875
4 0.25703125 0.378125 0.015625 0.01953125
0 0.03359375 0.521875 0.01953125 0.0203125
2 0.03515625 0.54296875 0.0265625 0.021875
2 0.059375 0.52109375 0.025 0.01875
2 0.06171875 0.54140625 0.02109375 0.01875
2 0.08203125 0.55859375 0.025 0.01796875
2 0.11171875 0.55859375 0.02421875 0.01640625
2 0.14296875 0.5515625 0.02421875 0.021875
2 0.1734375 0.54921875 0.02421875 0.025
2 0.13515625 0.575 0.0203125 0.021875
2 0.09375 0.58125 0.02578125 0.02421875
3 0.0453125 0.61328125 0.021875 0.0234375
0 0.128125 0.61484375 0.0203125 0.0203125
0 0.05625 0.58125 0.01796875 0.01484375
4 0.02734375 0.56796875 0.0140625 0.01171875
4 0.0390625 0.58515625 0.01328125 0.01171875
4 0.07421875 0.58125 0.0140625 0.01640625
2 0.496875 0.37109375 0.025 0.025
4 0.54296875 0.39375 0.01171875 0.01171875
4 0.5359375 0.453125 0.0109375 0.01328125
4 0.66484375 0.38359375 0.0140625 0.0140625
5 0.7109375 0.440625 0.03046875 0.0265625
4 0.86015625 0.378125 0.01328125 0.01484375
3 0.896875 0.33515625 0.0296875 0.025
3 0.98125 0.33125 0.02578125 0.0234375
2 0.92265625 0.51640625 0.02890625 0.0296875
2 0.98671875 0.47578125 0.0265625 0.0296875
2 0.7765625 0.25078125 0.02890625 0.025
2 0.76640625 0.171875 0.02890625 0.02890625