0 0.5765625 0.84453125 0.009375 0.01953125
2 0.5765625 0.88125 0.00859375 0.03046875
2 0.5609375 0.76640625 0.01015625 0.02890625
2 0.578125 0.75234375 0.009375 0.03046875
2 0.58828125 0.74609375 0.00859375 0.03125
2 0.5859375 0.81640625 0.00859375 0.0265625
2 0.590625 0.69375 0.00859375 0.03125
2 0.59140625 0.64921875 0.00859375 0.028125
2 0.5765625 0.603125 0.009375 0.03046875
2 0.5625 0.58046875 0.009375 0.03203125
2 0.5796875 0.56171875 0.009375 0.03359375
2 0.5984375 0.5734375 0.009375 0.034375
2 0.50078125 0.57421875 0.01640625 0.01796875
2 0.50390625 0.44765625 0.01875 0.01796875
2 0.5 0.41328125 0.01640625 0.015625
2 0.4796875 0.42421875 0.01953125 0.01484375
2 0.58671875 0.515625 0.01328125 0.03203125
2 0.60546875 0.51875 0.01171875 0.034375
2 0.621875 0.48984375 0.0140625 0.025
2 0.59375 0.471875 0.01328125 0.0296875
2 0.62421875 0.42890625 0.0203125 0.02890625
2 0.6421875 0.43125 0.01796875 0.025
2 0.63671875 0.46171875 0.01640625 0.0265625
2 0.69609375 0.51796875 0.015625 0.01328125
2 0.6984375 0.5484375 0.01640625 0.01328125
2 0.70703125 0.575 0.01796875 0.01640625
2 0.728125 0.57421875 0.0203125 0.01640625
2 0.74765625 0.5328125 0.015625 0.0140625
2 0.72578125 0.528125 0.01875 0.0140625
2 0.7234375 0.51328125 0.01796875 0.0140625
2 0.74375 0.50859375 0.01796875 0.01640625
2 0.7640625 0.51640625 0.01796875 0.01328125
3 0.771875 0.52890625 0.021875 0.015625
3 0.79453125 0.53125 0.0203125 0.0140625
2 0.78828125 0.503125 0.015625 0.01328125
2 0.8015625 0.515625 0.01953125 0.01484375
2 0.803125 0.54375 0.01796875 0.015625
2 0.82578125 0.51171875 0.01953125 0.01484375
2 0.81328125 0.49375 0.0234375 0.01484375
2 0.8328125 0.5421875 0.01796875 0.01640625
2 0.85703125 0.49296875 0.01796875 0.01796875
2 0.86171875 0.52890625 0.021875 0.0140625
2 0.90625 0.52890625 0.01796875 0.01640625
2 0.9109375 0.49921875 0.0203125 0.01484375
2 0.83203125 0.340625 0.01640625 0.01640625
2 0.8328125 0.3625 0.01875 0.01796875
2 0.84921875 0.3984375 0.01796875 0.01640625
2 0.796875 0.41171875 0.01796875 0.01796875
2 0.7859375 0.33359375 0.009375 0.02890625
2 0.746875 0.38359375 0.01796875 0.015625
2 0.75625 0.41640625 0.01953125 0.0203125
2 0.690625 0.415625 0.01796875 0.01640625
2 0.6765625 0.39375 0.02109375 0.01953125
2 0.66796875 0.434375 0.01640625 0.015625
2 0.64609375 0.40390625 0.01796875 0.01875
2 0.98359375 0.471875 0.01640625 0.0140625
2 0.19921875 0.31015625 0.00703125 0.03125
2 0.228125 0.3515625 0.01171875 0.03515625
2 0.2328125 0.39609375 0.01171875 0.03125
2 0.0828125 0.5609375 0.02109375 0.01796875
2 0.10078125 0.4609375 0.0203125 0.01640625
1 0.06328125 0.496875 0.05 0.025
4 0.03671875 0.43359375 0.01015625 0.01328125
4 0.11328125 0.44296875 0.01171875 0.0109375
4 0.14375 0.440625 0.01015625 0.00703125
0 0.196875 0.35859375 0.009375 0.02109375
0 0.24375 0.29921875 0.009375 0.01640625
0 0.20703125 0.4484375 0.01484375 0.015625
4 0.1890625 0.459375 0.01015625 0.009375
4 0.18828125 0.38828125 0.00859375 0.01640625
4 0.20234375 0.3859375 0.009375 0.01640625
4 0.19609375 0.3375 0.00625 0.01484375
4 0.2765625 0.44375 0.009375 0.01328125
4 0.134375 0.59296875 0.00859375 0.00625
4 0.265625 0.58359375 0.01015625 0.01015625
4 0.32578125 0.4203125 0.01015625 0.01015625
4 0.48125 0.3984375 0.00859375 0.00703125
4 0.50546875 0.40078125 0.00703125 0.00625
4 0.53984375 0.38828125 0.009375 0.00703125
4 0.50546875 0.46015625 0.00859375 0.00703125
4 0.49296875 0.44140625 0.00859375 0.00859375
4 0.58203125 0.77890625 0.00546875 0.0140625
4 0.57890625 0.64375 0.00546875 0.01484375
4 0.61796875 0.46171875 0.00703125 0.0109375
4 0.73203125 0.4109375 0.00859375 0.01015625
4 0.7734375 0.54453125 0.00859375 0.00703125
4 0.778125 0.5515625 0.00859375 0.009375
4 0.78671875 0.553125 0.009375 0.00859375
4 0.79375 0.5578125 0.009375 0.00859375
4 0.84453125 0.5484375 0.01171875 0.0109375
4 0.86171875 0.51796875 0.01015625 0.00703125
4 0.88046875 0.51875 0.009375 0.01015625
4 0.85703125 0.36171875 0.00859375 0.009375
4 0.93125 0.51640625 0.01171875 0.0109375
4 0.9375 0.528125 0.01171875 0.01015625
0 0.99140625 0.50625 0.015625 0.01484375
0 0.87421875 0.5015625 0.0140625 0.0140625
0 0.86328125 0.54375 0.0140625 0.01484375
0 0.90546875 0.36796875 0.01171875 0.01484375
0 0.87578125 0.38125 0.01484375 0.01640625
4 0.93359375 0.3671875 0.01015625 0.01171875
0 0.8265625 0.53046875 0.01328125 0.01640625
0 0.75703125 0.55625 0.01171875 0.01328125
0 0.75703125 0.56796875 0.01328125 0.01015625
0 0.74453125 0.5625 0.01171875 0.01171875
0 0.759375 0.5015625 0.0109375 0.0109375
0 0.684375 0.56875 0.0109375 0.01015625
0 0.70078125 0.53359375 0.01015625 0.01171875
0 0.709375 0.50859375 0.0109375 0.01328125
0 0.76015625 0.40078125 0.01328125 0.01171875
0 0.659375 0.37421875 0.01015625 0.01484375
0 0.60859375 0.46640625 0.009375 0.0203125
0 0.56953125 0.37578125 0.01015625 0.0109375
0 0.48359375 0.45625 0.0109375 0.01328125
0 0.4765625 0.44453125 0.01015625 0.01015625
0 0.5015625 0.434375 0.01171875 0.01328125
0 0.42421875 0.42890625 0.0140625 0.01171875
0 0.15625 0.4109375 0.0140625 0.01015625
4 0.21875 0.1828125 0.00546875 0.0140625
0 0.5890625 0.61015625 0.01015625 0.01875
4 0.6828125 0.540625 0.00859375 0.00859375
4 0.684375 0.5078125 0.01015625 0.00859375
4 0.69453125 0.528125 0.00703125 0.00625
4 0.70546875 0.52421875 0.00859375 0.00703125
4 0.7375 0.525 0.00859375 0.009375
4 0.7484375 0.52109375 0.00859375 0.00546875
4 0.73203125 0.54453125 0.00625 0.00703125
4 0.73125 0.55546875 0.00859375 0.00703125
4 0.74296875 0.57265625 0.00859375 0.00625
4 0.70703125 0.56171875 0.00703125 0.00703125
4 0.709375 0.55546875 0.00703125 0.00546875
4 0.68046875 0.55859375 0.00859375 0.00625
4 0.69453125 0.56953125 0.00703125 0.00703125
4 0.696875 0.5640625 0.00703125 0.00546875
4 0.690625 0.559375 0.00859375 0.00546875
4 0.69921875 0.55625 0.00703125 0.00625
4 0.7109375 0.53203125 0.00859375 0.00625
4 0.71015625 0.53984375 0.00859375 0.00703125
4 0.7171875 0.5421875 0.009375 0.00625
4 0.7140625 0.54921875 0.00859375 0.00546875
4 0.7265625 0.5515625 0.00703125 0.00625