4 0.015625 0.575 0.0140625 0.02578125
3 0.09296875 0.54921875 0.01875 0.0203125
5 0.14140625 0.67890625 0.04375 0.028125
5 0.1671875 0.64453125 0.04375 0.0203125
4 0.13828125 0.571875 0.01328125 0.01796875
3 0.1140625 0.55546875 0.01640625 0.01484375
2 0.11875 0.53203125 0.02109375 0.02109375
3 0.2171875 0.48515625 0.0234375 0.0234375
6 0.26796875 0.56640625 0.034375 0.03046875
2 0.27265625 0.60703125 0.01796875 0.01484375
6 0.296875 0.64140625 0.03515625 0.02890625
3 0.30859375 0.503125 0.025 0.01953125
5 0.39375 0.5484375 0.040625 0.02578125
4 0.34609375 0.590625 0.00859375 0.01328125
6 0.51171875 0.62421875 0.02890625 0.01796875
4 0.5671875 0.6140625 0.00703125 0.00546875
3 0.5953125 0.628125 0.0109375 0.01171875
4 0.59140625 0.609375 0.00703125 0.00546875
4 0.60234375 0.60625 0.00625 0.00703125
3 0.5875 0.590625 0.0140625 0.01171875
6 0.559375 0.5453125 0.02890625 0.0203125
3 0.60234375 0.5609375 0.01796875 0.015625
4 0.67421875 0.58671875 0.00703125 0.0140625
0 0.76640625 0.61171875 0.0109375 0.01171875
2 0.74140625 0.58359375 0.01875 0.01796875
2 0.3609375 0.2921875 0.01875 0.015625
2 0.52265625 0.33046875 0.01484375 0.0265625
2 0.53671875 0.3296875 0.01015625 0.0296875
2 0.5765625 0.32109375 0.00859375 0.0265625
2 0.58671875 0.3203125 0.00859375 0.025
3 0.49609375 0.4109375 0.0140625 0.0140625
1 0.68203125 0.3890625 0.04375 0.03125
5 0.7390625 0.3859375 0.05078125 0.0265625
2 0.71875 0.465625 0.01484375 0.01484375
0 0.72890625 0.4421875 0.01171875 0.0109375
6 0.76484375 0.44140625 0.02890625 0.01953125
2 0.80546875 0.58046875 0.015625 0.01796875
0 0.84140625 0.6078125 0.0140625 0.01328125
5 0.8046875 0.5390625 0.04296875 0.02421875
6 0.87265625 0.48203125 0.03203125 0.01953125
2 0.834375 0.46953125 0.01953125 0.01796875
5 0.82421875 0.425 0.04921875 0.02890625
0 0.846875 0.38671875 0.01328125 0.01171875
5 0.94375 0.39609375 0.040625 0.025
5 0.90703125 0.64375 0.04296875 0.025
6 0.90859375 0.60234375 0.0296875 0.01953125
2 0.89453125 0.58515625 0.01796875 0.01171875
2 0.9640625 0.596875 0.015625 0.01171875
4 0.975 0.60546875 0.009375 0.00546875
4 0.9859375 0.61796875 0.00703125 0.00703125
4 0.978125 0.61171875 0.00859375 0.00546875
2 0.73828125 0.65859375 0.01015625 0.025
3 0.7015625 0.625 0.009375 0.0265625
2 0.69296875 0.6359375 0.00703125 0.025