2 0.72890625 0.45546875 0.02890625 0.025
2 0.61953125 0.5234375 0.0234375 0.01640625
2 0.646875 0.54765625 0.025 0.01640625
2 0.67421875 0.55859375 0.0203125 0.01796875
2 0.6484375 0.56640625 0.0203125 0.015625
2 0.62265625 0.546875 0.0203125 0.015625
2 0.6265625 0.57890625 0.0234375 0.01953125
2 0.7265625 0.690625 0.01796875 0.0390625
2 0.703125 0.803125 0.0203125 0.03203125
0 0.7671875 0.6390625 0.01328125 0.0265625
0 0.7859375 0.63515625 0.0140625 0.0234375
4 0.77734375 0.653125 0.00546875 0.0234375
4 0.73046875 0.56953125 0.0140625 0.01875
4 0.78515625 0.47890625 0.01875 0.01953125
4 0.70078125 0.57109375 0.01640625 0.01328125
4 0.703125 0.62578125 0.01171875 0.01171875
4 0.7015625 0.64921875 0.00859375 0.009375
4 0.7328125 0.6484375 0.01015625 0.01171875
4 0.72890625 0.66484375 0.01015625 0.009375
4 0.64609375 0.48359375 0.01171875 0.02109375
4 0.62109375 0.50546875 0.01015625 0.0140625
4 0.61015625 0.509375 0.00859375 0.01328125
4 0.609375 0.540625 0.009375 0.0109375
4 0.61171875 0.5625 0.01015625 0.009375
4 0.60703125 0.584375 0.00859375 0.01328125
0 0.52109375 0.5953125 0.021875 0.02421875
0 0.6359375 0.51015625 0.0140625 0.01796875
0 0.98125 0.58125 0.02421875 0.0203125
2 0.9359375 0.5703125 0.03125 0.0265625
4 0.878125 0.37578125 0.01015625 0.02109375
4 0.85703125 0.371875 0.00703125 0.02109375
4 0.8421875 0.37421875 0.00859375 0.01796875
4 0.80625 0.36875 0.009375 0.01640625
4 0.7953125 0.37578125 0.00546875 0.0203125
4 0.76796875 0.37421875 0.00625 0.015625
4 0.75078125 0.3703125 0.00859375 0.01953125
4 0.7453125 0.41875 0.0046875 0.021875
4 0.78984375 0.41796875 0.00625 0.021875
4 0.809375 0.41953125 0.0046875 0.021875
4 0.8203125 0.41875 0.00703125 0.021875
4 0.84453125 0.41484375 0.0046875 0.01640625
4 0.86875 0.4140625 0.00546875 0.01953125
4 0.48828125 0.43671875 0.009375 0.01875
4 0.49921875 0.45546875 0.009375 0.02109375
0 0.54765625 0.43515625 0.0109375 0.02890625
4 0.55390625 0.3609375 0.01328125 0.01796875
0 0.46875 0.69765625 0.01328125 0.02421875
0 0.45390625 0.7203125 0.015625 0.03046875
0 0.51171875 0.74609375 0.015625 0.02890625
0 0.42421875 0.753125 0.00703125 0.03203125
0 0.44609375 0.775 0.009375 0.02421875
0 0.440625 0.803125 0.00859375 0.0234375
0 0.453125 0.80703125 0.01015625 0.02578125
0 0.478125 0.8515625 0.01171875 0.0296875
0 0.48125 0.89609375 0.01328125 0.03203125
0 0.340625 0.790625 0.01328125 0.0234375
2 0.415625 0.89609375 0.01328125 0.03828125
2 0.40390625 0.92265625 0.01484375 0.03984375
4 0.390625 0.853125 0.009375 0.02890625
4 0.45703125 0.83984375 0.01484375 0.01640625
4 0.42890625 0.8890625 0.00703125 0.0265625
4 0.43046875 0.9578125 0.01328125 0.0296875
4 0.41484375 0.97421875 0.00703125 0.0265625
4 0.4421875 0.91796875 0.00859375 0.028125
2 0.45546875 0.91640625 0.01796875 0.03359375
4 0.4859375 0.8015625 0.009375 0.02578125
4 0.48671875 0.77109375 0.00859375 0.01640625
0 0.46640625 0.98046875 0.01171875 0.03203125
4 0.35703125 0.7625 0.0140625 0.0296875
4 0.38203125 0.59375 0.01796875 0.0140625
4 0.23359375 0.60546875 0.01015625 0.01171875
4 0.23046875 0.590625 0.00859375 0.0109375
6 0.2140625 0.56796875 0.03046875 0.03046875
6 0.09296875 0.53203125 0.05390625 0.03671875
0 0.134375 0.55546875 0.01640625 0.01953125
2 0.178125 0.6171875 0.02109375 0.028125
2 0.021875 0.54296875 0.02109375 0.021875
2 0.04609375 0.55546875 0.01875 0.01875
2 0.06875 0.55859375 0.01796875 0.01953125
2 0.08828125 0.584375 0.01953125 0.01875
2 0.034375 0.58359375 0.00703125 0.0265625
2 0.04921875 0.584375 0.01328125 0.02890625
2 0.09296875 0.65390625 0.015625 0.0296875
2 0.08828125 0.68984375 0.01796875 0.0390625
2 0.0828125 0.7265625 0.015625 0.0359375
4 0.0828125 0.3734375 0.0140625 0.01875
4 0.025 0.50078125 0.015625 0.0140625
4 0.0046875 0.51796875 0.009375 0.01328125
4 0.0296875 0.515625 0.01015625 0.00703125
4 0.034375 0.5296875 0.01015625 0.00703125
4 0.071875 0.534375 0.009375 0.01171875
4 0.228125 0.41875 0.01171875 0.015625
0 0.09453125 0.396875 0.01796875 0.01875
0 0.240625 0.44375 0.0140625 0.01796875
0 0.340625 0.43359375 0.01640625 0.0140625
0 0.3671875 0.45390625 0.01171875 0.01484375
0 0.36953125 0.50546875 0.01328125 0.015625
0 0.38671875 0.50859375 0.01171875 0.0140625
6 0.2921875 0.43828125 0.04375 0.02578125
2 0.27421875 0.4640625 0.02421875 0.02578125
2 0.30625 0.46640625 0.025 0.02109375
2 0.30546875 0.49140625 0.02421875 0.015625
2 0.33671875 0.45 0.028125 0.01484375
2 0.33125 0.48671875 0.02109375 0.02421875
2 0.35625 0.490625 0.01875 0.01640625
2 0.38828125 0.4875 0.01875 0.01875
4 0.38515625 0.38125 0.00625 0.021875
4 0.38671875 0.434375 0.009375 0.0140625
4 0.378125 0.43671875 0.009375 0.009375
4 0.365625 0.44140625 0.00703125 0.00859375
4 0.39375 0.4484375 0.009375 0.00703125
4 0.38203125 0.45546875 0.009375 0.009375
4 0.359375 0.4703125 0.00703125 0.009375
4 0.3546875 0.44609375 0.00703125 0.00859375
4 0.34296875 0.47421875 0.00703125 0.01015625
4 0.35078125 0.46484375 0.0046875 0.00703125
4 0.35859375 0.50625 0.0046875 0.01015625
4 0.37421875 0.48203125 0.00625 0.01171875
0 0.371875 0.46875 0.01171875 0.0140625
0 0.38828125 0.46875 0.0140625 0.01640625
4 0.39296875 0.45703125 0.009375 0.01171875
4 0.3390625 0.46328125 0.01171875 0.01015625
4 0.3953125 0.38046875 0.00390625 0.0234375
4 0.40546875 0.378125 0.0046875 0.01875
4 0.41328125 0.37734375 0.003125 0.0203125
4 0.4203125 0.37578125 0.00390625 0.0203125
4 0.41484375 0.34375 0.0046875 0.01484375
4 0.42421875 0.33828125 0.0046875 0.0140625
4 0.43125 0.32421875 0.00703125 0.0109375
4 0.43359375 0.3109375 0.009375 0.00703125
4 0.4359375 0.3484375 0.00859375 0.009375
4 0.43359375 0.3625 0.00859375 0.01328125
4 0.44921875 0.34375 0.01015625 0.01484375
4 0.44921875 0.32421875 0.00703125 0.01015625
4 0.453125 0.3109375 0.00703125 0.0109375
4 0.46171875 0.29609375 0.00859375 0.01015625
4 0.453125 0.2859375 0.01015625 0.00859375
4 0.44453125 0.3015625 0.00859375 0.009375
4 0.45859375 0.2671875 0.00703125 0.01015625
4 0.47578125 0.2234375 0.009375 0.01484375
4 0.478125 0.21171875 0.00859375 0.00703125
4 0.503125 0.21328125 0.00859375 0.015625
0 0.46875 0.31171875 0.01640625 0.02109375
0 0.509375 0.234375 0.01328125 0.02421875
2 0.48828125 0.18984375 0.01640625 0.03046875
2 0.50859375 0.103125 0.015625 0.04140625
4 0.52421875 0.14140625 0.0109375 0.01875
4 0.5234375 0.1109375 0.01015625 0.0203125
4 0.58671875 0.240625 0.00546875 0.01875
6 0.56953125 0.21015625 0.025 0.0734375
0 0.578125 0.2359375 0.00859375 0.025
6 0.55078125 0.29765625 0.040625 0.090625
4 0.54296875 0.05546875 0.0140625 0.01875
4 0.59453125 0.34453125 0.01015625 0.01328125
4 0.596875 0.36171875 0.00546875 0.01484375
4 0.60546875 0.34609375 0.00703125 0.009375
4 0.60546875 0.3765625 0.00625 0.01015625
4 0.60625 0.35703125 0.00703125 0.00703125
4 0.61171875 0.39453125 0.00546875 0.01328125