4 0.01796875 0.5640625 0.015625 0.0203125
4 0.0375 0.54609375 0.01328125 0.01796875
4 0.0796875 0.5484375 0.01796875 0.01484375
4 0.0625 0.45859375 0.021875 0.02109375
4 0.08203125 0.42109375 0.01171875 0.01875
4 0.10625 0.425 0.01328125 0.015625
0 0.0578125 0.4296875 0.028125 0.0265625
0 0.10546875 0.4390625 0.02421875 0.01640625
4 0.1203125 0.55625 0.0203125 0.01875
4 0.13671875 0.4234375 0.0140625 0.01484375
4 0.16484375 0.428125 0.02109375 0.021875
4 0.1765625 0.45546875 0.01640625 0.021875
4 0.18984375 0.4203125 0.01171875 0.01171875
4 0.20703125 0.52109375 0.01640625 0.01015625
4 0.203125 0.5359375 0.0140625 0.009375
4 0.20078125 0.5484375 0.01015625 0.00625
4 0.22421875 0.5609375 0.0140625 0.0140625
6 0.24453125 0.54375 0.025 0.0234375
4 0.27734375 0.55390625 0.01171875 0.01875
2 0.29765625 0.45859375 0.03203125 0.021875
0 0.32109375 0.428125 0.0234375 0.025
4 0.33828125 0.45078125 0.01640625 0.01796875
4 0.36796875 0.44375 0.01875 0.02109375
0 0.3515625 0.54609375 0.01953125 0.01953125
1 0.409375 0.52578125 0.03203125 0.01953125
1 0.41640625 0.56015625 0.0140625 0.03984375
0 0.41796875 0.55546875 0.01875 0.01796875
4 0.43046875 0.5390625 0.01484375 0.0140625
4 0.4140625 0.440625 0.01171875 0.01640625
4 0.43125 0.4484375 0.0109375 0.0140625
4 0.4265625 0.4265625 0.01328125 0.01796875
4 0.45625 0.41953125 0.01796875 0.01875
4 0.4921875 0.42734375 0.009375 0.01484375
2 0.48828125 0.459375 0.028125 0.021875
4 0.5609375 0.41796875 0.01640625 0.01484375
4 0.59609375 0.42890625 0.01171875 0.021875
4 0.63359375 0.43046875 0.01796875 0.01484375
4 0.58359375 0.54375 0.01796875 0.01484375
4 0.584375 0.55625 0.01640625 0.0109375
4 0.609375 0.53125 0.01484375 0.01796875
4 0.6515625 0.53671875 0.01796875 0.009375
0 0.64921875 0.5515625 0.01640625 0.01796875
4 0.6625 0.45625 0.01328125 0.01875
4 0.68203125 0.44765625 0.00625 0.00859375
4 0.69609375 0.465625 0.01328125 0.01484375
4 0.70703125 0.45546875 0.01484375 0.01796875
4 0.69296875 0.54609375 0.0140625 0.01875
0 0.72265625 0.43046875 0.01796875 0.01875
4 0.71875 0.4140625 0.01484375 0.01171875
4 0.75390625 0.46171875 0.01484375 0.01484375
4 0.76171875 0.4484375 0.0140625 0.015625
4 0.78515625 0.4453125 0.01796875 0.01796875
4 0.7484375 0.534375 0.01640625 0.01953125
4 0.73125 0.56953125 0.009375 0.0109375
4 0.7703125 0.55546875 0.01328125 0.01875
4 0.80703125 0.53671875 0.0140625 0.01484375
4 0.83203125 0.56171875 0.01484375 0.01484375
4 0.9609375 0.5296875 0.0140625 0.01640625
4 0.98359375 0.54296875 0.015625 0.00546875
4 0.9828125 0.56015625 0.00859375 0.00859375
4 0.99453125 0.5265625 0.0109375 0.01328125
0 0.04453125 0.521875 0.01875 0.0203125
0 0.009375 0.43359375 0.01875 0.02421875