1 0.290625 0.67265625 0.0546875 0.0359375
1 0.23359375 0.68203125 0.05625 0.03359375
3 0.6234375 0.81328125 0.02890625 0.0234375
3 0.4953125 0.5890625 0.0109375 0.05
3 0.2875 0.8796875 0.0296875 0.02578125
2 0.16171875 0.73671875 0.02109375 0.01796875
2 0.13359375 0.83515625 0.021875 0.0203125
2 0.153125 0.8703125 0.02109375 0.021875
2 0.3109375 0.821875 0.02109375 0.0203125
2 0.43671875 0.84375 0.01640625 0.02578125
2 0.53046875 0.81484375 0.01953125 0.03125
2 0.5109375 0.88125 0.0234375 0.0234375
2 0.60390625 0.88515625 0.0203125 0.021875
2 0.7671875 0.69609375 0.01796875 0.01640625
2 0.48203125 0.59765625 0.0109375 0.0359375
2 0.528125 0.35234375 0.00859375 0.03359375
2 0.48671875 0.21875 0.009375 0.03515625
2 0.5109375 0.0390625 0.009375 0.04140625
0 0.4703125 0.13828125 0.00859375 0.0265625
0 0.86875 0.871875 0.01796875 0.01875
0 0.60703125 0.853125 0.01484375 0.01640625
0 0.05625 0.90703125 0.015625 0.01796875
0 0.16015625 0.971875 0.015625 0.0203125
0 0.52109375 0.94140625 0.0140625 0.01328125
4 0.03125 0.81640625 0.01328125 0.0140625
4 0.07421875 0.815625 0.01171875 0.01015625
4 0.14296875 0.79921875 0.0140625 0.01015625
4 0.09609375 0.890625 0.01171875 0.0140625
4 0.12578125 0.9046875 0.01484375 0.01328125
4 0.16640625 0.80703125 0.01171875 0.009375
4 0.22265625 0.7984375 0.01328125 0.01171875
4 0.165625 0.90546875 0.0109375 0.01015625
4 0.43125 0.784375 0.0109375 0.00859375
4 0.49453125 0.909375 0.01171875 0.01171875
4 0.621875 0.84453125 0.01171875 0.01015625
4 0.66171875 0.84140625 0.0109375 0.01171875
4 0.68671875 0.85390625 0.01171875 0.009375
4 0.6828125 0.7609375 0.0109375 0.01171875
4 0.796875 0.89140625 0.01328125 0.0109375
4 0.86328125 0.84921875 0.01171875 0.01171875
4 0.4015625 0.946875 0.0140625 0.0140625
4 0.128125 0.97109375 0.01171875 0.009375
4 0.3625 0.6984375 0.0109375 0.01171875
4 0.36875 0.68046875 0.01015625 0.00859375
4 0.4421875 0.66171875 0.01171875 0.01015625
4 0.47890625 0.653125 0.00625 0.02109375
4 0.5015625 0.646875 0.00625 0.01953125
4 0.771875 0.67578125 0.0109375 0.01015625
4 0.84296875 0.71796875 0.0109375 0.00859375
4 0.9125 0.70703125 0.0109375 0.0109375
4 0.48125 0.5046875 0.0046875 0.0203125
4 0.478125 0.4421875 0.0046875 0.01953125
4 0.49140625 0.43515625 0.00546875 0.02109375
4 0.4890625 0.33671875 0.00546875 0.01875