2 0.49921875 0.4890625 0.01796875 0.0453125
0 0.55703125 0.590625 0.0140625 0.034375
4 0.52890625 0.725 0.01171875 0.02890625
2 0.53125 0.796875 0.01484375 0.04296875
2 0.52109375 0.89296875 0.0203125 0.04140625
0 0.50703125 0.1484375 0.01796875 0.03046875
2 0.5609375 0.08046875 0.01796875 0.034375
2 0.625 0.0140625 0.015625 0.028125
2 0.54375 0.0109375 0.015625 0.02109375
2 0.6484375 0.21015625 0.0265625 0.03359375
2 0.690625 0.21875 0.028125 0.028125
4 0.684375 0.13125 0.01328125 0.03046875
4 0.69921875 0.13046875 0.01015625 0.02109375
4 0.70859375 0.12890625 0.01171875 0.025
3 0.7234375 0.23125 0.0203125 0.03671875
3 0.72578125 0.196875 0.01953125 0.028125
4 0.73359375 0.21953125 0.01953125 0.02109375
0 0.75859375 0.2140625 0.021875 0.02890625
2 0.78203125 0.23671875 0.0234375 0.0296875
2 0.78046875 0.15625 0.01796875 0.05
2 0.8234375 0.0296875 0.0203125 0.04375
4 0.81171875 0.215625 0.01484375 0.0296875
4 0.82890625 0.26328125 0.015625 0.0265625
3 0.83125 0.19921875 0.0203125 0.0265625
2 0.840625 0.18203125 0.021875 0.025
2 0.86328125 0.2265625 0.02890625 0.028125
3 0.92734375 0.18125 0.021875 0.03203125
3 0.934375 0.2171875 0.025 0.03203125
4 0.93671875 0.246875 0.01875 0.021875
2 0.98203125 0.2484375 0.02578125 0.025
2 0.965625 0.271875 0.02890625 0.0265625
2 0.978125 0.3828125 0.02890625 0.0359375
2 0.996875 0.384375 0.00546875 0.02890625
2 0.99453125 0.409375 0.01015625 0.03203125
3 0.990625 0.45 0.01875 0.02890625
2 0.9765625 0.4359375 0.02890625 0.02890625
0 0.97109375 0.4515625 0.02578125 0.0296875
2 0.97421875 0.4078125 0.0265625 0.0296875
2 0.94921875 0.38515625 0.025 0.025
3 0.93125 0.3765625 0.02578125 0.03046875
1 0.9375 0.41171875 0.059375 0.03515625
2 0.9078125 0.38203125 0.02578125 0.02890625
2 0.88359375 0.375 0.02890625 0.028125
2 0.94453125 0.44140625 0.03046875 0.0390625
2 0.90625 0.440625 0.02890625 0.03359375
2 0.8765625 0.4375 0.02890625 0.03046875
4 0.890625 0.47109375 0.01875 0.0203125
4 0.99140625 0.4765625 0.01640625 0.01953125
2 0.859375 0.38125 0.02578125 0.03046875
2 0.83515625 0.37109375 0.02890625 0.0296875
4 0.87109375 0.3953125 0.015625 0.0234375
4 0.88125 0.390625 0.01796875 0.021875
1 0.87890625 0.40859375 0.06796875 0.0359375
2 0.8375 0.434375 0.03046875 0.028125
4 0.80703125 0.4640625 0.01796875 0.021875
2 0.80390625 0.44375 0.03046875 0.02890625
0 0.80546875 0.42421875 0.0234375 0.02421875
6 0.81015625 0.37578125 0.03125 0.03046875
0 0.78046875 0.37578125 0.0203125 0.0234375
1 0.80390625 0.4046875 0.07890625 0.03671875
0 0.78203125 0.42578125 0.02109375 0.028125
4 0.771875 0.459375 0.0234375 0.02109375
4 0.8921875 0.428125 0.01796875 0.021875
6 0.7421875 0.39375 0.04375 0.0359375
2 0.75625 0.371875 0.03359375 0.0296875
2 0.71484375 0.365625 0.0359375 0.02890625
4 0.70625 0.38203125 0.01796875 0.021875
4 0.71015625 0.396875 0.01640625 0.01640625
4 0.71328125 0.42421875 0.0140625 0.01953125
4 0.72109375 0.4484375 0.01875 0.0203125
4 0.721875 0.43828125 0.01796875 0.01875
4 0.725 0.40859375 0.01796875 0.02109375
4 0.73828125 0.4109375 0.01640625 0.01796875
4 0.73203125 0.41953125 0.01875 0.01875
2 0.75859375 0.41640625 0.03359375 0.03125
2 0.746875 0.43203125 0.03671875 0.03359375
4 0.7015625 0.42578125 0.0140625 0.0203125
4 0.68828125 0.4296875 0.01640625 0.01640625
4 0.690625 0.42421875 0.01875 0.01484375
4 0.69140625 0.41328125 0.01640625 0.01796875
4 0.68359375 0.409375 0.0140625 0.0140625
4 0.671875 0.409375 0.01640625 0.0140625
4 0.66953125 0.41953125 0.0109375 0.01484375
4 0.67265625 0.428125 0.01484375 0.015625
4 0.66640625 0.43984375 0.0140625 0.01875
4 0.6609375 0.43125 0.01328125 0.01640625
4 0.6625 0.42109375 0.0140625 0.01796875
4 0.684375 0.38046875 0.015625 0.01875
4 0.6328125 0.35 0.01953125 0.015625
4 0.64375 0.346875 0.01328125 0.01484375
4 0.653125 0.3515625 0.0140625 0.01484375
4 0.6296875 0.36015625 0.01328125 0.01640625
4 0.6265625 0.39453125 0.0140625 0.0140625
4 0.646875 0.40078125 0.0140625 0.0140625
4 0.66015625 0.40078125 0.01640625 0.01484375
4 0.6515625 0.40625 0.01171875 0.01796875
4 0.65546875 0.4109375 0.01484375 0.01640625
4 0.64921875 0.42109375 0.01484375 0.021875
4 0.64921875 0.42890625 0.0140625 0.0234375
4 0.6546875 0.440625 0.0140625 0.01640625
4 0.63828125 0.44140625 0.01484375 0.01875
4 0.63046875 0.41875 0.01484375 0.015625
4 0.6390625 0.4109375 0.01640625 0.01875
2 0.67890625 0.36953125 0.03125 0.03125
2 0.64921875 0.3640625 0.02890625 0.0296875
2 0.67109375 0.38984375 0.02578125 0.02578125
2 0.69453125 0.39375 0.028125 0.025
2 0.63984375 0.384375 0.02421875 0.021875
0 0.6265625 0.40859375 0.0203125 0.0203125
0 0.621875 0.42890625 0.01953125 0.021875
4 0.30078125 0.584375 0.01328125 0.015625
4 0.2984375 0.590625 0.01171875 0.01484375
4 0.2984375 0.59921875 0.01328125 0.01796875
6 0.346875 0.4109375 0.0234375 0.0265625
4 0.33125 0.421875 0.0140625 0.01796875
2 0.08984375 0.565625 0.02421875 0.025
2 0.04609375 0.559375 0.025 0.0234375
2 0.0390625 0.5828125 0.02421875 0.021875
2 0.034375 0.6703125 0.0203125 0.0265625
4 0.09921875 0.1296875 0.01796875 0.025
4 0.1015625 0.103125 0.0140625 0.02109375
0 0.04296875 0.01640625 0.02421875 0.03203125
4 0.03046875 0.0515625 0.01796875 0.02890625
4 0.01640625 0.06953125 0.02109375 0.028125
4 0.4171875 0.17109375 0.01796875 0.02578125
4 0.39921875 0.190625 0.015625 0.02578125
2 0.41640625 0.18359375 0.025 0.028125
2 0.41640625 0.20078125 0.025 0.02890625
0 0.4171875 0.221875 0.0203125 0.034375
0 0.4015625 0.228125 0.01953125 0.03046875
0 0.38671875 0.22421875 0.0203125 0.0265625
2 0.39140625 0.2015625 0.028125 0.03359375
2 0.36015625 0.1984375 0.021875 0.025
2 0.3609375 0.21953125 0.025 0.0234375
4 0.34453125 0.221875 0.01640625 0.02109375
3 0.6296875 0.24921875 0.03359375 0.03046875
4 0.31484375 0.3609375 0.01484375 0.021875
4 0.30703125 0.128125 0.02109375 0.02109375
2 0.7109375 0.4125 0.02890625 0.0234375