5 0.21640625 0.67578125 0.0609375 0.05390625
5 0.2765625 0.6703125 0.05546875 0.04921875
6 0.096875 0.73515625 0.053125 0.04140625
0 0.0796875 0.9359375 0.01953125 0.034375
4 0.0953125 0.87421875 0.028125 0.02578125
2 0.23046875 0.90546875 0.0203125 0.0359375
4 0.17109375 0.78203125 0.0265625 0.025
4 0.23828125 0.79921875 0.0203125 0.0265625
2 0.36640625 0.928125 0.02421875 0.034375
2 0.39921875 0.8140625 0.025 0.03125
3 0.421875 0.7515625 0.021875 0.034375
3 0.36796875 0.7796875 0.0296875 0.0265625
2 0.50703125 0.421875 0.01640625 0.08359375
2 0.51953125 0.67578125 0.0234375 0.05703125
2 0.51640625 0.59921875 0.02578125 0.0515625
2 0.5703125 0.77109375 0.01640625 0.05078125
2 0.58671875 0.884375 0.0234375 0.03359375
2 0.61328125 0.86171875 0.03125 0.02109375
2 0.64609375 0.78828125 0.025 0.034375
2 0.70703125 0.86953125 0.02578125 0.04140625
2 0.715625 0.7953125 0.02109375 0.059375
6 0.8171875 0.89140625 0.04453125 0.04921875
2 0.8671875 0.86953125 0.028125 0.04140625
2 0.9859375 0.87578125 0.0234375 0.04375
0 0.7640625 0.90703125 0.0234375 0.02421875
0 0.68671875 0.8 0.01484375 0.03359375
0 0.646875 0.696875 0.0234375 0.01796875
4 0.603125 0.68125 0.0140625 0.02578125
4 0.54375 0.7203125 0.01171875 0.02578125
4 0.315625 0.76328125 0.009375 0.03046875
4 0.01953125 0.9390625 0.01484375 0.02890625
4 0.58671875 0.76171875 0.0140625 0.0203125
4 0.62109375 0.79296875 0.0140625 0.01796875
4 0.74296875 0.77578125 0.00859375 0.01484375
4 0.8515625 0.7859375 0.02578125 0.0359375
4 0.9296875 0.796875 0.0140625 0.0234375
4 0.934375 0.86640625 0.0203125 0.025
4 0.98359375 0.80625 0.02578125 0.01875