2 0.0109375 0.05078125 0.01953125 0.0546875
2 0.06484375 0.06328125 0.01953125 0.04453125
2 0.07109375 0.10625 0.01796875 0.04453125
2 0.04765625 0.13828125 0.02109375 0.040625
2 0.04453125 0.17578125 0.015625 0.03203125
2 0.040625 0.221875 0.01875 0.040625
2 0.01875 0.24921875 0.0234375 0.05390625
2 0.14921875 0.26640625 0.02109375 0.04296875
5 0.065625 0.334375 0.028125 0.0734375
0 0.19140625 0.37734375 0.01875 0.021875
2 0.23984375 0.4234375 0.0265625 0.0265625
2 0.496875 0.36640625 0.02421875 0.02421875
4 0.5640625 0.33984375 0.0109375 0.0140625
2 0.6421875 0.50078125 0.02578125 0.025
2 0.7796875 0.51171875 0.02890625 0.02578125
4 0.8421875 0.52109375 0.01484375 0.015625
4 0.93203125 0.5296875 0.01328125 0.01484375
2 0.896875 0.33515625 0.028125 0.02578125
2 0.984375 0.46328125 0.02890625 0.02421875
2 0.98125 0.32890625 0.02890625 0.025
2 0.7671875 0.16640625 0.025 0.0265625
2 0.7765625 0.24921875 0.02890625 0.02578125
4 0.00625 0.009375 0.009375 0.01875
0 0.43046875 0.5703125 0.021875 0.02578125