2 0.4578125 0.5140625 0.02421875 0.025
2 0.48125 0.5328125 0.02578125 0.02890625
2 0.4953125 0.3703125 0.02578125 0.025
4 0.49453125 0.43515625 0.01484375 0.02109375
4 0.56328125 0.3390625 0.01484375 0.01875
4 0.609375 0.50859375 0.01796875 0.0234375
4 0.684375 0.53828125 0.0140625 0.0234375
4 0.70703125 0.55390625 0.015625 0.02109375
2 0.74296875 0.52265625 0.03046875 0.03203125
2 0.89765625 0.3265625 0.03125 0.03046875
2 0.98046875 0.31953125 0.03046875 0.0296875
2 0.77421875 0.24140625 0.0296875 0.0265625
2 0.7640625 0.16015625 0.028125 0.02890625
2 0.36171875 0.5296875 0.02890625 0.02890625
4 0.35703125 0.5796875 0.01484375 0.02421875
4 0.30859375 0.43828125 0.01484375 0.021875
4 0.209375 0.453125 0.01875 0.021875
2 0.2234375 0.55703125 0.025 0.02578125
4 0.10703125 0.475 0.01953125 0.025
4 0.09140625 0.40078125 0.015625 0.0265625
0 0.1890625 0.39375 0.02109375 0.02109375
2 0.1453125 0.28046875 0.02421875 0.0453125
4 0.0140625 0.1234375 0.01484375 0.028125
2 0.02734375 0.23828125 0.0203125 0.046875
2 0.03046875 0.29609375 0.02578125 0.05
0 0.01484375 0.29140625 0.01796875 0.034375
4 0.0046875 0.29140625 0.00859375 0.0296875
2 0.00625 0.31640625 0.0125 0.0484375
2 0.12890625 0.6015625 0.03046875 0.03203125
2 0.1046875 0.55078125 0.02890625 0.02578125
4 0.1125 0.625 0.015625 0.0203125
4 0.03203125 0.61640625 0.01953125 0.02109375
4 0.015625 0.58125 0.01640625 0.0234375
4 0.02890625 0.56875 0.015625 0.01796875
4 0.03203125 0.5390625 0.02421875 0.02421875
4 0.07265625 0.54375 0.015625 0.0234375
2 0.07109375 0.628125 0.028125 0.028125
2 0.06875 0.60390625 0.0296875 0.02578125
2 0.07734375 0.58203125 0.03125 0.028125
2 0.0796875 0.5609375 0.028125 0.02421875
2 0.05546875 0.53984375 0.021875 0.02421875
2 0.0484375 0.5609375 0.028125 0.02890625
0 0.034375 0.6015625 0.02109375 0.021875
2 0.01640625 0.55 0.03046875 0.02890625
2 0.04140625 0.584375 0.02890625 0.0234375