2 0.03984375 0.96171875 0.02109375 0.028125
2 0.09140625 0.871875 0.01875 0.03046875
2 0.18671875 0.96171875 0.01796875 0.0265625
2 0.20625 0.97890625 0.01640625 0.034375
2 0.228125 0.94921875 0.01640625 0.034375
2 0.18046875 0.815625 0.01875 0.02578125
2 0.19296875 0.7609375 0.01796875 0.025
2 0.19453125 0.78203125 0.021875 0.0296875
2 0.2234375 0.7265625 0.01640625 0.025
2 0.2328125 0.7375 0.01875 0.028125
2 0.24765625 0.696875 0.01953125 0.028125
2 0.2578125 0.70625 0.01796875 0.025
2 0.265625 0.67578125 0.01953125 0.02578125
2 0.28203125 0.653125 0.01875 0.02578125
2 0.33046875 0.60390625 0.0203125 0.0296875
2 0.321875 0.5734375 0.01640625 0.028125
2 0.321875 0.82265625 0.01640625 0.03046875
2 0.32421875 0.9515625 0.01875 0.0234375
2 0.36953125 0.959375 0.01640625 0.0296875
2 0.41171875 0.56015625 0.01640625 0.03046875
2 0.3765625 0.50703125 0.01640625 0.0296875
2 0.43046875 0.5484375 0.01171875 0.0359375
2 0.43046875 0.48046875 0.01953125 0.03046875
2 0.44921875 0.434375 0.0203125 0.02890625
2 0.48828125 0.43046875 0.0203125 0.0296875
2 0.51328125 0.4140625 0.01875 0.0203125
2 0.43359375 0.28359375 0.01640625 0.02890625
2 0.4234375 0.28515625 0.01640625 0.03125
2 0.4203125 0.2515625 0.01171875 0.03125
2 0.3265625 0.31484375 0.01640625 0.02890625
2 0.33203125 0.27578125 0.01484375 0.03125
2 0.3546875 0.13125 0.01875 0.03125
2 0.31875 0.009375 0.015625 0.01875
2 0.33125 0.00859375 0.015625 0.0171875
2 0.5796875 0.1953125 0.01484375 0.034375
2 0.55078125 0.21796875 0.01484375 0.03203125
2 0.56171875 0.1359375 0.0140625 0.03125
2 0.5515625 0.0484375 0.01328125 0.03828125
2 0.58828125 0.0578125 0.0203125 0.028125
2 0.63828125 0.30859375 0.01953125 0.025
2 0.684375 0.32734375 0.0203125 0.0296875
2 0.71875 0.26953125 0.0203125 0.0265625
2 0.73046875 0.28671875 0.0234375 0.0296875
2 0.815625 0.19140625 0.01953125 0.02578125
2 0.79375 0.1625 0.01484375 0.0359375
2 0.81875 0.1390625 0.01171875 0.034375
2 0.8671875 0.08125 0.01875 0.0265625
2 0.925 0.053125 0.01796875 0.03515625
2 0.9328125 0.0078125 0.01640625 0.015625
2 0.94296875 0.203125 0.01796875 0.02890625
2 0.93203125 0.209375 0.01796875 0.034375
2 0.9234375 0.225 0.0203125 0.02421875
2 0.80546875 0.25390625 0.01875 0.025
2 0.7875 0.278125 0.021875 0.0296875
2 0.746875 0.30625 0.015625 0.0203125
2 0.75234375 0.31953125 0.01484375 0.02109375
2 0.72734375 0.32890625 0.0203125 0.03046875
2 0.73671875 0.3390625 0.01796875 0.021875
2 0.734375 0.35703125 0.01796875 0.021875
2 0.72265625 0.35546875 0.0203125 0.02578125
2 0.70625 0.3484375 0.0203125 0.03046875
2 0.70625 0.378125 0.021875 0.0265625
2 0.6765625 0.38359375 0.01171875 0.02109375
2 0.68046875 0.3984375 0.01796875 0.03125
2 0.6640625 0.40703125 0.0203125 0.03125
2 0.6796875 0.44765625 0.01484375 0.02890625
2 0.60859375 0.49921875 0.01875 0.03359375
2 0.58046875 0.46328125 0.01796875 0.028125
2 0.71171875 0.62421875 0.01875 0.028125
2 0.81328125 0.7421875 0.0203125 0.03515625
2 0.86171875 0.74296875 0.01640625 0.03125
2 0.8765625 0.75703125 0.01328125 0.03046875
2 0.9015625 0.76875 0.0140625 0.03046875
2 0.93671875 0.81796875 0.01796875 0.025
2 0.95625 0.8546875 0.02109375 0.02109375
2 0.96640625 0.86953125 0.0203125 0.021875
2 0.94453125 0.89296875 0.02109375 0.034375
2 0.9765625 0.8984375 0.02109375 0.0265625
2 0.9015625 0.94296875 0.01953125 0.02890625
2 0.88828125 0.92578125 0.01875 0.02421875
2 0.87109375 0.90703125 0.0203125 0.02890625
2 0.86953125 0.9234375 0.0203125 0.02578125
2 0.853125 0.88828125 0.01640625 0.02421875
2 0.84296875 0.9 0.0203125 0.02421875
2 0.8375 0.871875 0.01875 0.028125
2 0.825 0.88125 0.0203125 0.0265625
2 0.81953125 0.859375 0.0203125 0.0265625
2 0.80546875 0.8640625 0.01796875 0.0296875
2 0.79921875 0.8453125 0.01796875 0.028125
2 0.80390625 0.82890625 0.015625 0.0203125
2 0.7828125 0.81171875 0.01875 0.02109375
2 0.7703125 0.82421875 0.015625 0.02109375
2 0.72578125 0.759375 0.01796875 0.0203125
2 0.71171875 0.746875 0.01796875 0.021875
2 0.7015625 0.72109375 0.0203125 0.02578125
2 0.69140625 0.73203125 0.01875 0.02421875
2 0.68828125 0.7484375 0.021875 0.0265625
2 0.6859375 0.7609375 0.01796875 0.01796875
2 0.6671875 0.753125 0.01796875 0.025
2 0.54921875 0.775 0.02421875 0.03125
4 0.0796875 0.92421875 0.01328125 0.01953125
4 0.0515625 0.86171875 0.0109375 0.01640625
4 0.05625 0.8765625 0.01015625 0.0140625
4 0.0765625 0.84921875 0.00703125 0.01796875
4 0.08046875 0.84609375 0.00546875 0.01796875
4 0.08515625 0.8421875 0.0046875 0.01484375
4 0.0890625 0.840625 0.00625 0.0140625
4 0.10390625 0.8265625 0.00703125 0.015625
4 0.10703125 0.82109375 0.00703125 0.015625
4 0.11171875 0.81171875 0.00625 0.01953125
4 0.171875 0.79609375 0.00859375 0.01484375
4 0.2125 0.7734375 0.01015625 0.0140625
4 0.21796875 0.75625 0.01015625 0.01484375
4 0.2078125 0.74609375 0.00859375 0.01640625
4 0.1953125 0.73984375 0.01015625 0.0140625
4 0.325 0.78125 0.009375 0.01484375
4 0.2421875 0.68515625 0.009375 0.01640625
4 0.25390625 0.67109375 0.00859375 0.01875
4 0.26171875 0.665625 0.00859375 0.01796875
4 0.27109375 0.65703125 0.009375 0.01171875
4 0.2765625 0.64375 0.00859375 0.01171875
4 0.28203125 0.6234375 0.009375 0.01484375
4 0.30859375 0.6390625 0.009375 0.01484375
4 0.4296875 0.65546875 0.0046875 0.01953125
4 0.42734375 0.6140625 0.009375 0.01796875
4 0.453125 0.578125 0.009375 0.01796875
4 0.42578125 0.56875 0.00859375 0.015625
4 0.40859375 0.5703125 0.00703125 0.01640625
4 0.4140625 0.5421875 0.00703125 0.01640625
4 0.415625 0.5359375 0.00546875 0.01953125
4 0.42109375 0.534375 0.00546875 0.01796875
4 0.42578125 0.52890625 0.00859375 0.015625
4 0.46953125 0.4359375 0.01015625 0.01484375
4 0.43828125 0.31171875 0.009375 0.01640625
4 0.3171875 0.034375 0.009375 0.01953125
4 0.36640625 0.07421875 0.01015625 0.01171875
4 0.3921875 0.125 0.00703125 0.01328125
4 0.39453125 0.1296875 0.009375 0.009375
4 0.40546875 0.13046875 0.00859375 0.00859375
4 0.3984375 0.134375 0.00625 0.0140625
4 0.40078125 0.1390625 0.00625 0.00859375
4 0.4015625 0.15078125 0.00859375 0.00703125
4 0.40703125 0.15703125 0.00625 0.009375
4 0.4140625 0.1515625 0.00625 0.0109375
4 0.4171875 0.15625 0.00859375 0.0109375
4 0.41015625 0.16796875 0.00625 0.01171875
4 0.4140625 0.171875 0.00625 0.0140625
4 0.42109375 0.16875 0.00859375 0.0140625
4 0.42578125 0.17421875 0.00703125 0.01171875
4 0.43125 0.184375 0.00859375 0.0140625
4 0.51640625 0.3828125 0.01015625 0.01796875
4 0.53125 0.421875 0.00703125 0.01015625
4 0.5390625 0.4125 0.01015625 0.01328125
4 0.546875 0.4234375 0.01015625 0.0140625
4 0.559375 0.42734375 0.009375 0.01484375
4 0.57109375 0.3546875 0.009375 0.01640625
4 0.58125 0.2359375 0.00703125 0.015625
4 0.709375 0.29140625 0.01015625 0.01171875
4 0.74609375 0.21796875 0.00703125 0.0140625
4 0.809375 0.15546875 0.00703125 0.01015625
4 0.80703125 0.1453125 0.00859375 0.01484375
4 0.7984375 0.28046875 0.01015625 0.01328125
4 0.790625 0.29609375 0.01171875 0.01484375
4 0.7703125 0.2796875 0.00859375 0.0140625
4 0.75078125 0.353125 0.009375 0.0140625
4 0.73984375 0.32265625 0.00859375 0.01796875
4 0.72109375 0.36484375 0.009375 0.01015625
4 0.72578125 0.36953125 0.00625 0.01015625
4 0.7171875 0.37421875 0.00859375 0.00859375
4 0.71953125 0.38046875 0.0109375 0.00625
4 0.70859375 0.384375 0.00859375 0.0140625
4 0.7140625 0.3859375 0.00703125 0.01328125
4 0.6921875 0.39296875 0.00859375 0.01171875
4 0.6984375 0.39375 0.00703125 0.01015625
4 0.69296875 0.40078125 0.00703125 0.0109375
4 0.6859375 0.40546875 0.00703125 0.0109375
4 0.6765625 0.41640625 0.00703125 0.0109375
4 0.6796875 0.41953125 0.00546875 0.01328125
4 0.66875 0.45390625 0.00859375 0.0109375
4 0.6484375 0.52734375 0.00859375 0.015625
4 0.6359375 0.53671875 0.00859375 0.0140625
4 0.69296875 0.63359375 0.00859375 0.0140625
4 0.70078125 0.62734375 0.00703125 0.01171875
4 0.81328125 0.70859375 0.00546875 0.01484375
4 0.81796875 0.71171875 0.0046875 0.01171875
4 0.83046875 0.72578125 0.003125 0.01015625
4 0.8359375 0.7359375 0.0046875 0.01171875
4 0.840625 0.73359375 0.00390625 0.0109375
4 0.846875 0.73671875 0.00390625 0.0140625
4 0.84921875 0.74375 0.00390625 0.01328125
4 0.88203125 0.81640625 0.00859375 0.01484375
4 0.89453125 0.8359375 0.00703125 0.01171875
4 0.921875 0.85546875 0.00859375 0.01484375
4 0.91875 0.81171875 0.00546875 0.01796875
4 0.934375 0.83828125 0.01015625 0.0140625
4 0.83046875 0.89921875 0.00703125 0.0109375
4 0.83515625 0.88125 0.00859375 0.0109375
4 0.8296875 0.8765625 0.00703125 0.01171875
4 0.82578125 0.90078125 0.00703125 0.0109375
4 0.821875 0.890625 0.00859375 0.01484375
4 0.81328125 0.8859375 0.00859375 0.0109375
4 0.80859375 0.87578125 0.00859375 0.009375
4 0.8015625 0.8765625 0.009375 0.01015625
4 0.71953125 0.76484375 0.009375 0.01328125
4 0.71484375 0.771875 0.00859375 0.0140625
4 0.7140625 0.734375 0.009375 0.0140625
4 0.6984375 0.765625 0.00703125 0.0140625
4 0.678125 0.72421875 0.00859375 0.0109375
4 0.68046875 0.7015625 0.01015625 0.01171875
4 0.6734375 0.73203125 0.009375 0.0109375
4 0.66875 0.74140625 0.009375 0.0140625
4 0.66328125 0.759375 0.00859375 0.01015625
4 0.58046875 0.753125 0.00703125 0.015625
4 0.38046875 0.92109375 0.01171875 0.01796875
4 0.42578125 0.87421875 0.009375 0.0140625
4 0.34609375 0.96640625 0.009375 0.021875
4 0.3203125 0.98359375 0.00859375 0.01796875
4 0.25703125 0.903125 0.0109375 0.02578125
4 0.296875 0.8546875 0.00859375 0.01796875
0 0.10625 0.86171875 0.015625 0.02421875
0 0.365625 0.7609375 0.0140625 0.01953125
0 0.39453125 0.77578125 0.01484375 0.0234375
0 0.29609375 0.63671875 0.01171875 0.02578125
0 0.346875 0.5796875 0.01015625 0.02109375
0 0.353125 0.5671875 0.01171875 0.0203125
0 0.4328125 0.640625 0.01015625 0.02578125
0 0.3421875 0.44140625 0.01015625 0.025
0 0.43203125 0.421875 0.0140625 0.01640625
0 0.421875 0.30703125 0.01171875 0.02109375
0 0.41953125 0.22578125 0.01171875 0.01953125
0 0.6015625 0.28359375 0.01015625 0.0203125
0 0.6 0.2546875 0.0109375 0.01953125
0 0.67109375 0.29921875 0.01328125 0.01640625
0 0.70546875 0.26640625 0.0109375 0.01953125
0 0.78828125 0.2046875 0.01328125 0.01875
0 0.8640625 0.13046875 0.01171875 0.0203125
0 0.88046875 0.09921875 0.015625 0.028125
0 0.95703125 0.01328125 0.015625 0.0203125
0 0.89296875 0.19296875 0.01328125 0.01953125
0 0.75859375 0.32890625 0.0109375 0.01640625
0 0.69375 0.375 0.01171875 0.01875
0 0.66171875 0.43046875 0.0109375 0.02578125
0 0.6703125 0.43515625 0.01328125 0.025
0 0.67265625 0.590625 0.0140625 0.021875
0 0.73828125 0.65859375 0.0140625 0.021875
0 0.75390625 0.64609375 0.015625 0.021875
0 0.84609375 0.78359375 0.01640625 0.02578125
0 0.86796875 0.76171875 0.01328125 0.02109375
0 0.89140625 0.765625 0.0140625 0.02421875
0 0.7859375 0.83046875 0.0140625 0.02109375
0 0.6859375 0.7140625 0.01328125 0.01953125
3 0.3375 0.0390625 0.02421875 0.04609375
3 0.82421875 0.91171875 0.01953125 0.0296875
2 0.71171875 0.78515625 0.0203125 0.02890625
1 0.80703125 0.80703125 0.03984375 0.053125
1 0.765625 0.78125 0.05390625 0.0515625
1 0.746875 0.79453125 0.05 0.05546875
1 0.33359375 0.6296875 0.0453125 0.07109375
1 0.24765625 0.75234375 0.04140625 0.06953125
1 0.44375 0.26640625 0.03359375 0.06484375
6 0.56328125 0.38125 0.040625 0.03359375