6 0.3453125 0.6765625 0.02578125 0.04296875
2 0.6890625 0.25078125 0.0203125 0.03515625
2 0.6359375 0.3390625 0.01796875 0.034375
2 0.40390625 0.58203125 0.01953125 0.02890625
0 0.33671875 0.525 0.01484375 0.01875
2 0.18671875 0.790625 0.01640625 0.03046875
4 0.38671875 0.5984375 0.00859375 0.01328125
0 0.22890625 0.69296875 0.0140625 0.0203125
2 0.31796875 0.7203125 0.01953125 0.03125
2 0.6671875 0.2765625 0.01796875 0.0296875
4 0.3640625 0.621875 0.00859375 0.01484375
2 0.365625 0.64453125 0.02109375 0.03046875
2 0.61640625 0.421875 0.01953125 0.03671875
2 0.721875 0.86328125 0.02109375 0.0234375
2 0.70625 0.22109375 0.01796875 0.03125
2 0.83359375 0.1359375 0.0265625 0.03828125
2 0.7265625 0.02578125 0.01875 0.03203125
0 0.68359375 0.07890625 0.0140625 0.02421875
0 0.66875 0.090625 0.01171875 0.02421875
2 0.20078125 0.90390625 0.0203125 0.0359375
2 0.2359375 0.846875 0.01875 0.03125
2 0.25625 0.8140625 0.025 0.03984375
2 0.196875 0.68359375 0.0203125 0.03515625
2 0.296875 0.74375 0.0203125 0.03359375
2 0.27734375 0.78046875 0.02109375 0.03125
2 0.384375 0.6171875 0.01875 0.028125
4 0.38359375 0.5828125 0.00703125 0.01484375
0 0.35703125 0.3 0.0140625 0.0234375
2 0.215625 0.86796875 0.01796875 0.03046875
5 0.63671875 0.39453125 0.02109375 0.03671875
2 0.2359375 0.51796875 0.015625 0.03515625
4 0.371875 0.621875 0.00546875 0.01171875
2 0.178125 0.9328125 0.01953125 0.03359375
2 0.65390625 0.34140625 0.01953125 0.034375
2 0.615625 0.38828125 0.01875 0.03203125
0 0.63828125 0.365625 0.01171875 0.01796875
2 0.69140625 0.28125 0.0203125 0.03125
4 0.7484375 0.04140625 0.00859375 0.0234375
2 0.16328125 0.9671875 0.0203125 0.03671875
2 0.6515625 0.30546875 0.01796875 0.034375
2 0.70859375 0.246875 0.0203125 0.03671875
2 0.66953125 0.31328125 0.01796875 0.03046875
4 0.34765625 0.653125 0.00859375 0.01640625
4 0.35703125 0.640625 0.009375 0.0109375
2 0.740625 0.22109375 0.0203125 0.03515625
2 0.71953125 0.19140625 0.015625 0.02890625
1 0.7046875 0.29609375 0.0484375 0.08984375
2 0.73671875 0.165625 0.01796875 0.034375
0 0.753125 0.1546875 0.01328125 0.02421875
0 0.7296875 0.25234375 0.01171875 0.02109375
2 0.72578125 0.2125 0.01875 0.02890625
4 0.6734375 0.25234375 0.00625 0.015625
2 0.14296875 0.984375 0.01875 0.0296875
4 0.33203125 0.67421875 0.00703125 0.015625
4 0.36953125 0.60390625 0.00625 0.01015625
4 0.6078125 0.5015625 0.00859375 0.0140625
3 0.76171875 0.134375 0.01484375 0.02578125
2 0.7421875 0.1859375 0.0203125 0.028125
0 0.72578125 0.2375 0.009375 0.02109375
4 0.6078125 0.5125 0.01015625 0.01171875
2 0.17109375 0.72578125 0.01796875 0.03828125
4 0.75703125 0.16875 0.01015625 0.01640625
4 0.7546875 0.2015625 0.01015625 0.0140625
0 0.765625 0.140625 0.015625 0.01875
4 0.32109375 0.69609375 0.009375 0.01796875
2 0.7765625 0.10078125 0.0203125 0.03515625
4 0.7015625 0.20390625 0.00625 0.01875
4 0.284375 0.75 0.009375 0.01328125
4 0.61875 0.496875 0.0109375 0.01484375
4 0.62109375 0.478125 0.00859375 0.01171875
4 0.621875 0.52890625 0.00859375 0.0109375
4 0.61953125 0.5109375 0.00859375 0.01171875
4 0.26875 0.025 0.00859375 0.01953125
4 0.603125 0.44375 0.00859375 0.01484375
4 0.609375 0.4484375 0.00625 0.01015625
4 0.6109375 0.45703125 0.00625 0.009375
4 0.61328125 0.4640625 0.00625 0.0109375
4 0.6234375 0.45 0.00703125 0.0109375
4 0.62421875 0.46015625 0.009375 0.01015625
4 0.63828125 0.45546875 0.00859375 0.01328125
4 0.6296875 0.4390625 0.00625 0.0140625
4 0.6359375 0.440625 0.00546875 0.01171875
4 0.6265625 0.42109375 0.00703125 0.01484375
4 0.63828125 0.42421875 0.00390625 0.01328125
4 0.61796875 0.434375 0.00625 0.01328125
4 0.62890625 0.4671875 0.00703125 0.01328125
2 0.63984375 0.503125 0.01328125 0.040625
4 0.76640625 0.15546875 0.009375 0.0140625
4 0.76171875 0.19296875 0.00703125 0.0140625
4 0.80078125 0.1859375 0.01171875 0.015625
4 0.75078125 0.19140625 0.00625 0.01328125
4 0.69375 0.21875 0.00703125 0.0140625
4 0.69921875 0.21875 0.00546875 0.01015625
4 0.68828125 0.22734375 0.00703125 0.01328125
4 0.6484375 0.3671875 0.00703125 0.01171875
4 0.65703125 0.3515625 0.00703125 0.01171875
4 0.65078125 0.378125 0.00546875 0.01171875
4 0.6265625 0.3703125 0.00703125 0.0140625
4 0.43203125 0.27109375 0.009375 0.01796875
2 0.2484375 0.78359375 0.01875 0.0359375
2 0.43125 0.2890625 0.0203125 0.040625
4 0.4390625 0.28359375 0.00859375 0.01640625
0 0.78515625 0.9890625 0.01171875 0.021875
4 0.34140625 0.640625 0.009375 0.01640625
4 0.340625 0.6625 0.00703125 0.01328125
4 0.31171875 0.70078125 0.00625 0.01328125
4 0.30703125 0.71484375 0.00859375 0.0140625
4 0.28828125 0.7328125 0.00859375 0.0140625
0 0.78203125 0.13359375 0.01171875 0.0234375
0 0.684375 0.1546875 0.015625 0.02578125
2 0.41328125 0.25078125 0.02109375 0.03828125
2 0.3984375 0.21328125 0.01796875 0.034375
4 0.38359375 0.32421875 0.009375 0.01875
4 0.42109375 0.54921875 0.01015625 0.01796875
2 0.3515625 0.61328125 0.01953125 0.03046875
4 0.378125 0.59765625 0.00859375 0.009375
2 0.31328125 0.67109375 0.01953125 0.03359375
4 0.2765625 0.7640625 0.00859375 0.015625
2 0.19453125 0.8734375 0.0203125 0.03359375
0 0.79453125 0.0859375 0.015625 0.021875
2 0.809375 0.05703125 0.0234375 0.03359375
0 0.76328125 0.17109375 0.01015625 0.01796875
0 0.61796875 0.5421875 0.01328125 0.01640625
4 0.43515625 0.49375 0.009375 0.02109375
2 0.40546875 0.40546875 0.01328125 0.0390625
2 0.43359375 0.35546875 0.015625 0.0359375
4 0.37421875 0.296875 0.00625 0.01640625
4 0.39296875 0.284375 0.009375 0.015625
2 0.390625 0.55390625 0.01875 0.03046875
2 0.421875 0.24140625 0.01640625 0.03515625
0 0.45078125 0.26484375 0.01484375 0.028125
2 0.796875 0.11484375 0.01875 0.034375
4 0.784375 0.1140625 0.009375 0.01484375
3 0.76796875 0.20078125 0.015625 0.025
0 0.696875 0.33203125 0.01171875 0.021875
4 0.64296875 0.396875 0.00625 0.01171875
4 0.63828125 0.4078125 0.00546875 0.01328125
6 0.4296875 0.21640625 0.0265625 0.053125
2 0.38046875 0.24609375 0.01953125 0.03828125
6 0.33984375 0.1375 0.02578125 0.05078125
2 0.43984375 0.41484375 0.0140625 0.03359375
0 0.46328125 0.44375 0.01171875 0.0265625
4 0.21328125 0.8359375 0.00859375 0.0140625
2 0.165625 0.91875 0.02109375 0.03125
2 0.37578125 0.16796875 0.01953125 0.03671875
2 0.41328125 0.18125 0.01875 0.03828125
0 0.646875 0.1984375 0.015625 0.0203125
0 0.709375 0.1234375 0.0140625 0.028125
4 0.6328125 0.5359375 0.00703125 0.01015625
4 0.628125 0.5515625 0.009375 0.0109375
4 0.61796875 0.55859375 0.00859375 0.01171875
4 0.6328125 0.42421875 0.00625 0.0140625
4 0.70859375 0.32578125 0.00546875 0.015625
2 0.39609375 0.25546875 0.01640625 0.03671875
2 0.38515625 0.29453125 0.01640625 0.03515625
2 0.41640625 0.3015625 0.01640625 0.03515625
2 0.41328125 0.33984375 0.01640625 0.034375
4 0.4015625 0.33984375 0.00859375 0.01875
4 0.39609375 0.575 0.00859375 0.0109375
4 0.3890625 0.58671875 0.009375 0.0109375
4 0.37578125 0.58515625 0.00703125 0.0140625
4 0.29375 0.70078125 0.009375 0.0140625
4 0.2734375 0.72890625 0.0109375 0.01484375
4 0.26875 0.77109375 0.00703125 0.01875
4 0.22734375 0.8140625 0.01015625 0.015625
4 0.240625 0.8234375 0.00703125 0.0140625
4 0.246875 0.81171875 0.009375 0.0109375
2 0.13203125 0.96953125 0.0234375 0.03671875
4 0.1640625 0.9453125 0.01015625 0.01484375
2 0.35546875 0.721875 0.01953125 0.034375
2 0.671875 0.1875 0.01796875 0.03125
2 0.446875 0.146875 0.01953125 0.04140625
4 0.628125 0.22109375 0.01171875 0.015625
0 0.78828125 0.16015625 0.01640625 0.0265625
4 0.86640625 0.021875 0.0140625 0.01796875
4 0.82421875 0.1015625 0.01328125 0.0203125
4 0.8234375 0.12734375 0.01171875 0.01171875