0 0.071875 0.65859375 0.015625 0.01484375
0 0.02578125 0.678125 0.01328125 0.015625
0 0.23125 0.5890625 0.0140625 0.01484375
0 0.28359375 0.56171875 0.01171875 0.01171875
4 0.3484375 0.546875 0.009375 0.01328125
0 0.27421875 0.74765625 0.01640625 0.01484375
0 0.2390625 0.5640625 0.0109375 0.0203125
0 0.40625 0.5546875 0.01640625 0.0203125
0 0.4546875 0.41640625 0.01328125 0.01640625
4 0.53203125 0.496875 0.01328125 0.01875
2 0.53359375 0.47578125 0.0203125 0.02890625
4 0.51953125 0.4828125 0.01171875 0.01015625
0 0.5703125 0.63125 0.01171875 0.015625
0 0.58203125 0.60078125 0.01484375 0.0234375
0 0.62109375 0.27109375 0.01015625 0.02109375
0 0.60546875 0.35546875 0.01484375 0.01796875
0 0.60703125 0.32578125 0.00859375 0.0234375
0 0.7046875 0.21953125 0.015625 0.0234375
0 0.79375 0.28203125 0.0109375 0.02109375
4 0.81796875 0.26015625 0.00859375 0.02421875
0 0.80234375 0.01484375 0.0140625 0.0296875
0 0.6911042703125 0.5449659671875 0.6851750625 0.5394326265625 0.6798387671875 0.5555056625 0.68339629375 0.5605120218749999 0.6911042703125 0.5449659671875
4 0.19453125 0.7109375 0.01015625 0.009375
4 0.17578125 0.7328125 0.0109375 0.01171875
4 0.2140625 0.628125 0.01171875 0.009375
4 0.29296875 0.659375 0.0109375 0.01484375
4 0.4375 0.42890625 0.01015625 0.01484375
4 0.4453125 0.38671875 0.01015625 0.0140625
4 0.41796875 0.3890625 0.01171875 0.01328125
4 0.5140625 0.5046875 0.015625 0.01484375
4 0.425 0.36875 0.01171875 0.01484375
4 0.3609375 0.35078125 0.01015625 0.01796875
4 0.32734375 0.309375 0.00859375 0.01484375
4 0.2515625 0.25390625 0.01171875 0.01171875
4 0.28515625 0.2765625 0.0109375 0.01796875
4 0.26171875 0.3984375 0.01171875 0.0140625
4 0.2734375 0.39140625 0.0109375 0.015625
4 0.1953125 0.3890625 0.0109375 0.0140625
2 0.2203125 0.40625 0.01953125 0.0296875
2 0.3484375 0.465625 0.021875 0.02421875
4 0.346875 0.35234375 0.015625 0.01796875
4 0.5734375 0.43125 0.01171875 0.01640625
4 0.61953125 0.59609375 0.0140625 0.01328125
0 0.6609375 0.5390625 0.0109375 0.01640625
4 0.64921875 0.64296875 0.0109375 0.015625
4 0.58515625 0.3921875 0.01171875 0.01328125
4 0.66953125 0.265625 0.01328125 0.01171875
0 0.5828125 0.64375 0.01328125 0.0234375
0 0.709375 0.66953125 0.01015625 0.015625
4 0.70625 0.69296875 0.009375 0.01171875
5 0.74453125 0.67578125 0.02578125 0.034375
4 0.7484375 0.725 0.0140625 0.0234375
2 0.92421875 0.909375 0.0203125 0.028125
4 0.890625 0.84375 0.009375 0.0140625
4 0.77890625 0.88515625 0.0109375 0.01796875
4 0.9625 0.940625 0.01171875 0.01875
4 0.95703125 0.95078125 0.00859375 0.01875
4 0.94296875 0.90078125 0.01171875 0.01328125
4 0.7296875 0.846875 0.00859375 0.01171875
0 0.7296875 0.39453125 0.01015625 0.021875
0 0.7734375 0.42109375 0.00859375 0.01875
2 0.7546875 0.39609375 0.015625 0.0359375
4 0.775 0.34609375 0.0109375 0.01171875
0 0.7546875 0.49765625 0.0109375 0.02421875
2 0.59765625 0.31796875 0.01640625 0.02421875
2 0.128125 0.72890625 0.0203125 0.015625
4 0.10078125 0.6703125 0.015625 0.01328125
4 0.1859375 0.653125 0.0140625 0.009375
2 0.302102928125 0.54125734375 0.300202640625 0.5292468453125 0.2822553578125 0.53900538125 0.2859371171875 0.5510378625000001 0.302102928125 0.54125734375
3 0.5506913734375 0.4480500328125 0.541453790625 0.4394487734375 0.538594553125 0.4488319625 0.547392240625 0.454305496875 0.5506913734375 0.4480500328125
0 0.86484375 0.9609375 0.01328125 0.01953125
1 0.859375 0.83203125 0.0296875 0.03828125
0 0.79453125 0.765625 0.015625 0.025
0 0.771875 0.740625 0.015625 0.01953125
0 0.7578125 0.71171875 0.01328125 0.01953125
0 0.79765625 0.74609375 0.015625 0.01796875
0 0.81875 0.74296875 0.01171875 0.021875
0 0.71171875 0.8265625 0.015625 0.01953125
2 0.603125 0.72421875 0.025 0.02421875
2 0.596875 0.67265625 0.01953125 0.0265625
3 0.58203125 0.6890625 0.01953125 0.0265625
4 0.534375 0.68125 0.0109375 0.015625
4 0.57578125 0.70390625 0.01328125 0.01328125
4 0.5953125 0.60859375 0.00859375 0.01484375
4 0.621875 0.6109375 0.00859375 0.01171875
4 0.64375 0.6125 0.01171875 0.015625
4 0.65390625 0.60703125 0.00703125 0.01953125
4 0.659375 0.5984375 0.01328125 0.0203125
2 0.49453125 0.609375 0.02109375 0.03046875
5 0.36875 0.5078125 0.025 0.03125
3 0.35 0.5140625 0.01171875 0.0140625
4 0.41796875 0.5421875 0.01328125 0.0140625
4 0.396875 0.540625 0.01171875 0.0109375
4 0.3640625 0.57265625 0.01171875 0.0140625
4 0.44921875 0.5890625 0.0140625 0.015625
4 0.4734375 0.590625 0.009375 0.01015625
4 0.4609375 0.60859375 0.0109375 0.0109375
4 0.2109375 0.33515625 0.0109375 0.01328125
2 0.18125 0.328125 0.0234375 0.028125
2 0.2953125 0.30703125 0.021875 0.02578125
2 0.39453125 0.49921875 0.0234375 0.03203125
4 0.73203125 0.121875 0.01328125 0.0140625
4 0.72421875 0.1453125 0.0109375 0.01328125
4 0.77109375 0.06953125 0.0140625 0.015625
2 0.78415704375 0.30332112499999997 0.7800122078125 0.29787535468750004 0.7701006609375 0.3241431796875 0.7747861171875 0.32990929687500004 0.78415704375 0.30332112499999997
4 0.77265625 0.29140625 0.01015625 0.0109375
4 0.81875 0.20078125 0.00546875 0.02109375
2 0.6171875 0.56796875 0.0203125 0.02890625
5 0.534375 0.371875 0.03828125 0.040625
1 0.715625 0.3515625 0.04140625 0.08125
2 0.70390625 0.6171875 0.01875 0.03984375
2 0.7234375 0.63515625 0.01953125 0.034375
0 0.77421875 0.671875 0.01171875 0.01953125
4 0.7390625 0.359375 0.01328125 0.01796875
2 0.73125 0.82109375 0.021875 0.03828125
3 0.86328125 0.78203125 0.025 0.03984375