2 0.33671875 0.2296875 0.01640625 0.03046875
2 0.296875 0.15234375 0.0140625 0.02421875
2 0.3171875 0.14140625 0.01171875 0.028125
2 0.33203125 0.16640625 0.01328125 0.028125
2 0.3453125 0.19765625 0.01328125 0.025
2 0.36015625 0.1984375 0.0140625 0.0265625
2 0.37421875 0.20078125 0.01171875 0.02578125
2 0.37421875 0.24296875 0.01171875 0.03046875
2 0.38671875 0.278125 0.01484375 0.02890625
2 0.4015625 0.23359375 0.0140625 0.02421875
2 0.40390625 0.3 0.01171875 0.01640625
2 0.41953125 0.3421875 0.01796875 0.02578125
2 0.3671875 0.32265625 0.01171875 0.0265625
2 0.29296875 0.04453125 0.02109375 0.03046875
2 0.25078125 0.01875 0.01796875 0.03125