5 0.21328125 0.68359375 0.05546875 0.03203125
5 0.2765625 0.675 0.0609375 0.04375
2 0.2015625 0.8796875 0.021875 0.03828125
2 0.2453125 0.82421875 0.02578125 0.0359375
0 0.32890625 0.77109375 0.01953125 0.0296875
2 0.365625 0.93046875 0.021875 0.040625
2 0.44375 0.7453125 0.0265625 0.04921875
0 0.51328125 0.77421875 0.0203125 0.02890625
2 0.54609375 0.8890625 0.02109375 0.0359375
6 0.6546875 0.821875 0.04375 0.040625
0 0.51484375 0.43125 0.0203125 0.03515625
2 0.5046875 0.15703125 0.01640625 0.046875
4 0.51640625 0.028125 0.015625 0.0234375
4 0.46953125 0.08046875 0.01015625 0.03359375
4 0.48046875 0.06171875 0.01171875 0.0203125
4 0.51875 0.63203125 0.0140625 0.02890625
4 0.42734375 0.90390625 0.01171875 0.0234375
4 0.328125 0.8828125 0.01640625 0.0203125
4 0.165625 0.7890625 0.021875 0.0234375
4 0.13203125 0.80859375 0.0140625 0.02890625
4 0.1 0.890625 0.01015625 0.028125
4 0.0609375 0.93203125 0.0109375 0.0234375
4 0.7296875 0.77109375 0.01640625 0.021875
4 0.72890625 0.796875 0.01640625 0.0203125
4 0.73125 0.93125 0.01171875 0.0203125
4 0.57109375 0.6671875 0.00703125 0.01640625
2 0.81171875 0.721875 0.02890625 0.03125
0 0.85234375 0.70703125 0.021875 0.02421875
2 0.871875 0.73046875 0.0265625 0.02421875
5 0.93125 0.73125 0.05390625 0.0484375
2 0.9015625 0.803125 0.02890625 0.025
2 0.90859375 0.83125 0.034375 0.0359375
2 0.89609375 0.871875 0.0359375 0.0234375
4 0.8265625 0.8609375 0.01640625 0.03125
4 0.6 0.76328125 0.0203125 0.03125