4 0.26015625 0.00703125 0.00703125 0.01015625
4 0.27109375 0.04296875 0.00546875 0.01328125
4 0.31875 0.19453125 0.00703125 0.0109375
4 0.3234375 0.23203125 0.00546875 0.01015625
4 0.3015625 0.21015625 0.00546875 0.0109375
4 0.390625 0.24140625 0.0046875 0.0109375
4 0.40234375 0.25390625 0.0046875 0.0109375
4 0.4078125 0.27578125 0.0046875 0.0109375
4 0.4046875 0.26328125 0.00546875 0.009375
4 0.39609375 0.28359375 0.00625 0.01015625
4 0.39296875 0.30390625 0.0046875 0.0109375
4 0.40078125 0.33203125 0.00703125 0.01015625
4 0.39609375 0.39765625 0.00546875 0.01015625
4 0.42578125 0.4109375 0.00546875 0.0109375
4 0.4078125 0.5171875 0.00703125 0.009375
4 0.38671875 0.54609375 0.00625 0.00859375
4 0.353125 0.603125 0.00859375 0.01171875
4 0.38515625 0.603125 0.00625 0.0109375
4 0.278125 0.68125 0.00703125 0.0109375
4 0.296875 0.75390625 0.00625 0.0109375
4 0.2859375 0.7875 0.00703125 0.0109375
4 0.17109375 0.9234375 0.00546875 0.009375
4 0.33046875 0.978125 0.0046875 0.0109375
4 0.36953125 0.81328125 0.00625 0.0109375
4 0.76953125 0.9078125 0.00546875 0.009375
4 0.709375 0.878125 0.00546875 0.01015625
4 0.66640625 0.8390625 0.00546875 0.00859375
4 0.6234375 0.81640625 0.00625 0.01015625
4 0.61953125 0.79375 0.00703125 0.0109375
4 0.578125 0.72578125 0.00546875 0.009375
4 0.640625 0.671875 0.0046875 0.0109375
4 0.628125 0.3765625 0.00703125 0.009375
4 0.60390625 0.5140625 0.00703125 0.00703125
4 0.6109375 0.503125 0.00546875 0.009375
4 0.61875 0.4890625 0.00546875 0.009375
4 0.61796875 0.47890625 0.00546875 0.009375
4 0.6140625 0.47421875 0.00625 0.00859375
4 0.5984375 0.51171875 0.00546875 0.009375
4 0.59140625 0.51171875 0.00625 0.00859375
4 0.59296875 0.5265625 0.00625 0.009375
4 0.590625 0.521875 0.00625 0.009375
4 0.678125 0.3453125 0.00546875 0.00859375
4 0.6984375 0.30078125 0.00625 0.01015625
4 0.78671875 0.19296875 0.00625 0.01171875
4 0.784375 0.1875 0.00546875 0.0109375
4 0.7171875 0.05390625 0.00703125 0.01171875
4 0.69921875 0.06015625 0.00625 0.01015625
4 0.58984375 0.246875 0.00625 0.009375
4 0.48359375 0.484375 0.0046875 0.01171875
2 0.04296875 0.984375 0.01796875 0.02109375
2 0.02890625 0.98828125 0.01640625 0.0234375
2 0.07578125 0.81640625 0.015625 0.02578125
2 0.19921875 0.9921875 0.0140625 0.015625
2 0.2515625 0.98828125 0.01484375 0.0234375
2 0.2484375 0.51875 0.0140625 0.02421875
2 0.26796875 0.12734375 0.01484375 0.0265625
2 0.359375 0.13515625 0.0140625 0.02109375
2 0.4515625 0.1390625 0.0140625 0.0234375
2 0.38515625 0.28046875 0.01484375 0.0265625
2 0.403125 0.30390625 0.01328125 0.02421875
2 0.359375 0.38671875 0.0140625 0.0203125
2 0.31796875 0.6078125 0.0140625 0.021875
2 0.334375 0.63828125 0.015625 0.028125
2 0.34609375 0.55859375 0.01640625 0.02890625
2 0.38359375 0.48671875 0.01171875 0.02421875
2 0.38671875 0.51328125 0.01328125 0.02421875
2 0.39375 0.52734375 0.0140625 0.02421875
2 0.39921875 0.53984375 0.01484375 0.025
2 0.3859375 0.5640625 0.0140625 0.02578125
2 0.3953125 0.60625 0.01328125 0.02109375
2 0.44921875 0.52734375 0.01171875 0.02109375
2 0.528125 0.42265625 0.0140625 0.0234375
2 0.56328125 0.41484375 0.01484375 0.02578125
2 0.63671875 0.23828125 0.01171875 0.021875
2 0.67578125 0.134375 0.01640625 0.0265625
2 0.76171875 0.190625 0.0140625 0.02578125
2 0.6640625 0.26953125 0.0140625 0.02421875
2 0.5109375 0.5375 0.01484375 0.02890625
2 0.484375 0.55078125 0.01484375 0.0265625
2 0.390625 0.746875 0.0140625 0.02578125
2 0.68828125 0.33125 0.0140625 0.02578125
2 0.68046875 0.3234375 0.0140625 0.02421875
2 0.66953125 0.3640625 0.0140625 0.02109375
2 0.659375 0.36171875 0.01171875 0.02109375
2 0.66875 0.3859375 0.015625 0.025
2 0.65546875 0.38671875 0.01171875 0.0203125
2 0.64140625 0.39296875 0.0140625 0.0234375
2 0.65078125 0.41171875 0.015625 0.02578125
2 0.6296875 0.41640625 0.015625 0.02578125
2 0.628125 0.44140625 0.015625 0.02578125
2 0.61484375 0.43828125 0.01328125 0.02109375
2 0.60078125 0.46171875 0.0140625 0.021875
2 0.60859375 0.46875 0.01484375 0.02578125
2 0.60703125 0.49375 0.0140625 0.025
2 0.596875 0.490625 0.01484375 0.02578125
2 0.5859375 0.48671875 0.0140625 0.0203125
2 0.5375 0.56953125 0.00859375 0.0140625
2 0.534375 0.6140625 0.01171875 0.021875
2 0.546875 0.65234375 0.01484375 0.0234375
2 0.5703125 0.6953125 0.0140625 0.0234375
2 0.55625 0.72265625 0.01796875 0.02109375
2 0.61328125 0.72890625 0.01484375 0.025
2 0.59921875 0.72578125 0.0140625 0.021875
2 0.59453125 0.7390625 0.015625 0.025
2 0.6234375 0.76953125 0.01171875 0.0203125
2 0.6109375 0.7703125 0.01328125 0.0234375
2 0.6453125 0.78359375 0.01484375 0.02109375
2 0.64296875 0.80625 0.0140625 0.0234375
2 0.6421875 0.82734375 0.015625 0.021875
2 0.675 0.83203125 0.01484375 0.025
2 0.69453125 0.859375 0.01640625 0.025
2 0.66484375 0.8859375 0.01484375 0.02421875
3 0.06328125 0.89375 0.01796875 0.0265625
5 0.33828125 0.1109375 0.0265625 0.03671875
5 0.409375 0.1515625 0.0234375 0.04140625
0 0.27109375 0.18828125 0.01015625 0.01640625
0 0.32578125 0.1453125 0.009375 0.01796875
0 0.2984375 0.246875 0.009375 0.01796875
0 0.34921875 0.2875 0.00859375 0.01484375
0 0.390625 0.3703125 0.00703125 0.01484375
0 0.42890625 0.44921875 0.009375 0.01640625
0 0.378125 0.5125 0.009375 0.015625
0 0.45546875 0.7890625 0.009375 0.0140625
0 0.69453125 0.7515625 0.01015625 0.0140625
0 0.6765625 0.70546875 0.00625 0.01484375
0 0.61171875 0.5765625 0.00625 0.015625
0 0.63125 0.56953125 0.00859375 0.015625
0 0.584375 0.5359375 0.009375 0.01484375
0 0.6265625 0.46640625 0.00859375 0.01328125
0 0.66953125 0.3390625 0.00859375 0.0140625
0 0.934375 0.04921875 0.01171875 0.01953125
0 0.91796875 0.04609375 0.01015625 0.01953125