4 0.9109375 0.3765625 0.0140625 0.01640625
4 0.84375 0.53984375 0.01484375 0.01640625
4 0.74765625 0.53125 0.01484375 0.01640625
4 0.74296875 0.41953125 0.01484375 0.0203125
4 0.2609375 0.365625 0.01171875 0.01640625
4 0.19375 0.58125 0.01328125 0.01953125
4 0.03671875 0.50546875 0.01328125 0.01171875
4 0.0359375 0.534375 0.01171875 0.0109375
4 0.040625 0.58515625 0.01171875 0.01328125
4 0.05234375 0.5859375 0.01328125 0.0109375
4 0.0625 0.596875 0.0140625 0.01015625
4 0.0640625 0.578125 0.01328125 0.00859375
4 0.065625 0.56875 0.0109375 0.00546875
4 0.06328125 0.55859375 0.01015625 0.00859375
4 0.090625 0.55703125 0.01328125 0.01171875
4 0.1078125 0.55390625 0.0140625 0.0140625
4 0.01015625 0.27109375 0.009375 0.025
4 0.03046875 0.00703125 0.0078125 0.0140625
4 0.021875 0.00625 0.00625 0.0125
4 0.01328125 0.00546875 0.00703125 0.01015625
4 0.00546875 0.065625 0.009375 0.02421875
2 0.01796875 0.0390625 0.01875 0.04609375
2 0.00703125 0.31171875 0.0140625 0.0640625
2 0.1546875 0.25859375 0.02109375 0.04453125
2 0.04453125 0.52109375 0.02421875 0.01953125
2 0.071875 0.5140625 0.028125 0.0203125
2 0.04296875 0.5484375 0.0265625 0.01875
2 0.04453125 0.56796875 0.025 0.01953125
2 0.07578125 0.540625 0.028125 0.021875
2 0.103125 0.53828125 0.02109375 0.01875
2 0.1234375 0.51328125 0.02421875 0.01953125
2 0.27890625 0.5046875 0.0265625 0.02578125
2 0.396875 0.52890625 0.0296875 0.025
2 0.496875 0.36796875 0.028125 0.0265625
2 0.73828125 0.48203125 0.02890625 0.0265625
2 0.9828125 0.34140625 0.0265625 0.0296875
2 0.76953125 0.17421875 0.0265625 0.0265625
2 0.778125 0.25546875 0.0265625 0.0265625
3 0.4859375 0.43046875 0.028125 0.0265625
0 0.19375 0.371875 0.02421875 0.028125
0 0.02890625 0.27421875 0.01796875 0.03984375
0 0.07578125 0.5609375 0.015625 0.01640625
0 0.1 0.515625 0.01953125 0.02109375
6 0.07109375 0.32109375 0.0265625 0.0703125
6 0.4640625 0.58671875 0.04375 0.03125