2 0.02578125 0.0234375 0.01875 0.04375
4 0.0125 0.0453125 0.00703125 0.01640625
4 0.0046875 0.04609375 0.009375 0.015625
4 0.0078125 0.02890625 0.01171875 0.009375
2 0.0578125 0.13125 0.01484375 0.03671875
2 0.0734375 0.14453125 0.01015625 0.03125
2 0.03828125 0.18359375 0.01796875 0.040625
2 0.02578125 0.2375 0.0203125 0.04140625
2 0.03125 0.2703125 0.01796875 0.03984375
2 0.00859375 0.28515625 0.0171875 0.0359375
3 0.0734375 0.30546875 0.0234375 0.06171875
2 0.15859375 0.246875 0.01875 0.03671875
0 0.1984375 0.359375 0.01640625 0.01171875
4 0.26328125 0.35546875 0.0109375 0.00625
2 0.5015625 0.36640625 0.021875 0.01875
4 0.60703125 0.35625 0.01015625 0.00703125
2 0.98203125 0.35546875 0.02421875 0.01875
2 0.7734375 0.18203125 0.025 0.0203125
2 0.78046875 0.26484375 0.025 0.021875
2 0.7203125 0.54375 0.03046875 0.021875
0 0.60234375 0.515625 0.015625 0.0140625
2 0.53984375 0.49453125 0.02578125 0.02109375
4 0.51328125 0.51875 0.0109375 0.00859375
0 0.4640625 0.52890625 0.01640625 0.01484375
4 0.4359375 0.528125 0.01015625 0.00703125