4 0.1984375 0.790625 0.01171875 0.009375
4 0.4953125 0.759375 0.01015625 0.0234375
4 0.571875 0.853125 0.0140625 0.01484375
4 0.58515625 0.746875 0.0109375 0.01953125
4 0.61953125 0.771875 0.01328125 0.0140625
4 0.709375 0.90390625 0.01171875 0.01015625
4 0.63828125 0.66328125 0.01015625 0.01015625
4 0.72734375 0.6890625 0.01015625 0.01015625
4 0.80625 0.715625 0.0109375 0.00859375
4 0.84296875 0.7359375 0.01015625 0.00859375
4 0.8390625 0.78515625 0.01171875 0.00859375
4 0.915625 0.7890625 0.0109375 0.01015625
4 0.37890625 0.6625 0.009375 0.00625
4 0.4265625 0.65625 0.009375 0.00859375
4 0.48125 0.56328125 0.00546875 0.01640625
4 0.5328125 0.4359375 0.00546875 0.01953125
4 0.53359375 0.2203125 0.0046875 0.01875
4 0.484375 0.228125 0.0046875 0.01875
4 0.48359375 0.1609375 0.0046875 0.01875
4 0.4765625 0.178125 0.00546875 0.01640625
4 0.534375 0.1515625 0.0046875 0.01875
2 0.49296875 0.08203125 0.01015625 0.03671875
2 0.515625 0.0140625 0.009375 0.028125
2 0.596875 0.78828125 0.0234375 0.02578125
2 0.4359375 0.84921875 0.02109375 0.02578125
2 0.36015625 0.803125 0.01953125 0.01796875
2 0.13046875 0.92109375 0.0234375 0.0203125
2 0.871875 0.828125 0.0203125 0.01953125
0 0.934375 0.80546875 0.015625 0.015625
0 0.14140625 0.96015625 0.015625 0.01484375
4 0.10625 0.93984375 0.0109375 0.00859375
4 0.1078125 0.95625 0.009375 0.009375
3 0.48125 0.6484375 0.01171875 0.05078125
0 0.97578125 0.7234375 0.015625 0.01953125
1 0.2234375 0.665625 0.05859375 0.03046875
1 0.28125 0.659375 0.05546875 0.03125