1 0.21953125 0.64921875 0.05625 0.02890625
1 0.2765625 0.6453125 0.05546875 0.02890625
2 0.25703125 0.690625 0.01953125 0.015625
4 0.21640625 0.66953125 0.00703125 0.00546875
4 0.02734375 0.8546875 0.01015625 0.00859375
2 0.115625 0.7765625 0.021875 0.01875
4 0.1265625 0.7578125 0.0140625 0.009375
4 0.1703125 0.7625 0.0109375 0.01015625
2 0.1265625 0.79609375 0.01953125 0.01796875
1 0.13515625 0.8390625 0.059375 0.03125
0 0.134375 0.93671875 0.0140625 0.015625
2 0.29609375 0.79375 0.02421875 0.0203125
2 0.275 0.86171875 0.02109375 0.0203125
4 0.346875 0.77421875 0.0109375 0.0109375
4 0.365625 0.76328125 0.0109375 0.01015625
2 0.3859375 0.79609375 0.021875 0.0203125
2 0.43359375 0.7953125 0.01953125 0.01875
2 0.45390625 0.76953125 0.01875 0.0203125
2 0.471875 0.79765625 0.0203125 0.01875
2 0.5078125 0.84609375 0.0140625 0.03671875
2 0.53046875 0.78515625 0.021875 0.01953125
2 0.5390625 0.8265625 0.01953125 0.02890625
2 0.5546875 0.7328125 0.01875 0.0359375
2 0.5265625 0.67890625 0.0140625 0.03671875
0 0.5265625 0.621875 0.00859375 0.02578125
4 0.47578125 0.5 0.00546875 0.01796875
4 0.47421875 0.4359375 0.0046875 0.01875
2 0.4859375 0.3671875 0.0109375 0.03828125
2 0.5171875 0.2203125 0.0109375 0.040625
4 0.475 0.19296875 0.00625 0.01640625
2 0.51796875 0.01796875 0.01015625 0.03515625
4 0.53125 0.040625 0.00546875 0.0203125
4 0.5359375 0.06875 0.0046875 0.01875
4 0.52109375 0.76484375 0.009375 0.00859375
4 0.56484375 0.8359375 0.009375 0.01171875
4 0.5828125 0.84453125 0.009375 0.00703125
4 0.64375 0.85390625 0.0109375 0.009375
3 0.790625 0.88515625 0.02890625 0.0234375
2 0.84609375 0.82578125 0.02109375 0.01875
4 0.9015625 0.81015625 0.01171875 0.00859375
4 0.87890625 0.884375 0.01171875 0.01328125
4 0.89375 0.903125 0.0140625 0.0109375
2 0.93359375 0.875 0.02578125 0.02109375
4 0.975 0.80546875 0.0109375 0.01171875
4 0.80546875 0.7140625 0.01015625 0.0109375
4 0.8359375 0.740625 0.01015625 0.009375
4 0.6859375 0.7 0.0109375 0.009375
4 0.63125 0.66171875 0.01015625 0.009375
4 0.5484375 0.7015625 0.00859375 0.0140625
0 0.5828125 0.74921875 0.01484375 0.0203125
4 0.41328125 0.66171875 0.009375 0.01015625
2 0.45625 0.9140625 0.02109375 0.021875
4 0.103125 0.93203125 0.009375 0.009375