1 0.23671875 0.51171875 0.04296875 0.03125
2 0.13828125 0.465625 0.02421875 0.021875
2 0.19921875 0.309375 0.01015625 0.0296875
2 0.24453125 0.428125 0.01875 0.0296875
2 0.278125 0.43359375 0.01953125 0.0203125
2 0.296875 0.465625 0.01953125 0.01484375
2 0.48125 0.4265625 0.01875 0.01640625
2 0.50078125 0.41328125 0.01875 0.01328125
2 0.50390625 0.44921875 0.01875 0.01640625
2 0.615625 0.48125 0.01640625 0.0296875
2 0.6125 0.45078125 0.015625 0.02578125
2 0.61953125 0.409375 0.01875 0.025
2 0.6359375 0.42265625 0.01875 0.02890625
2 0.63984375 0.46328125 0.01875 0.028125
2 0.609375 0.53671875 0.015625 0.03046875
2 0.590625 0.52890625 0.015625 0.03203125
2 0.596875 0.60078125 0.01171875 0.0296875
2 0.58203125 0.63125 0.00859375 0.03515625
2 0.59140625 0.64453125 0.0109375 0.03125
2 0.59140625 0.69765625 0.01171875 0.03359375
2 0.58125 0.728125 0.01015625 0.0296875
2 0.5703125 0.8578125 0.01015625 0.0296875
2 0.66484375 0.409375 0.01640625 0.021875
2 0.659375 0.43046875 0.015625 0.0203125
2 0.69140625 0.43125 0.01796875 0.0203125
2 0.809375 0.496875 0.0203125 0.01796875
2 0.79609375 0.41796875 0.01875 0.0203125
2 0.7828125 0.3796875 0.01875 0.01953125
2 0.7859375 0.33125 0.009375 0.02890625
2 0.8328125 0.34296875 0.01796875 0.01875
2 0.8390625 0.37421875 0.02109375 0.02109375
2 0.83203125 0.39921875 0.01875 0.01640625
2 0.91328125 0.36640625 0.01875 0.01875
2 0.9234375 0.39140625 0.01640625 0.01875
2 0.97421875 0.384375 0.01953125 0.021875
2 0.76328125 0.4125 0.02109375 0.01953125
2 0.74453125 0.3875 0.021875 0.021875
2 0.72109375 0.421875 0.0203125 0.01484375
2 0.72421875 0.51484375 0.01796875 0.01484375
2 0.74375 0.509375 0.01796875 0.0140625
2 0.7640625 0.51796875 0.01796875 0.01171875
2 0.7890625 0.5046875 0.01796875 0.015625
2 0.803125 0.51640625 0.0203125 0.015625
2 0.8265625 0.51171875 0.01953125 0.01328125
2 0.85703125 0.51171875 0.01953125 0.01171875
2 0.84375 0.49453125 0.01953125 0.01875
2 0.89296875 0.4890625 0.01796875 0.015625
2 0.86875 0.5359375 0.01640625 0.015625
2 0.92421875 0.52265625 0.0203125 0.01875
2 0.9453125 0.52578125 0.01796875 0.015625
2 0.96953125 0.509375 0.0203125 0.015625
0 0.9078125 0.38203125 0.01484375 0.015625
4 0.884375 0.3953125 0.01171875 0.009375
4 0.91640625 0.3515625 0.0109375 0.01015625
4 0.90390625 0.3421875 0.01015625 0.0109375
4 0.70703125 0.4 0.009375 0.0109375
0 0.690625 0.39765625 0.0140625 0.01640625
0 0.659375 0.375 0.0140625 0.0140625
0 0.71171875 0.51015625 0.009375 0.01171875
0 0.7015625 0.5359375 0.01015625 0.01015625
0 0.6859375 0.56875 0.01015625 0.01015625
0 0.73828125 0.56640625 0.01171875 0.01171875
0 0.75 0.56953125 0.01171875 0.0109375
0 0.75078125 0.5578125 0.0109375 0.0109375
0 0.7609375 0.50390625 0.01171875 0.01015625
0 0.8015625 0.54375 0.01171875 0.01328125
0 0.82265625 0.52421875 0.01484375 0.01328125
0 0.84453125 0.5484375 0.01328125 0.009375
0 0.38515625 0.41796875 0.0140625 0.01484375
0 0.465625 0.4578125 0.0109375 0.015625
0 0.47890625 0.44453125 0.01171875 0.01171875
0 0.48515625 0.45703125 0.0109375 0.0109375
0 0.50390625 0.43515625 0.01171875 0.01015625
0 0.15859375 0.41171875 0.01328125 0.01484375
0 0.19921875 0.359375 0.009375 0.0203125
4 0.19765625 0.3390625 0.00546875 0.0140625
4 0.08671875 0.440625 0.009375 0.009375
4 0.14765625 0.4390625 0.009375 0.0109375
4 0.18671875 0.45390625 0.01015625 0.009375
4 0.20625 0.45 0.01171875 0.01015625
4 0.21640625 0.46328125 0.0109375 0.009375
4 0.1890625 0.38984375 0.00546875 0.01328125
4 0.17890625 0.40390625 0.009375 0.009375
4 0.23671875 0.453125 0.0109375 0.00859375
4 0.23125 0.37109375 0.00859375 0.0140625
4 0.21640625 0.24375 0.00625 0.015625
4 0.24921875 0.14609375 0.00625 0.0140625
4 0.24453125 0.11953125 0.00546875 0.015625
4 0.25078125 0.1625 0.00703125 0.015625
4 0.2671875 0.603125 0.009375 0.009375
0 0.24453125 0.3015625 0.01015625 0.01953125
4 0.28203125 0.48203125 0.009375 0.00859375
4 0.3328125 0.4421875 0.01015625 0.01015625
4 0.346875 0.4234375 0.01171875 0.0109375
4 0.39296875 0.45625 0.01015625 0.0109375
4 0.43359375 0.44296875 0.01171875 0.01171875
4 0.4265625 0.41171875 0.009375 0.01015625
2 0.30078125 0.5765625 0.01875 0.01796875
4 0.50546875 0.4015625 0.00859375 0.00859375
4 0.5078125 0.39453125 0.009375 0.00859375
4 0.50703125 0.46015625 0.009375 0.00859375
0 0.56953125 0.37890625 0.01171875 0.0109375
4 0.58671875 0.39296875 0.00859375 0.01171875
4 0.6015625 0.403125 0.009375 0.0109375
0 0.6296875 0.64921875 0.00859375 0.021875
0 0.5796875 0.69375 0.00703125 0.01953125
4 0.5828125 0.6625 0.00546875 0.01484375
4 0.61875 0.50078125 0.00859375 0.0140625
4 0.68515625 0.509375 0.00703125 0.00703125
4 0.68359375 0.540625 0.00859375 0.009375
4 0.69453125 0.5296875 0.00703125 0.00625
4 0.70625 0.52578125 0.009375 0.00859375
4 0.7109375 0.53359375 0.00859375 0.00703125
4 0.7109375 0.540625 0.00703125 0.00625
4 0.70703125 0.56328125 0.00859375 0.00703125
4 0.709375 0.55546875 0.00859375 0.00546875
4 0.69921875 0.5578125 0.00703125 0.00703125
4 0.6984375 0.5640625 0.00703125 0.00546875
4 0.690625 0.5609375 0.00859375 0.00703125
4 0.68046875 0.559375 0.00859375 0.00703125
4 0.69453125 0.56953125 0.00859375 0.00859375
4 0.71640625 0.565625 0.00703125 0.00625
4 0.7234375 0.559375 0.00859375 0.00703125
4 0.73125 0.55703125 0.00625 0.00859375
4 0.73203125 0.54609375 0.009375 0.00859375
4 0.73828125 0.5265625 0.00703125 0.00859375
4 0.7484375 0.521875 0.00859375 0.00546875
4 0.7515625 0.54453125 0.00859375 0.00859375
4 0.75859375 0.54921875 0.00859375 0.00625
4 0.76171875 0.55546875 0.00859375 0.00625
4 0.7671875 0.54921875 0.009375 0.00859375
4 0.72421875 0.54609375 0.00859375 0.009375
4 0.7171875 0.5421875 0.00859375 0.00703125
4 0.79921875 0.5734375 0.01171875 0.00859375
4 0.8609375 0.56484375 0.0109375 0.00625
4 0.88203125 0.540625 0.0109375 0.009375
4 0.9015625 0.51328125 0.009375 0.00859375
4 0.85390625 0.528125 0.009375 0.009375
4 0.840625 0.5234375 0.01015625 0.00859375
4 0.81171875 0.53359375 0.00859375 0.009375
2 0.83203125 0.540625 0.01875 0.01875
2 0.796875 0.5625 0.01953125 0.01796875
2 0.784375 0.55 0.01796875 0.01328125
2 0.7484375 0.53359375 0.01484375 0.01484375
2 0.7265625 0.53125 0.01796875 0.0140625
2 0.69921875 0.54765625 0.01796875 0.0140625
2 0.696875 0.51875 0.0140625 0.01484375
2 0.721875 0.57578125 0.01953125 0.01484375
2 0.70234375 0.578125 0.015625 0.01875
3 0.7734375 0.53046875 0.0203125 0.01484375
3 0.79609375 0.53203125 0.0203125 0.01328125
0 0.9015625 0.53046875 0.01640625 0.0140625