4 0.11015625 0.78125 0.02421875 0.02890625
4 0.17890625 0.90703125 0.01796875 0.028125
4 0.2734375 0.890625 0.01875 0.03828125
4 0.28203125 0.90703125 0.00078125 0.0046875
4 0.053125 0.9328125 0.015625 0.01953125
4 0.41796875 0.715625 0.01484375 0.02890625
4 0.46640625 0.615625 0.01171875 0.021875
4 0.46328125 0.51328125 0.01484375 0.0390625
4 0.52734375 0.528125 0.01484375 0.03671875
4 0.4828125 0.6296875 0.01328125 0.028125
4 0.4921875 0.71875 0.01640625 0.0296875
4 0.45625 0.89375 0.01640625 0.03671875
4 0.546875 0.91171875 0.01796875 0.02421875
4 0.60078125 0.8953125 0.01640625 0.0234375
4 0.621875 0.74921875 0.01484375 0.03203125
4 0.509375 0.7390625 0.01484375 0.03046875
4 0.49375 0.69140625 0.01171875 0.025
2 0.56015625 0.725 0.0234375 0.03984375
4 0.77578125 0.75 0.01640625 0.025
4 0.74921875 0.87890625 0.02109375 0.02890625
2 0.84296875 0.79296875 0.0296875 0.03828125
3 0.9125 0.86015625 0.03515625 0.0390625
0 0.98046875 0.7765625 0.0203125 0.03125
2 0.9875 0.88125 0.025 0.03515625
0 0.528125 0.58828125 0.0140625 0.03671875