2 0.02421875 0.0296875 0.01640625 0.04453125
4 0.0109375 0.05 0.00546875 0.015625
4 0.00703125 0.034375 0.0109375 0.009375
4 0.00390625 0.05 0.00703125 0.01328125
2 0.03359375 0.22109375 0.01484375 0.03828125
2 0.15703125 0.25 0.0203125 0.0359375
3 0.07421875 0.3125 0.02421875 0.06171875
2 0.05234375 0.50859375 0.021875 0.01953125
2 0.04609375 0.5375 0.02578125 0.02109375
2 0.01484375 0.57734375 0.025 0.01953125
2 0.15625 0.571875 0.0265625 0.02890625
2 0.18828125 0.53203125 0.0234375 0.0203125
4 0.16953125 0.5515625 0.01484375 0.01484375
2 0.65078125 0.52890625 0.02890625 0.0203125
4 0.678125 0.55859375 0.01171875 0.01015625
4 0.8609375 0.52890625 0.01171875 0.01171875
4 0.89609375 0.53203125 0.01484375 0.01171875
4 0.91171875 0.5484375 0.0140625 0.015625
3 0.9609375 0.48828125 0.0265625 0.01875
4 0.78359375 0.3984375 0.01171875 0.01484375
2 0.78203125 0.2640625 0.02578125 0.02109375
2 0.77421875 0.18046875 0.0265625 0.025
4 0.609375 0.35703125 0.01171875 0.01015625
2 0.5015625 0.36875 0.02578125 0.01875
4 0.40859375 0.40078125 0.0140625 0.0140625
0 0.196875 0.3640625 0.01640625 0.01171875
4 0.26328125 0.35703125 0.01171875 0.01015625