4 0.40703125 0.5921875 0.009375 0.01640625
4 0.3015625 0.6015625 0.01328125 0.01796875
2 0.45703125 0.5609375 0.02421875 0.025
2 0.1546875 0.35703125 0.01875 0.01953125
2 0.2171875 0.41796875 0.02109375 0.0203125
2 0.16953125 0.13515625 0.01875 0.0296875
4 0.47734375 0.46953125 0.0109375 0.015625
2 0.290625 0.54296875 0.02421875 0.025
4 0.20546875 0.65859375 0.0140625 0.0140625
4 0.32578125 0.58203125 0.01171875 0.0109375
0 0.159375 0.65703125 0.015625 0.0109375
0 0.23828125 0.5734375 0.0109375 0.0203125
0 0.271875 0.7546875 0.015625 0.01796875
4 0.36953125 0.59453125 0.0140625 0.01171875
3 0.19921875 0.771875 0.01875 0.01796875
3 0.38046875 0.571875 0.02109375 0.0234375
0 0.053125 0.67265625 0.01796875 0.015625
0 0.02421875 0.68984375 0.015625 0.0140625
2 0.08671875 0.65546875 0.01796875 0.01796875
0 0.07109375 0.6453125 0.01171875 0.021875
0 0.365625 0.34921875 0.01640625 0.01875
0 0.290625 0.56875 0.01328125 0.01484375
3 0.51640625 0.45546875 0.015625 0.02421875
3 0.41796875 0.6734375 0.015625 0.01484375
0 0.78828125 0.73984375 0.01640625 0.02421875
4 0.54296875 0.45859375 0.00859375 0.0140625
4 0.43203125 0.54609375 0.009375 0.0140625
4 0.17421875 0.38046875 0.015625 0.01328125
4 0.0359375 0.01328125 0.01015625 0.0140625
4 0.11171875 0.134375 0.01328125 0.01484375
2 0.296875 0.253125 0.01640625 0.021875
3 0.278125 0.23125 0.01328125 0.04296875
4 0.66484375 0.61796875 0.01171875 0.0140625
4 0.5515625 0.43203125 0.01015625 0.01484375
4 0.57578125 0.42109375 0.0109375 0.01640625
4 0.59296875 0.32421875 0.01015625 0.01640625
4 0.4859375 0.63359375 0.0109375 0.0140625
4 0.6453125 0.31796875 0.01015625 0.015625
0 0.73359375 0.46953125 0.01015625 0.0203125
4 0.76171875 0.05859375 0.01171875 0.01328125
4 0.659375 0.259375 0.01015625 0.0234375
4 0.809375 0.253125 0.00859375 0.01953125
4 0.8890625 0.08515625 0.009375 0.01953125
0 0.7859375 0.3703125 0.01328125 0.0203125
0 0.61796875 0.33203125 0.01640625 0.01875
0 0.67734375 0.25078125 0.01328125 0.02109375
0 0.75703125 0.365625 0.0140625 0.0234375
0 0.5265625 0.61796875 0.01484375 0.01953125
4 0.5078125 0.6390625 0.01484375 0.01875
4 0.58671875 0.66953125 0.01015625 0.01640625
4 0.403125 0.64921875 0.01171875 0.01875
4 0.49140625 0.46328125 0.01015625 0.01640625
4 0.559375 0.62890625 0.01640625 0.01953125
0 0.73359375 0.69609375 0.01328125 0.01875
2 0.703125 0.61640625 0.01640625 0.03203125
2 0.72265625 0.6359375 0.01953125 0.03046875
0 0.69140625 0.84375 0.01171875 0.01796875
0 0.7046875 0.85078125 0.01328125 0.01796875
2 0.8203125 0.7734375 0.01953125 0.0234375
3 0.86015625 0.82578125 0.015625 0.02578125
4 0.93515625 0.86953125 0.0109375 0.01640625
3 0.38359375 0.5515625 0.01875 0.02109375
0 0.05078125 0.72421875 0.015625 0.01640625
0 0.1046875 0.7484375 0.015625 0.02109375
4 0.05390625 0.76796875 0.0140625 0.01328125
4 0.15078125 0.703125 0.0109375 0.01796875
2 0.20078125 0.33984375 0.015625 0.028125
4 0.25546875 0.39375 0.01171875 0.01875
4 0.63046875 0.3484375 0.01171875 0.0203125
4 0.63984375 0.41484375 0.00859375 0.0203125
0 0.7046875 0.44921875 0.0109375 0.01875
4 0.790625 0.0265625 0.0140625 0.01640625
4 0.08046875 0.10703125 0.0140625 0.0203125
4 0.7734375 0.353125 0.0140625 0.015625
0 0.77109375 0.071875 0.01171875 0.025
0 0.7015625 0.4765625 0.01171875 0.01953125
4 0.74921875 0.07890625 0.0140625 0.0234375
4 0.73359375 0.08671875 0.01171875 0.015625
0 0.690625 0.19140625 0.015625 0.0234375
4 0.74921875 0.390625 0.01015625 0.01875
0 0.7546875 0.49375 0.01015625 0.015625
4 0.66015625 0.55703125 0.01171875 0.01484375
4 0.52109375 0.63359375 0.01015625 0.015625
4 0.61171875 0.73359375 0.0109375 0.0203125
3 0.3359375 0.46875 0.03125 0.034375
2 0.45703125 0.66640625 0.01875 0.0203125
2 0.653125 0.753125 0.01953125 0.02578125
3 0.7027976921875 0.8291388109375 0.6895656234375 0.815518175 0.6869958359375 0.8283833734374999 0.700545621875 0.8424936109375001 0.7026481609374999 0.8350235078124999 0.7027976921875 0.8291388109375
4 0.91875 0.85390625 0.01171875 0.01796875
0 0.89921875 0.809375 0.01640625 0.0265625
0 0.9078125 0.83671875 0.01953125 0.01875
0 0.296875 0.44609375 0.015625 0.01484375
0 0.48203125 0.43828125 0.0140625 0.01640625
4 0.35859375 0.5234375 0.0109375 0.01171875
0 0.37109375 0.534375 0.01171875 0.01875
0 0.36171875 0.55859375 0.01171875 0.01953125
0 0.5203125 0.496875 0.01796875 0.01640625
0 0.31953125 0.61171875 0.0140625 0.01796875
3 0.7015625 0.7890625 0.021875 0.028125
4 0.62265625 0.55390625 0.00859375 0.01796875
3 0.59609375 0.40078125 0.01796875 0.02109375
4 0.5421875 0.609375 0.01328125 0.028125
3 0.78828125 0.69140625 0.01484375 0.0203125
4 0.81328125 0.73203125 0.01015625 0.01796875
4 0.94140625 0.9359375 0.01171875 0.015625
4 0.2875 0.26171875 0.009375 0.01171875
2 0.12578125 0.2625 0.0203125 0.034375
0 0.12578125 0.73515625 0.01328125 0.01640625
4 0.01328125 0.7953125 0.01328125 0.01328125
3 0.05 0.821875 0.01875 0.0140625
4 0.765625 0.2984375 0.01171875 0.021875
3 0.85390625 0.14296875 0.01484375 0.02890625
0 0.78828125 0.29453125 0.01328125 0.02109375
4 0.66328125 0.24140625 0.00859375 0.01875
0 0.77890625 0.0359375 0.01328125 0.02578125
4 0.53203125 0.453125 0.01171875 0.015625
0 0.5421875 0.659375 0.01015625 0.01484375
4 0.453125 0.5859375 0.0109375 0.01484375
4 0.4796875 0.60703125 0.0109375 0.0109375
2 0.409375 0.54140625 0.01640625 0.03046875
4 0.59609375 0.5265625 0.01015625 0.01640625
0 0.559375 0.68203125 0.01171875 0.01640625
0 0.31796875 0.56328125 0.01328125 0.01640625
3 0.74765625 0.60390625 0.01171875 0.03125
4 0.51953125 0.46640625 0.0140625 0.01171875
0 0.56875 0.44375 0.01171875 0.01875
4 0.50625 0.62578125 0.01171875 0.01328125
4 0.5703125 0.36953125 0.009375 0.01796875
0 0.684375 0.5125 0.01015625 0.02109375
4 0.721875 0.38671875 0.00859375 0.01640625
3 0.90859375 0.87734375 0.01640625 0.02578125
4 0.98671875 0.94140625 0.015625 0.028125
3 0.69453125 0.80625 0.01640625 0.02578125
4 0.66796875 0.78359375 0.01328125 0.01640625
2 0.48046875 0.56328125 0.021875 0.03125
2 0.52578125 0.53203125 0.01328125 0.03828125
4 0.60078125 0.3359375 0.00859375 0.01171875
4 0.6859375 0.22890625 0.009375 0.015625
0 0.75625 0.09140625 0.01328125 0.021875
2 0.73203125 0.39375 0.01875 0.03046875
4 0.75078125 0.446875 0.01171875 0.01875
0 0.7609375 0.41328125 0.01171875 0.0203125
4 0.53828125 0.64140625 0.01328125 0.01875
4 0.73203125 0.8390625 0.00859375 0.01484375
0 0.78203125 0.89609375 0.015625 0.02578125
2 0.67578125 0.72421875 0.01953125 0.0390625
4 0.71953125 0.840625 0.01171875 0.015625
4 0.753125 0.89140625 0.0109375 0.01484375
3 0.7484375 0.85625 0.01640625 0.0203125
0 0.80625 0.93125 0.01640625 0.025
4 0.8515625 0.92421875 0.0109375 0.01796875
3 0.85546875 0.95625 0.01640625 0.0203125
4 0.88203125 0.9875 0.0171875 0.025
4 0.9484375 0.878125 0.0109375 0.01953125
0 0.94375 0.91171875 0.01796875 0.028125
2 0.3796875 0.50625 0.021875 0.02890625
0 0.1234375 0.28828125 0.01953125 0.02890625
0 0.059375 0.24375 0.0140625 0.01953125
4 0.0453125 0.14609375 0.0109375 0.01875
3 0.34765625 0.36171875 0.01171875 0.01640625
2 0.27578125 0.29921875 0.02421875 0.03359375
3 0.4609375 0.43828125 0.01484375 0.025
4 0.68984375 0.2140625 0.01171875 0.01796875
4 0.68671875 0.27421875 0.00703125 0.01484375
4 0.70390625 0.22421875 0.01015625 0.01484375
4 0.70546875 0.190625 0.01171875 0.01328125
0 0.68984375 0.2515625 0.009375 0.02421875
0 0.6734375 0.28203125 0.01328125 0.03046875
0 0.5046875 0.42109375 0.01015625 0.0203125
0 0.596875 0.36484375 0.01015625 0.02578125
2 0.45625 0.4765625 0.02109375 0.028125
0 0.25859375 0.25546875 0.01484375 0.02421875
4 0.0609375 0.10859375 0.0140625 0.01796875
2 0.0140625 0.17734375 0.01640625 0.01484375
4 0.1640625 0.33359375 0.01015625 0.01875
4 0.12578125 0.33984375 0.01015625 0.01640625
0 0.35546875 0.54609375 0.0109375 0.01953125
0 0.1515625 0.68203125 0.015625 0.01484375
4 0.2984375 0.61640625 0.01015625 0.0140625
4 0.03125 0.7765625 0.01015625 0.01875
4 0.115625 0.7703125 0.009375 0.01171875
4 0.38671875 0.63515625 0.009375 0.01875
4 0.32109375 0.66640625 0.00859375 0.0109375
4 0.30234375 0.5828125 0.01171875 0.015625
4 0.3421875 0.67578125 0.01015625 0.01796875
4 0.3890625 0.52734375 0.01640625 0.015625
0 0.09921875 0.6984375 0.015625 0.01796875
4 0.28984375 0.603125 0.00859375 0.01328125
4 0.2609375 0.61640625 0.009375 0.01328125
4 0.26953125 0.59921875 0.0109375 0.01484375
0 0.5015625 0.503125 0.01796875 0.021875
4 0.69140625 0.66328125 0.009375 0.01953125
4 0.69375 0.63828125 0.00859375 0.0203125
0 0.79453125 0.32734375 0.01171875 0.0203125
3 0.66875 0.56953125 0.009375 0.025
0 0.678125 0.540625 0.00859375 0.01875
0 0.684375 0.553125 0.01328125 0.015625
4 0.746875 0.5765625 0.01171875 0.01875
4 0.65078125 0.57265625 0.01015625 0.01171875
4 0.6328125 0.57109375 0.01015625 0.01640625
4 0.65703125 0.59375 0.01171875 0.01875
4 0.621875 0.765625 0.01015625 0.0203125
4 0.6390625 0.76875 0.01171875 0.01640625
4 0.653125 0.77421875 0.009375 0.01328125
0 0.678125 0.76640625 0.0140625 0.01953125
4 0.746875 0.68984375 0.009375 0.021875
4 0.778125 0.715625 0.0109375 0.01640625
0 0.31796875 0.31875 0.0140625 0.02421875
1 0.4140625 0.40546875 0.0359375 0.0453125
5 0.61796875 0.57578125 0.03984375 0.07421875
5 0.65703125 0.53125 0.03828125 0.0703125
2 0.68359375 0.48828125 0.02421875 0.03828125
2 0.79609375 0.87578125 0.04609375 0.06484375