4 0.05625 0.46640625 0.01640625 0.01640625
3 0.1046875 0.484375 0.0234375 0.0140625
1 0.09609375 0.50625 0.025 0.0140625
5 0.12265625 0.67578125 0.0359375 0.0234375
5 0.14765625 0.6421875 0.03984375 0.01953125
3 0.23046875 0.60390625 0.0234375 0.01484375
6 0.28125 0.63671875 0.03203125 0.0203125
6 0.221875 0.553125 0.0265625 0.021875
3 0.28125 0.43203125 0.0234375 0.01875
2 0.32109375 0.503125 0.01953125 0.01953125
2 0.346875 0.29140625 0.01953125 0.01953125
2 0.4234375 0.31796875 0.01875 0.0234375
2 0.509375 0.33125 0.0109375 0.03046875
2 0.52109375 0.33125 0.00859375 0.02890625
2 0.5609375 0.325 0.01015625 0.02578125
2 0.57109375 0.32421875 0.00859375 0.02421875
5 0.43828125 0.48046875 0.04296875 0.021875
0 0.43125 0.4609375 0.01328125 0.009375
4 0.45390625 0.43125 0.00859375 0.00859375
6 0.4765625 0.4109375 0.025 0.02109375
2 0.4359375 0.6109375 0.02109375 0.01953125
0 0.49296875 0.56796875 0.01484375 0.0140625
3 0.48828125 0.503125 0.01796875 0.01484375
3 0.51328125 0.49453125 0.0203125 0.015625
6 0.49453125 0.62578125 0.03359375 0.02109375
2 0.596875 0.4609375 0.01796875 0.0140625
3 0.57890625 0.63046875 0.01484375 0.01328125
2 0.71953125 0.66171875 0.00859375 0.0234375
0 0.71640625 0.609375 0.01171875 0.01484375
2 0.709375 0.56640625 0.01640625 0.015625
3 0.74140625 0.56484375 0.01875 0.01640625
3 0.76796875 0.5921875 0.0140625 0.01171875
4 0.784375 0.6015625 0.00859375 0.0109375
0 0.821875 0.61171875 0.01171875 0.01171875
4 0.84609375 0.58828125 0.009375 0.0109375
2 0.678125 0.48125 0.01796875 0.0203125
1 0.665625 0.39140625 0.04375 0.025
5 0.72109375 0.39296875 0.04453125 0.02421875
2 0.78359375 0.43828125 0.01875 0.01640625
2 0.8578125 0.39296875 0.01953125 0.02890625
6 0.8515625 0.503125 0.02890625 0.01875
4 0.89921875 0.46171875 0.01328125 0.01328125
5 0.8859375 0.64921875 0.03828125 0.0203125
4 0.9015625 0.61875 0.01015625 0.01171875
4 0.91171875 0.609375 0.00859375 0.0109375
4 0.91796875 0.65078125 0.01015625 0.01171875
5 0.946875 0.55078125 0.06328125 0.0265625
6 0.9625 0.415625 0.03359375 0.01953125
3 0.66796875 0.64140625 0.00859375 0.02421875
2 0.68203125 0.65390625 0.00703125 0.021875