0 0.49921875 0.55234375 0.01640625 0.03046875
0 0.4390625 0.49375 0.009375 0.02421875
0 0.4640625 0.409375 0.01953125 0.025
0 0.5359375 0.32578125 0.0203125 0.0234375
0 0.6234375 0.434375 0.01796875 0.028125
0 0.403125 0.5265625 0.01640625 0.03046875
0 0.39453125 0.71484375 0.02109375 0.028125
0 0.2640625 0.87890625 0.01640625 0.0359375
0 0.7109375 0.73046875 0.01640625 0.0359375
2 0.65859375 0.6921875 0.021875 0.03671875
2 0.62109375 0.73125 0.02421875 0.0390625
2 0.56953125 0.54296875 0.01640625 0.0390625
2 0.69921875 0.33203125 0.03203125 0.034375
2 0.84453125 0.19296875 0.03125 0.03359375
2 0.3265625 0.3765625 0.01796875 0.04453125
2 0.25078125 0.1578125 0.02109375 0.04375
2 0.23203125 0.18828125 0.028125 0.0359375
2 0.3078125 0.11015625 0.02890625 0.03984375
3 0.2546875 0.79921875 0.01875 0.0390625
3 0.39453125 0.359375 0.01640625 0.03984375
3 0.1890625 0.20234375 0.025 0.04453125
6 0.56328125 0.9484375 0.03828125 0.0734375
4 0.71953125 0.93203125 0.01015625 0.0203125
4 0.63984375 0.8109375 0.0109375 0.01796875
4 0.66328125 0.81875 0.01015625 0.01875
4 0.665625 0.8015625 0.0109375 0.01875
4 0.65390625 0.77265625 0.01328125 0.02109375
4 0.69453125 0.8625 0.0109375 0.01875
4 0.709375 0.93046875 0.01015625 0.01640625
4 0.72734375 0.9046875 0.01171875 0.0203125
4 0.7390625 0.89921875 0.0109375 0.021875
2 0.7234375 0.96171875 0.0234375 0.025
4 0.70625 0.97421875 0.01171875 0.02109375
4 0.7859375 0.85625 0.0109375 0.01875
4 0.83125 0.94921875 0.01328125 0.0234375
4 0.796875 0.978125 0.01171875 0.01796875
4 0.73203125 0.79140625 0.01171875 0.01484375
4 0.77578125 0.7015625 0.01015625 0.021875
4 0.7484375 0.315625 0.01328125 0.01640625
4 0.759375 0.33671875 0.01484375 0.015625
4 0.6734375 0.20078125 0.01328125 0.01640625
4 0.67109375 0.2203125 0.01484375 0.015625
4 0.715625 0.178125 0.01171875 0.01640625
4 0.63046875 0.25078125 0.01171875 0.01640625
4 0.6109375 0.25859375 0.01171875 0.01484375
4 0.61328125 0.28515625 0.01015625 0.01640625
4 0.58515625 0.25546875 0.009375 0.01171875
4 0.578125 0.24375 0.01171875 0.01875
4 0.58671875 0.22578125 0.0140625 0.01640625
4 0.590625 0.19765625 0.00625 0.021875
4 0.56328125 0.20078125 0.00703125 0.01953125
4 0.51796875 0.271875 0.025 0.03515625
4 0.4890625 0.31484375 0.0109375 0.01484375
4 0.45703125 0.36640625 0.01328125 0.015625
4 0.465625 0.37890625 0.009375 0.015625
4 0.48125 0.40859375 0.01015625 0.01640625
4 0.49921875 0.421875 0.01328125 0.01484375
4 0.45078125 0.39609375 0.01484375 0.015625
4 0.45078125 0.428125 0.009375 0.015625
4 0.4109375 0.45625 0.00703125 0.01875
4 0.41953125 0.45859375 0.009375 0.01796875
4 0.41171875 0.3984375 0.00703125 0.021875
4 0.38515625 0.43671875 0.009375 0.0203125
4 0.359375 0.434375 0.009375 0.0203125
4 0.36796875 0.41953125 0.00859375 0.01796875
4 0.375 0.503125 0.0109375 0.01640625
4 0.43671875 0.51171875 0.0109375 0.01328125
4 0.4421875 0.52734375 0.0109375 0.01328125
4 0.46796875 0.521875 0.01015625 0.01875
4 0.44921875 0.4875 0.009375 0.01640625
4 0.4734375 0.55625 0.01171875 0.01796875
4 0.478125 0.62421875 0.01328125 0.01171875
4 0.45 0.59921875 0.01171875 0.015625
4 0.42890625 0.559375 0.0109375 0.015625
4 0.48984375 0.58125 0.01171875 0.01796875
4 0.51484375 0.61328125 0.01171875 0.0109375
4 0.5515625 0.60859375 0.0109375 0.015625
4 0.540625 0.55625 0.009375 0.021875
4 0.54296875 0.67421875 0.0109375 0.01953125
4 0.5640625 0.703125 0.01015625 0.01796875
4 0.4359375 0.68203125 0.01171875 0.01875
4 0.4234375 0.70625 0.0109375 0.0140625
4 0.40390625 0.68046875 0.009375 0.01796875
4 0.39296875 0.65703125 0.00859375 0.0234375
4 0.33671875 0.63984375 0.0109375 0.021875
4 0.3375 0.67734375 0.00859375 0.0203125
4 0.3265625 0.6859375 0.009375 0.0203125
4 0.2984375 0.709375 0.01171875 0.0234375
4 0.2859375 0.7484375 0.009375 0.02109375
4 0.28203125 0.7859375 0.01015625 0.021875
4 0.3359375 0.7640625 0.009375 0.02109375
4 0.33125 0.83359375 0.009375 0.0203125
4 0.31015625 0.9109375 0.0109375 0.0234375
4 0.2984375 0.9546875 0.009375 0.0203125
4 0.27890625 0.9625 0.00859375 0.021875
2 0.3265625 0.915625 0.015625 0.034375
4 0.24453125 0.92265625 0.01171875 0.021875
4 0.22109375 0.96875 0.01015625 0.025
4 0.24375 0.971875 0.01328125 0.025
4 0.3234375 0.57421875 0.009375 0.01953125
4 0.33828125 0.54296875 0.009375 0.02109375
4 0.27734375 0.45625 0.009375 0.02109375
4 0.31640625 0.29140625 0.00859375 0.0203125
4 0.28203125 0.21796875 0.009375 0.01640625
4 0.29140625 0.2125 0.01015625 0.01875
4 0.31640625 0.19140625 0.009375 0.01640625
4 0.34453125 0.18828125 0.01171875 0.02109375
4 0.3484375 0.23203125 0.01015625 0.0203125
4 0.30234375 0.265625 0.01328125 0.01953125
3 0.25546875 0.234375 0.0234375 0.034375
3 0.21328125 0.2484375 0.0203125 0.040625
3 0.2328125 0.28203125 0.02578125 0.04375
6 0.19296875 0.25078125 0.0265625 0.05390625
4 0.4171875 0.35625 0.0109375 0.01875
4 0.371875 0.2953125 0.009375 0.01796875
4 0.384375 0.3 0.009375 0.01640625
4 0.3984375 0.29921875 0.0109375 0.01640625
4 0.41171875 0.30859375 0.01171875 0.01328125
4 0.428125 0.32265625 0.009375 0.0140625
4 0.41328125 0.32578125 0.00703125 0.0203125
4 0.41875 0.33671875 0.00703125 0.01953125
4 0.44453125 0.3234375 0.01171875 0.015625
4 0.44921875 0.3 0.01015625 0.01796875
4 0.38359375 0.2640625 0.009375 0.01484375
4 0.39296875 0.2640625 0.0109375 0.01171875
4 0.3890625 0.21328125 0.01015625 0.0140625
4 0.38671875 0.2296875 0.01171875 0.01640625
4 0.44296875 0.33828125 0.01171875 0.0140625
4 0.4578125 0.32109375 0.009375 0.02109375
4 0.5515625 0.465625 0.009375 0.01484375
4 0.565625 0.503125 0.0109375 0.01953125
4 0.3734375 0.55 0.01015625 0.01953125
4 0.60078125 0.66953125 0.01328125 0.01328125
4 0.60859375 0.65 0.01015625 0.01796875
4 0.63046875 0.58984375 0.01171875 0.01484375
4 0.66015625 0.62421875 0.01171875 0.01640625
3 0.51875 0.70390625 0.02578125 0.034375
4 0.6859375 0.746875 0.009375 0.01796875
4 0.77421875 0.74609375 0.01171875 0.0109375
4 0.8265625 0.60078125 0.01015625 0.01328125
2 0.7578125 0.63046875 0.0203125 0.03828125
2 0.84609375 0.39140625 0.021875 0.04140625
2 0.86640625 0.28828125 0.02421875 0.03046875
3 0.86796875 0.3375 0.034375 0.06171875
3 0.8390625 0.31015625 0.0296875 0.04375
3 0.81171875 0.33125 0.025 0.03828125
3 0.8234375 0.45 0.03046875 0.06328125
3 0.7359375 0.38828125 0.02578125 0.03359375
3 0.671875 0.4359375 0.02890625 0.034375
3 0.684375 0.584375 0.0234375 0.04453125
3 0.70546875 0.6328125 0.021875 0.03984375
3 0.7265625 0.67578125 0.021875 0.0359375
3 0.63046875 0.50390625 0.0203125 0.03359375
3 0.62890625 0.540625 0.01640625 0.02421875
3 0.80625 0.50546875 0.01640625 0.0296875
3 0.61953125 0.48984375 0.01796875 0.02578125
4 0.6484375 0.46015625 0.01328125 0.01484375
4 0.60390625 0.83984375 0.00703125 0.01953125
4 0.67890625 0.13125 0.01015625 0.01640625
4 0.85703125 0.0890625 0.015625 0.01875
4 0.9265625 0.04921875 0.0140625 0.01796875
4 0.934375 0.14609375 0.01328125 0.015625
4 0.90859375 0.18671875 0.0140625 0.0203125
4 0.871875 0.4359375 0.01328125 0.01796875
4 0.22890625 0.11953125 0.0109375 0.01640625
4 0.2609375 0.06640625 0.00859375 0.01953125
4 0.17578125 0.10859375 0.00625 0.01796875
2 0.18984375 0.1234375 0.0203125 0.03203125
2 0.54921875 0.2453125 0.02421875 0.03125
2 0.66015625 0.15078125 0.021875 0.02890625
2 0.6234375 0.159375 0.01640625 0.04453125
6 0.07578125 0.03203125 0.040625 0.0640625
3 0.278125 0.67265625 0.01640625 0.03125
2 0.4046875 0.14140625 0.01796875 0.034375
3 0.521875 0.21875 0.02109375 0.028125
4 0.603125 0.171875 0.00625 0.01796875
4 0.54921875 0.1890625 0.00546875 0.0203125
4 0.55546875 0.18359375 0.00625 0.0203125
4 0.58359375 0.184375 0.00625 0.01640625
4 0.5828125 0.2015625 0.00546875 0.02109375
4 0.59609375 0.175 0.00546875 0.01953125
4 0.59140625 0.17421875 0.0046875 0.01875
4 0.61015625 0.13125 0.00703125 0.01796875
4 0.6109375 0.15859375 0.00546875 0.01953125
4 0.63203125 0.14375 0.00859375 0.01875
4 0.64296875 0.134375 0.00703125 0.01796875
4 0.64921875 0.128125 0.0046875 0.01796875
4 0.66171875 0.12421875 0.00546875 0.0203125
4 0.65625 0.12578125 0.00546875 0.01875
4 0.66796875 0.12265625 0.00546875 0.01953125
4 0.6828125 0.1109375 0.00703125 0.01640625
4 0.69296875 0.10390625 0.00546875 0.01875
4 0.77890625 0.02890625 0.00625 0.02109375
4 0.7734375 0.03359375 0.00859375 0.01875
4 0.7515625 0.37421875 0.009375 0.01875
4 0.7734375 0.5796875 0.009375 0.01015625
4 0.778125 0.56484375 0.009375 0.01015625
4 0.784375 0.553125 0.01171875 0.0109375
4 0.7890625 0.54453125 0.01171875 0.0109375
3 0.66640625 0.5625 0.01953125 0.03203125
3 0.7171875 0.64765625 0.0265625 0.04140625
3 0.70078125 0.415625 0.02890625 0.0390625
4 0.5984375 0.83671875 0.00859375 0.015625
4 0.78203125 0.72578125 0.00859375 0.00859375
4 0.78046875 0.73359375 0.009375 0.01015625
4 0.78828125 0.70703125 0.01015625 0.00859375
4 0.784375 0.71796875 0.01015625 0.009375
4 0.80859375 0.64921875 0.01015625 0.015625
4 0.81796875 0.63515625 0.009375 0.01171875
4 0.86796875 0.4890625 0.0109375 0.0109375
4 0.86796875 0.4703125 0.01015625 0.01640625
4 0.90546875 0.39453125 0.01015625 0.021875
4 0.89453125 0.42578125 0.009375 0.01171875
4 0.890625 0.43359375 0.01171875 0.0109375
4 0.70546875 0.11484375 0.01171875 0.01015625
4 0.228125 0.8234375 0.01015625 0.0109375
4 0.22578125 0.83671875 0.0109375 0.0109375
4 0.21875 0.8546875 0.00859375 0.01796875
4 0.23515625 0.79375 0.009375 0.0109375
4 0.23828125 0.78671875 0.0109375 0.01015625
4 0.24296875 0.771875 0.01171875 0.01171875
4 0.24765625 0.7578125 0.01015625 0.01171875
4 0.2359375 0.240625 0.009375 0.0140625
4 0.24296875 0.23828125 0.00859375 0.01875
4 0.384375 0.12734375 0.00625 0.0140625
4 0.3890625 0.1046875 0.00546875 0.01953125
4 0.38046875 0.09921875 0.00859375 0.0140625
4 0.38359375 0.1140625 0.00546875 0.015625
4 0.3765625 0.11796875 0.00546875 0.01484375
4 0.378125 0.14140625 0.00546875 0.0203125
4 0.3765625 0.08046875 0.00859375 0.01796875
4 0.36171875 0.06015625 0.00859375 0.015625
4 0.3546875 0.04921875 0.0109375 0.01875
4 0.34375 0.03984375 0.01015625 0.01796875
4 0.34375 0.07109375 0.009375 0.01484375
4 0.35859375 0.08671875 0.00703125 0.015625
4 0.36328125 0.0953125 0.00703125 0.0140625
4 0.3671875 0.1140625 0.00625 0.01484375
4 0.37265625 0.128125 0.0046875 0.01796875
4 0.34921875 0.09453125 0.009375 0.01171875
4 0.33046875 0.05859375 0.00703125 0.01875
4 0.32421875 0.06796875 0.009375 0.009375
4 0.33125 0.07890625 0.00859375 0.01328125
4 0.3359375 0.0640625 0.00703125 0.015625
4 0.321875 0.07421875 0.0109375 0.01328125
4 0.3125 0.0859375 0.00859375 0.01484375
4 0.31953125 0.0953125 0.00703125 0.015625
4 0.32421875 0.0984375 0.00859375 0.015625
4 0.3453125 0.10859375 0.00859375 0.01484375
4 0.340625 0.10234375 0.00703125 0.015625
4 0.340625 0.12734375 0.00703125 0.01640625
4 0.34296875 0.13359375 0.00859375 0.01328125
4 0.3484375 0.13671875 0.00859375 0.01640625
4 0.35546875 0.109375 0.00703125 0.015625
4 0.39140625 0.18828125 0.009375 0.01796875
4 0.41015625 0.26171875 0.00703125 0.01796875
4 0.415625 0.27578125 0.00625 0.01640625
4 0.4734375 0.27890625 0.00703125 0.01796875
4 0.48125 0.2765625 0.00625 0.0203125
4 0.43203125 0.2875 0.00546875 0.01875
4 0.5015625 0.2609375 0.00546875 0.01953125
4 0.51484375 0.24453125 0.00703125 0.0140625
4 0.30859375 0.5859375 0.00859375 0.01640625
4 0.39296875 0.74921875 0.01015625 0.01328125