4 0.534375 0.2859375 0.01015625 0.03125
4 0.48671875 0.38046875 0.01640625 0.02109375
4 0.56015625 0.309375 0.0109375 0.028125
4 0.4578125 0.39765625 0.0140625 0.015625
4 0.41328125 0.38203125 0.01484375 0.01796875
4 0.38203125 0.36953125 0.0140625 0.0140625
2 0.43515625 0.33671875 0.025 0.02578125
2 0.45546875 0.35703125 0.02109375 0.02421875
2 0.52421875 0.36484375 0.02578125 0.03046875
0 0.5171875 0.39453125 0.021875 0.02890625
4 0.496875 0.38984375 0.01484375 0.02109375
4 0.47734375 0.38671875 0.0140625 0.01796875
4 0.45859375 0.38515625 0.01640625 0.01875
0 0.42890625 0.37578125 0.0203125 0.028125
0 0.51015625 0.17890625 0.01875 0.0359375
4 0.69375 0.22578125 0.01640625 0.02578125
4 0.81015625 0.21328125 0.01640625 0.0203125
4 0.684375 0.1328125 0.0140625 0.0359375
4 0.69921875 0.13046875 0.01171875 0.01953125
4 0.7109375 0.13046875 0.01328125 0.02109375
2 0.7828125 0.159375 0.01796875 0.046875
2 0.8265625 0.03203125 0.01796875 0.04609375
2 0.84140625 0.18359375 0.0265625 0.02890625
3 0.92890625 0.1875 0.021875 0.028125
4 0.86328125 0.19609375 0.0203125 0.025
4 0.97421875 0.23046875 0.01640625 0.02109375
4 0.9703125 0.43984375 0.01796875 0.02578125
2 0.9828125 0.41953125 0.0296875 0.02890625
2 0.95625 0.4125 0.02890625 0.025
4 0.93828125 0.39453125 0.0203125 0.0203125
0 0.93359375 0.41328125 0.02421875 0.025
3 0.87421875 0.43671875 0.02578125 0.03203125
4 0.87421875 0.39609375 0.01796875 0.01796875
3 0.88828125 0.38125 0.03046875 0.028125
2 0.896875 0.40703125 0.0265625 0.02421875
4 0.90859375 0.45546875 0.015625 0.01640625
2 0.909375 0.43671875 0.02890625 0.02578125
2 0.8390625 0.378125 0.03125 0.02890625
2 0.82421875 0.4234375 0.0265625 0.028125
4 0.78046875 0.4328125 0.01875 0.01796875
2 0.7734375 0.390625 0.02421875 0.028125
2 0.76484375 0.415625 0.02890625 0.02578125
4 0.7390625 0.428125 0.01328125 0.0203125
2 0.73828125 0.39140625 0.02578125 0.0265625
2 0.71328125 0.4109375 0.02890625 0.02578125
2 0.70546875 0.390625 0.02890625 0.02421875
0 0.7078125 0.4375 0.021875 0.0234375
4 0.71875 0.4265625 0.01484375 0.01640625
1 0.6875 0.3609375 0.0546875 0.034375
2 0.67421875 0.384375 0.02578125 0.025
4 0.6671875 0.4 0.01875 0.0203125
2 0.678125 0.43125 0.02578125 0.0296875
4 0.678125 0.44921875 0.01796875 0.01796875
4 0.64609375 0.4375 0.0140625 0.01640625
4 0.640625 0.421875 0.01796875 0.015625
4 0.634375 0.39765625 0.01328125 0.015625
4 0.62578125 0.40859375 0.01328125 0.01796875
4 0.6140625 0.41484375 0.01484375 0.0140625
4 0.63203125 0.4484375 0.01640625 0.02109375
4 0.60859375 0.45546875 0.01640625 0.01875
4 0.58671875 0.415625 0.01484375 0.01953125
4 0.59921875 0.40703125 0.015625 0.02109375
4 0.571875 0.41640625 0.0140625 0.01640625
4 0.57109375 0.4296875 0.015625 0.01640625
0 0.64765625 0.40859375 0.02109375 0.021875
2 0.64375 0.38359375 0.02578125 0.0265625
2 0.6171875 0.3578125 0.028125 0.028125
2 0.60234375 0.38046875 0.028125 0.025
2 0.58046875 0.35390625 0.02578125 0.0265625
2 0.57578125 0.396875 0.02890625 0.0265625
2 0.58828125 0.4765625 0.02890625 0.0390625
2 0.56484375 0.528125 0.01796875 0.040625
4 0.59140625 0.521875 0.01328125 0.0296875
4 0.46015625 0.66953125 0.01171875 0.028125
0 0.46796875 0.7015625 0.015625 0.03359375
2 0.48359375 0.64765625 0.01640625 0.03671875
0 0.4578125 0.94296875 0.01484375 0.0390625
4 0.53125 0.85390625 0.01171875 0.02890625
4 0.5140625 0.8359375 0.01015625 0.025
4 0.509375 0.86953125 0.01171875 0.0296875
4 0.51640625 0.8703125 0.01015625 0.03125
4 0.4390625 0.86875 0.01171875 0.03359375
4 0.4546875 0.79921875 0.01484375 0.034375
4 0.503125 0.565625 0.0140625 0.02578125
4 0.47890625 0.5421875 0.0109375 0.025
2 0.484375 0.56328125 0.01796875 0.053125
2 0.4953125 0.56171875 0.01875 0.0484375
4 0.48203125 0.4890625 0.01171875 0.025
2 0.4859375 0.51328125 0.01640625 0.053125
2 0.5078125 0.515625 0.015625 0.046875
0 0.4984375 0.51875 0.01796875 0.03828125
2 0.34140625 0.3359375 0.025 0.0265625
2 0.3765625 0.328125 0.025 0.02890625
2 0.390625 0.3515625 0.03203125 0.028125
2 0.34375 0.36171875 0.0265625 0.02421875
6 0.346875 0.409375 0.0234375 0.025
4 0.31796875 0.35234375 0.0140625 0.015625
4 0.29453125 0.3515625 0.015625 0.01796875
2 0.27734375 0.3140625 0.025 0.03046875
4 0.33046875 0.4203125 0.01484375 0.01640625
0 0.240625 0.33046875 0.01796875 0.025
0 0.21640625 0.33359375 0.02109375 0.02109375
4 0.21328125 0.34609375 0.01640625 0.01875
4 0.2 0.31328125 0.01640625 0.02578125
3 0.15234375 0.30859375 0.02421875 0.02421875
4 0.1390625 0.3234375 0.01875 0.0203125
4 0.1234375 0.34140625 0.0140625 0.015625
4 0.11171875 0.32578125 0.0140625 0.0203125
0 0.11796875 0.31171875 0.021875 0.025
4 0.0984375 0.31640625 0.015625 0.01796875
4 0.090625 0.284375 0.01875 0.0203125
4 0.028125 0.28515625 0.01875 0.02109375
4 0.02578125 0.2625 0.015625 0.02109375
4 0.00390625 0.28125 0.00703125 0.0234375
4 0.23046875 0.11796875 0.01640625 0.0265625
4 0.2921875 0.1484375 0.015625 0.0234375
4 0.17890625 0.13125 0.01796875 0.01796875
4 0.178125 0.1421875 0.015625 0.02109375
2 0.090625 0.0609375 0.01796875 0.03984375
4 0.0203125 0.04609375 0.01796875 0.021875
4 0.01796875 0.05859375 0.015625 0.01953125
4 0.01015625 0.0734375 0.01796875 0.021875
0 0.04375 0.0140625 0.02421875 0.028125
0 0.0296875 0.0609375 0.0234375 0.034375
0 0.09921875 0.0390625 0.01796875 0.04296875
4 0.3015625 0.5765625 0.01484375 0.0234375
4 0.30078125 0.58671875 0.0203125 0.01640625
4 0.296875 0.59609375 0.01875 0.01953125
2 0.090625 0.56015625 0.0265625 0.02890625
2 0.04609375 0.55078125 0.028125 0.0296875
2 0.03984375 0.578125 0.02578125 0.02578125
2 0.03515625 0.665625 0.0265625 0.0265625
4 0.56796875 0.328125 0.01875 0.03125
2 0.5640625 0.08671875 0.0234375 0.046875
2 0.54921875 0.0375 0.03359375 0.04375
2 0.625 0.01640625 0.021875 0.0328125
2 0.64296875 0.015625 0.01796875 0.03046875
2 0.5453125 0.34453125 0.02890625 0.02890625
4 0.3546875 0.15390625 0.01640625 0.025
4 0.4203125 0.14296875 0.01328125 0.01875
4 0.4296875 0.1515625 0.01640625 0.01875
4 0.42890625 0.159375 0.0140625 0.015625
4 0.4234375 0.165625 0.01484375 0.01640625
4 0.42578125 0.17578125 0.015625 0.01484375
4 0.4265625 0.18671875 0.0140625 0.015625
4 0.415625 0.1890625 0.0140625 0.0140625
4 0.4140625 0.21484375 0.01328125 0.015625
4 0.42421875 0.21875 0.0140625 0.01640625
4 0.41796875 0.225 0.015625 0.01875
4 0.403125 0.2375 0.0140625 0.01875
4 0.4125 0.23125 0.01171875 0.01875
4 0.42578125 0.234375 0.01484375 0.0203125
2 0.3671875 0.18046875 0.02578125 0.0296875
2 0.34296875 0.1890625 0.02890625 0.034375
2 0.3421875 0.215625 0.0296875 0.025
2 0.3734375 0.21875 0.02578125 0.0296875
2 0.3890625 0.19921875 0.03125 0.028125
2 0.40078125 0.17109375 0.02890625 0.03125
3 0.4109375 0.15625 0.025 0.028125
2 0.3984375 0.21875 0.025 0.03125
2 0.41796875 0.2015625 0.028125 0.03046875