2 0.76640625 0.17109375 0.0265625 0.02578125
2 0.77578125 0.25390625 0.02578125 0.0296875
2 0.9890625 0.46796875 0.021875 0.021875
2 0.8171875 0.5359375 0.02890625 0.0265625
4 0.846875 0.37890625 0.0140625 0.01484375
4 0.8578125 0.49609375 0.0140625 0.015625
4 0.73828125 0.42421875 0.01484375 0.01875
4 0.70390625 0.415625 0.01171875 0.01640625
4 0.71328125 0.4453125 0.0140625 0.01484375
2 0.6296875 0.43828125 0.0234375 0.025
4 0.5640625 0.45859375 0.015625 0.01484375
2 0.496875 0.36953125 0.025 0.02578125
4 0.509375 0.40703125 0.0140625 0.01796875
4 0.515625 0.43125 0.01328125 0.01796875
2 0.46015625 0.45390625 0.0265625 0.0265625
0 0.484375 0.52421875 0.01875 0.01953125
2 0.38359375 0.43359375 0.02578125 0.025
4 0.37109375 0.55625 0.01171875 0.015625
4 0.33359375 0.3984375 0.0140625 0.01796875
2 0.35625 0.4640625 0.021875 0.02421875
2 0.8984375 0.3390625 0.02890625 0.021875
2 0.29921875 0.42109375 0.02578125 0.0234375
2 0.26796875 0.46875 0.02421875 0.025
4 0.2984375 0.44296875 0.01328125 0.01171875
6 0.33046875 0.58046875 0.0390625 0.02890625
0 0.24765625 0.42890625 0.01875 0.01796875
0 0.27421875 0.56328125 0.01640625 0.01953125
4 0.25546875 0.36796875 0.01171875 0.0109375
2 0.228125 0.45 0.02578125 0.0234375
0 0.19140625 0.37421875 0.015625 0.015625
4 0.20078125 0.41640625 0.01171875 0.01484375
2 0.14921875 0.26171875 0.02109375 0.04296875
2 0.1703125 0.45078125 0.02578125 0.02421875
3 0.14375 0.43515625 0.021875 0.01953125
2 0.1265625 0.475 0.02578125 0.0203125
2 0.12421875 0.54296875 0.02578125 0.02578125
4 0.11484375 0.415625 0.0140625 0.01640625
3 0.06640625 0.32734375 0.02578125 0.06796875
2 0.06953125 0.45078125 0.03046875 0.0265625
4 0.0515625 0.41484375 0.0140625 0.01171875
4 0.015625 0.41171875 0.0140625 0.01484375
4 0.021875 0.43515625 0.0140625 0.01484375
2 0.02421875 0.453125 0.028125 0.025
2 0.0609375 0.53203125 0.021875 0.0234375
2 0.053125 0.5546875 0.02578125 0.021875
2 0.034375 0.53359375 0.0296875 0.02421875
4 0.025 0.5609375 0.015625 0.01171875
4 0.03046875 0.57109375 0.01328125 0.0109375
4 0.03671875 0.58125 0.0140625 0.01171875
4 0.0546875 0.59453125 0.01328125 0.0109375
0 0.00859375 0.57890625 0.015625 0.01953125
3 0.0109375 0.60390625 0.0203125 0.021875
2 0.0359375 0.04140625 0.02109375 0.04921875
2 0.01171875 0.0453125 0.01875 0.0484375
4 0.0171875 0.01015625 0.0109375 0.0203125