5 0.10703125 0.68125 0.0390625 0.021875
5 0.13359375 0.64609375 0.040625 0.02421875
0 0.175 0.46875 0.02421875 0.025
6 0.26796875 0.63984375 0.03515625 0.01796875
4 0.40546875 0.40859375 0.01015625 0.01015625
5 0.41015625 0.48671875 0.04140625 0.021875
5 0.42734375 0.5546875 0.03671875 0.0203125
3 0.45859375 0.53359375 0.025 0.01796875
2 0.3328125 0.29375 0.01640625 0.02109375
2 0.4984375 0.33359375 0.00859375 0.0265625
2 0.509375 0.33203125 0.00859375 0.0296875
2 0.54921875 0.3234375 0.00703125 0.025
2 0.55859375 0.32421875 0.00703125 0.0265625
2 0.5484375 0.46171875 0.01796875 0.01796875
6 0.48515625 0.62890625 0.03203125 0.01953125
2 0.54453125 0.60703125 0.0140625 0.01328125
3 0.5671875 0.63125 0.01328125 0.01171875
4 0.57578125 0.61015625 0.00703125 0.00859375
2 0.6015625 0.47578125 0.01796875 0.015625
2 0.61171875 0.425 0.01484375 0.01796875
2 0.65703125 0.4609375 0.01796875 0.01640625
3 0.709375 0.5640625 0.0234375 0.021875
1 0.653125 0.390625 0.03984375 0.02109375
5 0.709375 0.39140625 0.0453125 0.0203125
4 0.73671875 0.471875 0.00859375 0.01328125
0 0.7609375 0.43671875 0.0109375 0.0140625
0 0.7359375 0.6140625 0.009375 0.01484375
2 0.70859375 0.66171875 0.00859375 0.0234375
0 0.78671875 0.60078125 0.01171875 0.00859375
0 0.809375 0.61171875 0.0109375 0.009375
0 0.80546875 0.59140625 0.0109375 0.01328125
2 0.79609375 0.53515625 0.015625 0.015625
6 0.87265625 0.64609375 0.03984375 0.0234375
4 0.8984375 0.60625 0.01171875 0.01484375
3 0.93046875 0.50390625 0.0140625 0.01171875