2 0.03671875 0.5390625 0.00859375 0.04453125
2 0.05546875 0.63359375 0.021875 0.01796875
2 0.2171875 0.38671875 0.0109375 0.03359375
2 0.22578125 0.48515625 0.01328125 0.04453125
2 0.2234375 0.51875 0.01015625 0.0359375
2 0.1515625 0.67890625 0.02421875 0.01328125
2 0.165625 0.70703125 0.01875 0.02109375
2 0.29296875 0.67578125 0.01875 0.02109375
2 0.19765625 0.72265625 0.01875 0.01484375
2 0.40078125 0.634375 0.021875 0.021875
2 0.46171875 0.62734375 0.01328125 0.02578125
2 0.4234375 0.515625 0.01015625 0.04375
2 0.42421875 0.47109375 0.01015625 0.03203125
2 0.459375 0.446875 0.00859375 0.03125
2 0.434375 0.41640625 0.009375 0.03359375
2 0.46953125 0.4921875 0.00546875 0.03671875
2 0.4578125 0.69609375 0.0109375 0.040625
2 0.39609375 0.775 0.01171875 0.03359375
2 0.39140625 0.84921875 0.01015625 0.01796875
2 0.39375 0.86328125 0.01484375 0.02421875
2 0.3921875 0.88203125 0.01171875 0.03046875
2 0.3859375 0.94921875 0.0140625 0.0234375
2 0.54375 0.740625 0.01796875 0.03203125
2 0.53203125 0.7453125 0.01171875 0.03515625
2 0.54140625 0.77109375 0.01484375 0.0359375
2 0.53046875 0.85390625 0.00859375 0.03125
2 0.61484375 0.52265625 0.01875 0.01484375
2 0.45078125 0.9140625 0.01015625 0.04296875
2 0.565625 0.9765625 0.015625 0.0234375
2 0.56484375 0.99140625 0.01875 0.01640625
2 0.815625 0.8984375 0.01015625 0.0359375
2 0.83984375 0.9140625 0.01015625 0.040625
2 0.85078125 0.9125 0.0109375 0.03125
2 0.80703125 0.959375 0.01875 0.01875
2 0.80546875 0.975 0.01640625 0.02421875
2 0.8015625 0.990625 0.015625 0.01875
2 0.6484375 0.475 0.01875 0.02421875
2 0.634375 0.503125 0.0203125 0.01328125
2 0.6484375 0.51875 0.0203125 0.0203125
2 0.690625 0.5203125 0.015625 0.01953125
2 0.690625 0.55078125 0.0109375 0.0359375
2 0.83125 0.5265625 0.02109375 0.0234375
2 0.865625 0.4828125 0.025 0.01875
2 0.8984375 0.5390625 0.02421875 0.01796875
2 0.92109375 0.33828125 0.015625 0.01796875
2 0.87109375 0.1453125 0.0140625 0.03125
2 0.87109375 0.18515625 0.01171875 0.034375
2 0.86953125 0.2203125 0.01015625 0.03828125
2 0.81328125 0.22578125 0.0109375 0.02109375
2 0.7734375 0.265625 0.01328125 0.03515625
2 0.7796875 0.31875 0.0234375 0.01875
2 0.71171875 0.2890625 0.01328125 0.03125
2 0.56796875 0.20859375 0.01796875 0.01875
2 0.5703125 0.18828125 0.0140625 0.02890625
2 0.57109375 0.165625 0.0203125 0.01640625
2 0.56953125 0.15 0.02109375 0.01484375
2 0.56875 0.134375 0.01640625 0.02109375
2 0.5703125 0.1171875 0.02109375 0.02109375
2 0.58125 0.10625 0.01875 0.01953125
2 0.5890625 0.05546875 0.0234375 0.02109375
2 0.615625 0.05546875 0.01796875 0.0140625
2 0.621875 0.03203125 0.0203125 0.01640625
2 0.61953125 0.015625 0.01796875 0.0234375
3 0.5859375 0.2640625 0.02109375 0.04296875
2 0.46640625 0.17578125 0.0109375 0.0453125
2 0.41015625 0.16875 0.009375 0.03125
2 0.41640625 0.18359375 0.01015625 0.03828125
2 0.43046875 0.18203125 0.01875 0.0234375
2 0.83359375 0.275 0.01015625 0.0359375
0 0.82265625 0.36015625 0.01875 0.01875
0 0.69296875 0.321875 0.015625 0.0234375
0 0.66015625 0.33046875 0.01484375 0.01796875
0 0.65078125 0.31640625 0.01328125 0.01796875
0 0.5546875 0.13125 0.009375 0.0234375
0 0.55703125 0.040625 0.01015625 0.03046875
0 0.5765625 0.03359375 0.009375 0.0203125
0 0.56328125 0.50234375 0.01484375 0.0140625
0 0.52421875 0.56640625 0.01484375 0.02578125
0 0.9125 0.48984375 0.02109375 0.02109375
0 0.46796875 0.10859375 0.00859375 0.03046875
0 0.44609375 0.52578125 0.01015625 0.02578125
0 0.4375 0.5578125 0.009375 0.03203125
0 0.54140625 0.6515625 0.01328125 0.0234375
0 0.4140625 0.5953125 0.00859375 0.021875
0 0.396875 0.6046875 0.01640625 0.02421875
0 0.53671875 0.79765625 0.01328125 0.0234375
0 0.5390625 0.815625 0.0109375 0.02890625
0 0.54296875 0.840625 0.01171875 0.02109375
0 0.54296875 0.85859375 0.00703125 0.02421875
0 0.54453125 0.88671875 0.00859375 0.021875
0 0.54140625 0.91171875 0.01328125 0.01953125
0 0.39453125 0.71015625 0.01640625 0.01796875
0 0.08671875 0.684375 0.0140625 0.01640625
0 0.071875 0.69609375 0.01796875 0.01640625
2 0.23359375 0.25546875 0.00703125 0.03828125
2 0.2171875 0.3015625 0.00703125 0.03125
4 0.01171875 0.68203125 0.01171875 0.01328125
4 0.021875 0.69453125 0.0109375 0.01875
4 0.046875 0.684375 0.01328125 0.01015625
4 0.03984375 0.69296875 0.009375 0.00859375
4 0.034375 0.7015625 0.01328125 0.01015625
4 0.0671875 0.68359375 0.009375 0.00859375
4 0.07890625 0.659375 0.01171875 0.01015625
4 0.0859375 0.70546875 0.01015625 0.01953125
4 0.11171875 0.69140625 0.01328125 0.01640625
4 0.134375 0.68671875 0.01015625 0.01484375
4 0.16328125 0.6890625 0.015625 0.01015625
0 0.3296875 0.64296875 0.0140625 0.01640625
4 0.3953125 0.68125 0.01484375 0.01484375
4 0.43046875 0.59140625 0.009375 0.0203125
4 0.44609375 0.6046875 0.009375 0.01953125
4 0.4609375 0.60234375 0.009375 0.01953125
4 0.46328125 0.5546875 0.01015625 0.02578125
4 0.46796875 0.5296875 0.00703125 0.02421875
4 0.45625 0.51328125 0.009375 0.0265625
4 0.44375 0.43828125 0.01015625 0.021875
4 0.44140625 0.6265625 0.0109375 0.01640625
4 0.44140625 0.6578125 0.00859375 0.00859375
4 0.4484375 0.7296875 0.00546875 0.021875
4 0.45078125 0.75625 0.01484375 0.02890625
4 0.42109375 0.68046875 0.01328125 0.01328125
4 0.4421875 0.68046875 0.01328125 0.01328125
4 0.453125 0.6625 0.00625 0.021875
4 0.4515625 0.6453125 0.009375 0.01796875
4 0.46015625 0.65 0.00859375 0.01796875
4 0.4515625 0.321875 0.00703125 0.01796875
4 0.4609375 0.31875 0.00859375 0.0234375
4 0.4609375 0.2859375 0.01015625 0.025
4 0.45859375 0.2484375 0.0109375 0.025
4 0.45546875 0.2296875 0.009375 0.01796875
4 0.5203125 0.26015625 0.00859375 0.02109375
4 0.53359375 0.3015625 0.00859375 0.02421875
4 0.5328125 0.35078125 0.009375 0.021875
4 0.434375 0.796875 0.01328125 0.0359375
4 0.4359375 0.88359375 0.009375 0.02421875
4 0.434375 0.98046875 0.00859375 0.0234375
4 0.44140625 0.978125 0.0109375 0.02578125
4 0.44453125 0.9953125 0.00625 0.009375
4 0.51484375 0.81796875 0.01015625 0.0203125
4 0.51015625 0.790625 0.00703125 0.0203125
4 0.51953125 0.7 0.00859375 0.028125
4 0.51328125 0.671875 0.00859375 0.0203125
4 0.5203125 0.6140625 0.0109375 0.0203125
4 0.534375 0.59296875 0.00546875 0.028125
4 0.5265625 0.5171875 0.0109375 0.0203125
4 0.540625 0.4109375 0.0140625 0.028125
4 0.5234375 0.37421875 0.01015625 0.02109375
4 0.55625 0.39140625 0.0109375 0.01875
4 0.5234375 0.42109375 0.00859375 0.01640625
2 0.046875 0.215625 0.0109375 0.040625
2 0.0484375 0.08203125 0.01328125 0.03984375
2 0.0484375 0.1203125 0.01015625 0.03515625
2 0.09453125 0.03359375 0.028125 0.0296875
2 0.1953125 0.05703125 0.021875 0.01875
2 0.19296875 0.0875 0.021875 0.01796875
2 0.23125 0.0671875 0.02109375 0.02578125
2 0.2953125 0.096875 0.01875 0.01875
2 0.34140625 0.103125 0.02109375 0.0234375
2 0.340625 0.05078125 0.009375 0.03828125
2 0.3640625 0.05859375 0.009375 0.04296875
4 0.45703125 0.06171875 0.00859375 0.0296875
4 0.453125 0.10546875 0.01171875 0.03203125
4 0.521875 0.0390625 0.01015625 0.02890625
4 0.53203125 0.0265625 0.01015625 0.02578125
4 0.5296875 0.19375 0.00859375 0.03125
4 0.51953125 0.18671875 0.00703125 0.03671875
2 0.54296875 0.0484375 0.01171875 0.0546875
4 0.64453125 0.3609375 0.01484375 0.021875
4 0.596875 0.4671875 0.01328125 0.0265625
4 0.6140625 0.4796875 0.015625 0.02890625
4 0.5765625 0.4953125 0.01484375 0.0203125
4 0.703125 0.49296875 0.0140625 0.02421875
4 0.68359375 0.46796875 0.015625 0.025
4 0.71484375 0.371875 0.01640625 0.03203125
4 0.68125 0.3671875 0.0109375 0.0234375
4 0.71953125 0.34296875 0.01484375 0.021875
4 0.76171875 0.49140625 0.01015625 0.02890625
4 0.78125 0.4859375 0.01796875 0.01875
4 0.8296875 0.503125 0.01328125 0.01796875
4 0.8109375 0.49921875 0.015625 0.01640625
4 0.953125 0.5140625 0.01796875 0.02578125
4 0.85078125 0.3515625 0.015625 0.028125