4 0.6546875 0.54765625 0.0109375 0.01171875
4 0.6984375 0.41796875 0.01171875 0.01171875
4 0.52421875 0.42890625 0.01015625 0.01171875
4 0.384375 0.575 0.01171875 0.01171875
4 0.25703125 0.375 0.009375 0.00625
4 0.009375 0.015625 0.00625 0.02109375
4 0.01875 0.0234375 0.00703125 0.01953125
4 0.02890625 0.57109375 0.0109375 0.0046875
4 0.03359375 0.57890625 0.0109375 0.00859375
4 0.0421875 0.58671875 0.01015625 0.009375
4 0.0484375 0.59375 0.01015625 0.00703125
4 0.07578125 0.58359375 0.01015625 0.00859375
4 0.1171875 0.5734375 0.01171875 0.009375
4 0.1734375 0.59609375 0.0140625 0.0140625
2 0.03671875 0.54296875 0.0265625 0.0203125
2 0.03828125 0.6140625 0.02421875 0.02109375
2 0.0609375 0.52265625 0.021875 0.01796875
2 0.06328125 0.54140625 0.01953125 0.01640625
2 0.05625 0.5640625 0.02421875 0.01640625
2 0.08125 0.55859375 0.0234375 0.01484375
2 0.09140625 0.53046875 0.0265625 0.01953125
2 0.09765625 0.5828125 0.02578125 0.02421875
2 0.08828125 0.60546875 0.02578125 0.01953125
2 0.11640625 0.525 0.0203125 0.01875
2 0.1140625 0.559375 0.025 0.01953125
2 0.14453125 0.553125 0.02578125 0.0203125
2 0.14453125 0.52421875 0.028125 0.021875
2 0.17421875 0.5515625 0.02578125 0.0203125
2 0.221875 0.5609375 0.02421875 0.01875
2 0.978125 0.33359375 0.021875 0.01875
2 0.8953125 0.33828125 0.025 0.01796875
2 0.76640625 0.17265625 0.02578125 0.0203125
2 0.7734375 0.25390625 0.02578125 0.0203125
2 0.496875 0.371875 0.02421875 0.01953125
2 0.15078125 0.2734375 0.01953125 0.04296875
2 0.01328125 0.0609375 0.01796875 0.05
6 0.06796875 0.34140625 0.028125 0.06796875
0 0.03203125 0.52421875 0.02109375 0.01640625
0 0.05859375 0.58359375 0.01953125 0.01328125
0 0.1296875 0.61796875 0.0234375 0.01875
0 0.19296875 0.38359375 0.01953125 0.01875
0 0.8515625 0.39765625 0.0203125 0.02421875
0 0.9109375 0.38828125 0.01875 0.02109375