2 0.384375 0.72734375 0.015625 0.0296875
2 0.31015625 0.11796875 0.015625 0.02421875
2 0.36171875 0.1765625 0.0140625 0.02421875
2 0.35625 0.22578125 0.01328125 0.02421875
2 0.34453125 0.30625 0.01640625 0.02890625
2 0.41171875 0.32265625 0.0140625 0.02578125
2 0.4625 0.3640625 0.0140625 0.02421875
2 0.38046875 0.26953125 0.0140625 0.02890625
2 0.378125 0.159375 0.015625 0.025
2 0.346875 0.19765625 0.01015625 0.02421875
2 0.359375 0.19921875 0.0140625 0.02421875
2 0.340625 0.14140625 0.01484375 0.02578125
2 0.3359375 0.1515625 0.0140625 0.02421875
2 0.33046875 0.16640625 0.01484375 0.0296875
2 0.3890625 0.2609375 0.0140625 0.02421875
2 0.39921875 0.246875 0.0140625 0.025
2 0.5515625 0.34921875 0.01484375 0.0265625
2 0.31796875 0.096875 0.01484375 0.02421875
2 0.31953125 0.15859375 0.01640625 0.0265625
2 0.39921875 0.30546875 0.01171875 0.025
2 0.4015625 0.28359375 0.01328125 0.02421875
2 0.39296875 0.24296875 0.0109375 0.01796875
2 0.6234375 0.309375 0.01484375 0.028125
2 0.41953125 0.2953125 0.015625 0.028125
2 0.37578125 0.15546875 0.01484375 0.02890625
2 0.49375 0.45390625 0.015625 0.02421875
2 0.5921875 0.51875 0.0140625 0.028125
2 0.2203125 0.94140625 0.0140625 0.025
2 0.38984375 0.5171875 0.01640625 0.03125
2 0.396875 0.53046875 0.01484375 0.02890625
2 0.3859375 0.5578125 0.01484375 0.01640625
2 0.3671875 0.57109375 0.01171875 0.01640625
2 0.359375 0.5421875 0.01484375 0.0234375
2 0.35078125 0.59609375 0.01484375 0.01953125
2 0.340625 0.62421875 0.0140625 0.01953125
2 0.3953125 0.53046875 0.01640625 0.02109375
2 0.32578125 0.6546875 0.01484375 0.02421875
2 0.30859375 0.684375 0.01796875 0.02421875
2 0.625 0.7859375 0.01328125 0.0234375
2 0.3171875 0.86796875 0.015625 0.0234375
2 0.309375 0.78046875 0.01484375 0.0234375
2 0.034375 0.97578125 0.0234375 0.03359375
2 0.19453125 0.65703125 0.01953125 0.0296875
2 0.2578125 0.76171875 0.0203125 0.0265625
2 0.20390625 0.61328125 0.01875 0.028125
2 0.0734375 0.80625 0.01796875 0.028125
2 0.559375 0.734375 0.01171875 0.02109375
2 0.2265625 0.70703125 0.01875 0.03359375
2 0.24765625 0.5140625 0.015625 0.01796875
2 0.60625 0.45703125 0.01484375 0.01875
2 0.52578125 0.71328125 0.015625 0.0234375
2 0.64609375 0.30625 0.0203125 0.0296875
2 0.590625 0.36640625 0.0203125 0.0234375
2 0.71484375 0.03828125 0.01796875 0.0265625
2 0.75546875 0.10859375 0.0140625 0.02578125
2 0.665625 0.26328125 0.01953125 0.040625
2 0.36953125 0.778125 0.01328125 0.02890625
2 0.6859375 0.2078125 0.015625 0.02890625
2 0.453125 0.13828125 0.01640625 0.028125
2 0.525 0.42890625 0.01640625 0.03359375
2 0.596875 0.71015625 0.01640625 0.028125
2 0.59375 0.73125 0.01796875 0.028125
2 0.61171875 0.734375 0.01640625 0.0234375
2 0.60859375 0.75703125 0.01796875 0.021875
2 0.453125 0.75 0.01796875 0.02578125
2 0.6265625 0.75625 0.01796875 0.021875
2 0.51796875 0.76953125 0.01796875 0.028125
2 0.3734375 0.85546875 0.01640625 0.0265625
4 0.2109375 0.82578125 0.009375 0.01640625
4 0.42734375 0.453125 0.00703125 0.01171875
4 0.5390625 0.53046875 0.01015625 0.01484375
4 0.1984375 0.87578125 0.009375 0.0140625
4 0.37890625 0.540625 0.01796875 0.025
4 0.38046875 0.5359375 0.00703125 0.009375
4 0.37578125 0.54375 0.00859375 0.01171875
4 0.40703125 0.51328125 0.00703125 0.0109375
4 0.7 0.2359375 0.00859375 0.0140625
4 0.38046875 0.88359375 0.00859375 0.0140625
4 0.48828125 0.65546875 0.00546875 0.01171875
4 0.2859375 0.96796875 0.01171875 0.01875
4 0.6609375 0.75390625 0.00859375 0.0140625
4 0.70546875 0.6984375 0.00703125 0.01328125
4 0.81953125 0.85859375 0.00859375 0.01484375
4 0.690625 0.909375 0.00859375 0.0109375
4 0.67578125 0.8734375 0.00859375 0.01484375
4 0.57734375 0.70078125 0.01015625 0.01171875
4 0.575 0.71796875 0.00859375 0.01171875
4 0.571875 0.66328125 0.00859375 0.01640625
4 0.61328125 0.80390625 0.00859375 0.01796875
4 0.58671875 0.7359375 0.00703125 0.01328125
4 0.44453125 0.78828125 0.00546875 0.009375
4 0.73359375 0.015625 0.01171875 0.0140625
4 0.38828125 0.21171875 0.0140625 0.0234375
4 0.484375 0.08046875 0.00703125 0.01484375
4 0.60546875 0.23125 0.01484375 0.0203125
4 0.79453125 0.09375 0.009375 0.01953125
4 0.2328125 0.0859375 0.009375 0.01796875
4 0.34453125 0.12890625 0.01015625 0.01953125
4 0.453125 0.34453125 0.00859375 0.01484375
4 0.440625 0.1765625 0.00625 0.0140625
4 0.30546875 0.059375 0.01171875 0.01171875
4 0.28203125 0.04296875 0.01015625 0.01328125
4 0.47109375 0.38125 0.0140625 0.0265625
4 0.32734375 0.09375 0.00703125 0.02421875
4 0.571875 0.30078125 0.00625 0.01015625
4 0.38671875 0.215625 0.009375 0.015625
4 0.24453125 0.0953125 0.00703125 0.01015625
4 0.559375 0.48125 0.00625 0.0109375
4 0.45625 0.4828125 0.01015625 0.01953125
4 0.41328125 0.2765625 0.00703125 0.0109375
4 0.24375 0.628125 0.01328125 0.0203125
4 0.42421875 0.22734375 0.0109375 0.0109375
0 0.421875 0.31328125 0.0140625 0.028125
0 0.2734375 0.18046875 0.01484375 0.025
0 0.29921875 0.2421875 0.0140625 0.0234375
0 0.42890625 0.3765625 0.01484375 0.03203125
0 0.33125 0.2953125 0.02109375 0.0296875
0 0.43203125 0.33046875 0.01171875 0.01953125
0 0.940625 0.05625 0.015625 0.01796875
0 0.6734375 0.70703125 0.0140625 0.02109375
0 0.45546875 0.7890625 0.01171875 0.0203125
0 0.09609375 0.9875 0.01328125 0.025
0 0.7015625 0.0796875 0.00703125 0.0203125
0 0.378125 0.50703125 0.00546875 0.01796875
0 0.36796875 0.525 0.01015625 0.01015625
0 0.36328125 0.55234375 0.01015625 0.01484375
0 0.37578125 0.578125 0.01171875 0.0140625
0 0.34765625 0.56953125 0.01171875 0.01796875
2 0.1765625 0.97578125 0.01953125 0.03203125
2 0.32421875 0.6234375 0.01328125 0.01875
2 0.34296875 0.596875 0.01171875 0.0234375
2 0.44765625 0.390625 0.01640625 0.0265625
2 0.46875 0.42578125 0.01484375 0.01640625
2 0.28828125 0.64609375 0.01640625 0.01953125
2 0.47421875 0.40390625 0.01484375 0.02890625
6 0.35625 0.12890625 0.021875 0.040625
6 0.41171875 0.1515625 0.02109375 0.0359375
6 0.0609375 0.88671875 0.02109375 0.02421875
4 0.42109375 0.80625 0.00703125 0.0234375
4 0.24921875 0.82578125 0.01328125 0.015625
4 0.28984375 0.6859375 0.009375 0.0296875
4 0.121875 0.95390625 0.01015625 0.0109375
4 0.4546875 0.40859375 0.01328125 0.03203125
4 0.3765625 0.62109375 0.01015625 0.01328125
4 0.78046875 0.125 0.01171875 0.01015625
4 0.74609375 0.01171875 0.00703125 0.021875
4 0.69375 0.26328125 0.00859375 0.02421875
4 0.903125 0.13125 0.01015625 0.01875
4 0.54921875 0.55390625 0.00703125 0.01953125
4 0.8140625 0.85390625 0.00859375 0.01484375
4 0.66484375 0.71953125 0.00859375 0.01484375
4 0.596875 0.63984375 0.009375 0.0109375
4 0.83046875 0.875 0.00625 0.01796875
4 0.728125 0.68359375 0.01875 0.01953125
4 0.73828125 0.6640625 0.01171875 0.01875
2 0.409375 0.6234375 0.01796875 0.02890625
2 0.278125 0.51484375 0.01171875 0.03359375
2 0.73046875 0.3953125 0.01796875 0.0265625
2 0.5609375 0.4234375 0.015625 0.02109375
2 0.5859375 0.48828125 0.015625 0.02421875
2 0.63984375 0.20859375 0.0234375 0.02578125
2 0.65703125 0.203125 0.0203125 0.03125
2 0.7914710406250001 0.9712024296875 0.7900417875 0.97201991875 0.7878470484375 0.9776006125000001 0.8008587015625 0.9985283 0.8043075984374999 0.990994334375 0.7914710406250001 0.9712024296875
0 0.58046875 0.6859375 0.009375 0.01484375
4 0.58671875 0.74921875 0.01796875 0.025
4 0.584375 0.74296875 0.00703125 0.01875