3 0.07421875 0.7015625 0.0296875 0.0234375
0 0.13046875 0.67734375 0.01953125 0.025
0 0.22265625 0.6546875 0.01640625 0.015625
0 0.38203125 0.74296875 0.01875 0.02890625
0 0.4984375 0.85625 0.021875 0.02109375
2 0.26328125 0.85546875 0.0296875 0.02578125
2 0.47265625 0.659375 0.01484375 0.04609375
4 0.0828125 0.784375 0.015625 0.01875
4 0.1296875 0.7828125 0.01328125 0.0203125
4 0.45390625 0.7859375 0.0140625 0.01875
4 0.49140625 0.76171875 0.015625 0.0234375
4 0.47265625 0.809375 0.01171875 0.02890625
0 0.58828125 0.76328125 0.021875 0.02890625
4 0.5609375 0.8296875 0.01484375 0.025
3 0.5484375 0.8953125 0.025 0.028125
4 0.684375 0.90859375 0.015625 0.015625
4 0.7125 0.74296875 0.01484375 0.01875
3 0.7984375 0.8609375 0.0359375 0.03046875
4 0.528125 0.58359375 0.01015625 0.028125
0 0.92578125 0.7734375 0.01875 0.021875
2 0.8796875 0.775 0.028125 0.028125
1 0.87890625 0.8125 0.06953125 0.03671875
2 0.48203125 0.0609375 0.01484375 0.053125
2 0.47890625 0.184375 0.01484375 0.04140625
4 0.52578125 0.35859375 0.00703125 0.028125
4 0.52734375 0.5203125 0.00625 0.0140625
2 0.484375 0.471875 0.01015625 0.04453125