2 0.04453125 0.9546875 0.01796875 0.03515625
2 0.06328125 0.96171875 0.02109375 0.03828125
2 0.096875 0.86953125 0.01875 0.0296875
2 0.103125 0.89921875 0.01875 0.03125
2 0.1265625 0.890625 0.01640625 0.0296875
2 0.1328125 0.84765625 0.01640625 0.03125
2 0.14296875 0.86796875 0.01875 0.025
2 0.14921875 0.83359375 0.015625 0.028125
2 0.15859375 0.8453125 0.01796875 0.02578125
2 0.16796875 0.8140625 0.01875 0.0265625
2 0.17578125 0.8234375 0.015625 0.02421875
2 0.21015625 0.975 0.015625 0.034375
2 0.23046875 0.95 0.01640625 0.03671875
2 0.19140625 0.803125 0.01796875 0.0234375
2 0.1859375 0.7796875 0.01875 0.02421875
2 0.196875 0.7453125 0.01640625 0.02578125
2 0.20078125 0.76328125 0.01796875 0.02578125
2 0.21640625 0.74296875 0.015625 0.0234375
2 0.2296875 0.725 0.015625 0.025
2 0.25078125 0.7140625 0.01796875 0.028125
2 0.24453125 0.6984375 0.01875 0.01328125
2 0.26015625 0.68203125 0.01640625 0.0234375
2 0.265625 0.7 0.01484375 0.0234375
2 0.28359375 0.675 0.01484375 0.0234375
2 0.26171875 0.64921875 0.01328125 0.0203125
2 0.2828125 0.67421875 0.01640625 0.02421875
2 0.29296875 0.64140625 0.01796875 0.02421875
2 0.29921875 0.65625 0.01484375 0.021875
2 0.3140625 0.6390625 0.01328125 0.0234375
2 0.3265625 0.60625 0.01484375 0.0234375
2 0.33046875 0.61875 0.01640625 0.025
2 0.34453125 0.59453125 0.01640625 0.028125
2 0.39453125 0.45390625 0.01484375 0.03671875
2 0.35703125 0.3265625 0.01328125 0.03359375
2 0.33046875 0.315625 0.0140625 0.03125
2 0.24453125 0.04453125 0.015625 0.02890625
2 0.32421875 0.0109375 0.015625 0.02109375
2 0.3359375 0.01015625 0.01796875 0.0203125
2 0.3296875 0.0734375 0.01484375 0.03125
2 0.3453125 0.11171875 0.01640625 0.025
2 0.36796875 0.14609375 0.01796875 0.03046875
2 0.38046875 0.13984375 0.01640625 0.034375
2 0.38828125 0.1890625 0.01875 0.03359375
2 0.396875 0.178125 0.01640625 0.03203125
2 0.40703125 0.23828125 0.01640625 0.03515625
2 0.4203125 0.24140625 0.0140625 0.0296875
2 0.428125 0.28046875 0.01484375 0.0265625
2 0.4671875 0.29921875 0.01640625 0.025
2 0.46015625 0.3203125 0.015625 0.03203125
2 0.459375 0.3546875 0.01796875 0.0265625
2 0.48203125 0.3671875 0.01796875 0.02421875
2 0.4828125 0.34765625 0.015625 0.025
2 0.528125 0.371875 0.01796875 0.028125
2 0.46953125 0.4140625 0.01640625 0.0265625
2 0.584375 0.19921875 0.01328125 0.02890625
2 0.55546875 0.221875 0.01015625 0.0359375
2 0.5671875 0.13671875 0.01484375 0.03203125
2 0.55 0.059375 0.009375 0.028125
2 0.55703125 0.0515625 0.0109375 0.03359375
2 0.59375 0.06015625 0.01796875 0.0234375
2 0.6421875 0.309375 0.01953125 0.02421875
2 0.796875 0.16796875 0.01328125 0.03203125
2 0.80859375 0.1765625 0.01796875 0.025
2 0.82421875 0.14609375 0.01171875 0.034375
2 0.87109375 0.0875 0.01640625 0.02578125
2 0.93828125 0.0109375 0.01875 0.021875
2 0.9265625 0.22890625 0.01796875 0.028125
2 0.93828125 0.2140625 0.015625 0.03046875
2 0.94609375 0.2046875 0.01796875 0.03125
2 0.596875 0.509375 0.01328125 0.03046875
2 0.59296875 0.54921875 0.01015625 0.02890625
2 0.6609375 0.5734375 0.01640625 0.03046875
2 0.68515625 0.5765625 0.015625 0.03359375
2 0.696875 0.61796875 0.01796875 0.0296875
2 0.71953125 0.57421875 0.01328125 0.0296875
2 0.865625 0.74921875 0.01640625 0.0296875
2 0.88046875 0.7625 0.01171875 0.0296875
2 0.90546875 0.775 0.0140625 0.0296875
2 0.93984375 0.82265625 0.01640625 0.02890625
2 0.94921875 0.8421875 0.01875 0.0234375
2 0.9578125 0.8609375 0.01875 0.01484375
2 0.96953125 0.87578125 0.01875 0.0203125
2 0.978125 0.90390625 0.0203125 0.02578125
2 0.85546875 0.89140625 0.01484375 0.0265625
2 0.83046875 0.884375 0.015625 0.025
2 0.81328125 0.84765625 0.01796875 0.02421875
2 0.8109375 0.865625 0.01875 0.0234375
2 0.79453125 0.83046875 0.01875 0.02890625
2 0.77421875 0.80546875 0.01796875 0.02421875
2 0.75703125 0.7640625 0.01796875 0.0265625
2 0.71953125 0.76484375 0.01640625 0.02421875
2 0.70546875 0.76953125 0.01640625 0.021875
2 0.71015625 0.73203125 0.01796875 0.0265625
2 0.6921875 0.71953125 0.01640625 0.021875
2 0.6796875 0.75078125 0.01796875 0.0234375
2 0.60078125 0.7015625 0.01875 0.01953125
2 0.540625 0.73203125 0.01640625 0.02890625
2 0.5515625 0.77890625 0.0203125 0.02109375
2 0.471875 0.7765625 0.0109375 0.034375
2 0.4609375 0.70078125 0.01328125 0.03125
2 0.434375 0.6 0.01484375 0.0296875
2 0.39296875 0.89765625 0.01796875 0.03125
2 0.3734375 0.95703125 0.015625 0.0265625
2 0.328125 0.94921875 0.01796875 0.0265625
2 0.325 0.82421875 0.01640625 0.025
4 0.05546875 0.859375 0.00859375 0.0140625
4 0.06171875 0.87265625 0.01015625 0.01484375
4 0.08125 0.84609375 0.00859375 0.01953125
4 0.08828125 0.84140625 0.00625 0.01640625
4 0.09375 0.8359375 0.00703125 0.01796875
4 0.10703125 0.82578125 0.00703125 0.0140625
4 0.11171875 0.81875 0.00625 0.01484375
4 0.1171875 0.81484375 0.0046875 0.01640625
4 0.13203125 0.83203125 0.009375 0.01953125
4 0.14140625 0.85625 0.01015625 0.01484375
4 0.171875 0.79375 0.00859375 0.01796875
4 0.18125 0.796875 0.00625 0.01171875
4 0.18671875 0.79140625 0.009375 0.01484375
4 0.19296875 0.77890625 0.00859375 0.01640625
4 0.2125 0.7265625 0.009375 0.01640625
4 0.21953125 0.71796875 0.00703125 0.01640625
4 0.2234375 0.70546875 0.00703125 0.0109375
4 0.23125 0.69375 0.009375 0.009375
4 0.22890625 0.709375 0.00546875 0.01171875
4 0.25390625 0.6765625 0.00703125 0.01328125
4 0.26015625 0.66953125 0.00625 0.01015625
4 0.26796875 0.66171875 0.00625 0.0109375
4 0.27421875 0.65390625 0.00703125 0.01015625
4 0.28203125 0.646875 0.00703125 0.00859375
4 0.296875 0.6109375 0.00625 0.0109375
4 0.3015625 0.61796875 0.00703125 0.00859375
4 0.3078125 0.62265625 0.0109375 0.00703125
4 0.3109375 0.628125 0.00625 0.01015625
4 0.315625 0.61796875 0.00859375 0.0140625
4 0.32890625 0.59296875 0.00625 0.015625
4 0.334375 0.58125 0.00859375 0.0109375
4 0.33046875 0.5484375 0.00703125 0.00859375
4 0.390625 0.41953125 0.00859375 0.01484375
4 0.36328125 0.41171875 0.00859375 0.01875
4 0.365625 0.38515625 0.00625 0.01015625
4 0.40546875 0.45703125 0.00390625 0.00859375
4 0.2421875 0.06640625 0.00546875 0.015625
4 0.3203125 0.01953125 0.00703125 0.01796875
4 0.33125 0.03984375 0.00859375 0.0140625
4 0.3328125 0.053125 0.009375 0.01953125
4 0.3484375 0.0875 0.00703125 0.0140625
4 0.35 0.1 0.00859375 0.01953125
4 0.37109375 0.075 0.009375 0.01171875
4 0.3921875 0.14609375 0.009375 0.01640625
4 0.396875 0.128125 0.00703125 0.01171875
4 0.3984375 0.13359375 0.009375 0.00703125
4 0.40078125 0.140625 0.00625 0.00546875
4 0.40625 0.14296875 0.00625 0.01015625
4 0.409375 0.13125 0.00859375 0.00703125
4 0.40703125 0.1546875 0.00859375 0.00703125
4 0.41171875 0.1609375 0.00546875 0.01328125
4 0.41796875 0.15390625 0.0046875 0.0109375
4 0.41484375 0.171875 0.00625 0.00859375
4 0.4234375 0.184375 0.00546875 0.01171875
4 0.4265625 0.17265625 0.0046875 0.01484375
4 0.43046875 0.17734375 0.00390625 0.0140625
4 0.4140625 0.21640625 0.00625 0.01484375
4 0.45078125 0.32421875 0.00703125 0.01328125
4 0.4453125 0.33046875 0.009375 0.01328125
4 0.49296875 0.32890625 0.01015625 0.01640625
4 0.471875 0.38125 0.01015625 0.01484375
4 0.49921875 0.35859375 0.00703125 0.01484375
4 0.51171875 0.36875 0.009375 0.01328125
4 0.503125 0.32265625 0.009375 0.00859375
4 0.60859375 0.053125 0.009375 0.0140625
4 0.75078125 0.221875 0.00546875 0.0109375
4 0.75546875 0.2171875 0.00859375 0.01484375
4 0.79375 0.28125 0.00859375 0.015625
4 0.7609375 0.20625 0.003125 0.01015625
4 0.81171875 0.1484375 0.00859375 0.01015625
4 0.90703125 0.14375 0.01015625 0.015625
4 0.6859375 0.50546875 0.00625 0.01171875
4 0.5671875 0.6078125 0.00859375 0.0140625
4 0.75078125 0.68046875 0.009375 0.01171875
4 0.815625 0.71328125 0.00546875 0.01796875
4 0.82109375 0.71640625 0.00390625 0.0203125
4 0.83203125 0.73046875 0.0046875 0.015625
4 0.84296875 0.7390625 0.00546875 0.01015625
4 0.8484375 0.74296875 0.003125 0.01875
4 0.85390625 0.746875 0.0046875 0.01796875
4 0.8578125 0.80234375 0.0109375 0.01640625
4 0.88125 0.82109375 0.01171875 0.01640625
4 0.91875 0.865625 0.01015625 0.01796875
4 0.971875 0.8625 0.009375 0.009375
4 0.98046875 0.8546875 0.00546875 0.0140625
4 0.98203125 0.87421875 0.00546875 0.0140625
4 0.9859375 0.8765625 0.0046875 0.0140625
4 0.80859375 0.89140625 0.00859375 0.0109375
4 0.76796875 0.81484375 0.009375 0.01015625
4 0.76328125 0.803125 0.00859375 0.01171875
4 0.7296875 0.75859375 0.00703125 0.01171875
4 0.721875 0.75625 0.00625 0.01171875
4 0.71640625 0.746875 0.00859375 0.0109375
4 0.69296875 0.7546875 0.009375 0.0140625
4 0.68125 0.70703125 0.01328125 0.01015625
4 0.68046875 0.71796875 0.01015625 0.01015625
4 0.6765625 0.73828125 0.009375 0.00703125
4 0.590625 0.67578125 0.00859375 0.01015625
4 0.521875 0.6578125 0.01171875 0.01015625
4 0.54140625 0.7546875 0.00859375 0.01171875
4 0.36015625 0.953125 0.009375 0.01484375
4 0.340625 0.95703125 0.0109375 0.0140625
4 0.33828125 0.9859375 0.01328125 0.01328125
4 0.31640625 0.9640625 0.00703125 0.015625
4 0.4421875 0.65390625 0.00859375 0.01328125
4 0.38125 0.78203125 0.009375 0.01171875
4 0.30546875 0.81640625 0.009375 0.01328125
4 0.26328125 0.8359375 0.009375 0.01875
4 0.30546875 0.85 0.00390625 0.01796875
4 0.2515625 0.92265625 0.00546875 0.02421875
0 0.1109375 0.85703125 0.015625 0.02109375
0 0.17578125 0.77421875 0.01328125 0.0234375
0 0.2828125 0.86953125 0.01484375 0.0296875
0 0.35390625 0.79140625 0.01171875 0.01953125
0 0.27578125 0.64140625 0.0140625 0.01640625
0 0.2734375 0.6640625 0.0140625 0.01796875
0 0.33671875 0.58671875 0.009375 0.01796875
0 0.39921875 0.77890625 0.015625 0.02109375
0 0.353125 0.08125 0.01171875 0.0234375
0 0.36015625 0.10625 0.0140625 0.0203125
0 0.43671875 0.253125 0.0140625 0.0234375
0 0.484375 0.334375 0.01640625 0.021875
0 0.50390625 0.35390625 0.01328125 0.01796875
0 0.60546875 0.28671875 0.0140625 0.0265625
0 0.603125 0.25625 0.01484375 0.0234375
0 0.709375 0.271875 0.015625 0.0234375
0 0.75859375 0.64921875 0.0140625 0.01953125
0 0.87109375 0.7671875 0.00859375 0.0234375
0 0.89609375 0.77109375 0.009375 0.01875
0 0.81953125 0.88984375 0.0140625 0.021875
0 0.74140625 0.75625 0.01171875 0.0203125
0 0.6796875 0.728125 0.01171875 0.0203125
3 0.34921875 0.61328125 0.02109375 0.03203125
3 0.2421875 0.67890625 0.01875 0.028125
3 0.28828125 0.63046875 0.01796875 0.0203125
3 0.3421875 0.040625 0.021875 0.0453125
3 0.30546875 0.021875 0.02421875 0.04375
3 0.4796875 0.4234375 0.01640625 0.03125
3 0.82578125 0.915625 0.021875 0.0296875
1 0.221875 0.7578125 0.046875 0.06796875
1 0.31953125 0.58671875 0.03984375 0.0765625
1 0.3234375 0.65078125 0.03671875 0.06328125
1 0.17890625 0.8515625 0.0390625 0.05859375
1 0.5140625 0.39609375 0.040625 0.046875
1 0.56484375 0.4265625 0.04609375 0.06875
1 0.73671875 0.80625 0.04609375 0.05546875
1 0.778125 0.84140625 0.046875 0.059375
6 0.74609375 0.78359375 0.03125 0.03671875
6 0.70078125 0.746875 0.03046875 0.04140625