2 0.04140625 0.959375 0.0203125 0.03125
2 0.09453125 0.87265625 0.02109375 0.028125
2 0.12421875 0.89296875 0.0203125 0.0359375
2 0.14140625 0.8703125 0.01796875 0.03046875
2 0.1578125 0.8484375 0.01796875 0.02578125
2 0.1484375 0.84140625 0.01953125 0.02890625
2 0.1609375 0.79765625 0.0203125 0.0265625
2 0.165625 0.81875 0.01640625 0.025
2 0.1765625 0.82421875 0.01484375 0.0234375
2 0.19375 0.92578125 0.0203125 0.03359375
2 0.2078125 0.97578125 0.01875 0.04296875
2 0.2296875 0.946875 0.0203125 0.04296875
2 0.25859375 0.8515625 0.0203125 0.0296875
2 0.190625 0.80390625 0.01640625 0.025
2 0.17890625 0.7890625 0.01640625 0.02421875
2 0.196875 0.7640625 0.01640625 0.0234375
2 0.2140625 0.74609375 0.01796875 0.02421875
2 0.228125 0.72578125 0.015625 0.028125
2 0.2421875 0.696875 0.01796875 0.025
2 0.24921875 0.71328125 0.01640625 0.03515625
2 0.265625 0.69921875 0.01328125 0.01875
2 0.25859375 0.68046875 0.01796875 0.01875
2 0.3234375 0.82578125 0.01640625 0.0234375
2 0.28203125 0.6765625 0.015625 0.0265625
2 0.26171875 0.65390625 0.015625 0.02109375
2 0.2984375 0.65703125 0.01484375 0.02109375
2 0.29296875 0.64375 0.01796875 0.021875
2 0.31328125 0.64140625 0.01484375 0.02109375
2 0.325 0.60859375 0.01484375 0.02421875
2 0.3296875 0.62109375 0.01640625 0.02421875
2 0.34453125 0.59609375 0.01640625 0.028125
2 0.32734375 0.953125 0.015625 0.0234375
2 0.37109375 0.95703125 0.01640625 0.02890625
2 0.378125 0.9078125 0.01484375 0.0234375
2 0.39609375 0.90703125 0.0203125 0.02578125
2 0.409375 0.87578125 0.01640625 0.0234375
2 0.43046875 0.87421875 0.01953125 0.02421875
2 0.4734375 0.7984375 0.0140625 0.04375
2 0.46328125 0.72421875 0.0140625 0.03359375
2 0.440625 0.59921875 0.01484375 0.02890625
2 0.43671875 0.55078125 0.0140625 0.034375
2 0.40546875 0.49375 0.01484375 0.03359375
2 0.33046875 0.315625 0.01328125 0.0296875
2 0.2484375 0.078125 0.015625 0.0265625
2 0.321875 0.01015625 0.01640625 0.0203125
2 0.33515625 0.0109375 0.01796875 0.02109375
2 0.315625 0.04453125 0.0140625 0.03046875
2 0.32578125 0.06875 0.01328125 0.02578125
2 0.3390625 0.0859375 0.015625 0.02890625
2 0.3453125 0.0765625 0.01484375 0.02578125
2 0.35625 0.096875 0.01640625 0.03046875
2 0.34921875 0.11328125 0.01796875 0.034375
2 0.36171875 0.14453125 0.01796875 0.03515625
2 0.37421875 0.14609375 0.01484375 0.0265625
2 0.37421875 0.16796875 0.01640625 0.03046875
2 0.38671875 0.16484375 0.01640625 0.0296875
2 0.39921875 0.196875 0.01796875 0.02890625
2 0.39921875 0.21953125 0.015625 0.0296875
2 0.41171875 0.23828125 0.01640625 0.03359375
2 0.42890625 0.2421875 0.015625 0.0296875
2 0.42578125 0.25703125 0.0140625 0.0296875
2 0.4578125 0.290625 0.01796875 0.028125
2 0.46640625 0.340625 0.01640625 0.02421875
2 0.459375 0.35546875 0.015625 0.021875
2 0.4859375 0.36640625 0.01953125 0.0234375
2 0.540625 0.41640625 0.01875 0.0296875
2 0.58359375 0.1984375 0.0140625 0.03203125
2 0.55546875 0.221875 0.01328125 0.03046875
2 0.56796875 0.1375 0.01171875 0.03203125
2 0.55625 0.053125 0.01171875 0.0296875
2 0.59296875 0.06171875 0.01640625 0.025
2 0.6421875 0.3109375 0.01953125 0.01953125
2 0.796875 0.1703125 0.01328125 0.03125
2 0.80859375 0.18046875 0.01640625 0.0265625
2 0.8234375 0.14453125 0.0109375 0.03359375
2 0.87109375 0.08671875 0.01640625 0.02890625
2 0.8640625 0.20390625 0.02109375 0.0265625
2 0.93828125 0.0125 0.01796875 0.025
2 0.92578125 0.22890625 0.01953125 0.0296875
2 0.9359375 0.2140625 0.01953125 0.0359375
2 0.94453125 0.20625 0.01796875 0.03125
2 0.71953125 0.5765625 0.01171875 0.03046875
2 0.865625 0.75078125 0.015625 0.0265625
2 0.88046875 0.765625 0.01015625 0.0265625
2 0.9046875 0.778125 0.01484375 0.02578125
2 0.9390625 0.825 0.015625 0.028125
2 0.9484375 0.84296875 0.01953125 0.0265625
2 0.9578125 0.86328125 0.01875 0.01953125
2 0.9703125 0.87890625 0.0203125 0.01875
2 0.978125 0.90859375 0.0203125 0.0234375
2 0.85625 0.89375 0.015625 0.0234375
2 0.8359375 0.89375 0.01640625 0.02578125
2 0.81328125 0.85 0.01796875 0.02421875
2 0.8109375 0.865625 0.01796875 0.02578125
2 0.80390625 0.8765625 0.0140625 0.01953125
2 0.79453125 0.83203125 0.01796875 0.02421875
2 0.77421875 0.80625 0.01796875 0.028125
2 0.7578125 0.76953125 0.01796875 0.01953125
2 0.71953125 0.76796875 0.01640625 0.021875
2 0.7046875 0.771875 0.01640625 0.02109375
2 0.709375 0.734375 0.01640625 0.02109375
2 0.69296875 0.721875 0.01796875 0.0203125
2 0.67890625 0.75390625 0.01640625 0.02109375
2 0.60078125 0.7015625 0.01796875 0.02578125
2 0.55078125 0.77890625 0.02109375 0.0265625
4 0.059375 0.87578125 0.009375 0.01328125
4 0.053125 0.86171875 0.01015625 0.0109375
4 0.0796875 0.84921875 0.00546875 0.01328125
4 0.08359375 0.8453125 0.0046875 0.01328125
4 0.0875 0.840625 0.00546875 0.0140625
4 0.0921875 0.8390625 0.00546875 0.01484375
4 0.10625 0.8265625 0.00546875 0.01484375
4 0.109375 0.82109375 0.00546875 0.01328125
4 0.1140625 0.81875 0.00546875 0.01328125
4 0.11796875 0.8109375 0.00546875 0.0109375
4 0.12890625 0.840625 0.00703125 0.01875
4 0.14140625 0.83671875 0.00546875 0.01171875
4 0.16875 0.80078125 0.01015625 0.0109375
4 0.1859375 0.79609375 0.00859375 0.00703125
4 0.18984375 0.7859375 0.00703125 0.01015625
4 0.1984375 0.7765625 0.00546875 0.0109375
4 0.19609375 0.753125 0.009375 0.00625
4 0.20078125 0.7390625 0.00703125 0.01015625
4 0.20859375 0.72890625 0.00625 0.01328125
4 0.20703125 0.74375 0.00859375 0.009375
4 0.21171875 0.7359375 0.00703125 0.01015625
4 0.2203125 0.72421875 0.00625 0.01328125
4 0.2515625 0.678125 0.00546875 0.009375
4 0.25859375 0.67109375 0.00546875 0.00859375
4 0.26640625 0.66328125 0.00625 0.009375
4 0.27421875 0.6546875 0.0046875 0.0109375
4 0.26796875 0.63828125 0.00703125 0.01015625
4 0.28125 0.64921875 0.00703125 0.0109375
4 0.29609375 0.6125 0.00625 0.009375
4 0.3015625 0.6203125 0.00546875 0.00625
4 0.30703125 0.62421875 0.00859375 0.00859375
4 0.3109375 0.63125 0.00625 0.009375
4 0.315625 0.61953125 0.00625 0.0109375
4 0.328125 0.59375 0.00625 0.01015625
4 0.334375 0.57890625 0.00625 0.01171875
4 0.33046875 0.29453125 0.00859375 0.01640625
4 0.315625 0.23671875 0.00703125 0.01171875
4 0.31640625 0.01328125 0.00625 0.01640625
4 0.3234375 0.02578125 0.00625 0.0140625
4 0.32578125 0.03828125 0.00625 0.0140625
4 0.3203125 0.0421875 0.00625 0.01484375
4 0.32578125 0.0484375 0.00546875 0.01171875
4 0.33203125 0.06484375 0.00859375 0.015625
4 0.3703125 0.07890625 0.009375 0.01015625
4 0.36953125 0.07109375 0.009375 0.00703125
4 0.359375 0.05078125 0.00625 0.01484375
4 0.36875 0.09375 0.00625 0.015625
4 0.36640625 0.12890625 0.00625 0.01484375
4 0.3859375 0.1796875 0.00859375 0.0140625
4 0.3984375 0.14453125 0.00546875 0.009375
4 0.3953125 0.1296875 0.00625 0.01015625
4 0.3984375 0.13359375 0.00703125 0.00625
4 0.40078125 0.13828125 0.00859375 0.00625
4 0.40546875 0.14375 0.00703125 0.009375
4 0.409375 0.13359375 0.00703125 0.01015625
4 0.40546875 0.15546875 0.00859375 0.00703125
4 0.41015625 0.1609375 0.00625 0.009375
4 0.41796875 0.15390625 0.00625 0.01015625
4 0.42109375 0.1578125 0.0046875 0.0109375
4 0.41328125 0.17265625 0.0046875 0.00703125
4 0.41796875 0.17421875 0.003125 0.0109375
4 0.42890625 0.178125 0.0046875 0.0140625
4 0.43515625 0.18671875 0.00625 0.01171875
4 0.41171875 0.20703125 0.00859375 0.01484375
4 0.39375 0.20078125 0.00703125 0.01328125
4 0.39140625 0.21015625 0.00625 0.015625
4 0.421875 0.22109375 0.00703125 0.01484375
4 0.48046875 0.32890625 0.009375 0.01796875
4 0.52109375 0.3796875 0.009375 0.01328125
4 0.51328125 0.39765625 0.00859375 0.015625
4 0.54375 0.38359375 0.01015625 0.0140625
4 0.56640625 0.4046875 0.00859375 0.01484375
4 0.5765625 0.4421875 0.00859375 0.01796875
4 0.56796875 0.4515625 0.009375 0.01953125
4 0.62578125 0.5078125 0.00859375 0.0140625
4 0.60703125 0.053125 0.00859375 0.01640625
4 0.69296875 0.30703125 0.01171875 0.015625
4 0.73515625 0.27109375 0.00859375 0.01484375
4 0.778125 0.234375 0.009375 0.01640625
4 0.74921875 0.2234375 0.00703125 0.0109375
4 0.81328125 0.159375 0.00859375 0.01328125
4 0.63828125 0.58671875 0.01328125 0.009375
4 0.76640625 0.6390625 0.0046875 0.01953125
4 0.76953125 0.64453125 0.00859375 0.01796875
4 0.815625 0.71640625 0.0046875 0.01640625
4 0.81953125 0.71953125 0.00390625 0.01484375
4 0.821875 0.72109375 0.00546875 0.01953125
4 0.83203125 0.7296875 0.0046875 0.01796875
4 0.84296875 0.740625 0.00390625 0.01015625
4 0.8484375 0.74375 0.003125 0.0140625
4 0.853125 0.75234375 0.00546875 0.0140625
4 0.909375 0.79453125 0.00703125 0.01171875
4 0.9140625 0.840625 0.01171875 0.01875
4 0.971875 0.86484375 0.009375 0.00859375
4 0.9796875 0.85625 0.01015625 0.0140625
4 0.984375 0.88046875 0.00703125 0.01484375
4 0.98359375 0.94609375 0.01171875 0.01640625
4 0.76796875 0.81640625 0.00859375 0.0109375
4 0.76328125 0.80703125 0.01015625 0.009375
4 0.72109375 0.75625 0.00546875 0.009375
4 0.715625 0.7484375 0.00625 0.00859375
4 0.69140625 0.75703125 0.00859375 0.009375
4 0.6765625 0.740625 0.009375 0.009375
4 0.68125 0.71875 0.00859375 0.00859375
4 0.68203125 0.709375 0.01015625 0.00859375
4 0.69140625 0.70859375 0.00625 0.0109375
4 0.6359375 0.73984375 0.01171875 0.01171875
4 0.53203125 0.75078125 0.01328125 0.025
4 0.56328125 0.6390625 0.01171875 0.021875
4 0.4765625 0.834375 0.01015625 0.01328125
4 0.45 0.85859375 0.009375 0.01015625
4 0.43046875 0.85703125 0.009375 0.01484375
4 0.35546875 0.9359375 0.00859375 0.01796875
4 0.44453125 0.6796875 0.00625 0.02109375
4 0.37890625 0.7828125 0.01015625 0.0109375
4 0.29921875 0.8546875 0.00859375 0.01328125
4 0.2078125 0.946875 0.01015625 0.015625
4 0.25703125 0.89765625 0.00625 0.01796875
0 0.10859375 0.85859375 0.015625 0.0234375
0 0.146875 0.8234375 0.01328125 0.01640625
0 0.2734375 0.6640625 0.0140625 0.01796875
0 0.3359375 0.5890625 0.0109375 0.01640625
0 0.3515625 0.79296875 0.01640625 0.01875
0 0.39609375 0.77734375 0.01796875 0.01953125
0 0.28046875 0.871875 0.01875 0.0234375
0 0.1640625 0.98984375 0.02421875 0.01796875
0 0.34375 0.97421875 0.01796875 0.025
0 0.49140625 0.728125 0.015625 0.01953125
0 0.378125 0.42578125 0.01328125 0.02421875
0 0.371875 0.38515625 0.01171875 0.0234375
0 0.43046875 0.4140625 0.01640625 0.021875
0 0.33046875 0.0390625 0.01171875 0.0203125
0 0.33203125 0.05546875 0.01484375 0.02109375
0 0.371875 0.121875 0.01015625 0.0203125
0 0.38046875 0.13828125 0.01171875 0.0203125
0 0.415625 0.19921875 0.015625 0.021875
0 0.415625 0.225 0.01328125 0.02109375
0 0.60390625 0.2890625 0.01171875 0.0203125
0 0.603125 0.2609375 0.01171875 0.01484375
0 0.7078125 0.27265625 0.01484375 0.01953125
0 0.75625 0.65234375 0.0140625 0.021875
0 0.871875 0.76875 0.0109375 0.02109375
0 0.89921875 0.9703125 0.01171875 0.01640625
0 0.740625 0.75625 0.0140625 0.021875
0 0.678125 0.73046875 0.015625 0.01796875
3 0.34140625 0.0375 0.02421875 0.0515625
3 0.30078125 0.01796875 0.02109375 0.0359375
3 0.28828125 0.63203125 0.01484375 0.01953125
3 0.225 0.70703125 0.01953125 0.02578125
3 0.346875 0.6171875 0.02421875 0.03828125
3 0.82578125 0.91796875 0.0234375 0.034375
1 0.77890625 0.840625 0.0453125 0.0640625
1 0.7359375 0.80234375 0.04453125 0.0453125
1 0.41796875 0.2890625 0.03984375 0.0734375
1 0.378125 0.2203125 0.03203125 0.06328125
1 0.31875 0.58515625 0.0453125 0.071875
1 0.21953125 0.76015625 0.05 0.07109375
1 0.31640625 0.6609375 0.03046875 0.04921875
1 0.14609375 0.89453125 0.034375 0.065625
6 0.746875 0.78359375 0.03359375 0.04375
6 0.6984375 0.74609375 0.03125 0.0359375
3 0.72578125 0.7484375 0.01484375 0.0234375