4 0.04453125 0.45859375 0.01875 0.03203125
4 0.20078125 0.43671875 0.01640625 0.02578125
4 0.059375 0.54921875 0.01640625 0.01640625
4 0.103125 0.565625 0.015625 0.021875
4 0.06875 0.578125 0.01328125 0.0203125
4 0.053125 0.56640625 0.0140625 0.01640625
0 0.13125 0.615625 0.0203125 0.0296875
2 0.18125 0.5890625 0.02578125 0.0265625
4 0.15703125 0.603125 0.01484375 0.01484375
4 0.18828125 0.621875 0.0140625 0.01796875
4 0.1953125 0.65078125 0.01640625 0.01875
4 0.15625 0.61875 0.015625 0.015625
4 0.20078125 0.61171875 0.01484375 0.01796875
2 0.23046875 0.60390625 0.03125 0.03515625
2 0.290625 0.61796875 0.0265625 0.03046875
4 0.31953125 0.61015625 0.01015625 0.025
2 0.34296875 0.63046875 0.03359375 0.0265625
2 0.37578125 0.60859375 0.025 0.03125
4 0.3734375 0.66328125 0.0140625 0.01875
2 0.1078125 0.65 0.03125 0.034375
4 0.26796875 0.45859375 0.01796875 0.0234375
0 0.484375 0.93125 0.01328125 0.03828125
4 0.46796875 0.94375 0.01484375 0.02890625
4 0.46875 0.90859375 0.009375 0.034375
0 0.41796875 0.81875 0.01328125 0.04140625
0 0.43671875 0.834375 0.0140625 0.03671875
4 0.4265625 0.82421875 0.00859375 0.0359375
4 0.5046875 0.771875 0.01171875 0.02421875
4 0.49296875 0.790625 0.0109375 0.02578125
4 0.509375 0.79921875 0.01015625 0.021875
0 0.303125 0.8578125 0.0265625 0.0390625
4 0.3109375 0.8078125 0.01171875 0.03203125
0 0.4234375 0.6546875 0.025 0.02421875
2 0.40703125 0.61953125 0.02578125 0.02578125
2 0.4390625 0.6171875 0.0265625 0.0265625
4 0.40859375 0.59140625 0.015625 0.01640625
4 0.50859375 0.52421875 0.01796875 0.015625
4 0.48359375 0.575 0.01484375 0.021875
0 0.50703125 0.546875 0.02890625 0.01875
4 0.465625 0.6015625 0.0140625 0.0234375
4 0.46640625 0.6296875 0.0140625 0.01796875
4 0.4875 0.61640625 0.01875 0.021875
4 0.47578125 0.6453125 0.0140625 0.015625
4 0.49375 0.63671875 0.0140625 0.01796875
4 0.51171875 0.6453125 0.0140625 0.02109375
4 0.50625 0.6171875 0.01484375 0.021875
2 0.51171875 0.58671875 0.0265625 0.025
4 0.54921875 0.62734375 0.01640625 0.021875
4 0.5484375 0.58828125 0.015625 0.01953125
4 0.53125 0.59921875 0.01484375 0.01484375
4 0.534375 0.61875 0.01328125 0.01953125
2 0.565625 0.60234375 0.02421875 0.025
1 0.6359375 0.4984375 0.06015625 0.0546875
0 0.5125 0.41171875 0.0203125 0.04609375
4 0.559375 0.45859375 0.01328125 0.02109375
4 0.58125 0.48203125 0.0109375 0.025
4 0.5796875 0.446875 0.015625 0.01796875
2 0.6015625 0.55859375 0.028125 0.01953125
2 0.665625 0.5765625 0.03046875 0.025
2 0.70703125 0.5125 0.02890625 0.028125
2 0.74296875 0.5640625 0.03046875 0.034375
4 0.62890625 0.54921875 0.015625 0.01484375
4 0.63984375 0.565625 0.015625 0.01796875
4 0.5953125 0.603125 0.01015625 0.01640625
4 0.5984375 0.57890625 0.0140625 0.021875
4 0.6203125 0.58203125 0.0140625 0.01953125
0 0.8921875 0.55 0.021875 0.04140625
0 0.81796875 0.46875 0.02109375 0.025
4 0.79921875 0.39765625 0.009375 0.02890625
2 0.7796875 0.44296875 0.034375 0.034375
4 0.8296875 0.340625 0.00859375 0.0234375
4 0.8578125 0.3984375 0.01171875 0.0359375
4 0.815625 0.34375 0.00859375 0.02421875
4 0.83828125 0.35546875 0.00859375 0.0234375
4 0.8734375 0.33203125 0.009375 0.028125
4 0.88046875 0.396875 0.00859375 0.02890625
4 0.89453125 0.3984375 0.01171875 0.028125
4 0.921875 0.39375 0.009375 0.034375
4 0.9515625 0.38671875 0.01328125 0.02421875
4 0.9640625 0.34140625 0.01484375 0.03359375
4 0.91953125 0.3359375 0.0109375 0.02421875
4 0.93671875 0.33515625 0.0140625 0.021875
4 0.8609375 0.34296875 0.01015625 0.03203125
0 0.5765625 0.3875 0.01484375 0.0390625
4 0.615625 0.309375 0.0109375 0.02421875
4 0.61875 0.33203125 0.01328125 0.0203125
4 0.6265625 0.309375 0.0140625 0.0234375
4 0.628125 0.34609375 0.01328125 0.015625
4 0.6375 0.36796875 0.021875 0.02421875
0 0.5015625 0.3296875 0.0140625 0.03671875
4 0.5328125 0.3265625 0.01484375 0.028125
4 0.48125 0.25859375 0.01328125 0.0234375
4 0.5140625 0.09296875 0.01171875 0.025
2 0.5328125 0.06328125 0.02109375 0.0484375
2 0.484375 0.11953125 0.021875 0.03984375
4 0.4734375 0.14765625 0.01953125 0.01640625
4 0.4703125 0.1609375 0.0140625 0.01875
4 0.36015625 0.35703125 0.009375 0.02421875
4 0.3734375 0.35390625 0.00859375 0.03359375
4 0.384375 0.35078125 0.00546875 0.02109375
4 0.39921875 0.34921875 0.00703125 0.028125
4 0.4109375 0.3453125 0.009375 0.02890625
4 0.396875 0.30859375 0.01015625 0.01875
4 0.41328125 0.29921875 0.01015625 0.021875
4 0.41796875 0.271875 0.0140625 0.01484375
4 0.42734375 0.3015625 0.01484375 0.015625
4 0.44453125 0.23828125 0.0140625 0.01875
4 0.43125 0.25625 0.01328125 0.01875
4 0.43828125 0.28359375 0.01171875 0.01796875
4 0.44453125 0.26953125 0.0140625 0.01796875
0 0.4609375 0.26875 0.015625 0.03359375
4 0.3109375 0.43515625 0.01640625 0.01875
0 0.33984375 0.44296875 0.01796875 0.0203125
4 0.32109375 0.45078125 0.01171875 0.01640625
0 0.34453125 0.465625 0.01875 0.01640625
0 0.365625 0.465625 0.01953125 0.015625
0 0.34140625 0.5046875 0.02109375 0.01953125
0 0.36328125 0.5109375 0.01953125 0.01953125
0 0.33046875 0.53828125 0.0234375 0.021875
1 0.3296875 0.56328125 0.0765625 0.034375
4 0.32890625 0.4640625 0.01328125 0.0109375
4 0.328125 0.475 0.01875 0.01640625
4 0.36328125 0.421875 0.0140625 0.015625
4 0.359375 0.43359375 0.0140625 0.01328125
4 0.375 0.43828125 0.01171875 0.015625
4 0.35859375 0.44765625 0.0109375 0.015625
4 0.3703125 0.4484375 0.01328125 0.01328125
4 0.559375 0.30078125 0.009375 0.0203125
4 0.54140625 0.2484375 0.01328125 0.0265625
4 0.53828125 0.2765625 0.01171875 0.01953125
2 0.60546875 0.028125 0.01640625 0.05390625
0 0.5953125 0.08046875 0.0140625 0.04296875
0 0.61796875 0.07265625 0.01171875 0.03515625
0 0.61015625 0.1140625 0.01015625 0.0390625
4 0.60703125 0.084375 0.009375 0.0203125
4 0.6 0.103125 0.0109375 0.01484375
4 0.60625 0.14921875 0.01015625 0.021875
0 0.6078125 0.18046875 0.01171875 0.03359375
4 0.59921875 0.21875 0.015625 0.01875
2 0.59375 0.17890625 0.01640625 0.0484375
0 0.6 0.25078125 0.01015625 0.03671875
0 0.58671875 0.290625 0.0140625 0.03203125
0 0.58203125 0.221875 0.01171875 0.034375
0 0.58046875 0.2609375 0.009375 0.03203125
0 0.59140625 0.25390625 0.0109375 0.0390625
6 0.571875 0.15625 0.04921875 0.11484375
6 0.55703125 0.25625 0.04453125 0.1015625
4 0.571875 0.25703125 0.00859375 0.03359375