4 0.20625 0.45859375 0.01640625 0.01875
4 0.24453125 0.59453125 0.015625 0.0203125
2 0.23828125 0.56953125 0.0265625 0.02890625
2 0.49453125 0.51640625 0.02421875 0.02890625
2 0.49609375 0.36875 0.02890625 0.0265625
2 0.65703125 0.503125 0.02890625 0.028125
4 0.640625 0.546875 0.0140625 0.01796875
2 0.81953125 0.465625 0.0234375 0.025
2 0.88203125 0.46328125 0.028125 0.0265625
4 0.83828125 0.40390625 0.0140625 0.01484375
4 0.93671875 0.4765625 0.01796875 0.021875
3 0.83984375 0.3828125 0.02109375 0.02578125
2 0.896875 0.321875 0.03046875 0.0265625
2 0.98359375 0.31328125 0.02890625 0.025
2 0.77421875 0.24140625 0.03046875 0.0265625
2 0.76640625 0.159375 0.0296875 0.028125
4 0.5640625 0.33984375 0.01640625 0.01953125
4 0.9953125 0.4984375 0.009375 0.02578125
2 0.1640625 0.60546875 0.02890625 0.03203125
2 0.13203125 0.54921875 0.03046875 0.02890625
2 0.13046875 0.5890625 0.03125 0.0296875
2 0.08046875 0.56015625 0.0296875 0.02421875
2 0.07890625 0.58359375 0.03359375 0.028125
2 0.01796875 0.55 0.03046875 0.025
4 0.05234375 0.4734375 0.01796875 0.025
4 0.08828125 0.54140625 0.015625 0.0203125
4 0.03203125 0.53828125 0.02421875 0.02421875
4 0.01640625 0.58046875 0.015625 0.01875
4 0.02890625 0.565625 0.01796875 0.01796875
4 0.0421875 0.584375 0.02890625 0.0265625
0 0.0359375 0.6015625 0.02109375 0.01875
4 0.034375 0.615625 0.01796875 0.0203125
2 0.05 0.56171875 0.028125 0.02578125
2 0.05546875 0.53984375 0.02421875 0.0234375
2 0.146875 0.27890625 0.02421875 0.04921875
2 0.03046875 0.2953125 0.02421875 0.0515625
0 0.015625 0.29296875 0.01640625 0.034375
4 0.0046875 0.28984375 0.00859375 0.03125
2 0.00625 0.315625 0.0125 0.059375
0 0.18984375 0.390625 0.0234375 0.0234375
4 0.0953125 0.4 0.0140625 0.03203125