0 0.64921875 0.20546875 0.0234375 0.03125
4 0.571875 0.1875 0.01640625 0.02421875
4 0.57421875 0.26796875 0.01796875 0.02890625
0 0.5015625 0.1484375 0.01875 0.03046875
2 0.55546875 0.078125 0.0203125 0.02890625
4 0.69375 0.12265625 0.0109375 0.028125
4 0.703125 0.121875 0.0109375 0.02890625
4 0.70546875 0.15625 0.01875 0.021875
4 0.6765625 0.121875 0.01796875 0.03515625
4 0.74453125 0.23671875 0.01640625 0.021875
4 0.76796875 0.228125 0.01796875 0.02578125
4 0.803125 0.225 0.01640625 0.028125
0 0.77421875 0.21015625 0.0203125 0.0296875
2 0.83671875 0.1671875 0.02578125 0.03125
2 0.77578125 0.14609375 0.015625 0.0484375
2 0.81640625 0.0203125 0.01640625 0.040625
4 0.89140625 0.22578125 0.01875 0.01953125
4 0.96640625 0.22265625 0.01796875 0.0296875
3 0.88359375 0.165625 0.02109375 0.03125
3 0.9234375 0.16328125 0.02578125 0.03046875
4 0.9796875 0.41640625 0.021875 0.03125
2 0.97265625 0.390625 0.028125 0.03359375
2 0.95078125 0.36875 0.03046875 0.03359375
3 0.928125 0.3578125 0.02890625 0.03828125
1 0.93515625 0.39609375 0.06015625 0.03984375
1 0.8765625 0.3953125 0.071875 0.04140625
1 0.80390625 0.390625 0.0765625 0.03984375
2 0.83125 0.359375 0.02890625 0.02890625
2 0.85546875 0.36484375 0.03125 0.03125
4 0.86640625 0.38203125 0.02421875 0.025
4 0.8015625 0.41328125 0.0234375 0.0265625
4 0.8203125 0.45078125 0.01640625 0.021875
0 0.928125 0.425 0.03203125 0.03359375
2 0.7734375 0.43203125 0.03125 0.034375
4 0.7640625 0.4140625 0.01953125 0.02421875
2 0.90703125 0.36328125 0.03125 0.0359375
2 0.88125 0.3609375 0.03125 0.03046875
6 0.80546875 0.3625 0.03203125 0.03125
0 0.778125 0.36640625 0.0234375 0.03359375
2 0.75234375 0.3609375 0.02890625 0.03125
6 0.740625 0.38359375 0.04453125 0.03203125
4 0.73671875 0.403125 0.01796875 0.02578125
4 0.7296875 0.415625 0.015625 0.01953125
2 0.7109375 0.35859375 0.02890625 0.028125
4 0.690625 0.36484375 0.015625 0.01875
4 0.70078125 0.37421875 0.01796875 0.02421875
4 0.70703125 0.3890625 0.01484375 0.0234375
4 0.70234375 0.41796875 0.01640625 0.02109375
2 0.70859375 0.40390625 0.02578125 0.028125
4 0.709375 0.4421875 0.01796875 0.0296875
4 0.6875 0.44453125 0.01875 0.021875
4 0.678125 0.44453125 0.0140625 0.021875
4 0.68671875 0.41484375 0.01484375 0.015625
4 0.6890625 0.4046875 0.01953125 0.02109375
4 0.68046875 0.4015625 0.015625 0.01796875
4 0.6734375 0.41640625 0.01484375 0.01875
2 0.63046875 0.44375 0.021875 0.03046875
2 0.66328125 0.434375 0.02890625 0.028125
0 0.63515625 0.421875 0.0265625 0.021875
0 0.63203125 0.4046875 0.02109375 0.021875
2 0.6390625 0.37890625 0.0296875 0.0265625
2 0.6484375 0.3609375 0.025 0.02890625
4 0.6265625 0.35703125 0.01484375 0.01796875
4 0.63125 0.34453125 0.01640625 0.01875
4 0.6484375 0.4015625 0.015625 0.0203125
4 0.65078125 0.39375 0.01953125 0.02109375
4 0.66328125 0.3953125 0.01484375 0.0203125
4 0.65234375 0.41875 0.01484375 0.02109375
4 0.66171875 0.4203125 0.01484375 0.01640625
4 0.66171875 0.4078125 0.01640625 0.01640625
2 0.66796875 0.38203125 0.02578125 0.0234375
2 0.67578125 0.3625 0.028125 0.0265625
2 0.69296875 0.38671875 0.025 0.02578125
4 0.54609375 0.35546875 0.01484375 0.02578125
4 0.55546875 0.32421875 0.0140625 0.02421875
4 0.546875 0.30546875 0.015625 0.0203125
4 0.534375 0.29609375 0.0140625 0.02578125
4 0.52578125 0.2890625 0.0140625 0.02421875
4 0.49921875 0.34765625 0.01328125 0.021875
2 0.528125 0.35625 0.01953125 0.0390625
2 0.50859375 0.365625 0.0203125 0.04921875
4 0.4890625 0.3984375 0.0140625 0.02890625
4 0.48125 0.34375 0.01328125 0.021875
2 0.51953125 0.434375 0.02421875 0.04375
2 0.484375 0.4546875 0.01796875 0.04609375
2 0.496875 0.44921875 0.01953125 0.04921875
4 0.50625 0.45 0.009375 0.0265625
4 0.503125 0.4734375 0.009375 0.021875
4 0.459375 0.215625 0.01328125 0.03203125
3 0.41640625 0.34296875 0.02421875 0.03125
2 0.42421875 0.4015625 0.0234375 0.04453125
2 0.44609375 0.45 0.0203125 0.0453125
2 0.459375 0.49609375 0.01796875 0.0484375
4 0.465625 0.55703125 0.01171875 0.025
4 0.4734375 0.54921875 0.01171875 0.0265625
4 0.50390625 0.5546875 0.009375 0.02578125
2 0.484375 0.54921875 0.01796875 0.05390625
2 0.490625 0.5015625 0.01796875 0.04921875
2 0.50625 0.50859375 0.015625 0.0484375
0 0.48359375 0.6015625 0.01328125 0.034375
2 0.46875 0.634375 0.0140625 0.040625
2 0.4796875 0.64453125 0.01875 0.04140625
2 0.49453125 0.6359375 0.015625 0.05078125
4 0.49609375 0.66484375 0.01328125 0.02421875
2 0.48671875 0.6859375 0.01796875 0.0515625
2 0.4484375 0.70078125 0.0140625 0.04609375
2 0.46171875 0.69765625 0.015625 0.0515625
2 0.46953125 0.7234375 0.01484375 0.04375
2 0.48125 0.74375 0.01875 0.0484375
3 0.4546875 0.7515625 0.01484375 0.03515625
3 0.4515625 0.78828125 0.01640625 0.03828125
2 0.4640625 0.77421875 0.01640625 0.0515625
4 0.46953125 0.78671875 0.01015625 0.0265625
2 0.48046875 0.79375 0.01875 0.04453125
0 0.46328125 0.82578125 0.015625 0.03515625
2 0.4703125 0.83828125 0.01796875 0.04453125
2 0.453125 0.8609375 0.015625 0.046875
2 0.46171875 0.87890625 0.01484375 0.05078125
2 0.47421875 0.88046875 0.0140625 0.0515625
3 0.44609375 0.93125 0.0140625 0.05078125
2 0.459375 0.92421875 0.01875 0.04453125
2 0.4671875 0.95234375 0.01796875 0.04609375
0 0.396875 0.23359375 0.01953125 0.02578125
0 0.41171875 0.228125 0.025 0.0265625
2 0.4109375 0.20625 0.0234375 0.025
4 0.33046875 0.15546875 0.01953125 0.021875
0 0.26796875 0.21640625 0.01875 0.03046875
2 0.2171875 0.16796875 0.025 0.02578125
2 0.1078125 0.19765625 0.0265625 0.028125
0 0.0359375 0.03359375 0.0203125 0.03359375
4 0.02109375 0.06875 0.015625 0.028125
4 0.0078125 0.08125 0.01484375 0.01953125
4 0.00625 0.0890625 0.0125 0.021875
2 0.0875 0.58125 0.02421875 0.025
2 0.04375 0.57734375 0.02578125 0.028125
2 0.03671875 0.60390625 0.02578125 0.02578125
2 0.034375 0.69140625 0.0234375 0.02421875
2 0.61875 0.01328125 0.01796875 0.02578125
2 0.53515625 0.01171875 0.0171875 0.0234375
2 0.69765625 0.43359375 0.028125 0.02578125
4 0.63046875 0.4140625 0.01640625 0.01796875
4 0.640625 0.39609375 0.01484375 0.021875
4 0.4984375 0.49375 0.01328125 0.0265625
6 0.34453125 0.41796875 0.0265625 0.03046875
4 0.32890625 0.42890625 0.01328125 0.01484375
4 0.30078125 0.59140625 0.0140625 0.01953125
4 0.2984375 0.59921875 0.01328125 0.01796875
4 0.29609375 0.6109375 0.01171875 0.0234375