2 0.29921875 0.796875 0.02578125 0.0296875
2 0.053125 0.89921875 0.02421875 0.02421875
2 0.459375 0.8296875 0.028125 0.0453125
2 0.06953125 0.78828125 0.0265625 0.034375
2 0.19296875 0.64375 0.02578125 0.03515625
2 0.65625 0.7609375 0.02421875 0.03125
4 0.46796875 0.40546875 0.01796875 0.03125
4 0.50703125 0.47421875 0.01328125 0.0359375
4 0.48125 0.49140625 0.01796875 0.028125
4 0.4359375 0.6890625 0.01640625 0.03046875
4 0.4390625 0.76328125 0.01484375 0.025
4 0.61953125 0.75390625 0.0140625 0.03046875
4 0.659375 0.78359375 0.015625 0.01875
4 0.64296875 0.85546875 0.015625 0.025
4 0.73828125 0.884375 0.01640625 0.0265625
3 0.58203125 0.80546875 0.02890625 0.0453125
3 0.5171875 0.78828125 0.0265625 0.03125
0 0.05703125 0.921875 0.01640625 0.01953125
2 0.5109375 0.28046875 0.01796875 0.053125
2 0.51796875 0.10078125 0.015625 0.05546875
4 0.53125 0.2953125 0.009375 0.03515625
0 0.85703125 0.790625 0.02109375 0.0234375
0 0.9546875 0.8765625 0.0234375 0.01953125
0 0.6078125 0.64375 0.01953125 0.02109375
5 0.9796875 0.9 0.040625 0.03125