2 0.34140625 0.29453125 0.01796875 0.01484375
2 0.4015625 0.25703125 0.01171875 0.02109375
2 0.3921875 0.2203125 0.01640625 0.01875
2 0.50703125 0.33046875 0.00859375 0.02890625
2 0.51875 0.328125 0.00859375 0.0296875
2 0.55859375 0.31875 0.00703125 0.025
2 0.56796875 0.31953125 0.00859375 0.02421875
2 0.9609375 0.86484375 0.0109375 0.0265625
2 0.94609375 0.9015625 0.009375 0.0265625
2 0.71953125 0.65390625 0.00859375 0.0234375
6 0.884375 0.6359375 0.03984375 0.0203125
5 0.71796875 0.38359375 0.04609375 0.01953125
6 0.66171875 0.38515625 0.04140625 0.01953125
6 0.2796875 0.63984375 0.03046875 0.01953125
6 0.14765625 0.65 0.03828125 0.01953125
6 0.121875 0.68359375 0.0390625 0.025
4 0.5484375 0.28046875 0.0046875 0.0140625
3 0.75859375 0.85234375 0.021875 0.01796875
3 0.71796875 0.89921875 0.01015625 0.03515625
4 0.52578125 0.28125 0.003125 0.0140625
4 0.54296875 0.29453125 0.003125 0.01484375
4 0.56875 0.28359375 0.0046875 0.01484375
4 0.5796875 0.30703125 0.00390625 0.01484375
4 0.56796875 0.24296875 0.003125 0.01484375
4 0.53359375 0.23125 0.003125 0.01015625
4 0.54140625 0.23046875 0.0046875 0.01171875
4 0.58125 0.24375 0.00390625 0.01328125
4 0.51875 0.28046875 0.00390625 0.01328125
4 0.4140625 0.275 0.00390625 0.01328125
4 0.57421875 0.24453125 0.003125 0.01328125
4 0.53125 0.28203125 0.003125 0.0140625
4 0.5390625 0.296875 0.003125 0.01328125
4 0.54609375 0.296875 0.003125 0.01171875
0 0.82109375 0.64375 0.01484375 0.01484375
2 0.68203125 0.6484375 0.00546875 0.025
2 0.67578125 0.63203125 0.00625 0.025
2 0.6671875 0.63359375 0.00703125 0.021875
2 0.67421875 0.65546875 0.00625 0.01953125
0 0.8203125 0.603125 0.01171875 0.00859375
2 0.9734375 0.91640625 0.00703125 0.0234375
2 0.97734375 0.85703125 0.01328125 0.02421875
5 0.96484375 0.55859375 0.0703125 0.0234375
2 0.98828125 0.80859375 0.01484375 0.03046875
0 0.815625 0.590625 0.01171875 0.01328125
6 0.71171875 0.6046875 0.02578125 0.01640625
4 0.48828125 0.553125 0.00703125 0.00859375
2 0.9796875 0.396875 0.01484375 0.01328125
0 0.30625 0.62109375 0.01171875 0.009375
4 0.103125 0.47890625 0.00703125 0.00859375
3 0.39296875 0.56484375 0.01875 0.01328125
4 0.8921875 0.5796875 0.00703125 0.01328125
4 0.6765625 0.41796875 0.00703125 0.00859375
2 0.87890625 0.4890625 0.01484375 0.01328125
6 0.4953125 0.6234375 0.028125 0.01796875
2 0.3109375 0.53984375 0.01171875 0.01171875
6 0.35546875 0.5515625 0.025 0.01484375
2 0.13984375 0.48203125 0.0140625 0.0109375
6 0.51640625 0.4734375 0.03671875 0.01796875
4 0.7765625 0.39453125 0.009375 0.009375
6 0.7703125 0.48671875 0.01875 0.015625
2 0.390625 0.46171875 0.0140625 0.01171875
5 0.67578125 0.45625 0.04453125 0.01875
1 0.31015625 0.60625 0.02890625 0.01484375
4 0.10703125 0.60625 0.00703125 0.00859375
4 0.56796875 0.60703125 0.00859375 0.01015625
4 0.76953125 0.5796875 0.00859375 0.0109375
2 0.9921875 0.59140625 0.015625 0.01640625
4 0.93671875 0.57890625 0.00625 0.01015625