2 0.51171875 0.459375 0.025 0.03046875
4 0.4796875 0.4765625 0.0203125 0.01875
0 0.4484375 0.26796875 0.01015625 0.025
2 0.4296875 0.29140625 0.025 0.0390625
2 0.3953125 0.21171875 0.0203125 0.03359375
2 0.4109375 0.178125 0.0234375 0.03828125
2 0.371875 0.1703125 0.01953125 0.034375
2 0.3421875 0.14921875 0.01640625 0.03125
2 0.365625 0.27109375 0.02421875 0.04296875
4 0.409375 0.221875 0.01171875 0.01953125
4 0.43125 0.26640625 0.00859375 0.01328125
4 0.39765625 0.12421875 0.0109375 0.0203125
2 0.334375 0.090625 0.0203125 0.0359375
2 0.2484375 0.02109375 0.021875 0.03203125
2 0.284375 0.0390625 0.01875 0.03515625
4 0.265625 0.06171875 0.01171875 0.0203125
4 0.2765625 0.06171875 0.01328125 0.0203125
2 0.36171875 0.03671875 0.025 0.04375
2 0.40234375 0.3859375 0.021875 0.040625
2 0.40234375 0.5234375 0.025 0.03125
2 0.43046875 0.54375 0.02421875 0.0265625
4 0.43515625 0.515625 0.01171875 0.01484375
4 0.44921875 0.4953125 0.01015625 0.01484375
4 0.4578125 0.5078125 0.0109375 0.0140625
4 0.50546875 0.41875 0.0109375 0.015625
4 0.50859375 0.4015625 0.01171875 0.0140625
4 0.5234375 0.40546875 0.01015625 0.015625
4 0.53671875 0.4015625 0.01484375 0.01484375
4 0.3859375 0.553125 0.01015625 0.01484375
4 0.40546875 0.55390625 0.01015625 0.01328125
4 0.39609375 0.565625 0.01015625 0.0109375
4 0.409375 0.56953125 0.01171875 0.0109375
4 0.37421875 0.56796875 0.01015625 0.01640625
4 0.371875 0.6 0.00859375 0.015625
4 0.3640625 0.61328125 0.00703125 0.009375
4 0.3734375 0.61875 0.01171875 0.0109375
4 0.3640625 0.628125 0.009375 0.009375
4 0.35546875 0.63671875 0.009375 0.0109375
2 0.34921875 0.61328125 0.01875 0.03046875
6 0.35078125 0.66796875 0.025 0.040625
4 0.334375 0.65546875 0.0046875 0.0140625
4 0.32734375 0.66171875 0.00546875 0.01484375
4 0.315625 0.6640625 0.00859375 0.01328125
4 0.33359375 0.68046875 0.00546875 0.01640625
4 0.33203125 0.63359375 0.00859375 0.0140625
2 0.30390625 0.69140625 0.01640625 0.0296875
2 0.31640625 0.71796875 0.01875 0.03359375
2 0.29609375 0.74296875 0.01875 0.03125
2 0.2671875 0.75390625 0.01875 0.03125
2 0.2765625 0.7828125 0.0203125 0.03046875
5 0.25625 0.815625 0.01875 0.04375
2 0.2265625 0.81953125 0.01796875 0.03828125
2 0.23515625 0.8453125 0.01640625 0.03125
4 0.23203125 0.95078125 0.009375 0.01171875
4 0.21796875 0.84609375 0.01171875 0.0140625
2 0.215625 0.86875 0.01796875 0.02890625
2 0.19453125 0.871875 0.021875 0.034375
2 0.19921875 0.90546875 0.0234375 0.034375
2 0.16796875 0.915625 0.0203125 0.028125
2 0.178125 0.9328125 0.0203125 0.03046875
2 0.1484375 0.95078125 0.0203125 0.03125
2 0.16484375 0.965625 0.02421875 0.028125
2 0.1421875 0.9859375 0.01875 0.0265625
2 0.18359375 0.79375 0.021875 0.025
2 0.19296875 0.68671875 0.02578125 0.03359375
2 0.16796875 0.7328125 0.01875 0.03359375
0 0.228125 0.69375 0.01484375 0.025
2 0.72421875 0.8609375 0.021875 0.0234375
0 0.7859375 0.98828125 0.01484375 0.0234375
4 0.6734375 0.940625 0.01015625 0.01484375
2 0.62421875 0.94609375 0.02578125 0.02421875
2 0.696875 0.66484375 0.01796875 0.03515625
2 0.7078125 0.7 0.01640625 0.03046875
0 0.61796875 0.54140625 0.01328125 0.01171875
4 0.6171875 0.55703125 0.00703125 0.00703125
4 0.61953125 0.5640625 0.009375 0.009375
4 0.62421875 0.55078125 0.01171875 0.00703125
4 0.62109375 0.5296875 0.01328125 0.00859375
4 0.625 0.51953125 0.01328125 0.00625
4 0.61875 0.50859375 0.009375 0.01171875
4 0.61640625 0.49609375 0.00703125 0.00859375
4 0.60703125 0.5015625 0.00703125 0.0109375
4 0.60703125 0.5125 0.00859375 0.009375
4 0.6578125 0.45859375 0.00625 0.0140625
4 0.646875 0.4765625 0.0046875 0.01796875
4 0.64296875 0.471875 0.00546875 0.01484375
2 0.63828125 0.50078125 0.01171875 0.0359375
4 0.6375 0.45546875 0.01015625 0.009375
4 0.621875 0.4515625 0.00859375 0.00703125
4 0.6296875 0.465625 0.00859375 0.009375
4 0.62109375 0.4765625 0.01015625 0.009375
4 0.6109375 0.45859375 0.009375 0.00859375
4 0.603125 0.44375 0.01015625 0.0109375
4 0.63515625 0.43984375 0.0046875 0.015625
4 0.63828125 0.4234375 0.00546875 0.01171875
4 0.625 0.421875 0.00625 0.01171875
4 0.63125 0.4234375 0.00625 0.01640625
2 0.61328125 0.4203125 0.01875 0.03046875
2 0.6125 0.39140625 0.01640625 0.03203125
3 0.63671875 0.39140625 0.0203125 0.03515625
2 0.23515625 0.5203125 0.0203125 0.04140625
0 0.3375 0.52578125 0.01875 0.01875
4 0.32890625 0.53828125 0.00703125 0.01640625
0 0.63671875 0.36640625 0.0109375 0.01796875
2 0.634375 0.33671875 0.01796875 0.03203125
2 0.653125 0.33828125 0.01796875 0.03203125
2 0.6515625 0.30546875 0.01875 0.0296875
2 0.66796875 0.3125 0.01640625 0.0265625
2 0.665625 0.27578125 0.01796875 0.03046875
1 0.7015625 0.29296875 0.05078125 0.08515625
4 0.6734375 0.25078125 0.01015625 0.01171875
4 0.66796875 0.215625 0.01171875 0.0109375
4 0.69296875 0.21875 0.01015625 0.01015625
4 0.6796875 0.23515625 0.009375 0.01015625
2 0.70703125 0.21875 0.01796875 0.02890625
2 0.71796875 0.18984375 0.0203125 0.0265625
2 0.734375 0.16328125 0.0234375 0.025
2 0.74453125 0.18515625 0.025 0.025
2 0.72578125 0.2109375 0.01796875 0.03203125
2 0.74140625 0.2203125 0.01953125 0.03203125
2 0.7703125 0.19453125 0.01953125 0.0296875
0 0.753125 0.15390625 0.01171875 0.0203125
0 0.784375 0.15859375 0.015625 0.01953125
3 0.7640625 0.17109375 0.01640625 0.01875
4 0.75390625 0.2125 0.00859375 0.01171875
4 0.76953125 0.21640625 0.00859375 0.01328125
4 0.7984375 0.18203125 0.01015625 0.01171875
4 0.76484375 0.15546875 0.01015625 0.01015625
4 0.79453125 0.16328125 0.00859375 0.01328125
0 0.77890625 0.13203125 0.0140625 0.0203125
0 0.79375 0.13125 0.01328125 0.01953125
3 0.75859375 0.12890625 0.01640625 0.02421875
2 0.73203125 0.115625 0.0203125 0.02890625
0 0.728125 0.08671875 0.01484375 0.0203125
2 0.77578125 0.10078125 0.01875 0.02890625
2 0.79453125 0.10859375 0.01640625 0.0265625
0 0.7953125 0.0859375 0.01640625 0.01640625
4 0.81953125 0.0890625 0.00859375 0.01484375
4 0.8109375 0.12109375 0.01015625 0.01328125
4 0.8140625 0.13046875 0.00859375 0.01328125
3 0.74140625 0.24296875 0.0140625 0.021875
6 0.83203125 0.1328125 0.02578125 0.03671875
2 0.8734375 0.18671875 0.01640625 0.03203125
2 0.928125 0.3140625 0.01640625 0.03828125
2 0.94453125 0.3765625 0.02109375 0.01953125
2 0.9765625 0.3796875 0.01484375 0.03203125
2 0.990625 0.41640625 0.01875 0.034375
4 0.84140625 0.06484375 0.01484375 0.01484375
2 0.72578125 0.0265625 0.02109375 0.03125
2 0.69765625 0.03828125 0.00859375 0.034375
0 0.6796875 0.0765625 0.01328125 0.02109375
0 0.66640625 0.0890625 0.01328125 0.02421875
2 0.809375 0.05390625 0.0203125 0.03359375
6 0.428125 0.21796875 0.02890625 0.059375