2 0.47421875 0.53203125 0.03203125 0.03125
2 0.77109375 0.23515625 0.03046875 0.034375
2 0.7640625 0.1546875 0.03203125 0.0359375
4 0.18828125 0.39296875 0.02578125 0.03046875
2 0.14453125 0.28203125 0.0234375 0.04453125
2 0.04609375 0.13359375 0.025 0.04921875
2 0.03046875 0.19921875 0.0234375 0.0484375
2 0.02578125 0.3015625 0.0234375 0.05546875
2 0.02265625 0.25390625 0.01875 0.05
4 0.03359375 0.2640625 0.01171875 0.0296875
0 0.0421875 0.275 0.01796875 0.03203125
2 0.0421875 0.225 0.01953125 0.05625
0 0.01328125 0.2921875 0.01640625 0.0296875
4 0.003125 0.284375 0.00625 0.03671875
2 0.00625 0.3234375 0.0125 0.059375
4 0.80859375 0.51328125 0.028125 0.03125
2 0.89609375 0.31953125 0.040625 0.03515625
2 0.846875 0.3640625 0.03125 0.03203125
2 0.98125 0.31171875 0.034375 0.034375
4 0.0484375 0.25078125 0.0140625 0.0265625
2 0.1046875 0.5515625 0.03359375 0.0390625
4 0.5640625 0.3359375 0.01796875 0.02109375