6 0.3453125 0.6765625 0.02578125 0.04296875
2 0.6890625 0.25078125 0.0203125 0.03515625
2 0.6359375 0.3390625 0.01796875 0.034375
1 0.53046875 0.57265625 0.04453125 0.09140625
2 0.40546875 0.58125 0.01953125 0.02890625
0 0.33671875 0.525 0.01484375 0.01875
2 0.18515625 0.790625 0.01640625 0.03046875
4 0.3859375 0.59296875 0.00859375 0.01328125
0 0.23046875 0.69296875 0.0140625 0.0203125
2 0.31796875 0.7203125 0.01953125 0.03125
2 0.6671875 0.2765625 0.01796875 0.0296875
4 0.3640625 0.621875 0.00859375 0.01484375
2 0.36796875 0.64453125 0.02109375 0.03046875
2 0.48046875 0.5015625 0.01796875 0.03359375
1 0.40390625 0.2765625 0.02890625 0.07890625
2 0.74375 0.93203125 0.02109375 0.03828125
2 0.72421875 0.86484375 0.02109375 0.0234375
4 0.40078125 0.19609375 0.00859375 0.01640625
4 0.64921875 0.48359375 0.00703125 0.015625
2 0.70859375 0.22109375 0.01796875 0.03125
2 0.834375 0.134375 0.0265625 0.03828125
2 0.7265625 0.02578125 0.01875 0.03203125
0 0.684375 0.078125 0.0140625 0.02421875
0 0.6703125 0.0921875 0.01171875 0.02421875
2 0.19921875 0.90625 0.0203125 0.0359375
2 0.23828125 0.84609375 0.01875 0.03125
2 0.25703125 0.8140625 0.025 0.03984375
2 0.1984375 0.68203125 0.0203125 0.03515625
2 0.296875 0.74375 0.0203125 0.03359375
2 0.278125 0.78046875 0.02109375 0.03125
2 0.3890625 0.61796875 0.01875 0.028125
4 0.37578125 0.603125 0.00703125 0.01484375
0 0.359375 0.30234375 0.0140625 0.0234375
2 0.21796875 0.86953125 0.01796875 0.03046875
4 0.3875 0.553125 0.009375 0.0140625
5 0.640625 0.3953125 0.02109375 0.03671875
2 0.2359375 0.51796875 0.015625 0.03515625
4 0.371875 0.621875 0.00546875 0.01171875
2 0.178125 0.9328125 0.01953125 0.03359375
2 0.65390625 0.34140625 0.01953125 0.034375
2 0.615625 0.38828125 0.01875 0.03203125
4 0.3359375 0.1453125 0.009375 0.01953125
0 0.63828125 0.365625 0.01171875 0.01796875
4 0.74609375 0.04140625 0.00859375 0.0234375
2 0.16328125 0.9671875 0.0203125 0.03671875
2 0.65390625 0.30546875 0.01796875 0.034375
2 0.54609375 0.70078125 0.01796875 0.0359375
4 0.56953125 0.65703125 0.00859375 0.01484375
2 0.67109375 0.31484375 0.01796875 0.03046875
2 0.403125 0.525 0.0203125 0.034375
4 0.34765625 0.653125 0.00859375 0.01640625
2 0.74296875 0.22109375 0.0203125 0.03515625
2 0.71953125 0.19375 0.015625 0.02890625
1 0.70390625 0.29609375 0.0484375 0.0859375
2 0.7359375 0.1640625 0.01796875 0.034375
0 0.753125 0.1546875 0.01328125 0.02421875
0 0.7296875 0.25234375 0.01171875 0.02109375
2 0.73046875 0.21796875 0.01796875 0.02890625
4 0.6734375 0.25234375 0.00625 0.015625
6 0.59140625 0.77734375 0.03046875 0.05546875
2 0.64296875 0.88828125 0.01875 0.03125
2 0.14296875 0.984375 0.01875 0.0296875
4 0.36953125 0.60390625 0.00625 0.01015625
4 0.60703125 0.4984375 0.00859375 0.0140625
3 0.76171875 0.134375 0.01484375 0.02578125
2 0.7453125 0.18515625 0.0203125 0.028125
0 0.72578125 0.2375 0.009375 0.02109375
2 0.59765625 0.73671875 0.0203125 0.03671875
2 0.5734375 0.71640625 0.01640625 0.03203125
4 0.60703125 0.5109375 0.01015625 0.01171875
2 0.17109375 0.72578125 0.01796875 0.03828125
4 0.75703125 0.16875 0.01015625 0.01640625
4 0.7546875 0.2015625 0.01015625 0.0140625
0 0.76796875 0.17421875 0.01328125 0.021875
0 0.76875 0.14140625 0.01484375 0.01875
4 0.32109375 0.69609375 0.009375 0.01796875
2 0.7765625 0.10078125 0.0203125 0.03515625
2 0.32578125 0.65859375 0.0203125 0.0296875
4 0.7015625 0.20390625 0.00625 0.01875
2 0.41015625 0.45078125 0.01796875 0.03828125
4 0.2765625 0.7640625 0.009375 0.01328125
4 0.2484375 0.77109375 0.00859375 0.01796875
4 0.79921875 0.18515625 0.00859375 0.01484375
4 0.61875 0.496875 0.0109375 0.01484375
4 0.62109375 0.478125 0.00859375 0.01171875
4 0.62421875 0.5296875 0.00859375 0.0109375
4 0.61953125 0.5109375 0.00859375 0.01171875
4 0.25234375 0.05546875 0.00859375 0.01953125
4 0.57890625 0.3734375 0.00859375 0.015625
4 0.490625 0.475 0.00859375 0.01875
4 0.4859375 0.54609375 0.00703125 0.01953125
4 0.478125 0.47265625 0.009375 0.01953125
4 0.603125 0.44375 0.00859375 0.01484375
4 0.609375 0.4484375 0.00625 0.01015625
4 0.6109375 0.45703125 0.00625 0.009375
4 0.61328125 0.4640625 0.00625 0.0109375
4 0.6234375 0.45 0.00703125 0.0109375
4 0.62421875 0.46015625 0.009375 0.01015625
4 0.63828125 0.45546875 0.00859375 0.01328125
4 0.6296875 0.4390625 0.00625 0.0140625
4 0.6359375 0.440625 0.00546875 0.01171875
4 0.6265625 0.42109375 0.00703125 0.01484375
4 0.63828125 0.42421875 0.00390625 0.01328125
4 0.61796875 0.434375 0.00625 0.01328125
4 0.62890625 0.4671875 0.00703125 0.01328125
2 0.6390625 0.49609375 0.01328125 0.040625
2 0.6390625 0.58125 0.01328125 0.03671875
4 0.76640625 0.15546875 0.009375 0.0140625
4 0.76171875 0.19296875 0.00703125 0.0140625
4 0.7625 0.21953125 0.00859375 0.0140625
4 0.75078125 0.19140625 0.00625 0.01328125
4 0.69375 0.21875 0.00703125 0.0140625
4 0.68828125 0.22734375 0.00703125 0.01328125
4 0.6484375 0.3671875 0.00703125 0.01171875
4 0.65703125 0.365625 0.00703125 0.01171875
4 0.6265625 0.3703125 0.00703125 0.0140625
4 0.45703125 0.23203125 0.009375 0.0203125
2 0.346875 0.1 0.01875 0.03515625
2 0.22421875 0.82265625 0.0203125 0.0359375
4 0.19609375 0.88046875 0.01015625 0.01640625
4 0.19921875 0.85390625 0.009375 0.0140625
5 0.146875 0.94453125 0.02109375 0.034375
4 0.615625 0.61640625 0.00625 0.01328125
0 0.559375 0.75078125 0.0109375 0.02421875
2 0.6359375 0.825 0.01796875 0.03203125
2 0.43125 0.2890625 0.0203125 0.040625
4 0.440625 0.28359375 0.00859375 0.01640625
4 0.40859375 0.340625 0.00859375 0.0140625
4 0.40078125 0.34921875 0.009375 0.01328125
4 0.32421875 0.1140625 0.00859375 0.015625
6 0.60625 0.21796875 0.034375 0.05390625
2 0.63125 0.6484375 0.01484375 0.0359375
0 0.64375 0.52734375 0.00859375 0.0265625
0 0.496875 0.63125 0.01171875 0.02578125
2 0.434375 0.609375 0.01796875 0.02578125
2 0.5 0.60078125 0.01484375 0.034375
0 0.528125 0.68359375 0.0140625 0.0234375
0 0.78515625 0.9890625 0.01171875 0.021875
2 0.4609375 0.61328125 0.01640625 0.0265625
0 0.4703125 0.53125 0.01484375 0.021875
2 0.61328125 0.78125 0.02109375 0.03671875
0 0.52109375 0.628125 0.01015625 0.02421875
4 0.515625 0.63828125 0.00859375 0.0140625
4 0.5328125 0.65546875 0.00859375 0.0140625
4 0.58046875 0.671875 0.00859375 0.015625
4 0.58203125 0.68984375 0.01171875 0.01640625
2 0.615625 0.82265625 0.01640625 0.0359375
4 0.62109375 0.86328125 0.009375 0.01796875
3 0.46875 0.4359375 0.01796875 0.03828125
4 0.2765625 0.04453125 0.00859375 0.0203125
4 0.33828125 0.05078125 0.009375 0.01640625
4 0.29296875 0.05703125 0.00703125 0.01953125
4 0.303125 0.06328125 0.009375 0.01484375
2 0.41015625 0.23984375 0.0203125 0.0390625
0 0.5171875 0.196875 0.015625 0.02109375
0 0.42421875 0.36328125 0.01328125 0.021875
0 0.415625 0.36953125 0.01015625 0.0234375
2 0.44765625 0.38671875 0.01640625 0.03515625
2 0.4 0.6640625 0.01875 0.03046875
4 0.340625 0.6234375 0.009375 0.01640625
4 0.3484375 0.60859375 0.009375 0.0109375
4 0.359375 0.59453125 0.00859375 0.01328125
4 0.37421875 0.56875 0.00859375 0.0140625
4 0.3109375 0.66640625 0.00859375 0.0109375
4 0.31328125 0.6859375 0.00859375 0.015625
4 0.31171875 0.70078125 0.00625 0.01328125
4 0.3015625 0.690625 0.009375 0.015625
4 0.30703125 0.71484375 0.00859375 0.0140625
4 0.28984375 0.7046875 0.00859375 0.0140625
4 0.284375 0.74921875 0.00859375 0.0140625
2 0.25859375 0.76875 0.01640625 0.03046875
4 0.209375 0.8359375 0.00859375 0.015625
4 0.1625 0.94765625 0.00859375 0.015625
4 0.13828125 0.971875 0.009375 0.01171875
4 0.1484375 0.9609375 0.01015625 0.01796875
4 0.596875 0.328125 0.00859375 0.01875
4 0.6125 0.3359375 0.009375 0.01640625
0 0.78359375 0.134375 0.01328125 0.0234375
4 0.83828125 0.040625 0.01015625 0.015625
4 0.85546875 0.02734375 0.009375 0.01640625
4 0.86875 0.02578125 0.009375 0.015625
4 0.87734375 0.02890625 0.00859375 0.01484375
2 0.37890625 0.29296875 0.01171875 0.0296875
4 0.3515625 0.6390625 0.00546875 0.01015625
4 0.4859375 0.58984375 0.00703125 0.01953125