2 0.00859375 0.0484375 0.01640625 0.0453125
2 0.0578125 0.08125 0.021875 0.05078125
4 0.0140625 0.01484375 0.0109375 0.0203125
2 0.146875 0.265625 0.01875 0.04453125
2 0.03125 0.5234375 0.0265625 0.01875
4 0.0265625 0.53828125 0.01484375 0.01171875
4 0.0640625 0.43828125 0.0109375 0.01171875
4 0.10859375 0.590625 0.01171875 0.01796875
4 0.05 0.57890625 0.01484375 0.01171875
4 0.03203125 0.575 0.0140625 0.009375
2 0.03359375 0.55546875 0.02578125 0.02109375
5 0.06875 0.55390625 0.04453125 0.02890625
0 0.125 0.58203125 0.01796875 0.015625
0 0.0296875 0.59609375 0.01796875 0.01796875
0 0.18828125 0.378125 0.0203125 0.02109375
2 0.2953125 0.54375 0.02421875 0.028125
2 0.4078125 0.54609375 0.0265625 0.0234375
2 0.4734375 0.49609375 0.0265625 0.0234375
2 0.49453125 0.3671875 0.025 0.02578125
2 0.54921875 0.421875 0.02578125 0.025
4 0.56328125 0.340625 0.01328125 0.01796875
4 0.721875 0.53125 0.01484375 0.01875
4 0.9109375 0.50625 0.01484375 0.02109375
2 0.7484375 0.4359375 0.02578125 0.02578125
2 0.89453125 0.33203125 0.034375 0.028125
2 0.98125 0.3265625 0.0265625 0.0296875
2 0.77421875 0.24921875 0.02890625 0.02578125
2 0.7671875 0.16796875 0.02890625 0.0265625
5 0.0625 0.334375 0.0296875 0.07109375