2 0.26328125 0.525 0.0203125 0.05
2 0.365625 0.42421875 0.0234375 0.0515625
2 0.20234375 0.16328125 0.0234375 0.046875
2 0.21796875 0.02734375 0.0234375 0.04609375
2 0.32265625 0.07421875 0.01640625 0.05
2 0.33515625 0.08359375 0.021875 0.04375
2 0.34765625 0.09296875 0.02421875 0.040625
2 0.365625 0.10078125 0.02421875 0.04921875
2 0.3546875 0.153125 0.0265625 0.02890625
2 0.40078125 0.06953125 0.025 0.03828125
2 0.41875 0.01875 0.021875 0.0375
2 0.3609375 0.23359375 0.0296875 0.03046875
2 0.3921875 0.2140625 0.028125 0.03046875
2 0.42109375 0.18671875 0.0265625 0.02890625
2 0.43359375 0.21796875 0.0265625 0.03359375
2 0.421875 0.24921875 0.0234375 0.03515625
2 0.39921875 0.2546875 0.02109375 0.03046875
2 0.4953125 0.2703125 0.025 0.03046875
3 0.4390625 0.29296875 0.02421875 0.0234375
2 0.54375 0.309375 0.028125 0.03359375
2 0.59296875 0.028125 0.0140625 0.04140625
2 0.6015625 0.38046875 0.01953125 0.05
2 0.6265625 0.459375 0.02578125 0.05078125
2 0.60625 0.60625 0.01796875 0.04296875
2 0.57109375 0.6953125 0.02421875 0.04296875
2 0.5484375 0.70078125 0.02421875 0.0359375
2 0.5015625 0.746875 0.0265625 0.03125
2 0.45546875 0.7140625 0.0265625 0.0390625
2 0.303125 0.9359375 0.0265625 0.0453125
2 0.628125 0.8140625 0.02890625 0.03203125
2 0.696875 0.8484375 0.02890625 0.034375
2 0.76328125 0.31796875 0.02578125 0.04296875
2 0.82109375 0.1828125 0.01796875 0.05
2 0.72578125 0.56015625 0.02109375 0.03828125
3 0.8875 0.940625 0.0203125 0.03359375
3 0.9671875 0.9859375 0.0203125 0.0265625
3 0.75625 0.70390625 0.01953125 0.03125
3 0.73359375 0.65859375 0.02109375 0.03203125
2 0.97421875 0.93359375 0.02578125 0.04921875
2 0.98515625 0.953125 0.021875 0.040625
2 0.9390625 0.8875 0.025 0.04453125
2 0.928125 0.87109375 0.025 0.040625
2 0.85703125 0.78359375 0.0265625 0.053125
2 0.86484375 0.7640625 0.0234375 0.04453125
2 0.87265625 0.73203125 0.025 0.0484375
2 0.88359375 0.71640625 0.0234375 0.04609375
2 0.80078125 0.68359375 0.025 0.03828125
2 0.80625 0.73203125 0.02109375 0.03984375
2 0.82578125 0.71328125 0.025 0.028125
2 0.91484375 0.8453125 0.021875 0.04140625
0 0.81796875 0.81171875 0.01796875 0.03046875
0 0.77578125 0.6703125 0.0140625 0.025
0 0.734375 0.60703125 0.01640625 0.03203125
0 0.60703125 0.565625 0.01328125 0.034375
0 0.61640625 0.50078125 0.01171875 0.03359375
0 0.4828125 0.19375 0.01875 0.02109375
0 0.43671875 0.059375 0.01484375 0.0296875
0 0.24296875 0.25625 0.01796875 0.028125
3 0.246875 0.17109375 0.028125 0.053125
0 0.40078125 0.39453125 0.0140625 0.03203125
0 0.34375 0.4265625 0.0140625 0.034375
0 0.31015625 0.60546875 0.0140625 0.0296875
0 0.221875 0.6734375 0.01640625 0.0296875
0 0.18046875 0.87578125 0.015625 0.03125
0 0.365625 0.8953125 0.01640625 0.0265625
1 0.6109375 0.2765625 0.03203125 0.1234375
1 0.62578125 0.1328125 0.0234375 0.11015625
4 0.159375 0.96796875 0.01328125 0.02578125
4 0.18125 0.91328125 0.01171875 0.0234375
4 0.2203125 0.7453125 0.01015625 0.0234375
4 0.34921875 0.48671875 0.01015625 0.0234375
4 0.28359375 0.42109375 0.00703125 0.01953125
4 0.26015625 0.24921875 0.01015625 0.01796875
4 0.2765625 0.21484375 0.00859375 0.01484375
4 0.18046875 0.11484375 0.009375 0.01640625
4 0.19296875 0.08515625 0.009375 0.01875
4 0.29296875 0.115625 0.0109375 0.01796875
4 0.31484375 0.15546875 0.01328125 0.01953125
4 0.3875 0.1390625 0.0140625 0.0109375
4 0.49375 0.09921875 0.009375 0.0265625
4 0.60078125 0.06953125 0.00859375 0.025
4 0.61953125 0.07421875 0.00859375 0.021875
4 0.6328125 0.375 0.00859375 0.02578125
4 0.596875 0.43203125 0.009375 0.021875
4 0.62734375 0.5859375 0.00859375 0.0203125
4 0.6171875 0.60859375 0.00859375 0.0203125
4 0.58984375 0.6796875 0.00859375 0.02109375
4 0.51953125 0.7609375 0.0109375 0.01796875
4 0.49375 0.72890625 0.01328125 0.01171875
4 0.4734375 0.746875 0.0109375 0.015625
4 0.49140625 0.7765625 0.0140625 0.01171875
4 0.5578125 0.8140625 0.0140625 0.0109375
4 0.3015625 0.98359375 0.009375 0.01875
4 0.31875 0.9453125 0.0109375 0.02109375
4 0.33359375 0.959375 0.009375 0.01640625
4 0.44375 0.8515625 0.0140625 0.01328125
4 0.39375 0.8625 0.0109375 0.015625
4 0.41796875 0.36328125 0.0109375 0.0203125
4 0.42421875 0.3140625 0.00703125 0.0203125
4 0.4609375 0.25078125 0.01171875 0.021875
4 0.43828125 0.246875 0.01015625 0.015625
4 0.45546875 0.23828125 0.01015625 0.015625
4 0.459375 0.22109375 0.01171875 0.01015625
4 0.4609375 0.21015625 0.0140625 0.01015625
4 0.48828125 0.29921875 0.01171875 0.01640625
4 0.73828125 0.890625 0.01171875 0.01953125
4 0.71328125 0.67265625 0.01171875 0.01953125
4 0.73203125 0.69921875 0.009375 0.0234375
4 0.86796875 0.87734375 0.01015625 0.01796875
4 0.871875 0.8984375 0.0109375 0.015625
4 0.90703125 0.94296875 0.01171875 0.0203125
4 0.934375 0.9875 0.01328125 0.02109375
4 0.90859375 0.82734375 0.01171875 0.01484375
4 0.82421875 0.75625 0.01171875 0.02109375
4 0.83671875 0.74140625 0.009375 0.01796875
4 0.84140625 0.74609375 0.01015625 0.01796875
4 0.8453125 0.75234375 0.009375 0.01796875
4 0.80546875 0.56328125 0.00859375 0.02109375
4 0.89296875 0.8375 0.01171875 0.01796875
4 0.70546875 0.14921875 0.01171875 0.01015625
4 0.703125 0.175 0.01171875 0.0109375
4 0.7015625 0.19140625 0.01015625 0.0109375
4 0.70078125 0.20390625 0.01328125 0.01015625
4 0.69921875 0.221875 0.0109375 0.0109375
4 0.696875 0.2546875 0.009375 0.01015625
4 0.6953125 0.27109375 0.01015625 0.0109375
4 0.69453125 0.28125 0.01171875 0.00859375
4 0.67734375 0.25078125 0.0109375 0.01015625
4 0.678125 0.26171875 0.01015625 0.009375
4 0.67578125 0.26875 0.01015625 0.01015625