2 0.33359375 0.5953125 0.01640625 0.01640625
2 0.35546875 0.2890625 0.01796875 0.0140625
2 0.41484375 0.2546875 0.01171875 0.02109375
2 0.40546875 0.2171875 0.01640625 0.01875
2 0.52109375 0.3265625 0.00859375 0.03125
2 0.53125 0.325 0.00859375 0.0359375
2 0.571875 0.315625 0.00703125 0.02890625
2 0.58203125 0.31640625 0.00859375 0.025
2 0.97890625 0.87109375 0.0109375 0.02578125
2 0.96328125 0.90390625 0.00703125 0.02890625
2 0.990625 0.92109375 0.01015625 0.0234375
2 0.734375 0.6515625 0.00859375 0.0234375
6 0.2328125 0.48828125 0.03359375 0.0203125
5 0.97265625 0.55859375 0.0546875 0.0234375
6 0.90078125 0.63671875 0.03984375 0.0203125
5 0.73125 0.38125 0.04609375 0.01953125
6 0.675 0.38203125 0.040625 0.01953125
6 0.29296875 0.63671875 0.03046875 0.01953125
6 0.1609375 0.64375 0.03828125 0.01953125
6 0.13671875 0.68046875 0.03828125 0.025
0 0.8359375 0.6015625 0.01015625 0.01015625
4 0.5609375 0.278125 0.0046875 0.0140625
4 0.81953125 0.559375 0.009375 0.0109375
3 0.77265625 0.8546875 0.021875 0.01796875
3 0.73046875 0.8984375 0.009375 0.03515625
4 0.5390625 0.278125 0.00390625 0.0140625
4 0.55625 0.290625 0.003125 0.01484375
4 0.58203125 0.28125 0.0046875 0.01484375
4 0.59296875 0.303125 0.00390625 0.01484375
4 0.58125 0.23984375 0.00390625 0.01484375
4 0.546875 0.22578125 0.003125 0.01015625
4 0.5546875 0.2265625 0.00390625 0.01171875
4 0.5953125 0.2390625 0.003125 0.01328125
4 0.53125 0.2765625 0.00390625 0.01328125
4 0.4234375 0.27109375 0.00390625 0.01328125
4 0.58828125 0.24140625 0.003125 0.01328125
4 0.54453125 0.278125 0.003125 0.0140625
4 0.5515625 0.29453125 0.003125 0.01171875
4 0.56015625 0.29375 0.003125 0.01171875
2 0.38125 0.496875 0.01953125 0.01875
2 0.61328125 0.48828125 0.01875 0.01796875
3 0.9734375 0.40078125 0.0203125 0.01875
0 0.8375 0.64375 0.01484375 0.01484375
6 0.50703125 0.6203125 0.028125 0.0203125
2 0.6953125 0.64609375 0.00546875 0.025
2 0.68828125 0.63046875 0.00625 0.025
2 0.68125 0.634375 0.00625 0.021875
2 0.68828125 0.65390625 0.00625 0.01953125
0 0.6703125 0.40078125 0.01328125 0.0109375
4 0.18671875 0.46796875 0.01328125 0.0140625
6 0.85859375 0.56875 0.03046875 0.0296875
6 0.5078125 0.54375 0.0296875 0.0203125
4 0.44609375 0.42890625 0.00703125 0.01015625
4 0.7640625 0.5765625 0.01015625 0.01015625
2 0.384375 0.30078125 0.009375 0.0296875
2 0.5046875 0.26796875 0.01328125 0.02421875
6 0.790625 0.5515625 0.04140625 0.021875
1 0.82421875 0.58046875 0.02890625 0.01796875
4 0.8265625 0.59375 0.00625 0.00625
4 0.84453125 0.61015625 0.00703125 0.00625
2 0.90390625 0.59296875 0.015625 0.01875
2 0.94296875 0.59296875 0.01875 0.01953125
3 0.86796875 0.7890625 0.01171875 0.03515625
4 0.74140625 0.58046875 0.01015625 0.00859375
4 0.6875 0.584375 0.00859375 0.0109375
4 0.61796875 0.584375 0.0109375 0.01015625
2 0.99453125 0.8609375 0.01015625 0.025
6 0.809375 0.415625 0.028125 0.025
6 0.29765625 0.609375 0.02890625 0.02109375
0 0.8578125 0.67421875 0.00859375 0.01796875