2 0.04375 0.95859375 0.01953125 0.03125
2 0.09296875 0.87265625 0.01640625 0.028125
2 0.096875 0.90859375 0.01796875 0.02578125
2 0.0859375 0.89921875 0.02421875 0.028125
2 0.209375 0.97421875 0.01796875 0.040625
2 0.23046875 0.9484375 0.01953125 0.04140625
2 0.3265625 0.9484375 0.0234375 0.02890625
2 0.22421875 0.75078125 0.0203125 0.02890625
2 0.2453125 0.72578125 0.0203125 0.028125
2 0.2453125 0.7015625 0.0203125 0.02578125
2 0.2421875 0.67890625 0.01953125 0.02109375
2 0.265625 0.69609375 0.0140625 0.02421875
2 0.2609375 0.68203125 0.01484375 0.02421875
2 0.2796875 0.67734375 0.01640625 0.021875
2 0.26328125 0.65390625 0.0203125 0.02890625
2 0.27890625 0.6359375 0.01484375 0.0265625
2 0.29375 0.61796875 0.015625 0.02421875
2 0.30078125 0.6265625 0.01875 0.03203125
2 0.31640625 0.603125 0.01875 0.0265625
2 0.340625 0.59375 0.015625 0.025
2 0.32265625 0.82265625 0.021875 0.02578125
2 0.3734375 0.95625 0.0203125 0.03125
2 0.44921875 0.671875 0.02421875 0.03046875
2 0.496875 0.61875 0.02578125 0.025
2 0.53046875 0.63203125 0.02578125 0.0265625
2 0.534375 0.60703125 0.02109375 0.028125
2 0.59140625 0.59296875 0.021875 0.025
2 0.57578125 0.56796875 0.01796875 0.0296875
2 0.32578125 0.31328125 0.01875 0.0359375
2 0.25 0.13125 0.0203125 0.0390625
2 0.27421875 0.17109375 0.0203125 0.03046875
2 0.31796875 0.009375 0.01875 0.01875
2 0.33203125 0.00859375 0.01484375 0.01640625
2 0.33125 0.05859375 0.01484375 0.0296875
2 0.3234375 0.06953125 0.01875 0.03125
2 0.3390625 0.09375 0.015625 0.028125
2 0.34921875 0.1171875 0.01484375 0.03046875
2 0.3609375 0.14453125 0.01875 0.03515625
2 0.36171875 0.11640625 0.0140625 0.02890625
2 0.371875 0.1109375 0.01484375 0.03359375
2 0.3875 0.19296875 0.015625 0.03046875
2 0.409375 0.209375 0.01484375 0.03359375
2 0.421875 0.23671875 0.0140625 0.03046875
2 0.434375 0.27578125 0.015625 0.0296875
2 0.428125 0.2890625 0.01484375 0.02890625
2 0.57890625 0.1890625 0.0140625 0.03828125
2 0.55078125 0.21328125 0.01796875 0.04375
2 0.58046875 0.35859375 0.0140625 0.03984375
2 0.5515625 0.04140625 0.01328125 0.046875
2 0.5890625 0.05390625 0.0203125 0.025
2 0.63984375 0.30390625 0.01953125 0.025
2 0.68203125 0.29375 0.02109375 0.02109375
2 0.66171875 0.4140625 0.01796875 0.028125
2 0.67890625 0.409375 0.02109375 0.03671875
2 0.696875 0.384375 0.0203125 0.03203125
2 0.71875 0.35625 0.0203125 0.03359375
2 0.74296875 0.32421875 0.021875 0.034375
2 0.77578125 0.29609375 0.02421875 0.03984375
2 0.8015625 0.2703125 0.01953125 0.034375
2 0.81953125 0.334375 0.01875 0.04140625
2 0.79375 0.16015625 0.01328125 0.040625
2 0.81875 0.13515625 0.01484375 0.03671875
2 0.84375 0.096875 0.0203125 0.0234375
2 0.94296875 0.19375 0.01796875 0.03515625
2 0.934375 0.20390625 0.01796875 0.03359375
2 0.921875 0.21875 0.02109375 0.0265625
2 0.6484375 0.46171875 0.015625 0.03125
2 0.62421875 0.471875 0.02578125 0.0359375
2 0.6171875 0.5109375 0.0234375 0.03203125
2 0.6015625 0.540625 0.0203125 0.04140625
2 0.71796875 0.56796875 0.015625 0.03203125
2 0.70078125 0.73515625 0.02421875 0.0359375
2 0.86328125 0.7375 0.0140625 0.040625
2 0.878125 0.75078125 0.01171875 0.03515625
2 0.90234375 0.765625 0.01328125 0.03125
2 0.93828125 0.80859375 0.01640625 0.0390625
2 0.946875 0.83203125 0.021875 0.02109375
2 0.9578125 0.8515625 0.0203125 0.02421875
2 0.9765625 0.89375 0.01875 0.025
2 0.9484375 0.984375 0.02890625 0.03125
2 0.909375 0.9703125 0.02421875 0.02578125
2 0.79296875 0.8296875 0.025 0.0359375
4 0.0515625 0.85390625 0.00859375 0.0109375
4 0.05390625 0.86171875 0.00859375 0.015625
4 0.05546875 0.86875 0.00703125 0.0203125
4 0.059375 0.8765625 0.00859375 0.01484375
4 0.06796875 0.86484375 0.00703125 0.00703125
4 0.08046875 0.8484375 0.00546875 0.01484375
4 0.084375 0.84453125 0.0046875 0.0140625
4 0.08828125 0.84140625 0.0046875 0.01640625
4 0.0921875 0.83984375 0.00546875 0.01484375
4 0.115625 0.8484375 0.009375 0.015625
4 0.10703125 0.828125 0.0046875 0.009375
4 0.109375 0.81953125 0.00625 0.01171875
4 0.1140625 0.8140625 0.00703125 0.01484375
4 0.209375 0.925 0.00703125 0.01875
4 0.26328125 0.865625 0.01484375 0.0234375
4 0.29140625 0.81640625 0.01015625 0.01640625
4 0.303125 0.79609375 0.01171875 0.01796875
4 0.296875 0.853125 0.01171875 0.01484375
4 0.209375 0.73828125 0.01015625 0.01328125
4 0.23046875 0.68828125 0.00859375 0.01328125
4 0.23828125 0.696875 0.00859375 0.0109375
4 0.25390625 0.7 0.009375 0.0140625
4 0.27109375 0.65859375 0.00859375 0.01171875
4 0.278125 0.65078125 0.00859375 0.01796875
4 0.30546875 0.60390625 0.00546875 0.01171875
4 0.34296875 0.60078125 0.009375 0.0140625
4 0.328125 0.58359375 0.00703125 0.009375
4 0.32578125 0.56875 0.00859375 0.01328125
4 0.33125 0.5734375 0.00859375 0.0109375
4 0.35390625 0.76875 0.00859375 0.0140625
4 0.36171875 0.79453125 0.009375 0.01171875
4 0.3734375 0.75546875 0.009375 0.01484375
4 0.390625 0.73203125 0.01015625 0.015625
4 0.409375 0.7171875 0.009375 0.01953125
4 0.43671875 0.72578125 0.009375 0.00859375
4 0.3765625 0.41953125 0.00859375 0.02421875
4 0.35546875 0.04375 0.009375 0.01796875
4 0.35078125 0.1015625 0.00703125 0.01640625
4 0.3609375 0.1015625 0.00703125 0.01875
4 0.3671875 0.08671875 0.00859375 0.01484375
4 0.38984375 0.11875 0.00859375 0.01171875
4 0.39375 0.125 0.009375 0.01328125
4 0.3984375 0.13046875 0.01171875 0.00859375
4 0.4015625 0.13515625 0.009375 0.00390625
4 0.4046875 0.1265625 0.009375 0.01015625
4 0.40625 0.153125 0.00703125 0.01171875
4 0.4109375 0.165625 0.00546875 0.01484375
4 0.4140625 0.16953125 0.00390625 0.01953125
4 0.41484375 0.14921875 0.00703125 0.01328125
4 0.42109375 0.16640625 0.00625 0.01953125
4 0.42578125 0.1734375 0.009375 0.01171875
4 0.41796875 0.215625 0.00546875 0.015625
4 0.43203125 0.20625 0.0109375 0.01484375
4 0.42421875 0.22890625 0.00546875 0.0203125
4 0.4125 0.246875 0.009375 0.01953125
4 0.43046875 0.24296875 0.00703125 0.01328125
4 0.4359375 0.25078125 0.00625 0.01640625
4 0.44140625 0.26171875 0.00703125 0.01796875
4 0.44921875 0.278125 0.00546875 0.015625
4 0.44296875 0.27890625 0.00625 0.0140625
4 0.746875 0.21328125 0.00703125 0.01796875
4 0.80859375 0.1484375 0.01015625 0.015625
4 0.69296875 0.36328125 0.01328125 0.01171875
4 0.65625 0.4828125 0.00703125 0.01328125
4 0.63125 0.428125 0.00859375 0.021875
4 0.63046875 0.51484375 0.009375 0.01640625
4 0.62890625 0.5296875 0.01484375 0.01015625
4 0.58828125 0.53046875 0.0140625 0.0203125
4 0.57421875 0.54609375 0.0140625 0.0140625
4 0.61796875 0.5453125 0.00859375 0.01171875
4 0.628125 0.5625 0.0109375 0.015625
4 0.815625 0.70546875 0.0046875 0.01796875
4 0.81875 0.70546875 0.00390625 0.01875
4 0.83125 0.71796875 0.00859375 0.0140625
4 0.83828125 0.728125 0.00859375 0.0140625
4 0.846875 0.734375 0.00390625 0.015625
4 0.8515625 0.73984375 0.00546875 0.01875
4 0.90859375 0.78359375 0.00859375 0.015625
4 0.91953125 0.80703125 0.0109375 0.01640625
4 0.9703125 0.85078125 0.009375 0.0140625
4 0.97421875 0.8359375 0.00859375 0.0109375
4 0.98125 0.859375 0.00703125 0.0234375
4 0.98125 0.88046875 0.00625 0.015625
4 0.99296875 0.89609375 0.00859375 0.0140625
4 0.9046875 0.94921875 0.009375 0.01171875
4 0.89609375 0.93203125 0.01015625 0.0140625
4 0.71328125 0.771875 0.01171875 0.01328125
4 0.69296875 0.7109375 0.00859375 0.00703125
4 0.68671875 0.70078125 0.009375 0.0109375
4 0.6765625 0.71796875 0.0140625 0.01640625
4 0.609375 0.7046875 0.015625 0.01484375
4 0.559375 0.68671875 0.0109375 0.01328125
4 0.5515625 0.65234375 0.009375 0.01171875
4 0.54140625 0.6796875 0.00859375 0.0140625
4 0.52578125 0.65390625 0.01171875 0.01328125
4 0.55390625 0.58359375 0.00859375 0.01015625
4 0.553125 0.59609375 0.01171875 0.01328125
4 0.3859375 0.915625 0.01171875 0.01875
0 0.0359375 0.9890625 0.02109375 0.02109375
0 0.21796875 0.7140625 0.01328125 0.021875
0 0.23203125 0.72109375 0.01015625 0.01875
0 0.23046875 0.7015625 0.01328125 0.01875
0 0.25546875 0.6734375 0.01171875 0.01953125
0 0.28828125 0.6421875 0.01171875 0.0203125
0 0.428125 0.71640625 0.01171875 0.01640625
0 0.34296875 0.06953125 0.01328125 0.025
0 0.37421875 0.16640625 0.01328125 0.02421875
0 0.396875 0.19140625 0.01171875 0.0203125
0 0.4328125 0.25390625 0.01015625 0.0203125
0 0.41875 0.26171875 0.01171875 0.02421875
0 0.60078125 0.27578125 0.01484375 0.0265625
0 0.69375 0.278125 0.0140625 0.01640625
0 0.70546875 0.26328125 0.01484375 0.01796875
0 0.9515625 0.01015625 0.01796875 0.0203125
0 0.64453125 0.50625 0.015625 0.02421875
0 0.75546875 0.64296875 0.0203125 0.02578125
0 0.86953125 0.75625 0.009375 0.021875
0 0.89375 0.7609375 0.01015625 0.01796875
0 0.9203125 0.9515625 0.01875 0.028125
0 0.48203125 0.6703125 0.01875 0.01796875
3 0.3359375 0.0359375 0.02421875 0.04921875
3 0.35078125 0.0890625 0.0140625 0.02109375
3 0.4015625 0.215625 0.01953125 0.03671875
3 0.82421875 0.90546875 0.0234375 0.0265625
3 0.39453125 0.88359375 0.01796875 0.03046875
3 0.134375 0.865625 0.0234375 0.03671875
1 0.3109375 0.63125 0.05 0.0703125
1 0.3265625 0.71328125 0.03984375 0.04921875
1 0.35625 0.71484375 0.03671875 0.05859375
1 0.37578125 0.73046875 0.04609375 0.05703125
1 0.3859375 0.15390625 0.034375 0.0546875