4 0.3140625 0.58515625 0.015625 0.0203125
2 0.5640625 0.49609375 0.0234375 0.02578125
2 0.49609375 0.36875 0.02578125 0.02578125
2 0.75859375 0.4203125 0.0234375 0.0265625
2 0.77421875 0.24140625 0.02890625 0.0265625
2 0.7640625 0.159375 0.0265625 0.03046875
4 0.65390625 0.384375 0.01484375 0.01796875
4 0.778125 0.4953125 0.01796875 0.021875
2 0.98515625 0.465625 0.0296875 0.028125
2 0.86953125 0.49609375 0.0296875 0.028125
2 0.8046875 0.46953125 0.02578125 0.0265625
2 0.896875 0.321875 0.03046875 0.0265625
2 0.98046875 0.31484375 0.03046875 0.0296875
1 0.91953125 0.39453125 0.06171875 0.0390625
6 0.828125 0.42109375 0.02578125 0.0265625
4 0.56328125 0.33828125 0.015625 0.01953125
4 0.1609375 0.60546875 0.015625 0.021875
3 0.20234375 0.4296875 0.02421875 0.02890625
0 0.1890625 0.39140625 0.021875 0.021875
2 0.07890625 0.58125 0.0359375 0.02890625
2 0.01796875 0.55 0.03203125 0.025
2 0.0484375 0.56171875 0.02578125 0.0234375
4 0.01640625 0.58046875 0.01484375 0.01484375
4 0.02890625 0.565625 0.01484375 0.01796875
4 0.03203125 0.53671875 0.0203125 0.02421875
0 0.0359375 0.6046875 0.01953125 0.02421875
2 0.0421875 0.584375 0.0296875 0.028125
2 0.14609375 0.2796875 0.0234375 0.04375
2 0.03046875 0.2953125 0.025 0.0484375
4 0.0046875 0.284375 0.009375 0.03046875
2 0.00625 0.315625 0.0125 0.046875
0 0.01640625 0.28671875 0.01640625 0.03515625
0 0.03125 0.0296875 0.0234375 0.03984375