2 0.04140625 0.96484375 0.0203125 0.0296875
2 0.20703125 0.97734375 0.0203125 0.0390625
2 0.2265625 0.95234375 0.02109375 0.0359375
2 0.09140625 0.87421875 0.01953125 0.028125
2 0.1734375 0.82578125 0.01640625 0.02890625
2 0.18671875 0.80546875 0.0203125 0.028125
2 0.19140625 0.7703125 0.01875 0.0265625
2 0.209375 0.74921875 0.01875 0.021875
2 0.22578125 0.7265625 0.01640625 0.0234375
2 0.24765625 0.71796875 0.01875 0.02890625
2 0.23828125 0.6890625 0.01796875 0.02578125
2 0.240625 0.703125 0.015625 0.02890625
2 0.26328125 0.7015625 0.01640625 0.021875
2 0.25546875 0.6859375 0.01484375 0.0359375
2 0.28046875 0.67890625 0.02109375 0.025
2 0.290625 0.64296875 0.01953125 0.0234375
2 0.29453125 0.66015625 0.0203125 0.0234375
2 0.309375 0.64296875 0.01796875 0.021875
2 0.32109375 0.82578125 0.0203125 0.03046875
2 0.328125 0.62109375 0.01875 0.0265625
2 0.3234375 0.60859375 0.01640625 0.02421875
2 0.3421875 0.596875 0.01796875 0.0296875
2 0.41953125 0.68203125 0.01953125 0.025
2 0.409375 0.87578125 0.02109375 0.02109375
2 0.40625 0.89921875 0.0203125 0.025
2 0.32578125 0.953125 0.01875 0.02890625
2 0.34453125 0.975 0.01640625 0.0296875
2 0.36953125 0.95703125 0.01796875 0.02890625
2 0.46953125 0.83671875 0.01953125 0.025
2 0.55078125 0.77890625 0.01640625 0.02578125
2 0.5 0.63671875 0.02109375 0.028125
2 0.35546875 0.33359375 0.01640625 0.03671875
2 0.3265625 0.3171875 0.01171875 0.03359375
2 0.33046875 0.2859375 0.01171875 0.034375
2 0.29609375 0.01171875 0.0140625 0.0234375
2 0.31953125 0.01171875 0.01484375 0.0234375
2 0.33359375 0.0109375 0.01640625 0.021875
2 0.31484375 0.04453125 0.015625 0.03046875
2 0.33359375 0.084375 0.01640625 0.03203125
2 0.353125 0.13125 0.01484375 0.034375
2 0.36796875 0.14375 0.01640625 0.02578125
2 0.37109375 0.16796875 0.01484375 0.03125
2 0.384375 0.165625 0.01640625 0.03046875
2 0.39453125 0.19375 0.015625 0.02890625
2 0.39375 0.2140625 0.01640625 0.03125
2 0.40625 0.23203125 0.01796875 0.03515625
2 0.4203125 0.2296875 0.01640625 0.03125
2 0.421875 0.25390625 0.01484375 0.03203125
2 0.41328125 0.26328125 0.01328125 0.03125
2 0.41328125 0.29140625 0.0140625 0.0265625
2 0.4234375 0.29140625 0.01875 0.0359375
2 0.43359375 0.28828125 0.01796875 0.03046875
2 0.4359375 0.26015625 0.015625 0.02890625
2 0.53359375 0.346875 0.0203125 0.0203125
2 0.5828125 0.4515625 0.01171875 0.0359375
2 0.59140625 0.48828125 0.01328125 0.03828125
2 0.58046875 0.20078125 0.01640625 0.03203125
2 0.5515625 0.2234375 0.015625 0.034375
2 0.565625 0.13828125 0.01328125 0.03671875
2 0.553125 0.05234375 0.01171875 0.03359375
2 0.5890625 0.06328125 0.01953125 0.028125
2 0.63828125 0.3109375 0.0203125 0.01953125
2 0.5828125 0.5515625 0.0203125 0.03125
2 0.60078125 0.5921875 0.01796875 0.0265625
2 0.61171875 0.553125 0.01640625 0.03125
2 0.603125 0.51953125 0.01875 0.03359375
2 0.6171875 0.521875 0.01875 0.0296875
2 0.634375 0.48984375 0.01640625 0.02578125
2 0.64375 0.509375 0.01953125 0.03046875
2 0.63828125 0.4578125 0.01796875 0.03359375
2 0.65625 0.45859375 0.01171875 0.02109375
2 0.671875 0.4296875 0.01640625 0.02890625
2 0.6734375 0.3984375 0.02109375 0.0296875
2 0.69609375 0.39609375 0.01953125 0.025
2 0.7046875 0.36640625 0.0203125 0.03203125
2 0.734375 0.325 0.0203125 0.02890625
2 0.74140625 0.3359375 0.01796875 0.0234375
2 0.771875 0.30390625 0.015625 0.021875
2 0.8359375 0.2140625 0.025 0.03125
2 0.79296875 0.16796875 0.0140625 0.03515625
2 0.80625 0.1796875 0.01796875 0.034375
2 0.81875 0.1453125 0.01171875 0.03203125
2 0.8671875 0.0859375 0.01484375 0.03203125
2 0.92265625 0.228125 0.01953125 0.03125
2 0.9328125 0.2125 0.0203125 0.03515625
2 0.94375 0.20703125 0.01875 0.03125
2 0.93359375 0.01171875 0.0203125 0.0234375
2 0.97578125 0.0421875 0.02421875 0.034375
2 0.86171875 0.746875 0.015625 0.03203125
2 0.878125 0.75859375 0.0140625 0.03125
2 0.9015625 0.7734375 0.0140625 0.034375
2 0.93671875 0.821875 0.01875 0.03125
2 0.94609375 0.83828125 0.02109375 0.02890625
2 0.95625 0.85859375 0.01953125 0.025
2 0.9671875 0.8765625 0.0203125 0.0234375
2 0.97578125 0.90625 0.0203125 0.02890625
2 0.93359375 0.98515625 0.0234375 0.0296875
2 0.9078125 0.95859375 0.0203125 0.0296875
2 0.88671875 0.93046875 0.0203125 0.03046875
2 0.85390625 0.8890625 0.01953125 0.03046875
2 0.71875 0.7640625 0.01875 0.03125
2 0.703125 0.76953125 0.01875 0.02578125
2 0.709375 0.73203125 0.01953125 0.02890625
2 0.6921875 0.71953125 0.02109375 0.02421875
2 0.678125 0.75078125 0.02109375 0.0234375
2 0.5984375 0.69921875 0.01875 0.02421875
4 0.0515625 0.865625 0.009375 0.01328125
4 0.05703125 0.87734375 0.00859375 0.0140625
4 0.065625 0.86875 0.00859375 0.009375
4 0.06875 0.8828125 0.009375 0.01015625
4 0.078125 0.853125 0.00546875 0.01328125
4 0.08125 0.8484375 0.00546875 0.0140625
4 0.08515625 0.84609375 0.0046875 0.0140625
4 0.08984375 0.84140625 0.00546875 0.01328125
4 0.10390625 0.8296875 0.00625 0.01328125
4 0.10703125 0.8234375 0.00546875 0.01328125
4 0.1109375 0.821875 0.00703125 0.0109375
4 0.11328125 0.815625 0.00859375 0.009375
4 0.2203125 0.715625 0.00703125 0.01328125
4 0.2234375 0.70234375 0.00859375 0.0109375
4 0.228125 0.71015625 0.00859375 0.01015625
4 0.25859375 0.67109375 0.00859375 0.01015625
4 0.25625 0.65859375 0.00859375 0.0109375
4 0.26484375 0.66015625 0.00625 0.01328125
4 0.27109375 0.65546875 0.00703125 0.00703125
4 0.2734375 0.640625 0.009375 0.01015625
4 0.278125 0.65 0.009375 0.009375
4 0.30546875 0.62578125 0.00859375 0.00859375
4 0.29296875 0.6140625 0.00703125 0.00625
4 0.296875 0.60546875 0.009375 0.00859375
4 0.31328125 0.62265625 0.00859375 0.009375
4 0.30859375 0.63125 0.00859375 0.009375
4 0.32578125 0.59296875 0.00703125 0.01171875
4 0.33125 0.58125 0.00859375 0.01328125
4 0.378125 0.734375 0.009375 0.01171875
4 0.39921875 0.7328125 0.00703125 0.01171875
4 0.37265625 0.7515625 0.009375 0.0109375
4 0.35703125 0.7546875 0.01015625 0.0109375
4 0.35078125 0.765625 0.01015625 0.01484375
4 0.3359375 0.77421875 0.00859375 0.01328125
4 0.3015625 0.8 0.009375 0.0140625
4 0.25859375 0.8328125 0.00703125 0.01328125
4 0.296875 0.85703125 0.00859375 0.015625
4 0.2421875 0.86875 0.00859375 0.015625
4 0.2484375 0.87421875 0.01015625 0.0140625
4 0.24375 0.89609375 0.003125 0.00859375
4 0.246875 0.93203125 0.00546875 0.0140625
4 0.25546875 0.92578125 0.00625 0.01328125
4 0.31875 0.9859375 0.00859375 0.01328125
4 0.38828125 0.921875 0.009375 0.01328125
4 0.43046875 0.8703125 0.009375 0.01484375
4 0.43359375 0.84609375 0.01328125 0.0140625
4 0.446875 0.86171875 0.00859375 0.0140625
4 0.4859375 0.81875 0.01328125 0.01640625
4 0.51640625 0.7890625 0.00859375 0.01484375
4 0.46328125 0.7734375 0.00625 0.01328125
4 0.4640625 0.7625 0.00859375 0.01328125
4 0.45546875 0.746875 0.0046875 0.01484375
4 0.46171875 0.70078125 0.01015625 0.0109375
4 0.48203125 0.69296875 0.01328125 0.00859375
4 0.47578125 0.66484375 0.009375 0.01171875
4 0.48828125 0.66953125 0.01015625 0.01171875
4 0.49296875 0.67890625 0.00859375 0.0109375
4 0.3671875 0.3640625 0.00703125 0.01640625
4 0.34453125 0.29140625 0.00703125 0.015625
4 0.259375 0.1171875 0.00703125 0.015625
4 0.309375 0.015625 0.00859375 0.0140625
4 0.36796875 0.08125 0.00859375 0.00625
4 0.36484375 0.0703125 0.00625 0.01328125
4 0.3609375 0.12265625 0.00859375 0.01484375
4 0.38125 0.1484375 0.00859375 0.01484375
4 0.38828125 0.1359375 0.00703125 0.0140625
4 0.39296875 0.1296875 0.009375 0.00859375
4 0.3953125 0.13203125 0.00859375 0.009375
4 0.396875 0.1375 0.00703125 0.00703125
4 0.39921875 0.14140625 0.00703125 0.01015625
4 0.40546875 0.134375 0.00859375 0.0109375
4 0.403125 0.14921875 0.009375 0.00625
4 0.40078125 0.16015625 0.00546875 0.0109375
4 0.403125 0.171875 0.00703125 0.01171875
4 0.4078125 0.1609375 0.00859375 0.009375
4 0.3828125 0.18046875 0.00859375 0.0140625
4 0.39921875 0.18046875 0.00703125 0.01796875
4 0.38828125 0.19453125 0.00703125 0.01484375
4 0.38359375 0.20078125 0.00625 0.015625
4 0.4109375 0.17265625 0.00625 0.009375
4 0.41484375 0.17421875 0.0046875 0.0140625
4 0.415625 0.15390625 0.00703125 0.00859375
4 0.4171875 0.15859375 0.00703125 0.00859375
4 0.421875 0.17109375 0.00625 0.01171875
4 0.42578125 0.178125 0.00625 0.009375
4 0.4328125 0.1890625 0.00859375 0.01171875
4 0.446875 0.27890625 0.00546875 0.01171875
4 0.44375 0.28046875 0.00625 0.01171875
4 0.44296875 0.28984375 0.00859375 0.01328125
4 0.58671875 0.32578125 0.01171875 0.015625
4 0.609375 0.35859375 0.009375 0.009375
4 0.56328125 0.18984375 0.00859375 0.02109375
4 0.73046875 0.26953125 0.009375 0.01171875
4 0.746875 0.221875 0.00625 0.01171875
4 0.7515625 0.21953125 0.00703125 0.0140625
4 0.8234375 0.2515625 0.0140625 0.01484375
4 0.809375 0.16015625 0.00625 0.00703125
4 0.80859375 0.1484375 0.00546875 0.0109375
4 0.60703125 0.4703125 0.00859375 0.01328125
4 0.6015625 0.478125 0.009375 0.01796875
4 0.61640625 0.50625 0.00859375 0.01640625
4 0.68203125 0.50625 0.0046875 0.01640625
4 0.715625 0.63203125 0.00859375 0.01953125
4 0.76484375 0.640625 0.00546875 0.01328125
4 0.76875 0.64375 0.0046875 0.01484375
4 0.76484375 0.66875 0.00703125 0.01015625
4 0.8140625 0.71328125 0.00546875 0.01328125
4 0.81796875 0.715625 0.00546875 0.01171875
4 0.81953125 0.7171875 0.00546875 0.01484375
4 0.83046875 0.72890625 0.00390625 0.01484375
4 0.834375 0.7421875 0.00546875 0.01015625
4 0.840625 0.7390625 0.00703125 0.0109375
4 0.84609375 0.74453125 0.00546875 0.015625
4 0.84921875 0.75 0.003125 0.01171875
4 0.8359375 0.76953125 0.009375 0.0140625
4 0.90703125 0.79296875 0.00625 0.01796875
4 0.96875 0.84296875 0.009375 0.01328125
4 0.9765625 0.853125 0.009375 0.01015625
4 0.96953125 0.8609375 0.009375 0.01171875
4 0.97890625 0.8734375 0.00703125 0.01875
4 0.91875 0.98984375 0.01015625 0.0140625
4 0.91171875 0.9828125 0.009375 0.015625
4 0.871875 0.92734375 0.01015625 0.015625
4 0.765625 0.80546875 0.0109375 0.01640625
4 0.72421875 0.734375 0.009375 0.01328125
4 0.68984375 0.75625 0.00859375 0.0140625
4 0.67421875 0.7359375 0.01171875 0.01484375
4 0.678125 0.71640625 0.01015625 0.0140625
4 0.61328125 0.60625 0.01171875 0.01875
4 0.5859375 0.6 0.01015625 0.01796875
4 0.55859375 0.63671875 0.009375 0.01953125
4 0.61640625 0.5609375 0.01015625 0.01953125
4 0.521875 0.61171875 0.0109375 0.015625
4 0.528125 0.63125 0.01328125 0.015625
4 0.54609375 0.640625 0.01015625 0.01328125
4 0.546875 0.66015625 0.00859375 0.0109375
4 0.5375 0.65625 0.01171875 0.0140625
4 0.521875 0.6453125 0.01171875 0.0140625
4 0.515625 0.65859375 0.01171875 0.009375
4 0.51484375 0.671875 0.01171875 0.01640625
4 0.565625 0.7671875 0.01328125 0.025
0 0.10703125 0.8609375 0.015625 0.02421875
0 0.33125 0.796875 0.01640625 0.02578125
0 0.2484375 0.67734375 0.0140625 0.021875
0 0.2703125 0.66640625 0.01484375 0.01953125
0 0.3953125 0.78125 0.0140625 0.01953125
0 0.4109375 0.71015625 0.01484375 0.021875
0 0.4296875 0.7109375 0.015625 0.0203125
0 0.33359375 0.59140625 0.01171875 0.01640625
0 0.46484375 0.74453125 0.0140625 0.0265625
0 0.490625 0.73046875 0.01953125 0.01796875
0 0.5515625 0.61953125 0.01640625 0.01796875
0 0.34375 0.44453125 0.01171875 0.0234375
0 0.32109375 0.034375 0.01328125 0.02890625
0 0.3421875 0.075 0.01328125 0.02578125
0 0.3609375 0.10390625 0.01484375 0.0234375
0 0.40625 0.21171875 0.0140625 0.02890625
0 0.421875 0.30859375 0.015625 0.02890625
0 0.60234375 0.2890625 0.01171875 0.028125
0 0.60078125 0.25625 0.01171875 0.02890625
0 0.55546875 0.1703125 0.01171875 0.025
0 0.684375 0.44140625 0.0140625 0.02421875
0 0.70546875 0.27109375 0.0140625 0.028125
0 0.62890625 0.54140625 0.01796875 0.02109375
0 0.58828125 0.7140625 0.01640625 0.01875
0 0.6203125 0.72890625 0.01796875 0.0234375
0 0.67421875 0.72734375 0.01796875 0.021875
0 0.7546875 0.65078125 0.01640625 0.02578125
0 0.86796875 0.765625 0.01328125 0.02578125
0 0.89375 0.76953125 0.0109375 0.02578125
0 0.90078125 0.9765625 0.0140625 0.01640625
3 0.7234375 0.7484375 0.01875 0.0296875
3 0.8234375 0.91640625 0.0203125 0.02890625
3 0.33828125 0.0421875 0.02578125 0.0484375
3 0.346875 0.61796875 0.025 0.03671875
3 0.284375 0.63125 0.01875 0.02890625
3 0.1796875 0.76953125 0.01953125 0.034375
1 0.31640625 0.5875 0.0453125 0.0796875
1 0.21796875 0.76171875 0.05 0.0765625
1 0.38828125 0.23984375 0.04296875 0.08046875
1 0.359375 0.18125 0.03359375 0.065625
1 0.73671875 0.8 0.0484375 0.06171875
1 0.84921875 0.91484375 0.05078125 0.059375
6 0.80546875 0.846875 0.03671875 0.05859375
6 0.6984375 0.7484375 0.0296875 0.0359375