1 0.66484375 0.8015625 0.06796875 0.1015625
0 0.46171875 0.55234375 0.0234375 0.03125
0 0.33046875 0.6265625 0.01796875 0.02890625
0 0.40546875 0.44296875 0.01328125 0.02421875
0 0.5390625 0.49609375 0.0203125 0.028125
0 0.64375 0.440625 0.0203125 0.028125
2 0.36328125 0.709375 0.02109375 0.04375
2 0.31015625 0.93046875 0.015625 0.0484375
2 0.82578125 0.1390625 0.0296875 0.028125
0 0.81953125 0.2734375 0.01875 0.0265625
0 0.28359375 0.275 0.015625 0.02421875
0 0.73515625 0.88359375 0.015625 0.028125
4 0.3984375 0.58203125 0.0109375 0.02578125
4 0.36953125 0.546875 0.009375 0.01875
4 0.35390625 0.5578125 0.01015625 0.0234375
4 0.3921875 0.50546875 0.01171875 0.0234375
4 0.41796875 0.65 0.0109375 0.01484375
4 0.484375 0.5765625 0.01328125 0.03046875
4 0.5140625 0.41328125 0.01328125 0.0234375
4 0.50625 0.378125 0.01171875 0.015625
4 0.50078125 0.36015625 0.01171875 0.01796875
4 0.31484375 0.1875 0.009375 0.01640625
4 0.3453125 0.2265625 0.01328125 0.01640625
4 0.36015625 0.2421875 0.01171875 0.02109375
4 0.36640625 0.28046875 0.0140625 0.01875
4 0.41796875 0.31796875 0.0140625 0.01484375
4 0.32578125 0.33984375 0.0109375 0.015625
4 0.30703125 0.27578125 0.009375 0.0265625
4 0.24609375 0.15078125 0.01484375 0.021875
4 0.43671875 0.4421875 0.0140625 0.0203125
4 0.44765625 0.4140625 0.01796875 0.01640625
4 0.459375 0.403125 0.0140625 0.01796875
4 0.4796875 0.40078125 0.01171875 0.021875
4 0.48359375 0.36953125 0.01328125 0.0203125
4 0.4703125 0.37734375 0.01171875 0.02109375
4 0.37265625 0.415625 0.0109375 0.01875
4 0.4171875 0.47109375 0.01171875 0.01484375
4 0.41171875 0.49453125 0.0109375 0.0234375
4 0.3 0.71171875 0.01328125 0.02421875
4 0.28359375 0.75859375 0.009375 0.021875
4 0.34296875 0.7609375 0.01171875 0.021875
4 0.39609375 0.69140625 0.01171875 0.025
4 0.32109375 0.834375 0.01171875 0.025
4 0.31953125 0.8125 0.009375 0.02109375
4 0.39375 0.66640625 0.01484375 0.02421875
4 0.384375 0.69609375 0.01328125 0.0203125
4 0.35546875 0.2109375 0.0140625 0.01796875
4 0.29296875 0.13671875 0.01171875 0.01640625
4 0.27265625 0.06328125 0.01171875 0.028125
2 0.190625 0.128125 0.02421875 0.03359375
2 0.309375 0.11171875 0.01953125 0.034375
4 0.21171875 0.090625 0.01328125 0.01875
4 0.17421875 0.03359375 0.01171875 0.01875
4 0.190625 0.06484375 0.0140625 0.0203125
2 0.23125 0.1890625 0.021875 0.028125
3 0.253125 0.23671875 0.01953125 0.02890625
2 0.3265625 0.37890625 0.0140625 0.03515625
6 0.5640625 0.95546875 0.03671875 0.05859375
4 0.66171875 0.2015625 0.015625 0.01953125
4 0.5765625 0.2984375 0.01171875 0.01875
4 0.56875 0.31953125 0.0109375 0.01640625
4 0.57578125 0.328125 0.0109375 0.01796875
4 0.603125 0.24453125 0.01171875 0.01796875
4 0.615625 0.21953125 0.01171875 0.01484375
4 0.634375 0.25078125 0.01171875 0.01953125
4 0.63203125 0.2734375 0.0140625 0.01640625
4 0.64921875 0.25703125 0.01171875 0.015625
4 0.72109375 0.30703125 0.01328125 0.01640625
4 0.659375 0.3953125 0.0140625 0.0203125
4 0.58359375 0.73125 0.01484375 0.01875
4 0.6984375 0.74296875 0.01171875 0.02109375
4 0.7484375 0.82890625 0.009375 0.025
4 0.68046875 0.66484375 0.0140625 0.01875
4 0.6203125 0.62421875 0.01484375 0.01953125
4 0.69453125 0.86953125 0.01328125 0.01875
4 0.709375 0.8734375 0.01328125 0.01796875
4 0.7109375 0.89453125 0.0109375 0.01796875
4 0.71796875 0.93359375 0.01015625 0.0203125
4 0.7296875 0.89921875 0.01328125 0.01484375
4 0.746875 0.91015625 0.0109375 0.01640625
4 0.79921875 0.909375 0.0140625 0.02109375
4 0.8265625 0.9453125 0.0109375 0.02109375
4 0.84921875 0.96875 0.0109375 0.01796875
4 0.8484375 0.98671875 0.01484375 0.01640625
4 0.8046875 0.98046875 0.0109375 0.01875
4 0.784375 0.98828125 0.01640625 0.01796875
4 0.76796875 0.9515625 0.01171875 0.01796875
4 0.7796875 0.94296875 0.01171875 0.01796875
4 0.796875 0.11875 0.01171875 0.01640625
4 0.87890625 0.07890625 0.01328125 0.0140625
4 0.86875 0.20390625 0.01171875 0.015625
2 0.5171875 0.27421875 0.02421875 0.03125
2 0.54921875 0.2484375 0.021875 0.02578125
4 0.40703125 0.46328125 0.0109375 0.01328125
2 0.659375 0.1515625 0.021875 0.02890625
2 0.7578125 0.63359375 0.0203125 0.03984375
2 0.865625 0.28828125 0.0234375 0.0296875
4 0.93125 0.278125 0.0140625 0.02109375
2 0.84453125 0.390625 0.0234375 0.04609375
4 0.8484375 0.45078125 0.01484375 0.0265625
4 0.925 0.028125 0.015625 0.01875
4 0.94921875 0.12734375 0.015625 0.01640625
4 0.9390625 0.00625 0.015625 0.0125
3 0.51875 0.70546875 0.03046875 0.0359375
3 0.690625 0.6125 0.01875 0.03515625
3 0.7265625 0.6796875 0.0203125 0.040625
3 0.67109375 0.58046875 0.01640625 0.025
3 0.61875 0.49296875 0.01875 0.0265625
3 0.62890625 0.54453125 0.01875 0.02578125
3 0.68359375 0.5875 0.0234375 0.04453125
3 0.70390625 0.63515625 0.01875 0.03671875
3 0.671875 0.43671875 0.02578125 0.03828125
3 0.7328125 0.39140625 0.0296875 0.0359375
3 0.865625 0.33828125 0.028125 0.06171875
3 0.83671875 0.3109375 0.03046875 0.0359375
3 0.8234375 0.4515625 0.03203125 0.06796875
3 0.8109375 0.33125 0.02421875 0.03359375
4 0.7859375 0.87109375 0.0140625 0.01953125
4 0.76171875 0.828125 0.01171875 0.01796875
4 0.7734375 0.74609375 0.01171875 0.01640625
3 0.80546875 0.50546875 0.01640625 0.03515625
3 0.25078125 0.803125 0.01796875 0.03671875
3 0.27734375 0.67578125 0.015625 0.03046875
3 0.190625 0.20703125 0.021875 0.03515625
3 0.21328125 0.2515625 0.0234375 0.03828125
6 0.19140625 0.2515625 0.02578125 0.053125
3 0.23125 0.28671875 0.02578125 0.04296875
4 0.23203125 0.1171875 0.01171875 0.0234375
4 0.378125 0.22265625 0.00625 0.0203125
4 0.44453125 0.31171875 0.01171875 0.0234375
2 0.3265625 0.9171875 0.015625 0.0453125
4 0.259375 0.771875 0.009375 0.02890625
2 0.62421875 0.1625 0.015625 0.0359375
3 0.66640625 0.565625 0.01953125 0.03359375
3 0.715625 0.64921875 0.025 0.04453125
3 0.62890625 0.5078125 0.0234375 0.03671875
3 0.69921875 0.41796875 0.03046875 0.034375
3 0.521875 0.21875 0.0203125 0.02890625
4 0.5546875 0.184375 0.00625 0.01875
4 0.54921875 0.19140625 0.00703125 0.01953125
4 0.5625 0.203125 0.00859375 0.0234375
4 0.58984375 0.2 0.00703125 0.01953125
4 0.603125 0.17421875 0.00703125 0.021875
4 0.59609375 0.178125 0.00546875 0.0203125
4 0.58984375 0.1734375 0.0046875 0.0203125
4 0.5828125 0.18671875 0.00625 0.0140625
4 0.57890625 0.19375 0.00625 0.0203125
4 0.63046875 0.14375 0.00703125 0.01953125
4 0.6359375 0.1390625 0.0046875 0.0203125
4 0.609375 0.134375 0.00703125 0.01875
4 0.64140625 0.13359375 0.00546875 0.01875
4 0.64921875 0.13125 0.00546875 0.01875
4 0.65625 0.128125 0.0046875 0.0203125
4 0.6609375 0.12734375 0.0046875 0.01875
4 0.66640625 0.1265625 0.00546875 0.01796875
4 0.68359375 0.14609375 0.01328125 0.0203125
4 0.67578125 0.11640625 0.00546875 0.0203125
4 0.68046875 0.1125 0.00546875 0.02109375
4 0.69296875 0.10625 0.00390625 0.01875
4 0.6890625 0.10859375 0.0046875 0.021875
4 0.778125 0.03203125 0.00703125 0.02421875
4 0.771875 0.03671875 0.00859375 0.02421875
4 0.75078125 0.37421875 0.00859375 0.02421875
4 0.78203125 0.72734375 0.01015625 0.00859375
4 0.7796875 0.73671875 0.0140625 0.0109375
4 0.78671875 0.71015625 0.01171875 0.00703125
4 0.8078125 0.653125 0.00859375 0.01875
4 0.80078125 0.6734375 0.0140625 0.01328125
4 0.796875 0.68671875 0.009375 0.015625
4 0.81484375 0.6359375 0.01015625 0.01171875
4 0.8265625 0.60390625 0.01015625 0.015625
4 0.78359375 0.55546875 0.01171875 0.01015625
4 0.78828125 0.54609375 0.0140625 0.015625
4 0.79140625 0.53046875 0.01171875 0.009375
4 0.778125 0.56640625 0.01171875 0.01328125
4 0.771875 0.58125 0.01171875 0.01171875
4 0.90390625 0.396875 0.00859375 0.0234375
4 0.8890625 0.43671875 0.009375 0.01171875
4 0.8921875 0.4265625 0.01328125 0.0109375
4 0.86640625 0.4734375 0.00859375 0.01875
4 0.8671875 0.49140625 0.0140625 0.01171875
4 0.9203125 0.35078125 0.00859375 0.01640625
4 0.92734375 0.3453125 0.00859375 0.01875
4 0.9328125 0.3359375 0.00703125 0.01875
4 0.43671875 0.29140625 0.00546875 0.01796875
4 0.471875 0.2796875 0.00859375 0.015625
4 0.4796875 0.2796875 0.00703125 0.01875
4 0.42109375 0.2859375 0.00859375 0.01875
4 0.4265625 0.29140625 0.0046875 0.01875
4 0.43046875 0.28984375 0.00390625 0.01875
4 0.3875 0.21484375 0.009375 0.01484375
4 0.3859375 0.23203125 0.009375 0.01796875
4 0.409375 0.25859375 0.00546875 0.0140625
2 0.403125 0.14375 0.01796875 0.03515625
4 0.36171875 0.0609375 0.00859375 0.01953125
4 0.353125 0.0515625 0.00859375 0.01875
4 0.34296875 0.040625 0.00859375 0.01953125
4 0.34296875 0.071875 0.009375 0.01328125
4 0.37578125 0.0828125 0.00625 0.015625
4 0.371875 0.078125 0.00859375 0.01796875
4 0.35859375 0.08984375 0.00703125 0.01796875
4 0.36171875 0.09609375 0.00703125 0.015625
4 0.37109375 0.1296875 0.00625 0.01796875
4 0.37734375 0.14296875 0.0046875 0.01640625
4 0.38359375 0.1296875 0.00546875 0.01484375
4 0.38828125 0.10703125 0.00625 0.01953125
4 0.37890625 0.10390625 0.00859375 0.01796875
4 0.38125 0.11875 0.00625 0.015625
4 0.37578125 0.11875 0.00546875 0.015625
4 0.36640625 0.11796875 0.00625 0.01796875
4 0.35859375 0.11953125 0.00859375 0.015625
4 0.34921875 0.096875 0.009375 0.01875
4 0.3515625 0.1046875 0.00625 0.01875
4 0.3109375 0.08828125 0.00859375 0.01484375
4 0.31875 0.0765625 0.00859375 0.0109375
4 0.32265625 0.1015625 0.00703125 0.01953125
4 0.328125 0.10546875 0.00546875 0.01484375
4 0.3390625 0.1265625 0.00859375 0.0140625
4 0.3390625 0.10703125 0.00703125 0.01875
4 0.40390625 0.103125 0.00859375 0.02421875
6 0.075 0.03203125 0.03515625 0.05625
4 0.22421875 0.8390625 0.01328125 0.01328125
4 0.22734375 0.82578125 0.0109375 0.0109375
4 0.24375 0.76484375 0.0109375 0.01328125
4 0.234375 0.7984375 0.0109375 0.009375
4 0.2328125 0.80625 0.01015625 0.01015625
4 0.28203125 0.6484375 0.00859375 0.01953125
4 0.30703125 0.58828125 0.01015625 0.01953125
4 0.303125 0.4359375 0.009375 0.0234375