2 0.02578125 0.02421875 0.01953125 0.03984375
4 0.0125 0.046875 0.00703125 0.015625
4 0.00859375 0.03046875 0.01171875 0.01171875
4 0.00390625 0.04609375 0.00703125 0.015625
2 0.075 0.05859375 0.01875 0.04453125
2 0.15859375 0.24609375 0.0203125 0.03515625
2 0.02578125 0.23671875 0.0203125 0.04140625
2 0.0078125 0.28828125 0.01484375 0.0390625
2 0.03046875 0.27421875 0.01953125 0.04375
3 0.07421875 0.309375 0.025 0.06875
0 0.1984375 0.36015625 0.01953125 0.01484375
4 0.26328125 0.35703125 0.01171875 0.00859375
0 0.5015625 0.36796875 0.021875 0.021875
4 0.60703125 0.35859375 0.0109375 0.0109375
2 0.7796875 0.265625 0.02578125 0.02109375
2 0.77265625 0.18359375 0.025 0.0203125
2 0.98046875 0.35703125 0.028125 0.01953125
2 0.92578125 0.490625 0.02890625 0.02109375
0 0.9015625 0.51328125 0.01875 0.01484375
4 0.86640625 0.50078125 0.01171875 0.0109375
0 0.71875 0.54140625 0.01796875 0.0140625
4 0.7109375 0.51875 0.01171875 0.0109375