1 0.77109375 0.8796875 0.06015625 0.0390625
1 0.2265625 0.65859375 0.05703125 0.03125
1 0.28515625 0.65234375 0.05546875 0.03125
0 0.5359375 0.04453125 0.00703125 0.03125
0 0.5328125 0.4796875 0.009375 0.02890625
0 0.73515625 0.703125 0.015625 0.02109375
0 0.146875 0.94921875 0.015625 0.01875
2 0.521875 0.2203125 0.0109375 0.04375
2 0.53046875 0.41328125 0.01171875 0.03984375
2 0.521178434375 0.7263506640624999 0.5284368046875 0.6839326703124999 0.5140681484375 0.681708 0.508217071875 0.71805149375 0.521178434375 0.7263506640624999
2 0.5229930375 0.8001211140625 0.507180159375 0.7655412171875 0.4983664484375 0.7756846578125 0.5139200828125 0.809342421875 0.5229930375 0.8001211140625
2 0.4890625 0.8015625 0.02109375 0.021875
2 0.56171875 0.83828125 0.025 0.02578125
2 0.86953125 0.8921875 0.02421875 0.025
2 0.95703125 0.878125 0.02578125 0.02421875
2 0.31796875 0.84921875 0.02421875 0.0203125
2 0.3390625 0.88671875 0.02109375 0.02421875
2 0.059375 0.9265625 0.02109375 0.021875
2 0.10703125 0.80546875 0.0234375 0.02109375
2 0.04609375 0.80625 0.0296875 0.0203125
2 0.10859375 0.78046875 0.02578125 0.0203125
2 0.16875 0.803125 0.02421875 0.0203125
0 0.51640625 0.9390625 0.01484375 0.0140625
4 0.290625 0.6890625 0.0109375 0.01171875
4 0.0484375 0.7015625 0.0140625 0.0109375
4 0.05703125 0.78671875 0.0140625 0.00859375
4 0.053125 0.90390625 0.01328125 0.00859375
4 0.1015625 0.91484375 0.0109375 0.01328125
4 0.1140625 0.94609375 0.0109375 0.00859375
4 0.14375 0.9109375 0.01171875 0.01171875
4 0.2375 0.88125 0.01171875 0.01015625
4 0.2578125 0.89140625 0.01484375 0.01015625
4 0.30078125 0.896875 0.0140625 0.0140625
4 0.3484375 0.86171875 0.01171875 0.0109375
4 0.359375 0.75625 0.01328125 0.01171875
4 0.45078125 0.7140625 0.009375 0.0203125
4 0.46796875 0.6859375 0.0109375 0.021875
4 0.49453125 0.65390625 0.00859375 0.0203125
4 0.47890625 0.621875 0.00546875 0.02421875
4 0.53671875 0.63046875 0.00625 0.0234375
4 0.53515625 0.76015625 0.01171875 0.015625
4 0.53984375 0.79296875 0.01171875 0.0203125
4 0.5765625 0.7296875 0.009375 0.01640625
4 0.5921875 0.76953125 0.01171875 0.01171875
4 0.5953125 0.78515625 0.0140625 0.01171875
4 0.640625 0.65546875 0.01171875 0.0109375
4 0.846875 0.7296875 0.01328125 0.0109375
4 0.7765625 0.77421875 0.01171875 0.0140625
4 0.86640625 0.8515625 0.01484375 0.0140625
4 0.97421875 0.85234375 0.01640625 0.01171875
4 0.4859375 0.59453125 0.00859375 0.0234375
4 0.48046875 0.53671875 0.00703125 0.0265625
4 0.4859375 0.48515625 0.00546875 0.025
4 0.48046875 0.46484375 0.00546875 0.021875
4 0.4796875 0.4234375 0.00703125 0.02421875
4 0.5359375 0.29921875 0.00625 0.021875
4 0.4984375 0.23984375 0.00625 0.0234375
4 0.49140625 0.21328125 0.00625 0.0234375