2 0.065625 0.55078125 0.01953125 0.01796875
0 0.059375 0.509375 0.01640625 0.02109375
0 0.08203125 0.521875 0.015625 0.01640625
4 0.10546875 0.54140625 0.00859375 0.01328125
2 0.1140625 0.503125 0.009375 0.03046875
2 0.1390625 0.534375 0.025 0.01796875
0 0.18203125 0.5359375 0.01640625 0.0203125
0 0.11796875 0.58203125 0.01484375 0.02578125
2 0.140625 0.559375 0.02109375 0.025
2 0.17421875 0.553125 0.03359375 0.028125
2 0.26328125 0.53828125 0.02421875 0.01640625
2 0.25078125 0.603125 0.0203125 0.021875
2 0.3515625 0.553125 0.02578125 0.02109375
0 0.359375 0.63359375 0.01953125 0.0203125
2 0.3765625 0.60703125 0.025 0.0203125
0 0.4109375 0.53203125 0.01875 0.01953125
2 0.434375 0.5515625 0.01953125 0.01875
4 0.39375 0.5796875 0.01171875 0.009375
4 0.45703125 0.4890625 0.009375 0.02578125
2 0.48359375 0.49296875 0.01640625 0.02578125
2 0.4390625 0.50859375 0.01953125 0.015625
2 0.50078125 0.484375 0.02578125 0.03203125
2 0.43046875 0.49453125 0.021875 0.015625
2 0.51640625 0.5140625 0.0203125 0.01328125
0 0.53359375 0.5375 0.01328125 0.01953125
2 0.52421875 0.578125 0.0203125 0.01640625
2 0.56171875 0.49375 0.025 0.01484375
2 0.5390625 0.49140625 0.025 0.025
2 0.57890625 0.48125 0.01015625 0.02890625
2 0.59765625 0.48125 0.01484375 0.03515625
2 0.5953125 0.5859375 0.02421875 0.01484375
4 0.5796875 0.60234375 0.01171875 0.0140625
4 0.55078125 0.5265625 0.01015625 0.01875
2 0.62421875 0.53671875 0.01953125 0.02578125
2 0.67421875 0.47890625 0.0140625 0.03515625
2 0.709375 0.53203125 0.01796875 0.01484375
2 0.753125 0.51015625 0.01953125 0.02578125
2 0.7390625 0.5359375 0.0203125 0.01953125
2 0.7 0.62890625 0.01796875 0.01328125
4 0.6859375 0.6 0.01015625 0.009375
4 0.68671875 0.60859375 0.01484375 0.01484375
2 0.71875 0.628125 0.021875 0.02109375
2 0.77109375 0.503125 0.01796875 0.01953125
2 0.796875 0.490625 0.02578125 0.0140625
2 0.821875 0.49140625 0.0296875 0.0203125
2 0.82578125 0.5234375 0.0203125 0.025
2 0.79375 0.528125 0.01796875 0.015625
0 0.78125 0.51953125 0.01328125 0.0140625
4 0.84296875 0.55546875 0.0109375 0.0234375
2 0.89296875 0.5625 0.0234375 0.01484375
2 0.871875 0.43046875 0.0203125 0.01953125
4 0.946875 0.5015625 0.01796875 0.03671875
2 0.09375 0.26484375 0.02421875 0.02578125
2 0.09375 0.303125 0.0203125 0.02109375
4 0.1140625 0.29375 0.009375 0.01875
4 0.115625 0.44375 0.009375 0.01953125
4 0.10546875 0.48046875 0.0140625 0.01640625
2 0.12265625 0.496875 0.01796875 0.0390625
4 0.0234375 0.5046875 0.0109375 0.0140625
4 0.071875 0.48359375 0.009375 0.0109375
4 0.0515625 0.48671875 0.00859375 0.01015625
4 0.2265625 0.53203125 0.01328125 0.01171875
4 0.23671875 0.54375 0.01328125 0.015625
4 0.2703125 0.528125 0.0109375 0.009375
0 0.3046875 0.5359375 0.01796875 0.01875
4 0.33515625 0.41640625 0.009375 0.01875
4 0.40546875 0.41171875 0.0046875 0.01484375
4 0.41171875 0.4140625 0.003125 0.0140625
4 0.40703125 0.42578125 0.00390625 0.0140625
4 0.409375 0.42578125 0.00390625 0.01484375
4 0.38046875 0.40546875 0.00859375 0.009375
4 0.41640625 0.42421875 0.00390625 0.01328125
4 0.41875 0.42578125 0.0015625 0.015625
4 0.421875 0.42421875 0.00390625 0.01328125
4 0.4265625 0.425 0.00390625 0.0140625
4 0.43125 0.42421875 0.00390625 0.01484375
4 0.4265625 0.43828125 0.0046875 0.01640625
4 0.453125 0.43828125 0.0046875 0.01484375
4 0.4390625 0.4390625 0.0046875 0.01640625
4 0.434375 0.4390625 0.00546875 0.01484375
4 0.47578125 0.42421875 0.00859375 0.01328125
4 0.46796875 0.42265625 0.0046875 0.01484375
4 0.47265625 0.43671875 0.00546875 0.01640625
4 0.46015625 0.42578125 0.0046875 0.0140625
4 0.4640625 0.4390625 0.00390625 0.01796875
4 0.49453125 0.4109375 0.00390625 0.01640625
4 0.49140625 0.4109375 0.0046875 0.01484375
4 0.48828125 0.4109375 0.0046875 0.015625
4 0.48515625 0.4109375 0.00546875 0.01171875
4 0.48203125 0.4109375 0.0046875 0.01015625
4 0.478125 0.41171875 0.00546875 0.01171875
4 0.47421875 0.4125 0.00546875 0.0109375
4 0.54609375 0.41875 0.0046875 0.0140625
4 0.5421875 0.4203125 0.0046875 0.015625
4 0.5390625 0.41953125 0.00546875 0.015625
4 0.534375 0.41640625 0.0046875 0.015625
4 0.53203125 0.41640625 0.00625 0.015625
4 0.528125 0.41640625 0.00390625 0.01484375
4 0.52421875 0.41796875 0.00546875 0.01484375
4 0.5390625 0.43671875 0.0046875 0.01484375
4 0.54140625 0.43515625 0.00390625 0.01171875
4 0.5453125 0.4359375 0.003125 0.0140625
4 0.5484375 0.43828125 0.00390625 0.01171875
4 0.553125 0.43671875 0.003125 0.01171875
4 0.55703125 0.43828125 0.00546875 0.01953125
4 0.559375 0.4375 0.0046875 0.01171875
4 0.496875 0.51328125 0.01015625 0.00546875
4 0.5671875 0.41015625 0.00546875 0.01484375
4 0.575 0.41171875 0.00546875 0.01328125
4 0.58046875 0.409375 0.0046875 0.0140625
4 0.5890625 0.4359375 0.00625 0.0140625
4 0.603125 0.4140625 0.00859375 0.00625
4 0.6609375 0.43359375 0.009375 0.01171875
4 0.6265625 0.434375 0.00546875 0.0140625
4 0.634375 0.4359375 0.00546875 0.01796875
4 0.640625 0.43515625 0.0046875 0.01640625
4 0.61953125 0.43671875 0.00703125 0.01953125
4 0.65390625 0.4109375 0.00546875 0.0203125
4 0.671875 0.4078125 0.00390625 0.01171875
4 0.665625 0.40859375 0.00625 0.01171875
4 0.69921875 0.409375 0.00390625 0.0140625
4 0.7171875 0.41953125 0.0046875 0.01171875
4 0.72109375 0.41875 0.0046875 0.0140625
4 0.72890625 0.41875 0.0046875 0.0140625
4 0.74296875 0.41875 0.00390625 0.015625
4 0.759375 0.434375 0.00546875 0.01484375
4 0.74296875 0.43359375 0.003125 0.01484375
4 0.728125 0.43515625 0.0046875 0.01796875
4 0.7234375 0.434375 0.0046875 0.015625
4 0.740625 0.43203125 0.00390625 0.0140625
4 0.71953125 0.43359375 0.0046875 0.01015625
4 0.715625 0.43671875 0.00859375 0.02109375
2 0.73203125 0.49453125 0.01796875 0.01015625
4 0.71484375 0.515625 0.01015625 0.015625
4 0.75 0.484375 0.009375 0.009375
4 0.78828125 0.43359375 0.00546875 0.01328125
4 0.78515625 0.434375 0.00546875 0.01640625
2 0.82421875 0.3625 0.01796875 0.04296875
2 0.8140625 0.5921875 0.0203125 0.0140625
2 0.65859375 0.64296875 0.01484375 0.03671875
2 0.68046875 0.63125 0.02578125 0.01640625
4 0.8546875 0.46875 0.02109375 0.01875
4 0.9796875 0.4140625 0.01484375 0.02578125
0 0.33359375 0.60390625 0.015625 0.021875
0 0.09453125 0.42578125 0.01015625 0.03046875