5 0.22265625 0.684375 0.06796875 0.02890625
5 0.28828125 0.67734375 0.05546875 0.040625
2 0.071875 0.8265625 0.0296875 0.02578125
2 0.04375 0.88359375 0.028125 0.02578125
2 0.1015625 0.88046875 0.03203125 0.02578125
2 0.22734375 0.828125 0.03125 0.0296875
4 0.21953125 0.78515625 0.01484375 0.0140625
2 0.296875 0.81171875 0.034375 0.02890625
4 0.29375 0.77421875 0.01796875 0.01640625
2 0.34609375 0.81640625 0.03125 0.02421875
4 0.38515625 0.70625 0.021875 0.01796875
2 0.41328125 0.828125 0.03046875 0.04296875
2 0.37890625 0.93125 0.0296875 0.034375
2 0.4640625 0.82421875 0.021875 0.03125
2 0.4859375 0.93203125 0.02421875 0.034375
4 0.5265625 0.73671875 0.00859375 0.025
4 0.51640625 0.73125 0.0046875 0.021875
4 0.515625 0.796875 0.01328125 0.0140625
4 0.51875 0.8171875 0.0140625 0.01171875
2 0.58515625 0.825 0.0265625 0.03203125
4 0.55390625 0.72890625 0.01484375 0.02578125
4 0.53125 0.6296875 0.00859375 0.0234375
4 0.4859375 0.6265625 0.0109375 0.021875
2 0.496875 0.5265625 0.01328125 0.04921875
2 0.48125 0.515625 0.01796875 0.04453125
0 0.47890625 0.31171875 0.00703125 0.0359375
4 0.5265625 0.365625 0.00859375 0.02890625
4 0.478125 0.4015625 0.0140625 0.021875
0 0.52578125 0.1 0.0109375 0.028125
2 0.4921875 0.08828125 0.015625 0.03984375
4 0.47578125 0.11953125 0.009375 0.015625
4 0.4671875 0.14609375 0.0109375 0.01171875
4 0.509375 0.04140625 0.00859375 0.02421875
4 0.478125 0.07421875 0.00859375 0.0203125
2 0.6890625 0.828125 0.025 0.034375
4 0.671875 0.7796875 0.01171875 0.0203125
0 0.76171875 0.77890625 0.02578125 0.03125
0 0.63828125 0.790625 0.015625 0.015625
2 0.91875 0.88515625 0.02890625 0.021875
4 0.91875 0.78984375 0.03046875 0.009375
2 0.62109375 0.70390625 0.0234375 0.021875
0 0.63125 0.67578125 0.015625 0.015625
0 0.65078125 0.6984375 0.01328125 0.0140625
0 0.71328125 0.69921875 0.0203125 0.0109375
4 0.80703125 0.72109375 0.01171875 0.01875
4 0.99296875 0.796875 0.0109375 0.02109375
4 0.96015625 0.86875 0.01484375 0.02578125