4 0.821875 0.52421875 0.01796875 0.0265625
2 0.7296875 0.45859375 0.02890625 0.028125
4 0.8390625 0.57578125 0.01796875 0.01796875
0 0.88515625 0.57265625 0.0203125 0.0234375
2 0.93359375 0.575 0.028125 0.03046875
4 0.93203125 0.4828125 0.0140625 0.02109375
4 0.8734375 0.45859375 0.01875 0.021875
4 0.98984375 0.56328125 0.01640625 0.02421875
4 0.66171875 0.48671875 0.01328125 0.0140625
4 0.65546875 0.52421875 0.01171875 0.01796875
2 0.728125 0.69453125 0.01875 0.04609375
2 0.703125 0.80546875 0.0234375 0.03125
0 0.76875 0.640625 0.01171875 0.02890625
0 0.78671875 0.6375 0.01328125 0.03203125
4 0.778125 0.6546875 0.00859375 0.0265625
4 0.70390625 0.62421875 0.01640625 0.0203125
4 0.7015625 0.63828125 0.01484375 0.0140625
4 0.734375 0.646875 0.01328125 0.01640625
4 0.69921875 0.65625 0.01328125 0.01796875
4 0.7296875 0.6625 0.01328125 0.01484375
4 0.57265625 0.54921875 0.01171875 0.01953125
4 0.49765625 0.5890625 0.01484375 0.01953125
4 0.56328125 0.57890625 0.0140625 0.01875
4 0.559375 0.61328125 0.0203125 0.01875
4 0.5375 0.64453125 0.01796875 0.02421875
4 0.6046875 0.58359375 0.01328125 0.015625
2 0.6171875 0.56171875 0.025 0.01953125
4 0.63203125 0.575 0.0140625 0.01796875
4 0.634375 0.55625 0.0140625 0.01796875
4 0.415625 0.8515625 0.01484375 0.025
4 0.384375 0.8 0.0140625 0.02421875
0 0.34140625 0.784375 0.0140625 0.028125
4 0.43046875 0.89453125 0.0109375 0.0265625
0 0.4484375 0.9109375 0.01484375 0.03203125
0 0.44296875 0.825 0.015625 0.03125
0 0.46171875 0.8015625 0.01484375 0.0296875
0 0.4265625 0.77109375 0.01171875 0.03359375
0 0.43515625 0.784375 0.01328125 0.02578125
4 0.44765625 0.77109375 0.009375 0.021875
4 0.46328125 0.76875 0.01015625 0.025
2 0.45390625 0.771875 0.009375 0.03125
4 0.42109375 0.80703125 0.01171875 0.02421875
4 0.25546875 0.58515625 0.01640625 0.0234375
4 0.16640625 0.565625 0.015625 0.0203125
4 0.23046875 0.59453125 0.01484375 0.01796875
4 0.084375 0.52890625 0.01171875 0.021875
2 0.1796875 0.6125 0.02578125 0.0265625
4 0.246875 0.63046875 0.01328125 0.021875
2 0.02890625 0.5359375 0.02421875 0.0296875
2 0.07421875 0.55078125 0.025 0.021875
2 0.05078125 0.5484375 0.0234375 0.021875
2 0.09609375 0.5765625 0.0203125 0.0265625
2 0.096875 0.65078125 0.0203125 0.03046875
2 0.09140625 0.6828125 0.0203125 0.0359375
2 0.084375 0.72109375 0.01796875 0.03515625
2 0.0421875 0.5765625 0.01328125 0.03515625
2 0.05546875 0.57890625 0.0140625 0.03984375
4 0.128125 0.56328125 0.0109375 0.0203125
4 0.08125 0.37578125 0.01328125 0.02109375
4 0.06484375 0.40390625 0.015625 0.02109375
4 0.10546875 0.39921875 0.01796875 0.01796875
4 0.1484375 0.39453125 0.01484375 0.01640625
4 0.14453125 0.4265625 0.01328125 0.01640625
4 0.18359375 0.41328125 0.015625 0.02109375
4 0.2109375 0.41875 0.015625 0.0203125
4 0.23828125 0.42421875 0.01640625 0.01875
2 0.234375 0.45703125 0.02578125 0.02890625
1 0.296875 0.52265625 0.0640625 0.04921875
1 0.359375 0.53359375 0.0546875 0.0390625
3 0.3015625 0.478125 0.03203125 0.02890625
2 0.33125 0.46796875 0.02109375 0.02109375
0 0.34609375 0.44375 0.015625 0.01328125
4 0.34296875 0.45234375 0.01015625 0.0109375
4 0.3390625 0.49609375 0.01015625 0.0109375
0 0.35703125 0.45625 0.0140625 0.01328125
2 0.38203125 0.4578125 0.025 0.015625
2 0.3640625 0.49296875 0.021875 0.01484375
2 0.38828125 0.4953125 0.021875 0.01796875
2 0.384375 0.4765625 0.0234375 0.01484375
4 0.3484375 0.4734375 0.009375 0.01015625
4 0.35859375 0.46875 0.009375 0.00703125
4 0.36796875 0.47890625 0.009375 0.009375
4 0.3578125 0.478125 0.00859375 0.00859375
4 0.36953125 0.46796875 0.009375 0.00859375
4 0.35390625 0.43203125 0.01171875 0.00859375
4 0.3703125 0.43671875 0.009375 0.00859375
4 0.3625 0.44453125 0.00859375 0.00859375
4 0.38515625 0.43828125 0.01015625 0.00703125
4 0.3734375 0.44453125 0.009375 0.00546875
4 0.39375 0.44453125 0.01015625 0.00859375
4 0.38125 0.44453125 0.00859375 0.00625
4 0.3890625 0.37890625 0.00703125 0.01796875
4 0.39921875 0.3765625 0.00703125 0.01875
4 0.4078125 0.37578125 0.0046875 0.01953125
4 0.41875 0.34140625 0.00625 0.01796875
4 0.41328125 0.375 0.0046875 0.01875
4 0.4234375 0.3734375 0.0046875 0.02109375
4 0.41875 0.3734375 0.00390625 0.01953125
4 0.43125 0.36953125 0.00625 0.01875
4 0.434375 0.321875 0.0109375 0.009375
4 0.428125 0.33671875 0.00859375 0.015625
4 0.45703125 0.28359375 0.01015625 0.0109375
4 0.4359375 0.309375 0.009375 0.0109375
4 0.43828125 0.34765625 0.009375 0.01328125
4 0.44375 0.3359375 0.009375 0.01171875
4 0.44453125 0.30859375 0.00703125 0.01484375
4 0.44921875 0.32890625 0.00859375 0.01171875
4 0.45703125 0.309375 0.01015625 0.01171875
4 0.4484375 0.29453125 0.01015625 0.00703125
4 0.46484375 0.29453125 0.009375 0.0109375
0 0.46953125 0.3109375 0.01328125 0.0203125
4 0.50859375 0.26328125 0.0109375 0.02421875
4 0.5109375 0.2046875 0.00703125 0.01640625
2 0.4921875 0.1890625 0.0140625 0.03359375
4 0.478125 0.22109375 0.01015625 0.0109375
4 0.48125 0.21171875 0.01015625 0.00859375
2 0.5140625 0.103125 0.01796875 0.0359375
4 0.54140625 0.07734375 0.01171875 0.0203125
4 0.5484375 0.37734375 0.00859375 0.015625
4 0.55546875 0.3609375 0.00546875 0.02109375
4 0.56328125 0.365625 0.00703125 0.0203125
0 0.565625 0.325 0.009375 0.0296875
4 0.59609375 0.33125 0.00859375 0.015625
4 0.59921875 0.36328125 0.00859375 0.01484375
4 0.596875 0.34453125 0.00859375 0.01328125
4 0.60703125 0.378125 0.00859375 0.0109375
4 0.61875 0.32890625 0.00859375 0.0140625
4 0.60703125 0.3484375 0.00859375 0.0109375
2 0.58203125 0.26953125 0.01015625 0.03828125
0 0.571875 0.29609375 0.009375 0.02578125
0 0.565625 0.290625 0.009375 0.025
4 0.571875 0.26796875 0.00859375 0.01875
4 0.62734375 0.02109375 0.00625 0.01640625
4 0.62578125 0.0515625 0.00546875 0.01484375
4 0.621875 0.01953125 0.0046875 0.01953125
0 0.6171875 0.05546875 0.009375 0.02578125
0 0.61171875 0.0875 0.01015625 0.02421875
0 0.61484375 0.1078125 0.00859375 0.025
0 0.60078125 0.13359375 0.00859375 0.0265625
0 0.61015625 0.13359375 0.009375 0.02578125
4 0.6046875 0.11171875 0.00703125 0.01953125
4 0.6015625 0.1609375 0.00625 0.0203125
0 0.59921875 0.1828125 0.01015625 0.01953125
0 0.5953125 0.2109375 0.009375 0.0203125
0 0.5875 0.23359375 0.009375 0.02421875
0 0.58828125 0.1890625 0.009375 0.0234375
0 0.59375 0.16328125 0.00859375 0.0234375
0 0.58515625 0.21171875 0.009375 0.01875
0 0.57578125 0.24609375 0.0109375 0.021875
6 0.54609375 0.33125 0.02890625 0.09375
6 0.56171875 0.24609375 0.02578125 0.071875
6 0.58046875 0.1765625 0.025 0.06875
6 0.59453125 0.10703125 0.025 0.06953125