2 0.1046875 0.8234375 0.025 0.0234375
4 0.03046875 0.66875 0.0140625 0.01015625
4 0.253125 0.7140625 0.009375 0.01171875
4 0.37421875 0.90078125 0.0109375 0.0140625
4 0.2515625 0.67265625 0.0109375 0.00859375
3 0.2890625 0.671875 0.0296875 0.0234375
2 0.22109375 0.584375 0.025 0.02421875
2 0.25078125 0.58515625 0.025 0.02109375
2 0.18828125 0.5484375 0.01640625 0.03671875
2 0.17421875 0.47890625 0.0140625 0.03515625
2 0.13828125 0.428125 0.0109375 0.0390625
3 0.203125 0.48046875 0.03046875 0.01796875
2 0.44140625 0.86640625 0.02109375 0.01875
2 0.71328125 0.86015625 0.02421875 0.0234375
2 0.7453125 0.940625 0.025 0.02578125
2 0.909375 0.90390625 0.025 0.021875
3 0.9 0.871875 0.02890625 0.0203125
3 0.8390625 0.63203125 0.02578125 0.01875
2 0.7265625 0.59609375 0.0203125 0.01953125
2 0.64609375 0.58515625 0.0203125 0.025
2 0.54140625 0.5296875 0.01640625 0.03984375
2 0.56328125 0.57265625 0.01953125 0.04140625
2 0.48203125 0.45078125 0.01484375 0.040625
2 0.54140625 0.30859375 0.01015625 0.03515625
2 0.5515625 0.278125 0.01796875 0.0359375
3 0.44453125 0.2875 0.0140625 0.04921875
3 0.5015625 0.59140625 0.01875 0.0296875
4 0.509375 0.62109375 0.01015625 0.01640625
3 0.86796875 0.60078125 0.02890625 0.01953125
2 0.9484375 0.60546875 0.02109375 0.01875
6 0.98125 0.61171875 0.03671875 0.0265625
6 0.8984375 0.84296875 0.07109375 0.0359375
0 0.7875 0.90625 0.01640625 0.0203125
0 0.63046875 0.71875 0.0140625 0.0140625
0 0.665625 0.67890625 0.01640625 0.015625
0 0.72109375 0.88828125 0.01796875 0.01875
4 0.68671875 0.71796875 0.01171875 0.0140625
4 0.784375 0.7140625 0.0109375 0.00859375
4 0.584375 0.8890625 0.0109375 0.01328125
6 0.3484375 0.6859375 0.05390625 0.03203125
5 0.390625 0.62890625 0.08125 0.02890625
6 0.41796875 0.67421875 0.04453125 0.05078125
6 0.415625 0.7484375 0.0515625 0.03359375
1 0.54296875 0.75625 0.0609375 0.0359375
5 0.64140625 0.7609375 0.08203125 0.03671875
6 0.59140625 0.67109375 0.04609375 0.065625
6 0.47578125 0.36875 0.01796875 0.09921875
6 0.46875 0.06796875 0.01796875 0.08359375
3 0.46796875 0.159375 0.0109375 0.0453125
2 0.43046875 0.04921875 0.02421875 0.021875
2 0.4109375 0.06484375 0.01640625 0.02421875
2 0.43046875 0.13359375 0.01953125 0.025
2 0.4421875 0.11953125 0.0140625 0.03515625
2 0.43046875 0.165625 0.02109375 0.0265625
2 0.42421875 0.19296875 0.01953125 0.02421875
2 0.43828125 0.23203125 0.0109375 0.03203125
0 0.44921875 0.20859375 0.01015625 0.0203125
0 0.43203125 0.5234375 0.01015625 0.02109375
0 0.41953125 0.44921875 0.01484375 0.01640625
0 0.434375 0.4515625 0.01171875 0.0203125
0 0.43671875 0.47265625 0.01171875 0.02109375
5 0.4703125 0.56796875 0.04296875 0.13359375
2 0.9734375 0.50234375 0.015625 0.04296875
2 0.41875 0.0203125 0.0203125 0.01953125
2 0.56328125 0.4109375 0.01171875 0.0296875
2 0.290625 0.3625 0.01640625 0.015625
2 0.28984375 0.3859375 0.01484375 0.01796875
0 0.60546875 0.5984375 0.01484375 0.0234375