2 0.00703125 0.60625 0.0140625 0.021875
4 0.07265625 0.475 0.01171875 0.01015625
6 0.0734375 0.57578125 0.034375 0.02421875
5 0.1140625 0.55078125 0.04375 0.02890625
5 0.13828125 0.6796875 0.0390625 0.021875
5 0.16171875 0.64609375 0.03671875 0.01796875
2 0.19296875 0.61484375 0.01640625 0.0140625
6 0.29453125 0.63984375 0.03203125 0.01953125
3 0.3578125 0.57109375 0.01796875 0.01484375
6 0.3421875 0.55078125 0.028125 0.01875
2 0.35703125 0.29296875 0.01875 0.01640625
3 0.48671875 0.471875 0.01953125 0.02109375
2 0.5203125 0.328125 0.009375 0.034375
2 0.5328125 0.33046875 0.00859375 0.02890625
2 0.5734375 0.31953125 0.00859375 0.028125
2 0.58359375 0.321875 0.00703125 0.02421875
4 0.48984375 0.5890625 0.00703125 0.009375
4 0.4984375 0.60546875 0.00703125 0.00859375
4 0.4890625 0.61328125 0.00703125 0.009375
6 0.50859375 0.6265625 0.028125 0.01640625
4 0.54296875 0.61015625 0.00859375 0.0109375
6 0.56640625 0.546875 0.03671875 0.02109375
3 0.57890625 0.496875 0.0140625 0.01171875
3 0.59140625 0.628125 0.0109375 0.01171875
2 0.615625 0.609375 0.01796875 0.01796875
2 0.63203125 0.59140625 0.015625 0.01328125
2 0.6875 0.56015625 0.01484375 0.01484375
2 0.734375 0.659375 0.00859375 0.0234375
4 0.7390625 0.58125 0.00859375 0.0109375
0 0.76171875 0.61171875 0.01015625 0.01171875
6 0.78359375 0.59140625 0.02890625 0.02109375
0 0.83671875 0.609375 0.0109375 0.01015625
2 0.82578125 0.58046875 0.01484375 0.01484375
4 0.85234375 0.6015625 0.00859375 0.01015625
2 0.87421875 0.5890625 0.01640625 0.01796875
4 0.91015625 0.59609375 0.0140625 0.0140625
5 0.90234375 0.64609375 0.040625 0.0234375
4 0.9265625 0.63359375 0.00625 0.01484375
4 0.95234375 0.615625 0.00859375 0.009375
3 0.97265625 0.60546875 0.028125 0.015625
2 0.9859375 0.58828125 0.01484375 0.01171875
1 0.6765625 0.38828125 0.04375 0.01953125
3 0.671875 0.41484375 0.01796875 0.0140625
5 0.734375 0.38828125 0.0484375 0.02109375
2 0.7953125 0.446875 0.01796875 0.02109375
0 0.834375 0.409375 0.01640625 0.02109375
4 0.8515625 0.37109375 0.01015625 0.01484375
0 0.87109375 0.38515625 0.01484375 0.01015625
6 0.8765625 0.41484375 0.02890625 0.01953125
5 0.9546875 0.525 0.06328125 0.02578125
5 0.95625 0.40390625 0.05078125 0.028125