2 0.0328125 0.54296875 0.0109375 0.04453125
2 0.209375 0.384375 0.01171875 0.03359375
2 0.22109375 0.4859375 0.00703125 0.04296875
2 0.21953125 0.52109375 0.01171875 0.03359375
2 0.04921875 0.634375 0.02421875 0.01328125
2 0.01953125 0.65078125 0.0203125 0.01875
2 0.42109375 0.471875 0.01015625 0.03203125
2 0.41953125 0.51640625 0.009375 0.03671875
2 0.4625 0.39921875 0.01171875 0.034375
2 0.43046875 0.4109375 0.01015625 0.025
2 0.45859375 0.58671875 0.009375 0.03515625
2 0.46171875 0.64140625 0.01328125 0.03515625
2 0.4515625 0.659375 0.01171875 0.03984375
2 0.4515625 0.71953125 0.015625 0.03984375
2 0.4546875 0.78046875 0.01640625 0.046875
2 0.44375 0.81171875 0.009375 0.03515625
2 0.39375 0.77265625 0.009375 0.0359375
2 0.19453125 0.7234375 0.0203125 0.0234375
2 0.3890625 0.846875 0.01015625 0.021875
2 0.38984375 0.865625 0.01171875 0.01796875
2 0.390625 0.88359375 0.01171875 0.02890625
2 0.3859375 0.9484375 0.01171875 0.02890625
2 0.52578125 0.3546875 0.0203125 0.021875
2 0.52109375 0.39296875 0.01640625 0.0265625
2 0.53671875 0.41875 0.01640625 0.0265625
2 0.57109375 0.46640625 0.01796875 0.0234375
2 0.6046875 0.46640625 0.0203125 0.0234375
2 0.51796875 0.5828125 0.01328125 0.03359375
2 0.54140625 0.740625 0.01484375 0.03046875
2 0.52890625 0.74609375 0.0109375 0.0359375
2 0.54140625 0.77265625 0.0140625 0.01953125
2 0.528125 0.85390625 0.00859375 0.03359375
2 0.51953125 0.9359375 0.00859375 0.040625
2 0.56171875 0.97421875 0.0203125 0.01796875
2 0.56328125 0.990625 0.015625 0.01484375
2 0.81171875 0.8953125 0.01171875 0.03359375
2 0.83828125 0.909375 0.01328125 0.03828125
2 0.84765625 0.909375 0.01171875 0.04296875
2 0.8046875 0.953125 0.01796875 0.01796875
2 0.8015625 0.9734375 0.01875 0.01640625
2 0.7984375 0.99140625 0.01328125 0.01640625
2 0.828125 0.52734375 0.02421875 0.01953125
2 0.9078125 0.35546875 0.02109375 0.0234375
2 0.91640625 0.3359375 0.01640625 0.0234375
2 0.83125 0.29921875 0.01875 0.03359375
2 0.82890625 0.27421875 0.00859375 0.03046875
2 0.8046875 0.35859375 0.01796875 0.02109375
2 0.73203125 0.3578125 0.025 0.0234375
2 0.634375 0.33984375 0.0203125 0.01796875
2 0.6734375 0.5109375 0.01640625 0.02109375
2 0.6859375 0.51875 0.01484375 0.01953125
2 0.68984375 0.54609375 0.0140625 0.03984375
2 0.89375 0.5328125 0.01796875 0.01953125
2 0.52578125 0.3046875 0.01015625 0.03515625
0 0.55234375 0.2875 0.0109375 0.0265625
0 0.69140625 0.31953125 0.01484375 0.01640625
2 0.709375 0.28671875 0.01015625 0.02890625
3 0.70546875 0.3078125 0.0140625 0.01640625
0 0.76953125 0.275 0.01015625 0.02421875
0 0.625 0.48984375 0.01484375 0.01640625
0 0.72265625 0.51640625 0.01171875 0.01796875
0 0.55234375 0.50078125 0.01015625 0.02421875
0 0.540625 0.5390625 0.01015625 0.0234375
0 0.53359375 0.58046875 0.00859375 0.0203125
0 0.53828125 0.65078125 0.00859375 0.0234375
0 0.53125 0.3375 0.0109375 0.0265625
0 0.5140625 0.70703125 0.00703125 0.0203125
0 0.515625 0.78046875 0.0109375 0.03125
0 0.53359375 0.79609375 0.01171875 0.02421875
0 0.5390625 0.81640625 0.00703125 0.021875
0 0.540625 0.84296875 0.01015625 0.02109375
0 0.5421875 0.8625 0.01015625 0.02109375
0 0.54140625 0.8890625 0.01328125 0.0234375
0 0.53984375 0.90546875 0.01015625 0.03046875
0 0.46171875 0.53984375 0.01015625 0.02890625
0 0.41328125 0.6 0.01328125 0.02890625
0 0.39609375 0.60625 0.0140625 0.01796875
0 0.3921875 0.70546875 0.01171875 0.01796875
2 0.521875 0.440625 0.01328125 0.0265625
0 0.315625 0.68203125 0.01796875 0.01640625
0 0.25703125 0.68984375 0.01796875 0.0234375
0 0.5265625 0.96484375 0.01015625 0.02421875
0 0.52421875 0.9859375 0.01015625 0.028125
0 0.53671875 0.96484375 0.01015625 0.0265625
0 0.2859375 0.70625 0.01484375 0.01875
4 0.00625 0.68984375 0.0125 0.0203125
4 0.03359375 0.68671875 0.01015625 0.01875
4 0.02109375 0.69921875 0.01015625 0.0140625
4 0.06640625 0.68125 0.01171875 0.01953125
4 0.07578125 0.69609375 0.009375 0.01328125
4 0.096875 0.6875 0.01328125 0.009375
4 0.096875 0.70859375 0.01015625 0.01640625
4 0.13828125 0.67578125 0.01015625 0.01875
4 0.16796875 0.6890625 0.01328125 0.01875
4 0.1953125 0.678125 0.01171875 0.01328125
4 0.203125 0.68671875 0.0140625 0.01484375
4 0.2234375 0.675 0.0109375 0.0140625
4 0.24296875 0.68828125 0.01328125 0.01328125
4 0.25078125 0.6734375 0.01328125 0.01484375
4 0.26796875 0.68046875 0.01171875 0.01640625
4 0.29140625 0.67265625 0.009375 0.01640625
4 0.3015625 0.6484375 0.009375 0.01328125
4 0.3125 0.6359375 0.01328125 0.0140625
4 0.3203125 0.6484375 0.01171875 0.0234375
4 0.31875 0.66875 0.01328125 0.021875
4 0.3484375 0.62734375 0.01484375 0.01875
4 0.3515625 0.60390625 0.01015625 0.01640625
4 0.3671875 0.621875 0.009375 0.01796875
4 0.38046875 0.63203125 0.0140625 0.021875
4 0.35859375 0.675 0.01015625 0.01640625
4 0.38046875 0.67265625 0.01015625 0.0203125
4 0.40625 0.66796875 0.00859375 0.0140625
4 0.43671875 0.68203125 0.00703125 0.01953125
4 0.44140625 0.74609375 0.0046875 0.0265625
4 0.4453125 0.6265625 0.00859375 0.0234375
4 0.44375 0.5859375 0.0046875 0.01953125
4 0.4515625 0.5875 0.0046875 0.021875
4 0.44921875 0.57109375 0.00703125 0.01796875
4 0.45390625 0.55703125 0.00859375 0.01640625
4 0.4484375 0.53671875 0.01171875 0.021875
4 0.43828125 0.52734375 0.00703125 0.01484375
4 0.43359375 0.5609375 0.01171875 0.02421875
4 0.4625 0.428125 0.009375 0.01796875
4 0.53828125 0.490625 0.01015625 0.02109375
4 0.54375 0.484375 0.00703125 0.02421875
4 0.54296875 0.4640625 0.0109375 0.02109375
4 0.553125 0.46328125 0.00859375 0.02109375
4 0.55859375 0.44453125 0.0140625 0.025
4 0.5359375 0.51640625 0.0109375 0.0203125
4 0.54296875 0.50859375 0.00625 0.02421875
4 0.58671875 0.48828125 0.00859375 0.01796875
4 0.56328125 0.496875 0.009375 0.01875
4 0.5625 0.509375 0.01484375 0.0234375
4 0.559375 0.48125 0.01015625 0.0140625
4 0.55078125 0.34765625 0.01015625 0.021875
4 0.5140625 0.75625 0.00546875 0.01796875
4 0.5140625 0.8609375 0.00703125 0.021875
4 0.50859375 0.85625 0.00703125 0.0203125
4 0.50390625 0.840625 0.0046875 0.01953125
4 0.52578125 0.9328125 0.00859375 0.0203125
4 0.53515625 0.93671875 0.00703125 0.02421875
4 0.51171875 0.9890625 0.009375 0.02109375
2 0.44140625 0.98515625 0.0140625 0.0296875
4 0.521875 0.66875 0.00859375 0.028125
4 0.52578125 0.70078125 0.01484375 0.02578125
4 0.87109375 0.49453125 0.0140625 0.02109375
4 0.896875 0.50625 0.01640625 0.01640625
4 0.86328125 0.3671875 0.01015625 0.0234375
4 0.88671875 0.37265625 0.01640625 0.01640625
4 0.80078125 0.31875 0.01328125 0.01875
4 0.7359375 0.3109375 0.01171875 0.01328125
4 0.603125 0.3546875 0.01171875 0.01953125
4 0.584375 0.3234375 0.0140625 0.01796875
4 0.56953125 0.35390625 0.01328125 0.021875
4 0.5484375 0.32421875 0.01171875 0.025
4 0.534375 0.29375 0.00859375 0.02109375
4 0.5375 0.26640625 0.0109375 0.025
4 0.53046875 0.2421875 0.00859375 0.02109375
4 0.53671875 0.23984375 0.00625 0.0203125
4 0.53828125 0.17578125 0.00859375 0.02421875
4 0.53046875 0.16640625 0.00859375 0.02421875
4 0.52890625 0.10859375 0.01015625 0.03046875
4 0.51796875 0.08125 0.00859375 0.02421875
4 0.521875 0.05234375 0.01328125 0.03515625
2 0.54296875 0.0421875 0.0109375 0.05
2 0.6171875 0.0109375 0.01796875 0.021875
2 0.621875 0.03046875 0.0234375 0.015625
2 0.61171875 0.05390625 0.01640625 0.01484375
2 0.58828125 0.05546875 0.025 0.021875
2 0.5796875 0.10625 0.015625 0.01484375
2 0.56796875 0.115625 0.01875 0.02109375
2 0.56484375 0.13125 0.015625 0.021875
2 0.56484375 0.14609375 0.02578125 0.01640625
2 0.5671875 0.16328125 0.021875 0.02109375
2 0.56953125 0.1890625 0.01796875 0.028125
2 0.56484375 0.20546875 0.01484375 0.02890625
3 0.5796875 0.2625 0.01640625 0.04140625
3 0.80859375 0.225 0.0140625 0.02890625
0 0.86875 0.178125 0.01328125 0.034375
4 0.74921875 0.48359375 0.01640625 0.0234375
4 0.6390625 0.4828125 0.01015625 0.02109375
4 0.596875 0.4953125 0.0109375 0.01640625
4 0.59296875 0.50390625 0.00859375 0.01875
4 0.5828125 0.50859375 0.01484375 0.01796875
4 0.45703125 0.1671875 0.0046875 0.021875
4 0.45390625 0.1 0.00859375 0.0265625
4 0.4546875 0.0640625 0.00859375 0.0234375
2 0.4625 0.0625 0.0109375 0.04140625
4 0.446875 0.27109375 0.015625 0.03515625
4 0.44609375 0.1796875 0.00859375 0.01875
3 0.45078125 0.31953125 0.01171875 0.03671875
3 0.4359375 0.32578125 0.01328125 0.0359375
4 0.93828125 0.340625 0.0140625 0.01796875
4 0.98359375 0.38203125 0.01328125 0.01484375
2 0.428125 0.18046875 0.01484375 0.02421875
2 0.41171875 0.18203125 0.00703125 0.03359375
2 0.40625 0.1640625 0.01171875 0.04453125
2 0.33671875 0.103125 0.0203125 0.0234375
2 0.3609375 0.06171875 0.01640625 0.046875
2 0.3390625 0.05390625 0.0140625 0.03359375
2 0.2921875 0.090625 0.01875 0.01796875
2 0.30703125 0.09453125 0.0140625 0.02890625
2 0.2265625 0.07109375 0.021875 0.01796875
2 0.19140625 0.06171875 0.01640625 0.01796875
2 0.2078125 0.06328125 0.01796875 0.01953125
2 0.1859375 0.084375 0.0203125 0.0234375
2 0.09375 0.0328125 0.0203125 0.0265625
2 0.04296875 0.0828125 0.00859375 0.0359375
2 0.04375 0.121875 0.00859375 0.0359375
2 0.04296875 0.215625 0.00859375 0.03828125
2 0.2296875 0.2546875 0.01015625 0.03046875
2 0.2140625 0.30078125 0.01015625 0.028125