4 0.5109375 0.47109375 0.01171875 0.0140625
4 0.51640625 0.4109375 0.00859375 0.0140625
4 0.57421875 0.45859375 0.009375 0.01484375
4 0.39140625 0.3703125 0.00546875 0.01796875
4 0.28046875 0.94921875 0.009375 0.01640625
4 0.30234375 0.915625 0.0109375 0.01640625
4 0.3515625 0.56640625 0.00546875 0.01796875
4 0.41640625 0.38046875 0.009375 0.02578125
4 0.43203125 0.3359375 0.0140625 0.0140625
4 0.453125 0.33125 0.0140625 0.009375
4 0.47578125 0.3546875 0.01171875 0.0140625
4 0.503125 0.3234375 0.01328125 0.01328125
4 0.509375 0.303125 0.01015625 0.015625
4 0.4953125 0.284375 0.009375 0.015625
4 0.50859375 0.259375 0.00703125 0.01875
4 0.5203125 0.2578125 0.01015625 0.01015625
4 0.70078125 0.671875 0.01171875 0.0109375
4 0.621875 0.59921875 0.009375 0.01796875
4 0.53828125 0.6125 0.01171875 0.01328125
4 0.48125 0.59140625 0.01171875 0.0140625
4 0.49609375 0.55625 0.01171875 0.01328125
4 0.39296875 0.46328125 0.00625 0.0203125
4 0.378125 0.465625 0.00859375 0.02421875
4 0.39296875 0.48984375 0.01015625 0.009375
4 0.415625 0.49140625 0.009375 0.01484375
4 0.45703125 0.53125 0.01171875 0.015625
4 0.4765625 0.53046875 0.01015625 0.01875
4 0.41171875 0.54375 0.0109375 0.01484375
4 0.42109375 0.5140625 0.01171875 0.01640625
4 0.37421875 0.51328125 0.01015625 0.015625
4 0.309375 0.515625 0.01171875 0.009375
4 0.35546875 0.446875 0.00703125 0.0140625
4 0.328125 0.70703125 0.00625 0.0203125
4 0.30546875 0.74453125 0.009375 0.01875
4 0.3515625 0.740625 0.009375 0.01484375
4 0.2765625 0.8015625 0.009375 0.0203125
4 0.25 0.81328125 0.00625 0.01796875
4 0.25859375 0.8578125 0.009375 0.01875
4 0.24375 0.93359375 0.0109375 0.021875
4 0.31796875 0.8515625 0.00859375 0.015625
4 0.34375 0.89453125 0.00546875 0.01640625
4 0.41875 0.64296875 0.009375 0.01484375
4 0.4296875 0.6234375 0.01171875 0.01328125
4 0.41875 0.60703125 0.00859375 0.015625
4 0.46640625 0.41796875 0.0109375 0.01171875
4 0.39375 0.26953125 0.009375 0.01484375
4 0.3484375 0.21171875 0.01328125 0.01796875
4 0.3328125 0.178125 0.0140625 0.01484375
4 0.31875 0.11953125 0.0140625 0.015625
4 0.22578125 0.0234375 0.01015625 0.0140625
4 0.46015625 0.66640625 0.01328125 0.01171875
4 0.57578125 0.30546875 0.01015625 0.01484375
4 0.5640625 0.3375 0.01015625 0.0140625
4 0.58125 0.23359375 0.01328125 0.01171875
4 0.5453125 0.33828125 0.01171875 0.01171875
4 0.55390625 0.20390625 0.00859375 0.01875
4 0.5671875 0.196875 0.009375 0.021875
4 0.5796875 0.18125 0.00703125 0.02109375
4 0.60546875 0.16875 0.00859375 0.01953125
4 0.61328125 0.15390625 0.00546875 0.02109375
4 0.6578125 0.2140625 0.01171875 0.009375
4 0.646875 0.16796875 0.01171875 0.01328125
4 0.65078125 0.12421875 0.00859375 0.01875
4 0.6640625 0.12109375 0.00546875 0.01953125
4 0.68203125 0.12578125 0.01328125 0.015625
4 0.71328125 0.384375 0.01171875 0.01015625
4 0.75390625 0.365625 0.00859375 0.0203125
4 0.79296875 0.62265625 0.01328125 0.01640625
4 0.79140625 0.65625 0.01171875 0.01953125
4 0.80859375 0.65234375 0.01171875 0.015625
4 0.78828125 0.6 0.009375 0.01875
4 0.81484375 0.55234375 0.009375 0.015625
4 0.63828125 0.77109375 0.0109375 0.0140625
4 0.64765625 0.78828125 0.0109375 0.01484375
4 0.628125 0.834375 0.00703125 0.0265625
4 0.60703125 0.834375 0.00625 0.01875
4 0.70234375 0.84140625 0.01171875 0.0203125
4 0.64921875 0.4546875 0.01171875 0.01015625
4 0.64765625 0.384375 0.01171875 0.01484375
4 0.64140625 0.34296875 0.01171875 0.01640625
4 0.5234375 0.45625 0.0109375 0.015625
4 0.5046875 0.54296875 0.0109375 0.01015625
4 0.45234375 0.59375 0.009375 0.0140625
4 0.33046875 0.8265625 0.01015625 0.01484375
4 0.22890625 0.83203125 0.01328125 0.0109375
4 0.3328125 0.5359375 0.00625 0.01953125
4 0.3203125 0.540625 0.009375 0.01875
4 0.31171875 0.58125 0.00703125 0.03125
4 0.29609375 0.54140625 0.01171875 0.0109375
4 0.4296875 0.303125 0.009375 0.01171875
4 0.4171875 0.284375 0.01328125 0.01171875
4 0.4171875 0.27109375 0.01015625 0.0140625
4 0.346875 0.06796875 0.009375 0.0140625
4 0.38671875 0.1109375 0.009375 0.0203125
4 0.38515625 0.0234375 0.009375 0.01640625
4 0.36484375 0.05546875 0.00859375 0.0140625
4 0.346875 0.0359375 0.01171875 0.01640625
4 0.35625 0.046875 0.01171875 0.01875
4 0.7203125 0.9015625 0.01171875 0.0140625
4 0.7140625 0.925 0.009375 0.01640625
4 0.765625 0.83671875 0.0109375 0.01796875
4 0.77578125 0.73828125 0.0140625 0.0109375
4 0.78515625 0.71171875 0.01171875 0.009375
4 0.79140625 0.53828125 0.01171875 0.015625
4 0.78515625 0.55 0.009375 0.01328125
4 0.88359375 0.4359375 0.00859375 0.0234375
4 0.9046875 0.3890625 0.009375 0.01796875
4 0.934375 0.32578125 0.009375 0.015625
4 0.9234375 0.34296875 0.00859375 0.01171875
4 0.91796875 0.22734375 0.0140625 0.01640625
4 0.91640625 0.0375 0.01171875 0.0109375
4 0.86953125 0.03671875 0.0140625 0.01875
4 0.29453125 0.50546875 0.01015625 0.0109375
4 0.278125 0.47421875 0.01328125 0.00859375
4 0.246875 0.44921875 0.009375 0.01171875
4 0.31484375 0.4984375 0.01484375 0.01640625
4 0.2890625 0.29296875 0.01171875 0.01484375
4 0.39140625 0.209375 0.01171875 0.01328125
4 0.36953125 0.1125 0.00703125 0.015625
4 0.365625 0.09140625 0.00625 0.01875
4 0.3515625 0.134375 0.00859375 0.021875
4 0.28828125 0.04609375 0.01171875 0.0140625
4 0.33359375 0.05625 0.009375 0.015625
4 0.315625 0.06796875 0.01171875 0.0140625
4 0.36953125 0.0203125 0.00703125 0.01484375
4 0.40546875 0.253125 0.01015625 0.00859375
4 0.44296875 0.30390625 0.00625 0.01796875
4 0.44921875 0.30625 0.00625 0.0203125
4 0.47578125 0.2734375 0.0109375 0.01796875
4 0.51640625 0.240625 0.009375 0.0140625
4 0.51953125 0.18984375 0.00859375 0.01953125
4 0.5515625 0.184375 0.009375 0.01484375
4 0.634375 0.1359375 0.00859375 0.01875
4 0.61171875 0.12578125 0.00859375 0.01640625
4 0.6984375 0.81875 0.01484375 0.015625
4 0.75625 0.8984375 0.01171875 0.01796875
4 0.81796875 0.9140625 0.01171875 0.01484375
4 0.81796875 0.896875 0.009375 0.01328125
4 0.8453125 0.953125 0.01171875 0.01796875
4 0.853125 0.97578125 0.00859375 0.01640625
4 0.7546875 0.9890625 0.00703125 0.01875
4 0.70703125 0.96640625 0.0109375 0.01796875
0 0.42890625 0.5796875 0.01484375 0.01953125
0 0.7390625 0.9015625 0.01796875 0.0265625
0 0.20859375 0.965625 0.01015625 0.0234375
4 0.7734375 0.0265625 0.00859375 0.0203125
4 0.72890625 0.08671875 0.00859375 0.01953125
4 0.69453125 0.10078125 0.0046875 0.01953125
2 0.5515625 0.24296875 0.021875 0.034375
2 0.48984375 0.42890625 0.021875 0.03125
0 0.36328125 0.59296875 0.01796875 0.03515625
0 0.340625 0.83125 0.009375 0.025
2 0.2359375 0.184375 0.0234375 0.02890625
2 0.55546875 0.46171875 0.021875 0.03046875
2 0.546875 0.559375 0.0203125 0.03515625
2 0.84765625 0.38359375 0.025 0.04375
2 0.8671875 0.2828125 0.021875 0.03203125
0 0.9390625 0.1640625 0.01796875 0.0234375
2 0.66328125 0.14609375 0.0234375 0.0296875
2 0.62578125 0.1546875 0.01796875 0.04609375
2 0.606854484375 0.3114524640625 0.6257178703124999 0.29533681093749997 0.6225008625 0.28182045625 0.6027782234375 0.2971193640625 0.606854484375 0.3114524640625
2 0.33046875 0.9125 0.01640625 0.03671875
3 0.19375 0.203125 0.02578125 0.03671875
3 0.215625 0.24765625 0.02578125 0.04375
6 0.19375 0.24609375 0.0296875 0.04609375
3 0.221875 0.27265625 0.02421875 0.040625
3 0.25546875 0.2296875 0.021875 0.03359375
3 0.5484375 0.51953125 0.02890625 0.046875
3 0.728125 0.67109375 0.02578125 0.0390625
3 0.69296875 0.60390625 0.01875 0.0296875
3 0.70703125 0.62578125 0.0203125 0.03828125
2 0.72578125 0.9546875 0.0234375 0.0203125
2 0.665625 0.7859375 0.025 0.03671875
2 0.61953125 0.7828125 0.015625 0.03828125
0 0.61015625 0.72890625 0.0140625 0.02421875
2 0.56640625 0.67890625 0.021875 0.03203125
3 0.521875 0.70078125 0.0265625 0.03671875
3 0.36875 0.821875 0.01484375 0.03046875
4 0.4328125 0.4671875 0.009375 0.01328125
4 0.40703125 0.471875 0.00703125 0.01640625
4 0.415625 0.46640625 0.00625 0.0203125
4 0.42421875 0.47890625 0.01015625 0.01640625
1 0.43671875 0.42109375 0.05 0.06640625
2 0.40625 0.13984375 0.02421875 0.04140625
3 0.81171875 0.3265625 0.0234375 0.03046875
3 0.73828125 0.384375 0.03046875 0.03515625
3 0.840625 0.309375 0.034375 0.03828125
1 0.75546875 0.3046875 0.05859375 0.0609375
3 0.86875 0.33125 0.034375 0.06484375
3 0.825 0.44609375 0.03671875 0.071875
6 0.5671875 0.94609375 0.040625 0.06875
3 0.67421875 0.5734375 0.01796875 0.0265625
3 0.63046875 0.53515625 0.0203125 0.03046875
3 0.809375 0.50078125 0.01953125 0.03359375
3 0.6734375 0.43359375 0.02890625 0.0359375
3 0.621875 0.484375 0.01875 0.02578125
2 0.8765625 0.98125 0.0203125 0.03203125
3 0.71953125 0.640625 0.0265625 0.04140625
3 0.82109375 0.2890625 0.02890625 0.03125
2 0.759375 0.62578125 0.0203125 0.03828125
3 0.68515625 0.58203125 0.0234375 0.03828125
4 0.78125 0.72890625 0.01171875 0.00859375
4 0.790625 0.7015625 0.01171875 0.009375
4 0.8015625 0.66484375 0.01015625 0.01015625
4 0.80078125 0.67890625 0.00859375 0.01875
4 0.815625 0.63671875 0.01015625 0.009375
4 0.81796875 0.62890625 0.00859375 0.00859375
4 0.828125 0.5953125 0.01171875 0.0109375
4 0.79296875 0.52890625 0.01015625 0.009375
4 0.7765625 0.56484375 0.0109375 0.009375
4 0.78046875 0.55859375 0.01171875 0.009375
3 0.66875 0.55859375 0.01953125 0.03515625
3 0.63125 0.5 0.0203125 0.03359375
3 0.7015625 0.4140625 0.02890625 0.03984375
4 0.59296875 0.16953125 0.0046875 0.01875
4 0.5984375 0.1734375 0.00546875 0.01796875
4 0.65703125 0.11953125 0.00625 0.0234375
4 0.6734375 0.11640625 0.00546875 0.01875
4 0.66875 0.11875 0.0046875 0.01796875
4 0.684375 0.10625 0.00625 0.0203125
4 0.678125 0.109375 0.00546875 0.0203125
4 0.7859375 0.01875 0.00546875 0.01953125
4 0.78046875 0.025 0.00546875 0.01875
4 0.86796875 0.48359375 0.01015625 0.009375
4 0.77421875 0.61171875 0.00703125 0.01640625
4 0.40703125 0.73203125 0.0109375 0.01015625
4 0.24609375 0.8046875 0.00859375 0.01484375
4 0.23671875 0.79765625 0.009375 0.00859375
4 0.24453125 0.7765625 0.01171875 0.00859375
4 0.246875 0.7671875 0.01015625 0.009375
4 0.2421875 0.78203125 0.009375 0.00625
4 0.290625 0.62265625 0.00859375 0.015625
4 0.2390625 0.2390625 0.00703125 0.0140625
4 0.24453125 0.23671875 0.00703125 0.01875
4 0.3265625 0.065625 0.009375 0.01171875
4 0.3328125 0.075 0.00625 0.0140625
4 0.3421875 0.10078125 0.00546875 0.01953125
4 0.34765625 0.10625 0.00625 0.0140625
4 0.3515625 0.090625 0.00703125 0.01484375
4 0.3546875 0.09921875 0.00703125 0.01796875
4 0.36171875 0.11328125 0.00703125 0.01640625
4 0.378125 0.07578125 0.00859375 0.01875
4 0.36171875 0.0828125 0.00703125 0.0140625
4 0.3421875 0.121875 0.00859375 0.01640625
4 0.34453125 0.13203125 0.00703125 0.01796875
4 0.38125 0.0984375 0.00859375 0.015625
4 0.3796875 0.115625 0.00625 0.01640625
4 0.37421875 0.12421875 0.00703125 0.01875
4 0.33046875 0.1 0.00859375 0.01796875
4 0.321875 0.08984375 0.00859375 0.01953125
4 0.35859375 0.13203125 0.00859375 0.01484375
4 0.434375 0.28203125 0.00625 0.0140625
3 0.52421875 0.2140625 0.0203125 0.0296875
4 0.6234375 0.7578125 0.009375 0.0234375
6 0.078125 0.03046875 0.0359375 0.0609375