1 0.34140625 0.57109375 0.08515625 0.03984375
2 0.109375 0.6640625 0.0390625 0.040625
0 0.309375 0.86796875 0.0234375 0.04375
0 0.42421875 0.834375 0.0234375 0.04296875
4 0.16796875 0.440625 0.01953125 0.03359375
4 0.3078125 0.4375 0.01953125 0.01640625
4 0.284375 0.45625 0.0234375 0.01953125
4 0.28828125 0.478125 0.02578125 0.021875
4 0.465625 0.44453125 0.01640625 0.04140625
4 0.5390625 0.43671875 0.01796875 0.03203125
4 0.578125 0.453125 0.01640625 0.02578125
4 0.39296875 0.60859375 0.01796875 0.0265625
4 0.46796875 0.57890625 0.01484375 0.0296875
4 0.44453125 0.5984375 0.01953125 0.0234375
4 0.43671875 0.64453125 0.01796875 0.028125
4 0.503125 0.63203125 0.0140625 0.0203125
4 0.48203125 0.60703125 0.015625 0.01875
4 0.46015625 0.61875 0.01640625 0.015625
4 0.4515625 0.63203125 0.0140625 0.02109375
4 0.46953125 0.64453125 0.01640625 0.01796875
4 0.478125 0.62578125 0.01484375 0.01875
4 0.509375 0.3265625 0.01171875 0.03671875
4 0.53203125 0.33046875 0.0140625 0.02578125
2 0.39765625 0.390625 0.0265625 0.0265625
0 0.4421875 0.36953125 0.0203125 0.0265625
4 0.35859375 0.36328125 0.01171875 0.02890625
4 0.37109375 0.359375 0.00703125 0.03359375
0 0.3265625 0.4546875 0.01875 0.01875
0 0.34375 0.47421875 0.01796875 0.0203125
0 0.34453125 0.5140625 0.01796875 0.01875
4 0.3734375 0.4453125 0.01171875 0.0140625
4 0.35546875 0.45703125 0.01171875 0.01328125
0 0.36328125 0.471875 0.01796875 0.0203125
4 0.36875 0.45703125 0.01171875 0.01171875
2 0.36328125 0.49609375 0.028125 0.02109375
0 0.3625 0.51796875 0.01796875 0.01953125
4 0.39453125 0.315625 0.009375 0.025
4 0.3890625 0.35546875 0.0046875 0.01953125
4 0.3828125 0.35703125 0.00546875 0.0203125
4 0.378125 0.36015625 0.00546875 0.0234375
4 0.41015625 0.35 0.009375 0.0234375
4 0.396875 0.35546875 0.0046875 0.02109375
4 0.41484375 0.28984375 0.0140625 0.015625
4 0.40703125 0.31015625 0.0109375 0.01875
4 0.4265625 0.309375 0.01015625 0.01875
4 0.4265625 0.2734375 0.01171875 0.01484375
4 0.43984375 0.24296875 0.0109375 0.01484375
4 0.4359375 0.2890625 0.01015625 0.0140625
4 0.4359375 0.3140625 0.01015625 0.02109375
4 0.44375 0.27578125 0.01328125 0.01640625
4 0.45078125 0.25546875 0.01171875 0.015625
4 0.415625 0.27578125 0.01328125 0.01328125
0 0.4921875 0.20703125 0.01171875 0.03046875
4 0.47109375 0.25390625 0.009375 0.02890625
0 0.45859375 0.2734375 0.01328125 0.02890625
2 0.48046875 0.125 0.01796875 0.040625
2 0.5421875 0.5734375 0.03046875 0.0265625
0 0.5921875 0.084375 0.015625 0.03671875
0 0.61171875 0.11015625 0.0109375 0.03515625
4 0.59765625 0.10546875 0.00859375 0.0203125
4 0.54375 0.23984375 0.0109375 0.02421875
4 0.53828125 0.278125 0.00859375 0.02578125
4 0.5984375 0.2921875 0.00703125 0.0234375
4 0.55703125 0.3015625 0.00859375 0.02109375
4 0.56953125 0.2578125 0.00546875 0.02109375
2 0.603125 0.03125 0.01953125 0.0546875
2 0.59296875 0.17109375 0.01875 0.0515625
6 0.575 0.1609375 0.04609375 0.10859375
0 0.58046875 0.22578125 0.01171875 0.028125
0 0.57890625 0.26328125 0.01015625 0.03125
0 0.58359375 0.29140625 0.0109375 0.03125
4 0.5875 0.3109375 0.009375 0.021875
6 0.54921875 0.259375 0.0453125 0.08828125
4 0.565625 0.5484375 0.01640625 0.015625
4 0.60546875 0.465625 0.01171875 0.01953125
4 0.62890625 0.4890625 0.01328125 0.01640625
4 0.64453125 0.49921875 0.0140625 0.01875
2 0.57890625 0.48671875 0.03046875 0.03515625
2 0.53515625 0.6046875 0.034375 0.0265625
2 0.621875 0.55546875 0.03359375 0.0203125
4 0.58984375 0.5828125 0.01640625 0.015625
4 0.58203125 0.596875 0.01640625 0.01171875
4 0.559375 0.634375 0.01796875 0.01875
4 0.58203125 0.61328125 0.01484375 0.0109375
4 0.5828125 0.628125 0.01171875 0.01484375
4 0.62109375 0.58203125 0.01796875 0.01328125
4 0.621875 0.59609375 0.01484375 0.0140625
4 0.621875 0.6109375 0.01796875 0.0109375
4 0.65390625 0.5765625 0.01171875 0.01875
4 0.6453125 0.5984375 0.01875 0.01484375
4 0.634375 0.57578125 0.0140625 0.01484375
2 0.67109375 0.546875 0.02578125 0.0265625
2 0.70625 0.521875 0.02421875 0.0234375
2 0.69921875 0.57109375 0.02421875 0.0234375
4 0.66015625 0.590625 0.0140625 0.01328125
4 0.665625 0.60625 0.0140625 0.01328125
4 0.6921875 0.59375 0.01171875 0.0140625
4 0.70390625 0.58984375 0.01171875 0.01484375
4 0.6796875 0.5984375 0.009375 0.01640625
4 0.70390625 0.6078125 0.01171875 0.0140625
2 0.72734375 0.43984375 0.025 0.0234375
4 0.7265625 0.46953125 0.015625 0.01171875
4 0.73203125 0.45703125 0.01328125 0.01328125
4 0.74609375 0.4609375 0.0109375 0.015625
4 0.728125 0.5265625 0.01640625 0.01484375
2 0.7296875 0.5484375 0.02890625 0.02578125
2 0.73515625 0.57421875 0.02578125 0.0234375
0 0.73046875 0.59609375 0.021875 0.01796875
0 0.76875 0.46640625 0.01875 0.02109375
2 0.78125 0.43828125 0.0265625 0.02890625
0 0.859375 0.51953125 0.0265625 0.03046875
4 0.8890625 0.54609375 0.0140625 0.021875
4 0.95390625 0.5765625 0.01796875 0.01796875
4 0.98125 0.596875 0.015625 0.0203125
4 0.93203125 0.5890625 0.01328125 0.015625
4 0.921875 0.60703125 0.015625 0.01875
0 0.8328125 0.66484375 0.0140625 0.0296875
4 0.84609375 0.67890625 0.009375 0.0234375
4 0.7515625 0.65 0.015625 0.01328125
4 0.7515625 0.66328125 0.01796875 0.01015625
4 0.75078125 0.67734375 0.01640625 0.01484375
4 0.7484375 0.690625 0.01640625 0.009375
2 0.7828125 0.7328125 0.0203125 0.05546875
2 0.85625 0.5484375 0.03046875 0.025
2 0.84375 0.57890625 0.02890625 0.0203125
2 0.8421875 0.603125 0.03203125 0.025
2 0.87890625 0.58125 0.028125 0.02421875
0 0.9 0.59296875 0.0140625 0.03125
4 0.865625 0.609375 0.0140625 0.01796875
4 0.884375 0.609375 0.0140625 0.0203125
0 0.76953125 0.55 0.02109375 0.01796875
2 0.77421875 0.57109375 0.02578125 0.01796875
2 0.7609375 0.58828125 0.025 0.0234375
4 0.8015625 0.5515625 0.01171875 0.0109375
4 0.8 0.5640625 0.0140625 0.01328125
4 0.796875 0.57421875 0.0140625 0.01328125
4 0.81484375 0.58203125 0.0109375 0.01171875
4 0.815625 0.59765625 0.01171875 0.01328125
4 0.80234375 0.5875 0.01171875 0.0109375
4 0.8015625 0.6015625 0.01171875 0.01328125
4 0.77890625 0.62578125 0.01484375 0.0109375
4 0.75703125 0.615625 0.01015625 0.0140625
4 0.7640625 0.60625 0.01015625 0.01015625
4 0.7890625 0.6046875 0.01015625 0.01328125
4 0.7890625 0.61640625 0.0140625 0.01015625
4 0.7765625 0.6015625 0.01171875 0.0109375
4 0.77578125 0.6140625 0.01171875 0.01015625
4 0.740625 0.609375 0.01015625 0.01171875
4 0.7484375 0.62421875 0.0109375 0.01171875
0 0.78515625 0.5890625 0.021875 0.0140625
4 0.834375 0.50078125 0.01171875 0.01796875
4 0.83125 0.51796875 0.01171875 0.01484375
1 0.78671875 0.49453125 0.07890625 0.0359375
1 0.80546875 0.534375 0.059375 0.0359375
4 0.8109375 0.309375 0.009375 0.028125
4 0.81640625 0.3390625 0.00859375 0.021875
4 0.82890625 0.3375 0.01171875 0.02109375
4 0.8015625 0.39453125 0.00625 0.02421875
4 0.80703125 0.39296875 0.00625 0.02109375
4 0.83671875 0.35078125 0.00859375 0.0203125
4 0.85859375 0.33671875 0.009375 0.0203125
4 0.87421875 0.32890625 0.009375 0.0203125
4 0.8578125 0.3921875 0.01015625 0.0203125
4 0.96484375 0.33515625 0.01015625 0.0234375
4 0.92421875 0.38671875 0.00546875 0.0203125
4 0.93125 0.38515625 0.00703125 0.02421875
4 0.89453125 0.390625 0.00859375 0.0234375
4 0.88046875 0.3890625 0.00859375 0.021875
4 0.8875 0.3890625 0.00546875 0.0234375
4 0.95234375 0.38125 0.00703125 0.0234375
4 0.959375 0.3796875 0.00625 0.0234375
4 0.86640625 0.35078125 0.00703125 0.021875
4 0.91796875 0.328125 0.00859375 0.01875
4 0.9375 0.32578125 0.00859375 0.0203125