4 0.94609375 0.51953125 0.01875 0.0234375
4 0.696875 0.4140625 0.01640625 0.01796875
4 0.634375 0.43359375 0.01640625 0.01640625
4 0.590625 0.45390625 0.01796875 0.01640625
4 0.6078125 0.35625 0.01484375 0.01875
4 0.60625 0.53671875 0.0140625 0.01875
4 0.515625 0.43046875 0.01484375 0.01953125
4 0.46328125 0.40546875 0.01640625 0.01953125
4 0.42734375 0.403125 0.01484375 0.0203125
4 0.39140625 0.43515625 0.01640625 0.01953125
4 0.3015625 0.41015625 0.0140625 0.01015625
4 0.29765625 0.43828125 0.01484375 0.01953125
4 0.30859375 0.3984375 0.01015625 0.00703125
4 0.26171875 0.36171875 0.0140625 0.01328125
4 0.20625 0.40859375 0.0140625 0.01328125
4 0.12578125 0.425 0.015625 0.02421875
4 0.12578125 0.49921875 0.015625 0.01484375
4 0.065625 0.5546875 0.01328125 0.0109375
4 0.06796875 0.5734375 0.01484375 0.0140625
4 0.05859375 0.584375 0.01484375 0.01640625
4 0.04140625 0.5796875 0.01328125 0.01328125
4 0.02421875 0.3984375 0.01484375 0.01171875
4 0.009375 0.06015625 0.009375 0.025
2 0.02265625 0.03671875 0.0203125 0.0453125
2 0.009375 0.296875 0.01875 0.065625
2 0.15859375 0.25703125 0.02421875 0.04453125
2 0.02265625 0.4234375 0.0296875 0.025
2 0.0078125 0.46953125 0.015625 0.02421875
2 0.09140625 0.43046875 0.02578125 0.02890625
2 0.1265625 0.46796875 0.02578125 0.02578125
2 0.15 0.43984375 0.0265625 0.021875
2 0.17578125 0.46484375 0.0296875 0.02578125
2 0.1046875 0.5359375 0.021875 0.0234375
2 0.07421875 0.509375 0.0265625 0.025
2 0.07890625 0.5390625 0.028125 0.0265625
2 0.046875 0.515625 0.02421875 0.02109375
2 0.04609375 0.5453125 0.028125 0.0234375
2 0.04609375 0.56484375 0.028125 0.0203125
2 0.34375 0.45703125 0.03203125 0.0359375
2 0.50078125 0.36953125 0.02890625 0.02578125
2 0.7140625 0.52421875 0.02890625 0.0296875
2 0.7796875 0.2609375 0.03203125 0.03046875
2 0.77109375 0.18046875 0.03203125 0.0265625
2 0.98359375 0.3484375 0.0296875 0.0296875
3 0.7640625 0.38671875 0.01875 0.02109375
6 0.90390625 0.54375 0.05078125 0.03203125
6 0.07265625 0.3234375 0.03828125 0.08515625
0 0.1046875 0.0140625 0.021875 0.028125
0 0.0609375 0.43828125 0.0234375 0.028125
0 0.1046875 0.51015625 0.02109375 0.0265625
0 0.196875 0.3703125 0.025 0.01953125
0 0.3421875 0.4234375 0.025 0.028125
0 0.5765625 0.521875 0.0234375 0.03046875