2 0.88046875 0.52421875 0.0203125 0.01796875
4 0.83984375 0.51171875 0.01171875 0.01171875
4 0.80703125 0.51328125 0.009375 0.0140625
4 0.74921875 0.52578125 0.01171875 0.00859375
4 0.73828125 0.53828125 0.01015625 0.00859375
4 0.71796875 0.54140625 0.0109375 0.009375
4 0.74609375 0.55625 0.01015625 0.00859375
4 0.73671875 0.571875 0.01015625 0.00859375
4 0.709375 0.578125 0.0109375 0.01015625
4 0.66171875 0.54453125 0.0109375 0.01328125
0 0.61640625 0.5578125 0.01328125 0.01796875
0 0.68203125 0.53828125 0.015625 0.01484375
0 0.6625 0.61328125 0.00859375 0.0203125
0 0.6515625 0.63203125 0.00859375 0.0203125
0 0.64375 0.65703125 0.00859375 0.01796875
0 0.63125 0.83515625 0.00859375 0.021875
0 0.55625 0.565625 0.0109375 0.01328125
0 0.571875 0.61953125 0.00859375 0.01953125
0 0.3890625 0.4515625 0.0140625 0.015625
0 0.31875 0.43046875 0.0140625 0.01328125
0 0.27890625 0.42109375 0.01171875 0.01015625
0 0.28203125 0.4390625 0.0140625 0.01484375
0 0.47578125 0.44609375 0.01015625 0.0109375
0 0.46953125 0.45703125 0.01171875 0.0109375
0 0.48203125 0.45625 0.009375 0.01015625
4 0.6265625 0.98125 0.00703125 0.015625
4 0.63671875 0.978125 0.00859375 0.015625
4 0.62109375 0.92734375 0.00703125 0.01875
4 0.628125 0.88046875 0.00625 0.01796875
4 0.62890625 0.9015625 0.00859375 0.01640625
4 0.63046875 0.75859375 0.00546875 0.01640625
4 0.6375 0.753125 0.00546875 0.01796875
4 0.5703125 0.765625 0.00703125 0.021875
4 0.57890625 0.64453125 0.00625 0.01875
4 0.58515625 0.6484375 0.00546875 0.015625
4 0.58671875 0.53984375 0.00859375 0.009375
4 0.5640625 0.54609375 0.01015625 0.009375
4 0.56875 0.553125 0.00859375 0.00859375
4 0.5765625 0.5609375 0.01015625 0.01171875
4 0.58203125 0.56875 0.00859375 0.01015625
4 0.74140625 0.3859375 0.00859375 0.0109375
4 0.75625 0.390625 0.00859375 0.01015625
4 0.94921875 0.47578125 0.0109375 0.01328125
2 0.85703125 0.534375 0.01796875 0.01953125
2 0.82109375 0.54296875 0.0234375 0.01640625
2 0.79375 0.54453125 0.01875 0.01484375
2 0.76328125 0.5546875 0.01796875 0.01640625
2 0.73046875 0.56015625 0.01953125 0.01796875
2 0.70390625 0.56640625 0.01640625 0.0140625
2 0.68046875 0.571875 0.01796875 0.01875
2 0.64921875 0.58046875 0.015625 0.02578125
0 0.64375 0.6796875 0.01015625 0.01875
4 0.6203125 0.99296875 0.00625 0.0140625
2 0.59140625 0.66640625 0.00859375 0.03046875
2 0.5796875 0.678125 0.00859375 0.034375
2 0.5421875 0.55 0.0203125 0.01953125
2 0.51640625 0.540625 0.01875 0.01796875
2 0.56640625 0.53203125 0.01640625 0.01796875
2 0.603125 0.52890625 0.021875 0.015625
2 0.71796875 0.52578125 0.01875 0.015625
2 0.8328125 0.3359375 0.01875 0.015625
2 0.784375 0.33046875 0.01015625 0.02578125
4 0.90703125 0.384375 0.00859375 0.0109375
4 0.86875 0.3796875 0.009375 0.01328125
4 0.97734375 0.465625 0.00859375 0.01328125
0 0.91171875 0.36875 0.01171875 0.01328125
4 0.8015625 0.3921875 0.01171875 0.01171875
1 0.66640625 0.51875 0.04921875 0.0234375
0 0.56796875 0.37734375 0.01015625 0.0140625
4 0.55703125 0.39375 0.00859375 0.00703125
0 0.65859375 0.371875 0.01015625 0.01171875
0 0.5015625 0.434375 0.01328125 0.0109375
0 0.490625 0.39765625 0.0109375 0.01171875
0 0.43671875 0.5609375 0.01171875 0.01015625
2 0.46015625 0.54453125 0.0203125 0.015625
2 0.48671875 0.55546875 0.01640625 0.01484375
2 0.40078125 0.553125 0.0203125 0.015625
2 0.3453125 0.56328125 0.01953125 0.01484375
2 0.2234375 0.56875 0.01796875 0.015625
2 0.19140625 0.60703125 0.01640625 0.01640625
2 0.0984375 0.5671875 0.01796875 0.01875
2 0.021875 0.4609375 0.02109375 0.01875
2 0.05703125 0.46328125 0.01796875 0.0140625
2 0.0390625 0.43515625 0.0203125 0.01796875
2 0.08046875 0.446875 0.015625 0.01484375
2 0.10390625 0.47421875 0.01953125 0.01328125
2 0.153125 0.47890625 0.01640625 0.0140625
2 0.2015625 0.48359375 0.01875 0.01796875
2 0.19765625 0.31484375 0.009375 0.03125
2 0.2046875 0.21953125 0.01328125 0.02890625
2 0.32421875 0.46796875 0.01953125 0.01484375
2 0.30078125 0.425 0.02109375 0.01796875
2 0.33671875 0.41953125 0.01640625 0.01640625
2 0.35390625 0.42578125 0.01796875 0.015625
2 0.35625 0.47265625 0.01640625 0.01328125
2 0.37578125 0.46796875 0.015625 0.01328125
2 0.37578125 0.42578125 0.01484375 0.015625
2 0.37890625 0.43828125 0.01640625 0.01328125
2 0.4015625 0.43203125 0.015625 0.01328125
2 0.39296875 0.4203125 0.01484375 0.01640625
2 0.45078125 0.40859375 0.01796875 0.015625
2 0.43203125 0.41015625 0.01640625 0.01328125
2 0.43046875 0.42734375 0.01640625 0.01328125
2 0.45 0.425 0.01640625 0.0140625
2 0.4609375 0.43828125 0.01640625 0.01484375
2 0.48046875 0.42578125 0.01640625 0.0140625
2 0.4703125 0.4109375 0.01796875 0.01328125
2 0.4984375 0.41328125 0.01796875 0.01484375
2 0.503125 0.44765625 0.01640625 0.01640625
2 0.4546875 0.46171875 0.015625 0.0140625
2 0.41953125 0.44453125 0.01484375 0.0140625
2 0.440625 0.44609375 0.01796875 0.0140625
2 0.41953125 0.465625 0.01875 0.01328125
2 0.396875 0.46796875 0.0203125 0.0140625
2 0.26015625 0.45625 0.015625 0.01171875
4 0.00390625 0.5765625 0.00703125 0.01328125
4 0.13046875 0.44921875 0.01015625 0.01015625
4 0.16796875 0.44296875 0.009375 0.00703125
4 0.02578125 0.57421875 0.01015625 0.00703125
4 0.04296875 0.59453125 0.009375 0.00859375
4 0.08359375 0.584375 0.009375 0.00859375
4 0.09765625 0.590625 0.0109375 0.00859375
3 0.1359375 0.584375 0.0203125 0.01484375
4 0.21796875 0.59375 0.009375 0.00625
4 0.203125 0.45546875 0.01015625 0.01171875
4 0.2015625 0.43203125 0.00859375 0.009375
4 0.1875 0.39296875 0.00625 0.01328125
4 0.17734375 0.40859375 0.00859375 0.00859375
4 0.23125 0.3984375 0.00546875 0.0140625
4 0.234375 0.42578125 0.009375 0.00703125
4 0.25546875 0.4390625 0.009375 0.00703125
0 0.15546875 0.41640625 0.01328125 0.01484375
0 0.17421875 0.45859375 0.01640625 0.01484375
0 0.19609375 0.36171875 0.01171875 0.0203125
0 0.2421875 0.303125 0.00859375 0.021875
4 0.19453125 0.34375 0.00625 0.01484375
4 0.2640625 0.59765625 0.00703125 0.00859375
4 0.27421875 0.57890625 0.00859375 0.0109375
4 0.31015625 0.5890625 0.00859375 0.00859375
4 0.3328125 0.596875 0.00859375 0.00625
4 0.3640625 0.578125 0.009375 0.00859375
4 0.296875 0.48203125 0.01015625 0.0109375
4 0.3359375 0.453125 0.009375 0.009375
4 0.34453125 0.44296875 0.009375 0.0109375
4 0.35703125 0.4484375 0.009375 0.00625
4 0.384375 0.47578125 0.00859375 0.00703125
0 0.2359375 0.44140625 0.015625 0.015625
0 0.3328125 0.409375 0.01015625 0.0109375
4 0.30625 0.41171875 0.009375 0.00703125
4 0.31875 0.415625 0.00859375 0.009375
3 0.31328125 0.56171875 0.01796875 0.01796875
0 0.3859375 0.57109375 0.01171875 0.01171875
3 0.52578125 0.58671875 0.015625 0.0296875
4 0.50625 0.571875 0.01171875 0.01171875
4 0.43359375 0.57734375 0.01171875 0.01015625
4 0.446875 0.5703125 0.009375 0.009375
4 0.46328125 0.56640625 0.009375 0.01015625
4 0.503125 0.59296875 0.009375 0.009375
4 0.48046875 0.4 0.00703125 0.00703125
4 0.48828125 0.3859375 0.00859375 0.00859375
4 0.4671875 0.38671875 0.009375 0.009375
4 0.45625 0.38828125 0.00859375 0.009375
4 0.46171875 0.3703125 0.01015625 0.0109375
4 0.496875 0.4609375 0.00859375 0.00859375
4 0.48828125 0.43671875 0.00859375 0.009375
4 0.48046875 0.43671875 0.01015625 0.00859375
4 0.44296875 0.45703125 0.00703125 0.00703125
4 0.43828125 0.465625 0.00703125 0.00703125
4 0.434375 0.45703125 0.00859375 0.01171875
4 0.42578125 0.45390625 0.00703125 0.00859375
4 0.4171875 0.45546875 0.00625 0.00625
4 0.40625 0.44375 0.00859375 0.00859375
4 0.40859375 0.45703125 0.009375 0.01015625
4 0.40546875 0.45 0.00859375 0.00703125
4 0.41875 0.575 0.00703125 0.00859375