2 0.3609375 0.2890625 0.01796875 0.0140625
2 0.42109375 0.25390625 0.01171875 0.02109375
2 0.41171875 0.21796875 0.01640625 0.01875
2 0.5265625 0.3265625 0.00859375 0.02890625
2 0.53828125 0.32421875 0.00859375 0.0296875
2 0.57890625 0.315625 0.00703125 0.025
2 0.58828125 0.31640625 0.00859375 0.02421875
2 0.9734375 0.909375 0.009375 0.02890625
2 0.74296875 0.653125 0.00859375 0.0234375
6 0.909375 0.634375 0.03984375 0.0203125
5 0.73984375 0.38125 0.04609375 0.01953125
6 0.6828125 0.3828125 0.04140625 0.01953125
6 0.29921875 0.63515625 0.03046875 0.01953125
6 0.1703125 0.64375 0.0390625 0.01953125
6 0.1453125 0.67578125 0.0390625 0.025
4 0.56875 0.27578125 0.0046875 0.0140625
3 0.78046875 0.853125 0.021875 0.01796875
3 0.73828125 0.896875 0.01015625 0.03515625
4 0.54609375 0.278125 0.003125 0.0140625
4 0.56328125 0.290625 0.003125 0.01484375
4 0.5890625 0.2796875 0.0046875 0.01484375
4 0.60078125 0.3015625 0.00390625 0.01484375
4 0.58828125 0.23828125 0.003125 0.01484375
4 0.553125 0.22578125 0.003125 0.01015625
4 0.5609375 0.2265625 0.0046875 0.01171875
4 0.603125 0.23828125 0.003125 0.01328125
4 0.53828125 0.27734375 0.00390625 0.01328125
4 0.43359375 0.27109375 0.00390625 0.01328125
4 0.59453125 0.240625 0.003125 0.01328125
4 0.5515625 0.2765625 0.003125 0.0140625
4 0.55859375 0.29375 0.003125 0.01171875
4 0.5671875 0.29296875 0.003125 0.01171875
0 0.8453125 0.6453125 0.01484375 0.01484375
2 0.703125 0.646875 0.00546875 0.0234375
2 0.6953125 0.6296875 0.00625 0.025
2 0.6875 0.63515625 0.00703125 0.021875
2 0.6953125 0.65703125 0.00625 0.01953125
0 0.84375 0.6 0.01171875 0.00859375
2 0.98828125 0.871875 0.01328125 0.02421875
5 0.890625 0.5546875 0.07421875 0.0265625
2 0.59609375 0.6234375 0.01171875 0.01328125
4 0.56953125 0.4 0.01015625 0.009375
2 0.73046875 0.51953125 0.01640625 0.01484375
4 0.59296875 0.55703125 0.00859375 0.009375
3 0.4875 0.603125 0.01484375 0.01328125
0 0.82734375 0.38359375 0.00859375 0.009375
0 0.53984375 0.60390625 0.00859375 0.0109375
2 0.91640625 0.39296875 0.015625 0.01484375
2 0.190625 0.5515625 0.015625 0.01328125
2 0.0453125 0.540625 0.01484375 0.01328125
4 0.625 0.59609375 0.009375 0.01171875
4 0.7421875 0.578125 0.00703125 0.01015625
2 0.51171875 0.265625 0.009375 0.0234375
4 0.81171875 0.59921875 0.00859375 0.0109375
6 0.5390625 0.47578125 0.040625 0.01953125
6 0.5171875 0.62109375 0.02890625 0.01796875
0 0.203125 0.575 0.01015625 0.0109375
4 0.25546875 0.46640625 0.00703125 0.00859375
4 0.2 0.59140625 0.00625 0.0140625
4 0.446875 0.47265625 0.00859375 0.009375
4 0.48046875 0.58359375 0.00859375 0.0109375
4 0.39140625 0.58671875 0.00859375 0.01171875
6 0.715625 0.44609375 0.040625 0.021875
6 0.8171875 0.46640625 0.028125 0.01875
3 0.884375 0.48984375 0.01796875 0.01875
4 0.06015625 0.57421875 0.00703125 0.00859375
4 0.03359375 0.61796875 0.00859375 0.01171875