2 0.04140625 0.96953125 0.0203125 0.03125
2 0.09375 0.87890625 0.01484375 0.03203125
2 0.20703125 0.98203125 0.01875 0.03515625
2 0.228125 0.95625 0.0203125 0.03828125
2 0.24296875 0.88359375 0.01796875 0.03046875
2 0.32421875 0.83515625 0.0203125 0.04921875
2 0.22109375 0.73203125 0.01875 0.0359375
2 0.24296875 0.7078125 0.01875 0.03203125
2 0.24921875 0.7234375 0.01640625 0.03359375
2 0.26328125 0.703125 0.01640625 0.025
2 0.28046875 0.68125 0.01640625 0.021875
2 0.296875 0.665625 0.01640625 0.02109375
2 0.29296875 0.64921875 0.01953125 0.02890625
2 0.31171875 0.64609375 0.01640625 0.0296875
2 0.32421875 0.6125 0.01796875 0.02578125
2 0.32890625 0.6265625 0.01484375 0.02890625
2 0.34140625 0.5984375 0.01875 0.03359375
2 0.47109375 0.634375 0.01953125 0.03125
2 0.47421875 0.709375 0.02578125 0.028125
2 0.32734375 0.9578125 0.02109375 0.03046875
2 0.371875 0.9640625 0.01953125 0.025
2 0.453125 0.584375 0.015625 0.0296875
2 0.4359375 0.5515625 0.01796875 0.03359375
2 0.409375 0.48359375 0.01484375 0.03984375
2 0.3890625 0.43984375 0.015625 0.03671875
2 0.38203125 0.38203125 0.01953125 0.03515625
2 0.365625 0.3546875 0.01796875 0.03984375
2 0.315625 0.21953125 0.015625 0.03359375
2 0.32578125 0.32109375 0.01640625 0.034375
2 0.31875 0.0140625 0.015625 0.028125
2 0.33125 0.01328125 0.01875 0.02578125
2 0.38671875 0.19453125 0.021875 0.03515625
2 0.40390625 0.27578125 0.01328125 0.03125
2 0.409375 0.265625 0.0203125 0.0359375
2 0.421875 0.25703125 0.0140625 0.02578125
2 0.43359375 0.290625 0.01796875 0.03125
2 0.42265625 0.29375 0.01796875 0.03125
2 0.58125 0.20234375 0.0140625 0.03125
2 0.55234375 0.2234375 0.01484375 0.03359375
2 0.56484375 0.13984375 0.01171875 0.034375
2 0.5515625 0.0546875 0.01171875 0.03359375
2 0.58984375 0.0640625 0.02109375 0.0296875
2 0.640625 0.31328125 0.02421875 0.03046875
2 0.79296875 0.16953125 0.0109375 0.03515625
2 0.8046875 0.1765625 0.0203125 0.025
2 0.81875 0.14453125 0.01328125 0.034375
2 0.8515625 0.1515625 0.01796875 0.025
2 0.86796875 0.084375 0.01640625 0.03046875
2 0.9328125 0.01015625 0.01875 0.0203125
2 0.9703125 0.00859375 0.01796875 0.01640625
2 0.96796875 0.0484375 0.02421875 0.03046875
2 0.94140625 0.20390625 0.01640625 0.03046875
2 0.93203125 0.2109375 0.0203125 0.0359375
2 0.92421875 0.2265625 0.01796875 0.025
2 0.81640625 0.24921875 0.02109375 0.03125
2 0.80078125 0.265625 0.01796875 0.03046875
2 0.784375 0.2875 0.021875 0.03125
2 0.746875 0.30859375 0.015625 0.021875
2 0.75390625 0.32734375 0.015625 0.01875
2 0.728125 0.334375 0.021875 0.0296875
2 0.73828125 0.34375 0.01640625 0.01796875
2 0.73515625 0.3609375 0.01953125 0.01875
2 0.7234375 0.3609375 0.021875 0.0296875
2 0.71015625 0.35546875 0.021875 0.01796875
2 0.70546875 0.38125 0.01953125 0.025
2 0.678125 0.38828125 0.015625 0.025
2 0.68125 0.40390625 0.01640625 0.02578125
2 0.6640625 0.41171875 0.01796875 0.03125
2 0.71796875 0.57421875 0.01171875 0.0296875
2 0.86328125 0.75 0.01796875 0.03359375
2 0.878125 0.76171875 0.015625 0.03515625
2 0.90546875 0.7734375 0.01640625 0.03046875
2 0.940625 0.81875 0.01875 0.0390625
2 0.9421875 0.84609375 0.025 0.02890625
2 0.959375 0.86015625 0.01875 0.01875
2 0.96875 0.8734375 0.01875 0.01953125
2 0.9765625 0.9015625 0.021875 0.02890625
2 0.87734375 0.92265625 0.0203125 0.0234375
2 0.8640625 0.90078125 0.0203125 0.0296875
2 0.77265625 0.81640625 0.01875 0.02890625
2 0.74296875 0.778125 0.01796875 0.03046875
2 0.71484375 0.77109375 0.0203125 0.028125
2 0.69296875 0.71953125 0.01796875 0.02421875
2 0.68203125 0.728125 0.0203125 0.0234375
2 0.68671875 0.75546875 0.0203125 0.02890625
2 0.65078125 0.7125 0.021875 0.02890625
2 0.66328125 0.74765625 0.0203125 0.025
2 0.634375 0.7265625 0.01796875 0.0203125
2 0.62265625 0.68671875 0.0203125 0.021875
2 0.62109375 0.70859375 0.01796875 0.0234375
2 0.5890625 0.703125 0.0203125 0.0265625
2 0.5890625 0.64609375 0.01171875 0.03984375
2 0.56640625 0.634375 0.0140625 0.0359375
2 0.54921875 0.78359375 0.01875 0.034375
4 0.0515625 0.86953125 0.01015625 0.015625
4 0.05703125 0.884375 0.01015625 0.01171875
4 0.078125 0.85703125 0.00546875 0.015625
4 0.08203125 0.85390625 0.00546875 0.015625
4 0.0859375 0.85234375 0.00390625 0.0140625
4 0.090625 0.84609375 0.00546875 0.01953125
4 0.10546875 0.83359375 0.00546875 0.01484375
4 0.10859375 0.828125 0.00546875 0.015625
4 0.11171875 0.82734375 0.00859375 0.015625
4 0.115625 0.821875 0.00546875 0.0140625
4 0.14921875 0.84375 0.009375 0.01875
4 0.19296875 0.77109375 0.009375 0.01796875
4 0.278125 0.65546875 0.009375 0.015625
4 0.30546875 0.62890625 0.00859375 0.01015625
4 0.3140625 0.625 0.00859375 0.0140625
4 0.3265625 0.59453125 0.009375 0.01796875
4 0.33203125 0.58359375 0.00625 0.0109375
4 0.4109375 0.56796875 0.00625 0.0140625
4 0.42578125 0.56953125 0.00546875 0.0140625
4 0.41484375 0.546875 0.00625 0.01484375
4 0.40390625 0.54609375 0.00703125 0.01640625
4 0.40390625 0.51171875 0.00625 0.015625
4 0.39375 0.509375 0.00625 0.01875
4 0.38671875 0.51875 0.00703125 0.01640625
4 0.39296875 0.47578125 0.00703125 0.015625
4 0.3546875 0.359375 0.00546875 0.01484375
4 0.34921875 0.3375 0.00625 0.01640625
4 0.34296875 0.33515625 0.00546875 0.01796875
4 0.36796875 0.08203125 0.00546875 0.0109375
4 0.384375 0.13359375 0.00625 0.01015625
4 0.39453125 0.15234375 0.00859375 0.009375
4 0.4015625 0.15859375 0.009375 0.01015625
4 0.39140625 0.13203125 0.00859375 0.01015625
4 0.3953125 0.13828125 0.00703125 0.00703125
4 0.39765625 0.14140625 0.00859375 0.00703125
4 0.40078125 0.14609375 0.00703125 0.00703125
4 0.40625 0.13671875 0.00859375 0.00859375
4 0.40703125 0.1640625 0.00703125 0.01328125
4 0.41484375 0.1578125 0.00625 0.0109375
4 0.4171875 0.1625 0.00703125 0.01484375
4 0.4109375 0.17421875 0.00546875 0.0140625
4 0.415625 0.178125 0.00546875 0.01328125
4 0.421875 0.17421875 0.00625 0.01328125
4 0.42578125 0.1828125 0.00859375 0.01328125
4 0.41875 0.19921875 0.009375 0.01484375
4 0.415625 0.2109375 0.009375 0.01640625
4 0.40546875 0.2140625 0.00625 0.01484375
4 0.4328125 0.19140625 0.00625 0.01171875
4 0.43671875 0.1953125 0.0046875 0.01484375
4 0.42421875 0.2734375 0.00859375 0.0140625
4 0.44453125 0.28828125 0.00625 0.0140625
4 0.44921875 0.28125 0.00859375 0.0109375
4 0.46640625 0.30078125 0.01015625 0.01484375
4 0.47421875 0.41171875 0.0109375 0.01171875
4 0.58203125 0.3484375 0.00859375 0.01171875
4 0.58125 0.240625 0.00859375 0.01328125
4 0.584375 0.23203125 0.00625 0.01640625
4 0.6734375 0.3140625 0.00859375 0.01484375
4 0.746875 0.221875 0.00546875 0.01328125
4 0.809375 0.159375 0.00703125 0.0109375
4 0.80859375 0.14765625 0.00859375 0.01171875
4 0.93203125 0.10234375 0.01328125 0.01796875
4 0.95703125 0.09453125 0.0140625 0.0234375
4 0.9875 0.046875 0.01171875 0.01796875
4 0.85546875 0.21796875 0.01171875 0.0203125
4 0.76171875 0.34296875 0.00703125 0.01484375
4 0.7484375 0.3484375 0.01015625 0.01171875
4 0.740625 0.3265625 0.00859375 0.01328125
4 0.7484375 0.36328125 0.009375 0.01484375
4 0.7265625 0.375 0.009375 0.01171875
4 0.721875 0.371875 0.00859375 0.01171875
4 0.715625 0.3796875 0.01015625 0.009375
4 0.7203125 0.3859375 0.00703125 0.00703125
4 0.709375 0.38984375 0.00859375 0.01171875
4 0.715625 0.39140625 0.00625 0.015625
4 0.69296875 0.396875 0.00859375 0.0109375
4 0.6984375 0.403125 0.00625 0.0140625
4 0.70546875 0.40390625 0.0046875 0.009375
4 0.69375 0.40625 0.00859375 0.0109375
4 0.68828125 0.4109375 0.009375 0.0140625
4 0.678125 0.41953125 0.009375 0.015625
4 0.68125 0.42421875 0.009375 0.01171875
4 0.684375 0.43125 0.00859375 0.01015625
4 0.6765625 0.4484375 0.00546875 0.0140625
4 0.68046875 0.44140625 0.00703125 0.0109375
4 0.66953125 0.4625 0.00859375 0.009375
4 0.815625 0.7484375 0.01015625 0.01328125
4 0.81484375 0.7140625 0.0046875 0.0140625
4 0.81875 0.71640625 0.00390625 0.015625
4 0.83203125 0.728125 0.0046875 0.0140625
4 0.83515625 0.740625 0.00625 0.00859375
4 0.84765625 0.74296875 0.003125 0.01484375
4 0.85078125 0.74609375 0.003125 0.0140625
4 0.87109375 0.79375 0.0109375 0.01171875
4 0.90859375 0.7921875 0.00859375 0.0140625
4 0.9203125 0.8203125 0.00859375 0.01484375
4 0.9328125 0.8890625 0.00859375 0.01640625
4 0.97265625 0.86171875 0.01015625 0.0046875
4 0.978125 0.853125 0.00703125 0.01328125
4 0.98203125 0.8734375 0.0046875 0.01796875
4 0.90625 0.97890625 0.01171875 0.01484375
4 0.8921875 0.925 0.00859375 0.01484375
4 0.84921875 0.8890625 0.00859375 0.0140625
4 0.77890625 0.83671875 0.01171875 0.01171875
4 0.70234375 0.7765625 0.00859375 0.01328125
4 0.70703125 0.7515625 0.01015625 0.01328125
4 0.69921875 0.75390625 0.00625 0.01484375
4 0.6921875 0.76953125 0.009375 0.0109375
4 0.68046875 0.7640625 0.01015625 0.01015625
4 0.66796875 0.76015625 0.009375 0.009375
4 0.65546875 0.75859375 0.01015625 0.00703125
4 0.66875 0.7046875 0.00859375 0.00859375
4 0.65390625 0.6984375 0.00859375 0.00859375
4 0.64453125 0.74609375 0.00859375 0.009375
4 0.63828125 0.75234375 0.00859375 0.009375
4 0.6265625 0.746875 0.01171875 0.01171875
4 0.578125 0.715625 0.00859375 0.0109375
4 0.57890625 0.66171875 0.00859375 0.015625
4 0.58515625 0.584375 0.00546875 0.01796875
4 0.5515625 0.6140625 0.01171875 0.021875
4 0.5359375 0.721875 0.00859375 0.009375
4 0.5234375 0.75234375 0.00859375 0.0203125
4 0.41328125 0.678125 0.00546875 0.01640625
4 0.25859375 0.91171875 0.00859375 0.01640625
4 0.29765625 0.85859375 0.01015625 0.02109375
0 0.1078125 0.8671875 0.015625 0.025
0 0.39375 0.78046875 0.01640625 0.0296875
0 0.27109375 0.66875 0.01484375 0.021875
0 0.33359375 0.59296875 0.01328125 0.021875
0 0.34140625 0.4453125 0.01484375 0.028125
0 0.3109375 0.23046875 0.01171875 0.02421875
0 0.41953125 0.3109375 0.01796875 0.02578125
0 0.53828125 0.3859375 0.0203125 0.0296875
0 0.60234375 0.290625 0.01171875 0.01796875
0 0.60390625 0.2640625 0.0203125 0.03203125
0 0.671875 0.30078125 0.01640625 0.01484375
0 0.70546875 0.2734375 0.01640625 0.0203125
0 0.89296875 0.1953125 0.01171875 0.02109375
0 0.7609375 0.33046875 0.01171875 0.02109375
0 0.69453125 0.378125 0.0140625 0.02109375
0 0.6734375 0.43671875 0.0140625 0.021875
0 0.66484375 0.43203125 0.01328125 0.02109375
0 0.75390625 0.6515625 0.01484375 0.02109375
0 0.56328125 0.590625 0.0234375 0.02578125
0 0.86953125 0.7640625 0.01171875 0.028125
0 0.89453125 0.771875 0.0140625 0.02578125
0 0.63203125 0.740625 0.0140625 0.01875
0 0.6140625 0.73828125 0.01640625 0.01953125
0 0.60390625 0.703125 0.0140625 0.02109375
3 0.34453125 0.61484375 0.02421875 0.0453125
3 0.28828125 0.63671875 0.01953125 0.028125
3 0.59609375 0.5640625 0.0109375 0.03671875
3 0.82734375 0.91484375 0.025 0.02890625
3 0.990625 0.9453125 0.01875 0.025
3 0.33671875 0.0453125 0.02421875 0.046875
1 0.328125 0.19921875 0.03671875 0.08359375
1 0.31796875 0.59140625 0.0390625 0.075
1 0.20703125 0.78046875 0.04921875 0.0765625
1 0.39296875 0.73515625 0.0515625 0.04609375
1 0.534375 0.6859375 0.0546875 0.04296875
1 0.58515625 0.68203125 0.04375 0.03515625
1 0.771875 0.77890625 0.0515625 0.06015625
1 0.840625 0.9015625 0.0515625 0.06875
1 0.646875 0.35078125 0.04921875 0.04375
1 0.6 0.48046875 0.0390625 0.075