3 0.52734375 0.76796875 0.02109375 0.046875
3 0.53203125 0.88203125 0.028125 0.02578125
3 0.47890625 0.81328125 0.02890625 0.0234375
1 0.2328125 0.6796875 0.0546875 0.03203125
1 0.28984375 0.671875 0.0546875 0.03515625
2 0.06328125 0.89453125 0.01953125 0.01875
2 0.38046875 0.8609375 0.02109375 0.0234375
2 0.4921875 0.765625 0.015625 0.02890625
2 0.528125 0.8015625 0.01875 0.03828125
2 0.64375 0.85 0.01953125 0.0203125
2 0.75 0.7796875 0.02578125 0.025
2 0.84296875 0.7890625 0.02890625 0.02578125
2 0.87578125 0.80390625 0.0203125 0.01953125
2 0.77578125 0.87421875 0.02421875 0.0203125
2 0.94140625 0.85703125 0.02421875 0.021875
2 0.9765625 0.7953125 0.02578125 0.02109375
2 0.49140625 0.51796875 0.01015625 0.0359375
2 0.4703125 0.034375 0.01015625 0.03828125
0 0.478125 0.41953125 0.009375 0.0265625
0 0.76328125 0.85 0.01640625 0.01640625
0 0.8703125 0.76953125 0.015625 0.01640625
0 0.51953125 0.93984375 0.0140625 0.01171875
0 0.15859375 0.96875 0.015625 0.01953125
0 0.278125 0.90078125 0.0140625 0.01796875
4 0.140625 0.728125 0.0109375 0.01015625
4 0.21015625 0.71171875 0.0109375 0.009375
4 0.60859375 0.66015625 0.0140625 0.01171875
4 0.6546875 0.68203125 0.01171875 0.0109375
4 0.840625 0.71875 0.01015625 0.009375
4 0.9203125 0.8390625 0.01484375 0.01328125
4 0.7765625 0.8375 0.01171875 0.01328125
4 0.70703125 0.8953125 0.01328125 0.01328125
4 0.80546875 0.79140625 0.01171875 0.009375
4 0.86875 0.83828125 0.01484375 0.01328125
4 0.4734375 0.6859375 0.009375 0.0234375
4 0.50390625 0.696875 0.00625 0.021875
4 0.51328125 0.68828125 0.00859375 0.0234375
4 0.51015625 0.74140625 0.00859375 0.02578125
4 0.5765625 0.73203125 0.01015625 0.01796875
4 0.56328125 0.809375 0.0109375 0.0203125
4 0.40078125 0.9453125 0.01328125 0.0140625
4 0.3796875 0.89921875 0.01171875 0.01171875
4 0.3984375 0.8859375 0.0109375 0.01015625
4 0.43828125 0.90703125 0.01171875 0.0109375
4 0.39296875 0.76328125 0.0109375 0.00859375
4 0.20703125 0.79921875 0.01171875 0.009375
4 0.1375 0.94921875 0.01015625 0.01015625