3 0.0140625 0.55859375 0.028125 0.0234375
4 0.08203125 0.571875 0.00859375 0.0140625
4 0.07578125 0.62578125 0.00859375 0.01484375
6 0.1109375 0.55546875 0.03125 0.0234375
5 0.12421875 0.6796875 0.03828125 0.0265625
5 0.1484375 0.64296875 0.04375 0.01953125
4 0.22109375 0.61328125 0.01015625 0.00859375
3 0.23203125 0.60234375 0.01796875 0.009375
4 0.2515625 0.56171875 0.00859375 0.01328125
5 0.2828125 0.6359375 0.034375 0.025
4 0.3359375 0.6265625 0.01484375 0.01484375
4 0.396875 0.6109375 0.00859375 0.01484375
4 0.275 0.403125 0.01328125 0.01875
4 0.3984375 0.40625 0.01796875 0.01484375
1 0.42109375 0.4796875 0.04921875 0.03046875
6 0.496875 0.62421875 0.028125 0.02109375
4 0.5296875 0.6046875 0.009375 0.01796875
0 0.57109375 0.60859375 0.015625 0.01171875
3 0.58046875 0.625 0.01328125 0.01328125
4 0.603125 0.60703125 0.009375 0.01484375
0 0.659375 0.59921875 0.0140625 0.01484375
2 0.709375 0.615625 0.01796875 0.01484375
2 0.76875 0.57890625 0.015625 0.01640625
5 0.715625 0.475 0.04609375 0.028125
1 0.66640625 0.38515625 0.04609375 0.02578125
5 0.721875 0.38515625 0.04609375 0.021875
4 0.77578125 0.4015625 0.01484375 0.01953125
0 0.815625 0.42421875 0.015625 0.02109375
0 0.8859375 0.40390625 0.01640625 0.01640625
6 0.89609375 0.47421875 0.034375 0.0265625
0 0.82421875 0.60390625 0.01796875 0.0203125
0 0.86328125 0.55859375 0.01796875 0.01484375
4 0.91171875 0.60078125 0.0109375 0.009375
4 0.91328125 0.6140625 0.01015625 0.01171875
5 0.975 0.5421875 0.05 0.0296875
2 0.34453125 0.28984375 0.021875 0.021875
2 0.39609375 0.221875 0.01640625 0.0203125
2 0.49609375 0.26796875 0.0140625 0.02890625
2 0.51015625 0.33046875 0.0109375 0.0359375
2 0.5234375 0.33046875 0.01328125 0.03359375
2 0.56171875 0.31875 0.01015625 0.0265625
2 0.571875 0.31875 0.00859375 0.025
1 0.60859375 0.21640625 0.01171875 0.0484375