4 0.96640625 0.23984375 0.00625 0.01328125
3 0.9921875 0.29453125 0.00703125 0.0265625
4 0.846875 0.37421875 0.00390625 0.01171875
4 0.83125 0.359375 0.00390625 0.01484375
0 0.8640625 0.38828125 0.0109375 0.009375
4 0.890625 0.428125 0.00703125 0.00625
5 0.71640625 0.384375 0.04375 0.01640625
5 0.6609375 0.384375 0.03984375 0.01640625
2 0.5578125 0.31796875 0.00703125 0.0234375
2 0.56640625 0.31953125 0.00859375 0.0203125
2 0.5171875 0.328125 0.00703125 0.02421875
2 0.50625 0.3296875 0.00546875 0.0265625
2 0.4015625 0.2546875 0.0109375 0.01875
2 0.340625 0.2890625 0.01640625 0.01171875
4 0.51796875 0.27890625 0.003125 0.01171875
4 0.525 0.2796875 0.003125 0.01484375
4 0.528125 0.2796875 0.003125 0.0140625
4 0.53046875 0.28046875 0.0015625 0.0140625
4 0.53828125 0.296875 0.003125 0.0109375
4 0.54140625 0.29296875 0.003125 0.0140625
4 0.54609375 0.29453125 0.003125 0.0140625
4 0.546875 0.28046875 0.003125 0.01328125
4 0.56796875 0.2984375 0.003125 0.01171875
4 0.56796875 0.2828125 0.003125 0.0140625
4 0.57109375 0.290625 0.0015625 0.01171875
4 0.575 0.29609375 0.0015625 0.01015625
4 0.578125 0.296875 0.003125 0.009375
4 0.57890625 0.30859375 0.0015625 0.009375
4 0.5828125 0.30078125 0.003125 0.0140625
4 0.58125 0.24375 0.0015625 0.0109375
4 0.58046875 0.23125 0.0015625 0.0109375
4 0.578125 0.24296875 0.0015625 0.01171875
4 0.575 0.23125 0.0015625 0.0109375
4 0.5734375 0.24375 0.0015625 0.0109375
4 0.56640625 0.240625 0.003125 0.0140625
4 0.5640625 0.240625 0.0015625 0.0140625
4 0.540625 0.22890625 0.003125 0.01015625
4 0.409375 0.27109375 0.0015625 0.01171875
4 0.41328125 0.271875 0.0015625 0.01171875
4 0.17265625 0.415625 0.00625 0.00859375
4 0.06484375 0.471875 0.00703125 0.00703125
6 0.20546875 0.48671875 0.03203125 0.015625
2 0.2109375 0.50546875 0.015625 0.01328125
2 0.25234375 0.553125 0.01328125 0.01171875
3 0.31640625 0.48046875 0.01875 0.0140625
4 0.303125 0.59296875 0.0046875 0.00546875
2 0.43671875 0.56484375 0.01171875 0.01171875
2 0.559375 0.59375 0.015625 0.01171875
2 0.5765625 0.625 0.0109375 0.01328125
6 0.590625 0.54296875 0.03671875 0.01640625
4 0.5328125 0.45 0.00859375 0.009375
6 0.68828125 0.51953125 0.03125 0.01640625
6 0.690625 0.540625 0.03515625 0.01796875
6 0.81796875 0.47265625 0.03671875 0.01640625
6 0.76640625 0.575 0.03515625 0.01640625
3 0.83203125 0.51875 0.01640625 0.0109375
6 0.8703125 0.5359375 0.02890625 0.01484375
5 0.96171875 0.56171875 0.06875 0.01953125
4 0.96015625 0.60625 0.00859375 0.00859375
4 0.896875 0.621875 0.00546875 0.00859375
4 0.8640625 0.58125 0.00625 0.00703125
6 0.88203125 0.63828125 0.03828125 0.01796875
2 0.846875 0.61328125 0.00859375 0.021875
2 0.84609375 0.58515625 0.0140625 0.01484375
0 0.81953125 0.6453125 0.01015625 0.01171875
0 0.79296875 0.60390625 0.01015625 0.01171875
0 0.81875 0.603125 0.00703125 0.00625
4 0.7875 0.6234375 0.00859375 0.00625
4 0.84453125 0.6703125 0.00390625 0.01171875
3 0.7484375 0.59921875 0.01953125 0.01171875
0 0.75390625 0.66875 0.01484375 0.0140625
6 0.71953125 0.6046875 0.0265625 0.01484375
2 0.71796875 0.653125 0.00546875 0.021875
2 0.66484375 0.634375 0.00625 0.0234375
2 0.67265625 0.63203125 0.00703125 0.02421875
2 0.67265625 0.65546875 0.00703125 0.0203125
3 0.68125 0.62109375 0.00625 0.01953125
6 0.5890625 0.60703125 0.0265625 0.01953125
5 0.278125 0.63671875 0.02890625 0.015625
5 0.14375 0.64609375 0.034375 0.01796875
5 0.11875 0.67890625 0.034375 0.01875
5 0.0640625 0.73828125 0.015625 0.0515625
5 0.03203125 0.74921875 0.01015625 0.04921875
5 0.0296875 0.9390625 0.01015625 0.0453125
2 0.003125 0.83359375 0.00546875 0.0234375
2 0.984375 0.809375 0.01171875 0.028125
2 0.96953125 0.91640625 0.00859375 0.02109375
2 0.9734375 0.85859375 0.01171875 0.01875
2 0.95859375 0.86953125 0.00703125 0.02578125
2 0.95 0.89609375 0.00546875 0.021875
2 0.94296875 0.903125 0.00625 0.0265625
2 0.934375 0.796875 0.009375 0.01328125
2 0.93359375 0.81171875 0.01171875 0.01328125
3 0.75546875 0.8515625 0.01953125 0.01484375
3 0.715625 0.89609375 0.00859375 0.0296875