2 0.62421875 0.76328125 0.03515625 0.0234375
2 0.69453125 0.70703125 0.01328125 0.03515625
4 0.7625 0.59609375 0.015625 0.0140625
4 0.9765625 0.45859375 0.015625 0.0140625
4 0.96328125 0.44921875 0.01328125 0.0109375
4 0.9640625 0.46171875 0.0140625 0.01640625
4 0.94140625 0.46171875 0.01328125 0.0140625
2 0.8765625 0.4765625 0.02890625 0.028125
4 0.8515625 0.45390625 0.01640625 0.01328125
2 0.703125 0.47109375 0.02421875 0.02421875
4 0.7484375 0.44921875 0.0140625 0.01875
1 0.34921875 0.60078125 0.0484375 0.03359375
1 0.3015625 0.59765625 0.046875 0.02421875
1 0.25078125 0.59921875 0.04921875 0.02578125
4 0.28828125 0.63125 0.0109375 0.01015625
1 0.20078125 0.60078125 0.04921875 0.02890625
2 0.20546875 0.6234375 0.0234375 0.01875
2 0.17578125 0.621875 0.01953125 0.01875
2 0.1546875 0.59453125 0.021875 0.01875
2 0.153125 0.6203125 0.02109375 0.01796875
2 0.1515625 0.63828125 0.0234375 0.01640625
4 0.190625 0.6328125 0.00703125 0.00859375
4 0.1796875 0.634375 0.0109375 0.00859375
4 0.16796875 0.63203125 0.009375 0.00703125
4 0.16953125 0.640625 0.01015625 0.00703125
2 0.13046875 0.59609375 0.021875 0.01875
2 0.1265625 0.61796875 0.021875 0.01796875
2 0.128125 0.63828125 0.01953125 0.01953125
0 0.109375 0.63671875 0.015625 0.01484375
3 0.10390625 0.60390625 0.02578125 0.0203125
0 0.09296875 0.63984375 0.015625 0.015625
2 0.096875 0.65625 0.02109375 0.01796875
4 0.09921875 0.66953125 0.0140625 0.00703125
2 0.06953125 0.665625 0.021875 0.0203125
2 0.0890625 0.6234375 0.02109375 0.01953125
4 0.08125 0.63671875 0.00859375 0.00859375
2 0.08046875 0.5921875 0.02109375 0.0203125
2 0.03828125 0.59296875 0.021875 0.01640625
2 0.0578125 0.60859375 0.0234375 0.01640625
2 0.06640625 0.62578125 0.01953125 0.01875
0 0.06796875 0.64296875 0.01640625 0.01484375
4 0.05859375 0.6375 0.009375 0.00703125
4 0.05078125 0.625 0.0109375 0.0109375
4 0.04921875 0.65546875 0.0109375 0.009375
0 0.04609375 0.64296875 0.01484375 0.0140625
4 0.0421875 0.66875 0.009375 0.009375
4 0.034375 0.66171875 0.01015625 0.00703125
2 0.0171875 0.671875 0.02421875 0.021875
0 0.0359375 0.65390625 0.01640625 0.0109375
4 0.03125 0.64140625 0.009375 0.00859375
2 0.03515625 0.628125 0.01953125 0.01640625
2 0.02890625 0.609375 0.021875 0.01640625
2 0.01484375 0.5921875 0.01953125 0.0140625
2 0.0125 0.6265625 0.0203125 0.01484375
4 0.0203125 0.640625 0.00859375 0.009375
4 0.00859375 0.63828125 0.0109375 0.00859375
4 0.02578125 0.65 0.00703125 0.00625
4 0.01953125 0.65625 0.01015625 0.0109375
4 0.015625 0.64609375 0.01015625 0.00859375
4 0.0109375 0.65625 0.009375 0.00625
4 0.00625 0.64921875 0.00859375 0.00859375
4 0.003125 0.64296875 0.00625 0.009375
2 0.015625 0.44453125 0.0265625 0.0203125
2 0.0265625 0.47109375 0.025 0.01953125
2 0.04765625 0.48984375 0.021875 0.01875
2 0.06875 0.46953125 0.025 0.0203125
0 0.103125 0.453125 0.01640625 0.0140625
2 0.090625 0.409375 0.02421875 0.0203125
2 0.08828125 0.43203125 0.02421875 0.025
2 0.171875 0.4125 0.0234375 0.0203125
4 0.1484375 0.440625 0.01328125 0.01015625
4 0.1484375 0.45078125 0.01171875 0.009375
2 0.1578125 0.465625 0.02421875 0.01953125
2 0.17890625 0.49453125 0.02578125 0.01953125
0 0.18984375 0.4359375 0.015625 0.015625
0 0.20859375 0.44453125 0.015625 0.015625
0 0.2140625 0.459375 0.01640625 0.01328125
4 0.1984375 0.47421875 0.01171875 0.009375
4 0.22890625 0.47890625 0.01015625 0.00859375
2 0.234375 0.49453125 0.0234375 0.01640625
2 0.115625 0.39375 0.01328125 0.03515625
3 0.11640625 0.30625 0.01328125 0.02890625
4 0.13203125 0.11328125 0.009375 0.00859375
4 0.128125 0.1359375 0.01171875 0.0109375
4 0.12890625 0.1421875 0.01171875 0.009375
4 0.13046875 0.15 0.01328125 0.00859375
4 0.13125 0.15703125 0.015625 0.01015625
4 0.1359375 0.05390625 0.00859375 0.00625
4 0.134375 0.04296875 0.0109375 0.0109375
4 0.146875 0.01328125 0.00859375 0.00859375
4 0.14453125 0.01875 0.009375 0.00859375
4 0.1375 0.00703125 0.01015625 0.0109375
4 0.13515625 0.01640625 0.0109375 0.01171875
0 0.265625 0.490625 0.01484375 0.0109375
2 0.2828125 0.47109375 0.02421875 0.01796875
2 0.31796875 0.4546875 0.021875 0.0203125
4 0.32109375 0.42890625 0.01015625 0.0109375
4 0.3546875 0.4546875 0.01015625 0.0109375
2 0.34296875 0.48828125 0.021875 0.01796875
4 0.396875 0.4671875 0.01015625 0.01015625
4 0.4234375 0.46484375 0.01015625 0.01015625
4 0.43671875 0.4765625 0.01015625 0.01015625
4 0.45 0.46015625 0.009375 0.00703125
4 0.46875 0.42421875 0.009375 0.00859375
0 0.48828125 0.42421875 0.015625 0.01484375
4 0.5296875 0.409375 0.01171875 0.00703125
3 0.57890625 0.45625 0.01640625 0.01640625
2 0.5640625 0.48203125 0.0234375 0.01640625
4 0.58359375 0.403125 0.0109375 0.0109375
3 0.70390625 0.3984375 0.015625 0.01875
4 0.71953125 0.3890625 0.01015625 0.0109375
4 0.73828125 0.39296875 0.01015625 0.009375
4 0.38828125 0.9546875 0.00546875 0.01328125
2 0.5578125 0.8140625 0.015625 0.021875
3 0.37421875 0.68203125 0.01015625 0.00703125