4 0.8640625 0.5265625 0.0140625 0.01171875
4 0.784375 0.396875 0.01484375 0.01640625
4 0.646875 0.53828125 0.01328125 0.0140625
4 0.35859375 0.54375 0.0140625 0.01171875
4 0.2578125 0.36640625 0.01171875 0.009375
4 0.14140625 0.5828125 0.01328125 0.01875
4 0.10078125 0.58125 0.01171875 0.01328125
4 0.00546875 0.6 0.0109375 0.01328125
4 0.0203125 0.00859375 0.00703125 0.01640625
4 0.01015625 0.00625 0.0078125 0.0125
2 0.0140625 0.04375 0.01953125 0.04453125
2 0.06875 0.04921875 0.0140625 0.0515625
2 0.059375 0.1 0.01796875 0.04375
2 0.07578125 0.1 0.0140625 0.040625
2 0.04296875 0.14921875 0.015625 0.046875
2 0.05703125 0.1546875 0.01171875 0.040625
2 0.028125 0.2015625 0.015625 0.04375
2 0.04375 0.20546875 0.01484375 0.046875
2 0.0328125 0.2515625 0.01328125 0.03984375
2 0.01171875 0.271875 0.01875 0.05546875
2 0.153125 0.259375 0.02421875 0.04140625
2 0.3046875 0.40234375 0.0203125 0.01796875
2 0.41640625 0.534375 0.028125 0.0234375
2 0.49609375 0.36796875 0.02421875 0.01953125
2 0.703125 0.51796875 0.0265625 0.025
2 0.98046875 0.3359375 0.0265625 0.02109375
2 0.7671875 0.171875 0.02578125 0.0203125
2 0.77578125 0.253125 0.02890625 0.01953125
0 0.64921875 0.515625 0.01875 0.02109375
0 0.19296875 0.3734375 0.01875 0.01953125
0 0.08359375 0.03828125 0.01484375 0.03515625
6 0.06796875 0.32890625 0.03046875 0.06953125
6 0.4640625 0.58828125 0.04140625 0.0265625