1 0.91796875 0.38828125 0.03203125 0.01484375
0 0.83046875 0.3875 0.009375 0.01171875
5 0.73828125 0.384375 0.04453125 0.01640625
3 0.7109375 0.41953125 0.01875 0.0140625
4 0.7421875 0.409375 0.00546875 0.00859375
4 0.6859375 0.4078125 0.00546875 0.00703125
4 0.603125 0.303125 0.003125 0.01171875
4 0.5984375 0.3046875 0.003125 0.01640625
4 0.5875 0.28359375 0.003125 0.01171875
4 0.5875 0.2984375 0.003125 0.0140625
4 0.56640625 0.28125 0.003125 0.01171875
4 0.565625 0.29609375 0.003125 0.01015625
4 0.55703125 0.296875 0.003125 0.01171875
4 0.54453125 0.28046875 0.003125 0.0140625
4 0.54765625 0.2796875 0.003125 0.01328125
4 0.53671875 0.2796875 0.003125 0.0140625
4 0.60078125 0.24140625 0.003125 0.01171875
4 0.5984375 0.2421875 0.003125 0.01328125
4 0.59296875 0.24296875 0.00390625 0.01328125
4 0.58671875 0.240625 0.003125 0.01328125
4 0.58359375 0.24140625 0.003125 0.01328125
4 0.56484375 0.2296875 0.0015625 0.0109375
4 0.56015625 0.2296875 0.003125 0.0109375
4 0.509375 0.2453125 0.003125 0.00703125
2 0.5265625 0.3296875 0.00546875 0.0265625
2 0.53671875 0.328125 0.00625 0.0265625
2 0.57734375 0.31953125 0.00703125 0.02421875
2 0.5859375 0.31953125 0.00703125 0.021875
2 0.36015625 0.2921875 0.015625 0.01328125
2 0.06171875 0.49375 0.01640625 0.01328125
4 0.08046875 0.46796875 0.00546875 0.00546875
4 0.0234375 0.44296875 0.00546875 0.00546875
2 0.0328125 0.54375 0.0109375 0.00859375
0 0.03203125 0.6234375 0.009375 0.00859375
6 0.3265625 0.4859375 0.028125 0.01640625
2 0.36953125 0.50078125 0.01328125 0.0109375
2 0.38984375 0.56796875 0.0140625 0.0109375
5 0.45546875 0.55 0.059375 0.0203125
2 0.521875 0.496875 0.01328125 0.01328125
6 0.584375 0.47890625 0.02578125 0.015625
3 0.6046875 0.55703125 0.01796875 0.0140625
3 0.63203125 0.48671875 0.0140625 0.01171875
2 0.69921875 0.5234375 0.01328125 0.0109375
2 0.7453125 0.5234375 0.0140625 0.01328125
6 0.9875 0.54140625 0.025 0.01796875
4 0.9515625 0.55859375 0.00859375 0.00546875
4 0.91875 0.58359375 0.00703125 0.00546875
4 0.88046875 0.5859375 0.00625 0.00625
4 0.8578125 0.58046875 0.00546875 0.0046875
2 0.92578125 0.60078125 0.01484375 0.01171875
2 0.9609375 0.803125 0.009375 0.01171875
2 0.9609375 0.81796875 0.01015625 0.01171875
2 0.9859375 0.8765625 0.00859375 0.02578125
2 0.97734375 0.90390625 0.00625 0.021875
2 0.96953125 0.91171875 0.00703125 0.025
6 0.9078125 0.64140625 0.0359375 0.01640625
3 0.7359375 0.9015625 0.00703125 0.03046875
3 0.778125 0.85703125 0.01953125 0.01328125
3 0.7015625 0.62578125 0.00703125 0.0203125
2 0.6859375 0.63828125 0.00625 0.021875
2 0.69375 0.634375 0.00703125 0.021875
2 0.70078125 0.65 0.00625 0.0203125
2 0.6984375 0.671875 0.00703125 0.0234375
2 0.7390625 0.65625 0.00625 0.01953125
3 0.7765625 0.67109375 0.01484375 0.0109375
0 0.84375 0.64921875 0.0109375 0.00625
0 0.84140625 0.60546875 0.00859375 0.00703125
4 0.77421875 0.58359375 0.00625 0.00546875
4 0.6515625 0.59921875 0.00625 0.00546875
0 0.62890625 0.609375 0.01171875 0.00859375
2 0.59609375 0.62578125 0.01015625 0.01015625
6 0.51328125 0.6234375 0.02578125 0.015625
5 0.29765625 0.6375 0.02890625 0.01484375
0 0.3015625 0.6140625 0.009375 0.00546875
5 0.1421875 0.678125 0.03203125 0.01796875
5 0.0890625 0.73515625 0.01328125 0.046875
2 0.02890625 0.82890625 0.00859375 0.01953125
5 0.05625 0.93203125 0.009375 0.04140625
4 0.18125 0.61484375 0.00625 0.00625
5 0.1671875 0.64453125 0.03515625 0.01796875