2 0.19296875 0.6875 0.01875 0.01484375
0 0.25625 0.7359375 0.01328125 0.015625
4 0.25546875 0.67890625 0.01171875 0.01171875
4 0.43203125 0.63515625 0.009375 0.01328125
4 0.23046875 0.68203125 0.01640625 0.01484375
0 0.296875 0.56796875 0.0109375 0.0203125
0 0.2921875 0.484375 0.01328125 0.01796875
4 0.5359375 0.43359375 0.009375 0.015625
2 0.50703125 0.62890625 0.01484375 0.0234375
0 0.50234375 0.47578125 0.009375 0.02109375
4 0.50078125 0.52109375 0.009375 0.01796875
4 0.56875 0.48671875 0.00859375 0.0234375
0 0.69296875 0.21171875 0.01171875 0.0203125
0 0.7953125 0.29296875 0.0109375 0.02109375
4 0.8515625 0.1875 0.009375 0.02421875
0 0.67578125 0.1703125 0.00859375 0.02109375
4 0.1515625 0.66640625 0.01015625 0.009375
4 0.1234375 0.71484375 0.0109375 0.01171875
4 0.22578125 0.61328125 0.0109375 0.009375
4 0.140625 0.65546875 0.0109375 0.01484375
4 0.3484375 0.3265625 0.01015625 0.01484375
4 0.53984375 0.40546875 0.01015625 0.0140625
4 0.5359375 0.4171875 0.01171875 0.01328125
4 0.53828125 0.39296875 0.00859375 0.0140625
4 0.42421875 0.39453125 0.009375 0.01796875
4 0.215625 0.3859375 0.00859375 0.01484375
4 0.3375 0.29609375 0.01171875 0.01171875
4 0.21953125 0.41171875 0.0109375 0.01796875
4 0.32890625 0.5328125 0.01171875 0.0140625
0 0.36875 0.50625 0.0109375 0.015625
2 0.2 0.39609375 0.01953125 0.0296875
2 0.14921875 0.109375 0.021875 0.02421875
4 0.5625 0.33359375 0.01328125 0.0140625
4 0.5625 0.6953125 0.0140625 0.01328125
4 0.8265625 0.753125 0.0109375 0.01640625
4 0.65859375 0.690625 0.0109375 0.015625
0 0.39296875 0.33046875 0.01171875 0.01328125
4 0.64609375 0.25390625 0.01328125 0.01171875
0 0.5890625 0.56328125 0.01328125 0.0234375
4 0.946875 0.93359375 0.01171875 0.01875
4 0.7453125 0.85390625 0.01171875 0.01328125
4 0.578125 0.625 0.00859375 0.01171875
0 0.60625 0.29296875 0.01015625 0.021875
0 0.7734375 0.42109375 0.00859375 0.01875
4 0.75546875 0.4078125 0.00703125 0.015625
4 0.775 0.34609375 0.0109375 0.01171875
3 0.6734375 0.5015625 0.01171875 0.0109375
0 0.7546875 0.49765625 0.0109375 0.02421875
4 0.62109375 0.2640625 0.0140625 0.0203125
2 0.18046875 0.78828125 0.0203125 0.015625
4 0.1890625 0.61015625 0.015625 0.01328125
0 0.3703125 0.6109375 0.0140625 0.009375
4 0.79453125 0.70859375 0.009375 0.01640625
4 0.57578125 0.6609375 0.01796875 0.00859375
4 0.52109375 0.48046875 0.0109375 0.015625
4 0.521875 0.66328125 0.01328125 0.01328125
4 0.5859375 0.47109375 0.00859375 0.01171875
4 0.53359375 0.66328125 0.01171875 0.015625
4 0.58203125 0.65546875 0.00703125 0.01953125
0 0.5890625 0.6171875 0.01328125 0.0203125
4 0.53671875 0.44609375 0.01328125 0.0140625
4 0.54375 0.45703125 0.009375 0.0140625
4 0.52890625 0.403125 0.01015625 0.01640625
4 0.41796875 0.61875 0.009375 0.01015625
4 0.51484375 0.46875 0.0109375 0.0109375
0 0.17578125 0.38203125 0.0109375 0.01328125
0 0.15703125 0.35625 0.01171875 0.0234375
2 0.28046875 0.2296875 0.01953125 0.02109375
4 0.665625 0.275 0.01328125 0.0140625
4 0.653125 0.26171875 0.0109375 0.01328125
4 0.6578125 0.2359375 0.0140625 0.015625
2 0.78415704375 0.30332112499999997 0.7800122078125 0.29787535468750004 0.7701006609375 0.3241431796875 0.7747861171875 0.32990929687500004 0.78415704375 0.30332112499999997
0 0.7646279218750001 0.3463193828125 0.75940184375 0.34375665781250003 0.7530944953125001 0.368102440625 0.7577065671875001 0.36785273749999997 0.7646279218750001 0.3463193828125
4 0.745051471875 0.35777880781250004 0.741447271875 0.3510516859375 0.7333378234375 0.3635449234375 0.7360997234375 0.3693716234375 0.745051471875 0.35777880781250004
4 0.80546875 0.21484375 0.01015625 0.0109375
4 0.80390625 0.21640625 0.00546875 0.02109375
3 0.692227015625 0.49674115937499996 0.6861753546875 0.48910689218750003 0.67485288125 0.508192553125 0.6801952640625 0.5148939203125 0.692227015625 0.49674115937499996
0 0.705952146875 0.488362603125 0.6995100625 0.4835044296875 0.6924823109375 0.5015490687499999 0.6967059828125 0.5055569515625 0.705952146875 0.488362603125
2 0.8343436484375 0.20662969687500002 0.82745590625 0.19607486875 0.8134428625 0.2256283890625 0.8200096109375 0.2332646578125 0.8343436484375 0.20662969687500002
4 0.66171875 0.6640625 0.01171875 0.01328125
0 0.91953125 0.83515625 0.015625 0.01796875
4 0.73828125 0.8421875 0.009375 0.01484375
4 0.60390625 0.46796875 0.009375 0.01171875
4 0.66640625 0.24609375 0.009375 0.025
2 0.44375 0.4203125 0.01875 0.01953125
0 0.65625 0.58359375 0.01484375 0.01171875
0 0.5015625 0.44921875 0.01171875 0.01328125
4 0.18046875 0.33828125 0.01328125 0.0140625
4 0.39296875 0.5859375 0.01171875 0.01015625
4 0.42734375 0.36328125 0.0109375 0.01171875
2 0.44296875 0.64921875 0.01640625 0.015625
0 0.38515625 0.640625 0.0140625 0.01796875
4 0.54921875 0.615625 0.01015625 0.0140625
4 0.76015625 0.85546875 0.00703125 0.01640625
4 0.771875 0.8765625 0.009375 0.01953125
4 0.75703125 0.840625 0.01171875 0.01484375
2 0.38203125 0.48984375 0.01640625 0.025
4 0.63359375 0.303125 0.0140625 0.0203125
4 0.5234375 0.3859375 0.01015625 0.015625
3 0.646875 0.534375 0.0140625 0.025
0 0.7140625 0.453125 0.00625 0.02890625
0 0.721875 0.475 0.00859375 0.01484375
0 0.715625 0.5 0.00859375 0.02421875
0 0.6765625 0.53671875 0.01796875 0.021875
0 0.61640625 0.74375 0.01484375 0.0203125
4 0.52109375 0.678125 0.009375 0.01328125
4 0.5609375 0.61171875 0.00859375 0.01171875
4 0.5390625 0.6140625 0.01015625 0.01328125
0 0.2203125 0.55234375 0.01015625 0.01640625
3 0.184375 0.75703125 0.01796875 0.01796875
4 0.19453125 0.19609375 0.009375 0.009375
4 0.1515625 0.31328125 0.01171875 0.0140625
4 0.2640625 0.34140625 0.01171875 0.01484375
4 0.084375 0.24921875 0.01171875 0.01484375
4 0.08828125 0.09921875 0.01171875 0.01796875
0 0.11640625 0.2828125 0.01484375 0.021875
0 0.32265625 0.31171875 0.01015625 0.01640625
2 0.34296875 0.35390625 0.021875 0.0265625
0 0.58984375 0.44375 0.00859375 0.028125
4 0.584375 0.34375 0.01171875 0.0140625
2 0.72578125 0.38671875 0.01171875 0.03046875
4 0.765625 0.37421875 0.00859375 0.0140625
4 0.73828125 0.39453125 0.01171875 0.01484375
4 0.76875 0.3953125 0.00859375 0.01171875
4 0.7234375 0.425 0.01015625 0.01796875
4 0.7546875 0.43359375 0.01015625 0.01484375
0 0.69140625 0.46875 0.00546875 0.0234375
0 0.8323402078125 0.7440935078125 0.8321878937499999 0.7430732375 0.8341064828125001 0.7353996546875 0.8254727859375001 0.7277260546875 0.8216355890625 0.73753120625 0.8323402078125 0.7440935078125
4 0.77734375 0.85859375 0.01171875 0.0140625
4 0.92421875 0.90390625 0.009375 0.01796875
4 0.88125 0.859375 0.0109375 0.01328125
4 0.8984375 0.86875 0.01015625 0.0203125
2 0.803125 0.90546875 0.01953125 0.02109375
4 0.51953125 0.5015625 0.01015625 0.01875
4 0.51953125 0.6015625 0.01015625 0.01171875
4 0.53203125 0.60859375 0.00703125 0.01875
4 0.56171875 0.6359375 0.00859375 0.01640625
2 0.30390625 0.43203125 0.0234375 0.028125
2 0.590063471875 0.5974650640625 0.58595276875 0.586910240625 0.5715652062500001 0.6031484390624999 0.5759403765625 0.6132603328124999 0.590063471875 0.5974650640625
2 0.5761945515625 0.5137113046875 0.5645474859374999 0.49990884375 0.56157861875 0.5100577187499999 0.57185544375 0.52507805625 0.5761945515625 0.5137113046875
4 0.58046875 0.51484375 0.00546875 0.0140625
4 0.58515625 0.51328125 0.00703125 0.01171875
4 0.59296875 0.4984375 0.009375 0.0109375
0 0.53125 0.63359375 0.01171875 0.01796875
0 0.47578125 0.6375 0.01640625 0.01796875
0 0.49609375 0.6515625 0.01328125 0.021875
5 0.2546875 0.390625 0.0390625 0.053125
3 0.34453125 0.55234375 0.03125 0.03515625
2 0.440625 0.56875 0.02421875 0.0296875
1 0.5765625 0.56328125 0.04609375 0.08359375
1 0.6203125 0.49453125 0.04453125 0.0796875
3 0.53828125 0.478125 0.02578125 0.0296875
2 0.515625 0.4359375 0.0203125 0.02578125
2 0.475 0.4265625 0.02890625 0.03203125
2 0.51171875 0.578125 0.01875 0.025
2 0.48828125 0.58125 0.021875 0.02890625
2 0.6875 0.590625 0.02421875 0.040625
2 0.70546875 0.61171875 0.01953125 0.03984375
1 0.628125 0.6734375 0.0484375 0.0546875
0 0.82890625 0.771875 0.0203125 0.02109375
3 0.6625 0.76640625 0.034375 0.04140625
3 0.696875 0.775 0.02890625 0.03828125
0 0.85078125 0.940625 0.01796875 0.025
0 0.77890625 0.7140625 0.015625 0.021875
0 0.54609375 0.43125 0.00703125 0.02890625
0 0.5234375 0.41640625 0.0109375 0.01953125
0 0.50546875 0.40390625 0.0140625 0.0203125
3 0.615625 0.31953125 0.01640625 0.03359375
2 0.27421875 0.5265625 0.025 0.0265625
0 0.378125 0.56796875 0.0140625 0.0234375
0 0.40234375 0.55390625 0.0203125 0.02421875