2 0.453125 0.41015625 0.01875 0.01484375
2 0.43125 0.428125 0.01640625 0.0140625
2 0.4515625 0.42578125 0.01796875 0.01484375
2 0.46328125 0.4390625 0.01796875 0.01640625
2 0.45546875 0.46171875 0.01796875 0.015625
2 0.44296875 0.446875 0.01875 0.0140625
2 0.4203125 0.44453125 0.01640625 0.01328125
2 0.421875 0.465625 0.01796875 0.01484375
2 0.40390625 0.43359375 0.01484375 0.01640625
2 0.39375 0.42265625 0.01640625 0.01796875
2 0.36328125 0.44296875 0.015625 0.01640625
2 0.39921875 0.46796875 0.01953125 0.01171875
2 0.346875 0.43203125 0.02109375 0.01640625
2 0.3015625 0.4515625 0.01484375 0.0140625
2 0.2640625 0.43046875 0.01796875 0.01953125
2 0.23828125 0.45625 0.01796875 0.01484375
2 0.228125 0.47421875 0.01640625 0.01484375
2 0.184375 0.43046875 0.01796875 0.0203125
2 0.12109375 0.459375 0.02109375 0.0140625
2 0.1203125 0.47734375 0.01640625 0.01328125
0 0.140625 0.4484375 0.01328125 0.01328125
0 0.1578125 0.41484375 0.01328125 0.0140625
0 0.16953125 0.459375 0.0140625 0.0140625
2 0.35390625 0.4703125 0.01640625 0.015625
4 0.2796875 0.46015625 0.009375 0.00859375
4 0.26328125 0.446875 0.009375 0.009375
4 0.21953125 0.44765625 0.00859375 0.01015625
4 0.18046875 0.45078125 0.01015625 0.00859375
4 0.1640625 0.44609375 0.01171875 0.00703125
4 0.1375 0.43515625 0.01015625 0.00703125
4 0.08046875 0.4484375 0.01015625 0.01015625
4 0.05859375 0.465625 0.0109375 0.00625
1 0.71015625 0.39921875 0.0515625 0.0359375
0 0.63515625 0.80078125 0.00859375 0.02421875
0 0.640625 0.746875 0.01328125 0.0203125
0 0.64375 0.684375 0.00859375 0.02109375
0 0.5703125 0.70546875 0.00859375 0.021875
0 0.6390625 0.48125 0.01015625 0.02109375
0 0.71640625 0.55703125 0.0109375 0.01171875
0 0.56953125 0.3765625 0.01328125 0.01640625
0 0.53671875 0.3875 0.0140625 0.0140625
0 0.490625 0.3984375 0.01171875 0.0140625
0 0.478125 0.44609375 0.01015625 0.0109375
0 0.503125 0.43671875 0.01328125 0.01484375
2 0.496875 0.565625 0.01796875 0.015625
2 0.44296875 0.54765625 0.01640625 0.01640625
2 0.47265625 0.4109375 0.01640625 0.0140625
2 0.50078125 0.415625 0.0203125 0.0140625
2 0.48125 0.42578125 0.01796875 0.0140625
2 0.55078125 0.55625 0.01640625 0.01640625
2 0.58359375 0.53046875 0.021875 0.02109375
2 0.61171875 0.534375 0.01875 0.015625
2 0.671875 0.52265625 0.01796875 0.01640625
2 0.63984375 0.63125 0.015625 0.02890625
2 0.59375 0.6671875 0.01171875 0.034375
2 0.58046875 0.68359375 0.01015625 0.034375
2 0.6171875 0.959375 0.00859375 0.03671875
4 0.57421875 0.92578125 0.00546875 0.01875
4 0.56484375 0.84609375 0.00546875 0.01953125
4 0.5796875 0.64609375 0.00546875 0.01796875
4 0.58671875 0.6484375 0.00390625 0.01640625
4 0.5859375 0.55703125 0.009375 0.0109375
4 0.63671875 0.56953125 0.01015625 0.0109375
4 0.55703125 0.57109375 0.01171875 0.01171875
4 0.53203125 0.57890625 0.01171875 0.0109375
4 0.54140625 0.540625 0.009375 0.009375
4 0.48515625 0.54140625 0.01171875 0.0109375
4 0.45078125 0.56640625 0.009375 0.00859375
4 0.41953125 0.575 0.009375 0.01015625
4 0.4265625 0.56171875 0.0109375 0.0109375
4 0.40703125 0.56640625 0.00859375 0.00703125
4 0.4015625 0.559375 0.01015625 0.009375
4 0.39140625 0.56640625 0.01015625 0.01015625
4 0.3921875 0.5890625 0.009375 0.01015625
4 0.3765625 0.59296875 0.009375 0.00703125
4 0.31953125 0.584375 0.009375 0.009375
4 0.28828125 0.56796875 0.009375 0.00703125
4 0.26015625 0.58125 0.01015625 0.009375
0 0.37421875 0.55859375 0.01171875 0.0140625
0 0.38671875 0.57890625 0.01328125 0.01015625
4 0.39375 0.45859375 0.009375 0.009375
4 0.38984375 0.44296875 0.00859375 0.00703125
4 0.390625 0.44921875 0.009375 0.00625
4 0.4390625 0.46640625 0.009375 0.00703125
0 0.471875 0.45859375 0.01171875 0.01171875
0 0.484375 0.4578125 0.0109375 0.01015625
0 0.7671875 0.5609375 0.01328125 0.01171875
0 0.803125 0.56640625 0.01171875 0.01015625
0 0.80546875 0.553125 0.015625 0.01171875
0 0.753125 0.53125 0.0140625 0.01328125
4 0.75546875 0.503125 0.01015625 0.009375
4 0.71640625 0.5375 0.00859375 0.009375
4 0.73671875 0.5484375 0.00859375 0.009375
4 0.7421875 0.5375 0.01015625 0.00703125
4 0.74921875 0.56015625 0.009375 0.00859375
4 0.78359375 0.534375 0.01171875 0.01015625
4 0.86328125 0.50390625 0.01015625 0.00859375
4 0.8640625 0.5125 0.01171875 0.00859375
4 0.87578125 0.50078125 0.01015625 0.00859375
4 0.8859375 0.5203125 0.01015625 0.00703125
4 0.90078125 0.4953125 0.01328125 0.00625
0 0.8765625 0.5140625 0.0140625 0.01171875
1 0.91953125 0.47890625 0.0546875 0.02421875
4 0.81328125 0.36328125 0.01015625 0.0109375
4 0.8171875 0.38359375 0.009375 0.0109375
4 0.8234375 0.375 0.0109375 0.01015625
4 0.84609375 0.35859375 0.0109375 0.01015625
4 0.8625 0.365625 0.01015625 0.01015625
4 0.87578125 0.38046875 0.0109375 0.00859375
4 0.896875 0.3921875 0.0109375 0.0109375
0 0.76953125 0.39140625 0.01328125 0.015625
2 0.23125 0.56640625 0.01484375 0.0140625
2 0.20078125 0.315625 0.009375 0.03046875
4 0.18125 0.58828125 0.009375 0.00703125
4 0.2265625 0.58359375 0.00859375 0.00859375
4 0.096875 0.5671875 0.00703125 0.009375
4 0.18984375 0.3921875 0.00625 0.01171875
4 0.17890625 0.40703125 0.00859375 0.00859375
4 0.0375 0.43359375 0.009375 0.00859375
4 0.053125 0.43125 0.009375 0.00703125
4 0.0203125 0.43671875 0.01015625 0.00625
0 0.1984375 0.36171875 0.00703125 0.01796875
0 0.24453125 0.30390625 0.00703125 0.01484375
2 0.51015625 0.5453125 0.01796875 0.0140625
2 0.96328125 0.49296875 0.0203125 0.01640625
2 0.97890625 0.50703125 0.01796875 0.01875
2 0.953125 0.515625 0.01953125 0.015625
2 0.93125 0.521875 0.01640625 0.015625
2 0.90703125 0.52421875 0.01875 0.015625
2 0.8796875 0.4859375 0.01953125 0.01328125
2 0.8390625 0.49453125 0.015625 0.01328125
2 0.8421875 0.5109375 0.021875 0.015625
2 0.85390625 0.54140625 0.01484375 0.01328125
2 0.8734375 0.53125 0.01875 0.01484375
2 0.77109375 0.515625 0.01875 0.01640625
2 0.80703125 0.49921875 0.0203125 0.0140625
2 0.79375 0.52109375 0.01875 0.0140625
2 0.78203125 0.55546875 0.01640625 0.0140625
2 0.76328125 0.54140625 0.01953125 0.0140625
2 0.82578125 0.54375 0.01875 0.0140625
2 0.73203125 0.50859375 0.01875 0.015625
2 0.734375 0.5265625 0.01796875 0.01640625
2 0.73125 0.571875 0.01953125 0.01328125
2 0.7015625 0.571875 0.01640625 0.01796875
2 0.7859375 0.33203125 0.00859375 0.028125
2 0.83203125 0.3390625 0.01953125 0.01796875
2 0.50546875 0.44921875 0.01796875 0.0140625
4 0.48125 0.43828125 0.009375 0.00546875
4 0.48984375 0.4375 0.00859375 0.0046875
4 0.49296875 0.44375 0.00859375 0.00703125
4 0.4984375 0.4625 0.009375 0.00625
4 0.49609375 0.38125 0.009375 0.00703125
4 0.48046875 0.3828125 0.01015625 0.00625
4 0.45625 0.39453125 0.009375 0.009375
4 0.4734375 0.39296875 0.009375 0.009375
4 0.48046875 0.39921875 0.009375 0.00625
4 0.5015625 0.39296875 0.00703125 0.00859375
4 0.50703125 0.39375 0.00859375 0.00625
4 0.50625 0.403125 0.009375 0.00625
4 0.51875 0.57109375 0.0109375 0.00859375
4 0.50078125 0.57578125 0.01015625 0.00625
4 0.50390625 0.59375 0.00859375 0.00703125
4 0.4625 0.57890625 0.009375 0.00859375
4 0.528125 0.553125 0.00859375 0.00859375
4 0.646875 0.496875 0.00859375 0.01015625
4 0.6515625 0.509375 0.01171875 0.01015625
4 0.68671875 0.5484375 0.00703125 0.009375
4 0.67421875 0.5890625 0.00859375 0.009375
4 0.659375 0.60234375 0.00546875 0.009375
4 0.66171875 0.61171875 0.00859375 0.0109375
4 0.7078125 0.55234375 0.00859375 0.009375
4 0.7265625 0.559375 0.00859375 0.01015625
4 0.7359375 0.56015625 0.00859375 0.00703125
4 0.75 0.571875 0.00859375 0.009375
4 0.76171875 0.5703125 0.00703125 0.00703125
4 0.77265625 0.57109375 0.00859375 0.00546875
4 0.79140625 0.5671875 0.00859375 0.00625
4 0.8140625 0.56015625 0.009375 0.00703125
0 0.8734375 0.559375 0.01328125 0.01328125
0 0.9046875 0.5546875 0.015625 0.015625
3 0.634375 0.5484375 0.02109375 0.01953125
3 0.69921875 0.5328125 0.021875 0.01484375
3 0.5640625 0.93984375 0.01015625 0.03046875