2 0.36171875 0.2890625 0.01796875 0.01484375
2 0.52734375 0.32734375 0.00703125 0.025
2 0.53828125 0.32578125 0.00625 0.0265625
2 0.57890625 0.315625 0.00859375 0.02421875
2 0.5875 0.31640625 0.00703125 0.02109375
4 0.6046875 0.29921875 0.003125 0.0140625
4 0.60078125 0.29921875 0.003125 0.02109375
4 0.58984375 0.2953125 0.003125 0.01328125
4 0.603125 0.23828125 0.003125 0.015625
4 0.59921875 0.23828125 0.0015625 0.01484375
4 0.5953125 0.23984375 0.003125 0.01484375
4 0.58828125 0.2375 0.003125 0.0140625
4 0.58515625 0.23828125 0.003125 0.01484375
4 0.56875 0.278125 0.003125 0.01484375
4 0.5671875 0.29375 0.003125 0.01171875
4 0.56328125 0.29140625 0.003125 0.0140625
4 0.559375 0.29296875 0.003125 0.0140625
4 0.56640625 0.2265625 0.0015625 0.0140625
4 0.54921875 0.2765625 0.0015625 0.01484375
4 0.54609375 0.2765625 0.003125 0.01640625
2 0.5125 0.26796875 0.009375 0.025
4 0.603125 0.39921875 0.00703125 0.00859375
5 0.68359375 0.38203125 0.040625 0.01875
5 0.740625 0.38046875 0.04375 0.01640625
0 0.82578125 0.38359375 0.01015625 0.0109375
2 0.87109375 0.40390625 0.015625 0.01484375
4 0.996875 0.23125 0.00546875 0.00859375
2 0.00546875 0.54375 0.0109375 0.01328125
2 0.134375 0.53828125 0.01484375 0.0109375
4 0.11953125 0.5734375 0.00625 0.00546875
4 0.1765625 0.4703125 0.00703125 0.00546875
4 0.1359375 0.6 0.00703125 0.00546875
0 0.246875 0.571875 0.009375 0.00859375
2 0.29375 0.55 0.01484375 0.01171875
4 0.33671875 0.58984375 0.009375 0.00546875
4 0.3765625 0.475 0.00859375 0.00859375
4 0.440625 0.58515625 0.00625 0.01171875
5 0.48359375 0.478125 0.03984375 0.01640625
5 0.65625 0.45390625 0.0390625 0.01640625
4 0.64453125 0.5546875 0.00859375 0.00625
4 0.58828125 0.58359375 0.00859375 0.00703125
4 0.65625 0.59453125 0.00703125 0.00703125
4 0.70703125 0.58046875 0.00859375 0.00703125
3 0.7625 0.46796875 0.02578125 0.01484375
3 0.790625 0.48984375 0.01796875 0.01171875
2 0.84140625 0.51953125 0.0140625 0.01171875
5 0.91484375 0.5546875 0.06796875 0.02421875
2 0.9640625 0.7984375 0.01015625 0.01171875
2 0.98046875 0.90078125 0.00859375 0.02109375
2 0.971875 0.9078125 0.00703125 0.0265625
2 0.98828125 0.871875 0.009375 0.028125
6 0.91015625 0.63828125 0.03828125 0.01875
4 0.88671875 0.6265625 0.00546875 0.00703125
4 0.859375 0.63203125 0.00546875 0.009375
0 0.84453125 0.60078125 0.01015625 0.009375
4 0.8265625 0.59375 0.00625 0.00625
0 0.84609375 0.64609375 0.01015625 0.009375
0 0.7796875 0.66875 0.01640625 0.0140625
2 0.74140625 0.65234375 0.00703125 0.0203125
2 0.70078125 0.66953125 0.00546875 0.0234375
2 0.70234375 0.64609375 0.00859375 0.0203125
2 0.68828125 0.63359375 0.00546875 0.021875
3 0.70390625 0.6203125 0.00703125 0.01953125
0 0.64375 0.609375 0.00859375 0.00859375
2 0.5984375 0.6234375 0.0109375 0.01015625
0 0.5625 0.6078125 0.009375 0.00859375
6 0.515625 0.621875 0.0265625 0.01796875
3 0.51171875 0.603125 0.01484375 0.01171875
5 0.30078125 0.6359375 0.0296875 0.01640625
5 0.16875 0.64375 0.03359375 0.01796875
5 0.14453125 0.678125 0.03359375 0.0203125
5 0.090625 0.7328125 0.0140625 0.05078125
5 0.06171875 0.746875 0.01171875 0.0484375
5 0.0578125 0.93203125 0.01015625 0.04375
2 0.03125 0.828125 0.00859375 0.01953125
4 0.05859375 0.6203125 0.00625 0.00859375
3 0.7390625 0.8984375 0.00703125 0.02890625
3 0.78046875 0.85390625 0.0203125 0.01484375