4 0.959375 0.509375 0.01640625 0.01640625
4 0.71640625 0.546875 0.01171875 0.01796875
4 0.62109375 0.5484375 0.0140625 0.0203125
4 0.56640625 0.52734375 0.01484375 0.01640625
4 0.52421875 0.553125 0.01484375 0.01484375
4 0.2625 0.5515625 0.0140625 0.01171875
4 0.10390625 0.58359375 0.0109375 0.01484375
4 0.00703125 0.275 0.009375 0.02421875
4 0.03359375 0.284375 0.00625 0.0234375
4 0.0421875 0.2890625 0.00859375 0.021875
4 0.01953125 0.0109375 0.00859375 0.02109375
4 0.01015625 0.0078125 0.01015625 0.015625
2 0.0140625 0.046875 0.01875 0.04921875
2 0.0671875 0.05 0.01484375 0.0484375
2 0.078125 0.08203125 0.0109375 0.040625
2 0.0609375 0.096875 0.01484375 0.0390625
2 0.04453125 0.13984375 0.01875 0.046875
2 0.05703125 0.1578125 0.01328125 0.04609375
2 0.03046875 0.1890625 0.01875 0.04375
2 0.04453125 0.2015625 0.01640625 0.046875
2 0.01953125 0.23828125 0.01796875 0.04453125
2 0.03515625 0.24296875 0.0140625 0.04453125
2 0.0046875 0.3078125 0.009375 0.04140625
2 0.1515625 0.2609375 0.025 0.0390625
2 0.25625 0.5296875 0.03515625 0.02578125
2 0.496875 0.36796875 0.03125 0.0265625
2 0.765625 0.171875 0.03125 0.03046875
2 0.775 0.25390625 0.02890625 0.0359375
6 0.465625 0.5890625 0.040625 0.0359375
6 0.06953125 0.33125 0.0296875 0.07421875
3 0.1234375 0.51953125 0.03046875 0.02109375
0 0.121875 0.46796875 0.02109375 0.01796875
4 0.15625 0.4234375 0.0140625 0.0140625
0 0.08203125 0.0421875 0.01640625 0.03828125
0 0.02421875 0.28203125 0.01015625 0.03046875
0 0.19296875 0.378125 0.02421875 0.0234375
0 0.46171875 0.40078125 0.02890625 0.01875
2 0.97890625 0.3359375 0.02890625 0.0265625