2 0.340625 0.2890625 0.015625 0.0109375
2 0.4015625 0.25390625 0.00859375 0.01640625
2 0.39140625 0.21875 0.0140625 0.01484375
2 0.50546875 0.328125 0.00546875 0.0265625
2 0.51640625 0.3265625 0.00703125 0.025
2 0.55625 0.31875 0.00859375 0.025
2 0.565625 0.31953125 0.00703125 0.0234375
4 0.58203125 0.303125 0.003125 0.01171875
4 0.578125 0.30625 0.003125 0.01171875
4 0.57421875 0.29609375 0.003125 0.00859375
4 0.5703125 0.290625 0.0015625 0.01171875
4 0.56640625 0.28359375 0.003125 0.01171875
4 0.5671875 0.2984375 0.003125 0.0140625
4 0.5453125 0.29453125 0.003125 0.01484375
4 0.54609375 0.28046875 0.0015625 0.01171875
4 0.54140625 0.29296875 0.003125 0.0140625
4 0.53671875 0.2953125 0.003125 0.01171875
4 0.528125 0.27890625 0.003125 0.01484375
4 0.52421875 0.27890625 0.003125 0.0140625
4 0.5171875 0.278125 0.003125 0.01171875
4 0.40859375 0.27109375 0.003125 0.01171875
4 0.4328125 0.20546875 0.0046875 0.01015625
4 0.5296875 0.22890625 0.0015625 0.009375
4 0.53203125 0.23046875 0.003125 0.01015625
4 0.540625 0.2296875 0.003125 0.009375
4 0.54453125 0.22890625 0.0015625 0.01328125
4 0.5640625 0.24140625 0.003125 0.01328125
4 0.56640625 0.240625 0.003125 0.0140625
4 0.5734375 0.24375 0.003125 0.01328125
4 0.57734375 0.24140625 0.003125 0.0109375
4 0.58046875 0.24140625 0.003125 0.0140625
5 0.66015625 0.384375 0.03828125 0.01875
5 0.715625 0.384375 0.04375 0.015625
2 0.7234375 0.44296875 0.01484375 0.0109375
6 0.73046875 0.475 0.03515625 0.0140625
4 0.83046875 0.3640625 0.0046875 0.00703125
4 0.89453125 0.40546875 0.00546875 0.009375
4 0.965625 0.240625 0.0046875 0.01015625
3 0.99140625 0.29609375 0.00703125 0.025
0 0.86328125 0.3890625 0.01171875 0.009375
4 0.21328125 0.40625 0.00703125 0.009375
2 0.0546875 0.51015625 0.01875 0.0109375
2 0.003125 0.8296875 0.00546875 0.025
5 0.03359375 0.7484375 0.0109375 0.04921875
5 0.02890625 0.9359375 0.0109375 0.04453125
5 0.11953125 0.678125 0.0359375 0.0203125
5 0.14375 0.64296875 0.03359375 0.015625
6 0.09375 0.490625 0.03984375 0.015625
3 0.14609375 0.55859375 0.01328125 0.01171875
6 0.2671875 0.48359375 0.0359375 0.015625
5 0.278125 0.63515625 0.03125 0.01640625
2 0.34453125 0.50078125 0.0140625 0.0109375
2 0.575 0.62421875 0.0140625 0.009375
2 0.5984375 0.56640625 0.01171875 0.01015625
6 0.56171875 0.4953125 0.0265625 0.01640625
6 0.51640625 0.47578125 0.02890625 0.01796875
6 0.66328125 0.52578125 0.02890625 0.01328125
6 0.67578125 0.578125 0.028125 0.01953125
6 0.72421875 0.53828125 0.02890625 0.01640625
6 0.71953125 0.60546875 0.025 0.01484375
3 0.64609375 0.4515625 0.01953125 0.0109375
3 0.746875 0.59921875 0.01875 0.01328125
3 0.68125 0.62109375 0.00859375 0.02109375
3 0.71328125 0.89609375 0.00859375 0.0296875
3 0.75390625 0.85234375 0.01875 0.0140625
4 0.61953125 0.55078125 0.00703125 0.00859375
4 0.784375 0.58203125 0.00546875 0.00859375
2 0.6640625 0.634375 0.00703125 0.0203125
2 0.671875 0.63359375 0.00625 0.025
2 0.6765625 0.66796875 0.00703125 0.02578125
2 0.7171875 0.6546875 0.00859375 0.021875
0 0.753125 0.66796875 0.015625 0.0140625
0 0.79140625 0.6046875 0.01015625 0.0140625
0 0.81640625 0.603125 0.01015625 0.0109375
0 0.81875 0.64609375 0.0109375 0.01171875
4 0.82421875 0.56953125 0.00859375 0.00703125
4 0.7859375 0.6234375 0.009375 0.00546875
3 0.84296875 0.58671875 0.01484375 0.01484375
2 0.85703125 0.60703125 0.01796875 0.01640625
2 0.87578125 0.58359375 0.015625 0.015625
6 0.88125 0.63828125 0.03828125 0.01796875
6 0.9921875 0.490625 0.015625 0.01875
5 0.9609375 0.5609375 0.06875 0.021875
2 0.93203125 0.796875 0.009375 0.0109375
2 0.93203125 0.81171875 0.01171875 0.0140625
2 0.9828125 0.8109375 0.01328125 0.02421875
2 0.97265625 0.859375 0.0109375 0.01796875
2 0.95546875 0.86953125 0.00703125 0.02578125
2 0.996875 0.91015625 0.00625 0.0203125
2 0.96875 0.91875 0.00703125 0.02421875
2 0.94140625 0.90390625 0.00859375 0.025
2 0.94921875 0.896875 0.00703125 0.0203125