2 0.615625 0.4546875 0.01328125 0.0109375
2 0.34375 0.28359375 0.01796875 0.0140625
2 0.40390625 0.25 0.01171875 0.02109375
2 0.39453125 0.2140625 0.01640625 0.01875
2 0.50859375 0.32421875 0.00859375 0.02890625
2 0.51953125 0.32421875 0.00859375 0.0296875
2 0.56015625 0.31484375 0.00703125 0.025
2 0.56953125 0.31640625 0.00859375 0.02421875
2 0.959375 0.8703125 0.0109375 0.02578125
2 0.94375 0.90546875 0.00859375 0.02890625
2 0.71875 0.6515625 0.00859375 0.0234375
6 0.88359375 0.63828125 0.03984375 0.0203125
5 0.71796875 0.38203125 0.04609375 0.01953125
6 0.6640625 0.384375 0.04140625 0.01953125
6 0.27890625 0.63046875 0.03046875 0.01953125
6 0.146875 0.63671875 0.0390625 0.01953125
6 0.12265625 0.671875 0.0390625 0.02421875
4 0.54921875 0.2765625 0.0046875 0.0140625
3 0.75625 0.8515625 0.021875 0.01796875
3 0.7140625 0.89453125 0.009375 0.03515625
4 0.52734375 0.2765625 0.003125 0.0140625
4 0.54375 0.28984375 0.003125 0.01484375
4 0.56953125 0.28046875 0.0046875 0.01484375
4 0.58515625 0.2984375 0.00390625 0.01484375
4 0.56953125 0.2390625 0.003125 0.01484375
4 0.53515625 0.225 0.003125 0.01015625
4 0.54296875 0.22578125 0.0046875 0.01171875
4 0.58359375 0.240625 0.003125 0.01328125
4 0.51953125 0.2765625 0.00390625 0.01328125
4 0.41640625 0.26953125 0.00390625 0.01328125
4 0.5765625 0.240625 0.003125 0.01328125
4 0.5328125 0.2765625 0.003125 0.0140625
4 0.53984375 0.29140625 0.003125 0.01171875
4 0.5484375 0.29296875 0.003125 0.01171875
0 0.8203125 0.64375 0.01484375 0.01484375
2 0.68046875 0.6453125 0.00546875 0.0234375
2 0.6734375 0.6296875 0.00625 0.025
2 0.66640625 0.63125 0.00703125 0.021875
2 0.6734375 0.65546875 0.00625 0.01953125
2 0.890625 0.584375 0.01640625 0.015625
0 0.8203125 0.60234375 0.01171875 0.00859375
2 0.13046875 0.528125 0.0140625 0.01328125
2 0.97109375 0.92109375 0.00703125 0.0234375
6 0.7453125 0.4015625 0.0234375 0.01484375
2 0.97421875 0.86015625 0.01328125 0.02421875
6 0.51015625 0.521875 0.04140625 0.01640625
0 0.7015625 0.4484375 0.00859375 0.0109375
5 0.96484375 0.56171875 0.0703125 0.0234375
2 0.9859375 0.81171875 0.01484375 0.03046875
0 0.79375 0.60390625 0.01171875 0.01328125
6 0.721875 0.60390625 0.02578125 0.01640625
3 0.75078125 0.59921875 0.0203125 0.01328125
2 0.60078125 0.5640625 0.01328125 0.01171875
5 0.78828125 0.4890625 0.04375 0.01953125
2 0.39609375 0.47421875 0.01484375 0.01484375
6 0.9234375 0.40703125 0.03046875 0.01640625
5 0.19453125 0.50078125 0.0453125 0.01953125
6 0.19921875 0.45859375 0.034375 0.01640625
6 0.015625 0.55390625 0.02578125 0.01796875
6 0.090625 0.55 0.03828125 0.01796875
6 0.23125 0.478125 0.03515625 0.01640625
4 0.62421875 0.40390625 0.00703125 0.009375
4 0.65625 0.59921875 0.00859375 0.00859375
6 0.54296875 0.590625 0.03515625 0.01484375
2 0.578125 0.62109375 0.01171875 0.01171875
3 0.4421875 0.521875 0.0140625 0.0109375
3 0.4515625 0.5453125 0.02109375 0.01640625
5 0.75859375 0.53671875 0.04375 0.01953125
2 0.7671875 0.57890625 0.01484375 0.0140625
4 0.77109375 0.559375 0.00703125 0.01171875
2 0.840625 0.58671875 0.01484375 0.01875
6 0.909375 0.5390625 0.03984375 0.01875
6 0.80625 0.51640625 0.0265625 0.01796875
6 0.78359375 0.43359375 0.0359375 0.025
6 0.86875 0.41171875 0.03125 0.01875
6 0.98359375 0.40625 0.03125 0.01640625
2 0.94375 0.3875 0.01328125 0.01484375
0 0.971875 0.38203125 0.01015625 0.009375
4 0.45546875 0.56171875 0.00859375 0.00703125
2 0.9921875 0.88125 0.01171875 0.0265625
6 0.93046875 0.51796875 0.03046875 0.01953125
2 0.9625 0.534375 0.01796875 0.0140625
4 0.7859375 0.56875 0.00625 0.01015625
3 0.21171875 0.56484375 0.0140625 0.0140625
3 0.21796875 0.53828125 0.01640625 0.01171875
2 0.1765625 0.5265625 0.01328125 0.0140625
2 0.14296875 0.546875 0.015625 0.0140625
4 0.12578125 0.55703125 0.00546875 0.0109375
3 0.1015625 0.56640625 0.01171875 0.0109375
5 0.06953125 0.53046875 0.05546875 0.01640625
4 0.14296875 0.61640625 0.009375 0.00703125
4 0.2828125 0.609375 0.00859375 0.0109375
2 0.13203125 0.48671875 0.01875 0.01484375
6 0.10546875 0.503125 0.034375 0.015625
4 0.07578125 0.46328125 0.00703125 0.00703125
4 0.1296875 0.47421875 0.00859375 0.00859375
2 0.934375 0.49140625 0.0140625 0.01484375
2 0.9234375 0.46015625 0.01484375 0.01328125
6 0.98359375 0.471875 0.03203125 0.01875