2 0.365625 0.28984375 0.01640625 0.0140625
2 0.51484375 0.26796875 0.00859375 0.025
2 0.5296875 0.3265625 0.00546875 0.028125
2 0.540625 0.325 0.00703125 0.02578125
2 0.58125 0.315625 0.00859375 0.021875
2 0.58984375 0.315625 0.00703125 0.02109375
4 0.60703125 0.3 0.003125 0.0140625
4 0.6015625 0.3015625 0.00390625 0.01640625
4 0.5984375 0.29296875 0.0015625 0.01171875
4 0.59453125 0.28828125 0.003125 0.015625
4 0.59140625 0.29609375 0.003125 0.01328125
4 0.59140625 0.28046875 0.00390625 0.01484375
4 0.5703125 0.27890625 0.0015625 0.0140625
4 0.565625 0.290625 0.003125 0.01484375
4 0.5609375 0.29375 0.00390625 0.0140625
4 0.5484375 0.2765625 0.003125 0.0140625
4 0.5515625 0.27734375 0.003125 0.0140625
4 0.540625 0.2765625 0.00390625 0.0140625
4 0.590625 0.2390625 0.003125 0.0140625
4 0.58671875 0.23828125 0.003125 0.01484375
4 0.596875 0.23984375 0.003125 0.01484375
4 0.6015625 0.23828125 0.003125 0.01484375
4 0.6046875 0.23828125 0.003125 0.01484375
4 0.56875 0.22734375 0.003125 0.01171875
4 0.6953125 0.39609375 0.00546875 0.00546875
4 0.95078125 0.60859375 0.00859375 0.00703125
4 0.91875 0.6046875 0.00625 0.00859375
4 0.88359375 0.63671875 0.00703125 0.0046875
4 0.815625 0.565625 0.00546875 0.00546875
4 0.79609375 0.58359375 0.00625 0.00703125
4 0.621875 0.5796875 0.00859375 0.00546875
4 0.5078125 0.58671875 0.009375 0.00703125
4 0.31484375 0.56640625 0.00546875 0.00546875
4 0.296875 0.58984375 0.00625 0.00625
4 0.16171875 0.61640625 0.00625 0.00546875
4 0.15859375 0.6 0.009375 0.00859375
4 0.06328125 0.61796875 0.00625 0.00625
2 0.034375 0.8265625 0.009375 0.0203125
4 0.12109375 0.48203125 0.00625 0.00703125
2 0.37421875 0.5359375 0.01484375 0.01328125
2 0.43203125 0.528125 0.0140625 0.01171875
2 0.65078125 0.5390625 0.01484375 0.01171875
2 0.965625 0.79921875 0.0109375 0.01171875
2 0.965625 0.8140625 0.01171875 0.01484375
2 0.990625 0.8734375 0.009375 0.028125
2 0.9828125 0.9 0.00703125 0.0234375
2 0.97421875 0.90703125 0.00703125 0.02578125
2 0.74375 0.653125 0.00703125 0.02421875
2 0.690625 0.63359375 0.00546875 0.025
2 0.69765625 0.63125 0.00859375 0.021875
2 0.69765625 0.65390625 0.00859375 0.02109375
2 0.6 0.6234375 0.01171875 0.01171875
5 0.06171875 0.9296875 0.01015625 0.04453125
5 0.06484375 0.7453125 0.0109375 0.0484375
5 0.09375 0.73125 0.01328125 0.053125
5 0.146875 0.67734375 0.03359375 0.02109375
5 0.171875 0.6421875 0.0359375 0.01640625
5 0.30390625 0.63515625 0.0296875 0.0140625
5 0.96875 0.55703125 0.06171875 0.0203125
5 0.74140625 0.38125 0.0453125 0.01640625
5 0.68515625 0.38203125 0.040625 0.01640625
5 0.42578125 0.46171875 0.040625 0.01640625
5 0.290625 0.484375 0.04375 0.01875
3 0.4671875 0.5 0.015625 0.0109375
2 0.70703125 0.4484375 0.01484375 0.0140625
0 0.846875 0.603125 0.01171875 0.0109375
0 0.84765625 0.64609375 0.01171875 0.009375
0 0.78046875 0.66875 0.01640625 0.01796875
3 0.70703125 0.621875 0.00703125 0.0234375
0 0.61640625 0.60234375 0.009375 0.00859375
0 0.646875 0.60859375 0.01015625 0.00859375
3 0.58203125 0.60703125 0.01484375 0.0140625
6 0.5171875 0.6203125 0.02578125 0.01875
0 0.39140625 0.56796875 0.01015625 0.01015625
6 0.57578125 0.47421875 0.025 0.01640625
0 0.73984375 0.43515625 0.009375 0.00859375
6 0.91171875 0.63828125 0.03828125 0.0203125
3 0.740625 0.896875 0.00859375 0.03125
3 0.78203125 0.8546875 0.01953125 0.01484375