3 0.00703125 0.51328125 0.0140625 0.01171875
3 0.11328125 0.55859375 0.021875 0.01875
5 0.11171875 0.6828125 0.04375 0.02578125
5 0.1359375 0.646875 0.03671875 0.0203125
4 0.19296875 0.61953125 0.0109375 0.0140625
5 0.27109375 0.64140625 0.0359375 0.02890625
6 0.36953125 0.56796875 0.0359375 0.01953125
2 0.21875 0.5015625 0.0140625 0.0140625
4 0.2375 0.46484375 0.01015625 0.009375
2 0.4140625 0.4625 0.01484375 0.01328125
2 0.45859375 0.4953125 0.01953125 0.01796875
2 0.48515625 0.55859375 0.01953125 0.01484375
6 0.49609375 0.52890625 0.01640625 0.01640625
2 0.6203125 0.53125 0.01640625 0.0203125
6 0.48671875 0.62578125 0.0296875 0.02109375
3 0.56953125 0.6265625 0.01171875 0.01328125
0 0.7140625 0.5828125 0.01171875 0.01328125
0 0.75234375 0.60390625 0.01015625 0.01875
4 0.77421875 0.5859375 0.00859375 0.0109375
0 0.8125 0.60859375 0.01015625 0.0109375
5 0.8296875 0.59296875 0.021875 0.059375
4 0.8515625 0.58828125 0.00625 0.01015625
4 0.85078125 0.621875 0.00703125 0.00546875
0 0.86953125 0.61328125 0.009375 0.01171875
4 0.8765625 0.584375 0.00703125 0.00703125
3 0.90703125 0.596875 0.01875 0.01875
5 0.87578125 0.64296875 0.03984375 0.02421875
2 0.765625 0.43515625 0.01484375 0.01796875
3 0.8140625 0.43203125 0.01640625 0.01640625
3 0.8234375 0.39609375 0.01953125 0.02109375
5 0.7125 0.39140625 0.05078125 0.034375
1 0.65390625 0.3890625 0.03984375 0.01875
4 0.66953125 0.40703125 0.00703125 0.00625