4 0.9203125 0.36796875 0.01015625 0.009375
4 0.79921875 0.51640625 0.01171875 0.009375
4 0.65546875 0.3890625 0.0109375 0.01171875
4 0.446875 0.4015625 0.009375 0.01015625
4 0.35703125 0.5703125 0.01171875 0.01171875
4 0.15546875 0.4578125 0.01328125 0.01015625
4 0.25703125 0.371875 0.01328125 0.01171875
4 0.08125 0.57890625 0.01171875 0.00859375
4 0.0265625 0.5671875 0.0140625 0.009375
4 0.03125 0.575 0.01171875 0.00703125
4 0.0390625 0.58515625 0.01171875 0.00625
4 0.0515625 0.12109375 0.00546875 0.01640625
4 0.01640625 0.01796875 0.009375 0.01875
4 0.00703125 0.0109375 0.00625 0.0203125
2 0.0109375 0.0515625 0.01796875 0.04453125
2 0.1484375 0.26875 0.02109375 0.0359375
2 0.034375 0.5390625 0.02578125 0.01953125
2 0.06015625 0.51953125 0.025 0.01953125
2 0.0609375 0.5390625 0.02109375 0.01796875
2 0.05390625 0.5609375 0.02578125 0.01640625
2 0.08046875 0.55703125 0.0234375 0.015625
2 0.1265625 0.525 0.0234375 0.01953125
2 0.128125 0.5546875 0.02578125 0.01953125
2 0.1296875 0.58515625 0.02421875 0.02578125
2 0.27734375 0.51328125 0.0203125 0.01875
2 0.29921875 0.534375 0.025 0.02109375
2 0.43671875 0.5015625 0.02421875 0.0203125
2 0.46328125 0.52890625 0.02421875 0.0203125
2 0.4953125 0.3703125 0.0234375 0.0203125
2 0.59140625 0.51171875 0.02578125 0.02109375
2 0.6375 0.53125 0.02421875 0.021875
2 0.77421875 0.253125 0.02578125 0.01953125
2 0.765625 0.16875 0.0234375 0.01953125
2 0.89453125 0.33671875 0.0265625 0.02109375
2 0.978125 0.33203125 0.021875 0.01640625
6 0.06484375 0.33671875 0.028125 0.06328125
0 0.03125 0.51953125 0.01875 0.01484375
0 0.05625 0.5796875 0.01796875 0.01796875
0 0.09921875 0.440625 0.01875 0.0140625
0 0.19140625 0.37890625 0.01796875 0.01484375
0 0.23828125 0.55625 0.01640625 0.01484375
3 0.8953125 0.41015625 0.02578125 0.02109375