2 0.34375 0.4125 0.015625 0.0296875
2 0.31015625 0.11796875 0.015625 0.02421875
2 0.36171875 0.1765625 0.0140625 0.02421875
2 0.371875 0.24296875 0.01328125 0.02421875
2 0.34453125 0.30625 0.01640625 0.02890625
2 0.41171875 0.32265625 0.0140625 0.02578125
2 0.4625 0.3640625 0.0140625 0.02421875
2 0.3765625 0.20859375 0.0140625 0.02890625
2 0.378125 0.159375 0.015625 0.025
2 0.346875 0.19765625 0.01015625 0.02421875
2 0.359375 0.19921875 0.0140625 0.02421875
2 0.340625 0.14140625 0.01484375 0.02578125
2 0.3359375 0.1515625 0.0140625 0.02421875
2 0.33046875 0.16640625 0.01484375 0.0296875
2 0.3890625 0.2609375 0.0140625 0.02421875
2 0.39921875 0.246875 0.0140625 0.025
2 0.33828125 0.10625 0.01484375 0.0265625
2 0.31796875 0.096875 0.01484375 0.02421875
2 0.29375 0.04453125 0.01640625 0.0265625
2 0.2828125 0.05 0.01171875 0.025
2 0.2859375 0.08828125 0.01328125 0.02421875
2 0.303125 0.0734375 0.0109375 0.01796875
2 0.27109375 0.05859375 0.01484375 0.028125
2 0.41953125 0.2953125 0.015625 0.028125
2 0.24296875 0.04609375 0.01484375 0.02890625
2 0.46640625 0.4953125 0.015625 0.02421875
2 0.5921875 0.51875 0.0140625 0.028125
2 0.1921875 0.83046875 0.0140625 0.025
2 0.38984375 0.5171875 0.01640625 0.03125
2 0.396875 0.53046875 0.01484375 0.02890625
2 0.3859375 0.5578125 0.01484375 0.01640625
2 0.3671875 0.57109375 0.01171875 0.01640625
2 0.359375 0.5421875 0.01484375 0.0234375
2 0.35078125 0.59609375 0.01484375 0.01953125
2 0.340625 0.62421875 0.0140625 0.01953125
2 0.3953125 0.53046875 0.01640625 0.02109375
2 0.32578125 0.6546875 0.01484375 0.02421875
2 0.30859375 0.684375 0.01796875 0.02421875
2 0.62890625 0.7859375 0.01171875 0.0234375
2 0.3078125 0.8890625 0.015625 0.0234375
2 0.25546875 0.890625 0.01484375 0.0234375
2 0.034375 0.97578125 0.0234375 0.03359375
2 0.16328125 0.70078125 0.01953125 0.0296875
2 0.25546875 0.85703125 0.0203125 0.0265625
2 0.1390625 0.96640625 0.01796875 0.028125
2 0.0734375 0.80625 0.01796875 0.028125
2 0.559375 0.734375 0.01171875 0.02109375
2 0.2265625 0.70703125 0.01875 0.03359375
2 0.24765625 0.5140625 0.015625 0.01796875
2 0.59296875 0.48046875 0.01484375 0.01875
2 0.50703125 0.72265625 0.015625 0.0234375
2 0.61953125 0.35859375 0.0203125 0.0296875
2 0.60390625 0.35078125 0.0203125 0.0234375
2 0.73125 0.08046875 0.01796875 0.0265625
2 0.79453125 0.03046875 0.0140625 0.02578125
2 0.6640625 0.27890625 0.01953125 0.040625
2 0.36953125 0.7515625 0.01328125 0.02890625
2 0.69453125 0.11875 0.015625 0.02890625
2 0.453125 0.13828125 0.01640625 0.028125
2 0.4296875 0.6015625 0.01640625 0.03359375
2 0.596875 0.71015625 0.01640625 0.028125
2 0.59375 0.73125 0.01796875 0.028125
2 0.61171875 0.734375 0.01640625 0.0234375
2 0.60859375 0.75703125 0.01796875 0.021875
2 0.67421875 0.76640625 0.01796875 0.02578125
2 0.6265625 0.75625 0.01796875 0.021875
2 0.51796875 0.76953125 0.01796875 0.028125
2 0.6828125 0.88125 0.01640625 0.0265625
4 0.21796875 0.83671875 0.009375 0.01640625
4 0.434375 0.34375 0.00703125 0.01171875
4 0.45703125 0.428125 0.01015625 0.01484375
4 0.2140625 0.8953125 0.009375 0.0140625
4 0.37890625 0.540625 0.01796875 0.025
4 0.38046875 0.5359375 0.00703125 0.009375
4 0.37578125 0.54375 0.00859375 0.01171875
4 0.40703125 0.51328125 0.00703125 0.0109375
4 0.703125 0.25703125 0.00859375 0.0140625
4 0.3515625 0.84296875 0.00859375 0.0140625
4 0.4609375 0.75703125 0.00546875 0.01171875
4 0.30859375 0.98125 0.01171875 0.01875
4 0.60859375 0.77890625 0.00859375 0.0140625
4 0.5953125 0.75390625 0.00703125 0.01328125
4 0.81953125 0.85859375 0.00859375 0.01484375
4 0.59453125 0.7734375 0.00859375 0.0109375
4 0.5984375 0.78125 0.00859375 0.01484375
4 0.57734375 0.70078125 0.01015625 0.01171875
4 0.575 0.71796875 0.00859375 0.01171875
4 0.571875 0.66328125 0.00859375 0.01640625
4 0.5984375 0.7578125 0.00859375 0.01796875
4 0.58671875 0.7359375 0.00703125 0.01328125
4 0.44453125 0.78828125 0.00546875 0.009375
4 0.73359375 0.015625 0.01171875 0.0140625
4 0.4453125 0.32421875 0.01484375 0.0234375
4 0.484375 0.08046875 0.00703125 0.01484375
4 0.5921875 0.24453125 0.01484375 0.0203125
4 0.665625 0.140625 0.009375 0.01953125
4 0.31171875 0.21953125 0.009375 0.01796875
4 0.440625 0.321875 0.009375 0.01953125
4 0.453125 0.34453125 0.00859375 0.01484375
4 0.440625 0.1765625 0.00625 0.0140625
4 0.3609375 0.20625 0.01171875 0.01171875
4 0.34921875 0.184375 0.01015625 0.01328125
4 0.47109375 0.38125 0.0140625 0.0265625
4 0.39921875 0.2625 0.00703125 0.02421875
4 0.434375 0.3140625 0.00703125 0.01015625
4 0.38359375 0.24140625 0.009375 0.015625
4 0.31875 0.2484375 0.00703125 0.01015625
4 0.428125 0.35625 0.00625 0.0109375
4 0.45546875 0.428125 0.01015625 0.01953125
4 0.41328125 0.2765625 0.00703125 0.0109375
4 0.44375 0.45234375 0.01171875 0.0203125
4 0.43671875 0.29609375 0.0109375 0.0109375
0 0.421875 0.31328125 0.0140625 0.028125
0 0.2734375 0.18046875 0.01484375 0.025
0 0.29921875 0.2421875 0.0140625 0.0234375
0 0.24921875 0.09375 0.01484375 0.03203125
0 0.33125 0.2953125 0.02109375 0.0296875
0 0.55703125 0.31875 0.01171875 0.01953125
0 0.940625 0.05625 0.015625 0.01796875
0 0.6734375 0.70703125 0.0140625 0.02109375
0 0.45546875 0.7890625 0.01171875 0.0203125
0 0.4546875 0.7890625 0.0140625 0.025
0 0.38828125 0.28359375 0.00625 0.01328125
0 0.36484375 0.23046875 0.009375 0.02109375
0 0.38671875 0.2296875 0.00859375 0.015625
0 0.546875 0.10390625 0.00703125 0.0203125
0 0.378125 0.50703125 0.00546875 0.01796875
0 0.36796875 0.525 0.01015625 0.01015625
0 0.36328125 0.55234375 0.01015625 0.01484375
0 0.37578125 0.578125 0.01171875 0.0140625
0 0.34765625 0.56953125 0.01171875 0.01796875
2 0.62421875 0.828125 0.01953125 0.03203125
2 0.36875 0.6625 0.01171875 0.01875
2 0.34296875 0.596875 0.01171875 0.0234375
2 0.44765625 0.390625 0.01640625 0.0265625
2 0.46875 0.42578125 0.01484375 0.01640625
2 0.340625 0.40234375 0.01640625 0.01953125
2 0.47421875 0.40390625 0.01484375 0.02890625
6 0.35625 0.12890625 0.021875 0.040625
6 0.41171875 0.1515625 0.02109375 0.0359375
6 0.0609375 0.88671875 0.02109375 0.02421875
4 0.3484375 0.675 0.00703125 0.0234375
4 0.3953125 0.590625 0.01328125 0.015625
4 0.2515625 0.715625 0.009375 0.0296875
4 0.16875 0.9765625 0.01015625 0.0109375
4 0.44296875 0.53203125 0.01328125 0.03203125
4 0.46953125 0.66015625 0.01015625 0.01328125
4 0.78046875 0.125 0.01171875 0.01015625
4 0.74609375 0.01171875 0.00703125 0.021875
4 0.84296875 0.01875 0.00859375 0.02421875
4 0.903125 0.13125 0.01015625 0.01875
4 0.5390625 0.7265625 0.00703125 0.01953125
4 0.59921875 0.61484375 0.00859375 0.01484375
4 0.615625 0.63125 0.00859375 0.01484375
4 0.5359375 0.74609375 0.009375 0.0109375
4 0.83046875 0.875 0.00625 0.01796875
4 0.728125 0.68359375 0.01875 0.01953125
4 0.73828125 0.6640625 0.01171875 0.01875
2 0.3109375 0.65390625 0.01796875 0.02890625
2 0.278125 0.51484375 0.01171875 0.03359375